NODE	1	2	3	4	5	6	7	8	9	10	11	12	13	14	15	16	17	18	19	20	21	22	23	24	25	26	27	28	29	30	31	32	33	34	35	36	37	38	39	40	41	42	43	44	45	46	47	48	49	50	51	52	53	54	55	56	57	58	59	60	61	62	63	64	65	66	67	68	69	70	
N1	0.123293	0.121246	0.11714	0.110889	0.102476	0.0920737	0.0801092	0.0672397	0.0542611	0.0419717	0.0310359	0.0218865	0.0146884	0.00936334	0.00565993	0.00324078	0.00175551	0.000898714	0.000434243	0.000197877	8.49826e-05	3.43817e-05	1.3093e-05	4.6914e-06	1.58128e-06	5.01292e-07	1.49393e-07	4.18477e-08	1.10177e-08	2.72657e-09	6.34008e-10	1.38527e-10	2.84425e-11	5.48867e-12	9.9526e-13	1.5579e-16	6.23476e-17	2.41932e-17	9.10187e-18	3.32021e-18	1.17447e-18	4.02929e-19	1.34062e-19	4.32635e-20	1.35433e-20	4.11334e-21	1.21206e-21	3.4655e-22	9.61563e-23	2.58966e-23	6.76966e-24	1.71793e-24	4.23275e-25	1.01276e-25	2.35326e-26	5.31097e-27	1.16435e-27	2.48026e-28	5.13367e-29	1.03263e-29	2.0189e-30	3.83746e-31	7.09194e-32	1.27464e-32	2.22906e-33	3.79798e-34	6.33283e-35	1.05185e-35	1.87894e-36	5.08973e-37	
N2	0.0418921	0.0460219	0.0510472	0.0568588	0.0626722	0.0681133	0.0721947	0.0746863	0.0748103	0.0728243	0.0684112	0.0623723	0.0547824	0.0466906	0.0382811	0.0304927	0.0233509	0.0174075	0.0124622	0.00871564	0.00585335	0.00386174	0.00244538	0.00153325	0.000923242	0.000555624	0.000320667	0.00018684	0.00010428	5.91708e-05	3.19873e-05	1.76671e-05	9.26756e-06	4.96335e-06	2.50893e-06	1.29492e-06	6.3106e-07	3.12557e-07	1.45741e-07	6.90232e-08	3.09268e-08	1.39889e-08	5.97997e-09	2.57929e-09	1.05875e-09	4.35279e-10	1.70053e-10	6.65121e-11	2.48916e-11	9.2476e-12	3.27547e-12	1.15119e-12	3.87748e-13	1.28324e-13	4.03903e-14	1.24699e-14	3.66486e-15	1.05667e-15	2.90618e-16	7.86048e-17	2.03544e-17	5.22384e-18	1.29833e-18	3.25886e-19	8.13194e-20	2.1257e-20	5.79573e-21	1.74871e-21	6.08685e-22	3.15026e-22	
N3	0.00176771	0.00225865	0.00322682	0.00487383	0.00742055	0.0111496	0.0162366	0.0228585	0.0308846	0.0401803	0.0501146	0.0601941	0.069307	0.0767938	0.0814267	0.0829513	0.080697	0.0752747	0.066899	0.0569332	0.0461123	0.0357568	0.0263663	0.0186183	0.0125018	0.00804723	0.00492503	0.00289303	0.00161651	0.000868567	0.000444018	0.000218718	0.000102575	4.64726e-05	2.00514e-05	8.37975e-06	3.33724e-06	1.29092e-06	4.75855e-07	1.70817e-07	5.84482e-08	1.95206e-08	6.21088e-09	1.93256e-09	5.72789e-10	1.66255e-10	4.59246e-11	1.2438e-11	3.20552e-12	8.1054e-13	1.94893e-13	4.6019e-14	1.03384e-14	2.28219e-15	4.7941e-16	9.90996e-17	1.95348e-17	3.79981e-18	7.07618e-19	1.30552e-19	2.32063e-20	4.10997e-21	7.0732e-22	1.21929e-22	2.05974e-23	3.49414e-24	5.84784e-25	9.91987e-26	1.80081e-26	5.19999e-27	
Dulichium_arundinaceum	0	0	0	0	0	0	0	0	0	0	0	0	0	0	0	1	0	0	0	0	0	0	0	0	0	0	0	0	0	0	0	0	0	0	0	0	0	0	0	0	0	0	0	0	0	0	0	0	0	0	0	0	0	0	0	0	0	0	0	0	0	0	0	0	0	0	0	0	0	0	
N4	1.91361e-05	2.81365e-05	5.10226e-05	0.000103485	0.000217879	0.000458821	0.000940509	0.00185935	0.00351066	0.00634522	0.0109488	0.0180986	0.0284746	0.0425442	0.0597066	0.0784756	0.0956472	0.108108	0.112444	0.107986	0.0951411	0.0773461	0.0576093	0.0396365	0.0249863	0.014594	0.00781261	0.00389316	0.00178025	0.000763285	0.000300669	0.000112156	3.85042e-05	1.26804e-05	3.84533e-06	1.135e-06	3.08244e-07	8.25799e-08	2.02648e-08	4.955e-09	1.10347e-09	2.46098e-10	4.96443e-11	1.00565e-11	1.83598e-12	3.36692e-13	5.55058e-14	9.2017e-15	1.3733e-15	2.05988e-16	2.7846e-17	3.78629e-18	4.65878e-19	5.75546e-20	6.44557e-21	7.24381e-22	7.40669e-23	7.59769e-24	7.1247e-25	6.70499e-26	5.80134e-27	5.05419e-28	4.09838e-29	3.38088e-30	2.65721e-31	2.16686e-32	1.74369e-33	1.47712e-34	1.29835e-35	1.78895e-36	
Blysmus_compressus	0	0	0	0	0	0	0	0	0	0	0	0	0	0	0	0	0	0	0	0	0	1	0	0	0	0	0	0	0	0	0	0	0	0	0	0	0	0	0	0	0	0	0	0	0	0	0	0	0	0	0	0	0	0	0	0	0	0	0	0	0	0	0	0	0	0	0	0	0	0	
Blysmus_rufus	0	0	0	0	0	0	0	0	0	0	0	0	0	0	0	0	0	0	0	1	0	0	0	0	0	0	0	0	0	0	0	0	0	0	0	0	0	0	0	0	0	0	0	0	0	0	0	0	0	0	0	0	0	0	0	0	0	0	0	0	0	0	0	0	0	0	0	0	0	0	
N5	0.0196833	0.0223329	0.0262836	0.0317009	0.0383648	0.0461512	0.0543475	0.0624755	0.0694078	0.074646	0.0771312	0.0769101	0.0734918	0.0677031	0.0596766	0.0507419	0.0412527	0.0323876	0.024281	0.0176147	0.0121946	0.00819861	0.0052537	0.00328709	0.00195906	0.00114853	0.000640051	0.000354324	0.000186111	9.81377e-05	4.88386e-05	2.46764e-05	1.17114e-05	5.68677e-06	2.56969e-06	1.19649e-06	5.16022e-07	2.29503e-07	9.3752e-08	3.96091e-08	1.53821e-08	6.15045e-09	2.24997e-09	8.48271e-10	2.94554e-10	1.04539e-10	3.4089e-11	1.13628e-11	3.51566e-12	1.09928e-12	3.18059e-13	9.2949e-14	2.53869e-14	6.89896e-15	1.73681e-15	4.33553e-16	1.00519e-16	2.30741e-17	4.93526e-18	1.04535e-18	2.06683e-19	4.06245e-20	7.51365e-21	1.40079e-21	2.51293e-22	4.71768e-23	9.03956e-24	1.94297e-24	4.89605e-25	2.06056e-25	
N6	0.0109315	0.0124733	0.0148287	0.0181309	0.0223385	0.0275034	0.0333982	0.0399185	0.0465787	0.053123	0.0588743	0.0635912	0.066616	0.067939	0.0671286	0.0645609	0.0601081	0.054441	0.0476488	0.0405456	0.0332935	0.0265891	0.0204621	0.0153368	0.0110718	0.00781061	0.00530518	0.00353964	0.0022752	0.00144741	0.000887102	0.000543076	0.000320263	0.000190432	0.000108767	6.31316e-05	3.50545e-05	1.98654e-05	1.06971e-05	5.89059e-06	3.06688e-06	1.63191e-06	8.16789e-07	4.17762e-07	2.0073e-07	9.83988e-08	4.52371e-08	2.12153e-08	9.34916e-09	4.19327e-09	1.76722e-09	7.5754e-10	3.06075e-10	1.25291e-10	4.83123e-11	1.88353e-11	6.93077e-12	2.57529e-12	9.06023e-13	3.2188e-13	1.08785e-13	3.72736e-14	1.22886e-14	4.15315e-15	1.38051e-15	4.81126e-16	1.72059e-16	6.83643e-17	3.23275e-17	2.29454e-17	
N7	0.000203228	0.000247485	0.000332501	0.000482557	0.000734819	0.0011531	0.00182187	0.00286864	0.00442802	0.00665248	0.00958874	0.013246	0.0174737	0.0222929	0.0277282	0.0342435	0.0420287	0.051377	0.0614983	0.0716369	0.0797943	0.0849941	0.0854674	0.0816651	0.0733457	0.062563	0.0500742	0.0381333	0.0272451	0.0185858	0.0118926	0.0072993	0.00420456	0.00233613	0.00121776	0.000615997	0.000292306	0.000135338	5.86741e-05	2.49351e-05	9.90794e-06	3.86965e-06	1.40885e-06	5.0522e-07	1.68673e-07	5.54868e-08	1.69569e-08	5.11081e-09	1.43165e-09	3.95293e-10	1.01356e-10	2.56329e-11	6.03047e-12	1.39758e-12	3.01158e-13	6.39503e-14	1.26516e-14	2.47033e-15	4.51036e-16	8.15325e-17	1.38684e-17	2.35133e-18	3.79709e-19	6.17961e-20	9.75352e-21	1.57057e-21	2.50107e-22	4.11864e-23	7.28297e-24	2.06423e-24	
Scirpus_pendulus	0	0	0	0	0	0	0	0	0	0	0	0	0	0	0	0	0	0	0	1	0	0	0	0	0	0	0	0	0	0	0	0	0	0	0	0	0	0	0	0	0	0	0	0	0	0	0	0	0	0	0	0	0	0	0	0	0	0	0	0	0	0	0	0	0	0	0	0	0	0	
N8	3.10364e-07	3.65651e-07	4.64076e-07	6.27623e-07	8.87999e-07	1.30677e-06	1.96753e-06	2.93677e-06	4.56539e-06	8.69831e-06	2.17974e-05	6.17855e-05	0.000157831	0.00031663	0.000466025	0.000497051	0.000398817	0.000293265	0.000353037	0.000883918	0.00265484	0.00741821	0.0181496	0.0384911	0.0697886	0.108475	0.142794	0.160494	0.151988	0.123065	0.0837871	0.0491348	0.0242747	0.010481	0.00382867	0.00124745	0.000345644	8.74065e-05	1.88398e-05	3.7825e-06	6.46786e-07	1.04533e-07	1.43449e-08	1.87913e-09	2.08805e-10	2.22995e-11	2.02216e-12	1.77353e-13	1.32651e-14	9.64382e-16	6.00943e-17	3.65868e-18	1.9224e-19	9.90114e-21	4.42736e-22	1.94676e-23	7.48203e-25	2.8352e-26	9.46271e-28	3.1216e-29	9.14654e-31	2.66097e-32	6.97851e-34	1.83698e-35	4.47578e-37	1.11729e-38	2.6878e-40	6.72927e-42	1.70027e-43	5.83159e-45	
N9	2.89424e-10	3.44352e-10	4.43587e-10	6.09134e-10	8.78976e-10	1.33856e-09	2.13934e-09	3.5608e-09	7.12196e-09	2.14917e-08	9.45323e-08	4.46612e-07	1.69696e-06	4.39136e-06	7.15903e-06	7.37342e-06	5.61245e-06	5.34553e-06	1.13809e-05	4.59749e-05	0.000226673	0.00104472	0.00408699	0.0131703	0.0345206	0.0731712	0.124767	0.170849	0.18732	0.164648	0.115757	0.0654519	0.0296901	0.0109491	0.00325663	0.000806293	0.000161687	2.84948e-05	4.03186e-06	5.65034e-07	6.02897e-08	7.71442e-09	6.54803e-10	7.83552e-11	5.2654e-12	5.37232e-13	2.79985e-14	2.27681e-15	9.18039e-17	5.84333e-18	1.84201e-19	9.21637e-21	2.30416e-22	9.15676e-24	1.84484e-25	5.89253e-27	9.71924e-29	2.52207e-30	3.46462e-32	7.38299e-34	8.58984e-36	1.51617e-37	1.52267e-39	2.24801e-41	1.98649e-43	2.48841e-45	2.06067e-47	2.48976e-49	2.77701e-51	5.39826e-53	
N10	1.24082e-12	1.54752e-12	2.21047e-12	3.63284e-12	6.91193e-12	1.52603e-11	3.80008e-11	1.01677e-10	2.94737e-10	1.0019e-09	3.93914e-09	1.56412e-08	5.42705e-08	1.51494e-07	3.3464e-07	5.9864e-07	8.981e-07	1.24042e-06	2.10855e-06	6.53848e-06	3.23095e-05	0.000172351	0.00082592	0.00334036	0.0111293	0.0301927	0.066226	0.116925	0.165651	0.187942	0.170553	0.12381	0.0719751	0.0335842	0.0126142	0.00383326	0.000948096	0.000193597	3.31464e-05	5.10348e-06	7.41496e-07	1.30611e-07	2.30455e-08	5.26726e-09	9.06887e-10	1.8601e-10	2.60417e-11	4.31552e-12	4.81193e-13	6.36868e-14	5.67868e-15	6.01982e-16	4.32209e-17	3.69679e-18	2.15375e-19	1.49965e-20	7.14637e-22	4.09197e-23	1.60871e-24	7.65375e-26	2.50606e-27	1.00185e-28	2.76512e-30	9.40829e-32	2.23454e-33	6.64719e-35	1.46356e-36	4.27947e-38	1.16465e-39	5.76258e-41	
N11	7.62873e-15	1.19914e-14	2.40492e-14	5.51092e-14	1.36095e-13	3.55713e-13	9.75195e-13	2.78466e-12	8.76925e-12	3.38383e-11	1.58052e-10	7.88294e-10	3.66513e-09	1.42886e-08	4.31216e-08	9.56248e-08	1.54996e-07	2.00887e-07	2.81071e-07	7.22691e-07	3.75138e-06	2.50696e-05	0.000159056	0.000856466	0.00376114	0.0132375	0.0369564	0.081269	0.140017	0.188255	0.196973	0.160228	0.101386	0.0500096	0.0192924	0.00584984	0.00140292	0.000268367	4.13513e-05	5.23383e-06	5.57669e-07	5.46107e-08	5.20373e-09	6.20305e-10	7.17083e-11	1.06742e-11	1.15664e-12	1.55172e-13	1.37008e-14	1.51903e-15	1.07824e-16	9.72396e-18	5.57483e-19	4.08692e-20	1.90654e-21	1.14168e-22	4.36788e-24	2.15298e-25	6.80952e-27	2.78648e-28	7.34469e-30	2.51833e-31	5.58116e-33	1.61958e-34	3.05956e-36	7.6672e-38	1.30916e-39	3.14094e-41	6.47175e-43	2.51446e-44	
Scirpus_expansus	0	0	0	0	0	0	0	0	0	0	0	0	0	0	0	0	0	0	0	0	0	0	0	0	0	0	0	0	0	0	0	1	0	0	0	0	0	0	0	0	0	0	0	0	0	0	0	0	0	0	0	0	0	0	0	0	0	0	0	0	0	0	0	0	0	0	0	0	0	0	
N12	9.80401e-17	2.01061e-16	5.18707e-16	1.41051e-15	3.90435e-15	1.1074e-14	3.22881e-14	9.57503e-14	3.121e-13	1.34017e-12	7.76482e-12	5.2587e-11	3.49059e-10	1.93477e-09	7.69403e-09	1.94569e-08	3.03028e-08	3.18367e-08	2.85231e-08	3.59509e-08	1.15727e-07	8.79661e-07	8.76422e-06	7.96536e-05	0.000586083	0.00334604	0.0144795	0.0466583	0.110239	0.188465	0.230761	0.2013	0.125146	0.0557825	0.0180104	0.00426935	0.000754371	0.000100962	1.04001e-05	8.39523e-07	5.41753e-08	2.898e-09	1.34683e-10	6.25889e-12	3.04109e-13	1.8799e-14	1.04905e-15	6.90755e-17	3.36507e-18	1.9145e-19	7.62636e-21	3.59737e-22	1.16915e-23	4.53141e-25	1.20746e-26	3.84496e-28	8.45129e-30	2.22188e-31	4.05481e-33	8.86394e-35	1.35199e-36	2.47876e-38	3.18365e-40	4.94731e-42	5.42726e-44	7.33209e-46	7.33059e-48	9.58286e-50	1.11186e-51	2.08471e-53	
Scirpus_sylvaticus	0	0	0	0	0	0	0	0	0	0	0	0	0	0	0	0	0	0	0	0	0	0	0	0	0	0	0	0	0	0	1	0	0	0	0	0	0	0	0	0	0	0	0	0	0	0	0	0	0	0	0	0	0	0	0	0	0	0	0	0	0	0	0	0	0	0	0	0	0	0	
Scirpus_microcarpus	0	0	0	0	0	0	0	0	0	0	0	0	0	0	0	0	0	0	0	0	0	0	0	0	0	0	0	0	0	0	0	1	0	0	0	0	0	0	0	0	0	0	0	0	0	0	0	0	0	0	0	0	0	0	0	0	0	0	0	0	0	0	0	0	0	0	0	0	0	0	
Scirpus_maximowiczii	0	0	0	0	0	0	0	0	0	0	0	0	0	0	0	0	0	0	0	0	0	0	0	0	0	0	0	0	0	0	0	1	0	0	0	0	0	0	0	0	0	0	0	0	0	0	0	0	0	0	0	0	0	0	0	0	0	0	0	0	0	0	0	0	0	0	0	0	0	0	
N13	1.65056e-12	1.99276e-12	2.65388e-12	3.8881e-12	6.33266e-12	1.18949e-11	2.69237e-11	7.84424e-11	3.09575e-10	1.53195e-09	7.84848e-09	3.45202e-08	1.14186e-07	2.63965e-07	4.24922e-07	5.33101e-07	6.94195e-07	1.342e-06	4.49014e-06	2.23091e-05	0.000123748	0.000631352	0.00272206	0.00960382	0.0273563	0.0624824	0.113919	0.165354	0.190762	0.174808	0.127233	0.0736516	0.0339799	0.0125373	0.00371313	0.000887985	0.000172575	2.75934e-05	3.67449e-06	4.27419e-07	4.48392e-08	5.44764e-09	6.58892e-10	1.29584e-10	1.67595e-11	3.57087e-12	3.77978e-13	6.96406e-14	5.80456e-15	8.83099e-16	5.82856e-17	7.23121e-18	3.81606e-19	3.85295e-20	1.6421e-21	1.35282e-22	4.70175e-24	3.17681e-25	9.09529e-27	5.07073e-28	1.20892e-29	5.5973e-31	1.12621e-32	4.3589e-34	7.53632e-36	2.45911e-37	3.82535e-39	1.12857e-40	2.30677e-42	1.24532e-43	
N14	3.68529e-14	6.60902e-14	1.50158e-13	3.72693e-13	9.71892e-13	2.66843e-12	7.76455e-12	2.42112e-11	8.31087e-11	3.2105e-10	1.36597e-09	6.0194e-09	2.52999e-08	9.28995e-08	2.77314e-07	6.54445e-07	1.28224e-06	2.41249e-06	5.16125e-06	1.37614e-05	4.7704e-05	0.000199388	0.000843076	0.00318797	0.0102173	0.0271676	0.0593292	0.105818	0.153575	0.180921	0.172725	0.133602	0.0837879	0.042686	0.0177097	0.00600822	0.001675	0.000386993	7.47702e-05	1.24223e-05	1.82434e-06	2.67954e-07	4.0191e-08	7.592e-09	1.32773e-09	2.71332e-10	4.27911e-11	7.50979e-12	9.79112e-13	1.41157e-13	1.50994e-14	1.78214e-15	1.56955e-16	1.52364e-17	1.11089e-18	8.93167e-20	5.42382e-21	3.64291e-22	1.85483e-23	1.0502e-24	4.51636e-26	2.17779e-27	7.98565e-29	3.32206e-30	1.05872e-31	3.91838e-33	1.16648e-34	4.29261e-36	1.50441e-37	9.17743e-39	
Scirpus_polystachyus	0	0	0	0	0	0	0	0	0	0	0	0	0	0	0	0	0	0	0	0	0	0	0	0	0	0	0	0	0	1	0	0	0	0	0	0	0	0	0	0	0	0	0	0	0	0	0	0	0	0	0	0	0	0	0	0	0	0	0	0	0	0	0	0	0	0	0	0	0	0	
Scirpus_cyperinus	0	0	0	0	0	0	0	0	0	0	0	0	0	0	0	0	0	0	0	0	0	0	0	0	0	0	0	0	0	0	0	0	1	0	0	0	0	0	0	0	0	0	0	0	0	0	0	0	0	0	0	0	0	0	0	0	0	0	0	0	0	0	0	0	0	0	0	0	0	0	
N15	1.21593e-14	1.94159e-14	4.07635e-14	1.01448e-13	2.82485e-13	8.60887e-13	2.83572e-12	1.02223e-11	4.16909e-11	1.84553e-10	7.93471e-10	3.00561e-09	9.51537e-09	2.49e-08	5.50298e-08	1.10786e-07	2.4694e-07	8.17862e-07	4.27399e-06	2.65785e-05	0.000155572	0.000779911	0.00323801	0.0109771	0.0301419	0.066661	0.118206	0.167555	0.189481	0.170805	0.122735	0.0704033	0.0323189	0.011915	0.00354218	0.000853547	0.000167689	2.70603e-05	3.61652e-06	4.06753e-07	3.92899e-08	3.49683e-09	3.03999e-10	3.20544e-11	3.49094e-12	4.78438e-13	5.23742e-14	6.7004e-15	6.22127e-16	6.72339e-17	5.17117e-18	4.63578e-19	2.95212e-20	2.1897e-21	1.15818e-22	7.12774e-24	3.1448e-25	1.61536e-26	5.97566e-28	2.5804e-29	8.04924e-31	2.94691e-32	7.80785e-34	2.4491e-35	5.59249e-37	1.54137e-38	3.2333e-40	8.70498e-42	2.14221e-43	9.23742e-45	
N16	4.39503e-16	8.82031e-16	2.15479e-15	5.51166e-15	1.46465e-14	4.1577e-14	1.29543e-13	4.66326e-13	2.23453e-12	1.47665e-11	1.15447e-10	8.73713e-10	5.3277e-09	2.22429e-08	5.6658e-08	8.69477e-08	9.2445e-08	1.0035e-07	2.14862e-07	1.16955e-06	9.96929e-06	8.35093e-05	0.000580147	0.00317309	0.0133428	0.0424138	0.100446	0.17509	0.222602	0.205398	0.137528	0.0671686	0.0241517	0.00647167	0.00130968	0.000203061	2.44663e-05	2.32606e-06	1.7703e-07	1.1035e-08	5.761e-10	2.71898e-11	1.21324e-12	6.34374e-14	3.29134e-15	2.09033e-16	1.05419e-17	6.04516e-19	2.53836e-20	1.20196e-21	4.1253e-23	1.59943e-24	4.50942e-26	1.43831e-27	3.35599e-29	8.87129e-31	1.72585e-32	3.8141e-34	6.23264e-36	1.16186e-37	1.6067e-39	2.55079e-41	3.01131e-43	4.11917e-45	4.2234e-47	5.1214e-49	4.88751e-51	5.85498e-53	6.49914e-55	1.11861e-56	
Eriophorum_virginicum	0	0	0	0	0	0	0	0	0	0	0	0	0	0	0	0	0	0	0	0	0	0	0	0	0	0	0	0	1	0	0	0	0	0	0	0	0	0	0	0	0	0	0	0	0	0	0	0	0	0	0	0	0	0	0	0	0	0	0	0	0	0	0	0	0	0	0	0	0	0	
Eriophorum_gracile	0	0	0	0	0	0	0	0	0	0	0	0	0	0	0	0	0	0	0	0	0	0	0	0	0	0	0	0	0	1	0	0	0	0	0	0	0	0	0	0	0	0	0	0	0	0	0	0	0	0	0	0	0	0	0	0	0	0	0	0	0	0	0	0	0	0	0	0	0	0	
Eriophorum_angustifolium_subsp_angustifolium	0	0	0	0	0	0	0	0	0	0	0	0	0	0	0	0	0	0	0	0	0	0	0	0	0	0	0	0	1	0	0	0	0	0	0	0	0	0	0	0	0	0	0	0	0	0	0	0	0	0	0	0	0	0	0	0	0	0	0	0	0	0	0	0	0	0	0	0	0	0	
Scirpus_radicans	0	0	0	0	0	0	0	0	0	0	0	0	0	0	0	0	0	0	0	0	0	0	0	0	0	0	0	1	0	0	0	0	0	0	0	0	0	0	0	0	0	0	0	0	0	0	0	0	0	0	0	0	0	0	0	0	0	0	0	0	0	0	0	0	0	0	0	0	0	0	
Scirpus_divaricatus	0	0	0	0	0	0	0	0	0	0	0	0	0	1	0	0	0	0	0	0	0	0	0	0	0	0	0	0	0	0	0	0	0	0	0	0	0	0	0	0	0	0	0	0	0	0	0	0	0	0	0	0	0	0	0	0	0	0	0	0	0	0	0	0	0	0	0	0	0	0	
N17	0.0177621	0.0201563	0.0237568	0.0287618	0.0350479	0.0425629	0.05073	0.0590996	0.0666313	0.0727264	0.0763195	0.0772418	0.074954	0.0700719	0.0627205	0.0541239	0.044693	0.0356313	0.0271474	0.0200213	0.0140938	0.00965066	0.00629089	0.0040218	0.00243839	0.00147004	0.000833378	0.000480586	0.000257087	0.000144763	7.36014e-05	4.13866e-05	2.026e-05	1.16011e-05	5.46994e-06	3.2078e-06	1.47802e-06	8.80521e-07	3.91364e-07	2.32656e-07	1.02049e-07	5.93547e-08	2.50563e-08	1.4052e-08	5.91116e-09	3.15799e-09	1.27422e-09	6.45573e-10	2.61594e-10	1.2511e-10	4.83103e-11	2.18244e-11	8.48176e-12	3.60737e-12	1.30992e-12	5.14473e-13	1.76817e-13	6.47329e-14	2.11731e-14	7.27729e-15	2.24353e-15	7.195e-16	2.09963e-16	6.36704e-17	1.76262e-17	5.16384e-18	1.48003e-18	5.24845e-19	2.47406e-19	2.09631e-19	
N18	0.0151693	0.017459	0.0210289	0.0260257	0.0322996	0.0397476	0.0478238	0.0560864	0.0636281	0.0698847	0.0739607	0.0756206	0.0744154	0.0707113	0.0646299	0.0570483	0.0484138	0.0396756	0.0312213	0.0237283	0.0173025	0.012203	0.00825064	0.00541028	0.00340045	0.00208382	0.00122348	0.000706186	0.000390482	0.000214918	0.000113132	6.02561e-05	3.05854e-05	1.59966e-05	7.90334e-06	4.09024e-06	1.97559e-06	1.01046e-06	4.75054e-07	2.38109e-07	1.08463e-07	5.27841e-08	2.31268e-08	1.08474e-08	4.56815e-09	2.05661e-09	8.29543e-10	3.5778e-10	1.38782e-10	5.73175e-11	2.13317e-11	8.43663e-12	3.02891e-12	1.14609e-12	3.94477e-13	1.42316e-13	4.69428e-14	1.61392e-14	5.10471e-15	1.67371e-15	5.06715e-16	1.58512e-16	4.62208e-17	1.40044e-17	4.04626e-18	1.25366e-18	3.97145e-19	1.46666e-19	6.59537e-20	4.7263e-20	
N19	1.70385e-06	2.53142e-06	4.78288e-06	1.06632e-05	2.59927e-05	6.53315e-05	0.000160975	0.000378769	0.000831781	0.00170274	0.00325377	0.0059065	0.0102585	0.0172126	0.0276189	0.0421834	0.0602694	0.0803338	0.0985621	0.111706	0.115713	0.110364	0.0958656	0.0766547	0.0557551	0.0374081	0.0228177	0.0128865	0.00662134	0.00316714	0.00137905	0.00056269	0.000209264	7.34388e-05	2.34879e-05	7.13669e-06	1.97634e-06	5.22542e-07	1.25679e-07	2.89759e-08	6.07246e-09	1.22199e-09	2.23072e-10	3.91775e-11	6.24563e-12	9.57972e-13	1.333e-13	1.78711e-14	2.17897e-15	2.55787e-16	2.7317e-17	2.81181e-18	2.6417e-19	2.38801e-20	1.9701e-21	1.5647e-22	1.13733e-23	7.97258e-25	5.13735e-26	3.20403e-27	1.8494e-28	1.04086e-29	5.49102e-31	2.85922e-32	1.42176e-33	7.07481e-35	3.42409e-36	1.66439e-37	8.02901e-39	5.42386e-40	
N20	3.11447e-07	4.67964e-07	9.23197e-07	2.22937e-06	6.05164e-06	1.71464e-05	4.78792e-05	0.000127181	0.000314656	0.000723521	0.00155986	0.0032004	0.00629688	0.0118562	0.0211141	0.03514	0.0540505	0.0763328	0.0984235	0.115596	0.123316	0.119417	0.104744	0.0832595	0.0598817	0.0390329	0.023013	0.0123117	0.00596212	0.00262969	0.00105158	0.000385916	0.000128876	4.01789e-05	1.14804e-05	3.1711e-06	8.11512e-07	2.12297e-07	5.14421e-08	1.33601e-08	3.11218e-09	7.84917e-10	1.6999e-10	3.95519e-11	7.70071e-12	1.6029e-12	2.76532e-13	5.09643e-14	7.76873e-15	1.26712e-15	1.71067e-16	2.47637e-17	2.97292e-18	3.83589e-19	4.11732e-20	4.75774e-21	4.59314e-22	4.7781e-23	4.18004e-24	3.93791e-25	3.14782e-26	2.70558e-27	2.00447e-28	1.59893e-29	1.13506e-30	8.8169e-32	6.53834e-33	5.48883e-34	4.95082e-35	6.98288e-36	
N21	2.12965e-08	3.70242e-08	8.99156e-08	2.65724e-07	8.60709e-07	2.85394e-06	9.23742e-06	2.83338e-05	8.07522e-05	0.00021287	0.000522518	0.00121248	0.00269032	0.00571963	0.0115311	0.0217312	0.0377158	0.059673	0.0853731	0.11002	0.12722	0.131866	0.122168	0.101229	0.0748373	0.0494852	0.0291643	0.0154071	0.00725524	0.00308516	0.00117048	0.000408569	0.000127606	3.84219e-05	1.03814e-05	2.95961e-06	7.43775e-07	2.16992e-07	5.19925e-08	1.49848e-08	3.279e-09	8.64133e-10	1.66276e-10	3.84857e-11	6.42819e-12	1.29246e-12	1.87393e-13	3.27273e-14	4.136e-15	6.29508e-16	6.97977e-17	9.30185e-18	9.11476e-19	1.06882e-19	9.3451e-21	9.70131e-22	7.64402e-23	7.06371e-24	5.07917e-25	4.20893e-26	2.78918e-27	2.08216e-28	1.28581e-29	8.73453e-31	5.09715e-32	3.25352e-33	1.94721e-34	1.34225e-35	1.00105e-36	1.2301e-37	
N22	5.14978e-08	9.23144e-08	2.2483e-07	6.29561e-07	1.84283e-06	5.38628e-06	1.53168e-05	4.18124e-05	0.000108516	0.000266391	0.000616776	0.0013484	0.00279021	0.00548203	0.0102286	0.0180778	0.030059	0.0466594	0.0670517	0.0886768	0.107395	0.118794	0.119691	0.109795	0.0915823	0.0695233	0.0479705	0.0301539	0.0172453	0.00901797	0.00430069	0.00189102	0.000763139	0.000289986	0.000102627	3.57862e-05	1.18928e-05	4.14675e-06	1.37707e-06	4.92188e-07	1.60264e-07	5.52834e-08	1.66797e-08	5.25195e-09	1.42187e-09	3.99921e-10	9.62424e-11	2.40718e-11	5.14694e-12	1.14703e-12	2.18542e-13	4.35537e-14	7.42468e-15	1.32966e-15	2.03926e-16	3.29942e-17	4.58219e-18	6.74087e-19	8.55161e-20	1.15268e-20	1.35101e-21	1.68727e-22	1.86404e-23	2.2079e-24	2.39718e-25	2.83685e-26	3.2719e-27	4.17329e-28	5.69088e-29	1.29439e-29	
Carex_eburnea	0	0	0	0	0	0	0	0	0	0	0	0	0	0	0	0	0	0	0	0	0	0	0	0	0	0	1	0	0	0	0	0	0	0	0	0	0	0	0	0	0	0	0	0	0	0	0	0	0	0	0	0	0	0	0	0	0	0	0	0	0	0	0	0	0	0	0	0	0	0	
Carex_cruciata	0	0	0	0	0	0	0	0	0	0	0	0	0	0	0	0	0	0	0	0	1	0	0	0	0	0	0	0	0	0	0	0	0	0	0	0	0	0	0	0	0	0	0	0	0	0	0	0	0	0	0	0	0	0	0	0	0	0	0	0	0	0	0	0	0	0	0	0	0	0	
N23	2.17481e-10	3.31734e-10	6.53579e-10	1.64557e-09	5.4384e-09	2.26527e-08	1.05947e-07	4.93586e-07	2.10107e-06	7.87764e-06	2.61098e-05	7.9029e-05	0.000227625	0.000641494	0.00176369	0.00460826	0.0110769	0.0239194	0.0456963	0.0766212	0.112039	0.142206	0.155658	0.146251	0.117193	0.0798505	0.0460083	0.0224343	0.00922152	0.00321672	0.000947971	0.000240102	5.18467e-05	9.93021e-06	1.65143e-06	2.58691e-07	3.58549e-08	5.00806e-09	6.08504e-10	7.61658e-11	7.90714e-12	8.38656e-13	7.15124e-14	6.19898e-15	4.28021e-16	3.01086e-17	1.68754e-18	9.68433e-20	4.44247e-21	2.09937e-22	7.96328e-24	3.13059e-25	9.92479e-27	3.27997e-28	8.79291e-30	2.469e-31	5.66553e-33	1.36627e-34	2.72106e-36	5.70109e-38	1.00013e-39	1.84393e-41	2.90909e-43	4.82935e-45	7.12529e-47	1.12247e-48	1.68308e-50	2.741e-52	4.48131e-54	9.57414e-56	
N24	2.47318e-12	5.12304e-12	1.69972e-11	8.10864e-11	4.91797e-10	3.25261e-09	2.07285e-08	1.20026e-07	6.27637e-07	3.00614e-06	1.32199e-05	5.28655e-05	0.00019092	0.000622486	0.00183372	0.00486931	0.0115767	0.0244529	0.0456439	0.0751973	0.10931	0.139726	0.155583	0.148907	0.120752	0.0819743	0.0461659	0.0214643	0.00821685	0.00259262	0.000674476	0.000145766	2.61944e-05	4.0273e-06	5.26122e-07	6.60703e-08	7.38141e-09	1.05879e-09	1.22181e-10	2.05794e-11	2.15257e-12	3.23315e-13	2.74515e-14	3.34581e-15	2.26938e-16	2.22173e-17	1.21076e-18	9.57155e-20	4.22923e-21	2.72212e-22	9.85116e-24	5.20636e-25	1.55998e-26	6.82858e-28	1.71573e-29	6.27407e-31	1.34261e-32	4.13813e-34	7.69845e-36	2.01938e-37	3.35201e-39	7.56331e-41	1.15551e-42	2.27299e-44	3.29519e-46	5.79966e-48	8.57891e-50	1.57615e-51	3.14349e-53	9.80776e-55	
N25	4.57844e-13	1.60578e-12	8.82586e-12	5.65821e-11	3.85563e-10	2.65138e-09	1.74743e-08	1.06587e-07	6.02007e-07	3.20649e-06	1.61017e-05	7.4286e-05	0.00030551	0.00109625	0.00338495	0.00890611	0.0198282	0.0373524	0.0602989	0.0858561	0.111563	0.134207	0.146445	0.139412	0.111816	0.0739096	0.0397889	0.0173593	0.00612826	0.00175218	0.000406289	7.67478e-05	1.18475e-05	1.51929e-06	1.627e-07	1.59198e-08	1.4124e-09	1.6219e-10	1.63724e-11	2.49791e-12	2.36968e-13	3.24016e-14	2.45236e-15	2.67786e-16	1.5872e-17	1.36716e-18	6.37643e-20	4.34607e-21	1.60754e-22	8.73029e-24	2.58381e-25	1.12711e-26	2.69533e-28	9.52797e-30	1.86251e-31	5.38412e-33	8.72964e-35	2.08394e-36	2.85947e-38	5.69702e-40	6.80432e-42	1.14555e-43	1.23661e-45	1.78671e-47	1.81917e-49	2.32174e-51	2.41837e-53	3.18484e-55	4.50994e-57	9.62293e-59	
N26	4.54211e-12	1.9036e-11	1.15602e-10	7.67039e-10	5.10521e-09	3.26185e-08	1.94625e-07	1.06386e-06	5.24506e-06	2.30466e-05	8.97055e-05	0.000309738	0.000955741	0.00265742	0.00667713	0.0150897	0.0303964	0.0541933	0.0852603	0.118286	0.144269	0.153454	0.140601	0.109543	0.0717658	0.0392196	0.0177846	0.00667538	0.00207273	0.00053294	0.000113654	2.01687e-05	2.98855e-06	3.72611e-07	3.9322e-08	3.6262e-09	2.97583e-10	2.62607e-11	2.38106e-12	3.41151e-13	3.88633e-14	6.72775e-15	7.06243e-16	1.11661e-16	1.00405e-17	1.378e-18	1.052e-19	1.23333e-20	7.96738e-22	7.91749e-23	4.32219e-24	3.63013e-25	1.67569e-26	1.1908e-27	4.66219e-29	2.81283e-30	9.39341e-32	4.83772e-33	1.39143e-34	6.15802e-36	1.55025e-37	5.94731e-39	1.34661e-40	4.53069e-42	9.63664e-44	2.91282e-45	6.4065e-47	2.00447e-48	6.5158e-50	3.95266e-51	
Carex_richardsonii	0	0	0	0	0	0	0	0	0	0	0	0	0	0	0	0	0	0	0	0	0	0	0	0	0	1	0	0	0	0	0	0	0	0	0	0	0	0	0	0	0	0	0	0	0	0	0	0	0	0	0	0	0	0	0	0	0	0	0	0	0	0	0	0	0	0	0	0	0	0	
N27	6.98654e-10	2.52358e-09	1.23415e-08	6.38245e-08	3.24509e-07	1.5601e-06	6.92218e-06	2.7876e-05	0.000100766	0.000326367	0.000954925	0.0025571	0.00631513	0.0143201	0.0293956	0.0537594	0.0864505	0.121155	0.147049	0.153892	0.138354	0.106504	0.0699787	0.0391525	0.0186198	0.00751914	0.00257683	0.000749727	0.000185385	3.90287e-05	7.00928e-06	1.07714e-06	1.42076e-07	1.61826e-08	1.599e-09	1.40068e-10	1.10284e-11	8.82042e-13	7.2271e-14	8.43588e-15	9.15981e-16	1.38389e-16	1.48401e-17	2.09292e-18	1.97055e-19	2.43206e-20	1.98453e-21	2.12347e-22	1.50083e-23	1.39095e-24	8.52523e-26	6.85371e-27	3.64979e-28	2.55408e-29	1.18549e-30	7.25365e-32	2.9485e-33	1.58677e-34	5.69168e-36	2.71281e-37	8.69173e-39	3.70211e-40	1.08104e-41	4.16597e-43	1.14862e-44	4.1315e-46	1.19041e-47	4.62126e-49	1.86252e-50	1.33304e-51	
Carex_capillaris	0	0	0	0	0	0	0	0	1	0	0	0	0	0	0	0	0	0	0	0	0	0	0	0	0	0	0	0	0	0	0	0	0	0	0	0	0	0	0	0	0	0	0	0	0	0	0	0	0	0	0	0	0	0	0	0	0	0	0	0	0	0	0	0	0	0	0	0	0	0	
Carex_baccans	0	0	0	0	0	0	0	0	0	0	0	0	0	0	0	0	0	0	0	0	0	0	1	0	0	0	0	0	0	0	0	0	0	0	0	0	0	0	0	0	0	0	0	0	0	0	0	0	0	0	0	0	0	0	0	0	0	0	0	0	0	0	0	0	0	0	0	0	0	0	
N28	2.18333e-11	7.30055e-11	3.17699e-10	1.43773e-09	6.44946e-09	2.82414e-08	1.20012e-07	4.92933e-07	1.96719e-06	7.87533e-06	3.26155e-05	0.000137057	0.000550397	0.00197928	0.00604011	0.0150357	0.0297587	0.0463979	0.0578019	0.0609479	0.0617236	0.0695184	0.0874976	0.108736	0.120828	0.11501	0.0923218	0.0622896	0.0352836	0.0169458	0.00692333	0.00258058	0.000891001	0.000392704	0.000168944	0.000106584	4.67482e-05	2.69646e-05	9.72886e-06	4.52863e-06	1.30706e-06	4.85972e-07	1.12233e-07	3.34368e-08	6.20459e-09	1.49129e-09	2.23807e-10	4.37623e-11	5.36051e-12	8.61649e-13	8.73271e-14	1.1678e-14	9.99667e-16	1.12873e-16	8.42702e-18	8.18074e-19	5.56492e-20	4.74195e-21	3.07443e-22	2.3436e-23	1.47858e-24	1.01791e-25	6.19182e-27	3.87266e-28	2.23134e-29	1.30164e-30	7.53577e-32	4.78078e-33	3.419e-34	3.88695e-35	
Carex_granularis	0	0	0	0	0	0	0	0	0	0	0	0	0	0	0	0	0	0	0	0	1	0	0	0	0	0	0	0	0	0	0	0	0	0	0	0	0	0	0	0	0	0	0	0	0	0	0	0	0	0	0	0	0	0	0	0	0	0	0	0	0	0	0	0	0	0	0	0	0	0	
N29	5.09158e-10	1.05709e-09	2.62282e-09	6.58632e-09	1.63959e-08	4.08762e-08	1.03257e-07	2.66167e-07	7.08089e-07	1.99676e-06	6.11174e-06	2.00915e-05	6.69662e-05	0.000208461	0.000558855	0.0012068	0.002004	0.00252464	0.00251903	0.00227828	0.00224392	0.00252174	0.00301283	0.00393527	0.00635354	0.012569	0.0258133	0.048484	0.0786198	0.108586	0.126331	0.127287	0.110487	0.09196	0.0698225	0.0582874	0.0417807	0.0321075	0.0188078	0.0112947	0.00498826	0.00224072	0.000739349	0.000249297	6.21e-05	1.59559e-05	3.04743e-06	6.07117e-07	9.04315e-08	1.42309e-08	1.68411e-09	2.1328e-10	2.04606e-11	2.12599e-12	1.69243e-13	1.47191e-14	9.98732e-16	7.42072e-17	4.42318e-18	2.86478e-19	1.54176e-20	8.85429e-22	4.40404e-23	2.29292e-24	1.08611e-25	5.39801e-27	2.62775e-28	1.36992e-29	7.37966e-31	5.77011e-32	
Carex_pseudocyperus	0	0	0	0	0	0	0	0	0	0	0	0	0	0	0	0	0	0	0	0	0	0	0	0	0	0	0	0	0	0	0	0	1	0	0	0	0	0	0	0	0	0	0	0	0	0	0	0	0	0	0	0	0	0	0	0	0	0	0	0	0	0	0	0	0	0	0	0	0	0	
Carex_oligosperma	0	0	0	0	0	0	0	0	0	0	0	0	0	0	0	0	0	0	0	0	0	0	0	0	0	0	0	0	0	0	0	0	0	0	0	0	0	1	0	0	0	0	0	0	0	0	0	0	0	0	0	0	0	0	0	0	0	0	0	0	0	0	0	0	0	0	0	0	0	0	
N30	2.42114e-10	5.83349e-10	1.90024e-09	6.81407e-09	2.53895e-08	9.59866e-08	3.61173e-07	1.33081e-06	4.74983e-06	1.62982e-05	5.31605e-05	0.000162095	0.000452197	0.00112847	0.00247748	0.00477776	0.00826709	0.013448	0.0216779	0.0353135	0.0564559	0.0844853	0.114058	0.136105	0.142053	0.129096	0.101842	0.0697567	0.0414405	0.0214421	0.00965437	0.00384004	0.0013491	0.000441752	0.000134105	4.35179e-05	1.36637e-05	4.98591e-06	1.58966e-06	5.59521e-07	1.58146e-07	4.79387e-08	1.1448e-08	2.91768e-09	5.85442e-10	1.25611e-10	2.12571e-11	3.86103e-12	5.54056e-13	8.58005e-14	1.05091e-14	1.39809e-15	1.47305e-16	1.69871e-17	1.55574e-18	1.57119e-19	1.26812e-20	1.1355e-21	8.23047e-23	6.62785e-24	4.41444e-25	3.24845e-26	2.04487e-27	1.40836e-28	8.74076e-30	5.95106e-31	3.96639e-32	2.93238e-33	2.28552e-34	2.7783e-35	
Carex_pallescens	0	0	0	0	0	0	0	0	0	0	0	0	0	0	0	0	0	0	0	0	0	0	0	0	0	0	0	0	0	0	0	1	0	0	0	0	0	0	0	0	0	0	0	0	0	0	0	0	0	0	0	0	0	0	0	0	0	0	0	0	0	0	0	0	0	0	0	0	0	0	
Carex_albursina	0	0	0	0	0	0	0	0	0	0	0	0	0	0	0	0	0	0	0	0	0	1	0	0	0	0	0	0	0	0	0	0	0	0	0	0	0	0	0	0	0	0	0	0	0	0	0	0	0	0	0	0	0	0	0	0	0	0	0	0	0	0	0	0	0	0	0	0	0	0	
N31	2.75275e-11	5.97681e-11	1.81326e-10	6.58074e-10	2.69987e-09	1.18843e-08	5.34038e-08	2.34912e-07	9.70761e-07	3.64455e-06	1.22304e-05	3.69785e-05	0.000103459	0.000276099	0.000716396	0.00181557	0.00445116	0.0103398	0.0221571	0.0427391	0.0728196	0.108235	0.139183	0.154151	0.146596	0.119571	0.0835173	0.0500071	0.025652	0.0113265	0.00430065	0.00142701	0.000413124	0.000110662	2.7105e-05	7.14837e-06	1.7871e-06	5.3111e-07	1.32685e-07	3.75547e-08	8.15278e-09	1.95177e-09	3.51325e-10	6.94539e-11	1.03167e-11	1.68658e-12	2.07578e-13	2.82229e-14	2.89473e-15	3.2969e-16	2.83792e-17	2.72839e-18	1.98753e-19	1.62731e-20	1.01433e-21	7.1436e-23	3.86527e-24	2.36921e-25	1.13476e-26	6.13675e-28	2.66279e-29	1.28938e-30	5.20511e-32	2.30411e-33	8.97518e-35	3.8219e-36	1.57048e-37	7.21562e-39	3.51119e-40	2.53093e-41	
Carex_pendula	0	0	0	0	0	0	0	0	0	0	0	0	0	0	0	0	0	0	0	0	0	0	0	0	0	0	0	0	1	0	0	0	0	0	0	0	0	0	0	0	0	0	0	0	0	0	0	0	0	0	0	0	0	0	0	0	0	0	0	0	0	0	0	0	0	0	0	0	0	0	
N32	1.97744e-11	5.00228e-11	1.82356e-10	7.6161e-10	3.35003e-09	1.48475e-08	6.42752e-08	2.66049e-07	1.03629e-06	3.75215e-06	1.25251e-05	3.84751e-05	0.000109457	0.000293014	0.000754069	0.00189422	0.00462448	0.0107191	0.0228822	0.0438455	0.0740759	0.109125	0.139201	0.153174	0.145071	0.118138	0.0826626	0.0497186	0.0257236	0.0114706	0.00441565	0.00147466	0.000428994	0.000110358	2.53071e-05	5.44957e-06	1.10053e-06	2.42215e-07	5.02781e-08	1.32417e-08	2.77812e-09	7.97896e-10	1.53078e-10	4.24112e-11	7.12952e-12	1.78197e-12	2.58837e-13	5.65614e-14	7.07283e-15	1.33731e-15	1.4422e-16	2.35713e-17	2.20203e-18	3.12075e-19	2.54215e-20	3.13757e-21	2.24797e-22	2.429e-23	1.54951e-24	1.47431e-25	8.51766e-27	7.18597e-28	3.85147e-29	2.90764e-30	1.49227e-31	1.03019e-32	5.49262e-34	4.01281e-35	3.12167e-36	4.79522e-37	
Carex_hostiana	0	0	0	0	0	0	0	0	0	0	0	0	0	0	0	0	0	0	0	0	0	0	0	0	0	0	0	1	0	0	0	0	0	0	0	0	0	0	0	0	0	0	0	0	0	0	0	0	0	0	0	0	0	0	0	0	0	0	0	0	0	0	0	0	0	0	0	0	0	0	
Carex_echinochloe	0	0	0	0	0	0	0	0	0	0	0	0	0	0	0	0	0	0	0	0	1	0	0	0	0	0	0	0	0	0	0	0	0	0	0	0	0	0	0	0	0	0	0	0	0	0	0	0	0	0	0	0	0	0	0	0	0	0	0	0	0	0	0	0	0	0	0	0	0	0	
Carex_dissitiflora	0	0	0	0	0	0	0	0	0	0	0	0	0	0	0	0	0	0	1	0	0	0	0	0	0	0	0	0	0	0	0	0	0	0	0	0	0	0	0	0	0	0	0	0	0	0	0	0	0	0	0	0	0	0	0	0	0	0	0	0	0	0	0	0	0	0	0	0	0	0	
N33	2.2827e-07	3.72522e-07	8.15592e-07	2.11588e-06	5.89473e-06	1.6597e-05	4.53946e-05	0.00011816	0.000288701	0.00065939	0.00140822	0.00283219	0.00540003	0.00982195	0.0170308	0.0280466	0.0434563	0.0628473	0.0840293	0.103373	0.116296	0.119534	0.111731	0.0951915	0.0735908	0.0519427	0.0332342	0.0195328	0.0104028	0.00516974	0.00232437	0.00101151	0.000395956	0.000162165	5.83682e-05	2.46271e-05	8.53773e-06	3.77417e-06	1.24514e-06	5.37383e-07	1.62257e-07	6.41895e-08	1.73371e-08	6.11633e-09	1.46673e-09	4.57383e-10	9.74108e-11	2.68128e-11	5.08764e-12	1.23652e-12	2.10333e-13	4.52622e-14	6.95176e-15	1.32709e-15	1.85895e-16	3.16378e-17	4.07498e-18	6.19644e-19	7.41546e-20	1.01384e-20	1.1288e-21	1.38628e-22	1.43987e-23	1.59904e-24	1.54577e-25	1.58232e-26	1.52792e-27	1.68838e-28	2.12345e-29	4.78454e-30	
N34	2.57422e-08	4.18939e-08	9.09508e-08	2.34684e-07	6.62205e-07	1.94128e-06	5.69208e-06	1.62876e-05	4.46853e-05	0.000116536	0.000287384	0.000669116	0.00146676	0.00302175	0.00584332	0.0106397	0.0182965	0.0297731	0.0456418	0.0654492	0.0868936	0.106015	0.117973	0.11948	0.109787	0.0917706	0.0696979	0.0484484	0.0308061	0.0181696	0.00990597	0.00512163	0.00248053	0.00118208	0.000534654	0.000250932	0.000111645	5.3756e-05	2.36047e-05	1.12244e-05	4.62106e-06	2.02965e-06	7.47872e-07	2.91334e-07	9.40127e-08	3.19999e-08	8.98629e-09	2.66347e-09	6.50908e-10	1.68264e-10	3.59058e-11	8.12397e-12	1.52111e-12	3.02698e-13	5.0078e-14	8.8162e-15	1.29901e-15	2.03625e-16	2.69938e-17	3.79635e-18	4.57552e-19	5.82346e-20	6.48542e-21	7.61462e-22	8.10352e-23	9.21214e-24	1.01238e-24	1.21558e-25	1.55028e-26	3.23044e-27	
N35	5.59037e-09	8.31332e-09	1.57809e-08	3.66505e-08	9.98674e-08	2.99442e-07	9.22736e-07	2.76939e-06	7.81923e-06	2.06278e-05	5.17565e-05	0.000128007	0.000321616	0.000825342	0.00211775	0.00526115	0.0122447	0.0259747	0.0490766	0.0811614	0.115889	0.141656	0.147554	0.131311	0.100871	0.0685575	0.043054	0.0266425	0.0171633	0.0115769	0.00780298	0.00499712	0.00293239	0.00155642	0.000739416	0.0003166	0.000121483	4.26575e-05	1.35482e-05	4.05686e-06	1.11034e-06	2.98177e-07	7.30163e-08	1.81047e-08	3.99499e-09	9.03297e-10	1.7594e-10	3.51381e-11	5.90546e-12	1.0172e-12	1.45642e-13	2.13822e-14	2.59646e-15	3.23922e-16	3.33801e-17	3.5431e-18	3.10852e-19	2.81892e-20	2.11675e-21	1.6492e-22	1.06775e-23	7.21151e-25	4.08307e-26	2.43652e-27	1.25067e-28	6.93254e-30	3.52194e-31	2.00626e-32	1.18164e-33	1.02058e-34	
N36	9.84802e-09	1.40803e-08	2.32511e-08	4.01253e-08	6.9165e-08	1.17689e-07	1.97393e-07	3.28335e-07	5.43182e-07	8.87397e-07	1.39581e-06	2.08278e-06	3.07124e-06	4.87242e-06	8.89515e-06	1.90799e-05	4.68307e-05	0.000123518	0.000321203	0.000752292	0.00145814	0.00218236	0.00240836	0.00193748	0.00116531	0.000557019	0.000231113	9.37342e-05	4.32008e-05	2.67436e-05	2.41449e-05	3.03178e-05	4.83679e-05	9.49215e-05	0.000220442	0.000569607	0.00146844	0.0036631	0.00829637	0.0178495	0.0338532	0.0609132	0.0926556	0.130676	0.149691	0.155788	0.129018	0.096326	0.0569556	0.0304334	0.0129208	0.00499762	0.00154748	0.000441692	0.000101851	2.1932e-05	3.85279e-06	6.40797e-07	8.78304e-08	1.15546e-08	1.26764e-09	1.35514e-10	1.23033e-11	1.10991e-12	8.79671e-14	7.11887e-15	5.3364e-16	4.15596e-17	3.18818e-18	3.66274e-19	
Uncinia_uncinata	0	0	0	0	0	0	0	0	0	0	0	0	0	0	0	0	0	0	0	0	0	0	0	0	0	0	0	0	0	0	0	0	0	0	0	0	0	0	0	0	0	0	0	1	0	0	0	0	0	0	0	0	0	0	0	0	0	0	0	0	0	0	0	0	0	0	0	0	0	0	
Uncinia_phleoides	0	0	0	0	0	0	0	0	0	0	0	0	0	0	0	0	0	0	0	0	0	0	0	0	0	0	0	0	0	0	0	0	0	0	0	0	0	0	0	0	0	0	0	0	0	0	0	1	0	0	0	0	0	0	0	0	0	0	0	0	0	0	0	0	0	0	0	0	0	0	
N37	4.1566e-10	7.71099e-10	2.07024e-09	6.80171e-09	2.43106e-08	8.85379e-08	3.16242e-07	1.08531e-06	3.53916e-06	1.09918e-05	3.29002e-05	9.63875e-05	0.000278399	0.000788082	0.00214687	0.00549755	0.012917	0.0272729	0.0508727	0.082807	0.116606	0.141346	0.147234	0.132194	0.103211	0.0713191	0.0448593	0.02667	0.0154858	0.00886836	0.00491133	0.00255162	0.00121058	0.00051656	0.000196547	6.66304e-05	2.01395e-05	5.45901e-06	1.33292e-06	2.96061e-07	6.01803e-08	1.13217e-08	1.97592e-09	3.22429e-10	4.89329e-11	6.93052e-12	9.05584e-13	1.09512e-13	1.20998e-14	1.22961e-15	1.13408e-16	9.60216e-18	7.35266e-19	5.18569e-20	3.29987e-21	1.95402e-22	1.04084e-23	5.30138e-25	2.4124e-26	1.12671e-27	4.60717e-29	2.25015e-30	8.95883e-32	5.07806e-33	2.05315e-34	1.33967e-35	6.95049e-37	6.46968e-38	5.96848e-39	8.3566e-40	
N38	3.02977e-10	6.3406e-10	1.93253e-09	6.93412e-09	2.63173e-08	1.00617e-07	3.77978e-07	1.37827e-06	4.83933e-06	1.62733e-05	5.21998e-05	0.000159364	0.000462135	0.00126812	0.00326608	0.00779661	0.0169846	0.0332666	0.0578578	0.0885838	0.118738	0.138961	0.141924	0.126821	0.0997039	0.0696169	0.0437373	0.0251382	0.013431	0.00674456	0.00318391	0.00140271	0.000568959	0.00021035	7.00754e-05	2.10237e-05	5.63655e-06	1.36798e-06	2.96666e-07	5.98819e-08	1.0824e-08	1.97175e-09	3.18394e-10	6.09138e-11	9.57761e-12	2.08653e-12	3.18984e-13	7.1454e-14	1.00266e-14	2.08725e-15	2.61811e-16	4.89916e-17	5.49635e-18	9.24195e-19	9.38236e-20	1.43056e-20	1.33244e-21	1.8597e-22	1.60608e-23	2.06107e-24	1.6561e-25	1.95204e-26	1.45681e-27	1.57183e-28	1.09126e-29	1.09079e-30	7.58807e-32	8.09578e-33	8.20476e-34	1.76661e-34	
Carex_pauciflora	0	0	0	0	0	0	0	0	0	0	0	0	0	0	0	0	0	0	1	0	0	0	0	0	0	0	0	0	0	0	0	0	0	0	0	0	0	0	0	0	0	0	0	0	0	0	0	0	0	0	0	0	0	0	0	0	0	0	0	0	0	0	0	0	0	0	0	0	0	0	
Carex_leptalea_subsp_leptalea	0	0	0	0	0	0	0	0	0	0	0	0	0	0	0	0	0	0	0	0	0	0	0	0	0	1	0	0	0	0	0	0	0	0	0	0	0	0	0	0	0	0	0	0	0	0	0	0	0	0	0	0	0	0	0	0	0	0	0	0	0	0	0	0	0	0	0	0	0	0	
Carex_capitata	0	0	0	0	0	0	0	0	0	0	0	0	0	0	0	0	0	0	0	0	0	0	0	0	1	0	0	0	0	0	0	0	0	0	0	0	0	0	0	0	0	0	0	0	0	0	0	0	0	0	0	0	0	0	0	0	0	0	0	0	0	0	0	0	0	0	0	0	0	0	
N39	4.59837e-08	6.99841e-08	1.32224e-07	2.80565e-07	6.32578e-07	1.47563e-06	3.49028e-06	8.2555e-06	1.92771e-05	4.39732e-05	9.67801e-05	0.000203209	0.00040334	0.000754708	0.001334	0.00224288	0.00361528	0.00564881	0.00866605	0.0132319	0.0201887	0.0305131	0.0447645	0.0624934	0.081602	0.0987439	0.10985	0.11226	0.104971	0.0902178	0.0709676	0.0516831	0.0346195	0.021877	0.0128567	0.00739581	0.00401627	0.00223993	0.00117592	0.000649276	0.000326441	0.00017145	7.91939e-05	3.77907e-05	1.55769e-05	6.60521e-06	2.40315e-06	8.99542e-07	2.88374e-07	9.53581e-08	2.70008e-08	7.91209e-09	1.98669e-09	5.18325e-10	1.16061e-10	2.71027e-11	5.44706e-12	1.14571e-12	2.08443e-13	3.97874e-14	6.62378e-15	1.16009e-15	1.80183e-16	2.96361e-17	4.47115e-18	7.26431e-19	1.14662e-19	1.98755e-20	3.73994e-21	1.18116e-21	
Kobresia_myosuroides	0	0	0	0	0	0	0	0	0	0	0	0	0	0	0	0	0	0	0	0	0	0	0	0	0	0	0	0	1	0	0	0	0	0	0	0	0	0	0	0	0	0	0	0	0	0	0	0	0	0	0	0	0	0	0	0	0	0	0	0	0	0	0	0	0	0	0	0	0	0	
Kobresia_simpliciuscula	0	0	0	0	0	0	0	0	0	0	0	0	0	0	0	0	0	0	0	0	0	0	0	0	0	0	0	0	0	0	0	0	0	0	1	0	0	0	0	0	0	0	0	0	0	0	0	0	0	0	0	0	0	0	0	0	0	0	0	0	0	0	0	0	0	0	0	0	0	0	
N40	6.70504e-07	9.62653e-07	1.68e-06	3.30012e-06	6.99537e-06	1.57658e-05	3.72034e-05	9.04605e-05	0.000219691	0.00051095	0.00109377	0.00210741	0.00364075	0.00576278	0.00873811	0.0133639	0.021009	0.0331661	0.050474	0.0718777	0.0940913	0.112357	0.121719	0.119481	0.105999	0.085057	0.0615859	0.0403357	0.0238399	0.0127796	0.00619096	0.0027366	0.00109769	0.00040711	0.000138116	4.43989e-05	1.32193e-05	3.86682e-06	1.05567e-06	2.91836e-07	7.43874e-08	1.93357e-08	4.5153e-09	1.06794e-09	2.22433e-10	4.6683e-11	8.54806e-12	1.57566e-12	2.52692e-13	4.088e-14	5.75354e-15	8.19455e-16	1.01644e-16	1.28096e-17	1.40832e-18	1.5794e-19	1.54892e-20	1.55594e-21	1.3721e-22	1.24436e-23	9.97236e-25	8.26391e-26	6.13896e-27	4.76417e-28	3.41535e-29	2.60528e-30	1.92594e-31	1.53328e-32	1.26534e-33	1.61556e-34	
Carex_gibba	0	0	0	0	0	0	0	0	0	0	0	0	0	0	0	0	1	0	0	0	0	0	0	0	0	0	0	0	0	0	0	0	0	0	0	0	0	0	0	0	0	0	0	0	0	0	0	0	0	0	0	0	0	0	0	0	0	0	0	0	0	0	0	0	0	0	0	0	0	0	
N41	1.00827e-08	1.37354e-08	2.1884e-08	3.89786e-08	7.76111e-08	1.76467e-07	4.61109e-07	1.36108e-06	4.25394e-06	1.29497e-05	3.56603e-05	8.48447e-05	0.00017356	0.00032176	0.000590387	0.00112811	0.00219825	0.00425888	0.00820018	0.0156997	0.029143	0.0506191	0.0795718	0.111188	0.136183	0.145843	0.135463	0.109751	0.0768816	0.0473273	0.0252111	0.0120704	0.0050308	0.00198069	0.000683186	0.000239041	7.20287e-05	2.30787e-05	6.05365e-06	1.69837e-06	3.73524e-07	8.754e-08	1.57952e-08	3.03709e-09	4.48166e-10	7.06992e-11	8.58365e-12	1.11835e-12	1.12722e-13	1.22366e-14	1.03513e-15	9.45322e-17	6.78819e-18	5.2656e-19	3.25193e-20	2.16511e-21	1.16481e-22	6.71952e-24	3.1942e-25	1.61322e-26	6.85011e-28	3.05257e-29	1.17315e-30	4.68725e-32	1.6706e-33	6.25671e-35	2.24494e-36	8.77307e-38	3.55432e-39	2.0926e-40	
N42	1.78554e-09	2.66593e-09	4.7757e-09	9.3681e-09	1.95258e-08	4.31292e-08	1.00626e-07	2.47016e-07	6.32114e-07	1.66876e-06	4.48798e-06	1.19645e-05	3.02643e-05	6.99345e-05	0.000145913	0.000282502	0.000533215	0.000998165	0.00177673	0.00285851	0.0041212	0.0056263	0.00813581	0.0135497	0.0247938	0.0446814	0.0735071	0.106733	0.134797	0.147428	0.139101	0.113524	0.0799773	0.0491757	0.0263195	0.0126676	0.00544541	0.00226696	0.000874907	0.000355572	0.000130774	5.06347e-05	1.65293e-05	5.51434e-06	1.49892e-06	4.12058e-07	9.17052e-08	2.06492e-08	3.77167e-09	7.00205e-10	1.05799e-10	1.63439e-11	2.06157e-12	2.67752e-13	2.84753e-14	3.14142e-15	2.84626e-16	2.69637e-17	2.1061e-18	1.73293e-19	1.18336e-20	8.57642e-22	5.23061e-23	3.42014e-24	1.94666e-25	1.21449e-26	7.09497e-28	4.65101e-29	3.11906e-30	3.28657e-31	
Carex_radiata	0	0	0	0	0	0	0	0	0	0	0	0	0	0	0	0	0	0	0	0	0	0	0	0	0	0	0	0	1	0	0	0	0	0	0	0	0	0	0	0	0	0	0	0	0	0	0	0	0	0	0	0	0	0	0	0	0	0	0	0	0	0	0	0	0	0	0	0	0	0	
Carex_macrocephala	0	0	0	0	0	0	0	0	0	0	0	0	0	0	0	0	0	0	0	0	0	0	0	0	0	0	0	0	0	0	0	0	0	0	0	0	1	0	0	0	0	0	0	0	0	0	0	0	0	0	0	0	0	0	0	0	0	0	0	0	0	0	0	0	0	0	0	0	0	0	
N43	1.96398e-11	3.45414e-11	8.38038e-11	2.43491e-10	7.85173e-10	2.7326e-09	1.0159e-08	4.07308e-08	1.76337e-07	7.74295e-07	3.11915e-06	1.06877e-05	2.99624e-05	6.84401e-05	0.000132518	0.000242561	0.000491788	0.00118985	0.00316746	0.00827325	0.0197175	0.0413166	0.0746171	0.114984	0.150239	0.165775	0.153725	0.119337	0.0771896	0.0414807	0.0184572	0.0068046	0.0020789	0.00052955	0.000112749	2.03262e-05	3.1087e-06	4.12545e-07	4.70841e-08	4.81366e-09	4.24831e-10	3.52501e-11	2.49744e-12	1.79487e-13	1.06511e-14	6.93908e-16	3.50166e-17	2.0158e-18	8.44417e-20	4.06955e-21	1.38232e-22	5.42778e-24	1.53004e-25	6.50453e-27	5.91628e-28	1.65127e-28	4.06156e-29	1.26371e-29	2.95861e-30	8.65036e-31	1.9073e-31	5.25436e-32	1.09894e-32	2.874e-33	5.81908e-34	1.49316e-34	3.21841e-35	9.24463e-36	2.66513e-36	1.16407e-36	
Carex_satsumensis	0	0	0	0	0	0	0	0	0	0	0	0	0	0	0	0	0	0	1	0	0	0	0	0	0	0	0	0	0	0	0	0	0	0	0	0	0	0	0	0	0	0	0	0	0	0	0	0	0	0	0	0	0	0	0	0	0	0	0	0	0	0	0	0	0	0	0	0	0	0	
N44	1.96383e-11	3.45389e-11	8.37984e-11	2.43478e-10	7.85138e-10	2.73251e-09	1.01588e-08	4.07302e-08	1.76336e-07	7.74291e-07	3.11913e-06	1.06877e-05	2.99622e-05	6.84395e-05	0.000132517	0.00024256	0.000491787	0.00118985	0.00316745	0.00827324	0.0197175	0.0413166	0.074617	0.114984	0.150239	0.165775	0.153725	0.119337	0.0771897	0.0414807	0.0184572	0.00680461	0.0020789	0.000529551	0.000112749	2.03264e-05	3.10871e-06	4.1258e-07	4.70849e-08	4.81788e-09	4.24898e-10	3.55784e-11	2.50127e-12	1.95647e-13	1.07991e-14	1.20394e-15	3.89638e-17	1.24947e-17	1.58622e-19	1.46532e-19	1.14009e-21	1.31124e-21	1.00473e-23	8.24252e-24	7.28886e-26	3.67007e-26	4.04379e-28	1.1928e-28	1.72196e-30	2.9602e-31	5.69474e-33	5.93832e-34	1.48028e-35	1.02014e-36	3.05272e-38	1.54544e-39	5.02078e-41	2.04319e-42	6.74611e-44	1.34642e-44	
Carex_diandra	0	0	0	0	0	0	0	0	0	0	0	0	0	0	0	0	0	0	0	0	0	0	0	0	0	0	0	0	0	1	0	0	0	0	0	0	0	0	0	0	0	0	0	0	0	0	0	0	0	0	0	0	0	0	0	0	0	0	0	0	0	0	0	0	0	0	0	0	0	0	
N45	5.94606e-13	1.25223e-12	3.17974e-12	8.30046e-12	2.22957e-11	6.44896e-11	2.13426e-10	8.43636e-10	3.98547e-09	2.01676e-08	9.17759e-08	3.452e-07	1.12133e-06	3.33039e-06	8.77465e-06	2.00284e-05	4.41697e-05	0.000123664	0.000472262	0.00186899	0.00632802	0.0172853	0.0377349	0.0666669	0.0982166	0.125925	0.145394	0.151164	0.13664	0.102959	0.0626453	0.0303232	0.0115846	0.00352378	0.000854848	0.000174834	3.03279e-05	5.45573e-06	8.95975e-07	1.78886e-07	2.72606e-08	4.72255e-09	5.56689e-10	7.28913e-11	6.40861e-12	6.27198e-13	4.14694e-14	3.06965e-15	1.54771e-16	8.79764e-18	3.43152e-19	1.52083e-20	4.6544e-22	1.63315e-23	3.97917e-25	1.12208e-26	2.21069e-28	5.0873e-30	8.25353e-32	1.57471e-33	2.15163e-35	3.46318e-37	4.10564e-39	5.698e-41	6.13241e-43	7.70222e-45	8.42119e-47	1.10887e-48	1.49311e-50	2.76506e-52	
N46	3.82698e-13	7.67549e-13	1.93833e-12	5.29832e-12	1.53569e-11	4.74444e-11	1.5889e-10	6.20811e-10	2.8066e-09	1.25544e-08	4.81304e-08	1.49375e-07	3.76838e-07	8.18817e-07	1.85881e-06	6.37238e-06	3.51851e-05	0.000217155	0.0011588	0.0048131	0.014915	0.0341007	0.0581484	0.0763302	0.0819745	0.0807314	0.0851087	0.10076	0.118394	0.120976	0.100635	0.0665226	0.0346984	0.0142862	0.00465933	0.00121431	0.000256119	4.56686e-05	7.2664e-06	1.30942e-06	2.50219e-07	6.81197e-08	1.37271e-08	3.5766e-09	5.70606e-10	1.18449e-10	1.44188e-11	2.31419e-12	2.15592e-13	2.66737e-14	1.91812e-15	1.83993e-16	1.03154e-17	7.75064e-19	3.42441e-20	2.03946e-21	7.18155e-23	3.43462e-24	9.76131e-26	3.79905e-27	8.84803e-29	2.84279e-30	5.54225e-32	1.49377e-33	2.52281e-35	5.86606e-37	9.41553e-39	2.15511e-40	4.68447e-42	1.88334e-43	
Carex_foenea	0	0	0	0	0	0	0	0	0	0	0	0	0	0	0	0	0	0	0	0	0	0	0	0	0	0	0	0	0	0	0	0	0	0	0	0	0	0	0	0	1	0	0	0	0	0	0	0	0	0	0	0	0	0	0	0	0	0	0	0	0	0	0	0	0	0	0	0	0	0	
N47	1.24623e-14	2.61084e-14	6.88793e-14	1.98754e-13	6.339e-13	2.30966e-12	9.83779e-12	5.02464e-11	2.96485e-10	1.80596e-09	9.96788e-09	4.39684e-08	1.40751e-07	3.238e-07	6.35967e-07	1.59361e-06	6.88855e-06	4.2275e-05	0.00025879	0.0013209	0.00529524	0.0163908	0.0392122	0.0737103	0.112564	0.145799	0.164656	0.160471	0.129931	0.0842161	0.0427127	0.0168023	0.00512527	0.00121799	0.000227102	3.35432e-05	3.97069e-06	3.83064e-07	3.08382e-08	2.15838e-09	1.38742e-10	8.75516e-12	5.51497e-13	3.42269e-14	1.9608e-15	1.0232e-16	4.64524e-18	1.8879e-19	6.58699e-21	2.10506e-22	5.76908e-24	1.55312e-25	3.59785e-27	9.57976e-29	2.14553e-30	6.52298e-32	1.47693e-33	4.68551e-35	9.87439e-37	2.87369e-38	5.33819e-40	1.35876e-41	2.19013e-43	4.82978e-45	6.79991e-47	1.32874e-48	1.7922e-50	3.57099e-52	6.24019e-54	1.79345e-55	
Carex_conferta	0	0	0	0	0	0	0	0	0	0	0	0	0	0	0	0	0	0	0	0	0	0	0	0	0	1	0	0	0	0	0	0	0	0	0	0	0	0	0	0	0	0	0	0	0	0	0	0	0	0	0	0	0	0	0	0	0	0	0	0	0	0	0	0	0	0	0	0	0	0	
Carex_arcta	0	0	0	0	0	0	0	0	0	0	0	0	0	0	0	0	0	0	0	0	0	0	0	0	0	0	1	0	0	0	0	0	0	0	0	0	0	0	0	0	0	0	0	0	0	0	0	0	0	0	0	0	0	0	0	0	0	0	0	0	0	0	0	0	0	0	0	0	0	0	
N48	2.00795e-14	4.53786e-14	1.27955e-13	3.81446e-13	1.18922e-12	3.93792e-12	1.39476e-11	5.15501e-11	2.01701e-10	9.28127e-10	5.30783e-09	3.33136e-08	1.79712e-07	7.00573e-07	1.90288e-06	3.93312e-06	6.80899e-06	1.02546e-05	1.73875e-05	5.77789e-05	0.000297357	0.0014564	0.00587507	0.0189177	0.0482418	0.0972374	0.154704	0.193804	0.190257	0.14547	0.0860528	0.0392181	0.0137387	0.00371037	0.000774877	0.000127097	1.65073e-05	1.80259e-06	1.67189e-07	1.62557e-08	1.44999e-09	1.62009e-10	1.37481e-11	1.37953e-12	9.31561e-14	7.32112e-15	3.81346e-16	2.33345e-17	9.51322e-19	4.61915e-20	1.5056e-21	5.92106e-23	1.57472e-24	5.10344e-26	1.12603e-27	3.04293e-29	5.63382e-31	1.27888e-32	2.00163e-34	3.8359e-36	5.10691e-38	8.31025e-40	9.49725e-42	1.3246e-43	1.32636e-45	1.63124e-47	1.55481e-49	1.91743e-51	2.27025e-53	4.21863e-55	
N49	6.85178e-16	1.78685e-15	5.93436e-15	2.08426e-14	7.53871e-14	2.81134e-13	1.0814e-12	4.32384e-12	1.94359e-11	1.06295e-10	6.67444e-10	4.234e-09	2.40819e-08	1.10336e-07	3.67289e-07	8.22932e-07	1.23517e-06	1.40196e-06	1.72154e-06	4.13604e-06	2.12588e-05	0.00013927	0.000828441	0.00400095	0.0151407	0.0442097	0.0985936	0.166578	0.211702	0.201198	0.142382	0.0749257	0.0293657	0.00861959	0.0019101	0.000325778	4.37163e-05	5.18124e-06	5.74838e-07	9.43375e-08	1.31688e-08	2.82961e-09	3.35563e-10	5.9765e-11	5.35711e-12	7.43016e-13	5.0841e-14	5.50099e-15	2.92537e-16	2.4959e-17	1.04928e-18	7.14895e-20	2.41292e-21	1.32973e-22	3.65536e-24	1.64848e-25	3.74204e-27	1.39587e-28	2.65575e-30	8.27342e-32	1.34405e-33	3.53085e-35	5.03129e-37	1.12688e-38	1.46753e-40	2.85915e-42	3.71603e-44	7.14863e-46	1.34231e-47	4.68162e-49	
Carex_disticha	0	0	0	0	0	0	0	0	0	0	0	0	0	0	0	0	0	0	0	0	0	0	0	0	0	0	0	0	0	0	1	0	0	0	0	0	0	0	0	0	0	0	0	0	0	0	0	0	0	0	0	0	0	0	0	0	0	0	0	0	0	0	0	0	0	0	0	0	0	0	
Carex_chordorrhiza	0	0	0	0	0	0	0	0	0	0	0	0	0	0	0	0	0	0	0	0	0	0	0	0	0	0	0	0	0	0	1	0	0	0	0	0	0	0	0	0	0	0	0	0	0	0	0	0	0	0	0	0	0	0	0	0	0	0	0	0	0	0	0	0	0	0	0	0	0	0	
Carex_deweyana_var_deweyana	0	0	0	0	0	0	0	0	0	0	0	0	0	0	0	0	0	0	0	0	0	0	0	0	0	0	1	0	0	0	0	0	0	0	0	0	0	0	0	0	0	0	0	0	0	0	0	0	0	0	0	0	0	0	0	0	0	0	0	0	0	0	0	0	0	0	0	0	0	0	
N50	0.0169267	0.031548	0.0667384	0.123496	0.181057	0.204397	0.1749	0.113873	0.0566224	0.0218513	0.00661652	0.00160193	0.00031363	5.05287e-05	6.7614e-06	7.63154e-07	7.3172e-08	6.03871e-09	4.31074e-10	2.69249e-11	1.47652e-12	7.18249e-14	3.10512e-15	1.20434e-16	4.19429e-18	1.32339e-19	3.78159e-21	9.87209e-23	2.35149e-24	5.15573e-26	1.03799e-27	1.93641e-29	3.33609e-31	5.35912e-33	7.98949e-35	1.11702e-36	1.45593e-38	1.7896e-40	2.05877e-42	2.24526e-44	2.30006e-46	2.245e-48	2.06442e-50	1.81729e-52	1.51121e-54	1.20823e-56	9.14353e-59	6.67852e-61	4.62554e-63	3.10264e-65	1.97594e-67	1.22251e-69	7.19262e-72	4.12329e-74	2.25167e-76	1.202e-78	6.13032e-81	3.06877e-83	1.47413e-85	6.98312e-88	3.19354e-90	1.44752e-92	6.37671e-95	2.79381e-97	1.19608e-99	5.09354e-102	2.12395e-104	8.7761e-107	3.54843e-109	1.59233e-111	
Carex_pachygyna	0	0	0	0	0	1	0	0	0	0	0	0	0	0	0	0	0	0	0	0	0	0	0	0	0	0	0	0	0	0	0	0	0	0	0	0	0	0	0	0	0	0	0	0	0	0	0	0	0	0	0	0	0	0	0	0	0	0	0	0	0	0	0	0	0	0	0	0	0	0	
Carex_siderosticta	0	0	0	0	0	1	0	0	0	0	0	0	0	0	0	0	0	0	0	0	0	0	0	0	0	0	0	0	0	0	0	0	0	0	0	0	0	0	0	0	0	0	0	0	0	0	0	0	0	0	0	0	0	0	0	0	0	0	0	0	0	0	0	0	0	0	0	0	0	0	
N51	0.000296691	0.000343455	0.000420018	0.00053621	0.000701213	0.000933159	0.00124903	0.00168066	0.00225536	0.0030208	0.00400919	0.00529023	0.00692259	0.0090642	0.0118729	0.0156587	0.0206232	0.0270693	0.0348749	0.0439154	0.053218	0.0619636	0.0683934	0.0717904	0.0709529	0.0666314	0.0591146	0.0504486	0.0415044	0.0339468	0.0278758	0.0238184	0.02109	0.0196088	0.0185129	0.0177821	0.0167497	0.0156675	0.0140989	0.0124873	0.0105592	0.00876638	0.00691812	0.00535869	0.00393729	0.00283887	0.00193699	0.00129711	0.000821284	0.000510176	0.000299213	0.000172201	9.35891e-05	4.9898e-05	2.51113e-05	1.24067e-05	5.79584e-06	2.66405e-06	1.16206e-06	5.00615e-07	2.06024e-07	8.42868e-08	3.32937e-08	1.31885e-08	5.12071e-09	2.02022e-09	8.02327e-10	3.37437e-10	1.59627e-10	1.0536e-10	
Trichophorum_cespitosum	0	0	0	0	0	0	0	0	0	0	0	0	0	0	0	0	0	0	0	0	0	0	0	0	0	0	0	0	0	0	0	0	0	0	0	0	0	0	0	0	0	0	0	0	0	0	0	0	0	0	0	1	0	0	0	0	0	0	0	0	0	0	0	0	0	0	0	0	0	0	
Trichophorum_alpinum	0	0	0	0	0	0	0	0	0	0	0	0	0	0	0	0	0	0	0	0	0	0	0	0	0	0	0	0	1	0	0	0	0	0	0	0	0	0	0	0	0	0	0	0	0	0	0	0	0	0	0	0	0	0	0	0	0	0	0	0	0	0	0	0	0	0	0	0	0	0	
N52	0.0972479	0.102362	0.104897	0.104864	0.10145	0.0951353	0.0858259	0.0747228	0.0623442	0.0500747	0.038434	0.0283613	0.0199506	0.013484	0.00866515	0.00535551	0.0031417	0.00177749	0.000952442	0.000495294	0.000243758	0.000117776	5.37878e-05	2.45778e-05	1.06201e-05	4.70177e-06	1.95759e-06	8.55274e-07	3.48839e-07	1.50829e-07	5.9808e-08	2.52296e-08	9.69774e-09	3.92925e-09	1.43638e-09	5.52526e-10	1.93502e-10	7.03852e-11	2.32722e-11	7.98859e-12	2.53621e-12	8.22552e-13	2.46412e-13	7.54545e-14	2.17628e-14	6.29834e-15	1.70889e-15	4.66551e-16	1.21645e-16	3.13109e-17	7.62077e-18	1.83929e-18	4.25875e-19	9.57e-20	2.0234e-20	4.15138e-21	8.03328e-22	1.5101e-22	2.68437e-23	4.64514e-24	7.60261e-25	1.21682e-25	1.85129e-26	2.79345e-27	4.08172e-28	6.17804e-29	9.65384e-30	1.69724e-30	3.5115e-31	1.2675e-31	
N53	0.105147	0.109454	0.110003	0.107323	0.101208	0.0926423	0.0818986	0.0702013	0.0580284	0.0464493	0.0357945	0.0266889	0.0191298	0.0132627	0.00882683	0.00568773	0.0035157	0.0021082	0.00121118	0.000677668	0.000363101	0.000190851	9.59853e-05	4.79315e-05	2.29066e-05	1.1064e-05	5.10221e-06	2.43228e-06	1.10254e-06	5.26885e-07	2.36348e-07	1.1331e-07	5.03942e-08	2.39914e-08	1.0439e-08	4.86667e-09	2.06953e-09	9.36153e-10	3.84476e-10	1.67821e-10	6.71376e-11	2.82397e-11	1.0892e-11	4.41104e-12	1.66279e-12	6.48824e-13	2.35778e-13	8.85808e-14	3.1503e-14	1.13917e-14	3.88732e-15	1.34805e-15	4.47108e-16	1.47821e-16	4.61998e-17	1.43465e-17	4.22346e-18	1.23322e-18	3.42402e-19	9.42413e-20	2.4665e-20	6.41336e-21	1.59421e-21	3.98361e-22	9.69534e-23	2.47214e-23	6.5781e-24	2.0245e-24	7.66797e-25	4.72124e-25	
N54	0.122088	0.12555	0.123311	0.116504	0.10562	0.092447	0.0778694	0.0634794	0.0498845	0.0379931	0.0279132	0.0198937	0.0136787	0.0091289	0.0058756	0.00367438	0.00221597	0.00130002	0.000734985	0.000404894	0.000214912	0.000111478	5.56863e-05	2.73011e-05	1.28925e-05	6.0127e-06	2.69986e-06	1.20717e-06	5.19781e-07	2.24958e-07	9.35703e-08	3.95046e-08	1.59954e-08	6.61928e-09	2.6116e-09	1.05842e-09	4.07336e-10	1.61077e-10	6.01071e-11	2.30648e-11	8.34524e-12	3.09542e-12	1.07926e-12	3.85748e-13	1.3005e-13	4.47418e-14	1.45057e-14	4.7977e-15	1.50393e-15	4.77947e-16	1.43784e-16	4.38054e-17	1.27017e-17	3.69791e-18	1.02011e-18	2.81772e-19	7.3868e-20	1.93667e-20	4.83183e-21	1.20643e-21	2.87635e-22	6.89801e-23	1.59593e-23	3.76588e-24	8.76395e-25	2.13802e-25	5.36015e-26	1.48064e-26	4.79344e-27	2.49019e-27	
N55	0.140394	0.142847	0.137443	0.126037	0.109941	0.0918379	0.0732576	0.0561507	0.0412019	0.0291155	0.0197238	0.0128893	0.008081	0.00489363	0.00284372	0.00159888	0.000863102	0.0004516	0.000226804	0.000110642	5.18151e-05	2.36439e-05	1.03535e-05	4.43585e-06	1.82419e-06	7.38001e-07	2.86414e-07	1.10107e-07	4.06083e-08	1.49467e-08	5.26808e-09	1.86772e-09	6.33274e-10	2.17195e-10	7.09316e-11	2.35397e-11	7.42169e-12	2.37889e-12	7.20896e-13	2.22316e-13	6.4812e-14	1.91725e-14	5.34651e-15	1.51273e-15	4.04742e-16	1.09395e-16	2.79257e-17	7.19938e-18	1.76153e-18	4.32821e-19	1.00767e-19	2.35408e-20	5.23438e-21	1.15919e-21	2.43246e-22	5.07353e-23	1.0041e-23	1.97455e-24	3.69394e-25	6.87828e-26	1.2234e-26	2.17963e-27	3.75019e-28	6.55801e-29	1.13149e-29	2.03297e-30	3.72569e-31	7.3624e-32	1.64484e-32	5.90173e-33	
N56	0.155247	0.156583	0.148109	0.13246	0.111803	0.0896802	0.0681553	0.0493922	0.0339897	0.022351	0.0139689	0.00835494	0.00475045	0.00258821	0.00133999	0.000666156	0.000314708	0.000143142	6.18239e-05	2.58073e-05	1.02277e-05	3.94004e-06	1.43961e-06	5.15515e-07	1.75062e-07	5.88683e-08	1.87317e-08	5.97709e-09	1.80217e-09	5.50867e-10	1.58152e-10	4.64813e-11	1.27866e-11	3.60978e-12	9.46119e-13	2.5512e-13	6.38702e-14	1.63676e-14	3.87633e-15	9.39677e-16	2.1187e-16	4.85032e-17	1.03107e-17	2.2258e-18	4.50756e-19	9.17983e-20	1.75102e-20	3.3613e-21	6.11071e-22	1.10546e-22	1.886e-23	3.20438e-24	5.1809e-25	8.22803e-26	1.23071e-26	1.80502e-27	2.49798e-28	3.38974e-29	4.35162e-30	5.48818e-31	6.56325e-32	7.75766e-33	8.7724e-34	9.96709e-35	1.10846e-35	1.28409e-36	1.52441e-37	1.96634e-38	2.81893e-39	6.73928e-40	
N57	0.156671	0.158259	0.150035	0.134426	0.113438	0.0906439	0.0682446	0.0486507	0.0326369	0.0207103	0.0123409	0.00695151	0.00367013	0.00183225	0.000856009	0.000379076	0.000157055	6.19492e-05	2.28493e-05	8.08194e-06	2.67499e-06	8.58197e-07	2.57572e-07	7.60456e-08	2.10195e-08	5.80637e-09	1.49588e-09	3.91151e-10	9.51037e-11	2.36407e-11	5.41222e-12	1.27298e-12	2.75357e-13	6.09033e-14	1.23122e-14	2.54554e-15	4.8458e-16	9.34764e-17	1.65782e-17	2.98051e-18	4.99057e-19	8.37472e-20	1.30728e-20	2.04803e-21	3.02773e-22	4.43579e-23	6.11119e-24	8.3675e-25	1.09196e-25	1.39754e-26	1.6923e-27	2.01658e-28	2.29731e-29	2.53557e-30	2.63701e-31	2.65656e-32	2.52627e-33	2.32995e-34	2.03325e-35	1.72585e-36	1.3888e-37	1.09464e-38	8.24946e-40	6.20304e-41	4.57014e-42	3.50775e-43	2.78146e-44	2.40958e-45	2.28353e-46	3.52058e-47	
Fimbristylis_autumnalis	0	0	0	0	1	0	0	0	0	0	0	0	0	0	0	0	0	0	0	0	0	0	0	0	0	0	0	0	0	0	0	0	0	0	0	0	0	0	0	0	0	0	0	0	0	0	0	0	0	0	0	0	0	0	0	0	0	0	0	0	0	0	0	0	0	0	0	0	0	0	
Fimbristylis_complanata	0	0	0	0	1	0	0	0	0	0	0	0	0	0	0	0	0	0	0	0	0	0	0	0	0	0	0	0	0	0	0	0	0	0	0	0	0	0	0	0	0	0	0	0	0	0	0	0	0	0	0	0	0	0	0	0	0	0	0	0	0	0	0	0	0	0	0	0	0	0	
N58	0.109277	0.127014	0.148201	0.161267	0.154161	0.126075	0.0864701	0.0496949	0.0238047	0.00958215	0.00323869	0.000930048	0.000226909	4.76682e-05	8.61337e-06	1.35907e-06	1.86726e-07	2.27097e-08	2.43096e-09	2.33429e-10	1.99271e-11	1.54633e-12	1.0759e-13	6.89756e-15	3.99694e-16	2.16322e-17	1.06462e-18	4.96076e-20	2.11355e-21	8.62567e-23	3.22593e-24	1.16749e-25	3.88153e-27	1.25621e-28	3.73245e-30	1.08511e-31	2.90308e-33	7.60781e-35	1.83451e-36	4.34496e-38	9.51377e-40	2.04349e-41	4.06246e-43	7.93752e-45	1.44451e-46	2.57634e-48	4.28435e-50	6.99172e-52	1.07066e-53	1.60211e-55	2.24851e-57	3.08599e-59	3.99277e-61	5.02327e-63	5.93744e-65	6.82281e-67	7.38269e-69	7.77712e-71	7.74253e-73	7.53235e-75	6.9641e-77	6.34547e-79	5.56293e-81	4.88426e-83	4.21254e-85	3.71791e-87	3.29739e-89	3.01989e-91	2.79158e-93	3.12162e-95	
Fimbristylis_aestivalis	0	0	0	0	1	0	0	0	0	0	0	0	0	0	0	0	0	0	0	0	0	0	0	0	0	0	0	0	0	0	0	0	0	0	0	0	0	0	0	0	0	0	0	0	0	0	0	0	0	0	0	0	0	0	0	0	0	0	0	0	0	0	0	0	0	0	0	0	0	0	
Fimbristylis_squarrosa	0	0	0	0	1	0	0	0	0	0	0	0	0	0	0	0	0	0	0	0	0	0	0	0	0	0	0	0	0	0	0	0	0	0	0	0	0	0	0	0	0	0	0	0	0	0	0	0	0	0	0	0	0	0	0	0	0	0	0	0	0	0	0	0	0	0	0	0	0	0	
Fimbristylis_ovata	0	0	0	0	1	0	0	0	0	0	0	0	0	0	0	0	0	0	0	0	0	0	0	0	0	0	0	0	0	0	0	0	0	0	0	0	0	0	0	0	0	0	0	0	0	0	0	0	0	0	0	0	0	0	0	0	0	0	0	0	0	0	0	0	0	0	0	0	0	0	
N59	0.0772206	0.0818047	0.0849988	0.0869341	0.086972	0.085314	0.0815016	0.076018	0.0687613	0.0604998	0.0514259	0.0423854	0.0336303	0.0258001	0.0189925	0.013498	0.00918855	0.0060368	0.00379415	0.002304	0.00133892	0.000753952	0.000406647	0.000213411	0.00010749	5.29631e-05	2.50833e-05	1.16891e-05	5.2442e-06	2.32781e-06	9.94307e-07	4.22155e-07	1.72302e-07	7.00893e-08	2.731e-08	1.06221e-08	3.94582e-09	1.46221e-09	5.15142e-10	1.80956e-10	6.03112e-11	1.99979e-11	6.27131e-12	1.95498e-12	5.7654e-13	1.68569e-13	4.65504e-14	1.27373e-14	3.29784e-15	8.43496e-16	2.03901e-16	4.86641e-17	1.10012e-17	2.44656e-18	5.14355e-19	1.0631e-19	2.08061e-20	4.00744e-21	7.33348e-22	1.32492e-22	2.28784e-23	3.92877e-24	6.52252e-25	1.0895e-25	1.78804e-26	2.9896e-27	4.9911e-28	8.61322e-29	1.61466e-29	4.90157e-30	
Bulbostylis_barbata	0	0	0	0	1	0	0	0	0	0	0	0	0	0	0	0	0	0	0	0	0	0	0	0	0	0	0	0	0	0	0	0	0	0	0	0	0	0	0	0	0	0	0	0	0	0	0	0	0	0	0	0	0	0	0	0	0	0	0	0	0	0	0	0	0	0	0	0	0	0	
N60	0.0457128	0.0482834	0.0500589	0.0514775	0.0526347	0.0541601	0.0560865	0.0586267	0.0609398	0.0628494	0.0637606	0.0640079	0.0629072	0.0602652	0.0545717	0.0462336	0.0358244	0.0258067	0.0172438	0.0110944	0.00683823	0.0041928	0.00250702	0.00153254	0.000926563	0.00058199	0.000355622	0.000222953	0.000131468	7.82465e-05	4.25797e-05	2.32834e-05	1.14993e-05	5.67647e-06	2.50122e-06	1.10081e-06	4.32947e-07	1.6873e-07	5.85242e-08	2.01076e-08	6.20602e-09	1.87891e-09	5.10448e-10	1.36131e-10	3.30019e-11	7.76703e-12	1.65893e-12	3.44645e-13	6.58562e-14	1.20916e-14	2.03224e-15	3.28993e-16	4.92897e-17	7.00986e-18	9.11956e-19	1.12571e-19	1.27472e-20	1.37131e-21	1.35801e-22	1.2815e-23	1.11638e-24	9.3321e-26	7.26801e-27	5.52822e-28	4.01169e-29	2.95905e-30	2.1902e-31	1.72307e-32	1.43734e-33	1.88211e-34	
N61	0.0111016	0.0122218	0.0136831	0.0156146	0.0180079	0.0210012	0.0244826	0.0285357	0.0327849	0.0372031	0.0410243	0.0443121	0.0458772	0.0461962	0.0438216	0.0406679	0.0352379	0.0307512	0.0244993	0.0207203	0.0153531	0.0133872	0.00957004	0.00964362	0.00786479	0.00995979	0.0092768	0.0134186	0.0144719	0.0205668	0.0205897	0.0265761	0.0279749	0.0321664	0.0289369	0.0293636	0.027664	0.0250315	0.0192817	0.0154302	0.012371	0.00889401	0.00566692	0.00361321	0.00238405	0.00137233	0.000711398	0.000364127	0.000195456	9.0739e-05	3.81731e-05	1.57983e-05	6.8895e-06	2.57887e-06	8.59248e-07	2.63904e-07	7.45293e-08	1.96958e-08	4.80916e-09	1.10277e-09	2.32543e-10	4.61989e-11	8.42743e-12	1.46275e-12	2.30772e-13	3.55641e-14	5.13234e-15	9.31395e-16	2.82492e-16	2.21982e-16	
Bulbostylis_juncoides	0	0	0	0	0	0	0	0	0	0	0	0	0	0	0	0	0	0	0	0	0	0	0	0	0	0	0	0	0	0	0	0	0	0	0	0	0	0	0	0	0	1	0	0	0	0	0	0	0	0	0	0	0	0	0	0	0	0	0	0	0	0	0	0	0	0	0	0	0	0	
Bulbostylis_densa	0	0	0	0	0	0	0	0	0	0	0	0	0	0	0	0	0	0	0	0	0	0	0	0	0	0	0	0	0	0	0	1	0	0	0	0	0	0	0	0	0	0	0	0	0	0	0	0	0	0	0	0	0	0	0	0	0	0	0	0	0	0	0	0	0	0	0	0	0	0	
Bulbostylis_hispidula	0	0	0	0	1	0	0	0	0	0	0	0	0	0	0	0	0	0	0	0	0	0	0	0	0	0	0	0	0	0	0	0	0	0	0	0	0	0	0	0	0	0	0	0	0	0	0	0	0	0	0	0	0	0	0	0	0	0	0	0	0	0	0	0	0	0	0	0	0	0	
N62	0.0370379	0.0403411	0.0441489	0.0485175	0.0529932	0.0574793	0.0613431	0.0644763	0.0662311	0.0666665	0.0653036	0.0625054	0.0580617	0.0526167	0.0461926	0.0395723	0.0328389	0.0266321	0.0209268	0.0161098	0.0120274	0.00882405	0.00627785	0.00440188	0.00299198	0.00201048	0.00130745	0.000843559	0.000526131	0.000326827	0.000195796	0.000117315	6.76841e-05	3.91712e-05	2.1754e-05	1.21488e-05	6.49851e-06	3.49607e-06	1.79512e-06	9.27473e-07	4.57136e-07	2.26314e-07	1.06646e-07	5.04667e-08	2.27661e-08	1.02853e-08	4.42439e-09	1.90518e-09	7.8319e-10	3.21131e-10	1.25538e-10	4.89112e-11	1.82142e-11	6.72938e-12	2.37006e-12	8.27214e-13	2.7562e-13	9.10665e-14	2.88131e-14	9.06748e-15	2.749e-15	8.35674e-16	2.47955e-16	7.49257e-17	2.26088e-17	7.11987e-18	2.31692e-18	8.15972e-19	3.21575e-19	1.78139e-19	
Eleocharis_dulcis	0	0	0	0	0	0	0	0	0	0	0	0	0	0	0	0	0	0	0	0	0	0	0	0	0	0	0	0	0	0	0	0	0	0	0	0	0	1	0	0	0	0	0	0	0	0	0	0	0	0	0	0	0	0	0	0	0	0	0	0	0	0	0	0	0	0	0	0	0	0	
N63	0.0351103	0.0391274	0.0445246	0.0512464	0.0586038	0.066121	0.0727022	0.0777351	0.0801722	0.0797887	0.0761596	0.0698287	0.0611783	0.0513197	0.0410223	0.0313357	0.0227735	0.0157959	0.0104096	0.00654219	0.0039048	0.00222315	0.00120173	0.000619907	0.000303706	0.000142149	6.32023e-05	2.68768e-05	1.08633e-05	4.20646e-06	1.54856e-06	5.47002e-07	1.83776e-07	5.9359e-08	1.82354e-08	5.39539e-09	1.51833e-09	4.12386e-10	1.06474e-10	2.65858e-11	6.30719e-12	1.45044e-12	3.16586e-13	6.71459e-14	1.35046e-14	2.64687e-15	4.91264e-16	8.91425e-17	1.5301e-17	2.57713e-18	4.09936e-19	6.42478e-20	9.49873e-21	1.38954e-21	1.91416e-22	2.62127e-23	3.37773e-24	4.35165e-25	5.28199e-26	6.45743e-27	7.47897e-28	8.82052e-29	9.98368e-30	1.1653e-30	1.32831e-31	1.56948e-32	1.83063e-33	2.19903e-34	2.74183e-35	5.34903e-36	
N64	0.0076693	0.00925583	0.0120804	0.0164792	0.0226478	0.0307941	0.0406377	0.0518077	0.0631447	0.0736929	0.0818144	0.0868284	0.0875781	0.0844023	0.0771196	0.0671853	0.0552584	0.0432016	0.0317353	0.0221337	0.0144664	0.00899582	0.00523408	0.0029129	0.00151713	0.000762535	0.000358671	0.000164848	7.09579e-05	3.02654e-05	1.20587e-05	4.8251e-06	1.79703e-06	6.77223e-07	2.35521e-07	8.32284e-08	2.70097e-08	8.89108e-09	2.67101e-09	8.14095e-10	2.26824e-10	6.38573e-11	1.64166e-11	4.26638e-12	1.01952e-12	2.44974e-13	5.41809e-14	1.20526e-14	2.49025e-15	5.13674e-16	9.84146e-17	1.88122e-17	3.36703e-18	5.95123e-19	9.80472e-20	1.5909e-20	2.41277e-21	3.59976e-22	5.03772e-23	6.93984e-24	8.99706e-25	1.15356e-25	1.40559e-26	1.71754e-27	2.03818e-28	2.49742e-29	3.09097e-30	4.0844e-31	5.90115e-32	1.40836e-32	
Eleocharis_uniglumis	0	0	0	0	0	0	0	0	0	0	0	0	0	0	0	0	0	0	0	0	0	0	0	1	0	0	0	0	0	0	0	0	0	0	0	0	0	0	0	0	0	0	0	0	0	0	0	0	0	0	0	0	0	0	0	0	0	0	0	0	0	0	0	0	0	0	0	0	0	0	
Eleocharis_acicularis	0	0	0	0	0	0	0	0	0	1	0	0	0	0	0	0	0	0	0	0	0	0	0	0	0	0	0	0	0	0	0	0	0	0	0	0	0	0	0	0	0	0	0	0	0	0	0	0	0	0	0	0	0	0	0	0	0	0	0	0	0	0	0	0	0	0	0	0	0	0	
N65	0.0461878	0.0508739	0.056758	0.0637598	0.0710193	0.0778853	0.0830244	0.0856611	0.0847633	0.080307	0.0723697	0.0620375	0.0503296	0.0386895	0.0280596	0.019248	0.0124388	0.00759738	0.00436639	0.00237155	0.00121156	0.000585592	0.000266127	0.000114636	4.64333e-05	1.78911e-05	6.48174e-06	2.24631e-06	7.32183e-07	2.30466e-07	6.82258e-08	1.97902e-08	5.39795e-09	1.47295e-09	3.76845e-10	9.88129e-11	2.41124e-11	6.15514e-12	1.44104e-12	3.57112e-13	7.98918e-14	1.89737e-14	4.01342e-15	9.0119e-16	1.79106e-16	3.77024e-17	7.00538e-18	1.37735e-18	2.39596e-19	4.39743e-20	7.15951e-21	1.22792e-21	1.87944e-22	3.01521e-23	4.33439e-24	6.505e-25	8.79724e-26	1.23655e-26	1.57719e-27	2.08098e-28	2.50606e-29	3.11278e-30	3.57015e-31	4.24218e-32	4.76477e-33	5.66747e-34	6.70523e-35	8.69846e-36	1.23518e-36	2.95616e-37	
N66	0.020014	0.0263097	0.0384352	0.057019	0.0803848	0.104649	0.123253	0.130731	0.123736	0.104583	0.0784594	0.0524095	0.0310337	0.0163678	0.00766077	0.0032028	0.00119193	0.000397926	0.000118674	3.19172e-05	7.70193e-06	1.68734e-06	3.33168e-07	6.01971e-08	9.85255e-09	1.49031e-09	2.0523e-10	2.64403e-11	3.11821e-12	3.49159e-13	3.59429e-14	3.57039e-15	3.26969e-16	2.93129e-17	2.41854e-18	1.97417e-19	1.47763e-20	1.09954e-21	7.45891e-23	5.04524e-24	3.10344e-25	1.9043e-26	1.06054e-27	5.90337e-29	2.99002e-30	1.51349e-31	6.98144e-33	3.22449e-34	1.36457e-35	5.77343e-37	2.24373e-38	8.72324e-40	3.13384e-41	1.12163e-42	3.71263e-44	1.22232e-45	3.73523e-47	1.13411e-48	3.21086e-50	9.03432e-52	2.38276e-53	6.27018e-55	1.56486e-56	3.94156e-58	9.61753e-60	2.4169e-61	6.06057e-63	1.58513e-64	4.21098e-66	1.51323e-67	
Eleocharis_mamillata_subsp_mamillata	0	0	0	0	0	0	0	1	0	0	0	0	0	0	0	0	0	0	0	0	0	0	0	0	0	0	0	0	0	0	0	0	0	0	0	0	0	0	0	0	0	0	0	0	0	0	0	0	0	0	0	0	0	0	0	0	0	0	0	0	0	0	0	0	0	0	0	0	0	0	
Eleocharis_compressa_var_compressa	0	0	0	0	0	0	0	0	1	0	0	0	0	0	0	0	0	0	0	0	0	0	0	0	0	0	0	0	0	0	0	0	0	0	0	0	0	0	0	0	0	0	0	0	0	0	0	0	0	0	0	0	0	0	0	0	0	0	0	0	0	0	0	0	0	0	0	0	0	0	
Eleocharis_flavescens_var_olivacea	0	0	0	0	0	0	0	0	0	1	0	0	0	0	0	0	0	0	0	0	0	0	0	0	0	0	0	0	0	0	0	0	0	0	0	0	0	0	0	0	0	0	0	0	0	0	0	0	0	0	0	0	0	0	0	0	0	0	0	0	0	0	0	0	0	0	0	0	0	0	
N67	0.0433636	0.0478862	0.0535655	0.0602205	0.0668986	0.0730592	0.077475	0.0798125	0.0791617	0.0759062	0.0697929	0.0619584	0.0526265	0.0431782	0.0338356	0.0256829	0.0186069	0.0131205	0.0088191	0.00581782	0.00365846	0.00228621	0.00135968	0.000817597	0.000467559	0.000275008	0.000152699	8.85086e-05	4.81491e-05	2.74292e-05	1.44764e-05	8.01408e-06	4.10773e-06	2.18853e-06	1.07258e-06	5.4573e-07	2.58053e-07	1.25065e-07	5.62106e-08	2.58883e-08	1.1229e-08	4.91652e-09	2.0211e-09	8.39959e-10	3.33115e-10	1.31471e-10	4.9214e-11	1.84045e-11	6.62676e-12	2.34641e-12	7.91752e-13	2.63981e-13	8.48599e-14	2.64679e-14	7.81627e-15	2.2401e-15	6.08929e-16	1.60907e-16	4.04274e-17	9.90906e-18	2.31496e-18	5.32111e-19	1.17791e-19	2.62518e-20	5.81347e-21	1.37307e-21	3.47175e-22	1.01008e-22	3.36542e-23	1.58223e-23	
N68	0.0295763	0.0334386	0.0389474	0.0460201	0.0539506	0.062228	0.0696883	0.075729	0.0791889	0.0799247	0.0773137	0.0720351	0.0641724	0.0550181	0.0450123	0.0354718	0.0266508	0.0193285	0.0133488	0.00893641	0.00569554	0.00354335	0.00209666	0.0012235	0.000678717	0.00037608	0.000197327	0.000104915	5.25589e-05	2.6983e-05	1.29058e-05	6.38717e-06	2.92065e-06	1.38631e-06	6.00474e-07	2.71458e-07	1.11751e-07	4.7929e-08	1.85731e-08	7.53437e-09	2.77931e-09	1.06649e-09	3.70271e-10	1.34297e-10	4.46644e-11	1.53334e-11	4.80301e-12	1.55957e-12	4.70606e-13	1.4468e-13	4.1015e-14	1.19024e-14	3.24599e-15	8.84737e-16	2.22473e-16	5.58338e-17	1.29807e-17	3.01287e-18	6.50434e-19	1.40372e-19	2.81518e-20	5.66414e-21	1.06373e-21	2.03214e-22	3.69018e-23	7.17192e-24	1.44491e-24	3.48571e-25	9.89688e-26	4.23284e-26	
N69	0.0181255	0.0210561	0.025694	0.0321614	0.0401428	0.0493638	0.0589	0.06807	0.0755257	0.0806646	0.0823572	0.0807601	0.0755215	0.0677563	0.0578435	0.0473878	0.0368865	0.0275858	0.019563	0.0133675	0.00865066	0.00542377	0.00321363	0.00186129	0.00101681	0.000549978	0.000279158	0.000142745	6.80781e-05	3.33123e-05	1.50001e-05	7.06582e-06	3.02616e-06	1.37268e-06	5.55563e-07	2.41245e-07	9.28348e-08	3.83676e-08	1.38698e-08	5.42127e-09	1.8658e-09	6.87447e-10	2.21686e-10	7.67137e-11	2.366e-11	7.68116e-12	2.21527e-12	6.73209e-13	1.86291e-13	5.29839e-14	1.36454e-14	3.62048e-15	8.91477e-16	2.19485e-16	4.92859e-17	1.10336e-17	2.26872e-18	4.64413e-19	8.78685e-20	1.65387e-20	2.87662e-21	4.98e-22	7.99859e-23	1.28892e-23	1.94971e-24	3.07735e-25	4.93318e-26	9.32767e-27	2.13672e-27	8.09641e-28	
N70	0.0148422	0.0173208	0.0213401	0.0271083	0.0344865	0.0433604	0.0529984	0.0628108	0.0714829	0.078316	0.0819779	0.0824119	0.0789455	0.0725801	0.0634333	0.0532607	0.0424288	0.0325493	0.0236137	0.0165831	0.0109729	0.00709895	0.00429592	0.00258921	0.00144467	0.000827798	0.000429239	0.000240204	0.000117974	6.64341e-05	3.10086e-05	1.78186e-05	8.1042e-06	4.72665e-06	2.04785e-06	1.18461e-06	5.0821e-07	2.84924e-07	1.15495e-07	6.16601e-08	2.51722e-08	1.26531e-08	4.83874e-09	2.27765e-09	8.88754e-10	3.90987e-10	1.41004e-10	5.79449e-11	2.14169e-11	8.24591e-12	2.77033e-12	9.98357e-13	3.42762e-13	1.15739e-13	3.50669e-14	1.06421e-14	2.96371e-15	8.26512e-16	2.14088e-16	5.53344e-17	1.323e-17	3.14701e-18	6.96737e-19	1.53996e-19	3.14772e-20	6.54283e-21	1.33336e-21	3.30599e-22	1.16098e-22	8.16692e-23	
N71	0.00175079	0.00206461	0.00260423	0.00344397	0.00465326	0.00634904	0.00861491	0.0115869	0.0153065	0.0198791	0.025222	0.0313395	0.0378924	0.0446706	0.0509853	0.0565151	0.0604756	0.0628153	0.0630711	0.0617647	0.0588446	0.0551282	0.0505598	0.0458484	0.0407538	0.0358081	0.0306895	0.0259038	0.0212026	0.017053	0.0132399	0.0101065	0.00743257	0.00538982	0.00375983	0.00259617	0.00172305	0.00113601	0.00071838	0.000452544	0.000272959	0.000164247	9.43593e-05	5.4133e-05	2.96059e-05	1.61685e-05	8.39975e-06	4.35885e-06	2.15118e-06	1.05977e-06	4.9593e-07	2.31674e-07	1.02872e-07	4.55464e-08	1.91522e-08	8.02927e-09	3.20118e-09	1.27384e-09	4.83537e-10	1.83672e-10	6.69511e-11	2.45663e-11	8.74659e-12	3.16445e-12	1.12988e-12	4.15953e-13	1.55693e-13	6.28609e-14	2.92076e-14	1.9523e-14	
N72	1.12168e-06	1.26241e-06	1.5513e-06	2.29986e-06	4.37263e-06	1.0167e-05	2.47666e-05	5.57435e-05	0.000112408	0.000223725	0.000509087	0.00136026	0.00384903	0.0105199	0.0260473	0.056116	0.101394	0.14993	0.177597	0.167663	0.126612	0.0786058	0.0422855	0.0219495	0.0125625	0.00833595	0.00584176	0.00389937	0.00233695	0.00123457	0.000569162	0.000229461	8.06847e-05	2.48716e-05	6.70689e-06	1.59158e-06	3.31669e-07	6.10967e-08	9.92141e-09	1.43087e-09	1.82717e-10	2.08348e-11	2.11308e-12	1.92477e-13	1.56722e-14	1.15361e-15	7.6286e-17	4.59162e-18	2.49575e-19	1.24404e-20	5.62803e-22	2.35341e-23	8.97791e-25	3.19379e-26	1.04204e-27	3.20179e-29	9.08188e-31	2.45494e-32	6.17923e-34	1.50268e-35	3.44218e-37	7.72486e-39	1.65256e-40	3.49098e-42	7.07684e-44	1.41259e-45	2.70253e-47	5.04226e-49	9.12073e-51	2.06998e-52	
Schoenoplectus_pungens	0	0	0	0	0	0	0	0	0	0	0	0	0	0	0	0	0	0	0	0	0	0	0	0	0	0	0	0	0	0	0	0	0	0	0	0	0	0	1	0	0	0	0	0	0	0	0	0	0	0	0	0	0	0	0	0	0	0	0	0	0	0	0	0	0	0	0	0	0	0	
N73	4.31128e-09	5.86323e-09	9.94684e-09	2.16708e-08	6.17598e-08	2.19972e-07	8.43826e-07	3.00582e-06	9.43407e-06	2.82011e-05	9.41964e-05	0.000373837	0.00155256	0.00587886	0.0187736	0.048594	0.099455	0.158548	0.195072	0.185059	0.13645	0.0801499	0.039411	0.0175953	0.00768592	0.00330756	0.00132011	0.000460305	0.000135571	3.33244e-05	6.81701e-06	1.1631e-06	1.6606e-07	1.99258e-08	2.0172e-09	1.73044e-10	1.26287e-11	7.8735e-13	4.20866e-14	1.93644e-15	7.69644e-17	2.65275e-18	7.95486e-20	2.08333e-21	4.78056e-23	9.65088e-25	1.71919e-26	2.71565e-28	3.81606e-30	4.81274e-32	5.47168e-34	5.76519e-36	5.67731e-38	5.81832e-40	5.98879e-42	7.92061e-44	9.56139e-46	1.55894e-47	1.86277e-49	3.04784e-51	3.27638e-53	5.01247e-55	4.78091e-57	6.74941e-59	5.93402e-61	8.32242e-63	9.07467e-65	1.60922e-66	2.60657e-68	5.3001e-70	
Schoenoplectus_acutus_var_acutus	0	0	0	0	0	0	0	0	0	0	0	0	0	0	0	0	0	0	1	0	0	0	0	0	0	0	0	0	0	0	0	0	0	0	0	0	0	0	0	0	0	0	0	0	0	0	0	0	0	0	0	0	0	0	0	0	0	0	0	0	0	0	0	0	0	0	0	0	0	0	
N74	5.01023e-11	8.64736e-11	2.21865e-10	7.80697e-10	3.40645e-09	1.6749e-08	8.47087e-08	4.04686e-07	1.74878e-06	7.07088e-06	2.93626e-05	0.000134925	0.000661935	0.0030465	0.0117615	0.0359217	0.0844168	0.150509	0.202056	0.203896	0.155286	0.0903217	0.0409529	0.0149366	0.00454107	0.00118716	0.00026886	5.24412e-05	8.60446e-06	1.18435e-06	1.33844e-07	1.2817e-08	1.00444e-09	7.16956e-11	4.19123e-12	2.70565e-13	1.36736e-14	9.62236e-16	4.44737e-17	3.05567e-18	1.20078e-19	7.03971e-21	2.28553e-22	1.11435e-23	3.03106e-25	1.24838e-26	2.93131e-28	1.04509e-29	2.18947e-31	6.90065e-33	1.32093e-34	3.71453e-36	6.53003e-38	1.63349e-39	2.62282e-41	5.80334e-43	8.45947e-45	1.64883e-46	2.19086e-48	3.77303e-50	4.6093e-52	7.03853e-54	8.04969e-56	1.10359e-57	1.19698e-59	1.49865e-61	1.64389e-63	2.18219e-65	3.16733e-67	6.96038e-69	
Schoenoplectus_lacustris	0	0	0	0	0	0	0	0	0	0	0	0	0	0	0	0	0	0	0	0	1	0	0	0	0	0	0	0	0	0	0	0	0	0	0	0	0	0	0	0	0	0	0	0	0	0	0	0	0	0	0	0	0	0	0	0	0	0	0	0	0	0	0	0	0	0	0	0	0	0	
Schoenoplectus_heterochaetus	0	0	0	0	0	0	0	0	0	0	0	0	0	0	0	0	0	0	1	0	0	0	0	0	0	0	0	0	0	0	0	0	0	0	0	0	0	0	0	0	0	0	0	0	0	0	0	0	0	0	0	0	0	0	0	0	0	0	0	0	0	0	0	0	0	0	0	0	0	0	
Actinoscirpus_grossus	0	0	0	0	0	0	0	0	0	0	0	0	0	0	0	0	0	0	0	0	0	0	0	0	0	0	0	0	0	0	0	0	0	0	0	0	0	0	0	0	1	0	0	0	0	0	0	0	0	0	0	0	0	0	0	0	0	0	0	0	0	0	0	0	0	0	0	0	0	0	
N75	0.00394357	0.00486308	0.00659419	0.00944246	0.0136929	0.019681	0.0274752	0.0370687	0.0478809	0.0593047	0.0700219	0.07911	0.0850498	0.0873854	0.0852644	0.0794407	0.0701552	0.0591221	0.0471196	0.0358555	0.0257714	0.0177328	0.0115122	0.00719075	0.00423708	0.00242254	0.00130575	0.000691394	0.000344992	0.000171724	8.02514e-05	3.8019e-05	1.68121e-05	7.62323e-06	3.19e-06	1.37865e-06	5.44943e-07	2.22592e-07	8.23521e-08	3.15167e-08	1.09068e-08	3.89076e-09	1.25143e-09	4.14944e-10	1.24731e-10	3.84321e-11	1.07447e-11	3.07702e-12	8.06961e-13	2.14943e-13	5.24931e-14	1.29944e-14	2.97727e-15	6.83166e-16	1.44648e-16	3.05314e-17	5.96762e-18	1.15898e-18	2.09293e-19	3.74821e-20	6.25636e-21	1.0372e-21	1.61602e-22	2.52756e-23	3.79151e-24	5.88369e-25	9.18275e-26	1.55422e-26	2.94711e-27	9.43023e-28	
N76	0.00194342	0.00241836	0.00333587	0.0048973	0.00734472	0.0110069	0.0161486	0.0230262	0.031598	0.0416982	0.0526332	0.063664	0.073492	0.0811765	0.08543	0.0859523	0.0822713	0.0752193	0.0652939	0.0541234	0.0425362	0.0319664	0.0227451	0.0155256	0.0100275	0.00625614	0.0036908	0.00212873	0.00116086	0.000630848	0.000323462	0.000169437	8.32357e-05	4.27872e-05	2.03233e-05	1.02634e-05	4.70226e-06	2.30268e-06	1.00512e-06	4.69417e-07	1.93638e-07	8.52525e-08	3.2987e-08	1.36084e-08	4.94453e-09	1.90755e-09	6.49754e-10	2.34497e-10	7.53223e-11	2.54605e-11	7.70365e-12	2.44251e-12	7.00544e-13	2.08285e-13	5.62835e-14	1.56464e-14	3.98006e-15	1.03366e-15	2.47467e-16	6.00676e-17	1.34939e-17	3.06077e-18	6.48703e-19	1.39562e-19	2.86607e-20	6.16249e-21	1.34804e-21	3.32398e-22	9.52463e-23	4.27974e-23	
N77	0.00117558	0.0014688	0.00204758	0.00306182	0.0047107	0.0072799	0.0110556	0.016356	0.023331	0.032038	0.0421261	0.0531053	0.063948	0.0737157	0.0810589	0.0852732	0.0854763	0.0819032	0.074638	0.0649791	0.0537191	0.0424535	0.0318057	0.0228263	0.0155127	0.0101531	0.00628462	0.00378411	0.00215248	0.00121226	0.000642951	0.000346701	0.000174755	9.2494e-05	4.49643e-05	2.36435e-05	1.11304e-05	5.77897e-06	2.61117e-06	1.31642e-06	5.66128e-07	2.72935e-07	1.10786e-07	5.05783e-08	1.93785e-08	8.33397e-09	3.00747e-09	1.21604e-09	4.15618e-10	1.57864e-10	5.10596e-11	1.82334e-11	5.62128e-12	1.88597e-12	5.51606e-13	1.73541e-13	4.81618e-14	1.42021e-14	3.74437e-15	1.03623e-15	2.58349e-16	6.68966e-17	1.57942e-17	3.8625e-18	8.78109e-19	2.12399e-19	5.16613e-20	1.47278e-20	5.03833e-21	2.82167e-21	
Scirpus_ficinioides	0	0	0	0	0	0	0	0	0	0	0	0	0	0	0	0	0	0	0	0	0	0	0	0	0	1	0	0	0	0	0	0	0	0	0	0	0	0	0	0	0	0	0	0	0	0	0	0	0	0	0	0	0	0	0	0	0	0	0	0	0	0	0	0	0	0	0	0	0	0	
N78	0.000234525	0.000313185	0.000487985	0.000833258	0.001472	0.00260414	0.00449761	0.00750835	0.011993	0.0183057	0.0265834	0.0367946	0.0484206	0.0607315	0.0724235	0.0823176	0.0888978	0.0913803	0.0890337	0.0823737	0.0720324	0.0596713	0.0465581	0.0343331	0.0237767	0.0155485	0.00952495	0.00551331	0.00298599	0.00153343	0.000736548	0.000337637	0.000144874	5.99467e-05	2.32305e-05	8.79552e-06	3.11626e-06	1.0935e-06	3.57356e-07	1.16867e-07	3.53034e-08	1.07339e-08	2.98425e-09	8.37064e-10	2.12929e-10	5.46913e-11	1.26641e-11	2.96331e-12	6.23418e-13	1.32607e-13	2.53303e-14	4.89621e-15	8.50625e-16	1.49547e-16	2.3658e-17	3.78749e-18	5.46888e-19	7.99117e-20	1.05731e-20	1.41591e-21	1.7268e-22	2.13735e-23	2.44024e-24	2.85248e-25	3.15113e-26	3.62263e-27	4.07607e-28	4.83208e-29	6.00297e-30	1.19579e-30	
N79	0.000191902	0.000253039	0.000387824	0.000653801	0.00114937	0.00203903	0.00355864	0.00603642	0.00984721	0.0153868	0.022902	0.0324291	0.0435577	0.055566	0.0672938	0.0776281	0.0852963	0.0894834	0.0894085	0.0851142	0.0768398	0.0657702	0.0530565	0.0403915	0.0288447	0.0194078	0.0122112	0.00725002	0.00401919	0.00211639	0.00103962	0.000492043	0.000217173	9.49981e-05	3.86692e-05	1.63194e-05	6.34195e-06	2.68885e-06	1.01942e-06	4.35718e-07	1.59837e-07	6.67698e-08	2.31686e-08	9.15621e-09	2.95614e-09	1.08513e-09	3.23588e-10	1.09528e-10	3.01307e-11	9.38709e-12	2.38598e-12	6.84868e-13	1.61385e-13	4.27467e-14	9.37638e-15	2.29772e-15	4.71057e-16	1.0701e-16	2.06183e-17	4.35592e-18	7.90768e-19	1.55534e-19	2.67676e-20	4.95e-21	8.23226e-22	1.49114e-22	2.62276e-23	5.35761e-24	1.26013e-24	5.0733e-25	
Isolepis_crassiuscula	0	0	0	0	0	0	0	0	0	0	0	0	0	0	0	0	0	0	0	0	0	0	0	0	0	0	0	0	0	0	0	1	0	0	0	0	0	0	0	0	0	0	0	0	0	0	0	0	0	0	0	0	0	0	0	0	0	0	0	0	0	0	0	0	0	0	0	0	0	0	
N80	2.72204e-05	4.75908e-05	0.000109707	0.000278934	0.000705416	0.00170006	0.00382018	0.00795941	0.0152956	0.0270859	0.0439963	0.065418	0.08863	0.109249	0.12213	0.123839	0.113683	0.094557	0.0711601	0.0485232	0.029959	0.0167812	0.00852113	0.00393177	0.00164777	0.000629111	0.000218632	6.94111e-05	2.01131e-05	5.34439e-06	1.29993e-06	2.91196e-07	5.99208e-08	1.14235e-08	2.00849e-09	3.29693e-10	5.0157e-11	7.20259e-12	9.63983e-13	1.23537e-13	1.48391e-14	1.73606e-15	1.90942e-16	2.07721e-17	2.11925e-18	2.16026e-19	2.04886e-20	1.94905e-21	1.70898e-22	1.50449e-23	1.21165e-24	9.80079e-26	7.22018e-27	5.34815e-28	3.60053e-29	2.44107e-30	1.50387e-31	9.35345e-33	5.29494e-34	3.03687e-35	1.59294e-36	8.52118e-38	4.21793e-39	2.15394e-40	1.04145e-41	5.27277e-43	2.60326e-44	1.34956e-45	7.03877e-47	5.39052e-48	
Ficinia_spiralis	0	0	0	0	0	0	0	0	0	0	0	0	0	0	1	0	0	0	0	0	0	0	0	0	0	0	0	0	0	0	0	0	0	0	0	0	0	0	0	0	0	0	0	0	0	0	0	0	0	0	0	0	0	0	0	0	0	0	0	0	0	0	0	0	0	0	0	0	0	0	
Ficinia_nodosa	0	0	0	0	0	0	0	0	0	0	0	0	0	0	1	0	0	0	0	0	0	0	0	0	0	0	0	0	0	0	0	0	0	0	0	0	0	0	0	0	0	0	0	0	0	0	0	0	0	0	0	0	0	0	0	0	0	0	0	0	0	0	0	0	0	0	0	0	0	0	
N81	0.000253796	0.000325688	0.000477462	0.000765153	0.0012807	0.00217544	0.00366018	0.00602703	0.00960525	0.0147447	0.0216448	0.0302892	0.0402123	0.0506784	0.0606478	0.0693358	0.0760128	0.0804278	0.0821491	0.081081	0.0768616	0.0697835	0.0601601	0.0491936	0.0378769	0.0275417	0.018776	0.0120926	0.00729413	0.00417928	0.0022444	0.00115806	0.000561707	0.000267178	0.000119883	5.42586e-05	2.31508e-05	1.02347e-05	4.21257e-06	1.81997e-06	7.16707e-07	2.96425e-07	1.09634e-07	4.24521e-08	1.45382e-08	5.20254e-09	1.6386e-09	5.3906e-10	1.55927e-10	4.71305e-11	1.25373e-11	3.48705e-12	8.55588e-13	2.19532e-13	4.98655e-14	1.18389e-14	2.49931e-15	5.50787e-16	1.08625e-16	2.23122e-17	4.13281e-18	7.96245e-19	1.40341e-19	2.58429e-20	4.47461e-21	8.23825e-22	1.50004e-22	2.99847e-23	6.69181e-24	2.48758e-24	
Isolepis_prolifera	0	0	0	0	0	0	0	0	0	0	0	0	0	0	0	0	0	0	0	0	0	0	0	0	0	0	0	0	0	0	0	0	1	0	0	0	0	0	0	0	0	0	0	0	0	0	0	0	0	0	0	0	0	0	0	0	0	0	0	0	0	0	0	0	0	0	0	0	0	0	
Isolepis_setacea	0	0	0	0	0	0	0	0	0	0	0	0	0	1	0	0	0	0	0	0	0	0	0	0	0	0	0	0	0	0	0	0	0	0	0	0	0	0	0	0	0	0	0	0	0	0	0	0	0	0	0	0	0	0	0	0	0	0	0	0	0	0	0	0	0	0	0	0	0	0	
Scirpoides_holoschoenus	0	0	0	0	0	0	0	0	0	0	0	0	0	0	0	0	0	0	0	0	1	0	0	0	0	0	0	0	0	0	0	0	0	0	0	0	0	0	0	0	0	0	0	0	0	0	0	0	0	0	0	0	0	0	0	0	0	0	0	0	0	0	0	0	0	0	0	0	0	0	
N82	0.000697266	0.000917697	0.00138801	0.00226742	0.00378504	0.00627285	0.0100884	0.0156355	0.0231438	0.0327341	0.0440385	0.0564938	0.0688402	0.0798779	0.0878819	0.0919271	0.0909889	0.085464	0.0757643	0.0636425	0.0503693	0.0377651	0.0266379	0.0178126	0.0111988	0.0066919	0.00375821	0.00201496	0.00101591	0.000492619	0.000224784	9.96507e-05	4.16063e-05	1.7084e-05	6.59708e-06	2.53386e-06	9.11433e-07	3.28567e-07	1.1005e-07	3.70663e-08	1.15087e-08	3.59432e-09	1.02753e-09	2.95439e-10	7.74906e-11	2.04291e-11	4.90289e-12	1.1832e-12	2.60188e-13	5.75031e-14	1.15899e-14	2.34844e-15	4.35301e-16	8.09776e-17	1.38012e-17	2.35809e-18	3.70239e-19	5.82211e-20	8.44947e-21	1.22779e-21	1.65589e-22	2.24256e-23	2.8536e-24	3.68032e-25	4.55736e-26	5.81524e-27	7.3449e-28	9.74073e-29	1.38309e-29	3.10201e-30	
N83	0.000248091	0.000322549	0.000482202	0.000787733	0.00133637	0.00228443	0.00383862	0.00627658	0.00988506	0.0149726	0.0217162	0.0302102	0.0402043	0.051291	0.0625433	0.0730331	0.0813579	0.0865912	0.087648	0.0845659	0.0774172	0.0674953	0.0557367	0.0438478	0.0326557	0.0232266	0.0156395	0.0101045	0.00618814	0.00366761	0.00206448	0.00113931	0.000598759	0.000313883	0.000156758	7.94274e-05	3.81607e-05	1.88081e-05	8.69222e-06	4.13456e-06	1.82154e-06	8.25168e-07	3.428e-07	1.46226e-07	5.69016e-08	2.27183e-08	8.25377e-09	3.07746e-09	1.04444e-09	3.63847e-10	1.15497e-10	3.76513e-11	1.1215e-11	3.42809e-12	9.59984e-13	2.75582e-13	7.27372e-14	1.96513e-14	4.90608e-15	1.2517e-15	2.96946e-16	7.20537e-17	1.64685e-17	3.87798e-18	8.80505e-19	2.09483e-19	4.99332e-20	1.29072e-20	3.81136e-21	1.84082e-21	
Cyperus_fuscus	0	0	0	0	0	0	0	0	0	0	0	0	0	0	0	0	0	0	0	0	0	0	0	1	0	0	0	0	0	0	0	0	0	0	0	0	0	0	0	0	0	0	0	0	0	0	0	0	0	0	0	0	0	0	0	0	0	0	0	0	0	0	0	0	0	0	0	0	0	0	
Cyperus_eragrostis	0	0	0	0	0	0	0	0	0	0	0	0	0	0	0	0	0	0	0	0	1	0	0	0	0	0	0	0	0	0	0	0	0	0	0	0	0	0	0	0	0	0	0	0	0	0	0	0	0	0	0	0	0	0	0	0	0	0	0	0	0	0	0	0	0	0	0	0	0	0	
N84	0.000485371	0.00064722	0.00100063	0.00167872	0.00288717	0.00493431	0.00818998	0.0130819	0.0199394	0.0289635	0.0399609	0.0524315	0.0652873	0.0772593	0.0866804	0.0923211	0.0930636	0.0888772	0.0801152	0.0682714	0.0547866	0.041511	0.0295479	0.0198453	0.0124985	0.00743614	0.00414106	0.00218624	0.00107899	0.000509185	0.000224318	9.60301e-05	3.83039e-05	1.52641e-05	5.63346e-06	2.15688e-06	7.53132e-07	2.8318e-07	9.43954e-08	3.47188e-08	1.09627e-08	3.8597e-09	1.138e-09	3.75411e-10	1.02359e-10	3.12324e-11	7.83978e-12	2.2008e-12	5.08911e-13	1.31288e-13	2.80328e-14	6.65789e-15	1.31908e-15	2.89057e-16	5.33615e-17	1.08232e-17	1.86987e-18	3.51908e-19	5.72078e-20	1.00266e-20	1.5361e-21	2.51001e-22	3.64473e-23	5.61318e-24	7.87821e-25	1.19284e-25	1.76813e-26	3.00732e-27	5.82972e-28	1.92408e-28	
N85	0.000142385	0.000182116	0.000270854	0.000456461	0.000831609	0.00156745	0.00292998	0.00530697	0.00915512	0.0149585	0.022994	0.0332479	0.0451074	0.0576644	0.0695823	0.0798216	0.0871436	0.0909588	0.0904885	0.085952	0.0774104	0.0660786	0.052854	0.0395921	0.0273841	0.0175414	0.0102359	0.00550187	0.0026718	0.00120107	0.000486581	0.000185639	6.40032e-05	2.13938e-05	6.48404e-06	1.96978e-06	5.4248e-07	1.53985e-07	3.94767e-08	1.06312e-08	2.57816e-09	6.62766e-10	1.52556e-10	3.71645e-11	8.02917e-12	1.81847e-12	3.61143e-13	7.43915e-14	1.33312e-14	2.45388e-15	3.9125e-16	6.36336e-17	8.96785e-18	1.28058e-18	1.58863e-19	1.98611e-20	2.1677e-21	2.37143e-22	2.28166e-23	2.18859e-24	1.8597e-25	1.57024e-26	1.1906e-27	9.00973e-29	6.27699e-30	4.45286e-31	3.0457e-32	2.17181e-33	1.57772e-34	1.72121e-35	
N86	3.72116e-05	4.95993e-05	7.82549e-05	0.000139538	0.000267259	0.000530182	0.00105168	0.00204363	0.00382414	0.00685727	0.0116913	0.0189027	0.0287192	0.0409115	0.0543131	0.0675438	0.0786307	0.0866056	0.0901489	0.0897844	0.0850028	0.077506	0.0668773	0.0555461	0.0429584	0.0320152	0.0217106	0.0145417	0.00865367	0.00549037	0.00298788	0.00196699	0.00103485	0.0007212	0.000363522	0.000247814	0.000115548	7.19957e-05	3.0232e-05	1.67875e-05	6.35935e-06	3.12172e-06	1.06215e-06	4.6116e-07	1.42935e-07	5.48585e-08	1.54486e-08	5.26521e-09	1.37395e-09	4.16322e-10	1.00014e-10	2.71389e-11	6.12526e-12	1.48884e-12	3.09176e-13	6.72394e-14	1.28214e-14	2.49552e-15	4.36849e-16	7.64733e-17	1.21045e-17	1.88656e-18	2.69222e-19	3.75529e-20	4.79038e-21	6.04277e-22	7.412e-23	1.02639e-23	1.77185e-24	5.795e-25	
N87	1.97528e-05	2.66328e-05	4.23966e-05	7.51046e-05	0.000140579	0.000269745	0.000518281	0.000984137	0.0018248	0.00328712	0.00572326	0.00961214	0.0154763	0.0237602	0.0344689	0.0469909	0.0597534	0.0708132	0.0781275	0.0810336	0.0797252	0.0759065	0.0704732	0.064666	0.0577929	0.050542	0.0418904	0.0337859	0.0253316	0.0191316	0.0132957	0.0100764	0.00682734	0.00546757	0.00364327	0.00297162	0.00187502	0.00146126	0.000846438	0.000607955	0.000319634	0.000208547	9.93252e-05	5.8584e-05	2.53399e-05	1.34871e-05	5.32419e-06	2.56156e-06	9.29799e-07	4.05041e-07	1.36456e-07	5.41218e-08	1.7092e-08	6.18873e-09	1.84751e-09	6.14513e-10	1.737e-10	5.30563e-11	1.42252e-11	4.00612e-12	1.0069e-12	2.59457e-13	6.08058e-14	1.43907e-14	3.1291e-15	6.95406e-16	1.52622e-16	3.83831e-17	1.19426e-17	6.62426e-18	
N88	3.9623e-09	5.64404e-09	9.01113e-09	1.1078e-08	1.12793e-08	1.42904e-08	2.15148e-08	2.62202e-08	2.76723e-08	3.60284e-08	4.67586e-08	5.05215e-08	4.71711e-08	5.81347e-08	1.05149e-07	2.87176e-07	1.57132e-06	1.14011e-05	5.28627e-05	7.29842e-05	2.16674e-05	3.26238e-06	5.384e-07	1.51177e-07	7.30875e-08	6.01977e-08	6.48363e-08	5.71408e-08	4.31491e-08	4.75666e-08	1.09725e-07	6.39827e-07	7.75361e-06	0.000111428	0.00128241	0.0106379	0.0576561	0.191342	0.333387	0.276289	0.104518	0.0217106	0.00265613	0.000221765	1.26755e-05	5.55149e-07	1.80432e-08	4.80419e-10	9.96994e-12	1.77007e-13	2.53178e-15	3.19441e-17	3.32679e-19	3.12765e-21	2.4728e-23	1.79737e-25	1.11571e-27	6.46539e-30	3.2453e-32	1.54192e-34	6.44287e-37	2.58592e-39	9.31325e-42	3.27675e-44	1.06235e-46	3.41837e-49	1.04043e-51	3.15056e-54	9.12232e-57	2.85026e-59	
Cyperus_houghtonii	0	0	0	0	0	0	0	0	0	0	0	0	0	0	0	0	0	0	0	0	0	0	0	0	0	0	0	0	0	0	0	0	0	0	0	0	0	0	1	0	0	0	0	0	0	0	0	0	0	0	0	0	0	0	0	0	0	0	0	0	0	0	0	0	0	0	0	0	0	0	
Cyperus_schweinitzii	0	0	0	0	0	0	0	0	0	0	0	0	0	0	0	0	0	0	0	0	0	0	0	0	0	0	0	0	0	0	0	0	0	0	0	0	0	0	0	1	0	0	0	0	0	0	0	0	0	0	0	0	0	0	0	0	0	0	0	0	0	0	0	0	0	0	0	0	0	0	
Lipocarpha_micrantha	0	0	0	0	0	0	0	0	0	0	0	0	0	0	0	0	0	0	0	0	0	0	0	0	0	1	0	0	0	0	0	0	0	0	0	0	0	0	0	0	0	0	0	0	0	0	0	0	0	0	0	0	0	0	0	0	0	0	0	0	0	0	0	0	0	0	0	0	0	0	
Lipocarpha_microcephala	0	0	0	0	0	0	0	0	0	0	0	0	0	0	0	0	0	0	0	0	0	0	1	0	0	0	0	0	0	0	0	0	0	0	0	0	0	0	0	0	0	0	0	0	0	0	0	0	0	0	0	0	0	0	0	0	0	0	0	0	0	0	0	0	0	0	0	0	0	0	
N89	0.00049305	0.000714297	0.00119854	0.00209537	0.00361164	0.00601105	0.00956228	0.0145123	0.0210052	0.0290633	0.0384526	0.0485306	0.0579722	0.0654479	0.070735	0.0745004	0.0769847	0.0779309	0.0768513	0.0733828	0.0671933	0.0582186	0.0467659	0.0340749	0.0220233	0.0124471	0.00609902	0.00260831	0.000989464	0.000346224	0.000116621	3.98237e-05	1.39414e-05	5.06229e-06	1.84438e-06	6.9458e-07	2.59418e-07	1.04813e-07	4.20037e-08	1.92985e-08	8.45617e-09	4.31657e-09	1.95005e-09	1.00667e-09	4.33184e-10	2.08857e-10	8.14222e-11	3.51754e-11	1.21352e-11	4.61655e-12	1.39628e-12	4.64604e-13	1.22807e-13	3.56788e-14	8.24576e-15	2.09266e-15	4.23828e-16	9.41618e-17	1.67933e-17	3.27865e-18	5.18383e-19	8.95038e-20	1.27177e-20	1.97533e-21	2.61455e-22	3.86877e-23	5.36021e-24	8.91105e-25	1.65992e-25	4.9778e-26	
N90	0.00398906	0.00547208	0.00874642	0.0148594	0.0249845	0.0400154	0.0596347	0.081873	0.102787	0.117684	0.122484	0.115765	0.0991595	0.07692	0.0539492	0.0342002	0.019572	0.0101086	0.00470717	0.00197653	0.000748206	0.000255513	7.87221e-05	2.19064e-05	5.5101e-06	1.25499e-06	2.59084e-07	4.85999e-08	8.29839e-09	1.29463e-09	1.85005e-10	2.43614e-11	2.97008e-12	3.3889e-13	3.65065e-14	3.78342e-15	3.82203e-16	3.85201e-17	3.88819e-18	3.9661e-19	4.01633e-20	4.01576e-21	3.87434e-22	3.5941e-23	3.15673e-24	2.62895e-25	2.05634e-26	1.51634e-27	1.04763e-28	6.81191e-30	4.14852e-31	2.3773e-32	1.27682e-33	6.45829e-35	3.06462e-36	1.37119e-37	5.76316e-39	2.28859e-40	8.55208e-42	3.02921e-43	1.01365e-44	3.24206e-46	9.9198e-48	2.97497e-49	8.88485e-51	2.76501e-52	9.15357e-54	3.28759e-55	1.25731e-56	6.78477e-58	
Kyllinga_brevifolia	0	0	0	0	0	0	0	0	1	0	0	0	0	0	0	0	0	0	0	0	0	0	0	0	0	0	0	0	0	0	0	0	0	0	0	0	0	0	0	0	0	0	0	0	0	0	0	0	0	0	0	0	0	0	0	0	0	0	0	0	0	0	0	0	0	0	0	0	0	0	
Kyllinga_bulbosa	0	0	0	0	0	0	1	0	0	0	0	0	0	0	0	0	0	0	0	0	0	0	0	0	0	0	0	0	0	0	0	0	0	0	0	0	0	0	0	0	0	0	0	0	0	0	0	0	0	0	0	0	0	0	0	0	0	0	0	0	0	0	0	0	0	0	0	0	0	0	
N91	0.000118529	0.000164466	0.000264793	0.000452772	0.000778617	0.00131562	0.00215637	0.00341687	0.00521755	0.00767245	0.0108306	0.0146728	0.0190794	0.0239395	0.0291086	0.0344556	0.0397859	0.0449203	0.049207	0.0519424	0.0517191	0.0483933	0.0413687	0.0328739	0.0231966	0.0157547	0.00931568	0.00613946	0.00343709	0.00282178	0.00179898	0.00202991	0.00153272	0.00206428	0.00169638	0.00242091	0.00207252	0.00304327	0.00275282	0.00423879	0.00413492	0.00659803	0.00680109	0.0107343	0.0112254	0.0166364	0.017239	0.0234649	0.0237906	0.0292567	0.028865	0.0322529	0.0304451	0.0306435	0.0273584	0.025046	0.0206419	0.0169822	0.0128846	0.00960212	0.00655252	0.00434524	0.00267122	0.00159124	0.000871499	0.000470561	0.000250835	0.000156591	0.000133445	0.000182878	
Cyperus_papyrus	0	0	0	0	0	0	0	0	0	0	0	0	0	0	0	0	0	0	0	0	0	0	0	0	0	0	0	0	0	0	0	0	0	0	0	0	0	0	0	0	0	0	0	0	0	0	0	0	0	1	0	0	0	0	0	0	0	0	0	0	0	0	0	0	0	0	0	0	0	0	
Cyperus_longus	0	0	0	0	0	0	0	0	0	0	0	0	0	0	0	0	0	0	0	0	0	0	0	0	0	0	0	0	0	0	0	0	0	0	0	0	0	0	0	0	0	0	0	0	0	0	0	0	0	0	0	0	0	0	0	0	0	0	0	1	0	0	0	0	0	0	0	0	0	0	
N92	6.72439e-09	1.06091e-08	2.67288e-08	1.01015e-07	4.79203e-07	2.30544e-06	8.40488e-06	1.97832e-05	4.56003e-05	0.000217557	0.00147094	0.00862468	0.0372537	0.111477	0.219281	0.272284	0.208464	0.100707	0.0319335	0.00697814	0.00109301	0.000127601	1.14087e-05	8.03994e-07	4.54706e-08	2.10978e-09	8.1235e-11	2.64295e-12	7.31662e-14	1.75135e-15	3.63643e-17	6.6514e-19	1.07189e-20	1.54643e-22	1.99095e-24	2.32804e-26	2.45593e-28	2.38501e-30	2.1086e-32	1.73744e-34	1.31295e-36	9.34904e-39	6.13641e-41	3.82913e-43	2.20933e-45	1.22e-47	6.23683e-50	3.06596e-52	1.39612e-54	6.13499e-57	2.49791e-59	9.84477e-62	3.59845e-64	1.27701e-66	4.20912e-69	1.35159e-71	4.04246e-74	1.18309e-76	3.24044e-79	8.73515e-82	2.22088e-84	5.60116e-87	1.34796e-89	3.24592e-92	7.56002e-95	1.77126e-97	4.05298e-100	9.29704e-103	2.08579e-105	5.06935e-108	
Cyperus_involucratus	0	0	0	0	0	0	0	0	0	0	0	0	0	0	0	1	0	0	0	0	0	0	0	0	0	0	0	0	0	0	0	0	0	0	0	0	0	0	0	0	0	0	0	0	0	0	0	0	0	0	0	0	0	0	0	0	0	0	0	0	0	0	0	0	0	0	0	0	0	0	
Cyperus_alternifolius	0	0	0	0	0	0	0	0	0	0	0	0	0	0	0	1	0	0	0	0	0	0	0	0	0	0	0	0	0	0	0	0	0	0	0	0	0	0	0	0	0	0	0	0	0	0	0	0	0	0	0	0	0	0	0	0	0	0	0	0	0	0	0	0	0	0	0	0	0	0	
N93	0.00353022	0.00463326	0.0068101	0.0104297	0.0158324	0.0233783	0.033066	0.0447432	0.0575417	0.0705132	0.081903	0.0903984	0.0942634	0.0930703	0.086511	0.0759443	0.0626289	0.0486962	0.0355085	0.024391	0.0157033	0.00952571	0.00541388	0.00290072	0.00145669	0.000690605	0.000306991	0.000129053	5.09167e-05	1.90458e-05	6.69233e-06	2.23583e-06	7.02632e-07	2.10693e-07	5.94934e-08	1.60897e-08	4.10292e-09	1.00611e-09	2.32781e-10	5.19851e-11	1.09602e-11	2.23784e-12	4.31221e-13	8.06883e-14	1.42454e-14	2.44702e-15	3.96226e-16	6.25239e-17	9.29765e-18	1.34893e-18	1.84314e-19	2.46024e-20	3.09443e-21	3.80632e-22	4.41372e-23	5.01442e-24	5.38237e-25	5.67775e-26	5.6822e-27	5.61295e-28	5.29589e-29	4.96266e-30	4.48454e-31	4.04989e-32	3.56234e-33	3.14123e-34	2.71627e-35	2.35798e-36	2.09774e-37	2.79344e-38	
Schoenoplectus_hallii	0	0	0	0	0	0	0	0	0	0	1	0	0	0	0	0	0	0	0	0	0	0	0	0	0	0	0	0	0	0	0	0	0	0	0	0	0	0	0	0	0	0	0	0	0	0	0	0	0	0	0	0	0	0	0	0	0	0	0	0	0	0	0	0	0	0	0	0	0	0	
N94	0.00109275	0.00148623	0.00235074	0.00399276	0.00683811	0.0114597	0.0183762	0.0280424	0.0403768	0.0549534	0.0703285	0.0848909	0.0960646	0.102185	0.101424	0.0943059	0.0814861	0.0658255	0.0492438	0.0344498	0.0222733	0.0135109	0.00755774	0.00399389	0.00194234	0.000904167	0.000385836	0.000161269	6.14642e-05	2.37764e-05	8.28161e-06	3.06378e-06	1.00061e-06	3.60265e-07	1.10853e-07	3.84243e-08	1.11127e-08	3.62174e-09	9.67135e-10	2.90811e-10	7.18651e-11	1.97568e-11	4.47255e-12	1.12182e-12	2.36053e-13	5.4084e-14	1.04861e-14	2.20138e-15	4.01182e-16	7.74022e-17	1.3077e-17	2.32485e-18	3.71522e-19	6.07953e-20	8.93685e-21	1.33271e-21	1.8054e-22	2.46158e-23	3.08246e-24	3.8589e-25	4.44745e-26	5.09825e-27	5.41769e-28	5.73629e-29	5.68537e-30	5.77059e-31	5.85184e-32	6.67331e-33	8.78641e-34	2.05319e-34	
Schoenoplectus_articulatus	0	0	0	0	0	0	0	0	0	0	0	0	0	0	1	0	0	0	0	0	0	0	0	0	0	0	0	0	0	0	0	0	0	0	0	0	0	0	0	0	0	0	0	0	0	0	0	0	0	0	0	0	0	0	0	0	0	0	0	0	0	0	0	0	0	0	0	0	0	0	
N95	6.37787e-08	7.86793e-08	1.15054e-07	2.10055e-07	4.88734e-07	1.45732e-06	5.17208e-06	1.76053e-05	4.78487e-05	9.99143e-05	0.000177018	0.000350604	0.00107561	0.00418088	0.0146979	0.0418302	0.0928107	0.158704	0.205615	0.201516	0.147906	0.0820948	0.0343674	0.0110914	0.00276257	0.000547823	8.62884e-05	1.12268e-05	1.19366e-06	1.08847e-07	8.30647e-09	5.6321e-10	3.25265e-11	1.71828e-12	7.80081e-14	3.30739e-15	1.20964e-16	4.1845e-18	1.24984e-19	3.56408e-21	8.80436e-23	2.09044e-24	4.31595e-26	8.62594e-28	1.50944e-29	2.56941e-31	3.85226e-33	5.64959e-35	7.36009e-37	9.39944e-39	1.07296e-40	1.20416e-42	1.21822e-44	1.20972e-46	1.08765e-48	9.59488e-51	7.70838e-53	6.07274e-55	4.38522e-57	3.10621e-59	2.03e-61	1.30615e-63	7.85293e-66	4.70084e-68	2.68752e-70	1.56161e-72	8.93941e-75	5.27563e-77	3.11061e-79	2.14656e-81	
N96	5.73905e-11	8.00483e-11	1.3636e-10	2.84924e-10	7.92698e-10	3.16734e-09	1.89339e-08	1.3488e-07	8.02254e-07	2.81768e-06	4.57594e-06	4.73057e-06	7.82701e-06	3.06893e-05	0.000260362	0.00227493	0.014533	0.062117	0.168631	0.277511	0.266843	0.148463	0.0483665	0.00961544	0.00122104	0.000105115	6.34954e-06	2.991e-07	1.1001e-08	4.28329e-10	1.37372e-11	5.82483e-13	1.61391e-14	5.70186e-16	1.18428e-17	3.12181e-19	4.82378e-21	9.57478e-23	1.12637e-24	1.72447e-26	1.58215e-28	1.91159e-30	1.40083e-32	1.364e-34	8.19156e-37	6.5568e-39	3.33089e-41	2.23726e-43	9.99795e-46	5.75298e-48	2.36626e-50	1.19291e-52	4.66946e-55	2.09351e-57	7.89098e-60	3.18729e-62	1.13659e-64	4.13409e-67	1.37475e-69	4.53891e-72	1.37933e-74	4.11226e-77	1.14361e-79	3.113e-82	7.87223e-85	1.97767e-87	4.87662e-90	1.31369e-92	3.91416e-95	1.45526e-97	
Schoenoplectus_smithii_var_smithii	0	0	0	0	0	0	0	0	0	0	0	0	0	0	0	0	0	0	0	1	0	0	0	0	0	0	0	0	0	0	0	0	0	0	0	0	0	0	0	0	0	0	0	0	0	0	0	0	0	0	0	0	0	0	0	0	0	0	0	0	0	0	0	0	0	0	0	0	0	0	
Schoenoplectiella_hotarui	0	0	0	0	0	0	0	0	0	0	0	0	0	0	0	0	0	0	0	0	0	1	0	0	0	0	0	0	0	0	0	0	0	0	0	0	0	0	0	0	0	0	0	0	0	0	0	0	0	0	0	0	0	0	0	0	0	0	0	0	0	0	0	0	0	0	0	0	0	0	
Schoenoplectus_purshianus_var_purshianus	0	0	0	0	0	0	0	0	0	0	0	0	0	0	0	0	0	0	1	0	0	0	0	0	0	0	0	0	0	0	0	0	0	0	0	0	0	0	0	0	0	0	0	0	0	0	0	0	0	0	0	0	0	0	0	0	0	0	0	0	0	0	0	0	0	0	0	0	0	0	
Fuirena_ciliaris	0	0	0	0	0	0	0	0	0	0	0	0	0	0	0	0	0	0	1	0	0	0	0	0	0	0	0	0	0	0	0	0	0	0	0	0	0	0	0	0	0	0	0	0	0	0	0	0	0	0	0	0	0	0	0	0	0	0	0	0	0	0	0	0	0	0	0	0	0	0	
N97	2.30209e-05	2.50031e-05	2.74056e-05	3.07702e-05	3.58656e-05	4.43902e-05	5.87836e-05	8.4966e-05	0.000133667	0.000219803	0.000350066	0.000500933	0.000612326	0.000648754	0.000624295	0.000621021	0.000801498	0.00161492	0.00441985	0.0128851	0.0340988	0.0754849	0.131293	0.17512	0.178021	0.143062	0.0949546	0.0559066	0.0310906	0.0175563	0.0103362	0.00647928	0.0044039	0.00345171	0.00308991	0.00294852	0.0027003	0.00227277	0.00168845	0.00111107	0.00063452	0.000318772	0.000138263	5.26519e-05	1.72711e-05	4.97317e-06	1.2328e-06	2.68946e-07	5.06783e-08	8.45351e-09	1.22558e-09	1.58678e-10	1.80215e-11	1.84646e-12	1.67606e-13	1.3875e-14	1.029e-15	7.03888e-17	4.36473e-18	2.52417e-19	1.33968e-20	6.70181e-22	3.11383e-23	1.375e-24	5.69492e-26	2.25226e-27	8.40578e-29	2.99871e-30	1.0246e-31	4.5398e-33	
Bolboschoenus_planiculmis	0	0	0	0	0	0	0	0	0	0	0	0	0	0	0	0	0	0	0	0	0	0	0	0	0	0	0	1	0	0	0	0	0	0	0	0	0	0	0	0	0	0	0	0	0	0	0	0	0	0	0	0	0	0	0	0	0	0	0	0	0	0	0	0	0	0	0	0	0	0	
Bolboschoenus_fluviatilis	0	0	0	0	0	0	0	0	0	0	0	0	0	0	0	0	0	0	0	0	0	0	0	0	0	0	0	0	0	0	0	0	0	0	0	0	0	0	0	0	0	0	0	0	0	0	1	0	0	0	0	0	0	0	0	0	0	0	0	0	0	0	0	0	0	0	0	0	0	0	
