NODE	1	2	3	4	5	6	7	8	9	10	11	12	13	14	15	16	17	18	19	20	21	22	23	24	25	26	27	28	29	30	31	32	33	34	35	36	37	38	39	40	41	42	43	44	45	46	47	48	49	50	51	52	53	54	55	56	57	58	59	60	61	62	
N1	2.07035e-012	2.29965e-012	2.83595e-012	3.8413e-012	5.62014e-012	8.72525e-012	1.41501e-011	2.3679e-011	4.05339e-011	7.05947e-011	1.2478e-010	2.23874e-010	4.08262e-010	7.58823e-010	1.44328e-009	2.82256e-009	5.70302e-009	1.19517e-008	2.60354e-008	4.93566e-008	8.56752e-008	1.39715e-007	2.17003e-007	3.23193e-007	4.62344e-007	6.33363e-007	8.23607e-007	9.99277e-007	1.2191e-006	1.50697e-006	1.90326e-006	2.47654e-006	3.34501e-006	4.71681e-006	6.9663e-006	1.07789e-005	1.74244e-005	2.92648e-005	5.06756e-005	8.966e-005	0.000160544	0.000288213	0.000514281	0.000905168	0.00156122	0.00264543	0.00437394	0.00702008	0.0108956	0.0163088	0.0234993	0.0325579	0.0433492	0.0554652	0.0682332	0.0807939	0.0922446	0.101816	0.109039	0.113843	0.11655	0.117711	
N2	7.75982e-007	6.71855e-007	7.22193e-007	9.09247e-007	1.26677e-006	1.88997e-006	2.97196e-006	4.88256e-006	8.3228e-006	1.4616e-005	2.6238e-005	4.77459e-005	8.73323e-005	0.000159284	0.000287628	0.000511107	0.00088931	0.00150912	0.00248972	0.00398851	0.00619194	0.00930131	0.0135045	0.0189352	0.0256248	0.033456	0.0421308	0.051168	0.0598529	0.0674324	0.0731722	0.0764736	0.0769772	0.0746276	0.0696831	0.0626693	0.0542868	0.0452964	0.0364067	0.0281886	0.0210266	0.0151114	0.010465	0.00698485	0.00449501	0.0027864	0.00166405	0.000957554	0.000530997	0.000283796	0.000146205	7.26131e-005	3.47724e-005	1.60583e-005	7.15355e-006	3.0752e-006	1.27675e-006	5.12968e-007	2.00608e-007	7.77555e-008	3.15919e-008	1.56959e-008	
Blysmus_compressus	0	0	0	0	0	0	0	0	0	0	0	0	0	0	0	0	0	0	0	0	0	1	0	0	0	0	0	0	0	0	0	0	0	0	0	0	0	0	0	0	0	0	0	0	0	0	0	0	0	0	0	0	0	0	0	0	0	0	0	0	0	0	
Dulichium_arundinaceum	0	0	0	0	0	0	0	0	0	0	0	0	0	0	0	1	0	0	0	0	0	0	0	0	0	0	0	0	0	0	0	0	0	0	0	0	0	0	0	0	0	0	0	0	0	0	0	0	0	0	0	0	0	0	0	0	0	0	0	0	0	0	
N3	5.88584e-013	5.73942e-013	7.53508e-013	1.19083e-012	2.08109e-012	3.84005e-012	7.29104e-012	1.40113e-011	2.6939e-011	5.13987e-011	9.67989e-011	1.79427e-010	3.27049e-010	5.86817e-010	1.03956e-009	1.82727e-009	3.20884e-009	5.67907e-009	1.02348e-008	1.73225e-008	2.80935e-008	4.42473e-008	6.83395e-008	1.04263e-007	1.57979e-007	2.38542e-007	3.59267e-007	5.38249e-007	8.39419e-007	1.36544e-006	2.31419e-006	4.07109e-006	7.38997e-006	1.37407e-005	2.59596e-005	4.94247e-005	9.40911e-005	0.000177839	0.000331655	0.000607054	0.00108574	0.00189049	0.00319475	0.00522623	0.00825785	0.0126037	0.018545	0.0262608	0.0357347	0.0466642	0.0584031	0.0699704	0.0801487	0.0876754	0.0914925	0.0909942	0.0861934	0.077745	0.066803	0.054751	0.042886	0.0321565	
N4	5.02392e-012	4.82238e-012	6.07137e-012	8.94067e-012	1.42809e-011	2.39317e-011	4.14841e-011	7.38146e-011	1.34043e-010	2.47137e-010	4.60415e-010	8.63072e-010	1.62205e-009	3.04791e-009	5.71639e-009	1.06966e-008	1.99924e-008	3.74354e-008	7.05932e-008	1.28225e-007	2.26737e-007	3.93936e-007	6.78052e-007	1.1643e-006	2.00421e-006	3.46513e-006	6.00717e-006	1.03892e-005	1.81731e-005	3.19593e-005	5.6199e-005	9.83764e-005	0.000170826	0.00029342	0.000497338	0.000830022	0.00136109	0.00218842	0.00344284	0.0052887	0.00791691	0.0115268	0.0162942	0.0223255	0.0296042	0.0379935	0.0471284	0.0564333	0.0651604	0.0724773	0.077593	0.0798964	0.0790761	0.0751882	0.0686538	0.0601847	0.0506584	0.0409721	0.0319103	0.0240493	0.0177087	0.0129467	
N5	6.67232e-009	6.33622e-009	7.80968e-009	1.11613e-008	1.71522e-008	2.73867e-008	4.47422e-008	7.41367e-008	1.23759e-007	2.06956e-007	3.45089e-007	5.71925e-007	9.40425e-007	1.53421e-006	2.48821e-006	4.02787e-006	6.54588e-006	1.0755e-005	1.79946e-005	2.92689e-005	4.69912e-005	7.49676e-005	0.000118953	0.000187184	0.000290621	0.000442371	0.000655443	0.000937525	0.00131541	0.00180887	0.00243834	0.00322519	0.00419305	0.00537018	0.00679288	0.00850972	0.0105856	0.0131045	0.0161673	0.0198832	0.0243488	0.0296152	0.0356446	0.0422668	0.0491511	0.056024	0.0622632	0.0671748	0.0701185	0.0706397	0.0685711	0.0640743	0.057608	0.049836	0.0414998	0.0332935	0.0257694	0.0192909	0.0140331	0.0100187	0.00717091	0.00536416	
Trichophorum_cespitosum	0	0	0	0	0	0	0	0	0	0	0	0	0	0	0	0	0	0	0	0	0	0	0	0	0	0	0	0	0	0	0	0	0	0	0	0	0	0	0	0	0	0	0	0	0	0	0	0	0	0	0	1	0	0	0	0	0	0	0	0	0	0	
N6	2.04978e-009	1.6846e-009	1.36271e-009	1.18873e-009	2.96001e-009	1.3082e-008	4.52469e-008	1.09828e-007	1.86263e-007	2.20331e-007	1.80544e-007	1.01643e-007	3.97031e-008	1.27255e-008	9.09569e-009	1.78874e-008	3.29311e-008	4.72936e-008	7.5553e-008	4.09305e-007	3.61482e-006	2.45033e-005	0.00011537	0.000375506	0.00085218	0.00135734	0.0015197	0.00122274	0.00101593	0.00268167	0.0112263	0.0368659	0.0892794	0.160181	0.213445	0.210417	0.151892	0.0790613	0.0292012	0.00761172	0.00142759	0.000198595	2.11315e-005	1.76729e-006	1.18897e-007	6.55559e-009	3.01077e-010	1.16762e-011	3.86832e-013	1.10574e-014	2.7505e-016	5.99848e-018	1.15444e-019	1.97192e-021	3.00466e-023	4.10237e-025	5.03889e-027	5.58767e-029	5.61156e-031	5.1181e-033	4.2537e-035	3.65024e-037	
Trichophorum_pumilum	0	0	0	0	0	0	0	0	0	0	0	0	0	0	0	0	0	0	0	0	0	0	0	0	0	0	0	0	0	0	0	0	0	0	0	0	0	0	1	0	0	0	0	0	0	0	0	0	0	0	0	0	0	0	0	0	0	0	0	0	0	0	
Trichophorum_alpinum	0	0	0	0	0	0	0	0	0	0	0	0	0	0	0	0	0	0	0	0	0	0	0	0	0	0	0	0	1	0	0	0	0	0	0	0	0	0	0	0	0	0	0	0	0	0	0	0	0	0	0	0	0	0	0	0	0	0	0	0	0	0	
N7	1.95234e-010	2.28878e-010	3.52409e-010	5.84313e-010	9.46098e-010	1.44098e-009	2.0397e-009	2.6765e-009	3.26047e-009	3.70066e-009	3.93647e-009	3.96415e-009	3.86644e-009	3.87434e-009	4.53668e-009	7.13966e-009	1.46042e-008	3.31292e-008	7.46614e-008	1.59714e-007	3.18613e-007	5.88951e-007	1.01006e-006	1.63236e-006	2.61831e-006	4.69788e-006	1.07901e-005	3.10207e-005	9.63148e-005	0.000290633	0.000815626	0.00209582	0.00490236	0.0104114	0.0200457	0.0349565	0.0551756	0.0787955	0.10179	0.118947	0.125753	0.120324	0.104251	0.0818474	0.0582837	0.037634	0.0220546	0.0117411	0.00568358	0.00250423	0.00100532	0.000368092	0.000123048	3.75929e-005	1.05077e-005	2.69011e-006	6.3172e-007	1.36386e-007	2.71961e-008	5.06247e-009	9.06562e-010	1.86513e-010	
Scirpus_radicans	0	0	0	0	0	0	0	0	0	0	0	0	0	0	0	0	0	0	0	0	0	0	0	0	0	0	0	1	0	0	0	0	0	0	0	0	0	0	0	0	0	0	0	0	0	0	0	0	0	0	0	0	0	0	0	0	0	0	0	0	0	0	
N8	5.45353e-012	5.95588e-012	8.32787e-012	1.25395e-011	1.85319e-011	2.58793e-011	3.37021e-011	4.08049e-011	4.60184e-011	4.86289e-011	4.87827e-011	4.79232e-011	4.97423e-011	6.2678e-011	1.06095e-010	2.24336e-010	5.16877e-010	1.2003e-009	2.73011e-009	6.01937e-009	1.2834e-008	2.65992e-008	5.50151e-008	1.22347e-007	3.30087e-007	1.13292e-006	4.46155e-006	1.77605e-005	6.66197e-005	0.000228798	0.000710923	0.00198729	0.0049818	0.0111767	0.0224099	0.0401194	0.06409	0.0913276	0.116076	0.131601	0.133129	0.120224	0.0969802	0.0699363	0.0451327	0.0260576	0.0134721	0.00624329	0.00259609	0.000969664	0.000325684	9.84776e-005	2.68383e-005	6.60073e-006	1.46713e-006	2.95246e-007	5.39504e-008	9.00448e-009	1.39393e-009	2.09466e-010	3.45588e-011	8.46519e-012	
N9	1.3109e-009	1.37147e-009	1.78457e-009	2.38655e-009	3.07204e-009	3.81161e-009	4.70514e-009	6.0173e-009	8.16875e-009	1.17572e-008	1.78342e-008	2.87438e-008	4.96542e-008	9.04162e-008	1.67152e-007	3.0472e-007	5.47413e-007	9.97233e-007	1.917e-006	3.97928e-006	8.8971e-006	2.13606e-005	5.53075e-005	0.000152615	0.000430796	0.00118291	0.00303977	0.00714374	0.0151509	0.028831	0.0490842	0.0746572	0.101389	0.122929	0.133097	0.128758	0.111381	0.0862447	0.0598527	0.0372829	0.020881	0.0105356	0.00479965	0.0019795	0.000741543	0.000252967	7.89242e-005	2.26407e-005	6.01153e-006	1.48952e-006	3.47741e-007	7.72979e-008	1.65229e-008	3.42155e-009	6.88584e-010	1.34481e-010	2.53616e-011	4.58849e-012	7.91553e-013	1.2992e-013	2.08569e-014	4.33592e-015	
Scirpus_mitsukurianus	0	0	0	0	0	0	0	0	0	0	0	0	0	0	0	0	0	0	0	0	0	0	0	0	0	0	0	0	0	0	0	0	0	1	0	0	0	0	0	0	0	0	0	0	0	0	0	0	0	0	0	0	0	0	0	0	0	0	0	0	0	0	
Scirpus_polystachyus	0	0	0	0	0	0	0	0	0	0	0	0	0	0	0	0	0	0	0	0	0	0	0	0	0	0	0	0	0	1	0	0	0	0	0	0	0	0	0	0	0	0	0	0	0	0	0	0	0	0	0	0	0	0	0	0	0	0	0	0	0	0	
N10	2.73718e-013	2.61275e-013	3.16448e-013	4.24084e-013	5.71241e-013	7.38235e-013	8.98617e-013	1.02631e-012	1.1068e-012	1.1483e-012	1.19179e-012	1.32619e-012	1.72801e-012	2.7703e-012	5.3103e-012	1.14347e-011	2.63867e-011	6.36064e-011	1.5831e-010	4.06922e-010	1.09506e-009	3.19687e-009	1.06999e-008	4.25353e-008	1.93819e-007	9.30113e-007	4.3614e-006	1.90975e-005	7.61727e-005	0.000273421	0.000877244	0.00250542	0.00635281	0.0142761	0.0283984	0.0499665	0.0777249	0.106868	0.129881	0.139554	0.132617	0.111519	0.0830406	0.0548009	0.0320853	0.0166628	0.00768308	0.00314865	0.00114813	0.00037294	0.000108042	2.7953e-005	6.46821e-006	1.34106e-006	2.4974e-007	4.19335e-008	6.39214e-009	8.97942e-010	1.21248e-010	1.79975e-011	3.90803e-012	1.60828e-012	
N11	7.59039e-014	1.23279e-013	2.58885e-013	5.35948e-013	1.03912e-012	1.87491e-012	3.17338e-012	5.1437e-012	8.27809e-012	1.39101e-011	2.56802e-011	5.349e-011	1.24082e-010	3.0807e-010	7.87464e-010	2.03525e-009	5.36744e-009	1.491e-008	4.53206e-008	1.53778e-007	5.72552e-007	2.23704e-006	8.72343e-006	3.26079e-005	0.000113709	0.000363844	0.00105799	0.00278022	0.00657393	0.0139647	0.026623	0.0455222	0.0697855	0.0958954	0.118114	0.13041	0.129096	0.114612	0.091294	0.0652771	0.0419231	0.0242014	0.0125697	0.00588054	0.00248232	0.00094615	0.000326404	0.000102263	2.9246e-005	7.69547e-006	1.88601e-006	4.38439e-007	9.90724e-008	2.23494e-008	5.132e-009	1.20279e-009	2.83674e-010	6.58645e-011	1.47552e-011	3.15444e-012	6.61157e-013	1.78624e-013	
N12	8.35806e-014	1.15019e-013	2.12423e-013	4.14404e-013	8.13657e-013	1.61633e-012	3.3145e-012	7.1849e-012	1.67615e-011	4.22182e-011	1.13241e-010	3.15739e-010	8.94057e-010	2.53775e-009	7.23306e-009	2.10271e-008	6.37855e-008	2.05543e-007	7.04273e-007	2.51927e-006	9.10586e-006	3.21391e-005	0.000107684	0.000335666	0.000960599	0.00250293	0.00590772	0.0125926	0.0241666	0.041719	0.0647463	0.0903058	0.113182	0.12747	0.129028	0.117415	0.0960966	0.0707716	0.0469301	0.0280421	0.0151122	0.00735319	0.00323489	0.00128919	0.000466799	0.00015402	4.66007e-005	1.30645e-005	3.45062e-006	8.79529e-007	2.22653e-007	5.73716e-008	1.52217e-008	4.16383e-009	1.17935e-009	3.50402e-010	1.10048e-010	3.59281e-011	1.17464e-011	3.7214e-012	1.16257e-012	4.59801e-013	
Eriophorum_brachyantherum	0	0	0	0	0	0	0	0	0	0	0	0	0	0	0	0	0	0	0	0	0	0	0	0	0	0	0	0	1	0	0	0	0	0	0	0	0	0	0	0	0	0	0	0	0	0	0	0	0	0	0	0	0	0	0	0	0	0	0	0	0	0	
Eriophorum_chamissonis	0	0	0	0	0	0	0	0	0	0	0	0	0	0	0	0	0	0	0	0	0	0	0	0	0	0	0	0	0	1	0	0	0	0	0	0	0	0	0	0	0	0	0	0	0	0	0	0	0	0	0	0	0	0	0	0	0	0	0	0	0	0	
N13	4.04213e-014	5.21677e-014	8.95306e-014	1.63445e-013	3.03046e-013	5.74581e-013	1.13603e-012	2.39217e-012	5.44889e-012	1.34796e-011	3.58996e-011	1.01245e-010	2.97552e-010	9.03428e-010	2.8378e-009	9.30633e-009	3.21636e-008	1.17209e-007	4.44304e-007	1.71016e-006	6.48898e-006	2.36307e-005	8.08865e-005	0.000256418	0.000745378	0.00197401	0.00474312	0.0103126	0.0202315	0.0357819	0.0570178	0.0818276	0.10574	0.12303	0.128895	0.121618	0.103378	0.0791937	0.0547023	0.0340903	0.0191815	0.00975298	0.00448617	0.00186961	0.000707566	0.000243646	7.67039e-005	2.22644e-005	6.04758e-006	1.57502e-006	4.06779e-007	1.0774e-007	2.97419e-008	8.50186e-009	2.49185e-009	7.58106e-010	2.48219e-010	8.93426e-011	3.42469e-011	1.31996e-011	5.08668e-012	2.44951e-012	
Eriophorum_angustifolium	0	0	0	0	0	0	0	0	0	0	0	0	0	0	0	0	0	0	0	0	0	0	0	0	0	0	0	0	1	0	0	0	0	0	0	0	0	0	0	0	0	0	0	0	0	0	0	0	0	0	0	0	0	0	0	0	0	0	0	0	0	0	
Eriophorum_vaginatum	0	0	0	0	0	0	0	0	0	0	0	0	0	0	0	0	0	0	0	0	0	0	0	0	0	0	0	0	1	0	0	0	0	0	0	0	0	0	0	0	0	0	0	0	0	0	0	0	0	0	0	0	0	0	0	0	0	0	0	0	0	0	
N14	3.65578e-015	3.23029e-015	3.39294e-015	3.7838e-015	4.15127e-015	4.3544e-015	4.39086e-015	4.42997e-015	4.92348e-015	7.09799e-015	1.48461e-014	4.13322e-014	1.30672e-013	4.25258e-013	1.36467e-012	4.25011e-012	1.28121e-011	3.76841e-011	1.11084e-010	3.50502e-010	1.31784e-009	6.29065e-009	3.55151e-008	2.09703e-007	1.19214e-006	6.25771e-006	2.96844e-005	0.000125656	0.000470275	0.00154752	0.00445901	0.0112157	0.0245712	0.0468099	0.0774607	0.111264	0.138677	0.14997	0.140744	0.114673	0.0811643	0.0499438	0.0267445	0.0124778	0.00507987	0.00180521	0.000560797	0.000152541	3.6397e-005	7.6351e-006	1.41245e-006	2.31536e-007	3.39101e-008	4.50557e-009	5.59041e-010	6.82291e-011	8.84865e-012	1.3091e-012	2.21955e-013	4.05181e-014	7.56541e-015	1.65927e-015	
N15	9.99244e-012	1.55175e-011	3.11695e-011	6.25858e-011	1.19893e-010	2.18182e-010	3.79709e-010	6.41008e-010	1.07229e-009	1.82432e-009	3.23591e-009	6.07642e-009	1.20854e-008	2.51453e-008	5.38284e-008	1.17239e-007	2.59857e-007	5.93092e-007	1.41842e-006	3.60393e-006	9.71007e-006	2.724e-005	7.73229e-005	0.00021554	0.000575401	0.00144436	0.0033674	0.00723474	0.0142376	0.0255949	0.0419604	0.0626674	0.0852107	0.105453	0.118764	0.121731	0.113579	0.0964972	0.0746907	0.0527028	0.0339305	0.0199547	0.0107374	0.00529874	0.00240669	0.00100982	0.0003942	0.000144669	5.066e-005	1.72577e-005	5.84474e-006	2.00576e-006	7.04596e-007	2.52951e-007	9.17852e-008	3.3148e-008	1.1731e-008	4.01415e-009	1.31574e-009	4.13476e-010	1.30319e-010	5.2629e-011	
Scirpus_sylvaticus	0	0	0	0	0	0	0	0	0	0	0	0	0	0	0	0	0	0	0	0	0	0	0	0	0	0	0	0	0	0	1	0	0	0	0	0	0	0	0	0	0	0	0	0	0	0	0	0	0	0	0	0	0	0	0	0	0	0	0	0	0	0	
Scirpus_microcarpus	0	0	0	0	0	0	0	0	0	0	0	0	0	0	0	0	0	0	0	0	0	0	0	0	0	0	0	0	0	0	0	1	0	0	0	0	0	0	0	0	0	0	0	0	0	0	0	0	0	0	0	0	0	0	0	0	0	0	0	0	0	0	
N16	8.95176e-018	6.97794e-018	6.35329e-018	6.21781e-018	6.25079e-018	6.63699e-018	8.31496e-018	1.43735e-017	3.56469e-017	1.11728e-016	3.88879e-016	1.411e-015	5.25003e-015	2.02313e-014	8.29966e-014	3.75804e-013	1.92989e-012	1.12332e-011	7.19799e-011	4.87471e-010	3.35239e-009	2.26393e-008	1.46053e-007	8.79878e-007	4.85828e-006	2.42167e-005	0.00010767	0.000422964	0.00145508	0.00436021	0.0113336	0.025475	0.0494017	0.0825106	0.118546	0.146391	0.155296	0.141483	0.110693	0.0743814	0.0429402	0.021307	0.00909326	0.00334077	0.00105797	0.00028868	6.79311e-005	1.38022e-005	2.42507e-006	3.69279e-007	4.89109e-008	5.67329e-009	5.84433e-010	5.50361e-011	4.99409e-012	4.68552e-013	4.78075e-014	5.37685e-015	6.90893e-016	1.08348e-016	2.05769e-017	5.35281e-018	
Scirpus_expansus	0	0	0	0	0	0	0	0	0	0	0	0	0	0	0	0	0	0	0	0	0	0	0	0	0	0	0	0	0	0	0	1	0	0	0	0	0	0	0	0	0	0	0	0	0	0	0	0	0	0	0	0	0	0	0	0	0	0	0	0	0	0	
N17	1.41098e-019	1.24873e-019	1.43348e-019	1.9913e-019	3.21213e-019	5.9823e-019	1.29494e-018	3.26821e-018	9.54659e-018	3.17524e-017	1.18086e-016	4.84002e-016	2.16608e-015	1.05296e-014	5.54446e-014	3.15408e-013	1.92785e-012	1.25234e-011	8.4993e-011	5.90164e-010	4.08945e-009	2.75792e-008	1.76823e-007	1.05561e-006	5.76495e-006	2.83857e-005	0.000124555	0.000482604	0.00163684	0.00483435	0.012383	0.0274248	0.0523954	0.0862061	0.121996	0.148371	0.154989	0.139018	0.107057	0.070789	0.0402005	0.0196152	0.00822833	0.00297003	0.000923631	0.000247318	5.70718e-005	1.13631e-005	1.95492e-006	2.91241e-007	3.77089e-008	4.27369e-009	4.30561e-010	3.98796e-011	3.62254e-012	3.52126e-013	3.85545e-014	4.65993e-015	6.04567e-016	8.63196e-017	1.68406e-017	1.27897e-017	
N18	2.9875e-013	5.18997e-013	1.16724e-012	2.69159e-012	6.29252e-012	1.51756e-011	3.81786e-011	9.99811e-011	2.69041e-010	7.32295e-010	1.99557e-009	5.44676e-009	1.50707e-008	4.31179e-008	1.29948e-007	4.15185e-007	1.39012e-006	4.75354e-006	1.61018e-005	5.26225e-005	0.000162435	0.000466737	0.00123659	0.00300284	0.00665808	0.0134478	0.0247058	0.0412491	0.0624789	0.0858406	0.106969	0.120901	0.123953	0.115298	0.0973311	0.0745947	0.0519276	0.0328529	0.0189031	0.00990023	0.00472459	0.00205724	0.000818905	0.000298837	0.000100423	3.1244e-005	9.08938e-006	2.50964e-006	6.71403e-007	1.78365e-007	4.81273e-008	1.33654e-008	3.82495e-009	1.1202e-009	3.32318e-010	9.87109e-011	2.8976e-011	8.28988e-012	2.28329e-012	6.02818e-013	1.58237e-013	5.37121e-014	
Scirpus_ancistrochaetus	0	0	0	0	0	0	0	0	0	0	0	0	0	0	0	0	0	0	0	0	0	0	0	0	0	0	1	0	0	0	0	0	0	0	0	0	0	0	0	0	0	0	0	0	0	0	0	0	0	0	0	0	0	0	0	0	0	0	0	0	0	0	
N19	8.44346e-034	1.13771e-033	1.02222e-030	6.0781e-027	2.56576e-023	7.04793e-020	1.13218e-016	8.90383e-014	2.3224e-011	1.03309e-010	2.26886e-011	2.47635e-013	1.01704e-015	2.18434e-018	2.85513e-021	2.49387e-024	1.82483e-026	1.91039e-026	1.2316e-023	7.38334e-020	3.20621e-016	9.61711e-013	1.86492e-009	2.11193e-006	0.00117101	0.215529	0.67756	0.104931	0.00080551	2.33061e-006	3.53133e-009	3.2607e-012	2.00512e-015	8.70688e-019	2.78298e-022	6.75338e-026	1.27433e-029	1.90574e-033	2.29414e-037	2.25228e-041	1.82378e-045	1.24064e-049	2.81022e-051	6.17889e-053	5.30457e-055	4.32317e-057	3.40233e-059	2.62481e-061	2.01688e-063	1.56512e-065	1.23623e-067	9.92993e-070	8.0399e-072	6.4759e-074	5.11961e-076	3.9282e-078	4.23859e-080	1.60883e-079	9.19712e-079	1.6786e-078	2.48228e-080	1.44368e-082	
Scirpus_georgianus	0	0	0	0	0	0	0	0	0	0	0	0	0	0	0	0	0	0	0	0	0	0	0	0	0	1	0	0	0	0	0	0	0	0	0	0	0	0	0	0	0	0	0	0	0	0	0	0	0	0	0	0	0	0	0	0	0	0	0	0	0	0	
N20	1.75905e-047	9.12022e-048	7.5341e-045	1.66484e-039	2.44277e-034	2.03147e-029	8.40336e-025	1.39123e-020	5.88719e-017	6.33682e-015	1.74764e-015	1.61427e-018	3.70496e-022	3.36364e-026	1.50714e-030	5.10423e-035	1.92367e-037	2.24525e-038	1.33371e-035	3.66607e-030	7.23241e-025	8.81752e-020	6.08683e-015	2.08739e-010	2.85936e-006	0.00997187	0.818144	0.17176	0.000120772	2.11146e-008	1.46219e-012	5.00471e-017	9.66266e-022	1.1494e-026	8.97564e-032	7.12336e-037	1.06897e-039	3.40583e-042	7.41061e-045	1.07037e-047	9.74172e-051	5.03113e-054	1.13485e-057	1.55624e-062	9.3895e-068	3.27706e-073	7.44271e-079	1.17537e-084	1.34693e-090	1.15383e-096	7.6092e-103	4.13147e-108	1.87819e-111	7.21886e-115	2.08403e-118	4.3894e-122	6.46769e-126	6.2441e-130	3.51419e-134	8.78954e-139	1.6802e-144	3.27151e-149	
Scirpus_hattorianus	0	0	0	0	0	0	0	0	0	0	0	0	0	0	0	0	0	0	0	0	0	0	0	0	0	0	0	1	0	0	0	0	0	0	0	0	0	0	0	0	0	0	0	0	0	0	0	0	0	0	0	0	0	0	0	0	0	0	0	0	0	0	
Scirpus_flaccidifolius	0	0	0	0	0	0	0	0	0	0	0	0	0	0	0	0	0	0	0	0	0	0	0	0	0	0	1	0	0	0	0	0	0	0	0	0	0	0	0	0	0	0	0	0	0	0	0	0	0	0	0	0	0	0	0	0	0	0	0	0	0	0	
N21	1.01274e-019	9.44777e-020	1.15566e-019	1.71063e-019	2.91681e-019	5.67924e-019	1.27424e-018	3.31943e-018	9.99814e-018	3.43091e-017	1.318e-016	5.5881e-016	2.59062e-015	1.30605e-014	7.13399e-014	4.20209e-013	2.64599e-012	1.75597e-011	1.20469e-010	8.3634e-010	5.73777e-009	3.80201e-008	2.38246e-007	1.38567e-006	7.36119e-006	3.52454e-005	0.000150456	0.000567643	0.00187731	0.00541492	0.013568	0.0294431	0.0552055	0.0892809	0.124381	0.149132	0.153795	0.136367	0.103946	0.0681177	0.0383847	0.0186069	0.00776369	0.00279071	0.000865315	0.000231313	5.33575e-005	1.06338e-005	1.83401e-006	2.74526e-007	3.59296e-008	4.22058e-009	4.91076e-010	7.31659e-011	1.67419e-011	4.6978e-012	1.27698e-012	3.09802e-013	6.58447e-014	1.26192e-014	4.4855e-015	1.53445e-014	
N22	1.82467e-009	2.09094e-009	3.03814e-009	4.3315e-009	5.44123e-009	5.98167e-009	6.52988e-009	9.88456e-009	2.61864e-008	1.22197e-007	8.87702e-007	7.06795e-006	5.01276e-005	0.000297148	0.00144203	0.00566651	0.0178833	0.0450445	0.0901752	0.143412	0.181353	0.183012	0.148242	0.0970978	0.0518582	0.0227835	0.00830788	0.00253696	0.000653654	0.000143237	2.68939e-005	4.35639e-006	6.12692e-007	7.52596e-008	8.11829e-009	7.72973e-010	6.52728e-011	4.91039e-012	3.30499e-013	1.99839e-014	1.08994e-015	5.38404e-017	2.41906e-018	9.93194e-020	3.74654e-021	1.30576e-022	4.23657e-024	1.2916e-025	3.74151e-027	1.0428e-028	2.83079e-030	7.55578e-032	1.99148e-033	5.17433e-035	1.3169e-036	3.25548e-038	7.75287e-040	1.76664e-041	3.8326e-043	7.88899e-045	1.54066e-046	3.35667e-048	
Scirpus_pendulus	0	0	0	0	0	0	0	0	0	0	0	0	0	0	0	0	0	0	0	1	0	0	0	0	0	0	0	0	0	0	0	0	0	0	0	0	0	0	0	0	0	0	0	0	0	0	0	0	0	0	0	0	0	0	0	0	0	0	0	0	0	0	
Scirpus_fontinalis	0	0	0	0	0	0	0	0	0	0	0	0	0	0	0	0	0	1	0	0	0	0	0	0	0	0	0	0	0	0	0	0	0	0	0	0	0	0	0	0	0	0	0	0	0	0	0	0	0	0	0	0	0	0	0	0	0	0	0	0	0	0	
N23	4.90205e-018	1.96043e-017	1.01017e-016	5.45948e-016	3.01853e-015	1.67229e-014	9.10085e-014	4.78699e-013	2.40565e-012	1.1468e-011	5.16866e-011	2.20223e-010	8.89461e-010	3.42239e-009	1.26255e-008	4.49512e-008	1.55306e-007	5.22512e-007	1.71409e-006	5.48319e-006	1.70648e-005	5.14494e-005	0.000149263	0.000412969	0.00107849	0.00263147	0.00594384	0.0123348	0.0233524	0.0401552	0.0624983	0.0878191	0.111188	0.126663	0.129687	0.119252	0.0984335	0.0729132	0.0484646	0.0289104	0.0154821	0.00744702	0.0032199	0.00125291	0.000439629	0.000139393	4.02093e-005	1.07322e-005	2.76209e-006	7.44546e-007	2.3199e-007	8.49204e-008	3.35166e-008	1.30742e-008	4.86119e-009	1.74408e-009	6.38032e-010	2.55912e-010	1.15056e-010	5.52148e-011	2.75381e-011	1.68289e-011	
Scirpus_orientalis	0	0	0	0	0	0	0	0	0	0	0	0	0	1	0	0	0	0	0	0	0	0	0	0	0	0	0	0	0	0	0	0	0	0	0	0	0	0	0	0	0	0	0	0	0	0	0	0	0	0	0	0	0	0	0	0	0	0	0	0	0	0	
N24	5.5409e-009	4.82919e-009	4.44176e-009	3.60864e-009	2.41079e-009	1.30831e-009	5.87687e-010	2.39757e-010	1.27883e-010	1.67211e-010	5.87355e-010	3.03819e-009	1.4481e-008	5.54402e-008	1.64727e-007	3.75029e-007	6.50553e-007	8.59693e-007	8.69988e-007	6.83732e-007	4.3308e-007	2.57599e-007	2.38655e-007	6.23815e-007	3.85185e-006	2.93109e-005	0.000198645	0.00110636	0.00493895	0.0174205	0.0479354	0.101756	0.165214	0.204227	0.192253	0.138536	0.0771229	0.03357	0.011582	0.00321321	0.000727489	0.000136443	2.15274e-005	2.90371e-006	3.40751e-007	3.54145e-008	3.32421e-009	2.87259e-010	2.32212e-011	1.77339e-012	1.28235e-013	8.74355e-015	5.57928e-016	3.30566e-017	1.80689e-018	9.07171e-020	4.17298e-021	1.75704e-022	6.77267e-024	2.3923e-025	7.78669e-027	2.84688e-028	
Scirpus_cyperinus	0	0	0	0	0	0	0	0	0	0	0	0	0	0	0	0	0	0	0	0	0	0	0	0	0	0	0	0	0	0	0	0	1	0	0	0	0	0	0	0	0	0	0	0	0	0	0	0	0	0	0	0	0	0	0	0	0	0	0	0	0	0	
Scirpus_atrocinctus	0	0	0	0	0	0	0	0	0	0	0	0	0	0	0	0	0	0	0	0	0	0	0	0	0	0	0	0	0	0	0	0	0	1	0	0	0	0	0	0	0	0	0	0	0	0	0	0	0	0	0	0	0	0	0	0	0	0	0	0	0	0	
N25	6.48249e-012	7.1324e-012	1.11587e-011	2.06975e-011	4.01866e-011	7.68515e-011	1.40955e-010	2.45229e-010	4.03081e-010	6.2574e-010	9.19422e-010	1.28443e-009	1.71868e-009	2.22681e-009	2.83504e-009	3.61198e-009	4.70202e-009	6.39498e-009	9.29726e-009	1.46683e-008	2.54104e-008	4.82847e-008	9.9245e-008	2.16324e-007	4.91827e-007	1.15663e-006	2.80895e-006	7.03595e-006	1.80434e-005	4.66254e-005	0.000119033	0.000294679	0.000697067	0.0015594	0.00327678	0.00643965	0.0118036	0.0201444	0.0319739	0.0471658	0.0646324	0.082251	0.0971936	0.106643	0.108665	0.102707	0.0900578	0.0732649	0.0553038	0.0387369	0.0251782	0.015187	0.0085011	0.00441601	0.00212876	0.000952251	0.000395317	0.000152416	5.47662e-005	1.86102e-005	6.33326e-006	2.61618e-006	
N26	6.00595e-013	6.14254e-013	8.50003e-013	1.36914e-012	2.32194e-012	3.94742e-012	6.58564e-012	1.07106e-011	1.70122e-011	2.65701e-011	4.11711e-011	6.38421e-011	9.97703e-011	1.58046e-010	2.55296e-010	4.23725e-010	7.29558e-010	1.31755e-009	2.52536e-009	5.16363e-009	1.13234e-008	2.66158e-008	6.65805e-008	1.75232e-007	4.79226e-007	1.34653e-006	3.84569e-006	1.10302e-005	3.13292e-005	8.67428e-005	0.000230704	0.000582194	0.00138088	0.00305743	0.00628937	0.0119818	0.0210947	0.0342727	0.0513386	0.0708599	0.0900858	0.105469	0.113706	0.112892	0.103248	0.0868913	0.0673059	0.0479979	0.0315221	0.0190718	0.0106356	0.00547044	0.00259792	0.00114118	0.000465217	0.00017719	6.39079e-005	2.23959e-005	7.95935e-006	3.03943e-006	1.34269e-006	7.94323e-007	
N27	4.80897e-013	5.23941e-013	7.61541e-013	1.22673e-012	2.02366e-012	3.34355e-012	5.51889e-012	9.15166e-012	1.54154e-011	2.6779e-011	4.87469e-011	9.40515e-011	1.92948e-010	4.1953e-010	9.63046e-010	2.33383e-009	5.99147e-009	1.63376e-008	4.71732e-008	1.42597e-007	4.4347e-007	1.39107e-006	4.31854e-006	1.3056e-005	3.79481e-005	0.000105006	0.000274606	0.000675025	0.00155196	0.00332805	0.00664228	0.0123181	0.0211992	0.0338235	0.0499934	0.0684157	0.0866487	0.101532	0.110049	0.110325	0.102295	0.0877328	0.0696093	0.0511098	0.0347457	0.021854	0.0127232	0.00686004	0.00342785	0.00158882	0.000683985	0.000274026	0.000102488	3.59698e-005	1.19486e-005	3.80892e-006	1.18913e-006	3.73041e-007	1.20602e-007	4.10111e-008	1.52097e-008	7.25473e-009	
N28	4.08816e-009	3.9065e-009	4.53198e-009	5.46166e-009	6.41578e-009	7.36426e-009	8.58733e-009	1.07773e-008	1.53227e-008	2.50349e-008	4.54958e-008	8.67661e-008	1.6457e-007	3.00222e-007	5.21292e-007	8.7231e-007	1.45945e-006	2.58953e-006	5.18999e-006	1.21517e-005	3.25237e-005	9.36363e-005	0.000271663	0.000756708	0.00196489	0.0046798	0.0101365	0.0198785	0.035172	0.0560933	0.0806	0.104333	0.121684	0.127918	0.121272	0.103765	0.080207	0.0560692	0.0354934	0.0203761	0.0106258	0.00504299	0.00218292	0.00086401	0.000313714	0.000104754	3.23049e-005	9.24961e-006	2.47492e-006	6.23729e-007	1.49387e-007	3.43167e-008	7.6218e-009	1.64512e-009	3.45479e-010	7.03938e-011	1.38426e-011	2.61075e-012	4.69683e-013	8.05032e-014	1.35436e-014	2.9626e-015	
Carex_pulicaris	0	0	0	0	0	0	0	0	0	0	0	0	0	0	0	0	0	0	0	0	0	0	0	0	0	0	0	0	0	1	0	0	0	0	0	0	0	0	0	0	0	0	0	0	0	0	0	0	0	0	0	0	0	0	0	0	0	0	0	0	0	0	
Carex_peregrina	0	0	0	0	0	0	0	0	0	0	0	0	0	0	0	0	0	0	0	0	0	0	0	0	0	0	0	0	0	0	1	0	0	0	0	0	0	0	0	0	0	0	0	0	0	0	0	0	0	0	0	0	0	0	0	0	0	0	0	0	0	0	
N29	1.68517e-013	2.01798e-013	3.22065e-013	5.56406e-013	9.87805e-013	1.81505e-012	3.5318e-012	7.43361e-012	1.70733e-011	4.25548e-011	1.13615e-010	3.20826e-010	9.49353e-010	2.92317e-009	9.29871e-009	3.02856e-008	9.98911e-008	3.29601e-007	1.07464e-006	3.42576e-006	1.05661e-005	3.12544e-005	8.80142e-005	0.000234529	0.000588356	0.00138372	0.00304005	0.00622086	0.0118132	0.0207781	0.0337935	0.0507498	0.0702924	0.0897136	0.105433	0.114037	0.113477	0.103866	0.0874396	0.0677067	0.0482284	0.0316103	0.0190706	0.0105957	0.00542592	0.00255973	0.00111328	0.000446761	0.000165599	5.67731e-005	1.8036e-005	5.3238e-006	1.46624e-006	3.79374e-007	9.3305e-008	2.22557e-008	5.31441e-009	1.3226e-009	3.54228e-010	1.02815e-010	3.26006e-011	1.33692e-011	
Carex_microglochin	0	0	0	0	0	0	0	0	0	0	0	0	0	0	0	0	0	0	0	0	0	0	0	0	0	0	0	1	0	0	0	0	0	0	0	0	0	0	0	0	0	0	0	0	0	0	0	0	0	0	0	0	0	0	0	0	0	0	0	0	0	0	
N30	3.72361e-013	5.47898e-013	1.11282e-012	2.48088e-012	5.89519e-012	1.51932e-011	4.33821e-011	1.3807e-010	4.80222e-010	1.75657e-009	6.49337e-009	2.35393e-008	8.21641e-008	2.7368e-007	8.67601e-007	2.62015e-006	7.55549e-006	2.08439e-005	5.50533e-005	0.000139301	0.000337223	0.000780004	0.00172112	0.00361411	0.00719359	0.0134962	0.0237069	0.0387192	0.058351	0.0807121	0.102036	0.117522	0.123045	0.116933	0.100773	0.078716	0.0557211	0.0357471	0.0207888	0.0109637	0.00524621	0.00227908	0.000899551	0.000322879	0.000105527	3.14102e-005	8.52559e-006	2.11362e-006	4.79622e-007	9.99102e-008	1.91875e-008	3.41957e-009	5.71514e-010	9.11361e-011	1.42618e-011	2.28155e-012	3.89749e-013	7.24717e-014	1.4335e-014	2.88644e-015	5.85541e-016	1.51264e-016	
Schoenoxiphium_ludwigii	0	0	0	0	0	0	0	0	0	0	0	0	0	0	0	0	1	0	0	0	0	0	0	0	0	0	0	0	0	0	0	0	0	0	0	0	0	0	0	0	0	0	0	0	0	0	0	0	0	0	0	0	0	0	0	0	0	0	0	0	0	0	
N31	1.22276e-012	2.47845e-012	7.06707e-012	2.16279e-011	6.78092e-011	2.15929e-010	7.00369e-010	2.32247e-009	7.82833e-009	2.63392e-008	8.63926e-008	2.70707e-007	8.00642e-007	2.22774e-006	5.85493e-006	1.46615e-005	3.53169e-005	8.23413e-005	0.000185901	0.000405017	0.000847527	0.00170101	0.00328331	0.00612176	0.0110436	0.0191876	0.031767	0.0494405	0.0713205	0.0943899	0.113773	0.124296	0.122714	0.109294	0.0877375	0.0634607	0.0413582	0.0242927	0.0128664	0.006149	0.00265429	0.00103635	0.000366817	0.00011814	3.48498e-005	9.50777e-006	2.44135e-006	6.05327e-007	1.49316e-007	3.74579e-008	9.5753e-009	2.45454e-009	6.19562e-010	1.53325e-010	3.79724e-011	9.91015e-012	2.91723e-012	9.94693e-013	3.71419e-013	1.39064e-013	5.0396e-014	2.15458e-014	
N32	9.61164e-008	1.07085e-007	1.50576e-007	2.13033e-007	2.7611e-007	3.17033e-007	3.18426e-007	2.79025e-007	2.15071e-007	1.50552e-007	1.04718e-007	8.74591e-008	1.09212e-007	2.1021e-007	5.10935e-007	1.2613e-006	2.81179e-006	5.40644e-006	8.83043e-006	1.22401e-005	1.45206e-005	1.51886e-005	1.52105e-005	1.74474e-005	2.88963e-005	7.44617e-005	0.00025219	0.000898692	0.00295588	0.00851033	0.021022	0.0441785	0.0786516	0.118346	0.150366	0.161396	0.14665	0.113247	0.0747753	0.0425761	0.0211362	0.00927059	0.00364595	0.00130505	0.000431106	0.000132808	3.85042e-005	1.05758e-005	2.76097e-006	6.84263e-007	1.60084e-007	3.5056e-008	7.12208e-009	1.33237e-009	2.28294e-010	3.5714e-011	5.09363e-012	6.622e-013	7.8533e-014	8.51575e-015	8.60731e-016	1.06654e-016	
Schoenoxiphium_burkei	0	0	0	0	0	0	0	0	0	0	0	0	0	0	0	0	0	0	0	0	0	0	0	0	0	0	0	0	0	0	0	0	0	0	1	0	0	0	0	0	0	0	0	0	0	0	0	0	0	0	0	0	0	0	0	0	0	0	0	0	0	0	
Schoenoxiphium_filiforme	0	0	0	0	0	0	0	0	0	0	0	0	0	0	0	0	0	0	0	0	0	0	0	0	0	0	0	0	0	0	0	0	0	0	0	1	0	0	0	0	0	0	0	0	0	0	0	0	0	0	0	0	0	0	0	0	0	0	0	0	0	0	
N33	9.93704e-011	1.29099e-010	2.30615e-010	4.60754e-010	1.00447e-009	2.47815e-009	7.17197e-009	2.43248e-008	9.26036e-008	3.72422e-007	1.50047e-006	5.83761e-006	2.14358e-005	7.32742e-005	0.000231162	0.000669111	0.00176936	0.00425955	0.0093082	0.0184393	0.0330393	0.0534538	0.0779861	0.102501	0.121293	0.12918	0.123825	0.106867	0.0829869	0.0580192	0.0365441	0.0207522	0.0106334	0.00492079	0.00205862	0.000779384	0.000267329	8.31711e-005	2.35008e-005	6.03904e-006	1.41348e-006	3.01862e-007	5.89437e-008	1.05528e-008	1.7391e-009	2.64945e-010	3.75874e-011	5.01867e-012	6.40001e-013	7.94116e-014	9.78266e-015	1.21807e-015	1.55333e-016	2.04948e-017	2.82403e-018	4.08337e-019	6.14441e-020	9.39798e-021	1.41798e-021	2.05926e-022	2.89273e-023	5.15022e-024	
Schoenoxiphium_ecklonii	0	0	0	0	0	0	0	0	0	0	0	0	0	0	0	0	0	1	0	0	0	0	0	0	0	0	0	0	0	0	0	0	0	0	0	0	0	0	0	0	0	0	0	0	0	0	0	0	0	0	0	0	0	0	0	0	0	0	0	0	0	0	
Schoenoxiphium_sparteum	0	0	0	0	0	0	0	0	0	0	0	0	0	0	0	0	0	1	0	0	0	0	0	0	0	0	0	0	0	0	0	0	0	0	0	0	0	0	0	0	0	0	0	0	0	0	0	0	0	0	0	0	0	0	0	0	0	0	0	0	0	0	
N34	1.15637e-013	1.75627e-013	4.02395e-013	1.02626e-012	2.60858e-012	6.38067e-012	1.48274e-011	3.2555e-011	6.73899e-011	1.31539e-010	2.42603e-010	4.24512e-010	7.09583e-010	1.14585e-009	1.8223e-009	2.94934e-009	5.09697e-009	9.84938e-009	2.14554e-008	5.06278e-008	1.22448e-007	2.91647e-007	6.72009e-007	1.50151e-006	3.32402e-006	7.56488e-006	1.8323e-005	4.74685e-005	0.000127399	0.000339232	0.000865661	0.0020723	0.0045996	0.00940622	0.0176612	0.0303831	0.0478259	0.0688188	0.0904635	0.108582	0.118967	0.118964	0.108578	0.0904686	0.0688484	0.0478191	0.0303305	0.0175827	0.00932665	0.00453468	0.0020262	0.000835452	0.000319997	0.000115078	3.95001e-005	1.32384e-005	4.44404e-006	1.52346e-006	5.36135e-007	1.9299e-007	7.2444e-008	3.35229e-008	
Kobresia_fragilis	0	0	0	0	0	0	0	0	0	0	0	0	0	0	0	0	0	0	0	0	0	0	0	0	0	0	0	0	1	0	0	0	0	0	0	0	0	0	0	0	0	0	0	0	0	0	0	0	0	0	0	0	0	0	0	0	0	0	0	0	0	0	
N35	7.24243e-014	1.05636e-013	2.19137e-013	4.92255e-013	1.09803e-012	2.36473e-012	4.86342e-012	9.51189e-012	1.76783e-011	3.12729e-011	5.28709e-011	8.61157e-011	1.37281e-010	2.20479e-010	3.72819e-010	6.94088e-010	1.44307e-009	3.26004e-009	7.67018e-009	1.81642e-008	4.27276e-008	1.00052e-007	2.36744e-007	5.80877e-007	1.5202e-006	4.29487e-006	1.28662e-005	3.93163e-005	0.000117818	0.000336394	0.000898586	0.00222123	0.00504729	0.0104979	0.0199278	0.0344517	0.0541574	0.0773134	0.100133	0.117572	0.125084	0.120543	0.105213	0.0831864	0.0596042	0.0386763	0.0227425	0.0121302	0.00587675	0.00259129	0.00104306	0.000385022	0.000131238	4.17383e-005	1.2572e-005	3.66066e-006	1.06001e-006	3.19255e-007	1.07558e-007	4.35247e-008	2.11763e-008	1.31267e-008	
Kobresia_simpliciuscula	0	0	0	0	0	0	0	0	0	0	0	0	0	0	0	0	0	0	0	0	0	0	0	0	0	0	0	0	0	0	0	0	0	0	1	0	0	0	0	0	0	0	0	0	0	0	0	0	0	0	0	0	0	0	0	0	0	0	0	0	0	0	
N36	2.11529e-015	3.44414e-015	7.92989e-015	1.89588e-014	4.34888e-014	9.47265e-014	1.97137e-013	3.95887e-013	7.73688e-013	1.47735e-012	2.75484e-012	5.01137e-012	8.95568e-012	1.61641e-011	3.13414e-011	7.09521e-011	1.94713e-010	6.16157e-010	2.07573e-009	7.05642e-009	2.35958e-008	7.70857e-008	2.47261e-007	7.8817e-007	2.52869e-006	8.20672e-006	2.67267e-005	8.56853e-005	0.000263936	0.000764978	0.00205236	0.00503802	0.0112256	0.0225778	0.0408113	0.0660434	0.0953219	0.122251	0.138823	0.139129	0.122728	0.0950839	0.0646038	0.0384617	0.0200615	0.00915832	0.00366102	0.00128273	0.000394516	0.00010674	2.54853e-005	5.39477e-006	1.01978e-006	1.74152e-007	2.73896e-008	4.09183e-009	6.06446e-010	9.30706e-011	1.50057e-011	2.48111e-012	4.13335e-013	8.71091e-014	
N37	2.33374e-014	2.95328e-014	4.98997e-014	9.06089e-014	1.68315e-013	3.21259e-013	6.42003e-013	1.37323e-012	3.19696e-012	8.12271e-012	2.22265e-011	6.41101e-011	1.91204e-010	5.82677e-010	1.8054e-009	5.68129e-009	1.81494e-008	5.87547e-008	1.91967e-007	6.29392e-007	2.05272e-006	6.59057e-006	2.05926e-005	6.18933e-005	0.000177009	0.000477143	0.00120282	0.0028181	0.00610012	0.0121553	0.0222308	0.0372285	0.0569754	0.0795582	0.101222	0.117204	0.123383	0.117989	0.102421	0.0806624	0.0576116	0.0373091	0.0219066	0.0116652	0.0056369	0.00247041	0.000982664	0.000355187	0.000116903	3.51811e-005	9.76834e-006	2.55341e-006	6.55496e-007	1.77562e-007	5.47649e-008	1.96642e-008	7.92539e-009	3.44013e-009	1.568e-009	7.38387e-010	3.66068e-010	2.26415e-010	
Carex_pauciflora	0	0	0	0	0	0	0	0	0	0	0	0	0	0	0	0	0	0	1	0	0	0	0	0	0	0	0	0	0	0	0	0	0	0	0	0	0	0	0	0	0	0	0	0	0	0	0	0	0	0	0	0	0	0	0	0	0	0	0	0	0	0	
Carex_backii	0	0	0	0	0	0	0	0	0	0	0	0	0	0	0	0	0	0	0	0	0	0	0	0	0	0	0	0	0	0	0	0	1	0	0	0	0	0	0	0	0	0	0	0	0	0	0	0	0	0	0	0	0	0	0	0	0	0	0	0	0	0	
N38	3.66561e-017	5.72794e-017	1.32318e-016	3.34117e-016	8.45848e-016	2.12416e-015	5.33795e-015	1.35756e-014	3.52122e-014	9.32813e-014	2.51209e-013	6.82491e-013	1.85935e-012	5.07017e-012	1.38676e-011	3.82412e-011	1.07475e-010	3.1549e-010	1.00814e-009	3.62676e-009	1.44515e-008	6.005e-008	2.45167e-007	9.49914e-007	3.45099e-006	1.17778e-005	3.80497e-005	0.000117051	0.000342195	0.000943046	0.00242087	0.00572355	0.0123572	0.0242224	0.0429191	0.0684466	0.0977672	0.124392	0.140191	0.139226	0.121309	0.0924213	0.0614224	0.0355587	0.0179242	0.00785788	0.00299822	0.000997661	0.000290825	7.50261e-005	1.75158e-005	3.87005e-006	8.66825e-007	2.08377e-007	5.32586e-008	1.35931e-008	3.29299e-009	7.71957e-010	2.08498e-010	8.22776e-011	4.21414e-011	2.68155e-011	
N39	2.40464e-015	4.01184e-015	9.24697e-015	2.3146e-014	6.09942e-014	1.69219e-013	4.93206e-013	1.49963e-012	4.71753e-012	1.52775e-011	5.09892e-011	1.76542e-010	6.39167e-010	2.42757e-009	9.61256e-009	3.90573e-008	1.59315e-007	6.37716e-007	2.45572e-006	8.96568e-006	3.06734e-005	9.75431e-005	0.000286726	0.00077608	0.00192908	0.00439508	0.00916554	0.0174777	0.0304154	0.0482791	0.0698641	0.0921246	0.11065	0.121016	0.120486	0.109185	0.0900493	0.0675898	0.046174	0.0287142	0.0162589	0.00838572	0.0039415	0.00168953	0.000661222	0.000236272	7.71905e-005	2.31044e-005	6.35711e-006	1.61729e-006	3.84474e-007	8.70471e-008	1.93793e-008	4.43837e-009	1.09323e-009	2.94759e-010	8.53346e-011	2.55578e-011	7.66209e-012	2.26194e-012	6.79068e-013	2.65475e-013	
Carex_rupestris	0	0	0	0	0	0	0	0	0	0	0	0	0	0	0	0	0	0	0	0	0	0	0	0	1	0	0	0	0	0	0	0	0	0	0	0	0	0	0	0	0	0	0	0	0	0	0	0	0	0	0	0	0	0	0	0	0	0	0	0	0	0	
Carex_obtusata	0	0	0	0	0	0	0	0	0	0	0	0	0	0	0	0	0	0	0	0	0	0	0	0	0	1	0	0	0	0	0	0	0	0	0	0	0	0	0	0	0	0	0	0	0	0	0	0	0	0	0	0	0	0	0	0	0	0	0	0	0	0	
N40	2.82838e-018	4.64989e-018	1.22028e-017	3.86147e-017	1.34631e-016	4.97525e-016	1.88869e-015	7.15909e-015	2.64679e-014	9.38059e-014	3.1525e-013	1.00021e-012	3.00503e-012	8.65202e-012	2.44329e-011	7.01323e-011	2.13501e-010	7.11073e-010	2.59011e-009	1.00143e-008	3.95302e-008	1.54269e-007	5.82125e-007	2.09416e-006	7.12417e-006	2.28368e-005	6.89451e-005	0.000196122	0.00052415	0.00130819	0.00302318	0.00642539	0.0125334	0.0224958	0.0373304	0.0574392	0.0817606	0.106804	0.126578	0.134506	0.126893	0.105516	0.07698	0.0491573	0.0274718	0.0134522	0.00581721	0.00226875	0.000838511	0.000320782	0.00013783	6.55392e-005	3.14654e-005	1.41187e-005	5.72188e-006	2.10437e-006	7.47225e-007	2.97899e-007	1.51555e-007	8.97275e-008	5.38956e-008	3.68402e-008	
Carex_nardina	0	0	0	0	0	0	0	0	0	0	0	0	0	0	0	0	0	0	0	0	0	0	0	0	0	0	0	0	0	0	0	0	0	1	0	0	0	0	0	0	0	0	0	0	0	0	0	0	0	0	0	0	0	0	0	0	0	0	0	0	0	0	
N41	4.92383e-019	1.16431e-018	4.2462e-018	1.75544e-017	7.55462e-017	3.24386e-016	1.36284e-015	5.59354e-015	2.26746e-014	9.21897e-014	3.79605e-013	1.57933e-012	6.56201e-012	2.68937e-011	1.08087e-010	4.27318e-010	1.67781e-009	6.60727e-009	2.62031e-008	1.01151e-007	3.73608e-007	1.29756e-006	4.18708e-006	1.24994e-005	3.46297e-005	8.97971e-005	0.000219724	0.000506689	0.00114131	0.00246173	0.00497176	0.00926216	0.0158608	0.0251597	0.0375399	0.0534786	0.0730795	0.0948302	0.114545	0.126119	0.124513	0.109037	0.0841724	0.0571125	0.0340504	0.0178591	0.00828762	0.00345056	0.00132943	0.000502613	0.000201454	8.91282e-005	4.18793e-005	1.94394e-005	8.46903e-006	3.40153e-006	1.28595e-006	5.0184e-007	2.40488e-007	1.50728e-007	1.07675e-007	8.88272e-008	
N42	1.94497e-014	3.48003e-014	8.01093e-014	1.87178e-013	4.36276e-013	1.02257e-012	2.42619e-012	5.85716e-012	1.44608e-011	3.6632e-011	9.51655e-011	2.53085e-010	6.90276e-010	1.94413e-009	5.69758e-009	1.74381e-008	5.57002e-008	1.85029e-007	6.33971e-007	2.2066e-006	7.62156e-006	2.54973e-005	8.09632e-005	0.000240505	0.000662049	0.00167898	0.00390888	0.00833615	0.0162419	0.0288813	0.0468164	0.0690891	0.0926874	0.112868	0.124567	0.124424	0.112344	0.0916041	0.0674071	0.044747	0.0267967	0.0144814	0.00706797	0.00311972	0.00124804	0.000453266	0.000150009	4.54767e-005	1.27205e-005	3.31549e-006	8.15749e-007	1.92537e-007	4.43834e-008	1.01611e-008	2.33546e-009	5.3938e-010	1.23988e-010	2.79211e-011	6.06191e-012	1.25946e-012	2.59169e-013	6.92888e-014	
Carex_capillacea	0	0	0	0	0	0	0	0	0	0	0	0	0	0	0	0	0	0	0	0	0	0	0	0	0	0	0	0	0	1	0	0	0	0	0	0	0	0	0	0	0	0	0	0	0	0	0	0	0	0	0	0	0	0	0	0	0	0	0	0	0	0	
Carex_leptalea	0	0	0	0	0	0	0	0	0	0	0	0	0	0	0	0	0	0	0	0	0	0	0	0	0	1	0	0	0	0	0	0	0	0	0	0	0	0	0	0	0	0	0	0	0	0	0	0	0	0	0	0	0	0	0	0	0	0	0	0	0	0	
N43	8.07844e-018	2.57089e-017	1.57853e-016	1.2089e-015	9.67098e-015	7.34155e-014	5.0112e-013	2.98919e-012	1.53574e-011	6.74597e-011	2.52404e-010	8.02593e-010	2.16716e-009	4.96914e-009	9.68308e-009	1.60668e-008	2.27914e-008	2.7871e-008	2.99256e-008	2.87773e-008	2.6394e-008	2.57921e-008	3.03399e-008	4.39113e-008	7.20481e-008	1.2457e-007	2.19333e-007	3.8201e-007	6.52624e-007	1.06194e-006	1.66386e-006	2.67642e-006	4.89237e-006	1.08465e-005	2.83644e-005	8.19984e-005	0.000250499	0.00077867	0.00234457	0.00649852	0.0159607	0.0339548	0.0618535	0.0960543	0.127202	0.144039	0.140658	0.120082	0.0913411	0.0633163	0.0408577	0.0249023	0.014413	0.00790699	0.00408438	0.00196551	0.000869154	0.000348342	0.000125514	4.11119e-005	1.32052e-005	5.53977e-006	
Uncinia_phleoides	0	0	0	0	0	0	0	0	0	0	0	0	0	0	0	0	0	0	0	0	0	0	0	0	0	0	0	0	0	0	0	0	0	0	0	0	0	0	0	0	0	0	0	0	0	0	0	1	0	0	0	0	0	0	0	0	0	0	0	0	0	0	
N44	6.84383e-018	1.92448e-017	1.07898e-016	7.89183e-016	6.18054e-015	4.63673e-014	3.13724e-013	1.85657e-012	9.46462e-012	4.12509e-011	1.53119e-010	4.83112e-010	1.29465e-009	2.9472e-009	5.70607e-009	9.42224e-009	1.33481e-008	1.64213e-008	1.79725e-008	1.80098e-008	1.76214e-008	1.83111e-008	2.17001e-008	2.98366e-008	4.603e-008	7.63625e-008	1.31887e-007	2.29586e-007	3.98854e-007	6.77042e-007	1.14692e-006	2.06302e-006	4.2215e-006	1.00787e-005	2.72687e-005	8.00403e-005	0.000246751	0.00077174	0.00233268	0.00648056	0.0159398	0.0339439	0.0618786	0.0961454	0.127373	0.144267	0.140887	0.120244	0.0913929	0.0632533	0.0407139	0.0247277	0.0142495	0.00777708	0.00399333	0.00190864	0.000837658	0.000333039	0.000119048	3.87417e-005	1.2436e-005	5.21156e-006	
Uncinia_filiformis	0	0	0	0	0	0	0	0	0	0	0	0	0	0	0	0	0	0	0	0	0	0	0	0	0	0	0	0	0	0	0	0	0	0	0	0	0	0	0	0	0	0	0	1	0	0	0	0	0	0	0	0	0	0	0	0	0	0	0	0	0	0	
Uncinia_uncinata	0	0	0	0	0	0	0	0	0	0	0	0	0	0	0	0	0	0	0	0	0	0	0	0	0	0	0	0	0	0	0	0	0	0	0	0	0	0	0	0	0	0	0	1	0	0	0	0	0	0	0	0	0	0	0	0	0	0	0	0	0	0	
N45	9.5318e-012	1.00555e-011	1.37457e-011	2.03346e-011	3.01197e-011	4.36261e-011	6.1469e-011	8.4389e-011	1.13507e-010	1.50881e-010	2.00516e-010	2.70193e-010	3.75113e-010	5.45823e-010	8.46879e-010	1.42332e-009	2.6227e-009	5.33118e-009	1.19385e-008	2.91442e-008	7.63765e-008	2.10807e-007	6.00421e-007	1.73023e-006	4.95669e-006	1.39092e-005	3.77823e-005	9.84338e-005	0.00024407	0.000573014	0.00126886	0.00264248	0.00516455	0.00945769	0.0162089	0.0259747	0.0388945	0.0543935	0.071018	0.0865442	0.0984194	0.104438	0.103411	0.0955547	0.08242	0.0662936	0.0497339	0.034806	0.0227277	0.0138502	0.007879	0.00418559	0.00207753	0.000964365	0.000419363	0.00017145	6.63981e-005	2.47466e-005	9.15839e-006	3.55824e-006	1.58591e-006	9.36459e-007	
N46	4.07844e-010	2.90746e-010	2.05536e-010	1.32131e-010	7.60285e-011	4.33372e-011	2.92249e-011	2.40968e-011	2.35194e-011	4.0868e-011	1.44209e-010	5.55007e-010	1.79906e-009	4.71555e-009	1.00118e-008	1.76786e-008	2.80279e-008	4.62441e-008	8.84627e-008	1.81248e-007	3.46766e-007	6.04887e-007	1.26873e-006	5.46184e-006	3.53048e-005	0.000213577	0.00107352	0.00438239	0.0144019	0.0379265	0.0797554	0.1336	0.178039	0.18873	0.15932	0.107352	0.0579353	0.0251522	0.00882999	0.00252127	0.000589229	0.000113456	1.81223e-005	2.41817e-006	2.71536e-007	2.58248e-008	2.09557e-009	1.46175e-010	8.83284e-012	4.66057e-013	2.16499e-014	8.92855e-016	3.29607e-017	1.09764e-018	3.31964e-020	9.16561e-022	2.3184e-023	5.38211e-025	1.14724e-026	2.2446e-028	4.03716e-030	7.81708e-032	
N47	2.3021e-012	1.53659e-012	1.06478e-012	8.11147e-013	7.02314e-013	6.65835e-013	6.75926e-013	8.46899e-013	1.63008e-012	4.33702e-012	1.22416e-011	3.21667e-011	7.66929e-011	1.73194e-010	4.07767e-010	1.07635e-009	3.09351e-009	9.03188e-009	2.61405e-008	7.97215e-008	3.07006e-007	1.67488e-006	1.07138e-005	6.48022e-005	0.000338307	0.00147938	0.00535744	0.0159738	0.0390179	0.0778643	0.126674	0.167746	0.180663	0.158234	0.112779	0.0655064	0.0310744	0.0120733	0.00385523	0.00101577	0.000221798	4.03283e-005	6.13928e-006	7.88838e-007	8.73629e-008	9.00372e-009	1.09712e-009	2.04309e-010	4.82008e-011	1.0875e-011	2.11757e-012	3.47694e-013	4.79715e-014	5.56902e-015	5.46157e-016	4.58766e-017	3.56461e-018	3.62525e-019	7.25593e-020	1.90639e-020	4.53549e-021	1.13527e-021	
Carex_maritima	0	0	0	0	0	0	0	0	0	0	0	0	0	0	0	0	0	0	0	0	0	0	0	0	0	0	0	0	0	1	0	0	0	0	0	0	0	0	0	0	0	0	0	0	0	0	0	0	0	0	0	0	0	0	0	0	0	0	0	0	0	0	
N48	1.29405e-014	9.88546e-015	8.91582e-015	9.8607e-015	1.38279e-014	2.57931e-014	6.20506e-014	1.66334e-013	4.36927e-013	1.07294e-012	2.51358e-012	6.06476e-012	1.7014e-011	6.28976e-011	3.24909e-010	2.21551e-009	1.74261e-008	1.38871e-007	1.02996e-006	6.79549e-006	3.89497e-005	0.000191574	0.000802926	0.00285471	0.00858176	0.0217586	0.046438	0.0833066	0.125337	0.158055	0.166998	0.147844	0.109718	0.0683137	0.0357319	0.0157277	0.00583786	0.00183188	0.000487329	0.000110254	2.12881e-005	3.52258e-006	5.02607e-007	6.26464e-008	7.07883e-009	8.02954e-010	1.0998e-010	1.96216e-011	3.90151e-012	7.38729e-013	1.24687e-013	1.83971e-014	2.36399e-015	2.65614e-016	2.66076e-017	2.55798e-018	2.88766e-019	4.67524e-020	9.42624e-021	1.8631e-021	3.31147e-022	6.76842e-023	
Carex_conferta	0	0	0	0	0	0	0	0	0	0	0	0	0	0	0	0	0	0	0	0	0	0	0	0	0	1	0	0	0	0	0	0	0	0	0	0	0	0	0	0	0	0	0	0	0	0	0	0	0	0	0	0	0	0	0	0	0	0	0	0	0	0	
Carex_cephalophora	0	0	0	0	0	0	0	0	0	0	0	0	0	0	0	0	0	0	0	0	0	0	0	1	0	0	0	0	0	0	0	0	0	0	0	0	0	0	0	0	0	0	0	0	0	0	0	0	0	0	0	0	0	0	0	0	0	0	0	0	0	0	
N49	2.79711e-013	1.86995e-013	1.14069e-013	6.43366e-014	3.68768e-014	2.52199e-014	2.37228e-014	2.97922e-014	4.03751e-014	5.45813e-014	1.02085e-013	3.33113e-013	1.21621e-012	3.84585e-012	1.05694e-011	2.75836e-011	7.45851e-011	2.23134e-010	8.04238e-010	3.4214e-009	1.44077e-008	5.30926e-008	1.828e-007	8.65297e-007	6.81466e-006	5.78773e-005	0.000407991	0.00224225	0.00945175	0.0303858	0.074265	0.137753	0.193809	0.206922	0.167894	0.103774	0.0490179	0.0177651	0.00496312	0.00107464	0.000181495	2.41164e-005	2.55956e-006	2.24622e-007	1.77126e-008	1.44717e-009	1.33523e-010	1.27225e-011	1.09554e-012	7.95019e-014	4.75231e-015	2.33166e-016	9.43206e-018	3.18598e-019	9.30092e-021	2.58678e-022	8.46567e-024	3.93102e-025	2.35566e-026	1.46194e-027	8.02856e-029	4.20053e-030	
N50	8.97476e-016	5.87501e-016	3.8645e-016	2.69475e-016	2.08897e-016	1.95523e-016	2.60795e-016	5.73909e-016	1.93432e-015	7.86468e-015	3.20141e-014	1.21204e-013	4.2535e-013	1.42964e-012	4.81745e-012	1.69277e-011	6.44837e-011	2.85796e-010	1.64701e-009	1.29789e-008	1.22042e-007	1.13153e-006	9.25795e-006	6.37855e-005	0.00036286	0.00168739	0.00637254	0.0194469	0.0477044	0.0937643	0.14728	0.184533	0.184256	0.146621	0.093075	0.047228	0.0192115	0.00628862	0.00166394	0.000357717	6.28401e-005	9.07925e-006	1.08876e-006	1.10781e-007	1.04181e-008	1.19425e-009	2.21439e-010	5.19159e-011	1.14098e-011	2.13879e-012	3.35441e-013	4.38995e-014	4.8e-015	4.40116e-016	3.42416e-017	2.38669e-018	1.87542e-019	2.46761e-020	4.71349e-021	8.84809e-022	1.4387e-022	2.54673e-023	
Carex_echinata	0	0	0	0	0	0	0	0	0	0	0	0	0	0	0	0	0	0	0	0	0	0	0	0	0	1	0	0	0	0	0	0	0	0	0	0	0	0	0	0	0	0	0	0	0	0	0	0	0	0	0	0	0	0	0	0	0	0	0	0	0	0	
N51	6.16329e-020	5.9561e-020	5.18444e-020	4.2514e-020	5.95456e-020	3.25352e-019	5.72809e-018	1.04343e-016	1.43836e-015	1.43007e-014	1.01107e-013	5.04723e-013	1.77564e-012	4.41229e-012	7.80317e-012	1.00356e-011	1.02522e-011	1.2331e-011	4.48072e-011	7.05059e-010	1.79761e-008	4.02667e-007	6.87493e-006	8.60598e-005	0.000775121	0.00495536	0.0222428	0.0695301	0.150401	0.224897	0.233033	0.168265	0.0853735	0.0307516	0.00795535	0.00149638	0.000207248	2.14043e-005	1.66951e-006	9.96477e-008	4.62017e-009	1.69872e-010	5.12802e-012	1.35289e-013	3.41486e-015	8.79045e-017	2.25068e-018	5.30639e-020	1.08575e-021	1.8771e-023	2.72741e-025	3.36698e-027	3.75828e-029	7.04316e-031	8.70579e-032	2.13598e-032	5.51031e-033	1.32831e-033	2.85593e-034	5.43033e-035	9.20217e-036	1.5108e-036	
N52	1.09817e-022	1.37499e-022	2.08258e-022	1.09492e-021	1.92489e-020	3.82654e-019	6.04071e-018	7.24224e-017	6.74523e-016	5.08194e-015	3.13452e-014	1.52084e-013	5.49779e-013	1.43581e-012	2.70089e-012	3.76391e-012	4.60466e-012	1.1887e-011	1.83664e-010	5.67344e-009	1.55816e-007	3.26278e-006	5.01881e-005	0.000552775	0.0042488	0.0222038	0.0769955	0.173863	0.25313	0.238596	0.147684	0.0612478	0.0174058	0.00346744	0.000494911	5.16621e-005	4.02015e-006	2.37406e-007	1.08296e-008	3.90745e-010	1.18631e-011	3.76439e-013	1.80901e-014	1.20204e-015	7.71263e-017	4.14602e-018	1.81522e-019	6.4557e-021	1.86983e-022	4.42878e-024	8.62159e-026	1.38914e-027	1.8818e-029	2.2856e-031	3.26031e-033	8.43131e-035	3.22614e-036	1.2282e-037	4.10566e-039	1.17117e-040	2.82421e-042	6.59381e-044	
Carex_pairae	0	0	0	0	0	0	0	0	0	0	0	0	0	0	0	0	0	0	0	0	0	0	0	0	0	0	0	1	0	0	0	0	0	0	0	0	0	0	0	0	0	0	0	0	0	0	0	0	0	0	0	0	0	0	0	0	0	0	0	0	0	0	
Carex_divulsa	0	0	0	0	0	0	0	0	0	0	0	0	0	0	0	0	0	0	0	0	0	0	0	0	0	0	0	1	0	0	0	0	0	0	0	0	0	0	0	0	0	0	0	0	0	0	0	0	0	0	0	0	0	0	0	0	0	0	0	0	0	0	
N53	1.53545e-021	2.01184e-021	2.41488e-021	3.33191e-021	1.0888e-020	1.01529e-019	1.61643e-018	2.61927e-017	3.39369e-016	3.24054e-015	2.21805e-014	1.07668e-013	3.69495e-013	8.99056e-013	1.5714e-012	2.06645e-012	2.46088e-012	4.94274e-012	3.71516e-011	7.57525e-010	1.94052e-008	4.28382e-007	7.22947e-006	8.96266e-005	0.000800478	0.00507973	0.0226529	0.0704039	0.151503	0.225469	0.232573	0.167195	0.0844572	0.0302856	0.007799	0.00146014	0.000201276	2.06896e-005	1.60625e-006	9.54878e-008	4.46133e-009	1.95806e-010	1.99077e-011	4.99262e-012	1.18096e-012	2.14433e-013	2.94552e-014	3.07149e-015	2.44657e-016	1.49969e-017	7.13166e-019	2.65341e-020	7.79266e-022	1.83104e-023	3.76514e-025	1.43717e-026	1.99585e-027	3.25533e-028	4.35495e-029	4.72068e-030	5.70272e-031	2.86926e-031	
Carex_lamprocarpa	0	0	0	0	0	0	0	0	0	0	0	0	0	0	0	0	0	0	0	0	0	0	0	0	0	0	0	0	1	0	0	0	0	0	0	0	0	0	0	0	0	0	0	0	0	0	0	0	0	0	0	0	0	0	0	0	0	0	0	0	0	0	
Carex_otrubae	0	0	0	0	0	0	0	0	0	0	0	0	0	0	0	0	0	0	0	0	0	0	0	0	0	0	0	0	1	0	0	0	0	0	0	0	0	0	0	0	0	0	0	0	0	0	0	0	0	0	0	0	0	0	0	0	0	0	0	0	0	0	
N54	1.22757e-015	7.72767e-016	4.38164e-016	2.38256e-016	1.47772e-016	1.27015e-016	1.40435e-016	1.66208e-016	2.19088e-016	3.94763e-016	9.41475e-016	2.49215e-015	7.03939e-015	2.1989e-014	8.10729e-014	3.68634e-013	1.90162e-012	9.60755e-012	4.36861e-011	1.83652e-010	8.55882e-010	5.59667e-009	4.98964e-008	5.0421e-007	4.9945e-006	4.35271e-005	0.000310982	0.00175307	0.00764294	0.0255344	0.0650528	0.126064	0.185652	0.20785	0.17716	0.11524	0.0573987	0.0219805	0.0065027	0.0014945	0.000268872	3.8599e-005	4.85586e-006	7.8664e-007	2.37056e-007	8.59518e-008	2.66551e-008	6.57589e-009	1.27866e-009	1.96171e-010	2.38203e-011	2.29813e-012	1.7697e-013	1.09447e-014	5.52151e-016	2.47054e-017	1.50215e-018	2.2209e-019	5.10891e-020	1.18764e-020	2.40756e-021	4.81482e-022	
N55	9.6452e-016	2.51423e-015	7.1399e-015	1.74089e-014	3.5687e-014	6.15008e-014	9.03439e-014	1.18983e-013	1.63407e-013	3.15239e-013	1.07785e-012	5.79051e-012	3.52655e-011	1.9553e-010	9.07096e-010	3.42622e-009	1.04442e-008	2.56512e-008	5.09959e-008	8.38079e-008	1.21811e-007	1.89595e-007	4.39781e-007	1.82032e-006	1.09673e-005	6.97438e-005	0.000392552	0.00183625	0.006976	0.0213135	0.0520347	0.101036	0.155526	0.18947	0.182682	0.139636	0.0848911	0.0412413	0.0161087	0.00509869	0.00132228	0.000286132	5.34723e-005	9.19727e-006	1.59015e-006	2.91015e-007	5.43482e-008	9.58195e-009	1.50886e-009	2.07205e-010	2.47371e-011	2.60123e-012	2.49601e-013	2.33948e-014	2.33196e-015	2.55338e-016	2.90701e-017	3.18156e-018	3.1837e-019	2.85039e-020	2.29041e-021	2.11232e-022	
Carex_ovalis	0	0	0	0	0	0	0	0	0	0	0	0	0	0	0	0	0	0	0	0	0	0	0	0	0	0	0	0	0	0	0	0	1	0	0	0	0	0	0	0	0	0	0	0	0	0	0	0	0	0	0	0	0	0	0	0	0	0	0	0	0	0	
Carex_xerantica	0	0	0	0	0	0	0	0	0	0	0	0	0	0	0	0	0	0	0	0	0	0	0	0	0	0	0	0	0	0	0	0	0	1	0	0	0	0	0	0	0	0	0	0	0	0	0	0	0	0	0	0	0	0	0	0	0	0	0	0	0	0	
N56	2.69394e-017	1.7143e-017	1.01911e-017	6.27569e-018	4.7735e-018	4.73605e-018	5.52102e-018	7.35826e-018	1.21681e-017	2.65522e-017	7.73572e-017	3.07545e-016	1.60776e-015	9.55111e-015	5.60491e-014	3.03715e-013	1.51302e-012	7.27807e-012	3.75165e-011	2.37773e-010	1.9883e-009	2.02474e-008	2.15413e-007	2.12179e-006	1.80267e-005	0.000127077	0.00072702	0.00332989	0.0120869	0.0345534	0.0774346	0.13559	0.185153	0.197044	0.163533	0.10604	0.053884	0.0215438	0.00681073	0.00171232	0.000344841	5.62902e-005	7.70131e-006	1.0056e-006	1.79975e-007	5.48502e-008	2.05432e-008	7.30783e-009	2.25964e-009	5.85551e-010	1.24828e-010	2.17009e-011	3.06786e-012	3.52947e-013	3.31536e-014	2.56666e-015	1.76115e-016	1.96799e-017	7.8257e-018	4.07936e-018	1.77094e-018	7.71966e-019	
Carex_chordorrhiza	0	0	0	0	0	0	0	0	0	0	0	0	0	0	0	0	0	0	0	0	0	0	0	0	0	0	0	0	0	0	1	0	0	0	0	0	0	0	0	0	0	0	0	0	0	0	0	0	0	0	0	0	0	0	0	0	0	0	0	0	0	0	
N57	3.72289e-018	4.83311e-018	5.33425e-018	4.44363e-018	3.07422e-018	3.31979e-018	1.68526e-017	1.94688e-016	2.70703e-015	3.27271e-014	3.01538e-013	2.03144e-012	9.86644e-012	3.43749e-011	8.59369e-011	1.54991e-010	2.04395e-010	2.04928e-010	1.83459e-010	2.89867e-010	1.96853e-009	3.14466e-008	5.56759e-007	8.19108e-006	9.19926e-005	0.000765443	0.00463981	0.0202279	0.0627284	0.137485	0.21234	0.231301	0.178535	0.0984287	0.0391658	0.0113848	0.00244917	0.000395167	4.84646e-005	4.57918e-006	3.38034e-007	1.98152e-008	9.43282e-010	3.78261e-011	1.35792e-012	4.71477e-014	1.65977e-015	5.77424e-017	1.86317e-018	5.3135e-020	1.31245e-021	2.81383e-023	5.36057e-025	9.53908e-027	1.70197e-028	3.19575e-030	6.18773e-032	1.15921e-033	1.99076e-035	3.04544e-037	4.11476e-039	5.62775e-041	
Carex_marina	0	0	0	0	0	0	0	0	0	0	0	0	0	0	0	0	0	0	0	0	0	0	0	0	0	0	0	0	0	0	1	0	0	0	0	0	0	0	0	0	0	0	0	0	0	0	0	0	0	0	0	0	0	0	0	0	0	0	0	0	0	0	
N58	1.91943e-020	2.53762e-020	3.33524e-020	4.92846e-020	1.06237e-019	3.40234e-019	1.85661e-018	1.85127e-017	2.32358e-016	2.52567e-015	2.06937e-014	1.22804e-013	5.21091e-013	1.5764e-012	3.42564e-012	5.55659e-012	7.83293e-012	1.39698e-011	4.09125e-011	2.00964e-010	1.97025e-009	3.39587e-008	6.32755e-007	9.66361e-006	0.000111112	0.000933913	0.00564335	0.0242088	0.0729439	0.153463	0.224883	0.229848	0.164692	0.0834153	0.030187	0.00790238	0.00151642	0.000216234	2.32269e-005	1.90506e-006	1.20971e-007	6.04628e-009	2.46537e-010	9.6661e-012	6.26789e-013	7.66191e-014	9.81083e-015	1.03649e-015	8.69716e-017	5.78129e-018	3.05518e-019	1.2903e-020	4.38147e-022	1.20438e-023	2.70304e-025	5.06737e-027	9.13523e-029	3.01675e-030	2.81535e-031	4.3353e-032	7.62244e-033	1.3441e-033	
Carex_canescens	0	0	0	0	0	0	0	0	0	0	0	0	0	0	0	0	0	0	0	0	0	0	0	0	0	0	0	1	0	0	0	0	0	0	0	0	0	0	0	0	0	0	0	0	0	0	0	0	0	0	0	0	0	0	0	0	0	0	0	0	0	0	
Carex_lachenalii	0	0	0	0	0	0	0	0	0	0	0	0	0	0	0	0	0	0	0	0	0	0	0	0	0	0	0	0	0	0	1	0	0	0	0	0	0	0	0	0	0	0	0	0	0	0	0	0	0	0	0	0	0	0	0	0	0	0	0	0	0	0	
N59	3.99527e-011	3.4643e-011	3.42513e-011	3.35986e-011	3.20704e-011	3.33445e-011	5.73189e-011	2.12007e-010	1.03698e-009	4.87134e-009	2.02644e-008	7.31312e-008	2.28596e-007	6.26994e-007	1.55318e-006	3.61415e-006	8.13098e-006	1.76288e-005	3.5819e-005	6.68801e-005	0.000117241	0.000213897	0.000476737	0.00132462	0.00391777	0.0107761	0.0259372	0.053323	0.0925051	0.13463	0.163802	0.166295	0.140805	0.0995183	0.0588309	0.0291778	0.0121883	0.0043078	0.00129472	0.000332663	7.34691e-005	1.4023e-005	2.32571e-006	3.36931e-007	4.28668e-008	4.80964e-009	4.78218e-010	4.23372e-011	3.35315e-012	2.38725e-013	1.53542e-014	8.96961e-016	4.78741e-017	2.35009e-018	1.06891e-019	4.54117e-021	1.81702e-022	6.90004e-024	2.50242e-025	8.71688e-027	2.97436e-028	1.20186e-029	
N60	3.87282e-010	5.60854e-010	1.23074e-009	3.39833e-009	1.15047e-008	4.63569e-008	2.07648e-007	9.57537e-007	4.28543e-006	1.79399e-005	6.87918e-005	0.000238856	0.000746151	0.00208926	0.00523169	0.0116988	0.0233381	0.0415076	0.0657853	0.0930041	0.117277	0.131938	0.132483	0.118813	0.0952393	0.0683002	0.0438698	0.0252735	0.0130624	0.0060651	0.00253343	0.000953337	0.000323655	9.9282e-005	2.75612e-005	6.936e-006	1.58536e-006	3.29852e-007	6.26454e-008	1.09002e-008	1.74662e-009	2.59668e-010	3.62027e-011	4.80307e-012	6.17441e-013	7.82289e-014	9.89605e-015	1.25614e-015	1.59801e-016	2.03399e-017	2.59578e-018	3.33867e-019	4.33998e-020	5.67375e-021	7.36283e-022	9.32707e-023	1.13579e-023	1.31439e-024	1.43508e-025	1.47378e-026	1.4457e-027	1.77535e-028	
Carex_livida	0	0	0	0	0	0	0	0	0	0	0	0	0	0	0	1	0	0	0	0	0	0	0	0	0	0	0	0	0	0	0	0	0	0	0	0	0	0	0	0	0	0	0	0	0	0	0	0	0	0	0	0	0	0	0	0	0	0	0	0	0	0	
Carex_panicea	0	0	0	0	0	0	0	0	0	0	0	0	0	0	0	1	0	0	0	0	0	0	0	0	0	0	0	0	0	0	0	0	0	0	0	0	0	0	0	0	0	0	0	0	0	0	0	0	0	0	0	0	0	0	0	0	0	0	0	0	0	0	
N61	2.94572e-013	4.0553e-013	7.43812e-013	1.34263e-012	2.15664e-012	3.02287e-012	3.7722e-012	4.5411e-012	7.04157e-012	2.70967e-011	2.23037e-010	2.02009e-009	1.6065e-008	1.05841e-007	5.65879e-007	2.43468e-006	8.40821e-006	2.33413e-005	5.23586e-005	9.60739e-005	0.000147845	0.000204319	0.000307789	0.000683652	0.00216506	0.00717208	0.020887	0.0503439	0.0980487	0.15264	0.188763	0.184724	0.142734	0.0870085	0.0418598	0.0159194	0.00479868	0.00115081	0.000220587	3.3979e-005	4.23239e-006	4.29305e-007	3.57533e-008	2.46951e-009	1.43366e-010	7.11605e-012	3.09285e-013	1.21229e-014	4.41362e-016	1.52292e-017	5.01235e-019	1.57317e-020	4.73011e-022	1.37965e-023	3.94568e-025	1.10349e-026	2.98596e-028	7.90702e-030	2.19983e-031	7.01254e-033	2.42372e-034	8.84323e-036	
N62	4.35543e-014	4.69159e-014	6.60818e-014	1.0332e-013	1.7798e-013	3.94328e-013	1.41506e-012	8.03604e-012	5.58482e-011	3.95596e-010	2.62663e-009	1.56926e-008	8.23665e-008	3.73913e-007	1.45299e-006	4.80505e-006	1.35208e-005	3.27183e-005	7.0595e-005	0.000148757	0.000351684	0.000986807	0.00296053	0.0083781	0.0209241	0.0448536	0.0815083	0.124702	0.159671	0.170447	0.151205	0.111191	0.0676631	0.0340437	0.0141629	0.00487673	0.00139252	0.000330644	6.55117e-005	1.08755e-005	1.51978e-006	1.79833e-007	1.82405e-008	1.67217e-009	1.77752e-010	3.48393e-011	1.05008e-011	3.13519e-012	8.08547e-013	1.75683e-013	3.20199e-014	4.89305e-015	6.27532e-016	6.76969e-017	6.177e-018	4.90301e-019	4.1334e-020	7.26709e-021	2.58792e-021	9.44682e-022	2.95678e-022	9.65789e-023	
Carex_fuliginosa	0	0	0	0	0	0	0	0	0	0	0	0	0	0	0	0	0	0	0	1	0	0	0	0	0	0	0	0	0	0	0	0	0	0	0	0	0	0	0	0	0	0	0	0	0	0	0	0	0	0	0	0	0	0	0	0	0	0	0	0	0	0	
N63	3.27199e-014	7.24936e-014	2.57598e-013	1.09213e-012	5.18554e-012	2.66065e-011	1.4175e-010	7.53253e-010	3.86061e-009	1.86446e-008	8.38339e-008	3.50709e-007	1.37839e-006	5.1752e-006	1.88429e-005	6.67266e-005	0.000226833	0.000723655	0.00211779	0.00559189	0.0131615	0.0274007	0.0502017	0.0806582	0.113347	0.139029	0.148595	0.138223	0.111654	0.0782545	0.0475543	0.0250458	0.0114317	0.00452305	0.00155233	0.000462609	0.000119875	2.70579e-005	5.33185e-006	9.20016e-007	1.39759e-007	1.89457e-008	2.38884e-009	3.14533e-010	5.22735e-011	1.14228e-011	2.75361e-012	6.32268e-013	1.30547e-013	2.38269e-014	3.82796e-015	5.41573e-016	6.78331e-017	7.68076e-018	8.50942e-019	1.1495e-019	2.3501e-020	6.20637e-021	1.64711e-021	3.9592e-022	8.57228e-023	2.16471e-023	
Carex_glacialis	0	0	0	0	0	0	0	0	0	0	0	0	0	0	0	0	1	0	0	0	0	0	0	0	0	0	0	0	0	0	0	0	0	0	0	0	0	0	0	0	0	0	0	0	0	0	0	0	0	0	0	0	0	0	0	0	0	0	0	0	0	0	
N64	9.29237e-010	1.93054e-009	5.77496e-009	1.90707e-008	6.63095e-008	2.40626e-007	9.0992e-007	3.53884e-006	1.37359e-005	5.13238e-005	0.00017913	0.000572219	0.00165252	0.00428365	0.00992562	0.020507	0.0377199	0.0617033	0.0896938	0.115932	0.133186	0.135984	0.123403	0.0995563	0.071429	0.0455994	0.0259189	0.0131305	0.00592773	0.00238706	0.000858325	0.000275888	7.93641e-005	2.04597e-005	4.73392e-006	9.84919e-007	1.84737e-007	3.13631e-008	4.85339e-009	6.93577e-010	9.37381e-011	1.24508e-011	1.70228e-012	2.46459e-013	3.73305e-014	5.67454e-015	8.32314e-016	1.15118e-016	1.49271e-017	1.8345e-018	2.20297e-019	2.71808e-020	3.62512e-021	5.29446e-022	8.17149e-023	1.26628e-023	1.89583e-024	2.68245e-025	3.54628e-026	4.36006e-027	5.06534e-028	7.29742e-029	
Carex_pilulifera	0	0	0	0	0	0	0	0	1	0	0	0	0	0	0	0	0	0	0	0	0	0	0	0	0	0	0	0	0	0	0	0	0	0	0	0	0	0	0	0	0	0	0	0	0	0	0	0	0	0	0	0	0	0	0	0	0	0	0	0	0	0	
Carex_humilis	0	0	0	0	0	0	0	0	0	0	0	0	0	0	0	0	0	1	0	0	0	0	0	0	0	0	0	0	0	0	0	0	0	0	0	0	0	0	0	0	0	0	0	0	0	0	0	0	0	0	0	0	0	0	0	0	0	0	0	0	0	0	
N65	1.55222e-014	2.76307e-014	6.13803e-014	1.29055e-013	2.51837e-013	4.68842e-013	8.47727e-013	1.47814e-012	2.53042e-012	6.06164e-012	4.25344e-011	4.83255e-010	4.95615e-009	4.10673e-008	2.68214e-007	1.36625e-006	5.40081e-006	1.65581e-005	3.95646e-005	7.47563e-005	0.000115037	0.00015347	0.000202704	0.000336684	0.000852285	0.00286877	0.00978762	0.0288178	0.0683637	0.127167	0.183282	0.203479	0.173493	0.113475	0.0569549	0.0219893	0.006575	0.00155463	0.000310759	6.22083e-005	1.50321e-005	4.07631e-006	1.0134e-006	2.08165e-007	3.433e-008	4.52632e-009	4.79059e-010	4.10136e-011	2.88381e-012	1.73758e-013	1.0161e-014	7.22549e-016	6.6633e-017	6.51312e-018	5.74625e-019	4.33195e-020	2.76204e-021	1.50599e-022	7.3978e-024	3.79917e-025	2.44898e-026	2.0743e-027	
Carex_atrofusca	0	0	0	0	0	0	0	0	0	0	0	0	0	0	0	0	0	0	1	0	0	0	0	0	0	0	0	0	0	0	0	0	0	0	0	0	0	0	0	0	0	0	0	0	0	0	0	0	0	0	0	0	0	0	0	0	0	0	0	0	0	0	
N66	5.62446e-017	1.08829e-016	2.82773e-016	7.72924e-016	2.23736e-015	7.04206e-015	2.43241e-014	9.23772e-014	3.8117e-013	1.62116e-012	6.62278e-012	2.54661e-011	1.01501e-010	5.12518e-010	3.40958e-009	2.43346e-008	1.56114e-007	8.28661e-007	3.5111e-006	1.17234e-005	3.09467e-005	6.64648e-005	0.000124768	0.000232394	0.000506357	0.00145928	0.00509214	0.0170966	0.0474131	0.102278	0.168061	0.208786	0.195577	0.138066	0.0735262	0.0296344	0.00913038	0.00222907	0.000488494	0.000125012	4.1064e-005	1.3585e-005	3.75539e-006	8.17862e-007	1.38593e-007	1.8244e-008	1.8706e-009	1.50127e-010	9.53395e-012	4.97116e-013	2.44425e-014	1.54748e-015	1.38348e-016	1.29479e-017	1.04419e-018	6.88931e-020	3.68634e-021	1.60425e-022	5.80069e-024	1.96028e-025	8.8059e-027	6.68912e-028	
N67	5.18665e-017	1.63069e-016	6.44757e-016	2.44934e-015	8.59501e-015	2.74273e-014	7.92375e-014	2.1015e-013	5.38857e-013	1.51573e-012	5.78225e-012	3.40404e-011	2.66029e-010	2.17051e-009	1.60014e-008	9.99556e-008	5.1449e-007	2.15279e-006	7.26984e-006	1.97938e-005	4.38284e-005	8.18355e-005	0.000142165	0.000277246	0.000722999	0.00240531	0.00829375	0.0251599	0.0619141	0.119532	0.17849	0.204807	0.180027	0.1211	0.0623874	0.0246961	0.00757706	0.0018434	0.000377075	7.30124e-005	1.50685e-005	3.22418e-006	6.28682e-007	1.02437e-007	1.36742e-008	1.54558e-009	1.61385e-010	1.71602e-011	1.85935e-012	1.86567e-013	1.58957e-014	1.104e-015	6.19953e-017	2.86961e-018	1.17317e-019	4.98645e-021	2.75963e-022	2.33593e-023	3.09825e-024	5.00967e-025	7.40357e-026	1.06337e-026	
N68	1.66802e-015	3.24081e-015	9.25973e-015	3.24181e-014	1.38299e-013	6.84433e-013	3.63548e-012	1.95094e-011	1.02231e-010	5.14278e-010	2.45961e-009	1.10867e-008	4.66268e-008	1.81067e-007	6.44479e-007	2.10388e-006	6.39348e-006	1.87108e-005	5.51941e-005	0.000168911	0.000527173	0.00159948	0.00450361	0.0114044	0.0254906	0.0497135	0.083934	0.121952	0.151562	0.160423	0.144075	0.109457	0.070194	0.0379572	0.0173112	0.00667091	0.00218033	0.000608326	0.000146344	3.0804e-005	5.78654e-006	9.93155e-007	1.59767e-007	2.50324e-008	4.24015e-009	9.57072e-010	3.0664e-010	1.11091e-010	3.76826e-011	1.11675e-011	2.83552e-012	6.14003e-013	1.13476e-013	1.79922e-014	2.49296e-015	3.29864e-016	5.94631e-017	2.1239e-017	1.01918e-017	4.60483e-018	1.85626e-018	8.57352e-019	
N69	3.58352e-015	4.84942e-013	9.27394e-011	1.42224e-008	1.53868e-006	0.000106916	0.00424221	0.0794389	0.481856	0.345046	0.0799987	0.00874341	0.000544236	2.1591e-005	5.88288e-007	1.24316e-008	2.04837e-009	3.26372e-009	4.44679e-009	4.73115e-009	3.8823e-009	2.40911e-009	1.09542e-009	3.46668e-010	6.9763e-011	7.42562e-012	2.53265e-013	4.59874e-015	5.37629e-017	4.46003e-019	2.7842e-021	1.36043e-023	5.35288e-026	1.73301e-028	4.69617e-031	1.08024e-033	2.13471e-036	3.66277e-039	5.51064e-042	7.33932e-045	8.73801e-048	9.39778e-051	9.23771e-054	8.40897e-057	7.19289e-060	5.86763e-063	4.63151e-066	3.57923e-069	2.72702e-072	2.05051e-075	1.51479e-078	1.09031e-081	7.57197e-085	5.02677e-088	3.16549e-091	1.88009e-094	1.04914e-097	5.48804e-101	2.68825e-104	1.23285e-107	5.29595e-111	2.19219e-114	
Carex_capillaris	0	0	0	0	0	0	0	0	1	0	0	0	0	0	0	0	0	0	0	0	0	0	0	0	0	0	0	0	0	0	0	0	0	0	0	0	0	0	0	0	0	0	0	0	0	0	0	0	0	0	0	0	0	0	0	0	0	0	0	0	0	0	
Carex_halleriana	0	0	0	0	0	0	0	0	0	0	0	0	0	0	0	0	0	0	0	0	0	0	0	0	0	1	0	0	0	0	0	0	0	0	0	0	0	0	0	0	0	0	0	0	0	0	0	0	0	0	0	0	0	0	0	0	0	0	0	0	0	0	
Carex_baccans	0	0	0	0	0	0	0	0	0	0	0	0	0	0	0	0	0	0	0	0	0	0	1	0	0	0	0	0	0	0	0	0	0	0	0	0	0	0	0	0	0	0	0	0	0	0	0	0	0	0	0	0	0	0	0	0	0	0	0	0	0	0	
N70	5.2093e-017	1.86774e-016	8.48943e-016	3.82884e-015	1.6835e-014	7.23319e-014	3.03151e-013	1.22568e-012	4.69984e-012	1.68499e-011	5.69913e-011	1.97718e-010	8.51629e-010	4.8878e-009	3.05206e-008	1.72075e-007	8.12608e-007	3.13974e-006	9.87771e-006	2.54799e-005	5.48535e-005	0.00010199	0.000173845	0.000304385	0.000663664	0.0019603	0.00646077	0.0193608	0.0481167	0.0960429	0.152075	0.189981	0.186811	0.144534	0.0880934	0.0424189	0.0162173	0.0049668	0.00124286	0.000269722	6.22909e-005	2.25944e-005	1.25543e-005	7.24838e-006	3.61001e-006	1.47134e-006	4.83452e-007	1.27479e-007	2.69681e-008	4.59182e-009	6.35901e-010	7.41899e-011	8.1933e-012	1.10411e-012	2.08812e-013	4.63512e-014	1.04397e-014	2.36172e-015	5.57282e-016	1.39083e-016	3.52679e-017	1.02883e-017	
Carex_echinochloe	0	0	0	0	0	0	0	0	0	0	0	0	0	0	0	0	0	0	0	0	1	0	0	0	0	0	0	0	0	0	0	0	0	0	0	0	0	0	0	0	0	0	0	0	0	0	0	0	0	0	0	0	0	0	0	0	0	0	0	0	0	0	
N71	1.42681e-016	5.78033e-016	2.67566e-015	1.10447e-014	3.91838e-014	1.18035e-013	3.01539e-013	6.59259e-013	1.26626e-012	2.26364e-012	4.18414e-012	9.2987e-012	2.8384e-011	1.14354e-010	5.00139e-010	2.04395e-009	7.37588e-009	2.34789e-008	6.80519e-008	1.8951e-007	5.33807e-007	1.56187e-006	4.84615e-006	1.69136e-005	6.96513e-005	0.000314585	0.00135944	0.00511332	0.0159735	0.0405965	0.0830904	0.136228	0.178431	0.186533	0.155703	0.103941	0.0556652	0.0240761	0.00856973	0.00267474	0.000877232	0.000381068	0.000203728	0.000105029	4.61682e-005	1.66698e-005	4.89958e-006	1.17076e-006	2.27911e-007	3.63787e-008	4.84765e-009	5.68906e-010	6.75688e-011	9.93414e-012	1.84787e-012	3.68053e-013	7.01871e-014	1.24382e-014	2.03702e-015	3.04201e-016	4.08546e-017	6.20492e-018	
N72	4.22434e-016	1.03293e-015	2.93064e-015	7.66509e-015	1.83026e-014	4.0593e-014	8.65925e-014	1.8738e-013	4.37131e-013	1.14491e-012	3.36203e-012	1.07188e-011	3.57072e-011	1.20391e-010	4.02154e-010	1.3194e-009	4.26718e-009	1.37918e-008	4.5541e-008	1.58454e-007	5.99554e-007	2.50442e-006	1.12819e-005	5.16969e-005	0.000225764	0.000893307	0.00309934	0.0092426	0.0233762	0.0497631	0.088708	0.131964	0.163484	0.168507	0.144522	0.103266	0.0616333	0.0308739	0.0131058	0.00481539	0.00160513	0.000529314	0.000189844	7.53029e-005	3.12049e-005	1.30399e-005	5.56574e-006	2.43734e-006	1.04922e-006	4.16943e-007	1.45941e-007	4.38971e-008	1.12364e-008	2.44714e-009	4.59459e-010	7.98396e-011	1.80891e-011	9.21973e-012	7.31623e-012	5.62159e-012	3.8241e-012	2.844e-012	
Carex_pendula	0	0	0	0	0	0	0	0	0	0	0	0	0	0	0	0	0	0	0	0	0	0	0	0	0	0	0	0	1	0	0	0	0	0	0	0	0	0	0	0	0	0	0	0	0	0	0	0	0	0	0	0	0	0	0	0	0	0	0	0	0	0	
N73	6.06773e-012	5.52091e-012	6.11634e-012	1.08402e-011	3.08216e-011	8.69256e-011	1.99556e-010	3.59297e-010	5.08318e-010	6.07815e-010	8.94552e-010	2.5166e-009	8.59353e-009	2.42275e-008	5.21536e-008	8.58915e-008	1.18701e-007	2.0982e-007	6.99633e-007	2.70893e-006	8.69034e-006	2.17171e-005	4.25147e-005	7.15248e-005	0.000157212	0.000661217	0.00323909	0.0130437	0.0400909	0.0927374	0.160831	0.208886	0.203181	0.14817	0.0812503	0.033706	0.0106827	0.0026208	0.000505327	7.78475e-005	9.74988e-006	1.01135e-006	8.86704e-008	6.72076e-009	4.51229e-010	2.74526e-011	1.5428e-012	8.1107e-014	4.01735e-015	1.8852e-016	8.43768e-018	3.62637e-019	1.50059e-020	5.95105e-022	2.23761e-023	7.87488e-025	2.56527e-026	7.67526e-028	2.10011e-029	5.24647e-031	1.19976e-032	2.97351e-034	
Carex_hostiana	0	0	0	0	0	0	0	0	0	0	0	0	0	0	0	0	0	0	0	0	0	0	0	0	0	0	0	1	0	0	0	0	0	0	0	0	0	0	0	0	0	0	0	0	0	0	0	0	0	0	0	0	0	0	0	0	0	0	0	0	0	0	
Carex_viridula	0	0	0	0	0	0	0	0	0	0	0	0	0	0	0	0	0	0	0	0	0	0	0	0	0	0	0	0	0	0	0	0	0	0	1	0	0	0	0	0	0	0	0	0	0	0	0	0	0	0	0	0	0	0	0	0	0	0	0	0	0	0	
N74	1.53357e-016	3.39192e-016	9.53206e-016	2.56824e-015	6.38653e-015	1.4794e-014	3.34493e-014	8.06956e-014	2.23894e-013	6.93616e-013	2.18326e-012	6.54815e-012	1.84576e-011	5.00952e-011	1.38227e-010	4.14987e-010	1.40622e-009	5.25553e-009	2.06796e-008	8.33687e-008	3.39891e-007	1.37493e-006	5.36665e-006	1.98698e-005	7.06015e-005	0.00024859	0.000877304	0.00298679	0.00920494	0.0244162	0.054093	0.0985571	0.146578	0.177358	0.174424	0.139499	0.0908957	0.0484182	0.0212156	0.00774125	0.00241559	0.000682996	0.000194185	6.17185e-005	2.1915e-005	7.86956e-006	2.60852e-006	7.58402e-007	1.88603e-007	3.96283e-008	6.99774e-009	1.03838e-009	1.30555e-010	1.4406e-011	1.58418e-012	2.29843e-013	4.91664e-014	1.19601e-014	2.69583e-015	5.24655e-016	8.77059e-017	1.61768e-017	
N75	1.34173e-015	3.35505e-015	1.10977e-014	3.72192e-014	1.2126e-013	3.76768e-013	1.10413e-012	3.03624e-012	7.84503e-012	1.92333e-011	4.56886e-011	1.08491e-010	2.65648e-010	6.81178e-010	1.82587e-009	5.0912e-009	1.47298e-008	4.36993e-008	1.29562e-007	3.74895e-007	1.05197e-006	2.90628e-006	8.08496e-006	2.28962e-005	6.58253e-005	0.00019143	0.000561279	0.00163041	0.00452077	0.0114896	0.0259192	0.0508461	0.0857381	0.123515	0.151574	0.158277	0.140649	0.106468	0.0687876	0.0380723	0.0181996	0.00767773	0.00303105	0.0012706	0.000645282	0.000383109	0.000229284	0.000125083	5.97673e-005	2.4707e-005	8.81774e-006	2.72693e-006	7.41262e-007	1.85756e-007	4.91031e-008	1.68323e-008	7.57556e-009	3.65763e-009	1.64319e-009	6.55965e-010	2.39359e-010	1.03907e-010	
Carex_punctata	0	0	0	0	0	0	0	0	0	0	0	0	0	0	0	0	0	0	0	0	0	0	0	0	0	0	0	0	0	0	0	0	0	1	0	0	0	0	0	0	0	0	0	0	0	0	0	0	0	0	0	0	0	0	0	0	0	0	0	0	0	0	
Carex_hochstetteriana	0	0	0	0	0	0	0	0	0	0	0	0	0	0	0	0	0	0	0	0	0	0	0	0	0	0	0	0	0	0	0	0	0	0	0	0	0	1	0	0	0	0	0	0	0	0	0	0	0	0	0	0	0	0	0	0	0	0	0	0	0	0	
N76	8.41646e-016	1.60188e-015	3.88266e-015	9.07789e-015	1.98251e-014	4.10932e-014	8.37927e-014	1.76272e-013	4.01253e-013	1.03592e-012	3.26082e-012	1.34806e-011	6.94782e-011	3.81113e-010	1.97394e-009	9.15151e-009	3.7352e-008	1.34355e-007	4.31345e-007	1.27064e-006	3.60899e-006	1.06926e-005	3.55766e-005	0.000132303	0.000505434	0.00181466	0.00578326	0.0158601	0.0367688	0.0713994	0.115496	0.155121	0.172664	0.159145	0.121464	0.0768216	0.0403245	0.0176101	0.00642183	0.00196631	0.000509843	0.000113461	2.21323e-005	3.9023e-006	6.45928e-007	1.0364e-007	1.63466e-008	2.51834e-009	3.73202e-010	5.24037e-011	6.87255e-012	8.28907e-013	9.05759e-014	8.88722e-015	7.9095e-016	6.7933e-017	6.5757e-018	8.23652e-019	1.21015e-019	1.7321e-020	2.22293e-021	3.20419e-022	
Carex_comans	0	0	0	0	0	0	0	0	0	0	0	0	0	0	0	0	0	0	0	1	0	0	0	0	0	0	0	0	0	0	0	0	0	0	0	0	0	0	0	0	0	0	0	0	0	0	0	0	0	0	0	0	0	0	0	0	0	0	0	0	0	0	
N77	2.17465e-016	3.90929e-016	9.42872e-016	2.42423e-015	6.5578e-015	1.87633e-014	5.68645e-014	1.82846e-013	6.19437e-013	2.15662e-012	7.49293e-012	2.56924e-011	8.815e-011	3.09042e-010	1.10935e-009	4.00347e-009	1.43319e-008	5.13274e-008	1.87425e-007	7.00639e-007	2.62979e-006	9.72999e-006	3.55278e-005	0.000129354	0.000465691	0.00159782	0.0049875	0.0136486	0.0319567	0.0632044	0.104862	0.1454	0.168183	0.162177	0.130394	0.0874941	0.0490699	0.0230538	0.00910316	0.00303851	0.000869303	0.000222619	5.81566e-005	1.94701e-005	8.7079e-006	4.17845e-006	1.83325e-006	6.96133e-007	2.25548e-007	6.2192e-008	1.46135e-008	2.94089e-009	5.14857e-010	8.26663e-011	1.42052e-011	3.30616e-012	1.0546e-012	3.84519e-013	1.48252e-013	5.95573e-014	2.40433e-014	1.15945e-014	
Carex_extensa	0	0	0	0	0	0	0	0	0	0	0	0	0	0	0	0	0	0	0	0	0	0	0	0	0	0	0	0	0	1	0	0	0	0	0	0	0	0	0	0	0	0	0	0	0	0	0	0	0	0	0	0	0	0	0	0	0	0	0	0	0	0	
Carex_distans	0	0	0	0	0	0	0	0	0	0	0	0	0	0	0	0	0	0	0	0	0	0	0	0	0	0	0	0	0	0	0	0	0	0	1	0	0	0	0	0	0	0	0	0	0	0	0	0	0	0	0	0	0	0	0	0	0	0	0	0	0	0	
N78	3.43261e-018	1.61017e-017	9.59551e-017	5.38175e-016	2.68556e-015	1.17167e-014	4.46404e-014	1.50138e-013	4.56208e-013	1.29536e-012	3.55329e-012	9.61043e-012	2.61994e-011	7.68917e-011	2.66731e-010	1.08796e-009	4.68951e-009	1.97698e-008	7.99967e-008	3.11451e-007	1.16042e-006	4.08216e-006	1.34455e-005	4.22299e-005	0.00013483	0.000469623	0.00173935	0.00612331	0.018592	0.0463177	0.0926278	0.147335	0.185738	0.18546	0.146856	0.0924683	0.0465032	0.0188404	0.006311	0.00194987	0.000790056	0.000547301	0.000452717	0.000332706	0.000200314	9.68099e-005	3.73479e-005	1.14857e-005	2.81864e-006	5.53949e-007	8.8036e-008	1.16903e-008	1.46407e-009	2.34895e-010	5.8269e-011	1.75213e-011	5.21882e-012	1.46331e-012	3.81998e-013	9.1221e-014	1.96459e-014	4.81437e-015	
N79	5.43861e-016	1.25545e-015	3.54928e-015	9.81073e-015	2.64687e-014	7.11132e-014	1.94272e-013	5.47802e-013	1.60398e-012	4.86939e-012	1.52525e-011	4.90567e-011	1.61469e-010	5.43011e-010	1.86586e-009	6.56008e-009	2.36613e-008	8.78799e-008	3.37142e-007	1.33489e-006	5.39122e-006	2.17204e-005	8.47999e-005	0.000311428	0.00104839	0.00317039	0.00848548	0.0198891	0.0404739	0.0711431	0.107619	0.139749	0.155545	0.148298	0.121143	0.0848953	0.0511697	0.0266612	0.0121353	0.00493856	0.00188743	0.0007355	0.000315147	0.000147642	7.0392e-005	3.21372e-005	1.37544e-005	5.53164e-006	2.10273e-006	7.52738e-007	2.50074e-007	7.56804e-008	2.05726e-008	5.02551e-009	1.15582e-009	3.03082e-010	1.24327e-010	7.4044e-011	4.62816e-011	2.63716e-011	1.38352e-011	8.42519e-012	
Carex_scirpoidea	0	0	0	0	0	0	0	0	0	0	0	0	0	0	0	0	0	0	0	0	0	0	0	0	0	0	0	0	0	0	1	0	0	0	0	0	0	0	0	0	0	0	0	0	0	0	0	0	0	0	0	0	0	0	0	0	0	0	0	0	0	0	
Carex_debilis	0	0	0	0	0	0	0	0	0	0	0	0	0	0	0	0	0	0	0	0	0	0	0	0	0	0	1	0	0	0	0	0	0	0	0	0	0	0	0	0	0	0	0	0	0	0	0	0	0	0	0	0	0	0	0	0	0	0	0	0	0	0	
N80	4.85648e-017	1.48194e-016	5.65706e-016	2.11791e-015	7.49936e-015	2.4625e-014	7.39834e-014	2.01962e-013	5.01556e-013	1.14852e-012	2.50727e-012	5.55746e-012	1.36905e-011	4.04915e-011	1.44818e-010	5.88965e-010	2.51114e-009	1.0506e-008	4.14011e-008	1.51299e-007	5.1568e-007	1.68605e-006	5.54201e-006	1.91741e-005	7.06229e-005	0.000267183	0.000978954	0.00329023	0.00973651	0.0247054	0.0528328	0.0941899	0.139072	0.169458	0.170162	0.14085	0.096275	0.0545471	0.0258309	0.0104521	0.0038547	0.00151666	0.000767029	0.000479633	0.000306926	0.000178636	9.03558e-005	3.89807e-005	1.42064e-005	4.35124e-006	1.11783e-006	2.41291e-007	4.42529e-008	7.24717e-009	1.28726e-009	3.59918e-010	1.55743e-010	7.37068e-011	3.23106e-011	1.24674e-011	4.25457e-012	1.65753e-012	
N81	2.41676e-013	5.41411e-013	1.8404e-012	6.9055e-012	2.61557e-011	9.42623e-011	3.08893e-010	8.9488e-010	2.26001e-009	4.95436e-009	9.46562e-009	1.60025e-008	2.47833e-008	3.75803e-008	6.21993e-008	1.30505e-007	3.88955e-007	1.50478e-006	6.13209e-006	2.30189e-005	7.52968e-005	0.000210362	0.000498371	0.00099979	0.00170606	0.00252372	0.0034341	0.00492973	0.00863966	0.0177316	0.03619	0.0661835	0.10427	0.139752	0.158728	0.152604	0.124205	0.0856648	0.0501641	0.0250242	0.0106934	0.00395068	0.00128122	0.000373425	0.00010097	2.61066e-005	6.55826e-006	1.5882e-006	3.62552e-007	7.64658e-008	1.48012e-008	2.65891e-009	4.56235e-010	7.75695e-011	1.33545e-011	2.30212e-012	3.83919e-013	5.98323e-014	8.51546e-015	1.09484e-015	1.2888e-016	1.82423e-017	
Carex_grayi	0	0	0	0	0	0	0	0	0	0	0	0	0	0	0	0	0	0	0	0	0	0	0	0	0	1	0	0	0	0	0	0	0	0	0	0	0	0	0	0	0	0	0	0	0	0	0	0	0	0	0	0	0	0	0	0	0	0	0	0	0	0	
N82	3.72526e-013	8.10137e-013	2.58398e-012	8.53851e-012	2.63762e-011	7.31357e-011	1.78805e-010	3.81805e-010	7.06853e-010	1.12778e-009	1.54829e-009	1.85216e-009	2.03651e-009	2.37943e-009	3.72118e-009	8.97009e-009	3.09868e-008	1.21978e-007	4.48211e-007	1.40045e-006	3.59596e-006	7.50793e-006	1.27434e-005	1.77775e-005	2.1175e-005	2.39854e-005	3.20859e-005	6.29146e-005	0.000185901	0.000693535	0.00259935	0.00857636	0.0236589	0.0535546	0.0986861	0.147419	0.178119	0.173993	0.137711	0.0889338	0.0476645	0.0219924	0.00932937	0.00392949	0.00168709	0.000701594	0.000263711	8.57548e-005	2.37069e-005	5.56554e-006	1.12275e-006	2.00672e-007	3.38616e-008	5.94963e-009	1.17114e-009	2.5204e-010	5.46984e-011	1.1228e-011	2.10189e-012	3.51328e-013	5.26093e-014	9.19589e-015	
Carex_saxatilis	0	0	0	0	0	0	0	0	0	0	0	0	0	0	0	0	0	0	0	0	0	0	0	0	0	0	0	0	0	0	0	0	0	0	0	0	0	0	1	0	0	0	0	0	0	0	0	0	0	0	0	0	0	0	0	0	0	0	0	0	0	0	
N83	4.17601e-019	1.14271e-016	1.59167e-014	4.41278e-014	2.29359e-015	4.05541e-017	3.59141e-019	1.89277e-021	6.54268e-024	1.57847e-026	2.77857e-029	1.14509e-031	5.26945e-031	1.26266e-027	3.22774e-024	5.70463e-021	6.53009e-018	4.38402e-015	1.45191e-012	1.61187e-010	3.28171e-010	1.23107e-011	1.56718e-013	1.00052e-015	3.80704e-018	9.50296e-021	1.66137e-023	2.51754e-025	5.61752e-024	1.71644e-020	4.25741e-017	7.56569e-014	9.16494e-011	7.06138e-008	3.11591e-005	0.00657743	0.44778	0.534349	0.0111865	7.57211e-005	2.46329e-007	4.62255e-010	5.57664e-013	4.65799e-016	2.85086e-019	1.34052e-022	5.06159e-026	1.60223e-029	4.42566e-033	1.09961e-036	2.49312e-040	5.16042e-044	9.73058e-048	1.68487e-051	2.74338e-055	4.33413e-059	6.75341e-063	1.02304e-066	1.45585e-070	1.88368e-074	2.17e-078	2.23036e-082	
Carex_membranacea	0	0	0	0	0	0	0	0	0	0	0	0	0	0	0	0	0	0	0	0	0	0	0	0	0	0	0	0	0	0	0	0	0	0	0	0	0	1	0	0	0	0	0	0	0	0	0	0	0	0	0	0	0	0	0	0	0	0	0	0	0	0	
Carex_rostrata	0	0	0	0	0	0	0	0	0	0	0	0	0	0	0	0	0	0	0	0	0	0	0	0	0	0	0	0	0	0	0	0	0	0	0	0	1	0	0	0	0	0	0	0	0	0	0	0	0	0	0	0	0	0	0	0	0	0	0	0	0	0	
N84	4.82773e-015	1.03198e-014	2.76528e-014	7.01451e-014	1.67083e-013	4.08399e-013	1.15058e-012	3.70927e-012	1.20555e-011	3.56237e-011	9.14617e-011	2.01538e-010	3.84279e-010	6.58245e-010	1.1171e-009	2.23426e-009	6.12159e-009	2.32792e-008	1.09897e-007	5.44312e-007	2.48966e-006	9.88243e-006	3.32318e-005	9.41855e-005	0.000227601	0.000489133	0.00102895	0.00238749	0.00616937	0.0158455	0.036414	0.0711327	0.115814	0.156044	0.173564	0.159286	0.120691	0.0756247	0.0393035	0.0170265	0.0061996	0.00192445	0.000521491	0.000127864	2.9609e-005	6.66669e-006	1.45637e-006	2.99745e-007	5.61797e-008	9.36427e-009	1.3742e-009	1.78306e-010	2.09589e-011	2.35641e-012	2.73952e-013	3.4477e-014	4.5263e-015	5.73774e-016	6.62933e-017	6.79069e-018	6.18195e-019	6.39987e-020	
N85	1.01131e-015	1.88878e-015	4.41174e-015	1.05314e-014	2.57064e-014	6.48166e-014	1.69638e-013	4.55454e-013	1.21659e-012	3.15003e-012	7.92777e-012	2.00756e-011	5.36731e-011	1.57523e-010	5.1831e-010	1.9127e-009	7.79481e-009	3.43904e-008	1.58919e-007	7.29447e-007	3.1509e-006	1.24274e-005	4.47244e-005	0.000150187	0.000483721	0.00150492	0.0044171	0.0117711	0.0275159	0.0552153	0.0939562	0.134705	0.162195	0.16379	0.138678	0.0984966	0.0587567	0.0294955	0.0124945	0.00448336	0.00136991	0.000359021	8.15021e-005	1.62393e-005	2.88796e-006	4.66501e-007	6.96868e-008	9.79013e-009	1.32024e-009	1.76774e-010	2.46099e-011	3.65691e-012	5.64037e-013	8.489e-014	1.18389e-014	1.49854e-015	1.77378e-016	2.25792e-017	3.88288e-018	8.80587e-019	2.08375e-019	5.83614e-020	
Carex_rariflora	0	0	0	0	0	0	0	0	0	0	0	0	0	0	0	0	0	0	0	0	0	0	0	0	0	1	0	0	0	0	0	0	0	0	0	0	0	0	0	0	0	0	0	0	0	0	0	0	0	0	0	0	0	0	0	0	0	0	0	0	0	0	
Carex_magellanica	0	0	0	0	0	0	0	0	0	0	0	0	0	0	0	0	0	0	0	0	0	0	0	0	0	0	0	0	1	0	0	0	0	0	0	0	0	0	0	0	0	0	0	0	0	0	0	0	0	0	0	0	0	0	0	0	0	0	0	0	0	0	
N86	6.30485e-015	1.64832e-014	6.20147e-014	2.27061e-013	7.42359e-013	2.12504e-012	5.30624e-012	1.15812e-011	2.23506e-011	3.94725e-011	6.82901e-011	1.24344e-010	2.38636e-010	4.53148e-010	8.3966e-010	1.79549e-009	5.66032e-009	2.26981e-008	8.69232e-008	2.85171e-007	7.97457e-007	1.99627e-006	4.85606e-006	1.20745e-005	2.94726e-005	6.50949e-005	0.000124053	0.000210233	0.000382647	0.000990994	0.00330522	0.0105971	0.0286972	0.0633879	0.113051	0.162076	0.186306	0.171497	0.126475	0.0749673	0.0360333	0.0143479	0.00496536	0.00162849	0.000553729	0.000195713	6.62912e-005	1.99169e-005	5.105e-006	1.10233e-006	2.00741e-007	3.12044e-008	4.27714e-009	5.5872e-010	7.95177e-011	1.3464e-011	2.51822e-012	4.5721e-013	7.46961e-014	1.06644e-014	1.339e-015	1.92097e-016	
Carex_shimidzensis	0	0	0	0	0	0	0	0	0	0	0	0	0	0	0	0	0	0	0	0	0	0	0	0	0	0	0	0	0	0	0	0	0	1	0	0	0	0	0	0	0	0	0	0	0	0	0	0	0	0	0	0	0	0	0	0	0	0	0	0	0	0	
N87	2.0718e-018	2.0013e-017	2.48299e-016	2.16644e-015	1.20823e-014	4.20109e-014	9.08944e-014	1.2405e-013	1.0935e-013	6.40978e-014	2.57875e-014	7.35706e-015	1.54767e-015	2.76769e-016	1.57077e-016	2.12679e-015	6.38361e-014	1.46392e-012	2.28575e-011	2.32785e-010	1.49167e-009	5.85464e-009	1.38892e-008	1.9968e-008	1.76803e-008	9.89757e-009	3.64967e-009	9.99012e-010	4.00127e-010	1.54108e-009	4.19019e-008	1.20771e-006	2.52871e-005	0.000363817	0.00348504	0.0215713	0.0837792	0.198839	0.28293	0.239796	0.12215	0.0382784	0.00764753	0.00102442	9.91058e-005	7.66886e-006	5.22691e-007	3.19829e-008	1.66385e-009	6.95854e-011	2.27921e-012	5.82934e-014	1.1786e-015	1.94516e-017	2.82017e-019	4.09541e-021	6.60547e-023	1.11944e-024	1.75284e-026	2.34285e-028	2.59763e-030	2.6309e-032	
N88	8.76892e-021	1.03022e-019	1.38878e-018	1.09754e-017	4.56236e-017	9.88907e-017	1.14743e-016	7.40482e-017	2.77834e-017	6.43575e-018	1.06175e-018	1.88194e-019	5.34082e-020	7.75582e-020	8.23273e-019	8.13937e-018	9.73424e-017	2.09389e-015	4.14784e-014	4.97827e-013	3.21306e-012	1.06223e-011	1.79788e-011	1.6129e-011	8.2639e-012	2.9564e-012	1.12655e-012	5.50436e-013	1.08151e-012	1.69321e-011	3.82372e-010	1.69245e-008	8.17373e-007	2.76683e-005	0.000585422	0.00727224	0.0498326	0.177331	0.31533	0.281353	0.130318	0.0328035	0.00471629	0.000407233	2.21802e-005	7.98159e-007	1.98991e-008	3.69646e-010	6.84726e-012	2.62956e-013	1.62201e-014	8.53302e-016	3.33649e-017	9.56416e-019	2.01393e-020	3.13427e-022	3.66214e-024	3.4428e-026	3.57318e-028	6.61861e-030	1.58349e-031	3.61251e-033	
Carex_nigra	0	0	0	0	0	0	0	0	0	0	0	0	0	0	0	0	0	0	0	0	0	0	0	0	0	0	0	0	0	0	0	0	0	0	0	0	0	0	0	0	1	0	0	0	0	0	0	0	0	0	0	0	0	0	0	0	0	0	0	0	0	0	
N89	5.6673e-023	7.09461e-022	8.13116e-021	4.61828e-020	1.15869e-019	1.31024e-019	7.10664e-020	1.97805e-020	3.03358e-021	2.83517e-022	1.96832e-023	1.37271e-024	1.50359e-025	5.8384e-025	3.31433e-023	2.70856e-021	1.7835e-019	7.36032e-018	1.66426e-016	1.85862e-015	9.34203e-015	2.01919e-014	1.95844e-014	9.39208e-015	2.6105e-015	5.41727e-016	1.11194e-016	4.38988e-017	7.91354e-016	1.64794e-013	3.201e-011	4.37961e-009	3.87848e-007	2.0869e-005	0.000637475	0.0102056	0.0781008	0.260848	0.362777	0.217782	0.0605693	0.00840736	0.000624324	2.6414e-005	6.7369e-007	1.08809e-008	1.16294e-010	8.56935e-013	4.59401e-015	2.20332e-017	2.61854e-019	9.52471e-021	3.39514e-022	9.01111e-024	1.71166e-025	2.30015e-027	2.17709e-029	1.45931e-031	7.35746e-034	4.26412e-036	5.86874e-038	1.11412e-039	
Carex_aquatilis_var_minor	0	0	0	0	0	0	0	0	0	0	0	0	0	0	0	0	0	0	0	0	0	0	0	0	0	0	0	0	0	0	0	0	0	0	0	0	0	1	0	0	0	0	0	0	0	0	0	0	0	0	0	0	0	0	0	0	0	0	0	0	0	0	
N90	3.53716e-025	3.81558e-024	3.63321e-023	1.4842e-022	2.27833e-022	1.40713e-022	3.85229e-023	5.11284e-024	3.57864e-025	1.45067e-026	4.03941e-028	1.76571e-029	1.08581e-029	4.46106e-028	7.32523e-026	9.44754e-024	7.40554e-022	3.22182e-020	7.03522e-019	6.82823e-018	2.5921e-017	3.63066e-017	2.06687e-017	5.81283e-018	1.68001e-018	1.25407e-018	1.04395e-018	1.83579e-018	2.01281e-016	7.13541e-014	1.91953e-011	3.43118e-009	3.85201e-007	2.54508e-005	0.00091217	0.0160002	0.121101	0.346576	0.35202	0.138064	0.0233366	0.00188238	7.92245e-005	1.87854e-006	2.67919e-008	2.42726e-010	1.46312e-012	6.11012e-015	1.94353e-017	1.68248e-019	9.59718e-021	5.01435e-022	1.8411e-023	4.63765e-025	7.8648e-027	8.84496e-029	6.56287e-031	3.25011e-033	1.17118e-035	6.26403e-038	1.14315e-039	2.42779e-041	
Carex_aquatilis_var_aquatilis	0	0	0	0	0	0	0	0	0	0	0	0	0	0	0	0	0	0	0	0	0	0	0	0	0	0	0	0	0	0	0	0	0	0	0	0	0	1	0	0	0	0	0	0	0	0	0	0	0	0	0	0	0	0	0	0	0	0	0	0	0	0	
N91	4.30352e-029	8.8079e-028	8.17653e-027	1.97951e-026	9.4413e-027	1.22958e-027	5.65736e-029	1.09812e-030	1.03654e-032	6.70873e-035	1.87577e-036	1.33453e-036	2.93429e-036	5.44673e-034	4.07069e-031	1.74759e-028	3.87215e-026	3.85045e-024	1.42002e-022	1.63106e-021	8.56145e-021	2.51009e-020	3.52932e-020	2.28573e-020	7.68112e-021	1.751e-021	2.03577e-021	7.97942e-021	1.13626e-019	1.611e-016	1.84587e-013	1.29371e-010	5.13344e-008	1.03968e-005	0.000929233	0.0296314	0.251178	0.505649	0.192407	0.0194936	0.000690356	1.03259e-005	7.48863e-008	2.92372e-010	6.66657e-013	9.46618e-016	8.81978e-019	5.70513e-022	4.00096e-025	1.84461e-027	1.498e-029	8.89476e-032	3.65175e-034	1.01818e-036	2.10786e-039	2.02269e-041	9.73572e-043	3.82201e-044	1.4061e-045	1.21671e-046	2.1357e-047	3.44282e-048	
Carex_paleacea	0	0	0	0	0	0	0	0	0	0	0	0	0	0	0	0	0	0	0	0	0	0	0	0	0	0	0	0	0	0	0	0	0	0	0	1	0	0	0	0	0	0	0	0	0	0	0	0	0	0	0	0	0	0	0	0	0	0	0	0	0	0	
N92	2.39783e-031	4.15126e-030	4.45217e-029	1.18933e-028	5.4903e-029	6.45614e-030	2.56481e-031	4.18276e-033	3.25155e-035	1.64977e-037	1.89822e-038	1.30874e-038	1.1746e-038	1.29332e-036	1.02986e-033	5.09214e-031	1.3094e-028	1.52761e-026	6.8038e-025	1.03048e-023	6.9671e-023	1.89507e-022	2.07252e-022	1.09242e-022	8.41026e-023	1.6528e-022	2.65149e-022	3.7656e-022	2.70934e-020	4.64756e-017	6.17593e-014	5.0627e-011	2.36244e-008	5.65175e-006	0.000598823	0.0227531	0.232415	0.526508	0.19839	0.018725	0.00059634	7.86695e-006	4.98507e-008	1.69494e-010	3.36647e-013	4.17402e-016	3.56084e-019	5.00969e-021	9.90493e-022	1.3103e-022	1.06878e-023	5.01807e-025	1.21995e-026	1.34372e-028	7.06523e-031	1.89988e-033	2.78996e-036	2.39116e-039	1.35857e-042	1.1063e-044	9.26896e-046	5.4459e-047	
Carex_aquatilis	0	0	0	0	0	0	0	0	0	0	0	0	0	0	0	0	0	0	0	0	0	0	0	0	0	0	0	0	0	0	0	0	0	0	0	0	0	1	0	0	0	0	0	0	0	0	0	0	0	0	0	0	0	0	0	0	0	0	0	0	0	0	
Carex_recta	0	0	0	0	0	0	0	0	0	0	0	0	0	0	0	0	0	0	0	0	0	0	0	0	0	0	0	0	0	0	0	0	0	0	0	0	0	1	0	0	0	0	0	0	0	0	0	0	0	0	0	0	0	0	0	0	0	0	0	0	0	0	
N93	4.04305e-019	2.52132e-018	1.95461e-017	1.17816e-016	4.85587e-016	1.30559e-015	2.25635e-015	2.51332e-015	1.83e-015	8.90844e-016	3.00522e-016	7.73178e-017	2.18138e-017	1.63808e-017	6.15307e-017	4.96099e-016	6.68052e-015	1.0376e-013	1.23658e-012	9.89039e-012	5.0782e-011	1.63608e-010	3.26984e-010	4.06273e-010	3.23364e-010	1.8831e-010	1.21576e-010	1.22304e-010	2.4225e-010	2.27649e-009	5.59003e-008	1.47104e-006	2.93629e-005	0.000406325	0.00375386	0.022476	0.0848782	0.197568	0.279098	0.238234	0.123915	0.0400781	0.00830169	0.00114313	0.000109597	7.73821e-006	4.29457e-007	1.98955e-008	8.47107e-010	6.31179e-011	1.50939e-011	4.01732e-012	8.00921e-013	1.14259e-013	1.15261e-014	8.1725e-016	4.0761e-017	1.44596e-018	3.89049e-020	1.63985e-021	3.23871e-022	8.72685e-023	
Carex_kiotensis	0	0	0	0	0	0	0	0	0	0	0	0	0	0	0	0	0	0	0	0	0	0	0	0	0	0	0	0	0	0	0	0	0	0	0	0	1	0	0	0	0	0	0	0	0	0	0	0	0	0	0	0	0	0	0	0	0	0	0	0	0	0	
Carex_heterolepis	0	0	0	0	0	0	0	0	0	0	0	0	0	0	0	0	0	0	0	0	0	0	0	0	0	0	0	0	0	0	0	0	0	0	0	0	0	0	0	1	0	0	0	0	0	0	0	0	0	0	0	0	0	0	0	0	0	0	0	0	0	0	
