NODE	1	2	3	4	5	6	7	8	9	10	11	12	13	14	15	16	17	18	19	20	21	22	23	24	25	26	27	28	29	30	31	32	33	34	35	36	37	38	39	40	41	42	43	44	45	46	47	48	49	50	51	52	53	54	55	56	57	58	59	60	61	62	
N1	1.40454e-006	1.70739e-006	2.38812e-006	3.63659e-006	5.78517e-006	9.35717e-006	1.51398e-005	2.42701e-005	3.83422e-005	5.95162e-005	9.06389e-005	0.000135345	0.000198155	0.000284521	0.000400851	0.000554463	0.000753487	0.0010067	0.00132327	0.00171253	0.00218354	0.00274478	0.0034037	0.00416636	0.005037	0.00601782	0.00710861	0.00830671	0.00960687	0.0110014	0.0124799	0.0140297	0.0156359	0.0172816	0.0189487	0.0206186	0.0222723	0.0238913	0.0254579	0.0269558	0.0283699	0.0296864	0.0308922	0.0319758	0.0329278	0.0337411	0.0344109	0.0349351	0.0353137	0.0355496	0.0356477	0.0356157	0.0354638	0.035205	0.0348553	0.034434	0.033964	0.0334723	0.0329907	0.0325563	0.0322125	0.0320104	
N2	1.40253e-006	1.85473e-006	2.80918e-006	4.5838e-006	7.72118e-006	1.30825e-005	2.19055e-005	3.60699e-005	5.81537e-005	9.15588e-005	0.000140868	0.000211908	0.000311399	0.000447992	0.000631337	0.000871675	0.00118105	0.00157203	0.00205516	0.00264381	0.00334865	0.00417658	0.00513645	0.00623369	0.00746337	0.0088283	0.010321	0.0119242	0.0136292	0.0154204	0.0172633	0.0191501	0.0210564	0.022946	0.0248073	0.0266205	0.0283357	0.0299564	0.0314557	0.0327941	0.0339767	0.0349978	0.035812	0.0364527	0.0369037	0.0371298	0.0371477	0.0369502	0.0364736	0.0357505	0.0347527	0.033442	0.0318511	0.0300033	0.0278796	0.0255859	0.0231726	0.0206898	0.0182507	0.0159425	0.0137828	0.0118787	
N3	0.0176188	0.0204253	0.0247569	0.0306053	0.0378123	0.0460128	0.0543877	0.0623081	0.0689021	0.0733491	0.0752492	0.0744715	0.0709677	0.0653439	0.0581555	0.0500232	0.0416813	0.033698	0.0264003	0.0201107	0.0149013	0.0107375	0.00754061	0.00516879	0.0034524	0.00225493	0.00144032	0.000899225	0.000549936	0.000329952	0.000193745	0.000111795	6.33677e-005	3.52531e-005	1.92934e-005	1.04049e-005	5.50999e-006	2.87968e-006	1.48379e-006	7.52893e-007	3.77112e-007	1.86848e-007	9.11124e-008	4.40107e-008	2.10169e-008	9.90837e-009	4.62293e-009	2.14035e-009	9.7644e-010	4.42628e-010	1.98721e-010	8.82448e-011	3.88474e-011	1.70173e-011	7.34991e-012	3.16513e-012	1.35367e-012	5.75855e-013	2.45621e-013	1.074e-013	4.99801e-014	2.87697e-014	
N4	0.0465628	0.0542506	0.0656889	0.0795812	0.0935272	0.104394	0.108753	0.105352	0.0945004	0.0783163	0.0600981	0.0428061	0.0282813	0.0174247	0.0100308	0.00540195	0.00273276	0.00130316	0.000585356	0.000249135	0.000100616	3.85796e-005	1.4101e-005	4.93006e-006	1.64416e-006	5.26843e-007	1.62239e-007	4.79902e-008	1.36942e-008	3.78626e-009	1.00751e-009	2.609e-010	6.56143e-011	1.60052e-011	3.80466e-012	8.8762e-013	2.00399e-013	4.46265e-014	9.73323e-015	2.07748e-015	4.35575e-016	9.08231e-017	1.83588e-017	3.71137e-018	7.38363e-019	1.45017e-019	2.81029e-020	5.48069e-021	1.03627e-021	1.98202e-022	3.73576e-023	7.0101e-024	1.29923e-024	2.43653e-025	4.43576e-026	8.18633e-027	1.48627e-027	2.69351e-028	4.81882e-029	8.77699e-030	1.63987e-030	4.19601e-031	
Carex_lingii	0	0	0	0	0	1	0	0	0	0	0	0	0	0	0	0	0	0	0	0	0	0	0	0	0	0	0	0	0	0	0	0	0	0	0	0	0	0	0	0	0	0	0	0	0	0	0	0	0	0	0	0	0	0	0	0	0	0	0	0	0	0	
N5	0.0512576	0.0618982	0.0787199	0.0991362	0.117962	0.128786	0.126283	0.110832	0.0867595	0.0605172	0.0377827	0.0212205	0.0107141	0.00490926	0.00204755	0.000778779	0.00027199	8.78994e-005	2.61271e-005	7.25771e-006	1.88382e-006	4.5691e-007	1.04404e-007	2.28548e-008	4.66459e-009	9.2708e-010	1.76529e-010	3.23733e-011	5.72543e-012	1.02748e-012	1.7015e-013	2.92884e-014	4.81834e-015	7.92721e-016	1.23954e-016	2.06187e-017	3.02939e-018	4.82075e-019	7.03642e-020	1.06051e-020	1.46256e-021	2.19578e-022	2.84762e-023	4.08102e-024	5.23633e-025	7.1199e-026	8.69893e-027	1.17847e-027	1.36749e-028	1.77728e-029	2.057e-030	2.5645e-031	2.87067e-032	3.62091e-033	3.95465e-034	4.9435e-035	5.7099e-036	7.28155e-037	8.94998e-038	1.24719e-038	1.71514e-039	3.4952e-040	
N6	0.0517619	0.0635298	0.0825147	0.105475	0.12583	0.135798	0.129791	0.109651	0.0817123	0.0537057	0.0313194	0.0163253	0.00758233	0.0031846	0.00121281	0.000419209	0.000132834	3.94247e-005	1.06123e-005	2.75171e-006	6.73732e-007	1.58197e-007	3.53972e-008	8.58749e-009	1.78432e-009	4.35833e-010	9.54623e-011	2.28069e-011	4.67475e-012	1.20569e-012	2.25315e-013	5.54967e-014	1.04247e-014	2.39119e-015	4.17455e-016	9.74744e-017	1.56359e-017	3.43737e-018	5.55886e-019	1.15186e-019	1.75842e-020	3.69404e-021	5.29369e-022	1.06395e-022	1.58018e-023	2.97239e-024	4.26596e-025	8.64822e-026	1.15084e-026	2.18655e-027	3.19558e-028	5.89241e-029	8.12129e-030	1.59899e-030	2.10502e-031	4.054e-032	5.79193e-033	1.08518e-033	1.76445e-034	4.18557e-035	8.88536e-036	3.43206e-036	
Carex_grandiligulata	0	0	0	0	0	1	0	0	0	0	0	0	0	0	0	0	0	0	0	0	0	0	0	0	0	0	0	0	0	0	0	0	0	0	0	0	0	0	0	0	0	0	0	0	0	0	0	0	0	0	0	0	0	0	0	0	0	0	0	0	0	0	
Carex_pachygyna	0	0	0	0	0	1	0	0	0	0	0	0	0	0	0	0	0	0	0	0	0	0	0	0	0	0	0	0	0	0	0	0	0	0	0	0	0	0	0	0	0	0	0	0	0	0	0	0	0	0	0	0	0	0	0	0	0	0	0	0	0	0	
Carex_siderosticta	0	0	0	0	0	1	0	0	0	0	0	0	0	0	0	0	0	0	0	0	0	0	0	0	0	0	0	0	0	0	0	0	0	0	0	0	0	0	0	0	0	0	0	0	0	0	0	0	0	0	0	0	0	0	0	0	0	0	0	0	0	0	
Carex_scaposa	0	0	0	0	0	0	0	0	0	0	0	1	0	0	0	0	0	0	0	0	0	0	0	0	0	0	0	0	0	0	0	0	0	0	0	0	0	0	0	0	0	0	0	0	0	0	0	0	0	0	0	0	0	0	0	0	0	0	0	0	0	0	
N7	2.00222e-007	2.81788e-007	4.73406e-007	8.75055e-007	1.68215e-006	3.25086e-006	6.17447e-006	1.14531e-005	2.06368e-005	3.60101e-005	6.09265e-005	0.000100071	0.000159362	0.000246931	0.000372583	0.000547547	0.000785657	0.00110254	0.00151194	0.00203253	0.00267996	0.00346555	0.00440402	0.00550725	0.00676768	0.00819691	0.00978584	0.0115096	0.0133605	0.0153244	0.0173333	0.0193966	0.0214701	0.0234888	0.025447	0.0273333	0.0290264	0.030594	0.0319813	0.0331176	0.0340437	0.0347951	0.0352196	0.0354925	0.0355633	0.0353798	0.0350297	0.0345899	0.0338634	0.0330992	0.0322182	0.0311754	0.0300587	0.0289591	0.027643	0.0263871	0.0250793	0.0236876	0.0222721	0.0209203	0.019393	0.0179389	
N8	1.52454e-014	7.67441e-014	5.07629e-013	3.30979e-012	1.98324e-011	1.05462e-010	4.95173e-010	2.05132e-009	7.58101e-009	2.51181e-008	7.60585e-008	2.12519e-007	5.52767e-007	1.3467e-006	3.08667e-006	6.65448e-006	1.35533e-005	2.61408e-005	4.78455e-005	8.36525e-005	0.000140495	0.000227572	0.000358125	0.000550304	0.00082667	0.00122061	0.00177318	0.0025331	0.0035646	0.00494429	0.00673124	0.00901801	0.011858	0.0152671	0.0192645	0.0238394	0.0287869	0.0340709	0.0394433	0.0445831	0.0492947	0.0534103	0.0563722	0.0583357	0.0590437	0.058363	0.0564664	0.0536175	0.0495898	0.0450551	0.040062	0.0348147	0.0296292	0.0247931	0.0202106	0.0162445	0.0128334	0.00999525	0.00773864	0.00605657	0.00482166	0.00406741	
N9	7.5351e-016	3.11221e-015	2.02069e-014	1.38416e-013	8.91869e-013	5.20709e-012	2.73053e-011	1.28501e-010	5.46027e-010	2.10316e-009	7.41065e-009	2.40211e-008	7.20643e-008	2.01127e-007	5.25004e-007	1.28612e-006	2.97249e-006	6.50819e-006	1.3557e-005	2.70043e-005	5.1679e-005	9.53485e-005	0.000170243	0.00029484	0.000495699	0.000810321	0.00128863	0.00199355	0.00300291	0.00440627	0.00629515	0.00876763	0.0119094	0.0157675	0.0203539	0.0256089	0.0313589	0.0373979	0.0434193	0.0490382	0.0539381	0.0578319	0.0604185	0.0616607	0.061496	0.0598874	0.0570303	0.0531319	0.0482925	0.042937	0.0373141	0.0316272	0.0262111	0.021278	0.0168509	0.0131265	0.0100782	0.00763768	0.00578346	0.00444104	0.00349488	0.00295399	
N10	7.6353e-016	3.21905e-015	2.09302e-014	1.40351e-013	8.73637e-013	4.92235e-012	2.50322e-011	1.15283e-010	4.8357e-010	1.85657e-009	6.56636e-009	2.15101e-008	6.56176e-008	1.87359e-007	5.0317e-007	1.27594e-006	3.0673e-006	7.01244e-006	1.52879e-005	3.18656e-005	6.36508e-005	0.000122078	0.000225313	0.000400963	0.000689194	0.00114634	0.00184795	0.00289052	0.0043921	0.00648782	0.00931754	0.0130115	0.0176587	0.0232742	0.0297768	0.0369585	0.0444668	0.0518534	0.0585911	0.0641278	0.0680094	0.0698981	0.0696012	0.0671853	0.0628837	0.0570639	0.0502443	0.042946	0.0356294	0.0287267	0.0225218	0.0171687	0.0127421	0.00921167	0.00648104	0.00444432	0.00297246	0.00194163	0.00124857	0.000802845	0.000531396	0.000384004	
Trichophorum_alpinum	0	0	0	0	0	0	0	0	0	0	0	0	0	0	0	0	0	0	0	0	0	0	0	0	0	0	0	0	1	0	0	0	0	0	0	0	0	0	0	0	0	0	0	0	0	0	0	0	0	0	0	0	0	0	0	0	0	0	0	0	0	0	
Trichophorum_pumilum	0	0	0	0	0	0	0	0	0	0	0	0	0	0	0	0	0	0	0	0	0	0	0	0	0	0	0	0	0	0	0	0	0	0	0	0	0	0	1	0	0	0	0	0	0	0	0	0	0	0	0	0	0	0	0	0	0	0	0	0	0	0	
Trichophorum_cespitosum	0	0	0	0	0	0	0	0	0	0	0	0	0	0	0	0	0	0	0	0	0	0	0	0	0	0	0	0	0	0	0	0	0	0	0	0	0	0	0	0	0	0	0	0	0	0	0	0	0	0	0	1	0	0	0	0	0	0	0	0	0	0	
Trichophorum_uniflorum	0	0	0	0	0	0	0	0	0	0	0	0	0	0	0	0	0	0	0	0	0	0	0	0	0	0	0	0	0	0	0	0	0	0	0	0	1	0	0	0	0	0	0	0	0	0	0	0	0	0	0	0	0	0	0	0	0	0	0	0	0	0	
N11	1.45645e-007	2.23167e-007	4.21268e-007	8.70239e-007	1.83851e-006	3.84104e-006	7.79049e-006	1.52747e-005	2.88663e-005	5.24995e-005	9.20626e-005	0.000155904	0.000254942	0.000403837	0.000620482	0.000925358	0.0013427	0.00189872	0.00261673	0.00352377	0.004641	0.0059801	0.00755316	0.00936341	0.0113884	0.0136224	0.0160352	0.0185747	0.0212104	0.0239004	0.0265509	0.0291439	0.0316114	0.0338622	0.035875	0.0376188	0.0389771	0.0400017	0.0406517	0.0408674	0.0407028	0.0401904	0.0392376	0.0379881	0.0364398	0.0345814	0.0325222	0.03034	0.0279729	0.0256014	0.0232327	0.0208742	0.0186168	0.0165168	0.0145062	0.0127055	0.0110868	0.00963412	0.00837811	0.00733322	0.00643047	0.00573303	
N12	7.23421e-010	2.90696e-009	1.63707e-008	9.00552e-008	4.5129e-007	2.02791e-006	8.14854e-006	2.94429e-005	9.65127e-005	0.000289321	0.000801581	0.00205905	0.00487609	0.0105943	0.0209288	0.0372866	0.0596557	0.0854911	0.109413	0.12539	0.128878	0.11902	0.0992245	0.0750048	0.0515095	0.0323447	0.0186375	0.00988307	0.00484819	0.00220985	0.000936866	0.000371748	0.000138408	4.84353e-005	1.60031e-005	5.01042e-006	1.48527e-006	4.19502e-007	1.13019e-007	2.90613e-008	7.16031e-009	1.69598e-009	3.85046e-010	8.43825e-011	1.78451e-011	3.64077e-012	7.19153e-013	1.37992e-013	2.55856e-014	4.62286e-015	8.1243e-016	1.38769e-016	2.31103e-017	3.76723e-018	5.96317e-019	9.26313e-020	1.40681e-020	2.08744e-021	3.03542e-022	4.36473e-023	6.36311e-024	1.27818e-024	
Scirpus_lineatus	0	0	0	0	0	0	0	0	0	0	0	0	0	0	0	0	0	1	0	0	0	0	0	0	0	0	0	0	0	0	0	0	0	0	0	0	0	0	0	0	0	0	0	0	0	0	0	0	0	0	0	0	0	0	0	0	0	0	0	0	0	0	
Scirpus_pendulus	0	0	0	0	0	0	0	0	0	0	0	0	0	0	0	0	0	0	0	1	0	0	0	0	0	0	0	0	0	0	0	0	0	0	0	0	0	0	0	0	0	0	0	0	0	0	0	0	0	0	0	0	0	0	0	0	0	0	0	0	0	0	
N13	5.71292e-018	6.85306e-017	1.0529e-015	1.41931e-014	1.60829e-013	1.5002e-012	1.15899e-011	7.45122e-011	4.08747e-010	1.94555e-009	8.2596e-009	3.15577e-008	1.09156e-007	3.42526e-007	9.77563e-007	2.53686e-006	6.0358e-006	1.32833e-005	2.73817e-005	5.37108e-005	0.000101667	0.000187276	0.000338188	0.00060008	0.001043	0.0017766	0.0029553	0.00478207	0.00751474	0.0114447	0.0167931	0.0237567	0.0322973	0.0420536	0.052466	0.0627323	0.0715531	0.07821	0.0818124	0.0817855	0.0783462	0.0720951	0.0633955	0.0536681	0.0436637	0.034101	0.0256466	0.0186385	0.0129913	0.00877078	0.00571623	0.00359301	0.00218429	0.0012903	0.000733428	0.000406381	0.000218649	0.000114598	5.91214e-005	3.086e-005	1.6956e-005	1.11222e-005	
N14	6.58426e-019	4.91473e-018	6.12797e-017	7.64416e-016	8.48442e-015	8.14433e-014	6.75663e-013	4.86332e-012	3.06574e-011	1.70337e-010	8.42074e-010	3.72782e-009	1.48939e-008	5.40564e-008	1.79646e-007	5.50435e-007	1.56798e-006	4.18354e-006	1.05305e-005	2.51645e-005	5.73798e-005	0.000125262	0.000262409	0.000528085	0.00102071	0.00189422	0.00337137	0.00574675	0.00937015	0.0145957	0.0216876	0.0307141	0.0414192	0.0531392	0.0648511	0.0752777	0.0830858	0.0872551	0.0872295	0.083019	0.0753138	0.0651879	0.0538202	0.0424684	0.0320608	0.0231439	0.0160205	0.0106552	0.00679286	0.00417591	0.00248128	0.00142056	0.000792213	0.000434768	0.000233482	0.000127021	7.12171e-005	4.1259e-005	2.55701e-005	1.72254e-005	1.25221e-005	1.06448e-005	
N15	8.39331e-019	6.56475e-018	7.98636e-017	9.63121e-016	1.03586e-014	9.67553e-014	7.83383e-013	5.52331e-012	3.41828e-011	1.8703e-010	9.1221e-010	3.9937e-009	1.58084e-008	5.69709e-008	1.88316e-007	5.75061e-007	1.63494e-006	4.35917e-006	1.09736e-005	2.62368e-005	5.98559e-005	0.000130715	0.000273824	0.000550746	0.00106342	0.00197033	0.00349943	0.00594995	0.00967316	0.0150184	0.022239	0.0313814	0.0421614	0.0538931	0.0655314	0.0757923	0.0833706	0.0872672	0.0869649	0.0825305	0.0746677	0.0644581	0.0531	0.0418094	0.0314986	0.0227013	0.0156905	0.0104218	0.00663888	0.00407847	0.0024255	0.00138896	0.000776128	0.000429389	0.000230925	0.000126573	7.26462e-005	4.17842e-005	2.6053e-005	1.84517e-005	1.44214e-005	1.90084e-005	
Scirpus_maximowiczii	0	0	0	0	0	0	0	0	0	0	0	0	0	0	0	0	0	0	0	0	0	0	0	0	0	0	0	0	0	0	0	1	0	0	0	0	0	0	0	0	0	0	0	0	0	0	0	0	0	0	0	0	0	0	0	0	0	0	0	0	0	0	
N16	4.67514e-017	4.08121e-016	5.33992e-015	6.49778e-014	6.79721e-013	6.01865e-012	4.55381e-011	2.97967e-010	1.71505e-009	8.72044e-009	3.93279e-008	1.57288e-007	5.61076e-007	1.80491e-006	5.34175e-006	1.48296e-005	3.93152e-005	0.00010042	0.000247521	0.000587127	0.00133177	0.00286739	0.00581448	0.0110258	0.0194292	0.0316885	0.0477084	0.0661963	0.0846576	0.0998556	0.108705	0.109439	0.102076	0.0883321	0.0711077	0.0533753	0.0374044	0.0245559	0.0151385	0.00877461	0.00480086	0.00248757	0.00122093	0.000571158	0.000255474	0.000109304	4.50535e-005	1.79823e-005	6.92504e-006	2.60229e-006	9.54911e-007	3.40801e-007	1.19139e-007	4.09031e-008	1.36087e-008	4.44681e-009	1.41828e-009	4.3931e-010	1.3323e-010	4.02401e-011	1.25962e-011	5.18304e-012	
N17	2.97058e-018	3.24692e-017	5.36835e-016	7.97308e-015	9.9802e-014	1.04742e-012	9.31986e-012	7.10981e-011	4.71481e-010	2.7342e-009	1.3927e-008	6.24048e-008	2.47978e-007	8.86167e-007	2.91218e-006	8.98881e-006	2.655e-005	7.58301e-005	0.000209856	0.000560054	0.00142556	0.00341469	0.0075906	0.01547	0.0286288	0.0478036	0.0717566	0.0966627	0.116896	0.127077	0.124397	0.109978	0.0880748	0.0640502	0.0424624	0.0257573	0.0143227	0.00733944	0.00348029	0.00152839	0.000626381	0.000241206	8.69304e-005	2.98173e-005	9.80878e-006	3.06613e-006	9.33822e-007	2.81972e-007	8.09143e-008	2.3427e-008	6.75237e-009	1.87075e-009	5.18362e-010	1.47673e-010	3.94054e-011	1.10448e-011	3.07364e-012	8.50157e-013	2.33629e-013	6.59435e-014	1.86751e-014	7.28098e-015	
Scirpus_polyphyllus	0	0	0	0	0	0	0	0	0	0	0	0	0	0	0	0	0	0	0	0	0	0	0	0	0	0	0	0	1	0	0	0	0	0	0	0	0	0	0	0	0	0	0	0	0	0	0	0	0	0	0	0	0	0	0	0	0	0	0	0	0	0	
N18	6.59143e-029	1.97962e-026	5.7873e-024	9.39633e-022	1.14947e-019	9.4779e-018	1.38634e-016	3.11894e-015	4.21205e-014	1.09237e-012	4.27267e-011	8.54392e-010	5.30361e-009	9.9858e-009	2.65793e-008	1.47343e-007	6.00452e-007	1.23356e-006	1.76816e-006	6.7488e-006	5.90549e-005	0.00062982	0.00542451	0.0307247	0.106656	0.221507	0.27618	0.211882	0.103865	0.0339343	0.00769771	0.00126027	0.000154069	1.44712e-005	1.07282e-006	6.42506e-008	3.16272e-009	1.30713e-010	4.61522e-012	1.40679e-013	3.78096e-015	9.12764e-017	1.97654e-018	3.96347e-020	7.43227e-022	1.28925e-023	2.12487e-025	3.372e-027	4.92088e-029	6.98099e-031	9.42612e-033	1.19566e-034	1.45281e-036	1.72975e-038	1.90677e-040	2.08284e-042	2.16754e-044	2.17784e-046	2.08957e-048	1.96879e-050	1.73995e-052	1.73331e-054	
N19	4.70782e-032	1.72773e-029	5.72419e-027	1.20186e-024	1.61479e-022	1.29337e-020	6.21259e-019	2.84732e-017	1.15564e-015	4.76717e-014	1.44445e-012	2.1269e-011	1.25728e-010	4.40261e-010	2.08873e-009	1.17354e-008	4.40051e-008	1.02297e-007	2.95707e-007	2.34301e-006	3.78847e-005	0.000596916	0.0063476	0.0399151	0.140291	0.269521	0.286304	0.174775	0.0644561	0.0151125	0.00236189	0.000256753	2.01539e-005	1.17983e-006	5.30872e-008	1.91545e-009	5.76312e-011	1.69284e-012	8.0018e-014	3.30011e-015	1.77271e-016	1.20742e-017	3.71151e-019	1.45649e-020	6.31604e-022	1.30803e-023	3.56981e-025	1.12569e-026	1.68338e-028	4.97782e-030	9.77705e-032	3.07837e-033	4.75573e-035	2.111e-036	2.68845e-038	1.12569e-039	1.26192e-041	4.58096e-043	4.55149e-045	1.50272e-046	2.02534e-048	9.4303e-050	
Scirpus_atrovirens	0	0	0	0	0	0	0	0	0	0	0	0	0	0	0	0	0	0	0	0	0	0	0	0	1	0	0	0	0	0	0	0	0	0	0	0	0	0	0	0	0	0	0	0	0	0	0	0	0	0	0	0	0	0	0	0	0	0	0	0	0	0	
Scirpus_georgianus	0	0	0	0	0	0	0	0	0	0	0	0	0	0	0	0	0	0	0	0	0	0	0	0	0	1	0	0	0	0	0	0	0	0	0	0	0	0	0	0	0	0	0	0	0	0	0	0	0	0	0	0	0	0	0	0	0	0	0	0	0	0	
N20	1.3092e-050	2.54343e-045	2.99089e-040	8.15378e-037	2.67809e-033	6.46172e-029	3.38902e-025	1.33828e-025	1.26282e-021	5.1641e-024	9.83894e-023	1.05618e-018	5.19166e-015	8.14507e-013	1.588e-015	3.92466e-016	4.71572e-013	1.14759e-009	1.61891e-009	2.67376e-012	1.97586e-015	6.19488e-017	2.47818e-014	1.80405e-010	6.7466e-007	0.00107908	0.494784	0.502903	0.00123204	9.51035e-007	3.48582e-010	7.35743e-014	1.01897e-017	1.02802e-021	8.84924e-026	7.81351e-030	6.45252e-034	5.23464e-038	3.87249e-042	2.13339e-046	1.04997e-050	4.61564e-055	1.51482e-059	4.78e-064	1.34781e-068	3.33178e-073	7.65051e-078	1.89875e-082	3.73376e-087	8.29338e-092	1.42274e-096	2.60135e-101	3.54577e-106	5.1906e-111	5.49118e-116	6.26351e-121	5.21104e-126	4.68277e-131	3.16444e-136	2.41621e-141	1.5011e-146	1.05246e-151	
Scirpus_flaccidifolius	0	0	0	0	0	0	0	0	0	0	0	0	0	0	0	0	0	0	0	0	0	0	0	0	0	0	1	0	0	0	0	0	0	0	0	0	0	0	0	0	0	0	0	0	0	0	0	0	0	0	0	0	0	0	0	0	0	0	0	0	0	0	
Scirpus_pallidus	0	0	0	0	0	0	0	0	0	0	0	0	0	0	0	0	0	0	0	0	0	0	0	0	0	0	0	1	0	0	0	0	0	0	0	0	0	0	0	0	0	0	0	0	0	0	0	0	0	0	0	0	0	0	0	0	0	0	0	0	0	0	
Scirpus_ancistrochaetus	0	0	0	0	0	0	0	0	0	0	0	0	0	0	0	0	0	0	0	0	0	0	0	0	0	0	1	0	0	0	0	0	0	0	0	0	0	0	0	0	0	0	0	0	0	0	0	0	0	0	0	0	0	0	0	0	0	0	0	0	0	0	
N21	7.82906e-017	5.22317e-016	5.32294e-015	5.23209e-014	4.56365e-013	3.47679e-012	2.32162e-011	1.36617e-010	7.16732e-010	3.38047e-009	1.44723e-008	5.64839e-008	2.01639e-007	6.5941e-007	1.98079e-006	5.48384e-006	1.40928e-005	3.38929e-005	7.70097e-005	0.000166697	0.000346063	0.000691638	0.00133316	0.00247823	0.00443378	0.00761552	0.0125124	0.0195877	0.0291175	0.0409805	0.0544661	0.0682848	0.0806998	0.0898512	0.0943298	0.0934629	0.0874147	0.0773458	0.0648434	0.0515308	0.0389406	0.0280538	0.0192615	0.0126752	0.00801929	0.00487718	0.00287457	0.00165231	0.000922591	0.000507956	0.000276483	0.000147994	7.87532e-005	4.17988e-005	2.17012e-005	1.12188e-005	5.72013e-006	2.85533e-006	1.41316e-006	7.0968e-007	3.73922e-007	2.39709e-007	
Scirpus_radicans	0	0	0	0	0	0	0	0	0	0	0	0	0	0	0	0	0	0	0	0	0	0	0	0	0	0	0	1	0	0	0	0	0	0	0	0	0	0	0	0	0	0	0	0	0	0	0	0	0	0	0	0	0	0	0	0	0	0	0	0	0	0	
N22	3.30382e-019	3.80166e-018	6.53297e-017	1.0082e-015	1.31081e-014	1.42293e-013	1.3005e-012	1.00858e-011	6.80587e-011	4.06375e-010	2.17468e-009	1.04374e-008	4.46979e-008	1.69134e-007	5.63658e-007	1.66423e-006	4.4389e-006	1.09474e-005	2.5598e-005	5.7772e-005	0.000127488	0.000277421	0.000598115	0.00127722	0.00267687	0.00542926	0.0104794	0.0189608	0.0318077	0.0491101	0.0694602	0.0898691	0.106343	0.115105	0.11422	0.104148	0.0873433	0.0676556	0.0485491	0.0323006	0.0200393	0.0116487	0.00633271	0.00325489	0.0015889	0.000734363	0.000325904	0.000140325	5.76613e-005	2.3322e-005	9.26792e-006	3.57313e-006	1.36483e-006	5.2272e-007	1.92312e-007	7.11908e-008	2.58443e-008	9.1309e-009	3.16064e-009	1.09833e-009	3.90679e-010	1.82813e-010	
N23	3.10279e-021	5.075e-020	1.21428e-018	2.5064e-017	4.26055e-016	5.93595e-015	6.84487e-014	6.58925e-013	5.45397e-012	3.95198e-011	2.54397e-010	1.45903e-009	7.36303e-009	3.19787e-008	1.18492e-007	3.79537e-007	1.08792e-006	2.88619e-006	7.26774e-006	1.75596e-005	4.13478e-005	9.77888e-005	0.000239916	0.000618551	0.00163485	0.00422398	0.0101679	0.0220248	0.0420867	0.0702711	0.102166	0.129398	0.143095	0.138568	0.118004	0.088774	0.0592161	0.0352254	0.0187869	0.00901359	0.00392021	0.00155698	0.000565282	0.00019025	5.99458e-005	1.76326e-005	4.95405e-006	1.35194e-006	3.49186e-007	8.93725e-008	2.26044e-008	5.46338e-009	1.31246e-009	3.17728e-010	7.23274e-011	1.67835e-011	3.82553e-012	8.45108e-013	1.82946e-013	3.9509e-014	8.42071e-015	2.46993e-015	
Scirpus_sylvaticus	0	0	0	0	0	0	0	0	0	0	0	0	0	0	0	0	0	0	0	0	0	0	0	0	0	0	0	0	0	0	1	0	0	0	0	0	0	0	0	0	0	0	0	0	0	0	0	0	0	0	0	0	0	0	0	0	0	0	0	0	0	0	
Scirpus_microcarpus	0	0	0	0	0	0	0	0	0	0	0	0	0	0	0	0	0	0	0	0	0	0	0	0	0	0	0	0	0	0	0	1	0	0	0	0	0	0	0	0	0	0	0	0	0	0	0	0	0	0	0	0	0	0	0	0	0	0	0	0	0	0	
Scirpus_expansus	0	0	0	0	0	0	0	0	0	0	0	0	0	0	0	0	0	0	0	0	0	0	0	0	0	0	0	0	0	0	0	1	0	0	0	0	0	0	0	0	0	0	0	0	0	0	0	0	0	0	0	0	0	0	0	0	0	0	0	0	0	0	
N24	4.326e-018	3.54459e-017	4.42416e-016	5.13166e-015	5.1258e-014	4.37224e-013	3.20792e-012	2.03995e-011	1.13672e-010	5.59585e-010	2.45865e-009	9.71481e-009	3.47982e-008	1.13798e-007	3.42467e-007	9.55368e-007	2.492e-006	6.12614e-006	1.4304e-005	3.19348e-005	6.85416e-005	0.000141914	0.000284094	0.00055032	0.00103095	0.00186618	0.00325857	0.00547752	0.00884719	0.0137047	0.0203181	0.0287904	0.0389377	0.0501999	0.0616681	0.0721618	0.0803915	0.0853157	0.0862866	0.0831606	0.0764797	0.0671882	0.0563581	0.0452497	0.0348204	0.0256567	0.0181706	0.0124035	0.00813005	0.00516249	0.00318658	0.00190271	0.00111705	0.000654341	0.000378029	0.00022551	0.000140361	9.01485e-005	6.1357e-005	4.45287e-005	3.38733e-005	2.94617e-005	
N25	1.6269e-017	1.19637e-016	1.32688e-015	1.40312e-014	1.30523e-013	1.05141e-012	7.36807e-012	4.5117e-011	2.44582e-010	1.18753e-009	5.2436e-009	2.11965e-008	7.87715e-008	2.69122e-007	8.44474e-007	2.42966e-006	6.42754e-006	1.57244e-005	3.59326e-005	7.7541e-005	0.000159779	0.00031681	0.000607869	0.00113177	0.00204621	0.00359264	0.00611364	0.0100489	0.015883	0.0240202	0.0345743	0.0471939	0.0609124	0.0741621	0.0851436	0.0921772	0.0940538	0.0906249	0.0825672	0.071144	0.0581643	0.0452402	0.0334556	0.0236686	0.0160699	0.0104666	0.00659633	0.00404925	0.00240905	0.00141154	0.000816122	0.000462867	0.00026037	0.00014578	7.95647e-005	4.31594e-005	2.30297e-005	1.20085e-005	6.19696e-006	3.24124e-006	1.77174e-006	1.16634e-006	
Scirpus_polystachyus	0	0	0	0	0	0	0	0	0	0	0	0	0	0	0	0	0	0	0	0	0	0	0	0	0	0	0	0	0	1	0	0	0	0	0	0	0	0	0	0	0	0	0	0	0	0	0	0	0	0	0	0	0	0	0	0	0	0	0	0	0	0	
N26	1.97873e-019	2.06131e-018	3.25018e-017	4.67316e-016	5.73e-015	5.94076e-014	5.24872e-013	3.97115e-012	2.61587e-011	1.5243e-010	7.9978e-010	3.80474e-009	1.646e-008	6.44888e-008	2.27301e-007	7.17159e-007	2.03396e-006	5.24343e-006	1.25125e-005	2.81404e-005	6.06406e-005	0.00012656	0.000257936	0.000516808	0.00102252	0.00200067	0.00384908	0.00719939	0.012908	0.0218888	0.0347241	0.0511758	0.0697727	0.0877791	0.101904	0.109249	0.108199	0.0992756	0.0845854	0.0669781	0.0495114	0.0342995	0.0222501	0.0136288	0.00791711	0.00435174	0.00229083	0.00116536	0.000565663	0.000269049	0.000125661	5.68783e-005	2.55886e-005	1.16016e-005	5.08702e-006	2.26949e-006	1.0067e-006	4.37845e-007	1.89077e-007	8.29385e-008	3.755e-008	2.16813e-008	
Scirpus_longii	0	0	0	0	0	0	0	0	0	0	0	0	0	0	0	0	0	0	0	0	0	0	0	0	0	0	0	0	0	0	0	0	1	0	0	0	0	0	0	0	0	0	0	0	0	0	0	0	0	0	0	0	0	0	0	0	0	0	0	0	0	0	
N27	4.16895e-023	9.70465e-022	3.11784e-020	8.27683e-019	1.75115e-017	2.95142e-016	4.00277e-015	4.30593e-014	3.82044e-013	2.98063e-012	2.11973e-011	1.39496e-010	8.5984e-010	4.75337e-009	2.21268e-008	8.36616e-008	2.59147e-007	6.89797e-007	1.69764e-006	4.04672e-006	9.35628e-006	2.03666e-005	4.15159e-005	8.29975e-005	0.000176382	0.000424318	0.00113042	0.00307359	0.00788507	0.0181673	0.0366737	0.0642116	0.0972335	0.127383	0.144798	0.143345	0.124012	0.0942654	0.0632809	0.0376573	0.0200048	0.00955022	0.00410664	0.00160841	0.000578471	0.000191114	5.89949e-005	1.72481e-005	4.72024e-006	1.24997e-006	3.21774e-007	7.90749e-008	1.91128e-008	4.58915e-009	1.04345e-009	2.36601e-010	5.21603e-011	1.09988e-011	2.24494e-012	4.49053e-013	8.81834e-014	2.34407e-014	
Scirpus_pedicellatus	0	0	0	0	0	0	0	0	0	0	0	0	0	0	0	0	0	0	0	0	0	0	0	0	0	0	0	0	0	0	0	0	0	1	0	0	0	0	0	0	0	0	0	0	0	0	0	0	0	0	0	0	0	0	0	0	0	0	0	0	0	0	
N28	2.11641e-028	1.58059e-026	1.37486e-024	8.80746e-023	4.10152e-021	1.40847e-019	3.62655e-018	6.21558e-017	7.39059e-016	8.01945e-015	7.74184e-014	7.08605e-013	7.54999e-012	7.75868e-011	5.98586e-010	3.03466e-009	9.82933e-009	2.39153e-008	6.25705e-008	2.09806e-007	7.37885e-007	2.05681e-006	4.06501e-006	6.11876e-006	9.40506e-006	2.39512e-005	0.000112661	0.000654272	0.00335921	0.0135117	0.0411466	0.093871	0.160059	0.204564	0.19749	0.145707	0.0833112	0.0375074	0.0135141	0.00395622	0.00095653	0.000194112	3.34685e-005	5.002e-006	6.62006e-007	7.82587e-008	8.58294e-009	9.03918e-010	8.91425e-011	8.7349e-012	8.49577e-013	7.6044e-014	6.6918e-015	5.79817e-016	4.52001e-017	3.54511e-018	2.71333e-019	1.96392e-020	1.39931e-021	9.84659e-023	6.49489e-024	5.48632e-025	
Scirpus_atrocinctus	0	0	0	0	0	0	0	0	0	0	0	0	0	0	0	0	0	0	0	0	0	0	0	0	0	0	0	0	0	0	0	0	0	1	0	0	0	0	0	0	0	0	0	0	0	0	0	0	0	0	0	0	0	0	0	0	0	0	0	0	0	0	
Scirpus_cyperinus	0	0	0	0	0	0	0	0	0	0	0	0	0	0	0	0	0	0	0	0	0	0	0	0	0	0	0	0	0	0	0	0	1	0	0	0	0	0	0	0	0	0	0	0	0	0	0	0	0	0	0	0	0	0	0	0	0	0	0	0	0	0	
N29	7.46726e-018	5.84934e-017	7.12924e-016	8.15502e-015	8.0944e-014	6.90325e-013	5.09662e-012	3.28467e-011	1.87295e-010	9.52812e-010	4.36141e-009	1.80268e-008	6.75086e-008	2.29802e-007	7.16152e-007	2.06173e-006	5.55527e-006	1.41798e-005	3.46602e-005	8.17247e-005	0.000186539	0.00041221	0.000879459	0.00180355	0.00353372	0.0065777	0.0115691	0.0191399	0.0296934	0.0431071	0.058478	0.0741195	0.0877954	0.0972188	0.100774	0.0979119	0.0892427	0.0764713	0.0617098	0.046939	0.0337471	0.0229862	0.0148385	0.00911799	0.00534818	0.00299565	0.00161266	0.000838799	0.000420897	0.000206252	9.91624e-005	4.6666e-005	2.17515e-005	1.0091e-005	4.59142e-006	2.08127e-006	9.32965e-007	4.09535e-007	1.78131e-007	7.82494e-008	3.60232e-008	2.07334e-008	
N30	1.59768e-022	5.31706e-021	2.23713e-019	7.53823e-018	1.94712e-016	3.86661e-015	5.63333e-014	5.52278e-013	4.58164e-012	3.59052e-011	2.67735e-010	1.94681e-009	1.24791e-008	6.32785e-008	2.4721e-007	7.66813e-007	2.07244e-006	5.43713e-006	1.46761e-005	3.90145e-005	9.9091e-005	0.000247822	0.000638143	0.0016955	0.00440003	0.010541	0.022544	0.0423953	0.0697676	0.100418	0.126562	0.140079	0.13658	0.117671	0.0899579	0.0612715	0.0372971	0.0203934	0.0100595	0.00448879	0.00182276	0.000677074	0.000230321	7.24e-005	2.11483e-005	5.74067e-006	1.46623e-006	3.55851e-007	8.14439e-008	1.8014e-008	3.86689e-009	7.98426e-010	1.61861e-010	3.24882e-011	6.24787e-012	1.19122e-012	2.2106e-013	3.94268e-014	6.82089e-015	1.16023e-015	1.95334e-016	4.25096e-017	
N31	6.18226e-026	3.87149e-024	2.89148e-022	1.63986e-020	6.88212e-019	2.14073e-017	4.69755e-016	6.77496e-015	8.20309e-014	9.14781e-013	9.51595e-012	9.35559e-011	7.7956e-010	4.98803e-009	2.41102e-008	9.17356e-008	3.05697e-007	9.95873e-007	3.31998e-006	1.08079e-005	3.36662e-005	0.000104257	0.000332191	0.00106925	0.00326114	0.00891742	0.0211996	0.0432158	0.0751908	0.111612	0.141577	0.15394	0.144022	0.116387	0.0816329	0.0499423	0.0267534	0.012626	0.00528179	0.00196249	0.000654157	0.000197788	5.38794e-005	1.36059e-005	3.26085e-006	7.16266e-007	1.55083e-007	3.48501e-008	6.91128e-009	1.47451e-009	3.2185e-010	6.04915e-011	1.15297e-011	2.37613e-012	3.7376e-013	6.81429e-014	1.16091e-014	1.9895e-015	3.53502e-016	7.82727e-017	1.6562e-017	4.99232e-018	
Eriophorum_angustifolium	0	0	0	0	0	0	0	0	0	0	0	0	0	0	0	0	0	0	0	0	0	0	0	0	0	0	0	0	1	0	0	0	0	0	0	0	0	0	0	0	0	0	0	0	0	0	0	0	0	0	0	0	0	0	0	0	0	0	0	0	0	0	
N32	8.36444e-028	6.03049e-026	5.11521e-024	3.29425e-022	1.5877e-020	5.686e-019	1.51547e-017	3.06801e-016	5.21635e-015	7.67147e-014	9.85408e-013	1.08192e-011	9.64104e-011	6.72301e-010	3.71561e-009	1.71243e-008	7.13279e-008	2.84323e-007	1.10914e-006	4.22335e-006	1.58802e-005	6.04436e-005	0.000232136	0.000863559	0.00293715	0.00872892	0.0220767	0.0469199	0.0834338	0.124133	0.154884	0.162675	0.144472	0.109009	0.0702594	0.0389029	0.0185977	0.00772903	0.0028151	0.000901935	0.000258126	6.75804e-005	1.60705e-005	3.70789e-006	8.88242e-007	1.98651e-007	4.79843e-008	1.27126e-008	2.71636e-009	6.29823e-010	1.45375e-010	2.70233e-011	5.08375e-012	1.01994e-012	1.53383e-013	2.7157e-014	4.41714e-015	7.55327e-016	1.3091e-016	2.88714e-017	5.97216e-018	1.83518e-018	
N33	1.93395e-027	1.64101e-025	1.59503e-023	1.13465e-021	5.92684e-020	2.23703e-018	5.6745e-017	1.01706e-015	1.75326e-014	2.69819e-013	4.26518e-012	6.23983e-011	6.54449e-010	4.21226e-009	1.67528e-008	5.40006e-008	1.98282e-007	7.59841e-007	2.37076e-006	5.49422e-006	1.13828e-005	3.29054e-005	0.000152117	0.000854297	0.00436495	0.0175039	0.0522888	0.114484	0.183302	0.215763	0.188696	0.124444	0.0629531	0.0248547	0.00780246	0.00198343	0.000414637	7.27106e-005	1.09106e-005	1.41979e-006	1.65007e-007	1.76353e-008	1.73154e-009	1.63144e-010	1.48718e-011	1.26052e-012	1.02731e-013	8.05531e-015	5.67667e-016	3.86725e-017	2.48684e-018	1.47843e-019	8.42007e-021	4.72824e-022	2.44613e-023	1.27609e-024	6.36464e-026	3.10752e-027	1.45027e-028	6.72173e-030	2.92905e-031	1.6051e-032	
Eriophorum_callitrix	0	0	0	0	0	0	0	0	0	0	0	0	0	0	0	0	0	0	0	0	0	0	0	0	0	0	0	0	0	1	0	0	0	0	0	0	0	0	0	0	0	0	0	0	0	0	0	0	0	0	0	0	0	0	0	0	0	0	0	0	0	0	
N34	2.49213e-034	1.33347e-031	6.25717e-029	1.77019e-026	3.30673e-024	3.98619e-022	2.25073e-020	3.47541e-019	1.14901e-017	1.79301e-016	4.96808e-015	2.29729e-013	6.4672e-012	6.95787e-011	1.62059e-010	2.54249e-010	1.75189e-009	1.78915e-008	8.48352e-008	1.37695e-007	1.10998e-007	1.9209e-007	2.45712e-006	6.34195e-005	0.00117548	0.0129999	0.078884	0.239978	0.338847	0.227546	0.0810188	0.016985	0.00227732	0.00020804	1.36083e-005	6.63794e-007	2.49574e-008	7.49085e-010	1.87896e-011	4.09441e-013	8.58085e-015	1.94207e-016	4.2649e-018	9.87995e-020	2.28384e-021	4.26066e-023	7.68611e-025	1.32596e-026	1.80711e-028	2.4689e-030	3.18076e-032	3.53222e-034	3.82782e-036	4.42376e-038	4.28193e-040	4.93177e-042	5.16928e-044	6.18546e-046	6.74545e-048	8.24837e-050	8.82612e-052	1.10979e-053	
Scirpus_hattorianus	0	0	0	0	0	0	0	0	0	0	0	0	0	0	0	0	0	0	0	0	0	0	0	0	0	0	0	1	0	0	0	0	0	0	0	0	0	0	0	0	0	0	0	0	0	0	0	0	0	0	0	0	0	0	0	0	0	0	0	0	0	0	
Eriophorum_vaginatum	0	0	0	0	0	0	0	0	0	0	0	0	0	0	0	0	0	0	0	0	0	0	0	0	0	0	0	0	1	0	0	0	0	0	0	0	0	0	0	0	0	0	0	0	0	0	0	0	0	0	0	0	0	0	0	0	0	0	0	0	0	0	
N35	1.43953e-029	1.50801e-027	1.84251e-025	1.67835e-023	1.12461e-021	5.44545e-020	1.77226e-018	3.86041e-017	7.47551e-016	1.3012e-014	2.13051e-013	3.12243e-012	3.54593e-011	2.88236e-010	1.70476e-009	8.06146e-009	3.56845e-008	1.576e-007	6.74941e-007	2.74405e-006	1.11389e-005	4.81585e-005	0.000216451	0.000930261	0.00353375	0.0113029	0.0297058	0.0634648	0.109897	0.154437	0.176774	0.165666	0.12789	0.0818493	0.0437417	0.019672	0.0074976	0.0024465	0.000692556	0.000171633	3.83601e-005	8.08276e-006	1.60819e-006	3.27505e-007	7.00893e-008	1.39084e-008	2.77875e-009	5.48686e-010	9.11695e-011	1.5014e-011	2.34279e-012	3.1764e-013	4.16709e-014	5.52698e-015	6.30788e-016	7.84226e-017	9.37569e-018	1.16755e-018	1.41415e-019	1.82021e-020	2.18809e-021	3.56952e-022	
N36	1.0351e-028	6.46853e-027	5.03475e-025	3.14994e-023	1.54412e-021	5.90213e-020	1.78069e-018	4.31373e-017	8.66309e-016	1.45718e-014	2.06199e-013	2.40871e-012	2.26361e-011	1.70306e-010	1.06133e-009	5.77311e-009	2.88594e-008	1.35853e-007	6.15162e-007	2.77683e-006	1.29632e-005	6.28108e-005	0.00030006	0.00131271	0.00494129	0.015389	0.0388696	0.0789758	0.128908	0.16944	0.180175	0.155913	0.11054	0.0646772	0.0314727	0.0128427	0.00443027	0.00130539	0.000333509	7.47387e-005	1.52914e-005	3.10815e-006	6.19227e-007	1.40899e-007	3.82008e-008	8.60772e-009	2.09686e-009	5.33306e-010	9.80678e-011	1.95694e-011	3.87539e-012	5.89299e-013	9.28034e-014	1.59578e-014	1.99758e-015	3.20162e-016	4.49064e-017	7.50041e-018	1.17966e-018	2.58299e-019	5.07205e-020	1.53197e-020	
Eriophorum_brachyantherum	0	0	0	0	0	0	0	0	0	0	0	0	0	0	0	0	0	0	0	0	0	0	0	0	0	0	0	0	1	0	0	0	0	0	0	0	0	0	0	0	0	0	0	0	0	0	0	0	0	0	0	0	0	0	0	0	0	0	0	0	0	0	
Eriophorum_scheuchzeri	0	0	0	0	0	0	0	0	0	0	0	0	0	0	0	0	0	0	0	0	0	0	0	0	0	0	0	0	1	0	0	0	0	0	0	0	0	0	0	0	0	0	0	0	0	0	0	0	0	0	0	0	0	0	0	0	0	0	0	0	0	0	
Eriophorum_chamissonis	0	0	0	0	0	0	0	0	0	0	0	0	0	0	0	0	0	0	0	0	0	0	0	0	0	0	0	0	0	1	0	0	0	0	0	0	0	0	0	0	0	0	0	0	0	0	0	0	0	0	0	0	0	0	0	0	0	0	0	0	0	0	
Eriophorum_latifolium	0	0	0	0	0	0	0	0	0	0	0	0	0	0	0	0	0	0	0	0	0	0	0	0	0	0	1	0	0	0	0	0	0	0	0	0	0	0	0	0	0	0	0	0	0	0	0	0	0	0	0	0	0	0	0	0	0	0	0	0	0	0	
N37	1.05428e-017	9.26729e-017	1.26928e-015	1.60868e-014	1.75169e-013	1.62343e-012	1.29028e-011	8.87483e-011	5.36501e-010	2.87392e-009	1.37183e-008	5.82037e-008	2.1862e-007	7.2695e-007	2.16548e-006	5.88948e-006	1.50069e-005	3.66363e-005	8.73416e-005	0.000206138	0.000484366	0.00112916	0.00257513	0.00563223	0.011565	0.021914	0.0378523	0.0591423	0.0833135	0.105721	0.120877	0.124823	0.116713	0.0990307	0.07655	0.0541031	0.0350317	0.0208905	0.0115179	0.00588127	0.00279969	0.00124949	0.000522444	0.000207038	7.81723e-005	2.80888e-005	9.73621e-006	3.2862e-006	1.06648e-006	3.40849e-007	1.06898e-007	3.25573e-008	9.74326e-009	2.87939e-009	8.16076e-010	2.28227e-010	6.19737e-011	1.62691e-011	4.15093e-012	1.04895e-012	2.69949e-013	9.44017e-014	
Eriophorum_virginicum	0	0	0	0	0	0	0	0	0	0	0	0	0	0	0	0	0	0	0	0	0	0	0	0	0	0	0	0	1	0	0	0	0	0	0	0	0	0	0	0	0	0	0	0	0	0	0	0	0	0	0	0	0	0	0	0	0	0	0	0	0	0	
Eriophorum_gracile	0	0	0	0	0	0	0	0	0	0	0	0	0	0	0	0	0	0	0	0	0	0	0	0	0	0	0	0	0	1	0	0	0	0	0	0	0	0	0	0	0	0	0	0	0	0	0	0	0	0	0	0	0	0	0	0	0	0	0	0	0	0	
N38	4.85941e-005	6.74194e-005	0.000109192	0.000189892	0.00033659	0.000590855	0.00100739	0.00166212	0.00264274	0.00404037	0.0059512	0.00846103	0.0115959	0.0153864	0.0197828	0.0246544	0.0298631	0.0352263	0.0404132	0.0452617	0.0495028	0.0528564	0.0552178	0.0565226	0.0565776	0.0555801	0.0535746	0.0506344	0.0470188	0.0429594	0.0385097	0.0340102	0.029572	0.0252892	0.0213161	0.0177385	0.0145162	0.0117428	0.00937814	0.00738483	0.00574714	0.00442968	0.00336303	0.00253178	0.00188573	0.00138764	0.00101118	0.000731718	0.000521959	0.000370218	0.000260196	0.000180991	0.000124887	8.58361e-005	5.82357e-005	3.94766e-005	2.66589e-005	1.79954e-005	1.2257e-005	8.58889e-006	6.26843e-006	5.01978e-006	
N39	2.32308e-006	4.01859e-006	8.98273e-006	2.18828e-005	5.3263e-005	0.000124704	0.000275582	0.000573899	0.00112474	0.00207456	0.00361491	0.00597065	0.00934708	0.0139416	0.0198434	0.0269717	0.0351165	0.0438945	0.0525966	0.0606649	0.067371	0.0720042	0.0742447	0.0739954	0.0710834	0.0661371	0.0595815	0.0519208	0.0438932	0.036088	0.0287223	0.0222863	0.0168385	0.0123715	0.00887029	0.00623094	0.00425342	0.00285352	0.00187535	0.00120566	0.000761243	0.000475122	0.000289161	0.000174657	0.000103961	6.09562e-005	3.53122e-005	2.0409e-005	1.15309e-005	6.52168e-006	3.64568e-006	2.01802e-006	1.10539e-006	6.06289e-007	3.25004e-007	1.74792e-007	9.29042e-008	4.91942e-008	2.60606e-008	1.42808e-008	8.29074e-009	5.75034e-009	
Blysmus_compressus	0	0	0	0	0	0	0	0	0	0	0	0	0	0	0	0	0	0	0	0	0	1	0	0	0	0	0	0	0	0	0	0	0	0	0	0	0	0	0	0	0	0	0	0	0	0	0	0	0	0	0	0	0	0	0	0	0	0	0	0	0	0	
Blysmus_rufus	0	0	0	0	0	0	0	0	0	0	0	0	0	0	0	0	0	0	0	1	0	0	0	0	0	0	0	0	0	0	0	0	0	0	0	0	0	0	0	0	0	0	0	0	0	0	0	0	0	0	0	0	0	0	0	0	0	0	0	0	0	0	
Dulichium_arundinaceum	0	0	0	0	0	0	0	0	0	0	0	0	0	0	0	1	0	0	0	0	0	0	0	0	0	0	0	0	0	0	0	0	0	0	0	0	0	0	0	0	0	0	0	0	0	0	0	0	0	0	0	0	0	0	0	0	0	0	0	0	0	0	
