NODE	1	2	3	4	5	6	7	8	9	10	11	12	13	14	15	16	17	18	19	20	21	22	23	24	25	26	27	28	29	30	31	32	33	34	35	36	37	38	39	40	41	42	43	44	45	46	47	48	49	50	51	52	53	54	55	56	57	58	59	60	61	62	63	64	65	66	67	68	69	70	
N1	0.760228	0.210087	0.0274583	0.00211629	0.000106534	3.54461e-006	7.95556e-008	1.20177e-009	1.22233e-011	8.32753e-014	3.02631e-018	1.66882e-019	7.53603e-021	2.79858e-022	8.60659e-024	2.21121e-025	4.78442e-027	8.76214e-029	1.36036e-030	1.78982e-032	1.99529e-034	1.88726e-036	1.51939e-038	1.04608e-040	6.19435e-043	3.1745e-045	1.41701e-047	5.54399e-050	1.91274e-052	5.85289e-055	1.59702e-057	3.9054e-060	8.59964e-063	1.71259e-065	3.09704e-068	5.10512e-071	7.69766e-074	1.06519e-076	1.35689e-079	1.59568e-082	1.737e-085	1.75465e-088	1.6487e-091	1.44415e-094	1.1817e-097	9.05065e-101	6.50031e-104	4.38561e-107	2.78412e-110	1.66567e-113	9.40549e-117	5.01971e-120	2.53551e-123	1.21366e-126	5.51194e-130	2.3779e-133	9.75538e-137	3.80995e-140	1.41795e-143	5.0337e-147	1.70611e-150	5.5259e-154	1.71179e-157	5.07578e-161	1.4418e-164	3.92635e-168	1.02581e-171	2.57309e-175	6.2049e-179	1.56268e-182	
N2	0.400453	0.366955	0.166322	0.0529752	0.0107333	0.00228093	0.000245126	3.31874e-005	2.61207e-006	2.02668e-007	8.71734e-009	6.88479e-010	1.6558e-011	6.85786e-013	1.49961e-014	4.7591e-016	6.08359e-018	1.91151e-019	1.6348e-021	3.46976e-023	2.8344e-025	3.43537e-027	2.15962e-029	4.17991e-031	1.46006e-033	1.2845e-035	6.49211e-038	4.99995e-040	1.33888e-042	1.17635e-044	2.648e-047	2.04744e-049	4.23076e-052	1.5863e-054	3.03764e-057	2.37639e-059	2.49572e-062	7.49845e-065	1.28382e-067	5.09831e-070	5.34109e-073	2.02384e-075	1.82932e-078	6.9794e-081	8.73402e-084	1.79101e-086	2.07299e-089	1.06909e-091	6.11149e-095	1.0374e-097	8.59463e-101	1.74032e-103	9.64038e-107	2.53386e-109	1.12508e-112	2.17005e-115	9.98892e-119	9.55427e-122	4.64062e-125	1.06858e-127	2.79628e-131	2.66956e-134	1.49286e-137	1.81958e-140	4.26497e-144	4.46363e-147	1.09738e-150	1.38237e-153	1.45459e-156	4.80654e-159	
N3	0.291744	0.337517	0.220757	0.10542	0.0333125	0.00954536	0.00146487	0.000218298	2.04216e-005	1.61325e-006	7.71282e-008	5.00843e-009	1.32392e-010	4.83513e-012	1.04543e-013	2.63349e-015	3.4052e-017	8.10114e-019	6.87065e-021	1.09607e-022	8.74829e-025	8.98273e-027	5.31135e-029	7.11906e-031	2.62164e-033	1.96396e-035	9.04711e-038	5.60358e-040	1.53483e-042	1.0464e-044	2.35563e-047	1.34254e-049	3.00391e-052	1.02917e-054	2.01925e-057	1.2016e-059	1.46253e-062	4.16814e-065	7.1047e-068	2.20364e-070	2.43078e-073	7.33332e-076	6.52788e-079	1.77238e-081	1.99036e-084	3.27062e-087	3.18698e-090	1.05907e-092	6.2771e-096	9.31686e-099	7.60258e-102	1.24224e-104	7.32738e-108	1.54824e-110	7.60586e-114	1.23493e-116	6.61966e-120	6.39849e-123	3.41687e-126	6.61511e-129	2.2015e-132	2.15722e-135	1.31285e-138	1.43919e-141	4.59845e-145	5.1794e-148	1.71951e-151	2.31305e-154	3.22548e-157	1.11391e-159	
N4	0.0548266	0.15841	0.254202	0.266744	0.16526	0.078613	0.0182156	0.00338238	0.000322483	2.2531e-005	8.90496e-007	4.43616e-008	8.78765e-010	2.34322e-011	3.84785e-013	7.81247e-015	8.84599e-017	1.87573e-018	1.42318e-020	1.9392e-022	1.28394e-024	1.04449e-026	4.76918e-029	4.78848e-031	1.33891e-033	7.59577e-036	2.68154e-038	1.28063e-040	2.73545e-043	1.43665e-045	2.49112e-048	1.06918e-050	1.80417e-053	4.59496e-056	6.73859e-059	3.03559e-061	2.96066e-064	7.20698e-067	1.13461e-069	3.44852e-072	3.90949e-075	1.22135e-077	1.12472e-080	3.08128e-083	3.43296e-086	5.44126e-089	4.98518e-092	1.51019e-094	8.05661e-098	1.04778e-100	7.33847e-104	1.00556e-106	4.89182e-110	8.33945e-113	3.26397e-116	4.13919e-119	1.71027e-122	1.25423e-125	5.00479e-129	7.11862e-132	1.72916e-135	1.2173e-138	5.263e-142	4.03239e-145	8.98786e-149	6.96781e-152	1.57692e-155	1.42832e-158	1.33318e-161	2.99081e-164	
Bulbostylis_barbata	0	0	0	0	1	0	0	0	0	0	0	0	0	0	0	0	0	0	0	0	0	0	0	0	0	0	0	0	0	0	0	0	0	0	0	0	0	0	0	0	0	0	0	0	0	0	0	0	0	0	0	0	0	0	0	0	0	0	0	0	0	0	0	0	0	0	0	0	0	0	
N5	0.00318569	0.0253862	0.0996739	0.271259	0.294372	0.185033	0.0878427	0.0297395	0.00284048	0.000619742	4.33393e-005	3.84938e-006	3.23213e-007	8.22123e-008	7.53878e-009	8.74033e-010	1.15264e-011	5.67294e-013	2.05582e-014	4.25597e-015	1.70089e-016	5.57327e-018	4.54827e-020	1.24947e-021	4.16871e-024	3.75073e-025	4.22611e-026	9.08751e-027	3.42765e-028	5.55163e-029	1.16749e-030	9.82004e-032	7.04165e-034	8.20757e-036	3.18504e-038	7.50451e-040	9.05181e-043	4.01378e-045	7.94408e-048	5.21861e-050	3.97794e-053	1.69421e-055	9.15568e-059	3.50084e-061	2.61784e-064	3.69058e-067	2.67045e-070	1.49023e-072	3.70932e-076	3.95558e-079	1.6362e-082	2.84076e-085	6.96185e-089	1.70734e-091	3.63399e-095	7.07656e-098	1.32303e-101	8.02172e-105	1.96043e-108	4.53175e-111	4.83501e-115	3.08428e-118	1.11045e-121	1.18618e-124	1.10749e-128	8.01649e-132	8.16903e-136	7.8857e-139	3.69077e-142	1.05689e-144	
Bulbostylis_densa	0	0	0	0	0	0	0	0	0	0	0	0	0	0	0	0	0	0	0	0	0	0	0	0	0	0	0	0	0	0	0	1	0	0	0	0	0	0	0	0	0	0	0	0	0	0	0	0	0	0	0	0	0	0	0	0	0	0	0	0	0	0	0	0	0	0	0	0	0	0	
Bulbostylis_hispidula	0	0	0	0	1	0	0	0	0	0	0	0	0	0	0	0	0	0	0	0	0	0	0	0	0	0	0	0	0	0	0	0	0	0	0	0	0	0	0	0	0	0	0	0	0	0	0	0	0	0	0	0	0	0	0	0	0	0	0	0	0	0	0	0	0	0	0	0	0	0	
N6	0.0672547	0.197329	0.304019	0.274421	0.120124	0.0325282	0.00386846	0.000425191	2.82374e-005	1.42144e-006	3.59266e-008	1.06882e-009	1.07279e-011	1.3663e-013	9.0735e-016	6.68733e-018	2.2702e-020	1.42234e-022	2.85772e-025	1.10957e-027	1.98176e-030	4.5703e-033	5.74109e-036	1.7269e-038	1.26811e-041	1.98182e-044	1.82958e-047	2.34028e-050	1.21332e-053	1.67572e-056	7.02231e-060	8.06214e-063	3.27831e-066	2.12546e-069	7.56402e-073	8.98302e-076	1.8907e-079	9.92116e-083	3.006e-086	1.77661e-089	3.33459e-093	1.85733e-096	2.77095e-100	1.3861e-103	2.62641e-107	7.50393e-111	1.23565e-114	7.6739e-118	7.22577e-122	1.81582e-125	2.39569e-129	6.8573e-133	6.34272e-137	2.36221e-140	1.80845e-144	5.11756e-148	4.16833e-152	6.51691e-156	5.37092e-160	1.79387e-163	8.74991e-168	1.36438e-171	1.28635e-175	2.31326e-179	1.05133e-183	1.85033e-187	8.57333e-192	1.76099e-195	3.44998e-199	1.79531e-202	
Abildgaardia_ovata	0	0	0	0	0	0	0	0	0	1	0	0	0	0	0	0	0	0	0	0	0	0	0	0	0	0	0	0	0	0	0	0	0	0	0	0	0	0	0	0	0	0	0	0	0	0	0	0	0	0	0	0	0	0	0	0	0	0	0	0	0	0	0	0	0	0	0	0	0	0	
N7	0.0490019	0.175631	0.316541	0.303579	0.128521	0.0250419	0.00161362	6.82978e-005	1.4348e-006	1.97054e-008	1.25002e-010	1.0273e-012	2.40445e-015	1.31991e-017	2.72663e-020	1.17287e-022	1.01168e-025	5.927e-028	2.59476e-031	1.18829e-033	5.02887e-037	1.10023e-039	3.11669e-043	1.13225e-045	1.65318e-049	2.41598e-052	1.02625e-055	1.08002e-058	1.19273e-062	2.45046e-065	2.39138e-069	4.96301e-072	6.89495e-076	2.41722e-079	3.05673e-083	9.55187e-086	3.56123e-090	1.42084e-093	2.40631e-097	3.25349e-100	1.10982e-104	5.6389e-108	2.31153e-112	3.68685e-115	1.6425e-119	2.67333e-123	1.71083e-127	3.33667e-130	5.85164e-135	1.00424e-138	5.44532e-143	3.39944e-146	6.36033e-151	4.6961e-154	7.74009e-159	5.45571e-162	8.58314e-167	9.50191e-171	3.92025e-175	4.25417e-178	3.62152e-183	4.12605e-187	2.72036e-191	1.17601e-194	9.45377e-200	3.06084e-203	2.77107e-208	7.19861e-212	3.29042e-216	3.5644e-219	
Fimbristylis_littoralis	0	0	0	0	1	0	0	0	0	0	0	0	0	0	0	0	0	0	0	0	0	0	0	0	0	0	0	0	0	0	0	0	0	0	0	0	0	0	0	0	0	0	0	0	0	0	0	0	0	0	0	0	0	0	0	0	0	0	0	0	0	0	0	0	0	0	0	0	0	0	
N8	0.0325937	0.144723	0.310174	0.334908	0.149799	0.0266078	0.00115685	3.69374e-005	4.31898e-007	6.62568e-009	2.1487e-011	4.14445e-013	4.55886e-016	4.4795e-018	4.89916e-021	2.70429e-023	1.12507e-026	7.23073e-029	1.89401e-032	1.13554e-034	4.39812e-038	4.42735e-041	1.32391e-044	1.03943e-046	8.30538e-051	7.80941e-054	3.40782e-057	7.03398e-060	4.11686e-064	6.09415e-067	4.97751e-071	1.61647e-073	8.25804e-078	2.86123e-081	2.78966e-085	1.20348e-087	2.85505e-092	8.76278e-096	1.06365e-099	2.06436e-102	4.78594e-107	3.90159e-110	7.45028e-115	6.73002e-118	3.27178e-122	5.02051e-126	4.31441e-130	1.19444e-132	1.21254e-137	1.61865e-141	4.98228e-146	2.7276e-149	3.66977e-154	4.28218e-157	6.91505e-162	8.72356e-165	6.94541e-170	6.3832e-174	1.26166e-178	1.67854e-181	9.19425e-187	1.30662e-190	1.06023e-194	5.53726e-198	2.55208e-203	3.33935e-207	2.18992e-212	8.4083e-216	2.9797e-220	3.93273e-223	
Fimbristylis_complanata	0	0	0	0	1	0	0	0	0	0	0	0	0	0	0	0	0	0	0	0	0	0	0	0	0	0	0	0	0	0	0	0	0	0	0	0	0	0	0	0	0	0	0	0	0	0	0	0	0	0	0	0	0	0	0	0	0	0	0	0	0	0	0	0	0	0	0	0	0	0	
N9	0.0213436	0.112242	0.284177	0.356628	0.185581	0.0382039	0.00173117	9.08925e-005	1.38263e-006	4.40273e-008	1.79706e-010	6.65444e-012	9.9995e-015	1.50926e-016	3.22811e-019	3.1402e-021	1.95329e-024	2.54572e-026	1.13126e-029	1.83264e-031	9.41136e-035	1.86833e-037	1.0534e-040	1.92837e-042	2.56144e-046	4.38203e-049	3.20687e-052	1.35153e-054	1.42267e-058	5.77562e-061	7.56426e-065	5.34121e-067	4.82626e-071	3.31086e-074	6.48669e-078	6.83958e-080	2.89399e-084	1.91974e-087	5.47064e-091	2.95252e-093	1.11805e-097	1.64666e-100	5.86129e-105	1.37629e-107	1.50848e-111	4.84555e-115	9.26697e-119	6.50982e-121	1.25322e-125	3.65863e-129	1.94356e-133	2.81534e-136	6.79841e-141	1.90379e-143	6.08313e-148	1.99844e-150	3.20525e-155	6.89789e-159	3.64088e-163	1.36755e-165	1.49551e-170	4.30666e-174	7.50681e-178	1.0344e-180	9.45997e-186	3.11463e-189	4.57448e-194	4.28319e-197	3.83944e-201	1.40122e-203	
Fimbristylis_ferruginea	0	0	0	0	1	0	0	0	0	0	0	0	0	0	0	0	0	0	0	0	0	0	0	0	0	0	0	0	0	0	0	0	0	0	0	0	0	0	0	0	0	0	0	0	0	0	0	0	0	0	0	0	0	0	0	0	0	0	0	0	0	0	0	0	0	0	0	0	0	0	
N10	0.00325303	0.0332381	0.152847	0.338391	0.354385	0.111498	0.00610733	0.000275827	4.62151e-006	8.51389e-008	4.82542e-010	8.23343e-012	2.14982e-014	1.79578e-016	5.74936e-019	4.01707e-021	5.50448e-024	4.13957e-026	3.66955e-029	2.2712e-031	1.87317e-034	3.7043e-037	2.6603e-040	1.57849e-042	4.36506e-046	5.97802e-049	3.83295e-052	6.26751e-055	1.34817e-058	2.85728e-061	5.70027e-065	1.22309e-067	2.04803e-071	1.12971e-074	2.42088e-078	6.87295e-081	5.40962e-085	2.63592e-088	6.04096e-092	8.34996e-095	5.97369e-099	3.89005e-102	2.43262e-106	2.24906e-109	2.61554e-113	6.682e-117	9.25488e-121	1.61508e-123	5.77041e-128	1.27712e-131	9.02076e-136	4.56845e-139	1.85726e-143	1.49159e-146	5.61661e-151	3.84123e-154	1.28129e-158	2.03127e-162	1.28464e-166	1.24137e-169	2.49898e-174	4.26102e-178	4.06222e-182	1.78706e-185	3.10199e-190	6.87959e-194	1.50021e-198	5.2615e-202	5.76054e-206	6.29655e-209	
Fimbristylis_dichotoma	0	0	0	0	1	0	0	0	0	0	0	0	0	0	0	0	0	0	0	0	0	0	0	0	0	0	0	0	0	0	0	0	0	0	0	0	0	0	0	0	0	0	0	0	0	0	0	0	0	0	0	0	0	0	0	0	0	0	0	0	0	0	0	0	0	0	0	0	0	0	
N11	5.16247e-006	0.0004705	0.0138917	0.101847	0.490044	0.382532	0.0097508	0.00144191	1.42354e-005	1.76599e-006	1.62514e-007	2.21787e-008	5.37041e-011	2.01456e-013	2.11287e-016	3.39138e-019	1.17153e-022	1.75301e-025	3.34877e-029	3.55075e-032	5.96584e-036	2.12058e-039	2.79596e-043	2.53735e-046	1.37078e-050	3.30158e-054	3.72866e-058	1.02816e-061	4.17346e-066	1.38129e-069	4.96846e-074	1.54216e-077	5.02953e-082	4.68879e-086	1.82487e-090	7.79542e-094	1.1561e-098	9.51765e-103	3.74697e-107	7.69434e-111	1.03651e-115	1.11888e-119	1.28675e-124	1.80155e-128	3.59555e-133	1.52304e-137	3.42816e-142	8.61024e-146	5.65653e-151	2.08671e-155	2.55408e-160	2.01724e-164	1.46471e-169	1.73178e-173	1.16505e-178	1.17658e-182	6.98507e-188	1.78222e-192	1.8313e-197	2.49497e-201	8.8673e-207	2.33082e-211	3.50207e-216	2.02234e-220	6.25628e-226	2.25382e-230	8.36243e-236	4.16494e-240	7.8373e-245	1.17988e-248	
Fimbristylis_velata	0	0	0	0	0	0	0	0	0	0	0	1	0	0	0	0	0	0	0	0	0	0	0	0	0	0	0	0	0	0	0	0	0	0	0	0	0	0	0	0	0	0	0	0	0	0	0	0	0	0	0	0	0	0	0	0	0	0	0	0	0	0	0	0	0	0	0	0	0	0	
Fimbristylis_squarrosa	0	0	0	0	1	0	0	0	0	0	0	0	0	0	0	0	0	0	0	0	0	0	0	0	0	0	0	0	0	0	0	0	0	0	0	0	0	0	0	0	0	0	0	0	0	0	0	0	0	0	0	0	0	0	0	0	0	0	0	0	0	0	0	0	0	0	0	0	0	0	
N12	0.228221	0.32026	0.244829	0.136535	0.046132	0.0192351	0.00339375	0.00117225	0.000179795	3.8307e-005	3.5552e-006	1.17419e-006	5.79211e-008	9.35925e-009	7.15843e-010	1.42316e-010	5.28159e-012	9.57577e-013	2.27309e-014	3.40307e-015	1.04116e-016	8.41853e-018	2.88777e-019	6.94497e-020	8.29594e-022	4.04416e-023	8.9979e-025	4.53173e-026	4.59875e-028	5.56677e-029	1.07149e-030	2.07753e-031	3.28047e-033	1.58834e-034	2.81524e-036	5.19814e-037	3.21275e-039	9.79912e-041	1.32711e-042	8.23591e-044	3.50588e-046	1.07371e-047	3.39319e-050	1.1639e-051	5.63503e-054	5.64207e-056	2.89924e-058	1.47914e-059	1.90838e-062	1.28864e-064	2.95872e-067	3.66983e-069	4.60357e-072	8.47154e-074	8.74781e-077	1.20017e-078	1.10731e-081	3.95987e-084	5.68583e-087	1.00293e-088	4.98765e-092	1.87664e-094	3.74129e-097	3.1974e-099	1.26628e-102	4.94278e-105	2.30895e-108	1.44512e-110	3.1189e-113	7.25191e-115	
Eleocharis_dulcis	0	0	0	0	0	0	0	0	0	0	0	0	0	0	0	0	0	0	0	0	0	0	0	0	0	0	0	0	0	0	0	0	0	0	0	0	0	1	0	0	0	0	0	0	0	0	0	0	0	0	0	0	0	0	0	0	0	0	0	0	0	0	0	0	0	0	0	0	0	0	
N13	0.137303	0.253452	0.273435	0.200643	0.0896391	0.036026	0.0075346	0.00169482	0.000239044	3.0709e-005	2.28621e-006	2.68118e-007	1.06453e-008	6.35116e-010	1.90233e-011	6.90966e-013	9.87451e-015	2.87023e-016	2.20075e-018	3.65486e-020	2.31832e-022	2.02714e-024	8.56371e-027	1.00345e-028	2.12721e-031	1.04645e-033	2.74416e-036	1.03275e-038	1.27709e-041	5.10865e-044	4.87195e-047	1.58796e-049	1.36579e-052	2.08974e-055	1.55199e-058	4.66565e-061	1.79559e-064	1.94195e-067	1.10635e-070	1.4349e-073	4.40911e-077	4.92869e-080	1.16652e-083	1.24648e-086	3.85067e-090	1.99907e-093	5.47175e-097	7.34111e-100	9.87769e-104	4.24241e-107	8.60288e-111	4.47726e-114	5.86462e-118	4.04391e-121	4.22951e-125	2.14592e-128	2.37073e-132	5.6975e-136	6.75331e-140	4.34632e-143	2.64701e-147	6.56845e-151	9.30462e-155	3.09273e-158	1.72536e-162	4.98829e-166	2.91133e-170	9.84591e-174	2.37023e-177	2.07268e-180	
N14	0.0787579	0.162579	0.21841	0.215809	0.140347	0.100131	0.0392691	0.0253901	0.0100503	0.00583207	0.00157097	0.00145052	0.00024733	0.000125281	2.21816e-005	7.87602e-006	5.42532e-007	1.70166e-007	6.56315e-009	1.40623e-009	4.97354e-011	3.56451e-012	9.63467e-014	1.82822e-014	1.86859e-016	8.56923e-018	1.85088e-019	9.53695e-021	6.86208e-023	3.8995e-024	2.5871e-026	1.58884e-027	8.4712e-030	1.39288e-031	8.95646e-034	6.58192e-035	1.62003e-037	2.18831e-039	1.3948e-041	4.59129e-043	1.03388e-045	1.96252e-047	3.68586e-050	8.16744e-052	2.64346e-054	1.86744e-056	7.04687e-059	2.9703e-060	3.10453e-063	1.83722e-065	3.72029e-068	4.62465e-070	5.43177e-073	1.05681e-074	1.15579e-077	1.91409e-079	1.79109e-082	7.23362e-085	1.11381e-087	2.42175e-089	1.37125e-092	6.28672e-095	1.61573e-097	1.66252e-099	8.24861e-103	4.46641e-105	2.67132e-108	2.28569e-110	6.64151e-113	2.06056e-114	
Eleocharis_tuberculosa	0	0	0	0	0	0	0	0	0	0	0	0	0	0	1	0	0	0	0	0	0	0	0	0	0	0	0	0	0	0	0	0	0	0	0	0	0	0	0	0	0	0	0	0	0	0	0	0	0	0	0	0	0	0	0	0	0	0	0	0	0	0	0	0	0	0	0	0	0	0	
Eleocharis_quinqueflora	0	0	0	0	0	0	0	0	0	1	0	0	0	0	0	0	0	0	0	0	0	0	0	0	0	0	0	0	0	0	0	0	0	0	0	0	0	0	0	0	0	0	0	0	0	0	0	0	0	0	0	0	0	0	0	0	0	0	0	0	0	0	0	0	0	0	0	0	0	0	
N15	0.0828989	0.196172	0.274812	0.248699	0.128768	0.0545788	0.0112811	0.00244565	0.000306837	3.5234e-005	2.09359e-006	2.60351e-007	8.13578e-009	6.64579e-010	2.43011e-011	1.90779e-012	4.17842e-014	3.49226e-015	4.17594e-017	2.06626e-018	2.17381e-020	4.2016e-022	2.68254e-024	9.43618e-026	2.45063e-028	2.69227e-030	1.33763e-032	1.31931e-034	2.08124e-037	2.1778e-039	2.95514e-042	3.13666e-044	3.72536e-047	1.13587e-049	1.37623e-052	1.63801e-054	7.80234e-058	1.91809e-060	2.1264e-063	1.06902e-065	4.56955e-069	1.45614e-071	5.13044e-075	1.98704e-077	1.01505e-080	1.13328e-083	6.19402e-087	3.78476e-089	6.88659e-093	6.79194e-096	2.54762e-099	4.97566e-102	1.00958e-105	2.87341e-108	4.988e-112	1.16979e-114	1.80813e-118	1.1167e-121	2.6595e-125	8.18189e-128	7.39649e-132	5.02621e-135	1.92981e-138	2.73266e-141	2.21791e-145	2.04725e-148	1.88264e-152	2.15875e-155	8.9637e-159	3.55846e-161	
Eleocharis_confervoides	0	0	0	0	0	0	0	0	0	0	0	0	0	0	0	0	0	0	1	0	0	0	0	0	0	0	0	0	0	0	0	0	0	0	0	0	0	0	0	0	0	0	0	0	0	0	0	0	0	0	0	0	0	0	0	0	0	0	0	0	0	0	0	0	0	0	0	0	0	0	
N16	0.0586205	0.168177	0.277085	0.275364	0.151111	0.0576277	0.0103533	0.00152472	0.000128037	7.77533e-006	2.32655e-007	9.32345e-009	1.09765e-010	2.07907e-012	1.73372e-014	1.99493e-016	8.03026e-019	8.23162e-021	1.76967e-023	1.08486e-025	2.02247e-028	6.76005e-031	8.16349e-034	4.91417e-036	2.99826e-039	7.94418e-042	9.19695e-045	1.8687e-047	8.28466e-051	2.19719e-053	7.96557e-057	2.03021e-059	7.06734e-063	7.33704e-066	2.34468e-069	6.90881e-072	1.04318e-075	9.1252e-079	2.68799e-082	3.54119e-085	4.85475e-089	4.71532e-092	5.28394e-096	6.27728e-099	1.09037e-102	3.73965e-106	6.0403e-110	1.1531e-112	6.91663e-117	2.49182e-120	4.11443e-124	2.44724e-127	1.74925e-131	1.80021e-134	1.17373e-138	1.14367e-141	1.16861e-145	4.37666e-149	7.54627e-153	1.74223e-155	1.23107e-159	6.71612e-163	2.01198e-166	2.26857e-169	1.49015e-173	1.1563e-176	9.71025e-181	1.16746e-183	3.0818e-187	9.70743e-190	
N17	0.0113729	0.0643032	0.196885	0.320054	0.25767	0.120455	0.0253176	0.00363441	0.000292565	1.53618e-005	3.36919e-007	9.29541e-009	8.68952e-011	9.97292e-013	4.26471e-015	1.6309e-017	2.02362e-020	4.25252e-023	2.61875e-026	8.17873e-028	4.78528e-029	4.31854e-030	2.14514e-031	3.34945e-032	1.0784e-033	9.27734e-035	4.7495e-036	4.07444e-037	1.21148e-038	1.24117e-039	3.40038e-041	3.38681e-042	9.9123e-044	5.48593e-045	1.61856e-046	2.17033e-047	3.80987e-049	2.06847e-050	6.35792e-052	4.83103e-053	9.18683e-055	6.79175e-056	1.09603e-057	7.95487e-059	1.84542e-060	7.32013e-062	1.65585e-063	1.90456e-064	2.31325e-066	9.18448e-068	1.78991e-069	9.84926e-071	1.36765e-072	1.08268e-073	1.36049e-075	8.88913e-077	1.18963e-078	3.78602e-080	5.87782e-082	5.16466e-083	4.57594e-085	1.66879e-086	3.66023e-088	1.81438e-089	1.6597e-091	7.76436e-093	7.66433e-095	4.45645e-096	2.04278e-097	3.3617e-098	
Eleocharis_geniculata	0	0	0	0	1	0	0	0	0	0	0	0	0	0	0	0	0	0	0	0	0	0	0	0	0	0	0	0	0	0	0	0	0	0	0	0	0	0	0	0	0	0	0	0	0	0	0	0	0	0	0	0	0	0	0	0	0	0	0	0	0	0	0	0	0	0	0	0	0	0	
N18	0.0112058	0.0636297	0.195992	0.319953	0.258275	0.121272	0.0255797	0.00376345	0.000308074	2.03794e-005	4.16501e-007	5.993e-008	1.66987e-010	1.03766e-010	1.079e-013	3.70792e-014	4.72254e-018	1.82168e-018	5.02434e-023	2.31584e-023	3.52957e-027	5.78119e-029	8.02467e-034	3.71438e-034	6.15646e-040	4.34574e-041	3.3886e-044	5.32225e-046	3.82798e-053	2.06093e-053	4.96205e-060	1.09554e-058	6.05495e-064	1.82178e-067	2.46177e-074	2.75124e-072	2.62649e-082	2.03804e-082	1.48931e-085	1.35445e-086	1.77959e-096	1.54348e-096	1.17656e-103	1.17366e-101	1.1504e-108	1.22742e-112	2.75118e-118	5.09243e-117	8.79832e-126	2.63491e-129	5.84859e-133	3.12301e-133	4.17909e-141	8.30964e-145	6.34152e-149	1.24941e-149	7.76741e-157	7.79428e-161	7.40792e-165	1.18064e-166	5.79191e-173	4.73769e-177	3.683e-181	6.95875e-184	1.9156e-189	5.58997e-098	4.62153e-099	7.0853e-100	1.15151e-101	5.69253e-103	
Eleocharis_multicaulis	0	0	0	0	0	0	0	0	0	1	0	0	0	0	0	0	0	0	0	0	0	0	0	0	0	0	0	0	0	0	0	0	0	0	0	0	0	0	0	0	0	0	0	0	0	0	0	0	0	0	0	0	0	0	0	0	0	0	0	0	0	0	0	0	0	0	0	0	0	0	
N19	0.00958362	0.0548174	0.179337	0.310011	0.265871	0.139895	0.0330471	0.00657594	0.000708981	0.000143646	5.45506e-006	3.65162e-006	8.33507e-008	5.5148e-008	1.16403e-009	2.67541e-010	1.34778e-012	2.75131e-013	6.60384e-016	1.13933e-016	4.94475e-019	6.55748e-021	1.67954e-023	3.52305e-024	1.70005e-027	2.187e-029	1.33185e-031	5.06576e-033	1.54961e-036	3.28045e-038	1.99334e-041	1.60703e-042	4.42934e-046	1.60361e-048	1.22333e-051	1.25412e-052	1.52646e-056	4.97869e-059	5.34286e-062	2.41195e-063	2.86581e-067	3.75198e-069	3.60245e-073	6.29915e-075	2.03301e-078	2.87697e-081	2.42876e-084	1.54718e-085	7.67846e-090	1.0357e-092	2.50479e-096	2.21304e-098	1.71748e-102	4.67296e-104	4.8408e-108	1.53846e-109	5.68921e-114	5.3533e-117	7.02942e-121	2.17358e-122	6.12757e-127	1.1894e-129	1.23648e-132	1.39309e-134	3.21437e-139	4.80105e-142	1.82212e-146	1.35376e-148	3.25655e-152	1.02617e-153	
Eleocharis_flavescens	0	0	0	0	0	0	0	0	0	0	0	0	0	0	1	0	0	0	0	0	0	0	0	0	0	0	0	0	0	0	0	0	0	0	0	0	0	0	0	0	0	0	0	0	0	0	0	0	0	0	0	0	0	0	0	0	0	0	0	0	0	0	0	0	0	0	0	0	0	0	
Eleocharis_atropurpurea	0	0	0	0	1	0	0	0	0	0	0	0	0	0	0	0	0	0	0	0	0	0	0	0	0	0	0	0	0	0	0	0	0	0	0	0	0	0	0	0	0	0	0	0	0	0	0	0	0	0	0	0	0	0	0	0	0	0	0	0	0	0	0	0	0	0	0	0	0	0	
N20	0.0227067	0.0933551	0.217848	0.298615	0.216501	0.113091	0.0279555	0.0083242	0.00136728	0.000224012	1.10786e-005	1.18671e-006	1.59273e-008	5.40794e-010	4.67092e-012	7.69923e-014	2.30862e-016	3.27736e-018	5.10941e-021	4.72218e-023	7.06415e-026	2.01987e-028	2.11571e-031	1.69693e-033	6.45908e-037	1.20159e-039	1.03568e-042	2.33583e-045	5.91773e-049	1.25215e-051	2.98911e-055	7.36674e-058	1.39125e-061	8.47698e-065	1.95591e-068	5.78274e-071	4.8083e-075	2.35234e-078	5.26552e-082	6.68126e-085	5.08874e-089	3.84746e-092	2.35317e-096	1.85875e-099	1.98459e-103	4.79103e-107	6.10597e-111	9.7498e-114	3.18589e-118	6.36888e-122	4.18671e-126	1.88503e-129	6.91038e-134	4.94418e-137	1.76211e-141	1.12559e-144	3.04287e-149	3.97514e-153	1.77432e-157	1.35797e-160	2.24453e-165	3.43197e-169	2.98641e-173	1.01097e-176	1.4581e-181	2.51978e-185	4.35462e-190	1.23476e-193	1.03568e-197	8.94519e-201	
N21	0.00481742	0.0237256	0.0756133	0.156214	0.190894	0.173911	0.11062	0.106684	0.0838292	0.056162	0.0131683	0.00407912	0.000255298	2.5654e-005	9.63605e-007	4.9696e-008	7.81709e-010	3.54069e-011	3.07039e-013	8.71095e-015	6.93385e-017	8.92775e-019	5.02925e-021	1.20738e-022	3.23843e-025	2.81425e-027	1.2419e-029	1.05203e-031	2.00731e-034	1.83901e-036	3.02046e-039	2.59835e-041	3.92933e-044	1.3334e-046	2.07089e-049	2.14754e-051	1.54985e-054	4.38349e-057	6.29364e-060	3.0151e-062	2.03376e-065	7.3713e-068	4.01184e-071	1.48639e-073	1.20511e-076	1.86424e-079	1.53929e-082	9.22127e-085	3.00372e-088	4.03723e-091	2.21383e-094	4.85227e-097	1.69115e-100	5.31825e-103	1.6533e-106	4.23786e-109	1.24992e-112	1.12938e-115	4.39002e-119	1.44431e-121	2.57128e-125	2.50293e-128	1.40145e-131	2.22637e-134	3.65878e-138	4.39569e-141	7.93926e-145	1.22939e-147	1.04796e-150	4.98381e-153	
Eleocharis_gracilis	0	0	0	0	0	0	0	0	0	1	0	0	0	0	0	0	0	0	0	0	0	0	0	0	0	0	0	0	0	0	0	0	0	0	0	0	0	0	0	0	0	0	0	0	0	0	0	0	0	0	0	0	0	0	0	0	0	0	0	0	0	0	0	0	0	0	0	0	0	0	
Eleocharis_congesta	0	0	0	0	0	0	0	0	0	1	0	0	0	0	0	0	0	0	0	0	0	0	0	0	0	0	0	0	0	0	0	0	0	0	0	0	0	0	0	0	0	0	0	0	0	0	0	0	0	0	0	0	0	0	0	0	0	0	0	0	0	0	0	0	0	0	0	0	0	0	
N22	0.0151274	0.0676157	0.182699	0.28998	0.249316	0.142126	0.0392043	0.0115303	0.00204832	0.000330689	1.96646e-005	2.71683e-006	5.53595e-008	4.465e-009	7.89315e-011	3.83072e-012	2.53053e-014	1.32471e-015	4.75126e-018	1.82085e-019	6.79722e-022	8.34771e-024	2.17162e-026	7.72893e-028	7.86646e-031	6.76469e-033	2.66716e-035	2.53828e-037	1.87577e-040	2.42332e-042	1.86292e-045	3.08962e-047	2.10041e-050	5.59439e-053	4.9446e-056	1.08474e-057	2.81811e-061	7.10744e-064	6.87837e-067	7.29008e-069	1.78022e-072	6.66477e-075	1.53971e-078	1.20752e-080	4.57199e-084	4.95302e-087	2.59571e-090	3.47946e-092	3.98013e-096	4.27794e-099	1.45123e-102	4.68814e-105	6.98614e-109	4.39944e-111	5.48666e-115	2.82331e-117	2.83121e-121	2.08015e-124	5.19968e-128	3.91529e-130	2.4207e-134	2.09672e-137	1.03024e-140	3.37772e-143	1.79965e-147	2.57066e-150	1.7775e-154	3.71434e-157	1.25901e-160	1.01056e-162	
N23	3.43089e-011	1.29635e-008	9.30529e-007	2.73044e-005	0.00276246	0.000132078	0.000851057	0.000462069	0.0379275	0.947667	0.0101309	3.86769e-005	4.23961e-008	3.73617e-011	1.68981e-014	6.41114e-018	1.30191e-021	3.5374e-025	3.92334e-029	6.16117e-033	5.49276e-037	5.32313e-041	3.10857e-045	3.13034e-049	1.14305e-053	6.94867e-058	2.7137e-062	1.25932e-066	3.03298e-071	1.43442e-075	2.66374e-080	9.7468e-085	1.76071e-089	4.20193e-094	6.13329e-099	2.10401e-103	2.01031e-108	3.77354e-113	4.45372e-118	7.98997e-123	6.40377e-128	1.14099e-132	7.13509e-138	1.06091e-142	7.70117e-148	7.35858e-153	4.29943e-158	6.69262e-163	2.58594e-168	2.11266e-173	1.01142e-178	8.08968e-184	2.7927e-189	2.68241e-194	7.43394e-200	5.32926e-205	1.55754e-210	7.09829e-216	1.85898e-221	1.37889e-226	2.33841e-232	9.56667e-238	2.47318e-243	9.73639e-249	1.43391e-254	5.92903e-260	8.54015e-266	4.05653e-271	2.18908e-276	2.095e-281	
Eleocharis_acicularis_f_longiseta	0	0	0	0	0	0	0	0	0	1	0	0	0	0	0	0	0	0	0	0	0	0	0	0	0	0	0	0	0	0	0	0	0	0	0	0	0	0	0	0	0	0	0	0	0	0	0	0	0	0	0	0	0	0	0	0	0	0	0	0	0	0	0	0	0	0	0	0	0	0	
Eleocharis_acicularis	0	0	0	0	0	0	0	0	0	1	0	0	0	0	0	0	0	0	0	0	0	0	0	0	0	0	0	0	0	0	0	0	0	0	0	0	0	0	0	0	0	0	0	0	0	0	0	0	0	0	0	0	0	0	0	0	0	0	0	0	0	0	0	0	0	0	0	0	0	0	
N24	0.000104274	0.00286687	0.029796	0.167089	0.506148	0.241624	0.0446142	0.00682151	0.000844718	8.8272e-005	3.91165e-006	1.24199e-007	9.92145e-010	7.58821e-012	2.51553e-014	7.89125e-017	1.04508e-019	2.39324e-022	1.58212e-025	1.99406e-028	1.05929e-031	7.25535e-035	2.42185e-038	2.02496e-041	3.72321e-045	1.56749e-048	3.74226e-052	1.25064e-055	1.51191e-059	5.42496e-063	5.10246e-067	1.48069e-070	1.34072e-074	2.0228e-078	1.55747e-082	4.69781e-086	2.00104e-090	2.39748e-094	1.52166e-098	2.23233e-102	8.30232e-107	1.04902e-110	3.04536e-115	3.62388e-119	1.34697e-123	7.93458e-128	2.53084e-132	3.74504e-136	6.39522e-141	3.30851e-145	8.48797e-150	5.37403e-154	9.16171e-159	7.96024e-163	1.09736e-167	6.95801e-172	9.99271e-177	3.10797e-181	4.75519e-186	3.73059e-190	3.07232e-195	9.43838e-200	1.6945e-204	6.53744e-209	4.9384e-214	1.79389e-218	1.35311e-223	5.45074e-228	1.72892e-232	1.79906e-236	
N25	1.46552e-005	0.000471702	0.00765887	0.0540598	0.209451	0.218183	0.0921414	0.0866521	0.0710559	0.166907	0.0562547	0.0361538	0.000933241	6.25274e-005	7.37025e-007	1.43539e-008	4.50988e-011	1.102e-012	1.76296e-015	3.22603e-017	4.33396e-020	1.55422e-022	1.70083e-025	2.39431e-027	8.32541e-031	2.00925e-033	2.02966e-036	7.63569e-039	1.89243e-042	7.37241e-045	1.65025e-048	6.12411e-051	1.33199e-054	1.07171e-057	3.42599e-061	2.19644e-063	1.87823e-067	1.40451e-070	4.75932e-074	1.47719e-076	1.09784e-080	1.26764e-083	8.38678e-088	1.40026e-090	2.0051e-094	6.91185e-098	1.29364e-101	4.74675e-104	1.70188e-108	5.28349e-112	3.89607e-116	4.04538e-119	1.65824e-123	2.57791e-126	1.16259e-130	1.84783e-133	5.62716e-138	1.23327e-141	8.90757e-146	1.74488e-148	3.36947e-153	7.64834e-157	1.08684e-160	6.79784e-164	1.14362e-168	4.32379e-172	9.91934e-177	5.44245e-180	7.60501e-184	1.55551e-186	
Eleocharis_montevidensis	0	0	0	0	0	0	0	0	0	1	0	0	0	0	0	0	0	0	0	0	0	0	0	0	0	0	0	0	0	0	0	0	0	0	0	0	0	0	0	0	0	0	0	0	0	0	0	0	0	0	0	0	0	0	0	0	0	0	0	0	0	0	0	0	0	0	0	0	0	0	
Eleocharis_tenuis	0	0	0	0	0	0	0	0	0	0	0	1	0	0	0	0	0	0	0	0	0	0	0	0	0	0	0	0	0	0	0	0	0	0	0	0	0	0	0	0	0	0	0	0	0	0	0	0	0	0	0	0	0	0	0	0	0	0	0	0	0	0	0	0	0	0	0	0	0	0	
N26	8.8974e-006	0.000589262	0.0125009	0.127768	0.643961	0.194711	0.0188489	0.00148111	0.000125656	6.2945e-006	8.69918e-008	5.57541e-010	1.13819e-012	2.66911e-015	5.19974e-018	9.05588e-021	6.10556e-024	1.41505e-026	3.19001e-030	7.05389e-033	1.10689e-036	1.39289e-039	1.37256e-043	1.42874e-046	8.20565e-051	3.84601e-054	4.88559e-058	1.2069e-061	5.80733e-066	5.19521e-069	1.53345e-073	7.40981e-077	6.2305e-081	6.125e-085	2.33573e-089	1.87839e-092	2.29353e-097	2.86721e-101	1.59104e-105	6.84227e-109	6.69809e-114	8.01358e-118	1.33877e-122	7.87936e-126	8.5905e-131	4.18692e-135	6.63287e-140	3.35454e-143	1.85721e-148	9.14503e-153	1.35932e-157	2.07391e-161	1.06942e-166	1.94302e-170	7.99626e-176	1.10617e-179	6.22277e-185	1.96001e-189	2.87621e-194	8.57834e-198	1.99969e-203	5.29761e-208	7.93527e-213	7.37563e-217	2.10547e-222	2.8941e-226	6.70927e-232	3.82316e-236	4.38729e-241	1.08289e-244	
N27	1.34442e-006	0.000144555	0.00565773	0.105114	0.553076	0.298111	0.0309054	0.00628932	0.000686226	1.47036e-005	6.40796e-008	5.19449e-010	6.49149e-013	2.25383e-015	2.2044e-018	3.53716e-021	1.5371e-024	3.4534e-027	8.95777e-031	1.52258e-033	3.89209e-037	2.09452e-040	4.04709e-044	6.2297e-047	5.00944e-051	2.09898e-054	4.06917e-058	2.24203e-061	1.38378e-065	7.7667e-069	4.30423e-073	2.27425e-076	1.2787e-080	2.05855e-084	1.41958e-088	1.22222e-091	2.91526e-096	4.34125e-100	2.99054e-104	1.26017e-107	2.79599e-112	6.15429e-116	1.15178e-120	3.02268e-124	1.0213e-128	7.52264e-133	2.90956e-137	1.50539e-140	1.59932e-145	1.07727e-149	2.2429e-154	3.70716e-158	4.50697e-163	1.11545e-166	1.35532e-171	3.09626e-175	2.8668e-180	1.33499e-184	2.22636e-189	6.3108e-193	3.63559e-198	1.76666e-202	5.20168e-207	5.24793e-211	2.74267e-216	2.00407e-220	1.25684e-225	1.21036e-229	4.08615e-234	1.28348e-237	
Eleocharis_erythropoda	0	0	0	0	0	0	0	0	1	0	0	0	0	0	0	0	0	0	0	0	0	0	0	0	0	0	0	0	0	0	0	0	0	0	0	0	0	0	0	0	0	0	0	0	0	0	0	0	0	0	0	0	0	0	0	0	0	0	0	0	0	0	0	0	0	0	0	0	0	0	
Eleocharis_palustris	0	0	0	0	1	0	0	0	0	0	0	0	0	0	0	0	0	0	0	0	0	0	0	0	0	0	0	0	0	0	0	0	0	0	0	0	0	0	0	0	0	0	0	0	0	0	0	0	0	0	0	0	0	0	0	0	0	0	0	0	0	0	0	0	0	0	0	0	0	0	
N28	3.76909e-007	6.41271e-005	0.00304298	0.0674239	0.764578	0.145204	0.017423	0.00186536	0.00035069	4.71433e-005	4.599e-007	1.2199e-008	1.47239e-011	1.39487e-013	9.97515e-017	3.58622e-019	1.03529e-022	4.38741e-025	6.33278e-029	1.72971e-031	4.13554e-035	1.97121e-038	2.75502e-042	1.06005e-044	4.29931e-049	2.29297e-052	5.99807e-056	7.43394e-059	2.33445e-063	1.66438e-066	7.51216e-071	1.2624e-073	3.36702e-078	5.79306e-082	2.81361e-086	5.84569e-089	6.15541e-094	8.16663e-098	3.96151e-102	2.9909e-105	3.04882e-110	1.15466e-113	8.43656e-119	2.8854e-122	4.95822e-127	2.9002e-131	9.05755e-136	9.39819e-139	3.35795e-144	1.60134e-148	1.76297e-153	3.50059e-157	1.6363e-162	6.8725e-166	3.72152e-171	1.63935e-174	4.07353e-180	1.19864e-184	6.68453e-190	2.79169e-193	4.749e-199	2.2311e-203	6.03301e-208	9.07855e-212	1.26288e-217	5.17348e-222	9.82095e-228	1.15425e-231	1.20165e-236	4.63803e-240	
N29	8.71398e-012	7.0738e-009	1.33454e-006	8.43966e-005	0.0112872	0.000669191	0.00175734	0.000775209	0.0338409	0.944785	0.00607804	0.000647914	7.2868e-005	7.98011e-007	1.05604e-009	1.05174e-011	1.15105e-012	5.9778e-013	2.6002e-014	4.3787e-015	3.82394e-018	4.40473e-021	1.19608e-024	2.06023e-027	1.56032e-031	5.29306e-035	7.22177e-039	2.52288e-042	1.02389e-046	3.99379e-050	1.15398e-054	2.81572e-058	8.2503e-063	6.06512e-067	1.93113e-071	7.31909e-075	7.32773e-080	4.6972e-084	1.36314e-088	2.46447e-092	1.9308e-097	1.31805e-101	8.78956e-107	8.89731e-111	1.0563e-115	2.49155e-120	3.04226e-125	4.92829e-129	1.63857e-134	3.39998e-139	2.0369e-144	1.00834e-148	3.46281e-154	2.38413e-158	7.60634e-164	4.56074e-168	1.20273e-173	1.56342e-178	8.22117e-184	6.30745e-188	9.33933e-194	1.01612e-198	6.43634e-204	1.47459e-208	1.80795e-214	3.46846e-219	5.08224e-225	1.02825e-229	8.23804e-235	5.50757e-239	
Eleocharis_acuta	0	0	0	0	0	0	0	0	0	1	0	0	0	0	0	0	0	0	0	0	0	0	0	0	0	0	0	0	0	0	0	0	0	0	0	0	0	0	0	0	0	0	0	0	0	0	0	0	0	0	0	0	0	0	0	0	0	0	0	0	0	0	0	0	0	0	0	0	0	0	
Eleocharis_pallens	0	0	0	0	0	0	0	0	0	0	0	0	0	0	0	0	0	0	0	1	0	0	0	0	0	0	0	0	0	0	0	0	0	0	0	0	0	0	0	0	0	0	0	0	0	0	0	0	0	0	0	0	0	0	0	0	0	0	0	0	0	0	0	0	0	0	0	0	0	0	
N30	9.40845e-008	2.15047e-005	0.00149418	0.0510716	0.822973	0.111602	0.0115348	0.00108894	0.000197272	1.5939e-005	7.23385e-008	2.87057e-010	3.16455e-013	1.26104e-015	1.93744e-018	2.26432e-021	7.29007e-025	2.61643e-027	3.50282e-031	1.26017e-033	1.03985e-037	7.67193e-041	5.36778e-045	6.24063e-048	2.0912e-052	1.06966e-055	2.63218e-059	8.21071e-063	2.71583e-067	4.00513e-070	7.42259e-075	4.2966e-078	1.74377e-082	1.82945e-086	6.91562e-091	1.10679e-093	8.57779e-099	1.24311e-102	5.71423e-107	6.658e-110	4.25576e-115	4.73871e-119	3.96305e-124	2.96545e-127	4.26117e-132	1.43704e-136	1.88474e-141	1.46812e-144	5.38837e-150	2.68292e-154	4.19007e-159	7.07326e-163	3.70755e-168	1.80673e-171	5.51421e-177	1.39238e-180	5.03625e-186	1.80701e-190	2.96092e-195	1.71185e-198	2.80913e-204	7.24643e-209	1.01217e-213	1.3759e-217	2.06624e-223	2.66537e-227	5.41705e-233	4.42013e-237	5.18458e-242	2.19234e-245	
Eleocharis_cylindrostachys	0	0	0	0	0	0	0	0	0	1	0	0	0	0	0	0	0	0	0	0	0	0	0	0	0	0	0	0	0	0	0	0	0	0	0	0	0	0	0	0	0	0	0	0	0	0	0	0	0	0	0	0	0	0	0	0	0	0	0	0	0	0	0	0	0	0	0	0	0	0	
N31	3.47373e-008	1.09596e-005	0.000957595	0.0431195	0.909946	0.0453352	0.000624375	5.88032e-006	5.02736e-008	1.84055e-010	1.20887e-013	4.76436e-017	1.69406e-020	1.44309e-023	1.4908e-026	3.84238e-030	7.7881e-034	8.24352e-037	7.3508e-041	1.04764e-043	4.83347e-048	1.62317e-051	6.30003e-056	1.53099e-059	3.77627e-064	1.03993e-067	1.50678e-071	1.72395e-075	6.59413e-080	5.26649e-083	6.96264e-088	1.08366e-091	4.60298e-096	2.68733e-100	6.39176e-105	3.77845e-108	2.49046e-113	2.58481e-117	8.37755e-122	4.81815e-125	2.62508e-130	1.52723e-134	1.12531e-139	4.06314e-143	4.72007e-148	1.02678e-152	7.123e-158	1.7323e-161	6.82561e-167	2.49714e-171	3.90178e-176	2.88592e-180	1.56422e-185	3.93107e-189	1.06339e-194	1.03561e-198	5.23237e-204	1.57836e-208	2.46719e-213	7.56393e-217	1.28729e-222	2.2698e-227	1.98417e-232	1.03919e-236	2.03414e-242	2.29924e-246	4.8503e-252	2.22626e-256	2.48695e-261	5.89614e-265	
Eleocharis_obtusa	0	0	0	0	1	0	0	0	0	0	0	0	0	0	0	0	0	0	0	0	0	0	0	0	0	0	0	0	0	0	0	0	0	0	0	0	0	0	0	0	0	0	0	0	0	0	0	0	0	0	0	0	0	0	0	0	0	0	0	0	0	0	0	0	0	0	0	0	0	0	
Eleocharis_engelmannii	0	0	0	0	1	0	0	0	0	0	0	0	0	0	0	0	0	0	0	0	0	0	0	0	0	0	0	0	0	0	0	0	0	0	0	0	0	0	0	0	0	0	0	0	0	0	0	0	0	0	0	0	0	0	0	0	0	0	0	0	0	0	0	0	0	0	0	0	0	0	
N32	0.484953	0.358655	0.116766	0.0325164	0.00506581	0.00179305	0.000166703	7.41604e-005	7.8603e-006	1.70517e-006	1.08612e-007	7.06294e-008	2.35056e-009	4.07892e-010	2.42258e-011	7.84391e-012	1.57914e-013	3.63027e-014	4.89869e-016	8.5693e-017	1.02194e-018	4.09742e-020	5.60467e-022	1.13687e-022	3.26148e-025	6.46757e-027	5.51131e-029	1.18557e-030	2.16603e-033	7.49169e-035	1.63739e-037	8.7586e-039	9.14099e-042	5.71754e-044	1.01605e-046	4.58431e-048	2.3829e-051	1.01426e-053	1.90042e-056	3.04777e-058	1.2948e-061	7.74399e-064	2.81671e-067	3.09846e-069	2.56958e-072	6.2824e-075	8.2976e-078	1.85697e-079	3.38058e-083	5.36191e-086	2.25774e-089	9.95391e-092	2.10848e-095	1.67421e-097	2.92763e-101	1.6961e-103	2.77152e-107	2.772e-110	1.05854e-113	9.80335e-116	8.96534e-120	1.29098e-122	8.42847e-126	5.04244e-128	3.58819e-132	3.87619e-135	3.8037e-139	1.24584e-141	5.69757e-145	5.47244e-147	
N33	0.215732	0.310421	0.240284	0.141065	0.0523838	0.0278573	0.00682826	0.00376416	0.00104928	0.000435079	8.96736e-005	7.33245e-005	1.0526e-005	4.73818e-006	1.05652e-006	6.53353e-007	8.63557e-008	5.0523e-008	3.69913e-009	1.14666e-009	5.7156e-011	5.01404e-012	1.53837e-013	2.5627e-014	2.2399e-016	6.82879e-018	8.90571e-020	2.05173e-021	7.55994e-024	1.71395e-025	4.70694e-028	9.41433e-030	1.5737e-032	7.18456e-035	1.18809e-037	1.69796e-039	9.73512e-043	2.42561e-045	2.71923e-048	1.20685e-050	4.65358e-054	1.14625e-056	3.28157e-060	8.8755e-063	3.82625e-066	3.42176e-069	1.59121e-072	6.46657e-075	8.31852e-079	5.15773e-082	1.16152e-085	1.24006e-088	1.60069e-092	2.48434e-095	2.55846e-099	2.83242e-102	2.71219e-106	8.78616e-110	1.18179e-113	1.6592e-116	8.13251e-121	2.7227e-124	4.73915e-128	3.25553e-131	1.22438e-135	3.88402e-139	1.64879e-143	8.00315e-147	1.46946e-150	1.89122e-153	
N34	0.12862	0.226223	0.235644	0.18771	0.0977014	0.0687599	0.0233908	0.0175367	0.00677783	0.00423135	0.00117338	0.00153463	0.000288728	0.000229719	7.07374e-005	7.45517e-005	1.31934e-005	1.60783e-005	1.87179e-006	1.66392e-006	1.8315e-007	4.91323e-008	4.33286e-009	3.81933e-009	1.16206e-010	2.07045e-011	1.58842e-012	2.92423e-013	5.3701e-015	1.03008e-015	1.65376e-017	3.53222e-018	3.71039e-020	1.42701e-021	1.82846e-023	3.80376e-024	1.66376e-026	5.35595e-028	8.21649e-030	9.08382e-031	4.66112e-033	2.75231e-034	1.22065e-036	9.60292e-038	7.17263e-040	1.26374e-041	1.11838e-043	1.48234e-044	2.72664e-047	3.49628e-049	1.39393e-051	4.18679e-053	8.00798e-056	3.60626e-057	5.86233e-060	2.15767e-061	2.76497e-064	1.86175e-066	4.3498e-069	1.96501e-070	1.37209e-073	1.01704e-075	4.01208e-078	8.28314e-080	4.53563e-083	3.67574e-085	2.50552e-088	3.44466e-090	1.05619e-092	5.41979e-094	
N35	0.00555916	0.0181593	0.0413306	0.071174	0.0876545	0.111604	0.0924733	0.100943	0.0940183	0.0800002	0.0525708	0.0613562	0.0344184	0.0251425	0.0146913	0.0173788	0.0165357	0.029008	0.0175411	0.0159147	0.00649215	0.00326948	0.00120721	0.00110311	0.000291185	0.000127234	2.85767e-005	6.81516e-006	6.28344e-007	1.16175e-007	7.6328e-009	1.77955e-009	3.21602e-010	1.06578e-010	2.02902e-011	1.00303e-011	1.01775e-012	2.0725e-013	2.29588e-014	3.90503e-015	2.25416e-016	2.96004e-017	1.07612e-018	9.85396e-020	3.53188e-021	1.62116e-022	4.05628e-024	2.95218e-025	3.92582e-027	1.1583e-028	1.79727e-030	4.96038e-032	4.95739e-034	1.55639e-035	1.16042e-037	2.53224e-039	1.88039e-041	2.31734e-043	1.54408e-045	3.35096e-047	1.32785e-049	1.42019e-051	9.24953e-054	1.0079e-055	3.39538e-058	3.69119e-060	1.22193e-062	1.51278e-064	2.0067e-066	7.7275e-068	
Actinoscirpus_grossus	0	0	0	0	0	0	0	0	0	0	0	0	0	0	0	0	0	0	0	0	0	0	0	0	0	0	0	0	0	0	0	0	0	0	0	0	0	0	0	0	1	0	0	0	0	0	0	0	0	0	0	0	0	0	0	0	0	0	0	0	0	0	0	0	0	0	0	0	0	0	
N36	1.95845e-009	8.21481e-008	1.51238e-006	1.13195e-005	0.000104175	0.000229702	0.0004967	0.000657137	0.00435757	0.0141732	0.00479438	0.00851513	0.025958	0.0161446	0.00237306	0.000872242	0.00350402	0.0423228	0.214423	0.44021	0.186632	0.0291342	0.00421113	0.000813935	5.81848e-005	2.71897e-006	5.41182e-008	6.74915e-010	4.33802e-012	2.82822e-014	8.75975e-017	3.00169e-019	6.52916e-022	1.47878e-024	4.00106e-027	3.68498e-029	2.1725e-031	1.51909e-033	6.52798e-036	2.52202e-038	5.48568e-041	1.44435e-043	1.80244e-046	2.89083e-049	2.93924e-052	2.94176e-055	1.96532e-058	1.98076e-061	9.04695e-065	5.85315e-068	2.60098e-071	1.32478e-074	4.25437e-078	2.18663e-081	5.34173e-085	1.98933e-088	4.8075e-092	1.32555e-095	2.54215e-099	7.95318e-103	1.1271e-106	2.47268e-110	4.0204e-114	7.42741e-118	8.71787e-122	1.82672e-125	2.4873e-129	7.60304e-133	2.87072e-136	1.34211e-139	
N37	1.76283e-011	1.20911e-009	4.12305e-008	5.28425e-007	6.324e-006	2.64037e-005	6.85801e-005	0.000126389	0.00101237	0.00317503	0.00184835	0.00398744	0.0195425	0.00852915	0.0012373	0.00054324	0.00177136	0.0230171	0.236217	0.517497	0.153324	0.0187813	0.00678867	0.00217208	0.000271693	5.29115e-005	2.27755e-006	9.32061e-008	9.21827e-010	2.44654e-011	1.74614e-013	2.97889e-014	1.0241e-014	1.36962e-015	1.74677e-016	6.17225e-017	2.36347e-018	9.1578e-019	1.50247e-020	1.39451e-021	4.10168e-024	1.20122e-025	1.43648e-028	1.67887e-030	1.47577e-033	6.34144e-036	3.32556e-039	1.35229e-041	6.16919e-045	1.15196e-047	7.14044e-051	1.26367e-053	4.32708e-057	1.74577e-059	3.61934e-063	1.41957e-065	8.84846e-069	5.34378e-072	1.64349e-075	7.98612e-078	7.69203e-082	8.88953e-085	5.77605e-088	2.0571e-091	2.47513e-095	5.099e-098	3.20952e-102	2.05654e-105	1.18032e-108	4.16024e-111	
Schoenoplectus_lacustris	0	0	0	0	0	0	0	0	0	0	0	0	0	0	0	0	0	0	0	0	1	0	0	0	0	0	0	0	0	0	0	0	0	0	0	0	0	0	0	0	0	0	0	0	0	0	0	0	0	0	0	0	0	0	0	0	0	0	0	0	0	0	0	0	0	0	0	0	0	0	
Schoenoplectus_pungens	0	0	0	0	0	0	0	0	0	0	0	0	0	0	0	0	0	0	0	0	0	0	0	0	0	0	0	0	0	0	0	0	0	0	0	0	0	0	1	0	0	0	0	0	0	0	0	0	0	0	0	0	0	0	0	0	0	0	0	0	0	0	0	0	0	0	0	0	0	0	
N38	5.51972e-023	1.9047e-019	2.0097e-016	7.57734e-015	7.4115e-012	1.24137e-011	8.02134e-009	4.89467e-011	1.38185e-008	7.8642e-007	3.30786e-007	6.55141e-009	2.40785e-006	0.000229215	7.32617e-007	5.54278e-010	6.93514e-011	1.04511e-007	7.94502e-005	0.0207204	0.974848	0.00411481	3.62814e-006	1.66179e-009	4.21693e-013	1.16535e-016	2.65803e-020	3.88197e-024	3.79015e-028	3.80166e-032	1.53927e-036	6.05902e-041	1.88933e-045	4.78194e-050	9.75008e-055	4.57294e-056	3.72974e-057	2.21024e-056	2.35247e-058	5.17005e-058	1.89504e-060	2.0996e-062	7.22895e-064	5.75246e-066	1.90907e-068	1.91739e-070	3.41343e-071	1.90188e-073	4.00288e-076	1.79232e-078	5.31524e-081	2.47016e-083	1.02002e-084	5.39028e-085	1.05062e-087	5.61441e-090	1.82295e-092	6.04507e-095	1.27672e-097	7.76957e-100	1.03073e-102	3.13413e-105	6.83488e-108	1.53671e-110	1.9481e-113	7.56094e-116	8.58003e-119	3.59634e-121	2.27986e-123	2.61263e-125	
Schoenoplectus_validus	0	0	0	0	0	0	0	0	0	0	0	0	0	0	0	0	0	0	0	0	1	0	0	0	0	0	0	0	0	0	0	0	0	0	0	0	0	0	0	0	0	0	0	0	0	0	0	0	0	0	0	0	0	0	0	0	0	0	0	0	0	0	0	0	0	0	0	0	0	0	
N39	1.60208e-030	5.37061e-026	4.17901e-022	7.1198e-020	4.58666e-016	1.90138e-015	8.24367e-012	9.03796e-015	1.33658e-011	2.71465e-009	8.45385e-010	5.47361e-012	1.74121e-008	1.02744e-005	5.13356e-009	2.77874e-013	9.33401e-015	1.72103e-010	1.62772e-006	0.00395275	0.995189	0.000846608	8.81052e-008	2.73822e-012	3.8137e-017	1.52608e-020	2.15673e-024	2.88815e-027	1.92757e-031	1.72899e-034	1.77208e-038	7.6332e-043	7.12068e-048	1.23755e-053	1.40158e-058	1.54268e-063	9.94419e-069	6.62997e-072	2.5105e-077	1.16622e-080	1.67209e-086	4.85842e-090	1.71372e-096	3.76994e-101	1.44593e-107	1.23307e-112	2.02555e-118	1.86658e-123	1.09856e-129	3.63427e-135	1.45449e-141	2.45144e-147	2.89547e-153	1.61466e-158	7.74436e-165	6.20433e-169	1.18131e-174	1.59622e-180	1.341e-186	8.88236e-191	6.99681e-198	1.30296e-202	2.42366e-208	1.15375e-214	4.98019e-222	2.48888e-227	5.0666e-235	2.88798e-241	5.16011e-247	1.05543e-251	
Schoenoplectus_triqueter	0	0	0	0	0	0	0	0	0	0	0	0	0	0	0	0	0	0	0	0	1	0	0	0	0	0	0	0	0	0	0	0	0	0	0	0	0	0	0	0	0	0	0	0	0	0	0	0	0	0	0	0	0	0	0	0	0	0	0	0	0	0	0	0	0	0	0	0	0	0	
Schoenoplectus_tabernaemontani	0	0	0	0	0	0	0	0	0	0	0	0	0	0	0	0	0	0	0	0	1	0	0	0	0	0	0	0	0	0	0	0	0	0	0	0	0	0	0	0	0	0	0	0	0	0	0	0	0	0	0	0	0	0	0	0	0	0	0	0	0	0	0	0	0	0	0	0	0	0	
N40	0.000527649	0.00304064	0.011182	0.0277178	0.0482374	0.080504	0.0887061	0.103104	0.110984	0.0999466	0.0814238	0.107427	0.0890929	0.0698571	0.0382882	0.023535	0.010332	0.00491873	0.000962439	0.000190053	2.08115e-005	2.004e-006	1.13594e-007	7.94999e-009	2.26113e-010	7.86156e-012	1.71104e-013	3.55035e-015	4.18822e-017	7.13627e-019	5.53434e-021	6.26114e-023	4.11724e-025	2.9842e-027	1.41036e-029	1.13539e-031	3.53653e-034	1.70644e-036	5.57924e-039	2.24793e-041	5.11022e-044	1.98112e-046	3.44311e-049	1.05563e-051	1.9566e-054	4.20673e-057	6.06119e-060	1.69851e-062	1.77729e-065	3.16607e-068	3.76001e-071	5.98674e-074	5.3943e-077	9.79533e-080	7.14035e-083	9.92501e-086	7.71732e-089	7.8959e-092	5.30561e-095	7.35255e-098	3.62453e-101	3.37096e-104	2.19706e-107	1.86703e-110	8.43449e-114	8.12495e-117	4.07884e-120	5.33307e-123	8.77978e-126	2.20168e-128	
N41	2.29547e-005	0.000206496	0.00126604	0.00473056	0.0123736	0.0305127	0.0547971	0.0588674	0.0642417	0.0603114	0.055741	0.102301	0.175119	0.214045	0.122856	0.036428	0.00549923	0.000644013	3.5212e-005	1.56344e-006	4.15816e-008	8.90246e-010	1.19801e-011	2.04621e-013	1.70421e-015	2.05263e-017	1.78744e-019	1.45862e-021	7.54065e-024	6.30778e-026	2.19582e-028	1.25448e-030	4.31489e-033	1.79702e-035	4.41386e-038	2.35391e-040	3.99355e-043	1.45125e-045	2.55111e-048	7.88162e-051	1.00202e-053	2.8392e-056	2.79155e-059	6.49429e-062	7.18224e-065	1.09017e-067	9.0798e-071	2.13191e-073	1.3094e-076	1.88262e-079	1.65008e-082	2.17745e-085	1.32054e-088	2.52901e-091	1.1576e-094	1.50807e-097	9.44365e-101	7.86166e-104	3.86325e-107	6.08145e-110	1.90172e-113	1.57574e-116	8.56374e-120	6.51607e-123	1.96864e-126	2.00064e-129	5.74723e-133	6.28503e-136	7.03426e-139	2.03104e-141	
Schoenoplectiella_articulata	0	0	0	0	0	0	0	0	0	0	0	0	0	0	1	0	0	0	0	0	0	0	0	0	0	0	0	0	0	0	0	0	0	0	0	0	0	0	0	0	0	0	0	0	0	0	0	0	0	0	0	0	0	0	0	0	0	0	0	0	0	0	0	0	0	0	0	0	0	0	
Schoenoplectiella_senegalensis	0	0	0	0	0	0	0	0	0	0	0	0	0	1	0	0	0	0	0	0	0	0	0	0	0	0	0	0	0	0	0	0	0	0	0	0	0	0	0	0	0	0	0	0	0	0	0	0	0	0	0	0	0	0	0	0	0	0	0	0	0	0	0	0	0	0	0	0	0	0	
N42	2.7709e-013	9.71889e-011	9.53043e-009	1.73327e-007	4.43188e-006	2.15249e-005	5.04242e-005	0.000152045	0.00166224	0.00500662	0.0043884	0.00884179	0.00660451	0.00571234	0.015851	0.00463411	0.00497847	0.0893909	0.369626	0.25333	0.105562	0.0994624	0.0224409	0.00222961	4.92223e-005	6.64273e-007	3.11523e-009	9.30228e-012	1.27575e-014	4.33996e-017	1.13972e-019	1.41715e-021	2.235e-023	2.9338e-025	1.58039e-027	1.00342e-029	1.47667e-032	2.2743e-035	1.60077e-038	1.01531e-041	2.77898e-045	1.1511e-048	1.5953e-052	3.60965e-056	4.13858e-060	4.93637e-064	3.37327e-068	4.52875e-072	1.83299e-076	1.28965e-080	5.26124e-085	3.00741e-089	7.83334e-094	4.43613e-098	8.41715e-103	3.43909e-107	6.20058e-112	1.60959e-116	2.33711e-121	7.90521e-126	7.47846e-131	1.47086e-135	1.79295e-140	3.01956e-145	2.20997e-150	6.11528e-104	4.00416e-105	4.35743e-106	2.53298e-107	2.06149e-108	
N43	1.73563e-014	5.87859e-012	7.52293e-010	2.60851e-008	6.90317e-007	5.05506e-006	1.44287e-005	6.3946e-005	0.00119688	0.00220825	0.00430641	0.00638978	0.00405709	0.00275449	0.0084085	0.00373102	0.00359473	0.0727218	0.382537	0.23932	0.079228	0.12516	0.0529012	0.0106717	0.000667548	5.88157e-005	2.67503e-006	3.51557e-008	2.2999e-010	2.124e-011	2.35151e-012	8.76926e-013	1.30482e-013	2.50126e-014	1.19925e-015	1.41701e-015	1.05685e-017	1.83557e-018	1.6762e-021	7.00739e-023	2.45385e-026	3.31614e-028	6.89043e-032	4.43814e-034	1.49744e-037	1.80847e-040	3.1958e-044	8.2628e-047	1.23779e-050	1.54631e-053	9.29996e-057	1.02595e-059	1.475e-063	1.45347e-065	6.41997e-070	2.09487e-072	1.15386e-075	2.72642e-079	1.90752e-083	1.00023e-085	2.01978e-090	1.29405e-093	4.84955e-097	8.84243e-101	2.33714e-105	4.05581e-108	8.34964e-113	9.14959e-116	1.6543e-119	8.91207e-122	
Schoenoplectiella_juncoides	0	0	0	0	0	0	0	0	0	0	0	0	0	0	0	0	0	0	0	0	0	0	0	0	0	0	0	0	0	0	0	0	0	0	0	0	1	0	0	0	0	0	0	0	0	0	0	0	0	0	0	0	0	0	0	0	0	0	0	0	0	0	0	0	0	0	0	0	0	0	
Schoenoplectiella_hotarui	0	0	0	0	0	0	0	0	0	0	0	0	0	0	0	0	0	0	0	0	0	1	0	0	0	0	0	0	0	0	0	0	0	0	0	0	0	0	0	0	0	0	0	0	0	0	0	0	0	0	0	0	0	0	0	0	0	0	0	0	0	0	0	0	0	0	0	0	0	0	
N44	4.2496e-016	3.85939e-013	8.70841e-011	4.68831e-009	1.88359e-007	1.61554e-006	7.24257e-006	3.21046e-005	0.000578122	0.00184415	0.00176631	0.00318403	0.0033887	0.00565885	0.0167896	0.00283002	0.0019527	0.0710135	0.373492	0.295655	0.127423	0.0813967	0.0120572	0.000879666	4.87142e-005	1.02406e-006	1.53227e-008	3.56277e-010	2.77055e-011	1.96657e-011	1.22174e-012	1.34426e-013	1.18435e-014	1.91701e-016	1.82514e-018	1.7205e-020	7.92774e-024	2.03335e-026	3.49526e-030	7.02876e-033	5.22776e-037	1.33475e-039	1.00253e-043	2.93173e-046	1.14703e-050	1.68652e-053	3.86335e-058	3.50509e-061	4.9902e-066	1.31895e-069	2.01824e-074	2.3589e-078	4.83249e-083	1.12019e-086	9.90318e-092	1.195e-095	8.61775e-100	2.51117e-104	3.46485e-109	1.50494e-112	5.65225e-118	6.81223e-122	3.66706e-126	1.41184e-130	1.31508e-135	9.95634e-096	4.30384e-097	3.75204e-097	6.14842e-098	2.54257e-098	
Schoenoplectiella_mucronata	0	0	0	0	0	0	0	0	0	0	0	0	0	0	0	0	0	0	0	0	1	0	0	0	0	0	0	0	0	0	0	0	0	0	0	0	0	0	0	0	0	0	0	0	0	0	0	0	0	0	0	0	0	0	0	0	0	0	0	0	0	0	0	0	0	0	0	0	0	0	
N45	5.32206e-017	3.99827e-014	1.04577e-011	8.6171e-010	4.19751e-008	4.42829e-007	2.61781e-006	1.44871e-005	0.000385883	0.0011159	0.000893734	0.00215344	0.0021847	0.0027236	0.0186148	0.00437619	0.00236148	0.0950579	0.402258	0.268427	0.095726	0.0726203	0.0127968	0.00126874	0.000237817	4.9885e-005	3.07814e-005	3.47052e-005	2.42576e-005	0.00114335	0.00298396	0.00458566	0.00695505	0.000799041	0.000160673	1.22558e-005	4.3354e-008	7.0573e-009	6.87785e-012	5.117e-013	2.016e-016	7.17628e-018	1.4376e-021	2.5842e-023	2.91621e-027	1.56945e-029	1.14888e-033	2.74173e-036	3.27225e-040	2.49942e-043	4.3948e-047	1.44213e-050	4.36052e-054	3.25881e-057	1.28272e-061	5.14761e-064	2.42175e-067	4.70705e-071	3.64636e-075	2.35843e-077	3.83649e-082	5.52881e-085	2.0009e-088	2.32331e-092	7.13467e-097	2.35015e-099	2.06476e-104	7.24638e-108	1.7732e-111	2.31386e-114	
Schoenoplectiella_lineolata	0	0	0	0	0	0	0	0	0	0	0	0	0	0	0	0	0	0	0	0	0	0	0	0	0	0	0	0	0	1	0	0	0	0	0	0	0	0	0	0	0	0	0	0	0	0	0	0	0	0	0	0	0	0	0	0	0	0	0	0	0	0	0	0	0	0	0	0	0	0	
Schoenoplectiella_wallichii	0	0	0	0	0	0	0	0	0	0	0	0	0	0	0	0	0	0	0	0	0	0	0	0	0	0	0	0	0	0	0	0	0	0	0	1	0	0	0	0	0	0	0	0	0	0	0	0	0	0	0	0	0	0	0	0	0	0	0	0	0	0	0	0	0	0	0	0	0	0	
N46	0.186032	0.278599	0.241012	0.1597	0.0695998	0.0412017	0.0119154	0.00748715	0.00240542	0.00129008	0.000285431	0.000350005	5.04162e-005	4.41524e-005	1.06365e-005	1.23862e-005	1.47686e-006	2.24516e-006	1.72933e-007	2.16063e-007	1.76103e-008	5.6786e-009	3.24659e-010	3.8239e-010	6.32799e-012	1.29584e-012	7.34651e-014	1.50624e-014	1.50911e-016	3.84197e-017	4.12716e-019	1.57759e-019	1.27499e-021	5.70485e-023	6.39604e-025	2.77084e-025	7.97449e-028	3.02532e-029	4.53865e-031	6.58264e-032	1.59749e-034	9.55436e-036	2.17713e-038	2.67996e-039	1.07836e-041	1.40582e-043	8.73757e-046	1.86653e-046	1.7304e-049	2.0483e-051	6.8845e-054	3.35885e-055	3.39192e-058	2.12667e-059	2.17129e-062	1.58536e-063	1.14196e-066	7.96031e-069	1.63946e-071	1.4032e-072	5.89256e-076	5.01609e-078	2.28688e-080	9.04655e-082	3.02857e-085	3.70822e-087	1.82042e-090	4.40821e-092	9.06913e-095	9.23264e-096	
N47	0.0237601	0.0566298	0.0955982	0.129221	0.129397	0.136209	0.0992668	0.0913502	0.0706448	0.0530668	0.0305086	0.0276495	0.0133501	0.00998367	0.00636479	0.00661895	0.0050709	0.00703025	0.00367371	0.00292338	0.00110858	0.000443132	9.24679e-005	3.40722e-005	3.54539e-006	6.16268e-007	6.18232e-008	7.22685e-009	3.80471e-010	4.15955e-011	1.56372e-012	1.25012e-013	4.25064e-015	1.98136e-016	5.30609e-018	3.65014e-019	5.90226e-021	1.98478e-022	4.00623e-024	1.3073e-025	1.68391e-027	5.20193e-029	5.14358e-031	1.33359e-032	1.54867e-034	2.4541e-036	2.32423e-038	6.49916e-040	3.8522e-042	5.1812e-044	3.95861e-046	5.4237e-048	2.97072e-050	5.02358e-052	2.22969e-054	2.83369e-056	1.34774e-058	1.06162e-060	4.74385e-063	6.6808e-065	1.90913e-067	1.43938e-069	6.83287e-072	5.3482e-074	1.4129e-076	1.16143e-078	3.13016e-081	3.05281e-083	3.31879e-085	9.53634e-087	
Schoenoplectus_litoralis	0	0	0	0	0	0	0	0	0	0	0	0	0	0	0	0	0	0	0	1	0	0	0	0	0	0	0	0	0	0	0	0	0	0	0	0	0	0	0	0	0	0	0	0	0	0	0	0	0	0	0	0	0	0	0	0	0	0	0	0	0	0	0	0	0	0	0	0	0	0	
N48	4.39089e-014	3.12283e-011	5.64877e-009	1.09244e-007	2.0759e-006	1.58147e-005	0.000108345	9.67627e-005	0.000499452	0.00285215	0.000646071	0.00841907	0.0175781	0.0536333	0.00735105	0.000981479	0.00173272	0.00917814	0.259232	0.590811	0.0438416	0.00124371	0.00113206	0.000617832	2.70333e-005	7.56537e-007	5.17914e-008	2.9084e-008	2.1068e-009	7.6936e-011	6.59215e-013	8.30574e-016	3.08525e-019	7.14587e-023	8.62718e-027	1.14624e-030	6.363e-035	5.84598e-039	4.36752e-041	8.67984e-043	1.08571e-044	2.02893e-046	2.14502e-048	3.42634e-050	4.00026e-052	5.18469e-054	5.06269e-056	8.05669e-058	6.53426e-060	7.97523e-062	7.37049e-064	8.24466e-066	6.35841e-068	8.26742e-070	5.52316e-072	5.94195e-074	4.41592e-076	3.96604e-078	2.62076e-080	2.96506e-082	1.61022e-084	1.41646e-086	9.60562e-089	7.79266e-091	4.2226e-093	4.15925e-095	2.87953e-097	4.43919e-099	8.67051e-101	2.0633e-102	
Bolboschoenus_maritimus	0	0	0	0	0	0	0	0	0	0	0	0	0	0	0	0	0	0	0	1	0	0	0	0	0	0	0	0	0	0	0	0	0	0	0	0	0	0	0	0	0	0	0	0	0	0	0	0	0	0	0	0	0	0	0	0	0	0	0	0	0	0	0	0	0	0	0	0	0	0	
N49	7.44486e-015	5.75142e-012	1.159e-009	3.41641e-008	9.32126e-007	9.44279e-006	5.41669e-005	7.51338e-005	0.000287386	0.00138102	0.000530009	0.00839591	0.0145119	0.0529343	0.00826136	0.00100407	0.00166823	0.00734795	0.214031	0.461217	0.0377807	0.00107236	0.00123531	0.00106261	0.000117544	0.000328353	0.000529489	0.0161013	0.0344394	0.128343	0.00707092	0.000208937	6.16093e-007	1.54341e-009	5.67748e-013	5.52732e-014	2.48465e-018	1.49838e-018	1.272e-020	4.95945e-019	1.85554e-021	1.26735e-020	2.9338e-023	6.75875e-023	4.3469e-025	5.24601e-026	8.3793e-029	1.64954e-030	2.74795e-034	7.61692e-037	5.00021e-040	1.87336e-042	3.48739e-047	1.85889e-048	1.18876e-053	3.31063e-055	1.96415e-058	3.17982e-062	4.20376e-067	1.71743e-068	2.98986e-074	5.77747e-077	1.95708e-080	1.70147e-084	3.80102e-090	2.26267e-092	4.69798e-098	1.04698e-100	4.92965e-105	9.02193e-107	
Bolboschoenus_fluviatilis	0	0	0	0	0	0	0	0	0	0	0	0	0	0	0	0	0	0	0	0	0	0	0	0	0	0	0	0	0	0	0	0	0	0	0	0	0	0	0	0	0	0	0	0	0	0	1	0	0	0	0	0	0	0	0	0	0	0	0	0	0	0	0	0	0	0	0	0	0	0	
Bolboschoenus_planiculmis	0	0	0	0	0	0	0	0	0	0	0	0	0	0	0	0	0	0	0	0	0	0	0	0	0	0	0	1	0	0	0	0	0	0	0	0	0	0	0	0	0	0	0	0	0	0	0	0	0	0	0	0	0	0	0	0	0	0	0	0	0	0	0	0	0	0	0	0	0	0	
N50	6.65833e-007	1.49304e-005	0.000158004	0.000816423	0.00286794	0.00910179	0.0169213	0.0250512	0.0351814	0.0454376	0.0635446	0.139288	0.21701	0.176417	0.119901	0.0966676	0.038738	0.0112064	0.00139797	0.000186766	5.67259e-005	2.64601e-005	6.82176e-006	1.56147e-006	1.34177e-007	9.20521e-009	2.81516e-010	5.67148e-012	5.78454e-014	6.29023e-016	3.15607e-018	1.81208e-020	6.31941e-023	2.09703e-025	4.61218e-028	1.39219e-030	1.93376e-033	3.51992e-036	4.51954e-039	6.26483e-042	5.51311e-045	6.96252e-048	4.53965e-051	4.33048e-054	2.79391e-057	1.91762e-060	9.34745e-064	7.25956e-067	2.6457e-070	1.41236e-073	5.41338e-077	2.44838e-080	7.20231e-084	3.50747e-087	8.29287e-091	3.10639e-094	7.61173e-098	2.20626e-101	4.52797e-105	1.57072e-108	2.47582e-112	6.23289e-116	1.1713e-119	2.58886e-123	3.66472e-127	9.33464e-131	1.63534e-134	6.20388e-138	2.87414e-141	1.67119e-144	
Fuirena_umbellata	0	0	0	0	0	0	0	0	0	0	0	0	0	0	0	0	0	0	0	0	0	0	0	0	0	1	0	0	0	0	0	0	0	0	0	0	0	0	0	0	0	0	0	0	0	0	0	0	0	0	0	0	0	0	0	0	0	0	0	0	0	0	0	0	0	0	0	0	0	0	
N51	8.18331e-009	3.93364e-007	8.8996e-006	8.38849e-005	0.000599429	0.00206863	0.0060883	0.00941293	0.0192907	0.0527468	0.0529994	0.0842578	0.17759	0.259552	0.191665	0.098833	0.0301508	0.0114012	0.00272331	0.000460263	5.85947e-005	7.10264e-006	4.50799e-007	1.74107e-008	2.39606e-010	2.05396e-012	8.35807e-015	2.08606e-017	2.80805e-020	4.45882e-023	3.437e-026	1.2286e-028	1.33667e-031	3.7417e-034	2.93518e-037	9.14678e-040	5.25543e-043	5.18938e-046	5.36207e-049	2.17169e-052	9.76906e-056	6.20728e-059	1.09917e-062	9.55084e-066	2.20523e-069	2.67168e-072	4.59025e-076	7.94012e-079	8.7916e-083	9.56172e-086	9.79003e-090	8.33253e-093	5.94213e-097	3.76072e-100	2.18212e-104	9.42454e-108	6.07127e-112	1.57284e-115	1.10091e-119	2.98433e-123	1.35483e-127	2.5904e-131	3.77161e-135	7.08162e-139	2.67213e-143	1.10417e-146	4.50091e-151	2.57891e-154	6.54348e-158	7.70802e-161	
Fuirena_simplex	0	0	0	0	0	0	0	0	0	0	0	0	0	0	1	0	0	0	0	0	0	0	0	0	0	0	0	0	0	0	0	0	0	0	0	0	0	0	0	0	0	0	0	0	0	0	0	0	0	0	0	0	0	0	0	0	0	0	0	0	0	0	0	0	0	0	0	0	0	0	
N52	5.50088e-013	1.33335e-010	1.34544e-008	3.17763e-007	6.85962e-006	6.9949e-005	0.00017196	0.000815791	0.00296325	0.0135204	0.0384442	0.105574	0.0561626	0.069245	0.11389	0.128221	0.0401917	0.00934054	0.0374171	0.105666	0.177052	0.0853495	0.0153664	0.000530131	2.5133e-006	2.60324e-008	5.38574e-011	3.14868e-013	2.67807e-016	1.05133e-018	5.09451e-022	1.06279e-024	3.49e-028	3.59843e-031	7.81252e-035	7.98128e-038	1.08746e-041	6.4893e-045	2.3118e-048	8.13122e-052	1.2695e-055	1.32936e-058	9.91235e-063	4.44809e-066	9.45554e-070	1.59e-073	1.31138e-077	8.38042e-081	3.19108e-085	6.15598e-089	6.71382e-093	1.76032e-096	5.24644e-101	1.27713e-104	4.896e-109	2.40774e-112	5.5145e-117	6.66764e-121	2.69082e-125	1.17783e-128	1.76594e-133	1.81634e-137	7.9757e-142	1.6821e-145	2.11648e-150	2.03458e-154	3.97383e-159	7.8377e-163	2.6471e-167	1.02579e-170	
Fuirena_ciliaris	0	0	0	0	0	0	0	0	0	0	0	0	0	0	0	0	0	0	1	0	0	0	0	0	0	0	0	0	0	0	0	0	0	0	0	0	0	0	0	0	0	0	0	0	0	0	0	0	0	0	0	0	0	0	0	0	0	0	0	0	0	0	0	0	0	0	0	0	0	0	
N53	6.46672e-022	2.05695e-018	2.10983e-015	1.29021e-013	1.81233e-011	5.27581e-010	4.03421e-009	2.13722e-008	2.25934e-008	3.23699e-006	0.000116856	0.00010957	1.94503e-006	9.48272e-005	0.00497598	0.000252662	1.60107e-006	4.57043e-009	1.63012e-007	3.45591e-005	0.00305801	0.0973818	0.864445	0.0294237	9.98174e-005	3.40153e-007	4.24118e-010	2.15734e-013	6.68899e-017	2.29725e-020	2.02664e-024	7.04298e-028	5.47628e-032	2.53037e-035	1.13541e-039	4.29506e-043	1.11185e-047	2.20077e-051	4.18084e-056	4.08307e-060	3.03309e-064	2.87307e-066	5.0005e-069	3.98811e-071	1.55782e-073	5.86164e-076	3.8396e-078	4.00449e-079	5.6538e-082	7.1668e-084	4.45384e-086	3.04064e-088	5.02026e-091	1.09724e-092	1.02753e-095	8.82661e-098	3.30518e-100	9.46933e-103	1.14922e-105	1.46901e-107	9.2424e-111	3.83007e-113	1.08844e-115	6.16865e-118	3.68167e-121	2.45545e-123	3.30556e-126	6.81641e-128	1.26647e-130	3.44116e-132	
Fuirena_breviseta	0	0	0	0	0	0	0	0	0	0	0	0	0	0	0	0	0	0	0	0	0	0	1	0	0	0	0	0	0	0	0	0	0	0	0	0	0	0	0	0	0	0	0	0	0	0	0	0	0	0	0	0	0	0	0	0	0	0	0	0	0	0	0	0	0	0	0	0	0	0	
N54	2.25362e-035	3.55985e-030	1.4664e-025	2.88815e-023	9.27345e-020	1.10978e-017	1.38525e-016	9.95255e-016	9.75956e-016	1.27251e-011	2.84883e-009	1.5927e-009	4.09537e-013	1.53262e-009	8.25318e-006	7.85685e-009	3.32769e-013	5.616e-018	5.2598e-016	2.2272e-011	3.64799e-007	0.00160181	0.997991	0.000398719	1.66242e-008	2.26347e-013	1.50534e-018	1.15165e-022	1.10202e-027	2.35734e-031	1.70417e-036	2.85727e-041	6.06527e-046	3.21303e-051	1.44991e-056	4.06191e-062	1.68837e-068	2.2678e-074	1.20753e-080	8.21959e-086	2.88595e-092	3.07238e-097	3.8097e-104	1.53627e-109	5.59146e-117	4.50243e-123	1.26343e-131	9.61037e-034	1.03522e-034	1.45463e-034	4.23121e-035	3.11666e-035	1.76494e-035	2.33525e-035	2.59408e-036	4.3945e-036	1.71719e-036	1.18824e-036	8.94718e-037	1.78178e-035	1.64703e-036	8.36332e-036	1.33918e-035	1.44987e-035	4.45367e-036	7.20351e-035	7.71055e-036	3.62981e-035	6.60654e-035	2.57394e-034	
Fuirena_pumila	0	0	0	0	0	0	0	0	0	0	0	0	0	0	0	0	0	0	0	0	0	0	1	0	0	0	0	0	0	0	0	0	0	0	0	0	0	0	0	0	0	0	0	0	0	0	0	0	0	0	0	0	0	0	0	0	0	0	0	0	0	0	0	0	0	0	0	0	0	0	
Fuirena_scirpoidea	0	0	0	0	0	0	0	0	0	0	0	0	0	0	0	0	0	0	0	0	0	0	1	0	0	0	0	0	0	0	0	0	0	0	0	0	0	0	0	0	0	0	0	0	0	0	0	0	0	0	0	0	0	0	0	0	0	0	0	0	0	0	0	0	0	0	0	0	0	0	
N55	0.04421	0.11889	0.194882	0.224374	0.170426	0.131975	0.0623474	0.0342802	0.0129352	0.00442154	0.000937906	0.000280145	3.3437e-005	5.62611e-006	5.90996e-007	8.02171e-008	6.04746e-009	8.55449e-010	4.10223e-011	3.36896e-012	1.28487e-013	5.9872e-015	1.55871e-016	8.58196e-018	1.20768e-019	3.07e-021	4.32467e-023	7.2094e-025	4.86729e-027	7.23688e-029	3.33987e-031	3.56394e-033	1.45808e-035	8.8757e-038	3.14831e-040	3.31032e-042	7.49926e-045	3.82698e-047	1.14886e-049	5.8369e-052	1.04118e-054	4.65025e-057	6.01629e-060	2.15981e-062	3.14849e-065	6.29413e-068	7.21754e-071	2.58822e-073	1.69278e-076	2.63232e-079	2.29024e-082	3.95579e-085	2.77395e-088	7.21382e-091	5.01626e-094	1.14586e-096	9.28561e-100	1.29489e-102	9.90791e-106	2.50826e-108	1.12918e-111	1.3832e-114	1.02437e-117	1.28078e-120	4.75309e-124	5.71162e-127	2.07799e-130	2.8285e-133	3.98746e-136	1.26846e-138	
N56	0.0127035	0.0437268	0.0999894	0.160711	0.171117	0.177478	0.116751	0.0964892	0.0602125	0.0365671	0.0123545	0.00885969	0.00187369	0.00088452	0.000182088	7.83621e-005	1.3154e-005	7.83144e-006	8.2784e-007	2.877e-007	2.53445e-008	3.37456e-009	1.66617e-010	3.57651e-011	7.11592e-013	4.97771e-014	1.76454e-015	1.19472e-016	1.62092e-018	1.17707e-019	1.40779e-021	1.01434e-022	1.0115e-024	2.34586e-026	2.20138e-028	1.53879e-029	5.87253e-032	9.3345e-034	6.69603e-036	1.80176e-037	5.54466e-040	1.01167e-041	2.32814e-044	4.18257e-046	1.35331e-048	8.46684e-051	2.69088e-053	7.30641e-055	8.39687e-058	4.43198e-060	9.72875e-063	9.08508e-065	1.25545e-067	1.95045e-069	2.49694e-072	3.26203e-074	3.98121e-077	1.65799e-079	2.77039e-082	4.74964e-084	3.4011e-087	1.53153e-089	3.83648e-092	2.99906e-094	1.83839e-097	9.34272e-100	6.1383e-103	3.99705e-105	1.13355e-107	2.54196e-109	
N57	2.60196e-006	2.94564e-005	0.00020203	0.000813006	0.00273495	0.00594239	0.0106013	0.0110302	0.0279443	0.045382	0.0279817	0.0348747	0.0621444	0.0735245	0.0181526	0.00595634	0.011065	0.0529952	0.10896	0.232265	0.194087	0.0610587	0.00788352	0.00262054	0.0010222	0.000550588	0.000147956	2.63883e-005	1.56513e-006	9.49364e-008	2.04305e-009	5.775e-011	1.06861e-012	1.22132e-013	2.96027e-014	1.33385e-014	2.0018e-015	4.36439e-016	5.43642e-017	7.2716e-018	4.11781e-019	3.10958e-020	6.85203e-022	2.09706e-023	2.89009e-025	3.92615e-027	2.96578e-029	4.14566e-031	1.76926e-033	1.24185e-035	5.18474e-038	2.85154e-040	7.81924e-043	4.46674e-045	8.90317e-048	3.51232e-050	6.91465e-053	1.80863e-055	2.8897e-058	1.01482e-060	1.09333e-063	2.33534e-066	3.30256e-069	6.24622e-072	5.62695e-075	1.15215e-077	1.0532e-080	2.66744e-083	8.34989e-086	4.49629e-088	
Scirpoides_holoschoenus	0	0	0	0	0	0	0	0	0	0	0	0	0	0	0	0	0	0	0	0	1	0	0	0	0	0	0	0	0	0	0	0	0	0	0	0	0	0	0	0	0	0	0	0	0	0	0	0	0	0	0	0	0	0	0	0	0	0	0	0	0	0	0	0	0	0	0	0	0	0	
Scirpoides_holoschoenus_subsp_thunbergii	0	0	0	0	0	0	0	0	0	0	0	0	0	0	0	0	0	0	0	0	0	0	0	0	0	0	0	0	0	0	0	0	0	0	0	0	0	0	0	0	0	1	0	0	0	0	0	0	0	0	0	0	0	0	0	0	0	0	0	0	0	0	0	0	0	0	0	0	0	0	
N58	1.94781e-006	6.34368e-005	0.000820308	0.00600592	0.0175531	0.0465914	0.095127	0.209291	0.27604	0.202831	0.0851352	0.0403757	0.0137582	0.00523022	0.00103072	0.000132897	1.02901e-005	1.18252e-006	8.61011e-008	9.03793e-009	4.76769e-010	1.90664e-011	3.40569e-013	6.76787e-015	3.97984e-017	2.70302e-019	9.4214e-022	2.94022e-024	4.24779e-027	9.27275e-030	7.35887e-033	9.14484e-036	5.47518e-039	3.68805e-042	1.42057e-045	1.06933e-048	2.35983e-052	8.99128e-056	2.04135e-059	6.31215e-063	8.91955e-067	2.46374e-070	2.4679e-074	5.18578e-078	5.44797e-082	7.03598e-086	5.44972e-090	1.01739e-093	5.15736e-098	5.19201e-102	3.1068e-106	2.87253e-110	1.2106e-114	1.30131e-118	4.26499e-123	3.32952e-127	1.15558e-131	5.90993e-136	1.77906e-140	1.40858e-144	2.8079e-149	1.27311e-153	3.72039e-158	1.59058e-162	2.8226e-167	1.37564e-171	2.66174e-176	1.92323e-180	2.10813e-184	5.19046e-188	
N59	2.09511e-006	3.8571e-005	0.000466415	0.0030046	0.0109067	0.0310055	0.0695891	0.137386	0.197149	0.203932	0.118916	0.0779445	0.034678	0.0293547	0.0154751	0.0126136	0.00375189	0.00970731	0.00335787	0.0165301	0.0074364	0.0125399	0.00197783	0.00211464	9.24312e-005	2.90938e-005	1.96637e-006	1.69105e-007	2.04416e-009	3.25766e-010	2.14161e-012	2.24814e-013	1.70136e-015	2.94966e-017	1.76362e-019	2.14541e-020	3.19511e-023	4.56513e-025	2.43838e-027	9.9359e-029	1.10252e-031	1.40426e-033	1.6973e-036	6.75595e-038	8.78517e-041	3.37788e-043	4.91022e-046	1.98568e-047	9.01263e-051	3.7057e-053	5.3606e-056	7.38104e-058	3.36958e-061	5.32501e-063	1.8321e-066	2.07542e-068	8.1518e-072	1.83561e-074	1.6461e-077	3.34265e-079	6.04781e-083	1.28976e-085	1.53442e-088	1.19665e-090	1.98356e-094	1.17299e-096	2.19044e-100	1.05886e-102	9.80096e-106	2.11784e-107	
Cyperus_fuscus	0	0	0	0	0	0	0	0	0	0	0	0	0	0	0	0	0	0	0	0	0	0	0	1	0	0	0	0	0	0	0	0	0	0	0	0	0	0	0	0	0	0	0	0	0	0	0	0	0	0	0	0	0	0	0	0	0	0	0	0	0	0	0	0	0	0	0	0	0	0	
Cyperus_eragrostis	0	0	0	0	0	0	0	0	0	0	0	0	0	0	0	0	0	0	0	0	1	0	0	0	0	0	0	0	0	0	0	0	0	0	0	0	0	0	0	0	0	0	0	0	0	0	0	0	0	0	0	0	0	0	0	0	0	0	0	0	0	0	0	0	0	0	0	0	0	0	
N60	1.4874e-007	8.42245e-006	0.000188483	0.00215863	0.00816428	0.0288539	0.0733162	0.218953	0.319477	0.203673	0.0823921	0.0410241	0.0153308	0.00532072	0.00102506	0.000108228	5.19065e-006	3.002e-007	9.07003e-009	5.43764e-010	2.08921e-011	5.667e-013	6.25702e-015	7.57513e-017	2.75399e-019	2.4562e-021	7.02977e-024	6.95716e-026	9.08736e-029	1.17781e-030	1.78457e-033	1.3161e-035	4.83465e-038	1.19151e-040	1.60376e-043	8.83196e-046	2.91379e-049	1.58416e-051	6.26093e-055	3.71717e-057	6.44945e-061	3.28095e-063	4.02376e-067	1.56769e-069	2.14469e-073	6.92199e-076	1.66843e-078	1.29184e-078	2.58297e-080	4.54396e-081	9.03889e-083	8.6354e-084	4.13593e-086	3.18743e-087	6.21932e-090	3.98077e-091	9.44995e-094	3.4007e-096	4.302e-099	1.39515e-100	2.82657e-104	1.26189e-106	2.39933e-109	3.35301e-112	6.27869e-116	5.99861e-118	8.52708e-122	3.48279e-124	3.76954e-127	3.4196e-129	
N61	1.33541e-015	1.1018e-012	8.43016e-011	3.11411e-008	4.65747e-008	7.88515e-008	1.75972e-005	0.00141801	1.84941e-005	9.64839e-005	0.000430935	2.09332e-006	4.57599e-006	0.00094811	0.0760849	0.906084	0.0148433	5.0998e-005	3.6985e-008	1.72401e-011	3.29435e-015	4.63181e-019	3.34075e-023	1.38061e-025	2.77657e-027	8.54214e-029	1.86869e-030	4.39835e-032	6.79079e-034	1.86047e-035	2.27285e-037	4.79023e-039	6.34509e-041	1.01723e-042	1.08665e-044	2.41846e-046	1.89939e-048	2.80364e-050	2.69028e-052	3.91909e-054	2.81011e-056	4.13649e-058	2.51548e-060	3.5102e-062	2.5319e-064	2.41937e-066	1.43219e-068	2.13219e-070	9.77783e-073	9.31985e-075	5.61671e-077	5.36564e-079	2.53321e-081	3.12939e-083	1.22575e-085	1.14882e-087	5.41391e-090	3.79161e-092	1.67484e-094	2.01019e-096	6.22197e-099	4.43189e-101	2.10932e-103	1.50586e-105	4.79536e-108	4.32651e-110	1.41111e-112	1.48353e-114	1.91816e-116	4.55813e-118	
Cyperus_alternifolius	0	0	0	0	0	0	0	0	0	0	0	0	0	0	0	1	0	0	0	0	0	0	0	0	0	0	0	0	0	0	0	0	0	0	0	0	0	0	0	0	0	0	0	0	0	0	0	0	0	0	0	0	0	0	0	0	0	0	0	0	0	0	0	0	0	0	0	0	0	0	
N62	1.0039e-015	7.51073e-013	7.14934e-011	2.27137e-008	3.53588e-008	6.88783e-008	1.63355e-005	0.00127349	1.70598e-005	8.15738e-005	0.000365614	1.90318e-006	3.79999e-006	0.000864308	0.074486	0.908344	0.0145014	4.45477e-005	2.78944e-008	1.47376e-011	2.30585e-014	1.40458e-016	1.54739e-019	8.28307e-022	9.13008e-026	8.05497e-029	1.46127e-032	2.26452e-035	2.29643e-040	1.69315e-041	3.83639e-047	3.83168e-048	3.44174e-054	5.52317e-056	3.92512e-062	3.73369e-064	2.45603e-070	7.32736e-073	3.74002e-078	1.34175e-081	8.0256e-087	1.07422e-089	3.31843e-096	1.52566e-097	1.87385e-101	7.78557e-106	6.13767e-115	3.90483e-113	2.83552e-124	9.54737e-123	1.14958e-126	3.80416e-131	5.63742e-143	5.74671e-140	2.02613e-152	1.8428e-148	1.89532e-154	3.87079e-159	6.23897e-170	1.93951e-165	8.10826e-179	2.27021e-179	1.45315e-183	4.93241e-183	7.77235e-197	3.42016e-198	5.80629e-206	6.23631e-202	8.78861e-214	6.45588e-212	
Cyperus_difformis	0	0	0	0	0	0	0	0	0	0	0	0	0	0	0	1	0	0	0	0	0	0	0	0	0	0	0	0	0	0	0	0	0	0	0	0	0	0	0	0	0	0	0	0	0	0	0	0	0	0	0	0	0	0	0	0	0	0	0	0	0	0	0	0	0	0	0	0	0	0	
Cyperus_involucratus	0	0	0	0	0	0	0	0	0	0	0	0	0	0	0	1	0	0	0	0	0	0	0	0	0	0	0	0	0	0	0	0	0	0	0	0	0	0	0	0	0	0	0	0	0	0	0	0	0	0	0	0	0	0	0	0	0	0	0	0	0	0	0	0	0	0	0	0	0	0	
N63	8.18187e-009	8.12863e-007	3.2842e-005	0.000552542	0.00302438	0.018023	0.0483993	0.209225	0.372344	0.199642	0.0815205	0.046599	0.0155286	0.00426561	0.00076982	7.00415e-005	2.51346e-006	1.32205e-007	5.74155e-009	1.03845e-009	9.69352e-011	1.0009e-011	3.94392e-013	8.21444e-014	1.19793e-015	1.14346e-016	8.86538e-019	6.28371e-020	6.79679e-022	2.99763e-022	2.95009e-024	5.92306e-025	2.71993e-027	1.1945e-028	1.91047e-031	8.11006e-033	6.97675e-036	1.43646e-037	3.60831e-040	1.3208e-041	1.52042e-043	6.39167e-044	4.71521e-046	1.25263e-046	3.3169e-048	1.30746e-049	6.48825e-050	4.12534e-048	1.43132e-048	6.93944e-048	1.2734e-047	4.17094e-047	3.08557e-048	8.40349e-048	4.4265e-049	1.27547e-048	2.44507e-050	2.57452e-051	6.42756e-053	5.60563e-053	1.48775e-055	6.85832e-057	1.22052e-058	3.95382e-059	2.19188e-061	3.31089e-062	2.06341e-064	3.36999e-065	5.09634e-068	5.50103e-069	
Kyllingiella_microcephala	0	0	0	0	0	0	0	0	0	0	0	0	0	0	0	0	0	0	0	0	0	0	0	0	0	0	0	0	0	0	0	0	0	0	0	0	0	0	0	0	0	0	0	0	0	0	0	0	0	1	0	0	0	0	0	0	0	0	0	0	0	0	0	0	0	0	0	0	0	0	
N64	6.4438e-010	1.01974e-007	6.57435e-006	0.000147359	0.00121427	0.0114822	0.0340993	0.163542	0.48962	0.170088	0.0622582	0.0469731	0.0171029	0.00321271	0.000234137	1.74825e-005	1.31836e-006	1.65881e-007	7.93944e-009	4.65956e-010	1.87954e-011	2.19055e-012	1.76704e-013	2.54549e-014	4.20478e-016	1.91854e-017	2.78748e-019	1.34104e-020	9.42961e-023	6.17408e-024	2.6916e-026	1.91581e-027	3.63032e-029	2.45448e-030	2.43305e-032	1.22242e-033	3.82586e-036	4.15976e-038	2.50397e-040	1.30229e-042	2.27535e-045	8.35391e-047	1.48424e-049	1.76414e-049	1.01399e-049	2.2167e-049	2.15097e-049	5.21252e-048	4.01644e-048	1.4733e-047	2.68325e-047	9.72619e-047	3.27203e-047	8.86356e-047	1.66721e-047	8.64364e-047	9.06463e-048	9.55507e-048	1.74405e-048	6.78718e-048	1.85498e-049	1.43698e-049	1.31583e-050	5.04775e-050	5.2371e-051	1.13289e-050	4.6055e-052	3.16525e-052	4.23503e-054	1.52229e-054	
Cyperus_cuspidatus	0	0	0	0	0	0	0	0	0	0	0	0	0	0	0	0	0	0	0	0	0	0	0	0	0	0	0	0	0	0	0	0	0	0	0	0	0	0	0	0	0	0	0	0	0	0	0	0	0	0	0	0	0	0	0	1	0	0	0	0	0	0	0	0	0	0	0	0	0	0	
N65	4.00439e-011	1.16539e-008	1.3004e-006	3.96897e-005	0.000566528	0.00830438	0.021638	0.126109	0.589222	0.154608	0.0396587	0.0430716	0.0154983	0.00124929	2.97845e-005	2.3616e-006	6.67048e-007	1.40861e-007	7.60556e-009	2.77136e-010	5.92218e-012	8.16284e-014	1.68952e-015	1.78123e-016	8.13712e-018	7.39296e-019	2.23675e-020	5.57382e-022	2.27964e-024	1.80577e-026	2.3442e-029	1.88497e-031	1.64584e-033	1.81555e-034	4.34464e-036	3.52668e-037	6.06892e-039	3.15276e-040	1.45364e-041	2.79514e-043	3.19072e-045	8.44218e-047	1.483e-049	1.34537e-051	4.43215e-054	1.63885e-056	1.24652e-059	1.7516e-061	4.83537e-065	1.82024e-067	1.2786e-070	2.70693e-073	6.99434e-077	8.97067e-080	1.47501e-083	1.67338e-086	1.68439e-090	4.90829e-094	4.4552e-098	4.0934e-101	1.42408e-105	4.42927e-109	4.39464e-113	3.09958e-116	7.10315e-121	5.73814e-046	3.27576e-046	2.73444e-045	4.04108e-046	9.98025e-046	
Cyperus_cyperoides	0	0	0	0	0	0	0	0	0	0	0	0	0	0	0	0	0	0	0	0	0	0	0	0	0	0	0	0	0	0	0	0	0	0	0	0	0	0	0	0	1	0	0	0	0	0	0	0	0	0	0	0	0	0	0	0	0	0	0	0	0	0	0	0	0	0	0	0	0	0	
N66	3.10475e-012	1.85368e-009	3.94615e-007	1.7698e-005	0.000337093	0.00848884	0.0154532	0.120455	0.679162	0.0886258	0.0333155	0.0440043	0.00995099	0.000182709	5.21683e-006	1.29322e-006	5.08503e-007	9.06554e-008	2.13463e-009	1.20149e-011	4.67719e-014	5.27534e-016	4.2237e-017	1.72489e-017	1.70159e-018	8.19255e-020	6.53052e-022	1.69087e-024	1.12384e-027	1.36538e-030	1.35121e-033	2.87499e-035	1.25392e-036	8.95337e-037	8.49839e-038	3.02801e-038	7.91384e-040	1.45232e-041	9.46315e-044	1.66977e-046	1.22365e-049	1.09002e-052	1.20532e-056	2.34476e-060	2.20242e-064	4.33909e-068	1.94335e-072	3.36316e-075	6.2115e-080	6.82167e-083	1.30201e-087	1.08411e-090	1.00929e-095	4.97079e-099	4.96986e-104	1.44209e-107	2.76999e-112	2.21001e-116	7.55866e-121	8.61593e-125	1.57115e-129	9.85519e-134	1.06506e-137	1.4526e-142	2.72267e-147	9.98744e-128	4.21611e-129	3.0209e-129	2.85767e-130	1.44884e-130	
N67	3.04522e-009	1.77224e-007	6.66822e-006	0.000134569	0.00155786	0.0133209	0.0827704	0.342831	0.445458	0.088975	0.0210673	0.00367262	0.000202732	2.68971e-006	3.27336e-008	1.36925e-009	5.60135e-011	1.11383e-012	6.53307e-015	1.60182e-017	2.25911e-020	3.35374e-023	3.14114e-025	4.98074e-027	4.24595e-029	1.89112e-031	3.13587e-034	2.5293e-037	1.46688e-040	8.59173e-044	2.98355e-047	4.80069e-050	5.7403e-053	4.50877e-055	1.48918e-057	7.48756e-060	1.35872e-062	1.78713e-065	1.24634e-068	4.36302e-072	1.10261e-075	2.81962e-079	3.90598e-083	1.25956e-086	3.76319e-090	3.90169e-093	1.78986e-096	7.00579e-099	2.01583e-102	5.73389e-105	1.18941e-108	2.25731e-111	3.07427e-115	3.60816e-118	7.9104e-122	3.61837e-125	2.01117e-128	3.80995e-132	9.21239e-136	1.92893e-139	1.42939e-143	2.1978e-147	3.25653e-151	2.77639e-155	2.45694e-159	1.13276e-162	3.36874e-166	1.03232e-168	2.16242e-171	5.11928e-174	
Kyllinga_bulbosa	0	0	0	0	0	0	1	0	0	0	0	0	0	0	0	0	0	0	0	0	0	0	0	0	0	0	0	0	0	0	0	0	0	0	0	0	0	0	0	0	0	0	0	0	0	0	0	0	0	0	0	0	0	0	0	0	0	0	0	0	0	0	0	0	0	0	0	0	0	0	
Kyllinga_brevifolia	0	0	0	0	0	0	0	0	1	0	0	0	0	0	0	0	0	0	0	0	0	0	0	0	0	0	0	0	0	0	0	0	0	0	0	0	0	0	0	0	0	0	0	0	0	0	0	0	0	0	0	0	0	0	0	0	0	0	0	0	0	0	0	0	0	0	0	0	0	0	
N68	2.39611e-013	1.42983e-010	3.29346e-008	2.04685e-006	4.81847e-005	0.00128934	0.00337517	0.0291785	0.217061	0.0366226	0.0173741	0.0428139	0.0193135	0.00671601	0.0024649	0.0140531	0.0166345	0.468716	0.0297581	0.0337537	0.000689948	0.00153596	0.000338594	0.010111	0.00241759	0.0115759	0.00481562	0.000664921	6.98086e-006	1.35907e-005	4.18558e-007	3.02381e-006	1.51183e-006	1.87232e-005	8.14234e-005	0.020043	0.00273813	0.00357758	0.000592143	0.00159166	7.08865e-006	4.69791e-007	1.02906e-009	2.99143e-010	2.76998e-013	1.10747e-015	1.5405e-018	4.34074e-019	2.34914e-022	2.51894e-024	7.8113e-027	6.02219e-028	8.84925e-031	3.38068e-031	2.14268e-034	1.78865e-035	7.29736e-039	2.98388e-041	3.82811e-044	2.97547e-045	2.20243e-049	4.54633e-052	4.47914e-055	8.8487e-057	5.4673e-060	7.72002e-060	2.41186e-062	5.50072e-063	4.06155e-065	2.80867e-065	
Cyperus_capitatus	0	0	0	0	0	0	0	0	0	0	0	0	0	0	0	0	0	0	0	0	0	0	0	0	0	0	0	0	0	0	0	0	0	0	0	0	0	0	0	0	1	0	0	0	0	0	0	0	0	0	0	0	0	0	0	0	0	0	0	0	0	0	0	0	0	0	0	0	0	0	
N69	9.08795e-015	5.51943e-012	1.31523e-009	1.02193e-007	3.06933e-006	7.3224e-005	0.000321726	0.00336852	0.0271665	0.00852374	0.00554049	0.0150519	0.0103196	0.00567146	0.00697169	0.0137562	0.0330675	0.453189	0.0664528	0.0143562	0.00125821	0.00151546	0.00111596	0.0124505	0.00885793	0.0261149	0.00992265	0.00083792	0.000116642	0.000312976	7.43268e-005	0.000442445	0.000437194	0.0013982	0.00491351	0.206208	0.0347464	0.0226501	0.00220909	0.000581527	2.32538e-006	1.91801e-008	2.24903e-011	3.3882e-012	2.22636e-013	1.67939e-014	5.61364e-016	3.88354e-016	3.09626e-018	3.07764e-019	1.17299e-020	2.23833e-020	1.68287e-021	2.70498e-021	3.63316e-023	6.99941e-024	5.92838e-026	1.21447e-027	1.04137e-029	7.81602e-031	6.4612e-034	1.94839e-036	4.61291e-039	1.14115e-041	2.83887e-045	3.58971e-035	7.91372e-036	2.42474e-035	1.83655e-035	9.37435e-035	
Cyperus_esculentus	0	0	0	0	0	0	0	0	0	0	0	0	0	0	0	0	0	0	0	0	0	0	0	0	0	0	0	0	0	0	0	0	0	0	0	0	0	0	0	0	0	0	0	0	0	0	0	0	0	0	0	0	0	1	0	0	0	0	0	0	0	0	0	0	0	0	0	0	0	0	
N70	8.42179e-015	3.08773e-012	5.34506e-010	3.67007e-008	1.29422e-006	2.44777e-005	0.000146371	0.00141099	0.0122613	0.00587635	0.00328878	0.00930188	0.00637237	0.00406766	0.0102036	0.0125778	0.0322488	0.383547	0.0974047	0.0161148	0.00204877	0.00170931	0.00102237	0.00949706	0.0106331	0.0192011	0.00694151	0.0007358	0.000219879	0.000704358	0.000310174	0.00117804	0.000689147	0.00141587	0.00628425	0.18615	0.0908641	0.0499789	0.0125219	0.00293475	0.00010866	3.09739e-006	7.97384e-009	2.77585e-010	7.4685e-013	1.24797e-014	1.98145e-017	1.73505e-018	2.4628e-020	3.74395e-020	1.48107e-020	2.29362e-020	2.7322e-021	2.32728e-021	6.59688e-023	6.76954e-024	1.12939e-025	3.34902e-027	3.0871e-029	2.54617e-030	5.89831e-033	7.97702e-035	6.22498e-037	1.20633e-038	1.04626e-041	6.15748e-043	6.41021e-046	4.60159e-047	1.95679e-049	2.00744e-050	
Cyperus_longus	0	0	0	0	0	0	0	0	0	0	0	0	0	0	0	0	0	0	0	0	0	0	0	0	0	0	0	0	0	0	0	0	0	0	0	0	0	0	0	0	0	0	0	0	0	0	0	0	0	0	0	0	0	0	0	0	0	0	0	1	0	0	0	0	0	0	0	0	0	0	
N71	1.10567e-018	7.7228e-016	2.3617e-013	1.16695e-011	3.47249e-010	2.5072e-008	4.68227e-007	1.16168e-006	2.2656e-005	2.91757e-006	7.3661e-006	6.10443e-005	4.71305e-005	0.000589614	0.000388065	0.000140527	0.00302874	0.0203542	0.00429706	0.000100432	2.83326e-005	4.51058e-005	0.000730518	0.00215064	0.00123849	0.000365358	0.000212278	9.64937e-005	9.8132e-005	8.77714e-005	3.17552e-005	1.2566e-005	0.000127303	0.00650056	0.120631	0.562042	0.26127	0.0151336	0.000156408	9.08899e-007	2.08697e-009	4.67858e-012	3.94578e-015	4.03044e-018	4.16722e-021	2.34014e-022	6.60533e-023	3.65839e-023	6.36058e-024	4.2251e-024	9.43697e-025	4.8077e-025	5.23744e-026	1.35618e-026	5.35714e-028	2.70293e-029	7.73348e-032	1.77924e-034	1.43751e-037	1.97242e-040	6.9226e-044	3.46214e-047	1.1745e-050	3.23037e-054	5.27544e-058	2.03746e-061	3.33053e-065	2.42323e-068	2.44242e-071	3.20042e-074	
Cyperus_iria	0	0	0	0	0	0	0	0	0	0	0	0	0	0	0	0	0	0	0	0	0	0	0	0	0	0	0	0	0	0	0	0	0	0	0	0	0	0	0	0	0	0	0	0	0	0	0	0	0	0	0	0	0	0	0	1	0	0	0	0	0	0	0	0	0	0	0	0	0	0	
Pycreus_flavescens	0	0	0	0	0	0	0	0	0	0	0	0	0	0	0	0	0	0	0	0	0	0	0	0	0	0	0	0	0	0	0	0	0	0	1	0	0	0	0	0	0	0	0	0	0	0	0	0	0	0	0	0	0	0	0	0	0	0	0	0	0	0	0	0	0	0	0	0	0	0	
N72	0.0185729	0.0564956	0.120249	0.182914	0.191856	0.189943	0.118458	0.0734056	0.0303733	0.0122808	0.00360834	0.00147098	0.00025387	8.74325e-005	2.18399e-005	7.91181e-006	1.09892e-006	3.06161e-007	2.36844e-008	6.90636e-009	9.73492e-010	2.17836e-010	1.99526e-011	5.65918e-012	2.52685e-013	2.84059e-014	1.4785e-015	1.2551e-016	4.5484e-018	9.79112e-019	5.01935e-020	1.02478e-020	4.43999e-022	3.11666e-023	8.77382e-025	1.12354e-025	1.17396e-027	3.79813e-029	5.71437e-031	2.6549e-032	4.03728e-034	6.29225e-035	2.3747e-036	5.22546e-037	2.44902e-038	1.94434e-039	7.26801e-041	1.61844e-041	2.4512e-043	1.26435e-044	2.66758e-046	1.61749e-047	1.7003e-049	1.14037e-050	7.9093e-053	3.28438e-054	1.93782e-056	2.78612e-058	1.69226e-060	6.75933e-062	1.69484e-064	1.90147e-066	1.16252e-068	1.76115e-070	3.37533e-073	4.18346e-075	7.60589e-078	9.41214e-080	7.22566e-082	3.65722e-083	
Scirpus_ficinioides	0	0	0	0	0	0	0	0	0	0	0	0	0	0	0	0	0	0	0	0	0	0	0	0	0	0	0	0	0	0	0	0	0	0	0	0	0	0	0	0	0	0	0	0	0	0	0	0	0	0	0	1	0	0	0	0	0	0	0	0	0	0	0	0	0	0	0	0	0	0	
N73	0.000293936	0.00394461	0.0264915	0.0841586	0.170278	0.275411	0.285668	0.0984125	0.0408274	0.0110573	0.00206935	0.000904287	0.00036255	0.000108186	1.249e-005	6.44768e-007	1.52925e-008	4.56516e-010	1.23057e-011	3.98287e-013	5.67772e-015	5.31405e-017	2.4486e-019	1.19654e-021	2.35247e-024	5.34489e-027	7.91003e-030	1.29684e-032	1.64049e-035	4.08193e-038	5.13591e-041	9.68964e-044	1.00979e-046	1.09512e-049	7.15487e-053	7.54901e-056	2.90375e-059	1.66918e-062	6.20807e-066	2.78403e-069	6.66705e-073	2.85321e-076	4.96241e-080	1.64436e-083	3.01608e-087	6.64543e-091	9.18875e-095	2.56176e-098	2.48394e-102	4.11743e-106	4.31819e-110	6.07545e-114	4.55895e-118	7.1512e-122	4.13056e-126	4.84168e-130	2.93936e-134	2.45124e-138	1.26459e-142	1.53143e-146	5.51706e-151	4.24618e-155	2.12335e-159	1.50432e-163	4.92045e-168	3.80194e-172	1.25335e-176	1.16235e-180	1.32097e-184	2.39931e-188	
N74	0.000405727	0.0044467	0.0283336	0.0930849	0.190517	0.28523	0.263056	0.0919147	0.0323619	0.0081295	0.00154696	0.000641583	0.000260861	6.44222e-005	6.08023e-006	2.32997e-007	4.00919e-009	8.75226e-011	1.11384e-012	2.40272e-014	4.20898e-016	3.37419e-018	1.99655e-020	2.67668e-022	4.76933e-025	1.00245e-026	1.55086e-029	2.74673e-031	2.28628e-034	2.82943e-036	1.73962e-039	1.21058e-041	6.89517e-045	2.39356e-047	1.20103e-050	8.04287e-053	2.34799e-056	9.80128e-059	1.48683e-061	2.57646e-064	9.98337e-068	8.46927e-070	1.52118e-073	4.63934e-076	4.50191e-079	3.17681e-082	8.3508e-086	5.23405e-088	5.32378e-092	6.28131e-095	3.58648e-098	1.36536e-100	1.09323e-104	1.86839e-107	3.72311e-111	2.70245e-113	1.9349e-117	1.38829e-120	2.787e-124	1.57115e-126	7.66925e-131	5.0062e-134	1.54166e-137	2.78431e-140	1.21868e-144	9.83362e-148	9.96511e-152	1.95453e-154	3.01431e-158	1.43476e-160	
Isolepis_marginata	0	0	0	1	0	0	0	0	0	0	0	0	0	0	0	0	0	0	0	0	0	0	0	0	0	0	0	0	0	0	0	0	0	0	0	0	0	0	0	0	0	0	0	0	0	0	0	0	0	0	0	0	0	0	0	0	0	0	0	0	0	0	0	0	0	0	0	0	0	0	
N75	6.37331e-006	0.000112207	0.00117705	0.00663686	0.0220335	0.0494396	0.106672	0.0858409	0.07835	0.0715517	0.0229546	0.0395768	0.0761527	0.226859	0.15251	0.0555966	0.00404216	0.000477907	9.5758e-006	4.11758e-007	5.78879e-009	9.56753e-011	6.68388e-013	1.52449e-014	4.62702e-017	3.98984e-019	1.73133e-021	1.32316e-023	2.25018e-026	1.45092e-028	1.99692e-031	1.22681e-033	1.47472e-036	3.6485e-039	4.06718e-042	2.62211e-044	1.40209e-047	2.64615e-050	2.4924e-053	6.8619e-056	3.44611e-059	8.64969e-062	3.20703e-065	6.56131e-068	3.3955e-071	3.15235e-074	1.55431e-077	5.05588e-080	1.06527e-083	8.5716e-087	3.03339e-090	3.69721e-093	8.15623e-097	1.43946e-099	2.8663e-103	4.19279e-106	7.27262e-110	3.7012e-113	7.55411e-117	1.24824e-119	1.31945e-123	7.50767e-127	2.47232e-130	2.0102e-133	1.98951e-137	1.26034e-140	1.31068e-144	1.06957e-147	4.97705e-151	1.1962e-153	
Desmoschoenus_spiralis	0	0	0	0	0	0	0	0	0	0	0	0	0	0	1	0	0	0	0	0	0	0	0	0	0	0	0	0	0	0	0	0	0	0	0	0	0	0	0	0	0	0	0	0	0	0	0	0	0	0	0	0	0	0	0	0	0	0	0	0	0	0	0	0	0	0	0	0	0	0	
Ficinia_nodosa	0	0	0	0	0	0	0	0	0	0	0	0	0	0	1	0	0	0	0	0	0	0	0	0	0	0	0	0	0	0	0	0	0	0	0	0	0	0	0	0	0	0	0	0	0	0	0	0	0	0	0	0	0	0	0	0	0	0	0	0	0	0	0	0	0	0	0	0	0	0	
N76	1.97904e-007	1.06543e-005	0.000236809	0.00194738	0.00951509	0.0276773	0.0737913	0.0511503	0.0595528	0.0816203	0.0310878	0.0706649	0.107383	0.342963	0.10962	0.0283874	0.00158722	0.00162583	0.000522115	0.000597565	5.60429e-005	3.02315e-006	3.2913e-008	2.55264e-009	7.75758e-011	2.90094e-011	4.44695e-012	1.29766e-012	2.80724e-014	2.93849e-015	2.50035e-017	1.25656e-018	3.09028e-021	1.65561e-023	2.43849e-026	3.55877e-028	1.29199e-031	2.30153e-034	1.58912e-037	5.41891e-040	1.21816e-043	2.56809e-046	3.69868e-050	5.94714e-053	1.27349e-056	5.847e-060	1.32119e-063	3.56637e-066	1.9663e-070	6.21196e-074	6.70253e-078	4.19886e-081	2.24342e-085	2.19746e-088	1.05625e-092	8.65406e-096	2.73452e-100	4.08413e-104	1.84852e-108	1.48051e-111	2.63148e-116	4.46897e-120	4.20061e-124	1.38053e-127	1.97681e-132	3.16844e-136	5.0683e-141	1.31853e-144	9.31877e-149	6.97009e-152	
N77	6.14853e-008	2.10501e-006	4.13017e-005	0.000415989	0.00227297	0.00688573	0.0232039	0.0264244	0.030185	0.0460713	0.0222414	0.0265857	0.0688447	0.230365	0.196598	0.061508	0.00870886	0.0128344	0.0130942	0.0366654	0.0226002	0.00424064	0.00024041	0.000143589	3.82999e-005	0.000510774	0.00165209	0.0263216	0.0213152	0.0772095	0.0172322	0.0144189	0.00101327	0.000110625	3.02331e-006	7.42244e-007	4.50093e-009	1.82738e-010	3.48219e-012	8.30902e-014	3.23913e-016	1.58806e-017	2.71318e-020	4.88682e-022	1.64086e-024	8.0826e-027	1.64841e-029	5.29313e-031	3.19051e-034	1.49718e-036	2.35916e-039	4.01581e-041	1.70612e-044	1.20352e-046	8.99089e-050	1.52111e-051	4.77546e-055	9.96899e-058	5.23698e-061	5.55086e-063	1.08026e-066	2.18815e-069	2.70763e-072	6.96761e-075	1.22943e-078	3.37563e-081	7.45907e-085	2.38504e-087	2.21959e-090	2.82518e-092	
Isolepis_crassiuscula	0	0	0	0	0	0	0	0	0	0	0	0	0	0	0	0	0	0	0	0	0	0	0	0	0	0	0	0	0	0	0	1	0	0	0	0	0	0	0	0	0	0	0	0	0	0	0	0	0	0	0	0	0	0	0	0	0	0	0	0	0	0	0	0	0	0	0	0	0	0	
Isolepis_fluitans	0	0	0	0	0	0	0	0	0	0	0	0	0	0	0	0	0	0	0	0	0	0	0	0	0	0	0	0	0	1	0	0	0	0	0	0	0	0	0	0	0	0	0	0	0	0	0	0	0	0	0	0	0	0	0	0	0	0	0	0	0	0	0	0	0	0	0	0	0	0	
N78	2.20693e-009	2.23944e-007	9.73304e-006	0.000141076	0.00127782	0.00519562	0.0197907	0.0183633	0.0343443	0.0551525	0.0588452	0.0673904	0.173099	0.411802	0.121633	0.0242923	0.00443933	0.00251601	0.00101949	0.000608607	7.63282e-005	3.02198e-006	4.12445e-008	1.17488e-009	7.36592e-012	2.47971e-013	3.60984e-015	1.30836e-016	2.08573e-018	9.63458e-020	8.90601e-022	1.20567e-023	3.49073e-026	1.10727e-028	1.27164e-031	1.12026e-033	5.79441e-037	2.51864e-039	1.88338e-042	7.49153e-045	2.31984e-048	5.56327e-051	1.26708e-054	1.09432e-057	7.52528e-061	1.74505e-064	4.16548e-068	3.33328e-071	2.54918e-075	5.73061e-079	8.50166e-083	3.70058e-086	2.28486e-090	2.26657e-093	1.76327e-097	1.81072e-100	7.64813e-105	2.66091e-108	1.39751e-112	9.28739e-116	2.30522e-120	4.80286e-124	1.97767e-128	5.33748e-132	9.755e-137	1.26818e-140	2.96959e-145	3.98836e-149	2.99629e-153	2.1369e-156	
N79	7.77493e-010	5.15196e-008	1.97277e-006	2.88973e-005	0.000226556	0.00183961	0.00617006	0.00938007	0.0225835	0.0144799	0.0251477	0.0872969	0.296167	0.385036	0.100331	0.0370284	0.0108634	0.00300612	0.000380829	2.98493e-005	1.16404e-006	1.29947e-007	1.8195e-008	2.16568e-009	1.20339e-010	1.72143e-011	9.4305e-013	7.49527e-014	8.53717e-016	3.0822e-017	1.71938e-019	1.38263e-021	6.10581e-024	1.46033e-026	2.74235e-029	1.42095e-031	1.49326e-034	1.32141e-036	1.77783e-039	1.4893e-041	1.02021e-044	5.11041e-047	2.17001e-050	5.65242e-053	2.49572e-056	2.91771e-059	9.09211e-063	1.57233e-065	4.27736e-069	3.559e-072	1.53377e-075	1.37941e-078	3.06409e-082	5.77757e-085	1.20341e-088	3.30702e-091	8.58107e-095	4.93416e-098	1.45967e-101	4.16045e-104	4.14602e-108	3.06138e-111	1.35658e-114	4.68316e-118	5.09374e-122	5.44032e-125	3.88741e-129	1.83317e-132	9.02264e-136	2.35861e-138	
Isolepis_setacea	0	0	0	0	0	0	0	0	0	0	0	0	0	1	0	0	0	0	0	0	0	0	0	0	0	0	0	0	0	0	0	0	0	0	0	0	0	0	0	0	0	0	0	0	0	0	0	0	0	0	0	0	0	0	0	0	0	0	0	0	0	0	0	0	0	0	0	0	0	0	
Isolepis_cernua	0	0	0	0	0	0	0	0	0	0	0	0	0	0	0	0	0	0	0	0	0	0	0	0	0	0	1	0	0	0	0	0	0	0	0	0	0	0	0	0	0	0	0	0	0	0	0	0	0	0	0	0	0	0	0	0	0	0	0	0	0	0	0	0	0	0	0	0	0	0	
N80	2.9698e-010	2.19191e-008	8.35428e-007	1.60629e-005	0.000173714	0.000697383	0.00377925	0.00619553	0.00976333	0.0270158	0.0358623	0.0222449	0.0566899	0.190058	0.115916	0.0364909	0.0129276	0.0109129	0.015061	0.0811011	0.245712	0.115226	0.012538	0.00159077	2.28778e-005	2.85888e-006	3.41279e-007	5.16495e-007	5.62451e-008	3.46794e-008	1.88629e-009	4.37379e-010	1.05429e-011	4.34021e-013	3.25808e-015	1.56417e-016	3.69875e-019	5.79155e-021	4.39154e-023	2.56637e-025	4.76203e-028	9.108e-030	6.36588e-033	3.49964e-035	6.89555e-038	1.24053e-040	9.29988e-044	8.74749e-046	2.48851e-049	5.30015e-052	4.6905e-055	2.90893e-057	5.76871e-061	1.41558e-063	5.336e-067	3.82966e-069	5.79866e-073	5.82953e-076	1.5973e-079	7.42951e-082	7.36797e-086	6.58457e-089	3.13644e-092	4.1556e-095	3.59538e-099	3.6199e-102	4.80948e-106	7.4773e-109	2.74249e-112	1.35135e-114	
Isolepis_prolifera	0	0	0	0	0	0	0	0	0	0	0	0	0	0	0	0	0	0	0	0	0	0	0	0	0	0	0	0	0	0	0	0	1	0	0	0	0	0	0	0	0	0	0	0	0	0	0	0	0	0	0	0	0	0	0	0	0	0	0	0	0	0	0	0	0	0	0	0	0	0	
Isolepis_aucklandica	0	0	0	0	0	0	0	0	0	0	0	0	0	0	0	0	0	0	0	0	1	0	0	0	0	0	0	0	0	0	0	0	0	0	0	0	0	0	0	0	0	0	0	0	0	0	0	0	0	0	0	0	0	0	0	0	0	0	0	0	0	0	0	0	0	0	0	0	0	0	
