NODE	1	2	3	4	5	6	7	8	9	10	11	12	13	14	15	16	17	18	19	20	21	22	23	24	25	26	27	28	29	30	31	32	33	34	35	36	37	38	39	40	41	42	43	44	45	46	47	48	49	50	51	52	53	54	55	56	57	58	59	60	61	62	63	64	65	66	67	68	69	70	71	
N1	0.193075	0.180917	0.159499	0.132781	0.104666	0.0782856	0.0556462	0.0376281	0.0242226	0.0148488	0.00866955	0.00482044	0.00255218	0.00128629	0.000616979	0.000281553	0.000122209	5.04406e-05	1.97925e-05	7.38199e-06	2.61663e-06	8.81353e-07	2.82074e-07	8.57726e-08	2.47797e-08	6.80131e-09	1.77354e-09	4.39378e-10	1.03419e-10	2.31279e-11	4.91434e-12	9.92208e-13	1.9036e-13	6.07097e-17	2.52709e-17	1.02553e-17	4.05747e-18	1.56519e-18	5.88715e-19	2.15921e-19	7.72263e-20	2.69368e-20	9.16368e-21	3.04068e-21	9.84211e-22	3.10785e-22	9.57477e-23	2.87831e-23	8.44367e-24	2.41745e-24	6.75565e-25	1.84293e-25	4.90843e-26	1.2765e-26	3.24199e-27	8.04232e-28	1.94898e-28	4.61505e-29	1.06807e-29	2.41665e-30	5.34819e-31	1.15838e-31	2.45791e-32	5.11706e-33	1.04792e-33	2.12011e-34	4.26826e-35	8.65125e-36	1.79806e-36	3.978e-37	1.16147e-37	
N2	0.00421011	0.00516741	0.00686602	0.00950453	0.0132807	0.0183805	0.024656	0.0321106	0.0403522	0.0487724	0.0568187	0.0640742	0.0693533	0.0727728	0.0738258	0.0722634	0.0684143	0.062928	0.0556103	0.0477346	0.0396212	0.0317035	0.0245039	0.0183971	0.0132212	0.00922666	0.00621448	0.00402745	0.00251715	0.00153014	0.000887247	0.00050067	0.000272572	0.000142835	7.21899e-05	3.56253e-05	1.67235e-05	7.67366e-06	3.39847e-06	1.45114e-06	5.97753e-07	2.41571e-07	9.261e-08	3.48752e-08	1.26745e-08	4.44995e-09	1.50697e-09	5.03141e-10	1.58905e-10	4.9537e-11	1.48973e-11	4.34085e-12	1.21998e-12	3.39835e-13	8.94196e-14	2.3369e-14	5.90375e-15	1.45451e-15	3.47435e-16	8.31361e-17	1.89981e-17	4.38304e-18	9.96182e-19	2.26261e-19	5.1238e-20	1.18667e-20	2.72264e-21	6.39687e-22	1.53812e-22	4.15149e-23	1.77949e-23	
Chrysitrix_capensis	0	0	0	0	0	0	0	0	0	0	0	0	0	0	0	0	0	0	0	0	0	0	1	0	0	0	0	0	0	0	0	0	0	0	0	0	0	0	0	0	0	0	0	0	0	0	0	0	0	0	0	0	0	0	0	0	0	0	0	0	0	0	0	0	0	0	0	0	0	0	0	
Lepironia_articulata	0	0	0	0	0	0	0	0	0	0	0	0	0	0	0	0	1	0	0	0	0	0	0	0	0	0	0	0	0	0	0	0	0	0	0	0	0	0	0	0	0	0	0	0	0	0	0	0	0	0	0	0	0	0	0	0	0	0	0	0	0	0	0	0	0	0	0	0	0	0	0	
N3	0.151871	0.155255	0.148594	0.13384	0.113795	0.0917719	0.069503	0.0499892	0.0340245	0.0218679	0.013309	0.00773745	0.0042203	0.00220651	0.00109665	0.000517624	0.000232433	0.000101665	4.14226e-05	1.66097e-05	6.36869e-06	2.3591e-06	8.33824e-07	2.99968e-07	9.79068e-08	3.30557e-08	1.05263e-08	3.32127e-09	9.7613e-10	3.04971e-10	8.21832e-11	2.38372e-11	6.25347e-12	1.66939e-12	3.99966e-13	1.05239e-13	2.28731e-14	5.51995e-15	1.17143e-15	2.59629e-16	5.01664e-17	1.09408e-17	1.92143e-18	3.85052e-19	6.65064e-20	1.21438e-20	1.91136e-21	3.4846e-22	4.97371e-23	8.25084e-24	1.1696e-24	1.77826e-25	2.29097e-26	3.47932e-27	4.07047e-28	5.64593e-29	6.57124e-30	8.28489e-31	8.82528e-32	1.12586e-32	1.08205e-33	1.25317e-34	1.22469e-35	1.32185e-36	1.20203e-37	1.36906e-38	1.2975e-39	1.64372e-40	2.15472e-41	3.61338e-42	7.67498e-43	
N4	0.149989	0.153686	0.147693	0.133707	0.114287	0.0926299	0.0704346	0.0508098	0.0346393	0.0222667	0.0135325	0.00785002	0.00426142	0.00221677	0.00109432	0.000512351	0.0002276	9.88338e-05	3.96014e-05	1.57276e-05	5.93495e-06	2.16945e-06	7.47057e-07	2.69234e-07	8.41194e-08	2.84917e-08	8.77217e-09	2.76952e-09	7.66882e-10	2.51843e-10	6.16705e-11	1.89922e-11	4.6349e-12	1.31134e-12	2.8015e-13	8.55443e-14	1.56488e-14	4.42931e-15	8.29789e-16	2.15857e-16	3.46037e-17	9.8789e-18	1.35199e-18	3.60818e-19	5.21432e-20	1.21999e-20	1.50259e-21	4.09404e-22	4.24567e-23	1.01806e-23	1.16742e-24	2.52081e-25	2.40139e-26	5.83454e-27	4.80305e-28	1.0619e-28	9.53476e-30	1.74391e-30	1.38072e-31	3.08967e-32	1.96511e-33	3.58703e-34	2.78879e-35	4.70583e-36	2.8252e-37	5.18949e-38	2.89442e-39	5.20604e-40	3.85047e-41	9.4007e-42	3.87808e-42	
N5	0.123462	0.129728	0.130494	0.125471	0.114941	0.100325	0.082254	0.0639636	0.0469242	0.032376	0.021059	0.0130597	0.00754438	0.00417937	0.00219356	0.0010924	0.000515657	0.000240758	0.0001028	4.44015e-05	1.82037e-05	7.35508e-06	2.7857e-06	1.1438e-06	3.97641e-07	1.5522e-07	5.40318e-08	1.9722e-08	6.23435e-09	2.32723e-09	6.62718e-10	2.2888e-10	6.43281e-11	2.02346e-11	5.13155e-12	1.63768e-12	3.69677e-13	1.06758e-13	2.40908e-14	6.35625e-15	1.28585e-15	3.41856e-16	6.19286e-17	1.50379e-17	2.75248e-18	5.94628e-19	9.79786e-20	2.22847e-20	3.23346e-21	6.47313e-22	9.7453e-23	1.78907e-23	2.37445e-24	4.48659e-25	5.32352e-26	9.12421e-27	1.10111e-27	1.65159e-28	1.81723e-29	2.94979e-30	2.79215e-31	3.90289e-32	3.96718e-33	5.18496e-34	4.58442e-35	6.22461e-36	5.45054e-37	7.92034e-38	1.0206e-38	2.13133e-39	6.01822e-40	
Lagenocarpus_guianensis	0	0	0	0	0	0	0	0	0	0	0	0	0	0	0	0	1	0	0	0	0	0	0	0	0	0	0	0	0	0	0	0	0	0	0	0	0	0	0	0	0	0	0	0	0	0	0	0	0	0	0	0	0	0	0	0	0	0	0	0	0	0	0	0	0	0	0	0	0	0	0	
N6	0.113034	0.120067	0.123133	0.121367	0.114308	0.102694	0.0866443	0.0692934	0.0522236	0.0369732	0.0246447	0.0156545	0.00924229	0.00523358	0.00280387	0.00142446	0.000684239	0.000326865	0.000141292	6.24646e-05	2.59935e-05	1.07469e-05	4.09048e-06	1.75422e-06	6.01829e-07	2.46779e-07	8.55731e-08	3.28349e-08	1.00887e-08	4.13399e-09	1.11388e-09	4.26589e-10	1.154e-10	4.01533e-11	9.56182e-12	3.58238e-12	7.34991e-13	2.48189e-13	5.28534e-14	1.62871e-14	3.00986e-15	9.79014e-16	1.58083e-16	4.71118e-17	8.00678e-18	2.03868e-18	3.04399e-19	8.92063e-20	1.11982e-20	2.74147e-21	3.83697e-22	8.70237e-23	1.01006e-23	2.44357e-24	2.50441e-25	5.54984e-26	5.9575e-27	1.06431e-27	1.04684e-28	2.32271e-29	1.78853e-30	3.05198e-31	2.87374e-32	4.80131e-33	3.43842e-34	5.81222e-35	3.95942e-36	6.78773e-37	5.96278e-38	1.34149e-38	5.71309e-39	
N7	0.0631551	0.0702577	0.0782828	0.086049	0.0920391	0.0951691	0.0934717	0.0878948	0.0786669	0.0668105	0.0539814	0.0419693	0.0307145	0.0217778	0.0148019	0.00966393	0.00606438	0.00381697	0.00223546	0.00134492	0.000782407	0.000455778	0.000253879	0.000154181	8.1541e-05	4.82265e-05	2.60423e-05	1.4737e-05	7.44325e-06	4.34854e-06	2.04e-06	1.12996e-06	5.33022e-07	2.76666e-07	1.21502e-07	6.49713e-08	2.62527e-08	1.30832e-08	5.39513e-09	2.52307e-09	9.6211e-10	4.62184e-10	1.62614e-10	7.31328e-11	2.64593e-11	1.09095e-11	3.64936e-12	1.59061e-12	4.83364e-13	1.91425e-13	6.059e-14	2.24258e-14	6.45083e-15	2.46856e-15	6.50672e-16	2.30588e-16	6.21393e-17	1.99207e-17	4.98587e-18	1.70201e-18	3.80128e-19	1.16135e-19	2.75078e-20	7.94111e-21	1.70394e-21	5.18006e-22	1.13606e-22	3.80682e-23	1.24015e-23	6.27265e-24	4.79909e-24	
Oreobolus_pectinatus	0	0	0	0	0	0	0	0	0	0	0	0	0	0	0	0	0	0	1	0	0	0	0	0	0	0	0	0	0	0	0	0	0	0	0	0	0	0	0	0	0	0	0	0	0	0	0	0	0	0	0	0	0	0	0	0	0	0	0	0	0	0	0	0	0	0	0	0	0	0	0	
N8	0.0434581	0.0495054	0.0574848	0.0665856	0.0755676	0.0832706	0.0874823	0.0882292	0.084922	0.077761	0.0679131	0.0571427	0.0454232	0.0349867	0.0258813	0.0183986	0.0125909	0.00858554	0.00548191	0.00355415	0.00223374	0.00139347	0.000835737	0.000539232	0.000307138	0.000193714	0.0001131	6.88314e-05	3.77504e-05	2.4147e-05	1.23287e-05	7.55922e-06	3.93057e-06	2.27785e-06	1.10229e-06	6.71792e-07	2.98769e-07	1.71019e-07	7.84618e-08	4.23418e-08	1.79394e-08	1.00995e-08	3.93983e-09	2.08658e-09	8.46445e-10	4.11638e-10	1.54155e-10	8.06755e-11	2.74214e-11	1.30593e-11	4.69507e-12	2.0968e-12	6.8398e-13	3.22469e-13	9.62095e-14	4.20815e-14	1.3077e-14	5.1537e-15	1.4893e-15	6.45747e-16	1.64584e-16	6.31558e-17	1.76123e-17	6.41928e-18	1.58801e-18	6.16415e-19	1.52364e-19	6.45673e-20	2.52062e-20	1.8411e-20	2.10322e-20	
N9	0.0214769	0.0248093	0.0297027	0.0361405	0.0438667	0.0525084	0.0606983	0.0680567	0.0734569	0.0759964	0.0755008	0.0726847	0.0665492	0.0593322	0.0510915	0.0424985	0.0342261	0.0275073	0.0208929	0.0160996	0.0121143	0.00906427	0.0065916	0.00512612	0.00360297	0.00277907	0.0020291	0.00153809	0.00107975	0.000868289	0.000581031	0.000455161	0.000314136	0.000236667	0.000155282	0.000123125	7.59974e-05	5.75812e-05	3.68108e-05	2.67173e-05	1.61307e-05	1.22219e-05	6.94728e-06	5.03422e-06	2.98378e-06	2.03344e-06	1.13723e-06	8.2885e-07	4.32034e-07	2.94157e-07	1.62148e-07	1.0507e-07	5.39626e-08	3.7045e-08	1.77637e-08	1.14958e-08	5.78231e-09	3.46664e-09	1.6475e-09	1.0751e-09	4.66378e-10	2.79438e-10	1.32051e-10	7.65333e-11	3.38273e-11	2.16342e-11	1.01905e-11	7.60116e-12	5.74457e-12	6.81982e-12	1.02244e-11	
N10	0.00576666	0.00678953	0.00842524	0.010786	0.0139719	0.0180891	0.0229574	0.0286198	0.0347995	0.041079	0.047125	0.0527431	0.0569828	0.0601088	0.0617013	0.0615095	0.0597517	0.0570402	0.0526537	0.0479356	0.0427699	0.0373289	0.0319756	0.0273298	0.0225637	0.0186819	0.0152463	0.0122696	0.00972296	0.00783748	0.00603626	0.00475218	0.00367203	0.00281829	0.00211419	0.00163925	0.00119015	0.000897557	0.000656486	0.000481529	0.000341284	0.00025418	0.00017462	0.000126828	8.84104e-05	6.24714e-05	4.22007e-05	3.03819e-05	1.98298e-05	1.38244e-05	9.12512e-06	6.14006e-06	3.89672e-06	2.65796e-06	1.61636e-06	1.05933e-06	6.50982e-07	4.09892e-07	2.4176e-07	1.54799e-07	8.7729e-08	5.43512e-08	3.177e-08	1.94261e-08	1.14501e-08	7.66875e-09	4.97888e-09	3.81508e-09	3.17698e-09	3.14468e-09	3.74203e-09	
Schoenus_brevifolius	0	0	0	0	0	0	0	0	0	0	0	0	0	0	0	0	0	0	0	0	0	0	0	0	0	0	0	0	0	0	0	0	0	0	0	0	0	0	0	0	0	0	0	0	0	0	0	0	0	0	0	0	0	0	0	0	0	0	0	0	1	0	0	0	0	0	0	0	0	0	0	
Schoenus_nigricans	0	0	0	0	0	0	0	0	0	0	0	0	0	0	0	0	0	0	0	0	0	1	0	0	0	0	0	0	0	0	0	0	0	0	0	0	0	0	0	0	0	0	0	0	0	0	0	0	0	0	0	0	0	0	0	0	0	0	0	0	0	0	0	0	0	0	0	0	0	0	0	
Gahnia_aspera	0	0	0	0	0	0	0	0	0	0	0	0	0	0	0	0	0	0	0	0	0	0	0	0	0	0	0	0	0	0	0	0	0	0	0	0	0	0	0	1	0	0	0	0	0	0	0	0	0	0	0	0	0	0	0	0	0	0	0	0	0	0	0	0	0	0	0	0	0	0	0	
N11	0.0356787	0.0398515	0.0449802	0.0508414	0.0570084	0.0630742	0.0678649	0.0713363	0.0728773	0.0721065	0.0691932	0.0646034	0.0581555	0.0509251	0.0432427	0.0355182	0.028284	0.0219368	0.0163852	0.0119247	0.0084213	0.00575474	0.00381594	0.0024734	0.00154161	0.000940601	0.000558089	0.000321078	0.000179659	9.90025e-05	5.23309e-05	2.73006e-05	1.38788e-05	6.86312e-06	3.30482e-06	1.58111e-06	7.21163e-07	3.27424e-07	1.44637e-07	6.22929e-08	2.6048e-08	1.08979e-08	4.3085e-09	1.70731e-09	6.54962e-10	2.45468e-10	8.88675e-11	3.23931e-11	1.10592e-11	3.80757e-12	1.26203e-12	4.1015e-13	1.28105e-13	4.05391e-14	1.1926e-14	3.56164e-15	1.02032e-15	2.88039e-16	7.8018e-17	2.16006e-17	5.57018e-18	1.47921e-18	3.8195e-19	9.95913e-20	2.57498e-20	7.0352e-21	1.90336e-21	5.50263e-22	1.67326e-22	5.98229e-23	3.35366e-23	
Tetraria_capillaris	0	0	0	0	0	0	0	0	0	1	0	0	0	0	0	0	0	0	0	0	0	0	0	0	0	0	0	0	0	0	0	0	0	0	0	0	0	0	0	0	0	0	0	0	0	0	0	0	0	0	0	0	0	0	0	0	0	0	0	0	0	0	0	0	0	0	0	0	0	0	0	
N12	0.00179556	0.00242648	0.00370646	0.0059033	0.00934755	0.0143999	0.0211472	0.0297128	0.0397553	0.0505344	0.061222	0.0710643	0.0783185	0.0828595	0.0838467	0.0809053	0.074595	0.0661337	0.055651	0.0452112	0.0353424	0.0265745	0.019313	0.0137414	0.00937443	0.0063011	0.00413431	0.00264426	0.00164993	0.00102217	0.000602339	0.000351193	0.00019744	0.000106917	5.54133e-05	2.83772e-05	1.3442e-05	6.29756e-06	2.80101e-06	1.19648e-06	4.8331e-07	1.94341e-07	7.11672e-08	2.60349e-08	8.96015e-09	2.97854e-09	9.29229e-10	2.91817e-10	8.25727e-11	2.36012e-11	6.30349e-12	1.6412e-12	3.98654e-13	9.86135e-14	2.17965e-14	4.92355e-15	1.03506e-15	2.13986e-16	4.11598e-17	8.15922e-18	1.44267e-18	2.64838e-19	4.57148e-20	7.94304e-21	1.32662e-21	2.37785e-22	4.1015e-23	7.72178e-24	1.50103e-24	3.3217e-25	1.15823e-25	
Machaerina_articulata	0	0	0	0	0	0	0	0	0	0	0	1	0	0	0	0	0	0	0	0	0	0	0	0	0	0	0	0	0	0	0	0	0	0	0	0	0	0	0	0	0	0	0	0	0	0	0	0	0	0	0	0	0	0	0	0	0	0	0	0	0	0	0	0	0	0	0	0	0	0	0	
Machaerina_mariscoides	0	0	0	0	0	0	0	0	0	0	0	0	0	0	0	0	0	0	0	0	0	0	0	0	0	0	0	0	0	0	0	0	0	0	0	0	0	0	1	0	0	0	0	0	0	0	0	0	0	0	0	0	0	0	0	0	0	0	0	0	0	0	0	0	0	0	0	0	0	0	0	
N13	0.101163	0.107435	0.110469	0.10995	0.105689	0.0981056	0.0868225	0.0737993	0.0599486	0.0463772	0.0342335	0.0242679	0.0162771	0.0105093	0.00649437	0.003834	0.00216964	0.00120023	0.000625745	0.000322299	0.000160585	7.78399e-05	3.64804e-05	1.75341e-05	7.75745e-06	3.58046e-06	1.58117e-06	6.97218e-07	2.89897e-07	1.2947e-07	5.02515e-08	2.12381e-08	8.18002e-09	3.24115e-09	1.1592e-09	4.61782e-10	1.52361e-10	5.67036e-11	1.86036e-11	6.47209e-12	1.9667e-12	6.86581e-13	1.92821e-13	6.29471e-14	1.77305e-14	5.36486e-15	1.40005e-15	4.31682e-16	1.03849e-16	2.9621e-17	7.22008e-18	1.91785e-18	4.31491e-19	1.16862e-19	2.42229e-20	6.08029e-21	1.27771e-21	2.95591e-22	5.76154e-23	1.37434e-23	2.44226e-24	5.34016e-25	9.78155e-26	2.00459e-26	3.40695e-27	7.33502e-28	1.27253e-28	2.95694e-29	6.97365e-30	2.27702e-30	1.24895e-30	
N14	0.0117963	0.0147479	0.019881	0.0273396	0.0370095	0.0485223	0.0604537	0.0719447	0.0813739	0.0872411	0.0888714	0.0865191	0.0795305	0.0699782	0.0586673	0.0467558	0.0355201	0.0259818	0.0179163	0.0119286	0.00759231	0.00461289	0.00267919	0.00151867	0.000806431	0.000420016	0.00020943	0.000100352	4.59238e-05	2.08825e-05	8.76269e-06	3.67082e-06	1.46e-06	5.6196e-07	2.0452e-07	7.50825e-08	2.49232e-08	8.3839e-09	2.64406e-09	8.1421e-10	2.341e-10	6.88208e-11	1.80231e-11	4.8518e-12	1.21175e-12	2.98194e-13	6.79392e-14	1.60502e-14	3.33678e-15	7.21784e-16	1.43849e-16	2.8516e-17	5.19887e-18	9.94266e-19	1.65731e-19	2.90711e-20	4.67614e-21	7.53327e-22	1.11307e-22	1.74264e-23	2.36819e-24	3.43144e-25	4.59682e-26	6.28594e-27	8.10967e-28	1.15183e-28	1.54479e-29	2.34022e-30	3.69422e-31	6.76272e-32	1.85728e-32	
N15	0.00013544	0.00022239	0.000446532	0.000939027	0.00192787	0.00376708	0.00688172	0.0118184	0.019043	0.0287832	0.0409806	0.0552282	0.0699082	0.0837582	0.0945933	0.100283	0.0998136	0.0934333	0.0813052	0.066306	0.0504374	0.0356465	0.0234525	0.0144396	0.00820744	0.00436929	0.00216824	0.00100017	0.000430487	0.000174647	6.54423e-05	2.3185e-05	7.70114e-06	2.39302e-06	6.98038e-07	1.94286e-07	4.99593e-08	1.22995e-08	2.85297e-09	6.23452e-10	1.28381e-10	2.5524e-11	4.67851e-12	8.30647e-13	1.39184e-13	2.21204e-14	3.31718e-15	4.85541e-16	6.53461e-17	8.61037e-18	1.07119e-18	1.27417e-19	1.43097e-20	1.58545e-21	1.61194e-22	1.62227e-23	1.54388e-24	1.4181e-25	1.23402e-26	1.07352e-27	8.63102e-29	6.99905e-30	5.46542e-31	4.23843e-32	3.22611e-33	2.53949e-34	1.9542e-35	1.55718e-36	1.24182e-37	1.02667e-38	1.26557e-39	
Dulichium_arundinaceum	0	0	0	0	0	0	0	0	0	0	0	0	0	0	0	1	0	0	0	0	0	0	0	0	0	0	0	0	0	0	0	0	0	0	0	0	0	0	0	0	0	0	0	0	0	0	0	0	0	0	0	0	0	0	0	0	0	0	0	0	0	0	0	0	0	0	0	0	0	0	0	
N16	2.45238e-07	5.73805e-07	1.85323e-06	6.29792e-06	2.05381e-05	6.25086e-05	0.000174951	0.000451392	0.00107339	0.00235912	0.00484839	0.00941953	0.0172575	0.029902	0.04848	0.0725403	0.0991507	0.122757	0.135076	0.132297	0.114453	0.0868267	0.0579018	0.0342331	0.0176083	0.00807992	0.00329321	0.00118868	0.000383542	0.000114072	2.96619e-05	7.22971e-06	1.60466e-06	3.25429e-07	6.00589e-08	1.07832e-08	1.66141e-09	2.5206e-10	3.44795e-11	4.42774e-12	5.09372e-13	5.8963e-14	5.72796e-15	5.67706e-16	4.97399e-17	4.2388e-18	3.18242e-19	2.49096e-20	1.61467e-21	1.10353e-22	6.5768e-24	3.94298e-25	2.05781e-26	1.1558e-27	5.29643e-29	2.63356e-30	1.1367e-31	5.02669e-33	1.92894e-34	8.16231e-36	2.7859e-37	1.05695e-38	3.50481e-40	1.20633e-41	3.68179e-43	1.29869e-44	4.00602e-46	1.49475e-47	5.68001e-49	2.43226e-50	1.44577e-51	
Blysmus_compressus	0	0	0	0	0	0	0	0	0	0	0	0	0	0	0	0	0	0	0	0	0	1	0	0	0	0	0	0	0	0	0	0	0	0	0	0	0	0	0	0	0	0	0	0	0	0	0	0	0	0	0	0	0	0	0	0	0	0	0	0	0	0	0	0	0	0	0	0	0	0	0	
Blysmus_rufus	0	0	0	0	0	0	0	0	0	0	0	0	0	0	0	0	0	0	0	1	0	0	0	0	0	0	0	0	0	0	0	0	0	0	0	0	0	0	0	0	0	0	0	0	0	0	0	0	0	0	0	0	0	0	0	0	0	0	0	0	0	0	0	0	0	0	0	0	0	0	0	
N17	0.0027546	0.00368296	0.00560504	0.0090181	0.0145411	0.0227992	0.0338324	0.0474866	0.0625863	0.0771664	0.0891829	0.097098	0.0985996	0.0945169	0.0852626	0.0722213	0.0576288	0.0437003	0.0309124	0.0208349	0.0132718	0.00796584	0.00451541	0.00246824	0.0012458	0.000610229	0.000282813	0.000124341	5.15091e-05	2.12283e-05	7.85025e-06	2.92167e-06	1.01467e-06	3.39902e-07	1.0517e-07	3.37152e-08	9.23327e-09	2.65397e-09	6.8782e-10	1.7655e-10	4.03758e-11	9.903e-12	1.99249e-12	4.35725e-13	8.30034e-14	1.60956e-14	2.70141e-15	5.0172e-16	7.42263e-17	1.22552e-17	1.72257e-18	2.53052e-19	3.14908e-20	4.45122e-21	4.89373e-22	6.15594e-23	6.49512e-24	7.27255e-25	6.82524e-26	7.42981e-27	6.15444e-28	5.95665e-29	4.82441e-30	4.19042e-31	3.0504e-32	2.68358e-33	1.91871e-34	1.758e-35	1.62123e-36	1.86622e-37	3.34332e-38	
N18	0.00175637	0.00229823	0.00338033	0.00525213	0.00824833	0.0127663	0.0190362	0.027281	0.0373243	0.0485385	0.060061	0.0708859	0.0793198	0.0847557	0.0863946	0.0838427	0.0776922	0.0690365	0.0582431	0.0471655	0.0365572	0.0270074	0.0190961	0.0130562	0.0084387	0.00529797	0.00320328	0.00185668	0.00103703	0.000574318	0.000297489	0.000153959	7.68235e-05	3.7101e-05	1.71601e-05	8.0539e-06	3.43025e-06	1.49033e-06	6.10557e-07	2.44478e-07	9.16348e-08	3.54297e-08	1.21255e-08	4.31559e-09	1.41866e-09	4.63953e-10	1.39499e-10	4.42021e-11	1.21699e-11	3.55308e-12	9.44726e-13	2.54117e-13	6.20795e-14	1.62938e-14	3.65279e-15	8.83904e-16	1.93481e-16	4.32089e-17	8.71852e-18	1.91739e-18	3.56243e-19	7.25776e-20	1.34285e-20	2.56935e-21	4.54235e-22	9.11683e-23	1.67975e-23	3.64239e-24	8.26612e-25	2.27923e-25	1.02895e-25	
N19	1.18851e-06	2.532e-06	7.00509e-06	2.0099e-05	5.55101e-05	0.000144038	0.000345828	0.00077342	0.00161339	0.0031389	0.00570805	0.00969404	0.0151952	0.0221618	0.0302571	0.0390226	0.0481982	0.057663	0.066449	0.0748979	0.0823159	0.0874466	0.0890303	0.0863624	0.0773842	0.0648081	0.0500765	0.0354434	0.0230361	0.0139956	0.00764907	0.00392726	0.00185719	0.000808787	0.000324134	0.000123993	4.21922e-05	1.37849e-05	4.13811e-06	1.1571e-06	2.96522e-07	7.39446e-08	1.62182e-08	3.48612e-09	6.8451e-10	1.2723e-10	2.1578e-11	3.63696e-12	5.35513e-13	7.88925e-14	1.05789e-14	1.36838e-15	1.61048e-16	1.92262e-17	1.99316e-18	2.10816e-19	2.02785e-20	1.90936e-21	1.63547e-22	1.44632e-23	1.10918e-24	8.85435e-26	6.49951e-27	4.78301e-28	3.31007e-29	2.47454e-30	1.74092e-31	1.34978e-32	1.05789e-33	8.9166e-35	1.12202e-35	
Scirpus_pendulus	0	0	0	0	0	0	0	0	0	0	0	0	0	0	0	0	0	0	0	1	0	0	0	0	0	0	0	0	0	0	0	0	0	0	0	0	0	0	0	0	0	0	0	0	0	0	0	0	0	0	0	0	0	0	0	0	0	0	0	0	0	0	0	0	0	0	0	0	0	0	0	
N20	4.63299e-15	5.98661e-14	9.24383e-13	1.23401e-11	1.38892e-10	1.31465e-09	9.52999e-09	3.72594e-08	1.58037e-07	5.90655e-07	1.99613e-06	1.02432e-05	4.74991e-05	0.000151103	0.000293599	0.000357534	0.000446757	0.00089915	0.00188917	0.00298523	0.00335062	0.0032794	0.0050525	0.0132619	0.0348243	0.0762715	0.133363	0.182037	0.193607	0.162773	0.103352	0.052346	0.0208409	0.00652154	0.00162576	0.000345101	5.59718e-05	7.97116e-06	9.29889e-07	9.19464e-08	7.50114e-09	5.67437e-10	3.33711e-11	1.86926e-12	8.69411e-14	3.69724e-15	1.31071e-16	4.60974e-18	1.27526e-19	3.56954e-21	8.31347e-23	1.88174e-24	3.55162e-26	7.00069e-28	1.08331e-29	1.77377e-31	2.42696e-33	3.33875e-35	3.84475e-37	4.79585e-39	4.67662e-41	4.99385e-43	4.51863e-45	4.18666e-47	3.33898e-49	3.04732e-51	2.36125e-53	2.20675e-55	2.07372e-57	2.18173e-59	2.84329e-61	
N21	1.07858e-22	6.01367e-21	4.11126e-19	2.10432e-17	8.06723e-16	2.3002e-14	4.04846e-13	3.3032e-12	2.9821e-11	2.26464e-10	1.87202e-09	2.07907e-08	1.83404e-07	9.22143e-07	2.34879e-06	3.61858e-06	6.47112e-06	1.69148e-05	4.37529e-05	8.36547e-05	0.000121498	0.000204114	0.000561797	0.00226637	0.0096192	0.033717	0.0885673	0.167867	0.226915	0.218378	0.147648	0.0713048	0.0250175	0.00627257	0.00117615	0.000183097	1.97799e-05	1.9563e-06	1.78961e-07	1.14397e-08	6.34805e-10	4.17542e-11	1.30236e-12	5.43306e-14	1.59905e-15	4.24792e-17	7.34122e-19	2.03231e-20	2.2174e-22	4.71214e-24	4.3943e-26	7.12281e-28	4.68968e-30	6.92463e-32	3.38401e-34	3.9918e-36	1.62167e-38	1.52766e-40	4.90086e-43	3.91915e-45	1.00439e-47	6.58341e-50	1.49134e-52	7.81212e-55	1.42902e-57	6.86112e-60	1.05392e-62	4.19983e-65	7.15074e-68	3.38975e-70	2.04986e-72	
N22	1.20517e-23	3.7974e-22	1.65282e-20	6.0327e-19	1.77533e-17	4.1937e-16	7.68448e-15	9.40243e-14	9.64829e-13	8.70422e-12	6.57222e-11	5.29552e-10	3.88398e-09	2.06578e-08	7.36009e-08	1.80738e-07	3.84401e-07	9.97434e-07	3.0996e-06	8.8233e-06	2.06914e-05	4.23683e-05	9.80365e-05	0.000366568	0.00185887	0.00874313	0.0321571	0.0869382	0.168316	0.23027	0.221097	0.148798	0.0704964	0.0237087	0.00578251	0.0010888	0.000170179	2.76155e-05	5.69093e-06	9.44614e-07	1.48674e-07	2.20399e-08	2.05102e-09	1.76484e-10	1.39453e-11	7.26529e-13	3.52122e-14	1.69885e-15	5.36387e-17	2.00136e-18	6.16985e-20	2.1244e-21	5.42482e-23	1.9835e-24	4.17048e-26	1.28881e-27	2.23139e-29	5.5355e-31	7.60869e-33	1.53035e-34	1.67628e-36	2.72821e-38	2.48127e-40	3.2661e-42	2.38942e-44	2.74437e-46	1.67928e-48	1.66491e-50	1.16503e-52	1.57452e-54	3.26282e-56	
N23	1.31677e-25	4.65095e-24	2.24083e-22	8.82105e-21	2.73823e-19	6.66185e-18	1.24161e-16	1.59785e-15	1.75194e-14	1.71448e-13	1.46215e-12	1.36409e-11	1.21247e-10	8.11952e-10	3.63181e-09	1.08446e-08	2.8176e-08	9.48437e-08	3.93814e-07	1.4263e-06	3.77482e-06	7.55016e-06	1.5544e-05	5.8076e-05	0.000371431	0.00244105	0.0126587	0.0472206	0.122085	0.214321	0.252243	0.197877	0.103628	0.0365434	0.00882066	0.00149802	0.000185493	1.82758e-05	1.79336e-06	1.7541e-07	1.93794e-08	2.37042e-09	1.8508e-10	1.36759e-11	9.73703e-13	4.24013e-14	1.76912e-15	7.26247e-17	1.83223e-18	4.91701e-20	1.21205e-21	2.42139e-23	4.38413e-25	1.10807e-26	1.66231e-28	4.2177e-30	5.82188e-32	1.28511e-33	1.43906e-35	2.65458e-37	2.3947e-39	3.58486e-41	2.66577e-43	3.23638e-45	1.94778e-47	2.00387e-49	1.00088e-51	8.69482e-54	4.2814e-56	4.24671e-58	5.60474e-60	
Scirpus_expansus	0	0	0	0	0	0	0	0	0	0	0	0	0	0	0	0	0	0	0	0	0	0	0	0	0	0	0	0	0	0	0	1	0	0	0	0	0	0	0	0	0	0	0	0	0	0	0	0	0	0	0	0	0	0	0	0	0	0	0	0	0	0	0	0	0	0	0	0	0	0	0	
N24	4.70884e-28	2.01869e-26	1.16219e-24	5.35355e-23	1.92862e-21	5.43072e-20	1.17385e-18	1.67185e-17	2.02355e-16	2.32626e-15	2.26316e-14	2.74583e-13	3.63472e-12	3.6969e-11	2.33608e-10	8.00097e-10	2.02313e-09	7.82073e-09	4.67998e-08	2.38287e-07	7.32547e-07	1.28099e-06	1.64729e-06	3.71667e-06	2.68944e-05	0.000310629	0.00293598	0.0188724	0.077693	0.195975	0.291246	0.248563	0.121942	0.0353428	0.00630275	0.00072298	5.56948e-05	3.03699e-06	1.30691e-07	5.06284e-09	2.31e-10	1.3802e-11	6.2208e-13	2.62735e-14	1.04478e-15	2.68073e-17	6.37552e-19	1.43724e-20	2.12294e-22	3.05615e-24	4.14024e-26	4.05094e-28	3.83478e-30	4.1538e-32	3.13853e-34	3.5395e-36	2.82715e-38	3.16312e-40	2.1754e-42	2.17961e-44	1.23455e-46	1.01559e-48	4.75317e-51	3.18947e-53	1.21626e-55	6.86061e-58	2.17244e-60	1.04545e-62	3.22988e-65	1.74414e-67	1.13878e-69	
Scirpus_sylvaticus	0	0	0	0	0	0	0	0	0	0	0	0	0	0	0	0	0	0	0	0	0	0	0	0	0	0	0	0	0	0	1	0	0	0	0	0	0	0	0	0	0	0	0	0	0	0	0	0	0	0	0	0	0	0	0	0	0	0	0	0	0	0	0	0	0	0	0	0	0	0	0	
Scirpus_microcarpus	0	0	0	0	0	0	0	0	0	0	0	0	0	0	0	0	0	0	0	0	0	0	0	0	0	0	0	0	0	0	0	1	0	0	0	0	0	0	0	0	0	0	0	0	0	0	0	0	0	0	0	0	0	0	0	0	0	0	0	0	0	0	0	0	0	0	0	0	0	0	0	
Scirpus_maximowiczii	0	0	0	0	0	0	0	0	0	0	0	0	0	0	0	0	0	0	0	0	0	0	0	0	0	0	0	0	0	0	0	1	0	0	0	0	0	0	0	0	0	0	0	0	0	0	0	0	0	0	0	0	0	0	0	0	0	0	0	0	0	0	0	0	0	0	0	0	0	0	0	
N25	1.15868e-24	5.85922e-23	3.76106e-21	1.8528e-19	6.83926e-18	1.86624e-16	3.70056e-15	5.65714e-14	7.84807e-13	9.9584e-12	1.1894e-10	1.22953e-09	9.10032e-09	4.25638e-08	1.30656e-07	3.24782e-07	8.35031e-07	2.27646e-06	5.78925e-06	1.29424e-05	2.8936e-05	8.04704e-05	0.000307404	0.00146762	0.00693241	0.0267795	0.076947	0.157916	0.227649	0.228878	0.160023	0.078165	0.0269004	0.0065718	0.00116015	0.000153886	1.56798e-05	1.39156e-06	1.60462e-07	1.67284e-08	2.01272e-09	3.0518e-10	2.13877e-11	1.6337e-12	1.34182e-13	5.25105e-15	2.26109e-16	1.09143e-17	2.42652e-19	7.92572e-21	2.03756e-22	5.43735e-24	9.25545e-26	3.78839e-27	4.72975e-29	1.87042e-30	1.94737e-32	6.36594e-34	5.21802e-36	1.38693e-37	9.04366e-40	1.92314e-41	1.03588e-43	1.74943e-45	7.59373e-48	1.07585e-49	3.90237e-52	4.48542e-54	1.51684e-56	1.76392e-58	2.44107e-60	
N26	1.28643e-22	2.24797e-21	5.9264e-20	1.3734e-18	2.63815e-17	4.14386e-16	5.30742e-15	5.5046e-14	4.85958e-13	3.75471e-12	2.59091e-11	1.66195e-10	9.72388e-10	4.80941e-09	1.94516e-08	6.7823e-08	2.28052e-07	7.9811e-07	2.86432e-06	9.51425e-06	2.77962e-05	7.72684e-05	0.000222794	0.000690596	0.00243522	0.00921381	0.0309994	0.0812536	0.15716	0.219666	0.219966	0.15745	0.0807953	0.0299264	0.00811851	0.00166619	0.000270212	3.96047e-05	6.58768e-06	1.07507e-06	1.79143e-07	2.86738e-08	3.22126e-09	3.26928e-10	3.00589e-11	1.96544e-12	1.17288e-13	6.64302e-15	2.68735e-16	1.12474e-17	4.24953e-19	1.52565e-20	4.87268e-22	1.95607e-23	5.51602e-25	2.02393e-26	5.03264e-28	1.54826e-29	3.14929e-31	8.05779e-33	1.33371e-34	2.80685e-36	3.88781e-38	6.75809e-40	7.67845e-42	1.16939e-43	1.12935e-45	1.53782e-47	1.68613e-49	3.00267e-51	7.77153e-53	
Scirpus_polystachyus	0	0	0	0	0	0	0	0	0	0	0	0	0	0	0	0	0	0	0	0	0	0	0	0	0	0	0	0	0	1	0	0	0	0	0	0	0	0	0	0	0	0	0	0	0	0	0	0	0	0	0	0	0	0	0	0	0	0	0	0	0	0	0	0	0	0	0	0	0	0	0	
Scirpus_cyperinus	0	0	0	0	0	0	0	0	0	0	0	0	0	0	0	0	0	0	0	0	0	0	0	0	0	0	0	0	0	0	0	0	1	0	0	0	0	0	0	0	0	0	0	0	0	0	0	0	0	0	0	0	0	0	0	0	0	0	0	0	0	0	0	0	0	0	0	0	0	0	0	
N27	3.88017e-24	1.07973e-22	4.2688e-21	1.42306e-19	3.82733e-18	8.13055e-17	1.3226e-15	1.69797e-14	1.92377e-13	1.89018e-12	1.71976e-11	1.36532e-10	8.18437e-10	3.46278e-09	1.10013e-08	3.22609e-08	1.04657e-07	3.4425e-07	1.02102e-06	2.8591e-06	9.2737e-06	4.451e-05	0.000286908	0.00180401	0.00911988	0.0342923	0.0927527	0.177153	0.236271	0.218852	0.140792	0.0632341	0.0200193	0.00452469	0.000741764	9.01238e-05	8.32694e-06	6.24615e-07	4.58714e-08	3.57378e-09	3.36377e-10	3.55321e-11	2.66073e-12	1.85682e-13	1.21599e-14	5.39816e-16	2.2386e-17	8.87554e-19	2.40264e-20	6.53051e-22	1.65234e-23	3.41237e-25	6.66564e-27	1.63224e-28	2.80065e-30	7.01344e-32	1.16353e-33	2.61554e-35	3.63049e-37	6.93719e-39	7.88892e-41	1.23845e-42	1.17099e-44	1.51135e-46	1.16966e-48	1.29354e-50	8.39296e-53	8.04626e-55	5.35174e-57	6.10868e-59	9.52558e-61	
N28	2.4003e-26	8.55629e-25	4.1624e-23	1.62788e-21	4.99426e-20	1.18615e-18	2.06064e-17	2.62399e-16	3.20695e-15	3.39218e-14	3.77482e-13	4.57467e-12	4.54731e-11	3.01058e-10	1.21625e-09	4.16894e-09	2.11112e-08	1.30711e-07	6.05356e-07	1.64583e-06	2.85379e-06	6.01231e-06	3.10922e-05	0.00029435	0.00260236	0.0163618	0.0676338	0.175795	0.276974	0.25833	0.14264	0.0477529	0.0100512	0.00138281	0.000129299	8.58313e-06	4.22733e-07	1.70404e-08	6.95303e-10	2.85689e-11	1.29178e-12	6.0282e-14	1.98521e-15	6.01085e-17	1.68075e-18	3.27549e-20	5.9112e-22	1.01988e-23	1.23289e-25	1.5214e-27	1.71915e-29	1.71165e-31	1.55608e-33	1.7739e-35	1.41644e-37	1.55418e-39	1.14731e-41	1.09758e-43	6.75072e-46	5.48621e-48	2.77894e-50	1.87264e-52	7.9807e-55	4.46288e-57	1.56999e-59	7.64136e-62	2.28169e-64	9.79826e-67	3.13776e-69	1.66783e-71	1.15457e-73	
Eriophorum_virginicum	0	0	0	0	0	0	0	0	0	0	0	0	0	0	0	0	0	0	0	0	0	0	0	0	0	0	0	0	1	0	0	0	0	0	0	0	0	0	0	0	0	0	0	0	0	0	0	0	0	0	0	0	0	0	0	0	0	0	0	0	0	0	0	0	0	0	0	0	0	0	0	
Eriophorum_gracile	0	0	0	0	0	0	0	0	0	0	0	0	0	0	0	0	0	0	0	0	0	0	0	0	0	0	0	0	0	1	0	0	0	0	0	0	0	0	0	0	0	0	0	0	0	0	0	0	0	0	0	0	0	0	0	0	0	0	0	0	0	0	0	0	0	0	0	0	0	0	0	
Eriophorum_angustifolium_subsp_angustifolium	0	0	0	0	0	0	0	0	0	0	0	0	0	0	0	0	0	0	0	0	0	0	0	0	0	0	0	0	1	0	0	0	0	0	0	0	0	0	0	0	0	0	0	0	0	0	0	0	0	0	0	0	0	0	0	0	0	0	0	0	0	0	0	0	0	0	0	0	0	0	0	
Scirpus_radicans	0	0	0	0	0	0	0	0	0	0	0	0	0	0	0	0	0	0	0	0	0	0	0	0	0	0	0	1	0	0	0	0	0	0	0	0	0	0	0	0	0	0	0	0	0	0	0	0	0	0	0	0	0	0	0	0	0	0	0	0	0	0	0	0	0	0	0	0	0	0	0	
Scirpus_divaricatus	0	0	0	0	0	0	0	0	0	0	0	0	0	1	0	0	0	0	0	0	0	0	0	0	0	0	0	0	0	0	0	0	0	0	0	0	0	0	0	0	0	0	0	0	0	0	0	0	0	0	0	0	0	0	0	0	0	0	0	0	0	0	0	0	0	0	0	0	0	0	0	
N29	0.00235448	0.00312078	0.00472016	0.00762003	0.0124385	0.0198414	0.0300757	0.0431206	0.0580557	0.0730905	0.0861972	0.0955624	0.0989059	0.096443	0.0885023	0.0762349	0.0618786	0.0477103	0.0343406	0.023558	0.0153063	0.00936478	0.0054158	0.00305791	0.00157142	0.000802513	0.000388878	0.000180708	7.80414e-05	3.75358e-05	1.42255e-05	6.53459e-06	2.57314e-06	1.11231e-06	3.77127e-07	1.93456e-07	5.4975e-08	2.65249e-08	8.02539e-09	3.49492e-09	8.87863e-10	4.28513e-10	9.23022e-11	4.08696e-11	9.08805e-12	3.5287e-12	6.73843e-13	2.79665e-13	4.65918e-14	1.72625e-14	2.9395e-15	9.73586e-16	1.45096e-16	5.06685e-17	6.60542e-18	2.05103e-18	2.83552e-19	7.53982e-20	9.28625e-21	2.8395e-21	2.87201e-22	7.198e-23	8.93884e-24	2.00808e-24	1.94296e-25	5.08166e-26	4.43915e-27	1.10151e-27	1.4421e-28	5.15263e-29	3.3748e-29	
N30	0.00238624	0.00324642	0.00504385	0.00823131	0.0133541	0.0209291	0.0310575	0.0435605	0.057531	0.0713835	0.0833925	0.0919639	0.0953835	0.093564	0.086781	0.0759504	0.0628827	0.0494075	0.0365385	0.02566	0.0170854	0.0107351	0.0063966	0.00365291	0.00195385	0.00100812	0.00049842	0.000234473	0.000105881	4.7841e-05	1.98873e-05	8.41701e-06	3.43458e-06	1.3631e-06	5.14315e-07	2.06013e-07	7.10498e-08	2.64417e-08	9.00667e-09	3.08754e-09	9.51167e-10	3.25482e-10	9.04041e-11	2.84823e-11	7.75334e-12	2.23652e-12	5.50693e-13	1.57946e-13	3.5277e-14	9.299e-15	2.03567e-15	4.92025e-16	9.81995e-17	2.36687e-17	4.29033e-18	9.46865e-19	1.70889e-19	3.45655e-20	5.71098e-21	1.16837e-21	1.75106e-22	3.27614e-23	5.01933e-24	8.63235e-25	1.21279e-25	2.19904e-26	3.06642e-27	5.91243e-28	1.16421e-28	3.21291e-29	1.49687e-29	
N31	9.00656e-10	4.61096e-09	3.11617e-08	1.92947e-07	1.03779e-06	4.80344e-06	1.9194e-05	6.7027e-05	0.000205692	0.000556172	0.00134627	0.00297663	0.00608359	0.0117215	0.0212364	0.0358674	0.056128	0.0811629	0.106155	0.126081	0.134222	0.126694	0.105805	0.0787005	0.0507916	0.0291588	0.0147216	0.00651344	0.00253261	0.000886791	0.000266503	7.26094e-05	1.74491e-05	3.71659e-06	6.97815e-07	1.20946e-07	1.78127e-08	2.44101e-09	2.94788e-10	3.21341e-11	3.0853e-12	2.80541e-13	2.15712e-14	1.58627e-15	1.02824e-16	6.16014e-18	3.25657e-19	1.67696e-20	7.29464e-22	3.11688e-23	1.17696e-24	4.20542e-26	1.32979e-27	4.20034e-29	1.11913e-30	2.99909e-32	7.13299e-34	1.63355e-35	3.32651e-37	6.90715e-39	1.2128e-40	2.19075e-42	3.56369e-44	5.72918e-46	8.48596e-48	1.34266e-49	1.95789e-51	3.1155e-53	4.92357e-55	8.05334e-57	1.6053e-58	
N32	1.01665e-10	5.10453e-10	3.68083e-09	2.59284e-08	1.62809e-07	8.86913e-07	4.19008e-06	1.71646e-05	6.11411e-05	0.000190247	0.000528947	0.001349	0.00321441	0.00718373	0.0149433	0.0286459	0.0500701	0.0788851	0.110534	0.13653	0.147512	0.138398	0.112457	0.0790276	0.0477798	0.0249441	0.011264	0.00438362	0.00148377	0.000443292	0.000115028	2.70059e-05	5.84677e-06	1.14225e-06	2.11021e-07	3.93791e-08	6.28972e-09	1.02105e-09	1.54406e-10	2.09078e-11	2.55945e-12	3.2379e-13	3.19193e-14	3.3559e-15	3.01162e-16	2.66445e-17	1.97718e-18	1.63294e-19	1.0182e-20	7.27719e-22	4.09617e-23	2.53315e-24	1.21884e-25	6.91121e-27	2.84535e-28	1.39846e-29	5.2424e-31	2.24143e-32	7.27883e-34	2.89134e-35	8.13378e-37	2.83561e-38	7.65323e-40	2.33611e-41	5.57418e-43	1.72798e-44	3.94968e-46	1.26518e-47	4.14131e-49	1.77786e-50	1.0924e-51	
N33	3.55091e-12	2.08913e-11	1.95602e-10	1.77455e-09	1.40477e-08	9.50757e-08	5.51771e-07	2.75592e-06	1.18994e-05	4.4608e-05	0.000147866	0.000443742	0.00123066	0.00318169	0.00763514	0.016838	0.0336949	0.0603396	0.095133	0.13052	0.154255	0.155493	0.133204	0.096848	0.0592746	0.0307599	0.0136012	0.00508038	0.00163587	0.000473256	0.00011596	2.70486e-05	6.09254e-06	1.21814e-06	2.30022e-07	4.79233e-08	7.08446e-09	1.18665e-09	1.66299e-10	2.18982e-11	2.30479e-12	2.95185e-13	2.38457e-14	2.53595e-15	1.84748e-16	1.63393e-17	9.53151e-19	7.78728e-20	3.72275e-21	2.5739e-22	1.08096e-23	6.28053e-25	2.20436e-26	1.16219e-27	3.39737e-29	1.50749e-30	4.06161e-32	1.52925e-33	3.51674e-35	1.26984e-36	2.45485e-38	7.5664e-40	1.52867e-41	3.97427e-43	6.81221e-45	1.97749e-46	2.96169e-48	7.83912e-50	1.85311e-51	7.01967e-53	3.9567e-54	
N34	6.14904e-11	2.21138e-10	1.25775e-09	7.555e-09	4.24801e-08	2.16773e-07	9.97618e-07	4.14856e-06	1.56386e-05	5.35224e-05	0.000166791	0.000474178	0.00123305	0.00294734	0.00650305	0.0132621	0.0249675	0.043217	0.0682235	0.0974179	0.124534	0.140895	0.139994	0.121502	0.0914853	0.0598926	0.0342064	0.0170019	0.00746548	0.00296716	0.0010523	0.000352866	0.000114587	3.44655e-05	1.00128e-05	2.92101e-06	7.21768e-07	1.77376e-07	3.99196e-08	8.1129e-09	1.4886e-09	2.79378e-10	4.2395e-11	6.80934e-12	9.39946e-13	1.30464e-13	1.53007e-14	1.95641e-15	1.96165e-16	2.18045e-17	1.95891e-18	1.88616e-19	1.45717e-20	1.28201e-21	8.52195e-23	6.5329e-24	4.01239e-25	2.70153e-26	1.45767e-27	9.40371e-29	4.48046e-30	2.58664e-31	1.23746e-32	6.41068e-34	2.80508e-35	1.5469e-36	6.78577e-38	3.97015e-39	2.40258e-40	1.73406e-41	1.85462e-42	
Carex_eburnea	0	0	0	0	0	0	0	0	0	0	0	0	0	0	0	0	0	0	0	0	0	0	0	0	0	0	1	0	0	0	0	0	0	0	0	0	0	0	0	0	0	0	0	0	0	0	0	0	0	0	0	0	0	0	0	0	0	0	0	0	0	0	0	0	0	0	0	0	0	0	0	
Carex_cruciata	0	0	0	0	0	0	0	0	0	0	0	0	0	0	0	0	0	0	0	0	1	0	0	0	0	0	0	0	0	0	0	0	0	0	0	0	0	0	0	0	0	0	0	0	0	0	0	0	0	0	0	0	0	0	0	0	0	0	0	0	0	0	0	0	0	0	0	0	0	0	0	
N35	4.22287e-17	9.84597e-16	3.11597e-14	8.02821e-13	1.58557e-11	2.40115e-10	2.884e-09	2.7189e-08	2.00781e-07	1.17168e-06	5.75059e-06	2.51377e-05	0.000101242	0.000377844	0.00130097	0.00406696	0.0113154	0.0276333	0.0582413	0.103962	0.153788	0.184646	0.177613	0.13578	0.081787	0.0389326	0.0147088	0.00440096	0.00106071	0.000211589	3.42699e-05	4.81204e-06	6.00791e-07	6.37127e-08	6.03503e-09	5.41834e-10	3.75653e-11	2.47093e-12	1.38539e-13	6.60759e-15	2.64879e-16	1.05314e-17	3.09443e-19	9.44474e-21	2.29571e-22	5.49035e-24	1.02956e-25	2.1016e-27	3.09862e-29	5.09896e-31	6.28744e-33	8.36774e-35	8.30681e-37	9.52936e-39	7.65828e-41	7.21783e-43	5.08422e-45	3.98463e-47	2.33892e-49	1.67314e-51	8.22741e-54	5.00821e-56	2.37373e-58	1.23232e-60	5.06226e-63	2.69508e-65	1.04264e-67	5.59212e-70	3.03067e-72	2.00683e-74	1.56144e-76	
N36	6.08e-19	2.20053e-17	1.03726e-15	3.82195e-14	1.05864e-12	2.20209e-11	3.4919e-10	4.21364e-09	3.98149e-08	3.06277e-07	2.0284e-06	1.18909e-05	6.1875e-05	0.000284528	0.00114944	0.00404258	0.0122106	0.0312368	0.0667472	0.117506	0.167922	0.19195	0.173427	0.12283	0.0679136	0.0293646	0.00998143	0.00267553	0.000569714	9.78082e-05	1.34382e-05	1.55663e-06	1.7125e-07	1.60952e-08	1.5704e-09	1.81118e-10	1.29517e-11	1.0125e-12	7.40051e-14	3.60502e-15	1.57252e-16	8.24225e-18	2.22882e-19	9.07858e-21	2.27672e-22	7.59282e-24	1.36028e-25	4.46742e-27	6.06148e-29	1.64045e-30	1.81526e-32	3.92527e-34	3.41884e-36	6.16058e-38	4.24746e-40	6.11795e-42	3.56908e-44	4.16063e-46	1.98356e-48	2.00203e-50	7.75546e-53	6.53601e-55	2.5432e-57	1.67184e-59	5.37629e-62	4.11037e-64	1.12612e-66	7.22863e-69	3.59959e-71	3.55077e-73	5.40572e-75	
N37	1.14678e-19	5.29865e-18	3.17181e-16	1.46488e-14	5.02647e-13	1.27854e-11	2.46848e-10	3.60904e-09	4.08106e-08	3.66424e-07	2.70454e-06	1.70562e-05	9.46997e-05	0.00045653	0.00186393	0.00638393	0.018318	0.0440276	0.0881779	0.144899	0.190452	0.19491	0.152712	0.0916726	0.0430192	0.0162883	0.00508673	0.00130139	0.000266323	4.28669e-05	5.33663e-06	5.36128e-07	5.01856e-08	4.10028e-09	3.62975e-10	3.87356e-11	2.48413e-12	1.67585e-13	1.07336e-14	4.20441e-16	1.51833e-17	6.24236e-19	1.31439e-20	4.01148e-22	7.8295e-24	1.95215e-25	2.65555e-27	6.7164e-29	6.80569e-31	1.41035e-32	1.13838e-34	1.84516e-36	1.14696e-38	1.49866e-40	7.21109e-43	7.34685e-45	2.90008e-47	2.33418e-49	7.349e-52	4.95867e-54	1.24095e-56	6.85884e-59	1.69706e-61	7.11983e-64	1.43968e-66	7.09803e-69	1.23608e-71	5.16847e-74	1.74553e-76	1.16375e-78	1.13951e-80	
N38	1.47905e-16	2.71339e-15	6.97841e-14	1.59616e-12	3.01829e-11	4.66817e-10	5.94395e-09	6.27769e-08	5.52596e-07	4.05279e-06	2.46839e-05	0.000124698	0.00052679	0.00188725	0.0058187	0.015561	0.0360961	0.0721085	0.121948	0.170416	0.191603	0.169482	0.116347	0.0617495	0.0254532	0.0082292	0.00210822	0.000429855	6.98943e-05	9.12467e-06	9.52344e-07	8.32164e-08	7.00967e-09	5.29285e-10	4.49661e-11	4.82569e-12	3.29519e-13	2.54031e-14	1.9805e-15	1.01559e-16	5.07025e-18	3.14318e-19	1.02339e-20	5.20836e-22	1.69182e-23	7.3986e-25	1.76384e-26	8.19646e-28	1.53656e-29	6.23669e-31	9.99898e-33	3.41454e-34	4.52603e-36	1.34795e-37	1.48273e-39	3.67972e-41	3.54214e-43	7.3417e-45	5.93052e-47	1.07577e-48	7.20278e-51	1.11035e-52	7.47722e-55	9.10762e-57	5.18613e-59	7.52295e-61	3.78478e-63	4.70981e-65	4.55558e-67	8.98409e-69	3.01596e-70	
Carex_richardsonii	0	0	0	0	0	0	0	0	0	0	0	0	0	0	0	0	0	0	0	0	0	0	0	0	0	1	0	0	0	0	0	0	0	0	0	0	0	0	0	0	0	0	0	0	0	0	0	0	0	0	0	0	0	0	0	0	0	0	0	0	0	0	0	0	0	0	0	0	0	0	0	
N39	2.53455e-13	2.7827e-12	4.30176e-11	6.16336e-10	7.52838e-09	7.68013e-08	6.53344e-07	4.63127e-06	2.72779e-05	0.000132774	0.000536198	0.00182527	0.00536193	0.0138033	0.0312693	0.0620351	0.106115	0.153076	0.181809	0.174244	0.132867	0.0799103	0.0377513	0.0140017	0.00408583	0.000942178	0.000172702	2.53098e-05	2.98947e-06	2.88403e-07	2.2925e-08	1.56614e-09	1.02868e-10	6.45721e-12	4.63295e-13	4.11802e-14	2.71615e-15	1.90165e-16	1.34344e-17	6.64354e-19	3.23502e-20	1.74772e-21	6.05281e-23	2.71023e-24	9.6794e-26	3.9429e-27	1.14556e-28	5.13733e-30	1.25851e-31	5.11506e-33	1.10999e-34	3.89697e-36	7.14105e-38	2.2137e-39	3.41759e-41	9.01127e-43	1.22952e-44	2.77847e-46	3.23769e-48	6.60511e-50	6.54149e-52	1.16838e-53	1.16456e-55	1.73555e-57	1.5116e-59	2.58921e-61	2.12011e-63	3.54019e-65	5.69344e-67	1.6131e-68	6.76138e-70	
Carex_capillaris	0	0	0	0	0	0	0	0	1	0	0	0	0	0	0	0	0	0	0	0	0	0	0	0	0	0	0	0	0	0	0	0	0	0	0	0	0	0	0	0	0	0	0	0	0	0	0	0	0	0	0	0	0	0	0	0	0	0	0	0	0	0	0	0	0	0	0	0	0	0	0	
Carex_baccans	0	0	0	0	0	0	0	0	0	0	0	0	0	0	0	0	0	0	0	0	0	0	1	0	0	0	0	0	0	0	0	0	0	0	0	0	0	0	0	0	0	0	0	0	0	0	0	0	0	0	0	0	0	0	0	0	0	0	0	0	0	0	0	0	0	0	0	0	0	0	0	
N40	6.6384e-18	1.30073e-16	3.64075e-15	8.98957e-14	1.84061e-12	3.09336e-11	4.28461e-10	4.78103e-09	4.31957e-08	3.3596e-07	2.30985e-06	1.41629e-05	8.16478e-05	0.000434795	0.00196573	0.00702704	0.0191956	0.04076	0.0726776	0.116509	0.16411	0.186186	0.161283	0.107647	0.0591279	0.0303128	0.0158327	0.00803931	0.00395983	0.00223215	0.00117048	0.000703069	0.00043961	0.000182251	6.94225e-05	2.72991e-05	6.20656e-06	1.6808e-06	3.39217e-07	7.11595e-08	1.0027e-08	2.0871e-09	2.16718e-10	3.66443e-11	3.01051e-12	3.89216e-13	2.38284e-14	2.43222e-15	1.13111e-16	8.87619e-18	3.27869e-19	1.9831e-20	5.72336e-22	3.02378e-23	6.80309e-25	2.85004e-26	6.5218e-28	2.22636e-29	4.55801e-31	1.91117e-32	3.21725e-34	1.09313e-35	2.63694e-37	6.81115e-39	1.22099e-40	4.41703e-42	5.6083e-44	1.45703e-45	3.125e-47	1.06067e-48	5.86584e-50	
Carex_granularis	0	0	0	0	0	0	0	0	0	0	0	0	0	0	0	0	0	0	0	0	1	0	0	0	0	0	0	0	0	0	0	0	0	0	0	0	0	0	0	0	0	0	0	0	0	0	0	0	0	0	0	0	0	0	0	0	0	0	0	0	0	0	0	0	0	0	0	0	0	0	0	
N41	1.96573e-18	3.00201e-17	7.09223e-16	1.49114e-14	2.62531e-13	3.83947e-12	4.68408e-11	4.6859e-10	3.84584e-09	2.6904e-08	1.69773e-07	9.80062e-07	5.20783e-06	2.58721e-05	0.000113884	0.000399634	0.00108074	0.00236884	0.00440784	0.00698349	0.00998567	0.0132956	0.0155363	0.0161702	0.0170087	0.0182832	0.017772	0.0157756	0.0167358	0.0256831	0.0434234	0.0752149	0.121818	0.148901	0.150527	0.13389	0.0780247	0.0417651	0.0170294	0.00581586	0.00148778	0.00038959	6.61088e-05	1.22744e-05	1.52793e-06	2.02261e-07	1.77022e-08	1.77823e-09	1.12579e-10	8.40674e-12	4.1107e-13	2.32419e-14	8.65642e-16	4.11313e-17	1.18728e-18	4.48952e-20	1.17733e-21	3.65325e-23	8.10218e-25	2.51002e-26	4.70409e-28	1.22913e-29	2.49292e-31	5.41112e-33	9.16673e-35	2.15028e-36	3.11699e-38	6.60739e-40	1.3551e-41	3.60194e-43	1.28937e-44	
Carex_pseudocyperus	0	0	0	0	0	0	0	0	0	0	0	0	0	0	0	0	0	0	0	0	0	0	0	0	0	0	0	0	0	0	0	0	1	0	0	0	0	0	0	0	0	0	0	0	0	0	0	0	0	0	0	0	0	0	0	0	0	0	0	0	0	0	0	0	0	0	0	0	0	0	0	
Carex_oligosperma	0	0	0	0	0	0	0	0	0	0	0	0	0	0	0	0	0	0	0	0	0	0	0	0	0	0	0	0	0	0	0	0	0	0	0	0	0	1	0	0	0	0	0	0	0	0	0	0	0	0	0	0	0	0	0	0	0	0	0	0	0	0	0	0	0	0	0	0	0	0	0	
N42	3.8478e-15	3.21507e-14	4.28587e-13	5.5141e-12	6.26392e-11	6.17342e-10	5.27678e-09	3.90934e-08	2.52808e-07	1.43309e-06	7.22476e-06	3.29706e-05	0.000136528	0.00050468	0.00163697	0.00463812	0.0115571	0.0253361	0.0481677	0.077724	0.105947	0.125286	0.134135	0.133072	0.11932	0.0927549	0.0608414	0.0331219	0.0153659	0.00649349	0.00245939	0.000935787	0.000360909	0.000116908	3.48067e-05	9.93776e-06	2.09201e-06	4.35253e-07	7.81253e-08	1.24884e-08	1.69962e-09	2.52004e-10	2.7158e-11	3.38407e-12	3.14748e-13	3.23602e-14	2.41008e-15	2.11473e-16	1.26589e-17	9.08509e-19	4.55931e-20	2.68388e-21	1.10103e-22	5.75065e-24	1.94003e-25	8.52533e-27	2.68529e-28	1.01418e-29	2.80177e-31	1.07644e-32	2.63042e-34	8.99436e-36	2.45545e-37	7.33034e-39	1.76794e-40	5.88231e-42	1.28369e-43	4.05831e-45	1.27824e-46	5.12889e-48	2.90409e-49	
Carex_pallescens	0	0	0	0	0	0	0	0	0	0	0	0	0	0	0	0	0	0	0	0	0	0	0	0	0	0	0	0	0	0	0	1	0	0	0	0	0	0	0	0	0	0	0	0	0	0	0	0	0	0	0	0	0	0	0	0	0	0	0	0	0	0	0	0	0	0	0	0	0	0	0	
Carex_albursina	0	0	0	0	0	0	0	0	0	0	0	0	0	0	0	0	0	0	0	0	0	1	0	0	0	0	0	0	0	0	0	0	0	0	0	0	0	0	0	0	0	0	0	0	0	0	0	0	0	0	0	0	0	0	0	0	0	0	0	0	0	0	0	0	0	0	0	0	0	0	0	
N43	1.16122e-16	1.42064e-15	2.72897e-14	4.84955e-13	7.34181e-12	9.25944e-11	9.83649e-10	8.85623e-09	6.82879e-08	4.50252e-07	2.53363e-06	1.21792e-05	5.09493e-05	0.000188151	0.000617006	0.00180355	0.00473756	0.0112816	0.024413	0.0478625	0.0838324	0.127955	0.165329	0.17624	0.151766	0.104847	0.0583788	0.0261569	0.00980556	0.00333076	0.000984796	0.000290979	8.61306e-05	2.0675e-05	4.50769e-06	9.57771e-07	1.42423e-07	2.15808e-08	2.71822e-09	3.09648e-10	2.85183e-11	2.96805e-12	2.08335e-13	1.77184e-14	1.04237e-15	7.12167e-17	3.26468e-18	1.86847e-19	6.73972e-21	3.09039e-22	9.18213e-24	3.37746e-25	8.04915e-27	2.58632e-28	4.96022e-30	1.30765e-31	2.31869e-33	5.12096e-35	7.79305e-37	1.73928e-38	2.26339e-40	4.34642e-42	6.36105e-44	1.03064e-45	1.28309e-47	2.35832e-49	2.5213e-51	4.17462e-53	6.66544e-55	1.43697e-56	4.22933e-58	
Carex_pendula	0	0	0	0	0	0	0	0	0	0	0	0	0	0	0	0	0	0	0	0	0	0	0	0	0	0	0	0	1	0	0	0	0	0	0	0	0	0	0	0	0	0	0	0	0	0	0	0	0	0	0	0	0	0	0	0	0	0	0	0	0	0	0	0	0	0	0	0	0	0	0	
N44	5.1898e-16	5.13279e-15	7.77888e-14	1.12653e-12	1.42949e-11	1.56045e-10	1.46525e-09	1.18602e-08	8.31838e-08	5.07688e-07	2.71197e-06	1.26819e-05	5.19236e-05	0.000187189	0.000601352	0.00173776	0.00453793	0.0107462	0.023192	0.0456893	0.0809601	0.125331	0.164109	0.177015	0.154524	0.108297	0.0609038	0.02758	0.0102186	0.00318831	0.000851148	0.000204587	4.66968e-05	9.39628e-06	1.77843e-06	3.45227e-07	5.06957e-08	7.77888e-09	1.21244e-09	1.40626e-10	1.56866e-11	2.16516e-12	1.67481e-13	1.93161e-14	1.56219e-15	1.54569e-16	9.39577e-18	1.02292e-18	4.90471e-20	4.62006e-21	1.97859e-22	1.55063e-23	5.36661e-25	3.82746e-26	1.08453e-27	6.51042e-29	1.65363e-30	8.46321e-32	1.83728e-33	8.68834e-35	1.62399e-36	6.83812e-38	1.28881e-39	4.65536e-41	7.69138e-43	2.96249e-44	4.36166e-46	1.4801e-47	2.96156e-49	1.39334e-50	1.05669e-51	
Carex_hostiana	0	0	0	0	0	0	0	0	0	0	0	0	0	0	0	0	0	0	0	0	0	0	0	0	0	0	0	1	0	0	0	0	0	0	0	0	0	0	0	0	0	0	0	0	0	0	0	0	0	0	0	0	0	0	0	0	0	0	0	0	0	0	0	0	0	0	0	0	0	0	0	
Carex_echinochloe	0	0	0	0	0	0	0	0	0	0	0	0	0	0	0	0	0	0	0	0	1	0	0	0	0	0	0	0	0	0	0	0	0	0	0	0	0	0	0	0	0	0	0	0	0	0	0	0	0	0	0	0	0	0	0	0	0	0	0	0	0	0	0	0	0	0	0	0	0	0	0	
Carex_dissitiflora	0	0	0	0	0	0	0	0	0	0	0	0	0	0	0	0	0	0	1	0	0	0	0	0	0	0	0	0	0	0	0	0	0	0	0	0	0	0	0	0	0	0	0	0	0	0	0	0	0	0	0	0	0	0	0	0	0	0	0	0	0	0	0	0	0	0	0	0	0	0	0	
N45	8.91046e-11	4.19941e-10	3.08018e-09	2.22127e-08	1.41186e-07	7.73107e-07	3.65256e-06	1.50151e-05	5.41795e-05	0.000172511	0.000489389	0.00124875	0.00289739	0.00619328	0.0122896	0.022641	0.0386062	0.0606049	0.0866719	0.112373	0.131047	0.135906	0.124852	0.101543	0.071883	0.0449329	0.0249255	0.0120461	0.00521734	0.00218954	0.000767628	0.000281308	0.000100229	3.2235e-05	9.34731e-06	3.29259e-06	7.23261e-07	2.06051e-07	4.33617e-08	9.84877e-09	1.55709e-09	3.47752e-10	4.2365e-11	7.93978e-12	8.66188e-13	1.34362e-13	1.17284e-14	1.66893e-15	1.19435e-16	1.42811e-17	9.02767e-19	9.00901e-20	4.76144e-21	4.39383e-22	1.9229e-23	1.47806e-24	6.19784e-26	3.98544e-27	1.42392e-28	9.33015e-30	2.7269e-31	1.47333e-32	4.91936e-34	2.19874e-35	5.915e-37	3.18215e-38	7.11332e-40	3.2718e-41	1.17402e-42	7.58709e-44	8.18029e-45	
N46	1.19015e-12	6.75714e-12	6.1368e-11	5.43793e-10	4.23881e-09	2.84822e-08	1.65379e-07	8.34221e-07	3.68202e-06	1.42672e-05	4.9087e-05	0.000151837	0.000427418	0.00110431	0.00263075	0.00578723	0.0117685	0.0220688	0.0378762	0.0592431	0.0841011	0.107921	0.125145	0.130983	0.122329	0.102166	0.076221	0.050209	0.0296484	0.016175	0.00779528	0.00359771	0.00158619	0.000633218	0.000236249	8.87505e-05	2.67738e-05	8.20719e-06	2.21702e-06	5.53546e-07	1.20021e-07	2.76648e-08	4.91738e-09	9.67159e-10	1.55713e-10	2.62475e-11	3.54895e-12	5.46376e-13	6.20925e-14	8.14309e-15	8.15894e-16	9.01994e-17	7.55897e-18	7.49887e-19	5.23281e-20	4.36763e-21	2.76781e-22	1.95725e-23	1.05372e-24	7.0151e-26	3.2035e-27	1.82892e-28	8.233e-30	4.0346e-31	1.57487e-32	7.96871e-34	2.90843e-35	1.46815e-36	7.41251e-38	4.66298e-39	4.2525e-40	
N47	3.66548e-16	4.24293e-15	7.64072e-14	1.26356e-12	1.74564e-11	1.96717e-10	1.85015e-09	1.4512e-08	9.51607e-08	5.13749e-07	2.3347e-06	9.41012e-06	3.53549e-05	0.000123808	0.000401282	0.00122408	0.0035556	0.00962327	0.0232096	0.0479597	0.0828261	0.118573	0.142407	0.147572	0.135893	0.112249	0.0815792	0.0503863	0.0258885	0.0110036	0.00386819	0.00116796	0.000321255	8.62694e-05	2.43078e-05	7.21497e-06	2.03727e-06	5.47579e-07	1.35877e-07	2.94705e-08	5.77301e-09	1.07704e-09	1.63918e-10	2.40626e-11	3.14142e-12	3.60824e-13	3.62736e-14	3.6396e-15	2.83019e-16	2.24941e-17	1.49618e-18	9.47565e-20	4.96038e-21	2.73198e-22	1.13524e-23	5.06653e-25	1.8027e-26	6.57117e-28	1.89477e-29	6.02209e-31	1.42118e-32	3.76513e-34	7.81693e-36	1.73687e-37	3.04329e-39	6.24452e-41	1.00155e-42	2.01092e-44	3.90608e-46	9.37988e-48	2.98612e-49	
N48	3.29775e-19	3.68706e-18	6.47147e-17	1.04619e-15	1.43889e-14	1.63515e-13	1.58472e-12	1.31683e-11	9.83942e-11	6.26375e-10	3.03303e-09	1.1731e-08	4.37461e-08	1.57243e-07	4.61023e-07	1.16676e-06	3.18891e-06	1.10885e-05	4.43928e-05	0.000157685	0.000425958	0.000803001	0.00102945	0.00101276	0.000989994	0.00110168	0.00151519	0.00246761	0.0036327	0.00395406	0.00292888	0.00150965	0.000602655	0.000261381	0.000194941	0.000199459	0.000226288	0.000470248	0.0017236	0.0063356	0.0196913	0.0520381	0.0999019	0.160411	0.195051	0.184957	0.13061	0.0778116	0.0323256	0.0116615	0.00309402	0.000703011	0.000119192	1.86685e-05	2.11992e-06	2.29499e-07	1.90657e-08	1.48651e-09	9.00255e-11	5.50211e-12	2.51002e-13	1.1847e-14	4.51086e-16	1.69626e-17	5.3047e-19	1.84837e-20	5.39091e-22	1.8563e-23	6.34603e-25	2.32809e-26	1.10108e-27	
Uncinia_uncinata	0	0	0	0	0	0	0	0	0	0	0	0	0	0	0	0	0	0	0	0	0	0	0	0	0	0	0	0	0	0	0	0	0	0	0	0	0	0	0	0	0	0	0	1	0	0	0	0	0	0	0	0	0	0	0	0	0	0	0	0	0	0	0	0	0	0	0	0	0	0	0	
Uncinia_phleoides	0	0	0	0	0	0	0	0	0	0	0	0	0	0	0	0	0	0	0	0	0	0	0	0	0	0	0	0	0	0	0	0	0	0	0	0	0	0	0	0	0	0	0	0	0	0	0	1	0	0	0	0	0	0	0	0	0	0	0	0	0	0	0	0	0	0	0	0	0	0	0	
N49	2.24056e-16	2.38132e-15	3.97785e-14	6.27667e-13	8.52742e-12	9.73268e-11	9.34959e-10	7.571e-09	5.20665e-08	3.05972e-07	1.56298e-06	7.08273e-06	2.90618e-05	0.000109636	0.000384261	0.00125595	0.00378999	0.0103323	0.0247577	0.0508673	0.0880904	0.127647	0.155298	0.160238	0.141454	0.106865	0.0683702	0.0364554	0.0160128	0.00577168	0.00171459	0.000429341	9.4356e-05	1.91275e-05	3.77534e-06	7.35201e-07	1.35711e-07	2.31207e-08	3.53306e-09	4.7325e-10	5.58523e-11	5.80806e-12	5.23714e-13	4.16469e-14	2.91284e-15	1.7762e-16	9.51874e-18	4.53261e-19	1.87708e-20	6.93183e-22	2.26672e-23	6.60282e-25	1.70096e-26	4.15892e-28	8.69559e-30	1.87714e-31	3.92408e-33	8.41639e-35	1.6612e-36	4.91485e-38	8.4736e-40	2.03874e-41	4.6343e-43	8.05633e-45	1.32976e-46	2.98075e-48	3.66623e-50	6.33855e-52	1.32154e-53	3.4905e-55	1.60197e-56	
N50	2.32131e-15	1.8947e-14	2.32501e-13	2.7923e-12	2.99061e-11	2.7931e-10	2.27274e-09	1.61855e-08	1.01682e-07	5.67296e-07	2.82906e-06	1.26856e-05	5.15584e-05	0.000191423	0.000651758	0.00202857	0.00571693	0.0144007	0.0319154	0.0612623	0.100465	0.139433	0.163063	0.160512	0.132922	0.0924353	0.053771	0.0260212	0.0104386	0.00347108	0.000957678	0.00022196	4.4313e-05	7.70836e-06	1.23595e-06	1.99219e-07	2.90294e-08	4.39979e-09	7.30661e-10	9.47457e-11	1.26531e-11	1.9668e-12	1.91033e-13	2.25153e-14	2.47013e-15	2.1981e-16	1.70941e-17	1.86337e-18	1.0774e-19	1.07876e-20	6.26275e-22	5.73166e-23	2.72969e-24	2.54029e-25	1.01473e-26	8.29089e-28	2.97335e-29	2.09488e-30	6.37536e-32	4.02327e-33	1.04366e-34	5.73318e-36	1.36961e-37	6.39671e-39	1.309e-40	5.86357e-42	1.07869e-43	4.36976e-45	9.95625e-47	5.67398e-48	5.34624e-49	
Carex_pauciflora	0	0	0	0	0	0	0	0	0	0	0	0	0	0	0	0	0	0	1	0	0	0	0	0	0	0	0	0	0	0	0	0	0	0	0	0	0	0	0	0	0	0	0	0	0	0	0	0	0	0	0	0	0	0	0	0	0	0	0	0	0	0	0	0	0	0	0	0	0	0	0	
Carex_leptalea_subsp_leptalea	0	0	0	0	0	0	0	0	0	0	0	0	0	0	0	0	0	0	0	0	0	0	0	0	0	1	0	0	0	0	0	0	0	0	0	0	0	0	0	0	0	0	0	0	0	0	0	0	0	0	0	0	0	0	0	0	0	0	0	0	0	0	0	0	0	0	0	0	0	0	0	
Carex_capitata	0	0	0	0	0	0	0	0	0	0	0	0	0	0	0	0	0	0	0	0	0	0	0	0	1	0	0	0	0	0	0	0	0	0	0	0	0	0	0	0	0	0	0	0	0	0	0	0	0	0	0	0	0	0	0	0	0	0	0	0	0	0	0	0	0	0	0	0	0	0	0	
N51	2.58982e-12	9.81116e-12	5.98049e-11	3.84237e-10	2.30295e-09	1.24899e-08	6.09387e-08	2.68028e-07	1.06889e-06	3.88075e-06	1.28808e-05	3.91139e-05	0.000108552	0.000274937	0.000635383	0.00134393	0.00262849	0.00481446	0.00834938	0.0137994	0.0217013	0.0322837	0.0453706	0.0605726	0.0770362	0.0935092	0.107123	0.113118	0.108906	0.0954654	0.0746082	0.0536042	0.0359825	0.0220172	0.012763	0.00729458	0.00361287	0.00175324	0.000785006	0.00031234	0.000112317	4.00577e-05	1.15663e-05	3.39754e-06	8.67705e-07	2.12483e-07	4.46815e-08	9.88008e-09	1.73037e-09	3.25337e-10	5.02761e-11	8.03965e-12	1.04778e-12	1.50179e-13	1.65446e-14	2.02959e-15	2.00789e-16	2.12169e-17	1.8039e-18	1.75739e-19	1.29057e-20	1.10067e-21	7.71043e-23	5.78603e-24	3.62823e-25	2.77525e-26	1.72252e-27	1.39117e-28	1.15944e-29	1.15703e-30	1.77058e-31	
Kobresia_myosuroides	0	0	0	0	0	0	0	0	0	0	0	0	0	0	0	0	0	0	0	0	0	0	0	0	0	0	0	0	1	0	0	0	0	0	0	0	0	0	0	0	0	0	0	0	0	0	0	0	0	0	0	0	0	0	0	0	0	0	0	0	0	0	0	0	0	0	0	0	0	0	0	
Kobresia_simpliciuscula	0	0	0	0	0	0	0	0	0	0	0	0	0	0	0	0	0	0	0	0	0	0	0	0	0	0	0	0	0	0	0	0	0	0	1	0	0	0	0	0	0	0	0	0	0	0	0	0	0	0	0	0	0	0	0	0	0	0	0	0	0	0	0	0	0	0	0	0	0	0	0	
N52	4.54654e-11	2.25714e-10	1.65395e-09	1.20254e-08	7.85867e-08	4.46732e-07	2.20953e-06	9.6531e-06	3.76072e-05	0.000130095	0.000395586	0.00104105	0.00237362	0.00480477	0.00896993	0.0157903	0.0263374	0.0415403	0.0617864	0.0864338	0.111914	0.131107	0.136562	0.124974	0.0993935	0.0686657	0.0411678	0.0213162	0.009597	0.00379682	0.00130449	0.000400996	0.000111641	2.77668e-05	6.36085e-06	1.39229e-06	2.65791e-07	4.87279e-08	8.22006e-09	1.23925e-09	1.69353e-10	2.25593e-11	2.49447e-12	2.73822e-13	2.66356e-14	2.43774e-15	1.96404e-16	1.61889e-17	1.09407e-18	7.70593e-20	4.64033e-21	2.80426e-22	1.43948e-23	7.87522e-25	3.45823e-26	1.63733e-27	6.51094e-29	2.6827e-30	9.25928e-32	3.52856e-33	1.06241e-34	3.57396e-36	1.02061e-37	3.05675e-39	7.91204e-41	2.40261e-42	6.24496e-44	2.01505e-45	6.68903e-47	2.53602e-48	1.31534e-49	
Carex_gibba	0	0	0	0	0	0	0	0	0	0	0	0	0	0	0	0	1	0	0	0	0	0	0	0	0	0	0	0	0	0	0	0	0	0	0	0	0	0	0	0	0	0	0	0	0	0	0	0	0	0	0	0	0	0	0	0	0	0	0	0	0	0	0	0	0	0	0	0	0	0	0	
N53	1.8624e-15	2.21449e-14	3.90703e-13	6.13136e-12	7.92973e-11	8.2364e-10	7.00229e-09	5.04844e-08	3.15249e-07	1.71904e-06	7.90486e-06	2.94428e-05	9.02468e-05	0.000242772	0.000603229	0.00136118	0.0027935	0.00551471	0.0110136	0.0220985	0.0419961	0.0715231	0.10663	0.138526	0.154616	0.148548	0.121968	0.0835267	0.0483601	0.0246357	0.0102069	0.0038805	0.00132314	0.00038024	9.47291e-05	2.32156e-05	4.05797e-06	7.1744e-07	1.01544e-07	1.30612e-08	1.31692e-09	1.42677e-10	1.0529e-11	8.79927e-13	5.33353e-14	3.47159e-15	1.61186e-16	8.89431e-18	3.22942e-19	1.4264e-20	4.34475e-22	1.542e-23	3.77785e-25	1.17568e-26	2.32357e-28	5.9084e-30	1.05565e-31	2.22308e-33	3.31858e-35	6.6425e-37	8.22157e-39	1.38042e-40	1.72784e-42	2.44248e-44	2.579e-46	3.85107e-48	3.63051e-50	5.16329e-52	7.06628e-54	1.30416e-55	3.17526e-57	
N54	5.15484e-16	4.13535e-15	5.36396e-14	6.5746e-13	6.97101e-12	6.2925e-11	4.84835e-10	3.2025e-09	1.8312e-08	9.30599e-08	4.32499e-07	1.80287e-06	6.73061e-06	2.30033e-05	7.19552e-05	0.00020227	0.000499797	0.00106251	0.0019996	0.00369386	0.00738287	0.0156311	0.0313112	0.0533194	0.073226	0.0827893	0.0848556	0.0905108	0.103523	0.114002	0.108608	0.0880711	0.0621832	0.0376804	0.0208444	0.0110057	0.00473508	0.00187474	0.00065004	0.000179777	4.26923e-05	9.44938e-06	1.57071e-06	2.55441e-07	3.48084e-08	4.36551e-09	4.54143e-10	4.94243e-11	4.03795e-12	3.56247e-13	2.43063e-14	1.73611e-15	9.48414e-17	5.73404e-18	2.5213e-19	1.24647e-20	4.66368e-22	1.90735e-23	5.88621e-25	2.12814e-26	5.47089e-28	1.68363e-29	4.02617e-31	1.06064e-32	2.21818e-34	5.94763e-36	1.22346e-37	3.49274e-39	1.03878e-40	3.71556e-42	1.77566e-43	
Carex_radiata	0	0	0	0	0	0	0	0	0	0	0	0	0	0	0	0	0	0	0	0	0	0	0	0	0	0	0	0	1	0	0	0	0	0	0	0	0	0	0	0	0	0	0	0	0	0	0	0	0	0	0	0	0	0	0	0	0	0	0	0	0	0	0	0	0	0	0	0	0	0	0	
Carex_macrocephala	0	0	0	0	0	0	0	0	0	0	0	0	0	0	0	0	0	0	0	0	0	0	0	0	0	0	0	0	0	0	0	0	0	0	0	0	1	0	0	0	0	0	0	0	0	0	0	0	0	0	0	0	0	0	0	0	0	0	0	0	0	0	0	0	0	0	0	0	0	0	0	
N55	1.30677e-19	2.91403e-18	1.10975e-16	3.76454e-15	1.02443e-13	2.1485e-12	3.40032e-11	4.41635e-10	4.97802e-09	4.93973e-08	4.32975e-07	2.99051e-06	1.48527e-05	5.29989e-05	0.000155483	0.000433355	0.00111773	0.00241636	0.00447763	0.00848305	0.0184973	0.0421146	0.086278	0.145723	0.193764	0.198033	0.153401	0.089193	0.0389814	0.0128928	0.00323239	0.000626775	9.55005e-05	1.1423e-05	1.09802e-06	8.71129e-08	5.47159e-09	2.91283e-10	1.33231e-11	4.98776e-13	1.63443e-14	5.32479e-16	1.28216e-17	3.2152e-19	7.0306e-21	1.30971e-22	2.03429e-24	3.65404e-26	6.82836e-28	7.6067e-29	1.39862e-29	2.99784e-30	5.12707e-31	1.17997e-31	1.78093e-32	3.7844e-33	5.73889e-34	1.13253e-34	1.55151e-35	3.12183e-36	3.90746e-37	7.43878e-38	9.2721e-39	1.65292e-39	1.91064e-40	3.4546e-41	3.84016e-42	6.94197e-43	1.00172e-43	2.46261e-44	7.38512e-45	
Carex_satsumensis	0	0	0	0	0	0	0	0	0	0	0	0	0	0	0	0	0	0	1	0	0	0	0	0	0	0	0	0	0	0	0	0	0	0	0	0	0	0	0	0	0	0	0	0	0	0	0	0	0	0	0	0	0	0	0	0	0	0	0	0	0	0	0	0	0	0	0	0	0	0	0	
N56	1.30661e-19	2.91395e-18	1.10974e-16	3.76452e-15	1.02442e-13	2.14848e-12	3.4003e-11	4.41632e-10	4.978e-09	4.93971e-08	4.32973e-07	2.99048e-06	1.48525e-05	5.29984e-05	0.000155482	0.000433354	0.00111772	0.00241635	0.00447761	0.00848303	0.0184973	0.0421145	0.0862779	0.145723	0.193764	0.198033	0.153401	0.0891931	0.0389815	0.0128928	0.0032324	0.000626778	9.55021e-05	1.14233e-05	1.09809e-06	8.71519e-08	5.47385e-09	2.92397e-10	1.34269e-11	5.24578e-13	1.70026e-14	9.96567e-16	1.50673e-17	4.39904e-18	2.44052e-20	2.32286e-20	2.21736e-23	8.18935e-23	1.05794e-26	1.76751e-25	1.76306e-29	2.42763e-28	5.03391e-33	2.1666e-31	5.54293e-37	1.2782e-34	2.90106e-40	5.10967e-38	4.22592e-44	1.41684e-41	1.02169e-47	2.76199e-45	3.74536e-51	3.89301e-49	1.34651e-54	4.05146e-53	3.54889e-58	3.12003e-57	6.88242e-62	1.84196e-61	1.20186e-63	
Carex_diandra	0	0	0	0	0	0	0	0	0	0	0	0	0	0	0	0	0	0	0	0	0	0	0	0	0	0	0	0	0	1	0	0	0	0	0	0	0	0	0	0	0	0	0	0	0	0	0	0	0	0	0	0	0	0	0	0	0	0	0	0	0	0	0	0	0	0	0	0	0	0	0	
N57	7.38568e-24	5.2926e-22	4.59869e-20	2.95856e-18	1.39833e-16	4.60613e-15	9.71806e-14	1.62034e-12	2.5087e-11	3.54673e-10	4.7791e-09	4.94567e-08	3.0827e-07	1.12217e-06	3.23367e-06	9.72384e-06	3.127e-05	9.02052e-05	0.000223893	0.000543788	0.00141829	0.00456233	0.0167266	0.0537301	0.128991	0.216539	0.246799	0.188121	0.0965764	0.0344781	0.00885331	0.0018447	0.000368967	6.97773e-05	1.38876e-05	2.94705e-06	4.27144e-07	5.78137e-08	6.4905e-09	5.1303e-10	3.29644e-11	2.09545e-12	8.17301e-14	3.56524e-15	1.10928e-16	3.58539e-18	7.83996e-20	2.18089e-21	3.5054e-23	7.54584e-25	9.47281e-27	1.55817e-28	1.48102e-30	1.94818e-32	1.41122e-34	1.43724e-36	8.48928e-39	6.81268e-41	3.1726e-43	2.17611e-45	8.02765e-48	4.50104e-50	1.58776e-52	7.13163e-55	2.0959e-57	1.02294e-59	2.68255e-62	1.23767e-64	5.65141e-67	3.81906e-69	3.15225e-71	
N58	8.26776e-25	4.6811e-23	3.42749e-21	1.99979e-19	9.04071e-18	3.00547e-16	7.09128e-15	1.44332e-13	2.46066e-12	3.62264e-11	4.30405e-10	3.60914e-09	1.92252e-08	7.34672e-08	3.09101e-07	1.52008e-06	6.5277e-06	2.19148e-05	6.89127e-05	0.000256309	0.00101792	0.00387366	0.014464	0.0494338	0.13051	0.232785	0.263347	0.185946	0.0830609	0.0254796	0.00672228	0.00204564	0.000687443	0.000203156	5.08754e-05	1.32008e-05	3.31539e-06	9.43772e-07	2.94552e-07	5.37133e-08	8.96008e-09	1.41454e-09	1.20819e-10	1.00599e-11	7.50456e-13	3.55858e-14	1.54712e-15	7.95067e-17	2.30419e-18	1.11115e-19	2.97681e-21	1.27032e-22	2.57353e-24	9.17558e-26	1.39604e-27	3.7984e-29	4.46112e-31	9.31526e-33	8.40313e-35	1.38907e-36	9.73779e-39	1.28052e-40	7.61701e-43	7.82654e-45	3.68718e-47	3.44849e-49	1.38485e-51	1.10559e-53	6.04695e-56	7.95342e-58	1.69739e-59	
Carex_foenea	0	0	0	0	0	0	0	0	0	0	0	0	0	0	0	0	0	0	0	0	0	0	0	0	0	0	0	0	0	0	0	0	0	0	0	0	0	0	0	0	1	0	0	0	0	0	0	0	0	0	0	0	0	0	0	0	0	0	0	0	0	0	0	0	0	0	0	0	0	0	0	
N59	1.57436e-24	5.90787e-23	3.02882e-21	1.27723e-19	4.27033e-18	1.10745e-16	2.24554e-15	3.84533e-14	5.67696e-13	7.57565e-12	8.81149e-11	7.66587e-10	4.58444e-09	2.09591e-08	9.45911e-08	4.21177e-07	1.51937e-06	4.29537e-06	1.25097e-05	5.53136e-05	0.000364808	0.0025281	0.0141938	0.0568049	0.150827	0.253753	0.263717	0.168632	0.0675891	0.01772	0.00326355	0.000467592	5.77856e-05	6.45755e-06	6.60515e-07	6.30523e-08	5.56541e-09	4.46648e-10	3.07036e-11	1.68739e-12	7.48322e-14	2.66828e-15	7.41654e-17	1.66104e-18	3.04984e-20	4.54321e-22	5.71045e-24	6.57708e-26	6.50094e-28	7.6534e-30	8.78709e-32	1.30503e-33	1.44318e-35	2.46349e-37	2.29446e-39	3.19765e-41	3.09134e-43	3.32791e-45	2.62946e-47	2.84461e-49	1.8023e-51	1.43364e-53	1.02305e-55	5.76472e-58	2.9754e-60	1.86031e-62	7.25019e-65	4.1411e-67	2.79936e-69	2.94133e-71	3.95258e-73	
Carex_conferta	0	0	0	0	0	0	0	0	0	0	0	0	0	0	0	0	0	0	0	0	0	0	0	0	0	1	0	0	0	0	0	0	0	0	0	0	0	0	0	0	0	0	0	0	0	0	0	0	0	0	0	0	0	0	0	0	0	0	0	0	0	0	0	0	0	0	0	0	0	0	0	
Carex_arcta	0	0	0	0	0	0	0	0	0	0	0	0	0	0	0	0	0	0	0	0	0	0	0	0	0	0	1	0	0	0	0	0	0	0	0	0	0	0	0	0	0	0	0	0	0	0	0	0	0	0	0	0	0	0	0	0	0	0	0	0	0	0	0	0	0	0	0	0	0	0	0	
N60	2.0004e-25	1.41821e-23	1.24698e-21	8.27895e-20	4.08721e-18	1.52432e-16	4.18939e-15	5.90911e-14	7.5097e-13	8.50724e-12	7.03984e-11	8.34669e-10	9.27593e-09	6.96874e-08	3.26186e-07	9.13314e-07	2.14228e-06	7.86872e-06	3.55366e-05	0.000137645	0.000400668	0.000846858	0.00184279	0.0071121	0.0303667	0.0942847	0.194873	0.261645	0.225787	0.125083	0.044758	0.0106638	0.00185481	0.000256172	3.50161e-05	5.39329e-06	5.80474e-07	5.58259e-08	4.73372e-09	2.46444e-10	1.12686e-11	4.78599e-13	1.2538e-14	3.43084e-16	7.89268e-18	1.67227e-19	2.8553e-21	6.59489e-23	8.9664e-25	1.7858e-26	1.99477e-28	3.13506e-30	2.69124e-32	3.35818e-34	2.21508e-36	2.15545e-38	1.13928e-40	8.80912e-43	3.6751e-45	2.38752e-47	7.92655e-50	4.25526e-52	1.32073e-54	5.62833e-57	1.44044e-59	6.48382e-62	1.54069e-64	7.07726e-67	3.49134e-69	2.7917e-71	2.75787e-73	
N61	2.46041e-26	1.20616e-24	7.80201e-23	4.0623e-21	1.65548e-19	5.23051e-18	1.25315e-16	2.15399e-15	3.19255e-14	4.06534e-13	4.59529e-12	5.53846e-11	6.10833e-10	4.9577e-09	2.59896e-08	9.11837e-08	3.18994e-07	1.56183e-06	8.38625e-06	3.32997e-05	8.11316e-05	0.000131547	0.000230085	0.000842822	0.00489702	0.0246744	0.0857609	0.192658	0.272118	0.237664	0.12736	0.0423225	0.00933477	0.00153136	0.000263654	7.15642e-05	1.21099e-05	1.94236e-06	3.09784e-07	2.32784e-08	1.71088e-09	1.25009e-10	4.43066e-12	1.82268e-13	6.56421e-15	1.8747e-16	4.44716e-18	1.94904e-19	3.50427e-21	1.54567e-22	2.30218e-24	8.1378e-26	9.21029e-28	2.54005e-29	2.19938e-31	4.65388e-33	3.18718e-35	5.25555e-37	2.83948e-39	3.77598e-41	1.61851e-43	1.74179e-45	7.07384e-48	5.63072e-50	1.81481e-52	1.51437e-54	4.45314e-57	3.29364e-59	2.06404e-61	3.4031e-63	8.94363e-65	
Carex_disticha	0	0	0	0	0	0	0	0	0	0	0	0	0	0	0	0	0	0	0	0	0	0	0	0	0	0	0	0	0	0	1	0	0	0	0	0	0	0	0	0	0	0	0	0	0	0	0	0	0	0	0	0	0	0	0	0	0	0	0	0	0	0	0	0	0	0	0	0	0	0	0	
Carex_chordorrhiza	0	0	0	0	0	0	0	0	0	0	0	0	0	0	0	0	0	0	0	0	0	0	0	0	0	0	0	0	0	0	1	0	0	0	0	0	0	0	0	0	0	0	0	0	0	0	0	0	0	0	0	0	0	0	0	0	0	0	0	0	0	0	0	0	0	0	0	0	0	0	0	
Carex_deweyana_var_deweyana	0	0	0	0	0	0	0	0	0	0	0	0	0	0	0	0	0	0	0	0	0	0	0	0	0	0	1	0	0	0	0	0	0	0	0	0	0	0	0	0	0	0	0	0	0	0	0	0	0	0	0	0	0	0	0	0	0	0	0	0	0	0	0	0	0	0	0	0	0	0	0	
N62	0.00275588	0.00959545	0.0367467	0.105359	0.20649	0.264405	0.213724	0.111237	0.0385707	0.00927287	0.00161083	0.000209716	2.094e-05	1.65302e-06	1.05144e-07	5.4735e-09	2.37208e-10	8.69006e-12	2.70531e-13	7.27302e-15	1.70068e-16	3.47794e-18	6.27881e-20	1.00997e-21	1.44474e-23	1.86234e-25	2.1691e-27	2.28588e-29	2.19526e-31	1.93721e-33	1.55875e-35	1.16123e-37	8.00577e-40	5.10264e-42	3.02657e-44	1.68728e-46	8.70526e-49	4.24536e-51	1.94769e-53	8.38457e-56	3.40618e-58	1.32342e-60	4.79329e-63	1.66704e-65	5.50567e-68	1.72279e-70	5.12531e-73	1.47685e-75	3.9742e-78	1.03889e-80	2.58992e-83	6.16433e-86	1.40008e-88	3.11225e-91	6.46436e-94	1.31852e-96	2.57484e-99	4.84791e-102	8.76427e-105	1.57322e-107	2.66666e-110	4.5307e-113	7.52127e-116	1.24003e-118	2.02809e-121	3.39288e-124	5.59576e-127	9.41922e-130	1.57986e-132	2.6408e-135	4.69818e-138	
Carex_pachygyna	0	0	0	0	0	1	0	0	0	0	0	0	0	0	0	0	0	0	0	0	0	0	0	0	0	0	0	0	0	0	0	0	0	0	0	0	0	0	0	0	0	0	0	0	0	0	0	0	0	0	0	0	0	0	0	0	0	0	0	0	0	0	0	0	0	0	0	0	0	0	0	
Carex_siderosticta	0	0	0	0	0	1	0	0	0	0	0	0	0	0	0	0	0	0	0	0	0	0	0	0	0	0	0	0	0	0	0	0	0	0	0	0	0	0	0	0	0	0	0	0	0	0	0	0	0	0	0	0	0	0	0	0	0	0	0	0	0	0	0	0	0	0	0	0	0	0	0	
N63	2.54971e-07	4.67973e-07	1.11685e-06	2.85723e-06	7.21194e-06	1.74639e-05	3.98925e-05	8.64309e-05	0.000177387	0.000344439	0.000634587	0.00111353	0.00185332	0.002963	0.00455933	0.00676141	0.00974161	0.0137934	0.019095	0.0260767	0.0347341	0.0445274	0.0546007	0.0641631	0.071158	0.0760618	0.0784326	0.0781111	0.0754091	0.0710093	0.062934	0.0535472	0.0429232	0.0322963	0.0229475	0.0159222	0.0105292	0.00712791	0.00492364	0.00349974	0.00251802	0.00185414	0.00128543	0.000881325	0.000569499	0.000348955	0.000199427	0.000111219	5.58604e-05	2.74203e-05	1.24825e-05	5.3931e-06	2.15816e-06	8.49789e-07	2.99264e-07	1.04031e-07	3.34742e-08	1.03078e-08	2.9405e-09	8.35634e-10	2.13083e-10	5.4587e-11	1.31469e-11	3.11406e-12	7.08833e-13	1.67136e-13	3.79085e-14	9.03197e-15	2.19867e-15	5.98545e-16	2.45448e-16	
Trichophorum_cespitosum	0	0	0	0	0	0	0	0	0	0	0	0	0	0	0	0	0	0	0	0	0	0	0	0	0	0	0	0	0	0	0	0	0	0	0	0	0	0	0	0	0	0	0	0	0	0	0	0	0	0	0	1	0	0	0	0	0	0	0	0	0	0	0	0	0	0	0	0	0	0	0	
Trichophorum_alpinum	0	0	0	0	0	0	0	0	0	0	0	0	0	0	0	0	0	0	0	0	0	0	0	0	0	0	0	0	1	0	0	0	0	0	0	0	0	0	0	0	0	0	0	0	0	0	0	0	0	0	0	0	0	0	0	0	0	0	0	0	0	0	0	0	0	0	0	0	0	0	0	
N64	0.112558	0.117472	0.117147	0.112251	0.103728	0.0928774	0.0799269	0.0667298	0.0538952	0.0420146	0.0316823	0.0232103	0.016339	0.0111747	0.00739433	0.00472037	0.00291422	0.00175285	0.00100996	0.000567848	0.000309358	0.000162896	8.31298e-05	4.17573e-05	2.00098e-05	9.4795e-06	4.36741e-06	1.95692e-06	8.51912e-07	3.71578e-07	1.52986e-07	6.34082e-08	2.54697e-08	1.00176e-08	3.80395e-09	1.46995e-09	5.26035e-10	1.92368e-10	6.73694e-11	2.3274e-11	7.66542e-12	2.60216e-12	8.04707e-13	2.5777e-13	7.81377e-14	2.35698e-14	6.70841e-15	1.99462e-15	5.32932e-16	1.49272e-16	3.921e-17	1.0344e-17	2.55325e-18	6.65985e-19	1.54278e-19	3.78802e-20	8.66831e-21	2.00462e-21	4.3171e-22	9.92013e-23	2.01255e-23	4.38276e-24	8.95259e-25	1.88183e-25	3.78646e-26	8.44599e-27	1.80392e-27	4.38004e-28	1.12455e-28	3.47808e-29	1.7277e-29	
N65	0.0284742	0.0344756	0.0441958	0.0572432	0.0722808	0.0872694	0.098618	0.10458	0.103436	0.0950635	0.0812989	0.064928	0.0479234	0.0330163	0.0211493	0.0125628	0.00693636	0.0035805	0.00170533	0.000760301	0.000315766	0.000121913	4.38962e-05	1.48844e-05	4.66355e-06	1.38028e-06	3.82801e-07	9.93423e-08	2.41937e-08	5.61643e-09	1.20662e-09	2.48028e-10	4.80565e-11	8.78353e-12	1.51455e-12	2.5226e-13	3.88354e-14	5.79568e-15	8.17846e-16	1.09704e-16	1.39113e-17	1.72411e-18	1.96946e-19	2.20631e-20	2.3383e-21	2.37257e-22	2.27683e-23	2.15862e-24	1.88043e-25	1.62305e-26	1.325e-27	1.04368e-28	7.77446e-30	5.77838e-31	3.93637e-32	2.68366e-33	1.73207e-34	1.08768e-35	6.47721e-37	3.89427e-38	2.15979e-39	1.21936e-40	6.63181e-42	3.60467e-43	1.92475e-44	1.07208e-45	5.84401e-47	3.32877e-48	1.90439e-49	1.1262e-50	9.58836e-52	
Rhynchospora_albiceps	0	0	0	0	0	0	0	0	0	1	0	0	0	0	0	0	0	0	0	0	0	0	0	0	0	0	0	0	0	0	0	0	0	0	0	0	0	0	0	0	0	0	0	0	0	0	0	0	0	0	0	0	0	0	0	0	0	0	0	0	0	0	0	0	0	0	0	0	0	0	0	
N66	0.0030969	0.00506856	0.00995997	0.0197256	0.0363099	0.0604235	0.0891445	0.11713	0.136309	0.139851	0.126486	0.101074	0.0704911	0.0433505	0.0234152	0.0110797	0.00461172	0.00170773	0.000552153	0.000160165	4.14284e-05	9.56143e-06	1.98097e-06	3.80536e-07	6.42883e-08	1.02584e-08	1.49633e-09	2.01884e-10	2.4895e-11	3.03072e-12	3.18218e-13	3.35215e-14	3.19033e-15	2.90549e-16	2.37196e-17	1.99609e-18	1.39708e-19	1.02263e-20	6.58228e-22	4.2092e-23	2.3522e-24	1.40631e-25	6.85009e-27	3.62216e-28	1.65468e-29	7.73507e-31	3.11802e-32	1.39414e-33	4.97501e-35	1.98438e-36	6.78692e-38	2.42622e-39	7.41793e-41	2.58485e-42	7.06268e-44	2.21353e-45	5.91487e-47	1.66952e-48	4.02859e-50	1.12952e-51	2.442e-53	6.17533e-55	1.33541e-56	3.09434e-58	6.14836e-60	1.4756e-61	2.95562e-63	7.50887e-65	1.91419e-66	5.74407e-68	2.32202e-69	
Rhynchospora_rubra	0	0	0	0	0	0	0	0	0	1	0	0	0	0	0	0	0	0	0	0	0	0	0	0	0	0	0	0	0	0	0	0	0	0	0	0	0	0	0	0	0	0	0	0	0	0	0	0	0	0	0	0	0	0	0	0	0	0	0	0	0	0	0	0	0	0	0	0	0	0	0	
Rhynchospora_globosa	0	0	0	0	0	0	0	0	0	0	0	1	0	0	0	0	0	0	0	0	0	0	0	0	0	0	0	0	0	0	0	0	0	0	0	0	0	0	0	0	0	0	0	0	0	0	0	0	0	0	0	0	0	0	0	0	0	0	0	0	0	0	0	0	0	0	0	0	0	0	0	
N67	0.0907784	0.0970855	0.101116	0.102402	0.100526	0.0956142	0.0870574	0.0764466	0.0644765	0.0520939	0.0404127	0.0302545	0.0216141	0.0149187	0.00990776	0.00631586	0.003875	0.00230742	0.00130949	0.000722679	0.000384736	0.000197155	9.74598e-05	4.72518e-05	2.17285e-05	9.84147e-06	4.3113e-06	1.82859e-06	7.49294e-07	3.06537e-07	1.17625e-07	4.53012e-08	1.6819e-08	6.09426e-09	2.12121e-09	7.50263e-10	2.44191e-10	8.11437e-11	2.56969e-11	8.01013e-12	2.36853e-12	7.21647e-13	1.9892e-13	5.67967e-14	1.52637e-14	4.07551e-15	1.0212e-15	2.67414e-16	6.24697e-17	1.53096e-17	3.498e-18	8.02376e-19	1.71175e-19	3.86439e-20	7.68886e-21	1.62441e-21	3.17814e-22	6.28743e-23	1.15088e-23	2.25312e-24	3.86048e-25	7.11756e-26	1.22209e-26	2.1596e-27	3.62489e-28	6.76652e-29	1.19916e-29	2.42377e-30	5.13253e-31	1.28933e-31	5.246e-32	
N68	5.93327e-06	1.68204e-05	6.30727e-05	0.000227586	0.000735088	0.00210272	0.00528893	0.0118487	0.0237073	0.0423764	0.0678703	0.0974459	0.122834	0.136301	0.132685	0.11415	0.0882921	0.0624696	0.0400432	0.0239216	0.0134404	0.00721249	0.00372073	0.00184714	0.000840204	0.000354056	0.000134511	4.5724e-05	1.38626e-05	3.83593e-06	9.25165e-07	2.04654e-07	4.04471e-08	7.19576e-09	1.14589e-09	1.70033e-10	2.19781e-11	2.66726e-12	2.91301e-13	2.91737e-14	2.63462e-15	2.27046e-16	1.71026e-17	1.23915e-18	8.13774e-20	4.99583e-21	2.78622e-22	1.51686e-23	7.24254e-25	3.39678e-26	1.45271e-27	5.9119e-29	2.19765e-30	8.12618e-32	2.64068e-33	8.58049e-35	2.55565e-36	7.34683e-38	1.94081e-39	5.1851e-41	1.22605e-42	2.95781e-44	6.66084e-46	1.48912e-47	3.17953e-49	7.14689e-51	1.53371e-52	3.49668e-54	7.95884e-56	1.86096e-57	5.60273e-59	
Rhynchospora_chinensis	0	0	0	0	0	0	0	0	0	0	0	0	0	0	0	0	0	0	0	0	0	0	0	0	0	0	0	0	0	0	1	0	0	0	0	0	0	0	0	0	0	0	0	0	0	0	0	0	0	0	0	0	0	0	0	0	0	0	0	0	0	0	0	0	0	0	0	0	0	0	0	
N69	3.82346e-08	1.92847e-07	1.45786e-06	1.05295e-05	6.56801e-05	0.00034548	0.00153194	0.00575296	0.0180793	0.0465598	0.0961645	0.156353	0.196964	0.191505	0.143894	0.0840813	0.038744	0.014312	0.00429636	0.00106869	0.000223343	3.95716e-05	5.99713e-06	7.81075e-07	8.72539e-08	8.39581e-09	6.96038e-10	4.9711e-11	3.071e-12	1.64857e-13	7.68249e-15	3.13518e-16	1.12477e-17	3.55063e-19	9.9493e-21	2.50827e-22	5.62661e-24	1.15893e-25	2.22525e-27	3.93528e-29	6.67861e-31	1.1562e-32	1.80545e-34	2.91549e-36	4.65742e-38	6.72639e-40	9.31135e-42	1.33903e-43	1.56781e-45	1.92953e-47	2.19006e-49	2.32559e-51	2.24965e-53	2.37135e-55	1.98401e-57	1.87471e-59	1.51431e-61	1.29763e-63	9.30812e-66	7.78609e-68	4.99739e-70	3.82259e-72	2.32271e-74	1.61597e-76	8.8801e-79	5.96914e-81	3.14008e-83	2.13484e-85	1.36811e-87	1.13355e-89	1.12402e-91	
Rhynchospora_capillacea	0	0	0	0	0	0	0	0	0	0	0	0	1	0	0	0	0	0	0	0	0	0	0	0	0	0	0	0	0	0	0	0	0	0	0	0	0	0	0	0	0	0	0	0	0	0	0	0	0	0	0	0	0	0	0	0	0	0	0	0	0	0	0	0	0	0	0	0	0	0	0	
Rhynchospora_alba	0	0	0	0	0	0	0	0	0	0	0	0	1	0	0	0	0	0	0	0	0	0	0	0	0	0	0	0	0	0	0	0	0	0	0	0	0	0	0	0	0	0	0	0	0	0	0	0	0	0	0	0	0	0	0	0	0	0	0	0	0	0	0	0	0	0	0	0	0	0	0	
N70	0.14266	0.146799	0.142322	0.13065	0.113844	0.0944595	0.0739303	0.0549809	0.0386873	0.0256613	0.0160585	0.0095045	0.00526507	0.00275348	0.00135406	0.000624241	0.000270371	0.000110606	4.21963e-05	1.52218e-05	5.16896e-06	1.64831e-06	4.95309e-07	1.41701e-07	3.78232e-08	9.64697e-09	2.3312e-09	5.32748e-10	1.15513e-10	2.42215e-11	4.73507e-12	8.99663e-13	1.62914e-13	2.81593e-14	4.63755e-15	7.51907e-16	1.12825e-16	1.67418e-17	2.36518e-18	3.21615e-19	4.15376e-20	5.35751e-21	6.32865e-22	7.4989e-23	8.40961e-24	9.15602e-25	9.41621e-26	9.80009e-27	9.25641e-28	8.88253e-29	8.02161e-30	7.10724e-31	5.91782e-32	5.04999e-33	3.88026e-34	3.06688e-35	2.27294e-36	1.66789e-37	1.14726e-38	8.18708e-40	5.25138e-41	3.52033e-42	2.23555e-43	1.43852e-44	8.96254e-46	6.02935e-47	3.92618e-48	2.79452e-49	2.02874e-50	1.57599e-51	1.84229e-52	
Rhynchospora_nervosa	0	0	0	0	1	0	0	0	0	0	0	0	0	0	0	0	0	0	0	0	0	0	0	0	0	0	0	0	0	0	0	0	0	0	0	0	0	0	0	0	0	0	0	0	0	0	0	0	0	0	0	0	0	0	0	0	0	0	0	0	0	0	0	0	0	0	0	0	0	0	0	
Rhynchospora_robusta	0	0	0	0	1	0	0	0	0	0	0	0	0	0	0	0	0	0	0	0	0	0	0	0	0	0	0	0	0	0	0	0	0	0	0	0	0	0	0	0	0	0	0	0	0	0	0	0	0	0	0	0	0	0	0	0	0	0	0	0	0	0	0	0	0	0	0	0	0	0	0	
N71	0.11016	0.114901	0.114478	0.109611	0.101297	0.090874	0.078531	0.0660873	0.054043	0.0428847	0.0331271	0.0250637	0.018353	0.0131906	0.00926351	0.0063436	0.00424852	0.00281249	0.00180117	0.00114407	0.000713471	0.000436366	0.000262109	0.000158041	9.16573e-05	5.36486e-05	3.08877e-05	1.75714e-05	9.80562e-06	5.59565e-06	3.02239e-06	1.67709e-06	9.06563e-07	4.8751e-07	2.54249e-07	1.37579e-07	6.89587e-08	3.6023e-08	1.80792e-08	9.10313e-09	4.38379e-09	2.21855e-09	1.02339e-09	4.9857e-10	2.30618e-10	1.07853e-10	4.77707e-11	2.25171e-11	9.5416e-12	4.31487e-12	1.8371e-12	7.9686e-13	3.24653e-13	1.42129e-13	5.53133e-14	2.31907e-14	9.09514e-15	3.65244e-15	1.37167e-15	5.58125e-16	2.00738e-16	7.86839e-17	2.90557e-17	1.11916e-17	4.14977e-18	1.73879e-18	7.08557e-19	3.41891e-19	1.84655e-19	1.27651e-19	1.22958e-19	
Calyptrocarya_glomerulata	0	0	0	0	0	0	0	0	0	1	0	0	0	0	0	0	0	0	0	0	0	0	0	0	0	0	0	0	0	0	0	0	0	0	0	0	0	0	0	0	0	0	0	0	0	0	0	0	0	0	0	0	0	0	0	0	0	0	0	0	0	0	0	0	0	0	0	0	0	0	0	
Scleria_foliosa	0	0	0	0	0	0	0	0	0	1	0	0	0	0	0	0	0	0	0	0	0	0	0	0	0	0	0	0	0	0	0	0	0	0	0	0	0	0	0	0	0	0	0	0	0	0	0	0	0	0	0	0	0	0	0	0	0	0	0	0	0	0	0	0	0	0	0	0	0	0	0	
N72	5.6771e-11	3.84831e-10	3.31775e-09	2.50589e-08	1.59994e-07	8.68206e-07	4.01494e-06	1.60386e-05	5.27272e-05	0.000146201	0.000406801	0.00115266	0.0029155	0.00719891	0.019788	0.0520708	0.111596	0.179479	0.200928	0.156102	0.0978467	0.0654684	0.0483836	0.0319184	0.0162464	0.00614369	0.00169551	0.00035323	6.29336e-05	1.39398e-05	5.38249e-06	2.6435e-06	1.20664e-06	4.71237e-07	1.54997e-07	4.29478e-08	9.76415e-09	1.84685e-09	2.87012e-10	3.65499e-11	3.83687e-12	3.38412e-13	2.4717e-14	1.54912e-15	8.32254e-17	3.86517e-18	1.56767e-19	5.68105e-21	1.79918e-22	5.16729e-24	1.33407e-25	3.11376e-27	6.60106e-29	1.30004e-30	2.30848e-32	3.84503e-34	5.92612e-36	8.50741e-38	1.14084e-39	1.46443e-41	1.74716e-43	2.01802e-45	2.22813e-47	2.37192e-49	2.43977e-51	2.46223e-53	2.38812e-55	2.26768e-57	2.08286e-59	1.85302e-61	1.88635e-63	
Cladium_mariscus	0	0	0	0	0	0	0	0	0	0	0	0	0	0	0	0	0	1	0	0	0	0	0	0	0	0	0	0	0	0	0	0	0	0	0	0	0	0	0	0	0	0	0	0	0	0	0	0	0	0	0	0	0	0	0	0	0	0	0	0	0	0	0	0	0	0	0	0	0	0	0	
Cladium_mariscoides	0	0	0	0	0	0	0	0	0	0	0	0	0	0	0	0	0	0	0	0	0	0	0	0	0	0	0	0	0	0	0	0	0	0	0	0	0	0	1	0	0	0	0	0	0	0	0	0	0	0	0	0	0	0	0	0	0	0	0	0	0	0	0	0	0	0	0	0	0	0	0	
