NODE	1	2	3	4	5	6	7	8	9	10	11	12	13	14	15	16	17	18	19	20	21	22	23	24	25	26	27	28	29	30	31	32	33	34	35	36	37	38	39	40	41	42	43	44	45	46	47	48	49	50	51	52	53	54	55	56	57	58	59	60	61	62	63	64	65	66	
N1	0.68447	0.25892	0.0504007	0.00577142	0.00041774	1.93353e-05	5.81836e-07	1.13027e-08	1.41513e-10	1.14034e-12	1.28331e-17	7.52186e-19	3.60739e-20	1.42986e-21	4.72193e-23	1.30294e-24	2.99575e-26	5.70801e-28	8.97399e-30	1.16305e-31	1.2459e-33	1.10923e-35	8.26723e-38	5.20008e-40	2.78355e-42	1.27848e-44	5.07828e-47	1.75746e-49	5.3359e-52	1.43044e-54	3.40602e-57	7.24309e-60	1.3826e-62	2.38012e-65	3.71113e-68	5.2621e-71	6.81038e-74	8.07313e-77	8.79359e-80	8.82767e-83	8.19022e-86	7.04129e-89	5.62316e-92	4.18101e-95	2.90064e-98	1.8815e-101	1.14326e-104	6.51939e-108	3.49488e-111	1.76412e-114	8.39768e-118	3.77541e-121	1.60525e-124	6.46353e-128	2.46768e-131	8.9438e-135	3.0808e-138	1.00969e-141	3.15173e-145	9.37945e-149	2.66372e-152	7.2257e-156	1.87384e-159	4.6496e-163	1.10545e-166	2.75391e-170	
N2	0.352193	0.367591	0.193779	0.0680252	0.0150073	0.00303144	0.00033178	3.90559e-05	2.8156e-06	1.92181e-07	7.399e-09	4.5671e-10	9.95516e-12	3.42815e-13	6.35017e-15	1.64598e-16	1.84246e-18	4.53801e-20	3.40511e-22	5.74988e-24	3.92723e-26	3.88356e-28	1.9512e-30	2.86803e-32	8.86886e-35	6.34573e-37	2.52442e-39	1.61093e-41	3.59697e-44	2.40068e-46	4.44284e-49	2.61755e-51	4.51007e-54	1.35979e-56	2.04961e-59	1.24226e-61	1.18449e-64	3.04762e-67	4.42074e-70	1.50846e-72	1.41191e-75	4.43052e-78	3.52576e-81	1.07223e-83	1.06763e-86	1.76208e-89	1.56324e-92	6.19228e-95	3.06923e-98	4.19011e-101	2.7622e-104	4.43251e-107	1.95352e-110	3.80503e-113	1.43471e-116	2.23384e-119	8.48115e-123	6.55948e-126	2.47918e-129	4.43577e-132	1.00281e-135	7.51625e-139	3.32933e-142	3.62843e-145	2.49842e-148	8.29004e-151	
N3	0.261449	0.33102	0.238817	0.11915	0.0381814	0.0098015	0.00139718	0.000170092	1.34094e-05	8.63588e-07	3.46166e-08	1.70998e-09	3.87575e-11	1.12676e-12	1.98003e-14	3.94727e-16	4.22809e-18	7.73039e-20	5.5551e-22	6.99598e-24	4.59461e-26	3.83423e-28	1.82086e-30	1.87311e-32	5.92958e-35	3.58206e-37	1.30753e-39	6.70085e-42	1.53092e-44	8.1761e-47	1.53632e-49	6.94103e-52	1.29054e-54	3.61808e-57	5.64424e-60	2.61887e-62	2.76798e-65	6.4694e-68	8.8642e-71	2.2411e-73	2.06711e-76	5.02299e-79	3.80524e-82	8.29724e-85	7.50597e-88	1.01731e-90	7.88094e-94	2.08742e-96	1.07848e-99	1.32273e-102	8.79466e-106	1.18244e-108	5.6836e-112	9.35682e-115	3.94898e-118	5.33423e-121	2.39026e-124	1.91763e-127	8.19295e-131	1.27594e-133	3.67971e-137	2.93495e-140	1.47743e-143	1.59888e-146	1.58454e-149	5.51394e-152	
N4	0.0438842	0.141448	0.253875	0.283115	0.180007	0.07821	0.0167261	0.00252208	0.00020116	1.15784e-05	3.85768e-07	1.50172e-08	2.58482e-10	5.73877e-12	8.09687e-14	1.40766e-15	1.39115e-17	2.39069e-19	1.56656e-21	1.73581e-23	9.54647e-26	6.43719e-28	2.39344e-30	1.91326e-32	4.64909e-35	2.18132e-37	6.21594e-40	2.51978e-42	4.52243e-45	1.90545e-47	2.77592e-50	9.70525e-53	1.37055e-55	2.92732e-58	3.51245e-61	1.31695e-63	1.17957e-66	2.54607e-69	3.45148e-72	9.1388e-75	8.90907e-78	2.30823e-80	1.81853e-83	4.07996e-86	3.66665e-89	4.83127e-92	3.53216e-95	8.71989e-98	4.02944e-101	4.35294e-104	2.48059e-107	2.83143e-110	1.11827e-113	1.50663e-116	5.04814e-120	5.40446e-123	1.8596e-126	1.13824e-129	3.63872e-133	4.24406e-136	8.8888e-140	5.13398e-143	1.84279e-146	1.41317e-149	9.67472e-153	2.29843e-155	
Bulbostylis_barbata	0	0	0	0	1	0	0	0	0	0	0	0	0	0	0	0	0	0	0	0	0	0	0	0	0	0	0	0	0	0	0	0	0	0	0	0	0	0	0	0	0	0	0	0	0	0	0	0	0	0	0	0	0	0	0	0	0	0	0	0	0	0	0	0	0	0	
N5	0.00220092	0.0199071	0.0918909	0.26642	0.307963	0.195761	0.0887305	0.0244618	0.00220889	0.000427988	2.49999e-05	2.28811e-06	2.08839e-07	4.68016e-08	3.6933e-09	3.4546e-10	3.85794e-12	1.90019e-13	7.386e-15	1.26282e-15	4.10182e-17	1.09695e-18	7.05344e-21	1.61755e-22	8.43806e-25	1.13671e-25	1.01817e-26	1.91993e-27	6.05226e-29	7.65559e-30	1.33416e-31	9.24033e-33	5.57092e-35	5.4056e-37	1.62508e-39	3.15617e-41	3.37353e-44	1.24187e-46	1.96346e-49	1.09605e-51	7.02162e-55	2.44928e-57	1.13769e-60	3.59419e-63	2.13007e-66	2.51465e-69	1.43257e-72	6.88469e-75	1.52726e-78	1.36667e-81	4.54188e-85	6.71676e-88	1.31193e-91	2.5021e-94	4.65905e-98	8.02288e-101	1.26889e-104	6.42727e-108	1.21396e-111	2.347e-114	2.19269e-118	1.12922e-121	3.21158e-125	3.133e-128	6.7668e-132	1.87374e-134	
Bulbostylis_densa	0	0	0	0	0	0	0	0	0	0	0	0	0	0	0	0	0	0	0	0	0	0	0	0	0	0	0	0	0	0	0	1	0	0	0	0	0	0	0	0	0	0	0	0	0	0	0	0	0	0	0	0	0	0	0	0	0	0	0	0	0	0	0	0	0	0	
Bulbostylis_hispidula	0	0	0	0	1	0	0	0	0	0	0	0	0	0	0	0	0	0	0	0	0	0	0	0	0	0	0	0	0	0	0	0	0	0	0	0	0	0	0	0	0	0	0	0	0	0	0	0	0	0	0	0	0	0	0	0	0	0	0	0	0	0	0	0	0	0	
N6	0.0528386	0.17745	0.311537	0.296562	0.127098	0.0306853	0.00348703	0.000323364	1.79289e-05	7.15796e-07	1.45806e-08	3.23032e-10	2.69129e-12	2.68894e-14	1.41882e-16	8.22459e-19	2.2705e-21	1.09159e-23	1.82919e-26	5.6164e-29	8.15714e-32	1.52773e-34	1.52551e-37	3.56784e-40	2.23164e-43	2.81683e-46	2.04416e-49	2.1819e-52	9.34613e-56	1.01612e-58	3.52488e-62	3.24819e-65	1.08907e-68	5.79035e-72	1.62373e-75	1.52727e-78	2.76976e-82	1.19278e-85	2.88535e-89	1.40354e-92	2.1806e-96	9.82516e-100	1.23617e-103	5.00877e-107	7.57928e-111	1.78738e-114	2.32585e-118	1.17422e-121	9.56419e-126	1.98566e-129	2.11559e-133	5.01396e-137	3.73167e-141	1.08688e-144	7.09253e-149	1.68878e-152	1.13908e-156	1.47384e-160	9.60521e-165	2.6091e-168	1.09021e-172	1.37843e-176	1.05618e-180	1.83211e-184	2.45612e-188	1.31807e-191	
Abildgaardia_ovata	0	0	0	0	0	0	0	0	0	1	0	0	0	0	0	0	0	0	0	0	0	0	0	0	0	0	0	0	0	0	0	0	0	0	0	0	0	0	0	0	0	0	0	0	0	0	0	0	0	0	0	0	0	0	0	0	0	0	0	0	0	0	0	0	0	0	
N7	0.0376893	0.156328	0.323284	0.328168	0.13199	0.0213071	0.00119348	3.91599e-05	6.46338e-07	6.62323e-09	3.26544e-11	1.92185e-13	3.62619e-16	1.62584e-18	2.60409e-21	9.41496e-24	6.44215e-27	2.99079e-29	1.0735e-32	3.85478e-35	1.30199e-38	2.28741e-41	5.11294e-45	1.41325e-47	1.76325e-51	1.99287e-54	6.92366e-58	6.19322e-61	5.63406e-65	8.91188e-68	7.3295e-72	1.29915e-74	1.4e-78	4.11681e-82	3.98345e-86	1.05741e-88	3.46998e-93	1.09076e-96	1.3193e-100	1.64671e-103	4.74809e-108	1.8353e-111	6.1302e-116	8.22538e-119	2.88173e-123	3.92682e-127	1.85794e-131	3.08564e-134	4.73186e-139	6.55492e-143	2.7607e-147	1.41155e-150	2.21189e-155	1.33094e-158	1.88162e-163	1.09901e-166	1.45387e-171	1.28581e-175	3.87503e-180	3.72886e-183	2.80963e-188	2.54781e-192	1.2867e-196	5.20431e-200	7.60386e-205	7.30136e-208	
Fimbristylis_littoralis	0	0	0	0	1	0	0	0	0	0	0	0	0	0	0	0	0	0	0	0	0	0	0	0	0	0	0	0	0	0	0	0	0	0	0	0	0	0	0	0	0	0	0	0	0	0	0	0	0	0	0	0	0	0	0	0	0	0	0	0	0	0	0	0	0	0	
N8	0.0244952	0.126743	0.313753	0.361333	0.151733	0.0211676	0.000756942	1.70725e-05	1.525e-07	1.78696e-09	4.68134e-12	6.77864e-14	6.2486e-17	4.90455e-19	4.05657e-22	1.7576e-24	6.06105e-28	2.87387e-30	6.33722e-34	2.94502e-36	9.38391e-40	7.67698e-43	1.74495e-46	1.12754e-48	7.96952e-53	5.90028e-56	1.84062e-59	3.54981e-62	1.77236e-66	1.85465e-69	1.22518e-73	3.33563e-76	1.43036e-80	4.06345e-84	2.85058e-88	1.02776e-90	2.17679e-95	5.34184e-99	4.90718e-103	8.01295e-106	1.55576e-110	1.02691e-113	1.69315e-118	1.20243e-121	4.40993e-126	5.64305e-130	3.75614e-134	9.19432e-137	8.35097e-142	9.1637e-146	2.15812e-150	1.00262e-153	1.02658e-158	9.05763e-162	1.30733e-166	1.48053e-169	1.01692e-174	7.63619e-179	1.04119e-183	1.14105e-186	5.46014e-192	6.0372e-196	3.82221e-200	1.8013e-203	1.21108e-208	9.25757e-212	
Fimbristylis_complanata	0	0	0	0	1	0	0	0	0	0	0	0	0	0	0	0	0	0	0	0	0	0	0	0	0	0	0	0	0	0	0	0	0	0	0	0	0	0	0	0	0	0	0	0	0	0	0	0	0	0	0	0	0	0	0	0	0	0	0	0	0	0	0	0	0	0	
N9	0.0157231	0.096612	0.28353	0.38394	0.188756	0.0302648	0.00113095	4.26928e-05	5.10937e-07	1.35575e-08	4.53846e-11	1.2664e-12	1.63008e-15	1.94429e-17	3.20967e-20	2.46037e-22	1.29471e-25	1.27283e-27	4.86287e-31	6.60648e-33	2.75193e-36	4.54843e-39	1.91773e-42	2.96202e-44	3.52938e-48	4.85174e-51	2.47182e-54	9.85073e-57	8.87316e-61	2.67715e-63	2.85436e-67	1.65146e-69	1.28663e-73	7.26446e-77	1.03554e-80	9.36507e-83	3.57247e-87	1.92969e-90	4.37892e-94	2.08293e-96	6.72834e-101	7.64002e-104	2.36423e-108	4.57517e-111	3.73183e-115	1.0093e-118	1.51744e-122	9.59696e-125	1.67466e-129	4.08726e-133	1.65304e-137	2.11769e-140	3.91429e-145	8.07156e-148	2.32393e-152	6.97667e-155	9.7452e-160	1.73371e-163	6.55529e-168	2.12512e-170	2.08337e-175	4.60578e-179	6.20602e-183	7.62271e-186	1.07783e-190	2.40619e-193	
Fimbristylis_ferruginea	0	0	0	0	1	0	0	0	0	0	0	0	0	0	0	0	0	0	0	0	0	0	0	0	0	0	0	0	0	0	0	0	0	0	0	0	0	0	0	0	0	0	0	0	0	0	0	0	0	0	0	0	0	0	0	0	0	0	0	0	0	0	0	0	0	0	
N10	0.00220422	0.0263686	0.142696	0.361414	0.369917	0.0929408	0.00431158	0.000146227	1.98905e-06	3.03855e-08	1.46093e-10	1.95895e-12	4.57695e-15	3.24529e-17	8.49872e-20	4.96593e-22	5.84048e-25	3.44845e-27	2.63377e-30	1.3627e-32	9.40079e-36	1.54912e-38	8.57712e-42	4.165e-44	1.01996e-47	1.14624e-50	5.48511e-54	8.0823e-57	1.44362e-60	2.39254e-63	3.99649e-67	7.06966e-70	1.01235e-73	4.6149e-77	7.48271e-81	1.77239e-83	1.24124e-87	5.00112e-91	9.18046e-95	1.1051e-97	6.74453e-102	3.51755e-105	1.88087e-109	1.44495e-112	1.28301e-116	2.753e-120	2.96957e-124	4.54868e-127	1.45627e-131	2.70387e-135	1.5169e-139	6.60847e-143	2.10894e-147	1.28664e-150	4.26218e-155	2.61211e-158	7.31109e-163	9.59201e-167	4.5987e-171	3.81996e-174	6.83414e-179	9.30812e-183	6.96325e-187	2.72078e-190	9.6757e-195	9.00774e-198	
Fimbristylis_dichotoma	0	0	0	0	1	0	0	0	0	0	0	0	0	0	0	0	0	0	0	0	0	0	0	0	0	0	0	0	0	0	0	0	0	0	0	0	0	0	0	0	0	0	0	0	0	0	0	0	0	0	0	0	0	0	0	0	0	0	0	0	0	0	0	0	0	0	
N11	2.90248e-06	0.00030404	0.0107168	0.0962328	0.534646	0.348543	0.00853714	0.00100586	1.01955e-05	1.43471e-06	1.10803e-07	1.16735e-08	2.42027e-11	7.36946e-14	6.09107e-17	8.0097e-20	2.30697e-23	2.6949e-26	4.39157e-30	3.85897e-33	5.43321e-37	1.6132e-40	1.66387e-44	1.24116e-47	5.92365e-52	1.17221e-55	9.95405e-60	2.46256e-63	8.30836e-68	2.15561e-71	6.53055e-76	1.68316e-79	4.64857e-84	3.59238e-88	1.06523e-92	3.80831e-96	5.01991e-101	3.41701e-105	1.07999e-109	1.91621e-113	2.20231e-118	1.9194e-122	1.8898e-127	2.19986e-131	3.38586e-136	1.21138e-140	2.13756e-145	4.70542e-149	2.76351e-154	8.55864e-159	8.3292e-164	5.6611e-168	3.23668e-173	2.92106e-177	1.72403e-182	1.55828e-186	7.76552e-192	1.64318e-196	1.2852e-201	1.49792e-205	4.72415e-211	1.00105e-215	1.18345e-220	6.13812e-225	4.18635e-230	5.74034e-234	
Fimbristylis_velata	0	0	0	0	0	0	0	0	0	0	0	1	0	0	0	0	0	0	0	0	0	0	0	0	0	0	0	0	0	0	0	0	0	0	0	0	0	0	0	0	0	0	0	0	0	0	0	0	0	0	0	0	0	0	0	0	0	0	0	0	0	0	0	0	0	0	
Fimbristylis_squarrosa	0	0	0	0	1	0	0	0	0	0	0	0	0	0	0	0	0	0	0	0	0	0	0	0	0	0	0	0	0	0	0	0	0	0	0	0	0	0	0	0	0	0	0	0	0	0	0	0	0	0	0	0	0	0	0	0	0	0	0	0	0	0	0	0	0	0	
N12	0.176377	0.291307	0.267271	0.168274	0.0640674	0.0259104	0.00495573	0.001551	0.000233092	4.85952e-05	4.29488e-06	1.18933e-06	5.98416e-08	9.49739e-09	6.61431e-10	1.1345e-10	3.80625e-12	5.66442e-13	1.28892e-14	1.84662e-15	5.4208e-17	3.87563e-18	1.03046e-19	1.94333e-20	2.02762e-22	8.16375e-24	1.51241e-25	9.07146e-27	1.19103e-28	1.50606e-29	2.65927e-31	4.2397e-32	5.70919e-34	2.23801e-35	2.96801e-37	4.38319e-38	2.37571e-40	5.91011e-42	6.27919e-44	3.29977e-45	1.17498e-47	2.86478e-49	7.66816e-52	2.12034e-53	7.83341e-56	6.40036e-58	2.51332e-60	1.08974e-61	1.25113e-64	6.99954e-67	1.27831e-69	1.33109e-71	1.31155e-74	1.81924e-76	1.64846e-79	1.98772e-81	1.52707e-84	4.48771e-87	4.8521e-90	7.15148e-92	3.11821e-95	9.24353e-98	1.44232e-100	1.07401e-102	9.01116e-106	1.96498e-107	
Eleocharis_dulcis	0	0	0	0	0	0	0	0	0	0	0	0	0	0	0	0	0	0	0	0	0	0	0	0	0	0	0	0	0	0	0	0	0	0	0	0	0	1	0	0	0	0	0	0	0	0	0	0	0	0	0	0	0	0	0	0	0	0	0	0	0	0	0	0	0	0	
N13	0.0903685	0.205625	0.276787	0.239102	0.123079	0.0507809	0.0114726	0.00241679	0.000328086	3.85739e-05	2.66052e-06	2.50064e-07	8.89162e-09	4.22953e-10	1.02225e-11	2.86432e-13	3.3908e-15	7.31389e-17	4.74437e-19	6.0116e-21	3.09091e-23	2.1153e-25	6.89878e-28	5.79504e-30	1.03115e-32	3.87576e-35	7.60267e-38	2.26002e-40	2.26485e-43	6.70677e-46	5.21176e-49	1.26317e-51	8.90258e-55	1.06347e-57	6.019e-61	1.30558e-63	4.31489e-67	3.66169e-70	1.60168e-73	1.61194e-76	4.06377e-80	3.50542e-83	6.93893e-87	5.67446e-90	1.37437e-93	5.69748e-97	1.19107e-100	1.20669e-103	1.41658e-107	4.84834e-111	7.8501e-115	3.18207e-118	3.32677e-122	1.69004e-125	1.50404e-129	6.10196e-133	5.58213e-137	1.08202e-140	9.94657e-145	4.98822e-148	2.6467e-152	5.19493e-156	5.7242e-160	1.67349e-163	2.6175e-167	2.24961e-170	
N14	0.0483557	0.119165	0.196134	0.22649	0.172295	0.126102	0.0548868	0.0324327	0.0128874	0.00729289	0.00198446	0.00158439	0.000257971	0.000111483	1.58391e-05	4.46349e-06	2.63264e-07	6.37648e-08	2.13416e-09	3.68322e-10	1.11214e-11	6.6172e-13	1.40252e-14	2.12591e-15	1.95831e-17	7.41537e-19	1.22245e-20	5.71529e-22	3.49062e-24	1.50438e-25	8.36772e-28	4.17147e-29	1.92656e-31	2.63228e-33	1.30284e-35	7.84033e-37	1.74367e-39	1.94847e-41	9.89526e-44	2.74714e-45	5.33085e-48	8.34496e-50	1.36359e-52	2.44837e-54	6.18239e-57	3.65339e-59	1.07445e-61	3.89573e-63	3.69858e-66	1.84082e-68	3.00053e-71	3.18774e-73	2.99203e-76	4.43725e-78	4.35889e-81	6.46326e-83	5.14825e-86	1.72759e-88	1.99004e-91	3.59155e-93	1.80868e-96	6.65818e-99	1.35724e-101	1.22632e-103	1.28574e-106	3.47371e-108	
Eleocharis_tuberculosa	0	0	0	0	0	0	0	0	0	0	0	0	0	0	1	0	0	0	0	0	0	0	0	0	0	0	0	0	0	0	0	0	0	0	0	0	0	0	0	0	0	0	0	0	0	0	0	0	0	0	0	0	0	0	0	0	0	0	0	0	0	0	0	0	0	0	
Eleocharis_quinqueflora	0	0	0	0	0	0	0	0	0	1	0	0	0	0	0	0	0	0	0	0	0	0	0	0	0	0	0	0	0	0	0	0	0	0	0	0	0	0	0	0	0	0	0	0	0	0	0	0	0	0	0	0	0	0	0	0	0	0	0	0	0	0	0	0	0	0	
N15	0.0504947	0.147756	0.260284	0.279833	0.168063	0.0731435	0.0166983	0.00329628	0.00038937	3.91363e-05	2.18517e-06	2.17705e-07	6.84458e-09	5.32859e-10	1.8363e-11	1.23044e-12	2.33232e-14	1.4878e-15	1.51311e-17	5.72887e-19	4.90037e-21	7.81929e-23	3.87551e-25	1.0151e-26	2.3151e-29	2.03477e-31	7.75773e-34	6.43572e-36	8.55197e-39	6.82298e-41	7.6599e-44	6.50387e-46	6.56581e-49	1.64153e-51	1.52706e-54	1.44882e-56	6.14555e-60	1.22691e-62	1.04281e-65	4.3686e-68	1.57262e-71	3.92417e-74	1.18631e-77	3.80406e-80	1.51037e-83	1.39751e-86	5.75534e-90	2.88884e-92	4.70039e-96	3.81849e-99	1.14486e-102	1.85879e-105	3.04625e-109	6.64607e-112	1.00093e-115	1.96335e-118	2.59492e-122	1.30765e-125	2.36417e-129	6.02681e-132	4.80164e-136	2.57789e-139	7.64465e-143	9.6031e-146	1.68217e-149	6.09371e-152	
Eleocharis_confervoides	0	0	0	0	0	0	0	0	0	0	0	0	0	0	0	0	0	0	1	0	0	0	0	0	0	0	0	0	0	0	0	0	0	0	0	0	0	0	0	0	0	0	0	0	0	0	0	0	0	0	0	0	0	0	0	0	0	0	0	0	0	0	0	0	0	0	
N16	0.0341222	0.122511	0.255291	0.303416	0.19209	0.0757311	0.0147134	0.00196974	0.000147728	7.21786e-06	1.8076e-07	5.15011e-09	5.25667e-11	7.66907e-13	5.28781e-15	4.63774e-17	1.5808e-19	1.13652e-21	2.07282e-24	9.19827e-27	1.40216e-29	3.74598e-32	3.6221e-35	1.60637e-37	8.68871e-41	1.84091e-43	1.64585e-46	2.80023e-49	1.05251e-52	2.15844e-55	6.55154e-59	1.32925e-61	3.79379e-65	3.36515e-68	8.19911e-72	1.8005e-74	2.4229e-78	1.7082e-81	3.852e-85	3.95892e-88	4.59013e-92	3.57243e-95	3.39524e-99	3.19071e-102	4.56512e-106	1.2833e-109	1.5997e-113	2.45894e-116	1.31798e-120	3.88777e-124	5.38979e-128	2.58922e-131	1.53159e-135	1.22664e-138	7.40204e-143	6.47272e-146	5.98318e-150	1.96631e-153	2.69052e-157	5.26455e-160	3.32243e-164	1.46288e-167	3.31478e-171	3.49698e-174	4.96196e-178	1.4382e-180	
N17	0.00621227	0.0433491	0.166585	0.321692	0.290672	0.138379	0.0292967	0.00356683	0.000236954	9.57869e-06	1.80296e-07	3.9393e-09	3.02931e-11	2.48952e-13	7.55803e-16	2.01389e-18	1.8252e-21	2.62508e-24	2.7717e-27	2.12883e-28	1.17105e-29	9.59486e-31	4.25562e-32	5.72209e-33	1.78598e-34	1.38514e-35	6.21924e-37	5.0015e-38	1.38844e-39	1.22224e-40	3.10509e-42	2.75687e-43	7.44669e-45	3.77267e-46	9.6715e-48	1.12955e-48	1.9306e-50	9.51526e-52	2.56828e-53	1.75316e-54	3.10441e-56	2.07074e-57	3.17082e-59	2.0399e-60	4.20998e-62	1.52539e-63	3.01246e-65	3.11977e-66	3.70446e-68	1.34837e-69	2.3666e-71	1.18718e-72	1.47845e-74	1.00307e-75	1.2106e-77	7.41137e-79	9.23326e-81	2.68868e-82	3.59738e-84	2.80402e-85	2.38318e-87	7.79769e-89	1.5113e-90	7.68456e-92	2.11725e-93	3.47367e-94	
Eleocharis_geniculata	0	0	0	0	1	0	0	0	0	0	0	0	0	0	0	0	0	0	0	0	0	0	0	0	0	0	0	0	0	0	0	0	0	0	0	0	0	0	0	0	0	0	0	0	0	0	0	0	0	0	0	0	0	0	0	0	0	0	0	0	0	0	0	0	0	0	
N18	0.00611231	0.0428381	0.165657	0.32133	0.291191	0.13929	0.0296254	0.00369255	0.000250279	1.31905e-05	2.33261e-07	3.44373e-08	6.63222e-11	4.29872e-11	2.67302e-14	8.3934e-15	7.33789e-19	2.31983e-19	5.06079e-24	1.64915e-24	2.16803e-28	2.40264e-30	2.50231e-35	1.05266e-35	1.13034e-41	6.12905e-43	4.39305e-46	6.7321e-48	2.41843e-55	1.19109e-55	1.71742e-62	5.15688e-61	1.69281e-66	4.07542e-70	3.07204e-77	4.91753e-75	3.57156e-85	1.55147e-85	9.14343e-89	8.9485e-90	1.6308e-99	4.43638e-100	7.77263e-107	3.02548e-105	1.58529e-112	1.38066e-116	7.71421e-122	4.6837e-121	1.60577e-129	2.56055e-133	3.7088e-137	1.16963e-137	3.23325e-145	3.72182e-149	3.19445e-153	1.77619e-154	2.51764e-161	2.05001e-165	1.58096e-169	6.49828e-172	8.04115e-178	5.30389e-182	3.32429e-186	1.55997e-189	1.12422e-194	5.68325e-100	
Eleocharis_multicaulis	0	0	0	0	0	0	0	0	0	1	0	0	0	0	0	0	0	0	0	0	0	0	0	0	0	0	0	0	0	0	0	0	0	0	0	0	0	0	0	0	0	0	0	0	0	0	0	0	0	0	0	0	0	0	0	0	0	0	0	0	0	0	0	0	0	0	
N19	0.00522434	0.0367743	0.150372	0.30735	0.297066	0.158851	0.0375896	0.00608464	0.000581149	0.000100218	4.16875e-06	2.7037e-06	5.77227e-08	3.34252e-08	5.24216e-10	1.02135e-10	4.4069e-13	6.66156e-14	1.38105e-16	1.7731e-17	6.92865e-20	7.44974e-22	1.48425e-24	2.67448e-25	1.17703e-28	1.20139e-30	5.40521e-33	2.04506e-34	5.52684e-38	7.71066e-40	4.00032e-43	2.89341e-44	6.72183e-48	2.05544e-50	1.10657e-53	9.85988e-55	1.10058e-58	2.88436e-61	2.26432e-64	8.62324e-66	8.94451e-70	1.02047e-71	8.6155e-76	1.14894e-77	2.7832e-81	3.4291e-84	2.31398e-87	1.33964e-88	6.07507e-93	6.82599e-96	1.2924e-99	9.6453e-102	5.76706e-106	1.24537e-107	1.19746e-111	3.50198e-113	1.14986e-117	8.98183e-121	7.50903e-125	1.94129e-126	4.88709e-131	7.81785e-134	6.6441e-137	6.99891e-139	2.0343e-143	2.49666e-145	
Eleocharis_flavescens	0	0	0	0	0	0	0	0	0	0	0	0	0	0	1	0	0	0	0	0	0	0	0	0	0	0	0	0	0	0	0	0	0	0	0	0	0	0	0	0	0	0	0	0	0	0	0	0	0	0	0	0	0	0	0	0	0	0	0	0	0	0	0	0	0	0	
Eleocharis_atropurpurea	0	0	0	0	1	0	0	0	0	0	0	0	0	0	0	0	0	0	0	0	0	0	0	0	0	0	0	0	0	0	0	0	0	0	0	0	0	0	0	0	0	0	0	0	0	0	0	0	0	0	0	0	0	0	0	0	0	0	0	0	0	0	0	0	0	0	
N20	0.0118071	0.0609726	0.181744	0.30134	0.253366	0.139456	0.0392191	0.0103919	0.0015021	0.00019364	7.84738e-06	6.09822e-07	6.841e-09	1.82155e-10	1.17931e-12	1.46773e-14	3.55802e-17	3.68826e-19	4.72327e-22	3.27325e-24	4.00411e-27	9.05443e-30	7.14235e-33	4.39145e-35	1.43771e-38	2.09691e-41	1.31647e-44	2.58548e-47	5.3365e-51	8.0338e-54	1.53178e-57	2.95981e-60	4.56632e-64	2.2071e-67	3.69729e-71	8.5225e-74	6.0812e-78	2.31839e-81	3.86347e-85	3.85497e-88	2.38876e-92	1.4195e-95	7.14141e-100	4.26498e-103	3.34904e-107	6.34741e-111	5.91084e-115	7.62205e-118	2.10797e-122	3.28612e-126	1.61191e-130	5.7184e-134	1.54519e-138	7.80943e-142	2.30244e-146	1.21074e-149	2.57002e-154	2.54502e-158	7.63368e-163	4.35682e-166	5.78166e-171	6.43411e-175	3.99566e-179	1.08563e-182	2.79296e-187	1.80416e-190	
N21	0.00223411	0.0132297	0.0518476	0.127411	0.177194	0.181014	0.141965	0.137629	0.0990091	0.0547945	0.0109022	0.00261426	0.000142487	1.17386e-05	3.5453e-07	1.47132e-08	1.93952e-10	6.85919e-12	5.10786e-14	1.16661e-15	7.8675e-18	8.43257e-20	3.80891e-22	7.31877e-24	1.7412e-26	1.25001e-28	4.2981e-31	3.21593e-33	5.18054e-36	3.68769e-38	5.09085e-41	3.58648e-43	4.59348e-46	1.29827e-48	1.57498e-51	1.33266e-53	8.5722e-57	2.01107e-59	2.31691e-62	9.27275e-65	5.3383e-68	1.60287e-70	7.54654e-74	2.27885e-76	1.47063e-79	1.90607e-82	1.24024e-85	6.30578e-88	1.83996e-91	2.07838e-94	9.22053e-98	1.71807e-100	4.81434e-104	1.17208e-106	3.21727e-110	7.28414e-113	1.81468e-116	1.36892e-119	4.0918e-123	1.11134e-125	1.74072e-129	1.37786e-132	6.1555e-136	8.83374e-139	3.57218e-142	1.61413e-144	
Eleocharis_gracilis	0	0	0	0	0	0	0	0	0	1	0	0	0	0	0	0	0	0	0	0	0	0	0	0	0	0	0	0	0	0	0	0	0	0	0	0	0	0	0	0	0	0	0	0	0	0	0	0	0	0	0	0	0	0	0	0	0	0	0	0	0	0	0	0	0	0	
Eleocharis_congesta	0	0	0	0	0	0	0	0	0	1	0	0	0	0	0	0	0	0	0	0	0	0	0	0	0	0	0	0	0	0	0	0	0	0	0	0	0	0	0	0	0	0	0	0	0	0	0	0	0	0	0	0	0	0	0	0	0	0	0	0	0	0	0	0	0	0	
N22	0.00785044	0.0435405	0.14854	0.284579	0.280499	0.166786	0.0518326	0.0138235	0.00223897	0.000292335	1.54751e-05	1.69247e-06	3.12488e-08	2.26517e-09	3.1616e-11	1.33342e-12	7.44425e-15	3.06426e-16	9.37821e-19	2.74795e-20	8.82797e-23	8.72763e-25	1.79859e-27	5.12892e-29	4.62114e-32	3.19195e-34	1.0099e-36	8.88584e-39	5.486e-42	5.11963e-44	3.37342e-47	4.89796e-49	2.67978e-52	6.0388e-55	3.99927e-58	7.45266e-60	1.7368e-63	3.52207e-66	2.47832e-69	2.28445e-71	4.83627e-75	1.49318e-77	2.87962e-81	1.79487e-83	5.32577e-87	4.87866e-90	1.962e-93	2.30346e-95	2.34725e-99	2.07343e-102	5.66595e-106	1.50613e-108	1.82085e-112	9.44024e-115	1.05501e-118	4.82832e-121	4.08547e-125	2.43475e-128	4.20495e-132	2.7188e-134	1.4959e-138	1.06572e-141	4.20459e-145	1.28417e-147	1.14501e-151	6.77954e-154	
N23	1.12934e-11	4.7908e-09	4.0048e-07	1.79656e-05	0.00166544	9.00324e-05	0.000591428	0.000649043	0.046766	0.941756	0.00843796	2.53649e-05	2.38372e-08	1.70555e-11	6.39775e-15	1.98477e-18	3.3669e-22	7.259e-26	6.85788e-30	8.73123e-34	6.46629e-38	5.20446e-42	2.50516e-46	2.01847e-50	6.35034e-55	3.17588e-59	1.00791e-63	3.93153e-68	7.96652e-73	3.04524e-77	4.77903e-82	1.43215e-86	2.15526e-91	4.29892e-96	5.09383e-101	1.40631e-105	1.16504e-110	1.82062e-115	1.75508e-120	2.62032e-125	1.75976e-130	2.57825e-135	1.377e-140	1.68482e-145	1.00252e-150	8.05085e-156	3.83111e-161	4.87881e-166	1.6357e-171	1.11755e-176	4.40434e-182	2.95076e-187	8.38055e-193	6.45447e-198	1.53574e-203	9.2836e-209	2.27294e-214	8.70965e-220	1.85405e-225	1.12968e-230	1.6545e-236	5.62375e-242	1.24419e-247	5.28094e-253	2.47883e-258	2.75682e-263	
Eleocharis_acicularis_f_longiseta	0	0	0	0	0	0	0	0	0	1	0	0	0	0	0	0	0	0	0	0	0	0	0	0	0	0	0	0	0	0	0	0	0	0	0	0	0	0	0	0	0	0	0	0	0	0	0	0	0	0	0	0	0	0	0	0	0	0	0	0	0	0	0	0	0	0	
Eleocharis_acicularis	0	0	0	0	0	0	0	0	0	1	0	0	0	0	0	0	0	0	0	0	0	0	0	0	0	0	0	0	0	0	0	0	0	0	0	0	0	0	0	0	0	0	0	0	0	0	0	0	0	0	0	0	0	0	0	0	0	0	0	0	0	0	0	0	0	0	
N24	4.85737e-05	0.00163321	0.0218958	0.157471	0.515031	0.242138	0.0518489	0.00867047	0.00115169	0.000107195	3.96392e-06	9.21975e-08	6.13762e-10	3.65399e-12	9.74127e-15	2.41945e-17	2.62163e-20	4.56899e-23	2.51681e-26	2.45376e-29	1.05126e-32	5.82207e-36	1.54159e-39	9.87521e-43	1.5519e-46	5.23937e-50	9.89452e-54	2.74361e-57	2.76624e-61	7.76706e-65	6.09122e-69	1.43199e-72	1.07264e-76	1.33894e-80	8.1139e-85	1.93879e-88	7.21103e-93	7.09023e-97	3.53753e-101	4.27721e-105	1.32863e-109	1.35774e-113	3.3509e-118	3.24039e-122	9.68042e-127	4.75464e-131	1.20197e-135	1.45539e-139	2.18471e-144	9.38671e-149	1.97118e-153	1.03387e-157	1.44041e-162	9.97786e-167	1.19678e-171	6.40262e-176	7.80544e-181	2.01601e-185	2.43607e-190	1.57654e-194	1.13458e-199	2.87002e-204	4.18507e-209	1.53494e-213	3.19374e-218	3.46078e-222	
N25	6.14199e-06	0.000240122	0.00481902	0.0426451	0.185247	0.200521	0.0994995	0.0966478	0.0864672	0.196105	0.0578264	0.0292831	0.000656639	3.58596e-05	3.23032e-07	5.21835e-09	1.36301e-11	2.56487e-13	3.50512e-16	5.1752e-18	6.01284e-21	1.79452e-23	1.53718e-26	1.8203e-28	5.6952e-32	1.12319e-34	8.26922e-38	2.91073e-40	6.06189e-44	1.73452e-46	3.32477e-50	1.03712e-52	1.89569e-56	1.26696e-59	3.02348e-63	1.65096e-65	1.27608e-69	7.74157e-73	2.08722e-76	5.46267e-79	3.54149e-83	3.36588e-86	1.93402e-90	2.61982e-93	2.83046e-97	8.4031e-101	1.24927e-104	4.08467e-107	1.3272e-111	3.45393e-115	2.00015e-119	1.80379e-122	5.78436e-127	6.69564e-130	2.72599e-134	3.95689e-137	1.02783e-141	1.85291e-145	9.55743e-150	1.57749e-152	2.73179e-157	5.04633e-161	5.67605e-165	3.20105e-168	1.11728e-172	1.93031e-175	
Eleocharis_montevidensis	0	0	0	0	0	0	0	0	0	1	0	0	0	0	0	0	0	0	0	0	0	0	0	0	0	0	0	0	0	0	0	0	0	0	0	0	0	0	0	0	0	0	0	0	0	0	0	0	0	0	0	0	0	0	0	0	0	0	0	0	0	0	0	0	0	0	
Eleocharis_tenuis	0	0	0	0	0	0	0	0	0	0	0	1	0	0	0	0	0	0	0	0	0	0	0	0	0	0	0	0	0	0	0	0	0	0	0	0	0	0	0	0	0	0	0	0	0	0	0	0	0	0	0	0	0	0	0	0	0	0	0	0	0	0	0	0	0	0	
N26	4.27013e-06	0.000347382	0.00952546	0.126757	0.644337	0.194356	0.0222943	0.00217804	0.000193156	7.74464e-06	8.16497e-08	3.638e-10	5.97037e-13	1.07628e-15	1.80112e-18	2.49715e-21	1.3669e-24	2.62416e-27	4.90341e-31	9.08026e-34	1.13627e-37	1.13519e-40	9.02106e-45	6.68571e-48	3.2843e-52	1.2088e-55	1.28526e-59	2.53015e-63	1.03661e-67	7.87001e-71	1.96943e-75	7.43421e-79	5.02608e-83	4.14429e-87	1.2523e-91	8.42779e-95	9.03965e-100	9.09246e-104	3.68891e-108	1.54821e-111	1.29844e-116	1.15723e-120	1.53149e-125	7.75585e-129	6.92545e-134	2.79053e-138	3.13177e-143	1.29457e-146	6.27659e-152	2.52304e-156	2.96209e-161	3.69315e-165	1.61425e-170	2.41434e-174	8.53127e-180	9.2064e-184	4.45707e-189	1.13543e-193	1.31958e-198	3.61466e-202	7.56252e-208	1.57965e-212	1.77123e-217	1.42607e-221	8.65406e-227	2.41142e-230	
N27	7.15278e-07	9.19477e-05	0.00443781	0.103596	0.551008	0.295736	0.0378469	0.00669814	0.000575402	9.14556e-06	3.44373e-08	2.2024e-10	2.43775e-13	6.99635e-16	5.39173e-19	7.50301e-22	2.73128e-25	4.64574e-28	1.02832e-31	1.30538e-34	2.92768e-38	1.30523e-41	2.03162e-45	2.55081e-48	1.85838e-52	6.40555e-56	9.72728e-60	4.74483e-63	2.49697e-67	1.02288e-70	4.9745e-75	2.31413e-78	1.07039e-82	1.4646e-86	7.59698e-91	5.35666e-94	1.16714e-98	1.40652e-102	7.39355e-107	2.50414e-110	4.91823e-115	9.05014e-119	1.48415e-123	3.0936e-127	8.16764e-132	5.13853e-136	1.58219e-140	7.09846e-144	6.87121e-149	3.86668e-153	6.68197e-158	9.12212e-162	9.07416e-167	1.74191e-170	1.89152e-175	3.73707e-179	3.00104e-184	1.14314e-188	1.37705e-193	3.17614e-197	1.64263e-202	6.71047e-207	1.58713e-211	1.53951e-215	1.72345e-220	4.67736e-224	
Eleocharis_erythropoda	0	0	0	0	0	0	0	0	1	0	0	0	0	0	0	0	0	0	0	0	0	0	0	0	0	0	0	0	0	0	0	0	0	0	0	0	0	0	0	0	0	0	0	0	0	0	0	0	0	0	0	0	0	0	0	0	0	0	0	0	0	0	0	0	0	0	
Eleocharis_palustris	0	0	0	0	1	0	0	0	0	0	0	0	0	0	0	0	0	0	0	0	0	0	0	0	0	0	0	0	0	0	0	0	0	0	0	0	0	0	0	0	0	0	0	0	0	0	0	0	0	0	0	0	0	0	0	0	0	0	0	0	0	0	0	0	0	0	
N28	1.89644e-07	3.94505e-05	0.00241635	0.0711126	0.752411	0.149679	0.0210209	0.00282212	0.0004555	4.21656e-05	3.43179e-07	6.70671e-09	7.19772e-12	5.67758e-14	3.25976e-17	1.04387e-19	2.52276e-23	7.82858e-26	9.78902e-30	1.88465e-32	3.8539e-36	1.54553e-39	1.72014e-43	5.52687e-46	2.14912e-50	9.82145e-54	2.14339e-57	2.39631e-60	6.86116e-65	3.59447e-68	1.41728e-72	2.21053e-75	4.899e-80	7.23808e-84	2.53989e-88	4.47028e-91	4.38326e-96	4.79216e-100	1.67139e-104	1.05754e-107	9.51872e-113	2.92806e-116	1.92472e-121	5.30206e-125	7.24538e-130	3.53552e-134	8.63997e-139	8.00103e-142	2.65084e-147	1.05743e-151	1.00533e-156	1.59892e-160	6.1815e-166	2.0987e-169	9.86859e-175	3.7266e-178	8.34147e-184	2.02536e-188	8.05568e-194	2.75298e-197	4.17532e-203	1.58224e-207	3.27572e-212	4.92153e-216	9.77858e-222	2.12947e-225	
N29	3.90252e-12	3.61217e-09	7.85097e-07	7.26682e-05	0.00867526	0.000593774	0.0015092	0.00117778	0.0429465	0.939004	0.00536459	0.000596946	5.77432e-05	5.0792e-07	5.20064e-10	9.53074e-12	9.06599e-13	3.65383e-13	1.32859e-14	1.78214e-15	1.35556e-18	1.2999e-21	2.81202e-25	4.06033e-28	2.738e-32	7.61386e-36	7.67858e-40	2.45068e-43	8.10751e-48	2.36646e-51	5.90302e-56	1.21772e-59	2.96685e-64	1.81483e-68	4.41747e-73	1.41787e-76	1.27184e-81	6.58205e-86	1.5261e-90	2.30262e-94	1.58185e-99	8.97076e-104	5.13426e-109	4.23526e-113	3.79914e-118	7.81455e-123	7.62547e-128	1.09199e-131	3.25956e-137	5.67139e-142	2.66829e-147	1.15107e-151	3.09988e-157	1.60398e-161	4.56259e-167	2.47494e-171	5.42377e-177	5.74378e-182	2.19463e-187	1.42623e-191	1.88877e-197	1.69828e-202	8.65407e-208	1.77808e-212	5.2525e-218	3.57967e-222	
Eleocharis_acuta	0	0	0	0	0	0	0	0	0	1	0	0	0	0	0	0	0	0	0	0	0	0	0	0	0	0	0	0	0	0	0	0	0	0	0	0	0	0	0	0	0	0	0	0	0	0	0	0	0	0	0	0	0	0	0	0	0	0	0	0	0	0	0	0	0	0	
Eleocharis_pallens	0	0	0	0	0	0	0	0	0	0	0	0	0	0	0	0	0	0	0	1	0	0	0	0	0	0	0	0	0	0	0	0	0	0	0	0	0	0	0	0	0	0	0	0	0	0	0	0	0	0	0	0	0	0	0	0	0	0	0	0	0	0	0	0	0	0	
N30	5.2389e-08	1.4433e-05	0.00126975	0.0554865	0.810873	0.116389	0.0140125	0.00169268	0.000248992	1.36811e-05	5.16367e-08	1.49416e-10	1.46339e-13	4.72235e-16	5.39726e-19	6.42762e-22	1.57902e-25	4.84146e-28	5.17855e-32	1.33782e-34	9.54296e-39	5.56711e-42	3.08915e-46	2.83765e-49	8.37472e-54	3.58437e-57	7.55649e-61	1.90424e-64	5.03593e-69	5.52624e-72	9.32577e-77	5.243e-80	1.48557e-84	1.36957e-88	4.11737e-93	5.98014e-96	4.17676e-101	4.55713e-105	1.43577e-109	1.45478e-112	8.34965e-118	7.42464e-122	4.98268e-127	3.05446e-130	3.28577e-135	9.81821e-140	9.94804e-145	6.70173e-148	2.15114e-153	8.75406e-158	1.12608e-162	1.64284e-166	7.16674e-172	3.00874e-175	8.00357e-181	1.57883e-184	4.89245e-190	1.33666e-194	1.53961e-199	7.89193e-203	1.17704e-208	2.55704e-213	2.90636e-218	4.00982e-222	1.1767e-227	4.45809e-231	
Eleocharis_cylindrostachys	0	0	0	0	0	0	0	0	0	1	0	0	0	0	0	0	0	0	0	0	0	0	0	0	0	0	0	0	0	0	0	0	0	0	0	0	0	0	0	0	0	0	0	0	0	0	0	0	0	0	0	0	0	0	0	0	0	0	0	0	0	0	0	0	0	0	
N31	2.10466e-08	7.79268e-06	0.000835129	0.0472955	0.907304	0.0439095	0.000641355	6.33916e-06	4.40724e-08	1.15477e-10	6.44564e-14	2.03433e-17	6.07361e-21	3.97252e-24	3.09585e-27	7.64529e-31	1.23298e-34	1.1865e-37	8.30021e-42	8.79917e-45	3.56221e-49	9.51374e-53	3.00254e-57	6.0176e-61	1.26022e-65	2.91048e-69	3.58955e-73	3.26612e-77	9.5513e-82	6.02897e-85	7.22622e-90	1.01559e-93	3.18326e-98	1.63217e-102	3.28276e-107	1.79585e-110	1.06918e-115	8.10532e-120	1.85695e-124	9.30204e-128	4.58466e-133	2.17419e-137	1.27314e-142	3.78851e-146	3.30534e-151	6.51578e-156	3.65128e-161	7.59681e-165	2.49849e-170	7.48998e-175	9.39865e-180	6.40873e-184	2.88e-189	6.30416e-193	1.51167e-198	1.117e-202	4.70789e-208	1.06165e-212	1.23541e-217	3.38807e-221	5.26737e-227	7.79953e-232	5.61898e-237	2.75102e-241	1.32174e-246	3.34774e-250	
Eleocharis_obtusa	0	0	0	0	1	0	0	0	0	0	0	0	0	0	0	0	0	0	0	0	0	0	0	0	0	0	0	0	0	0	0	0	0	0	0	0	0	0	0	0	0	0	0	0	0	0	0	0	0	0	0	0	0	0	0	0	0	0	0	0	0	0	0	0	0	0	
Eleocharis_engelmannii	0	0	0	0	1	0	0	0	0	0	0	0	0	0	0	0	0	0	0	0	0	0	0	0	0	0	0	0	0	0	0	0	0	0	0	0	0	0	0	0	0	0	0	0	0	0	0	0	0	0	0	0	0	0	0	0	0	0	0	0	0	0	0	0	0	0	
N32	0.376183	0.371437	0.172616	0.0613198	0.0126825	0.00484693	0.000592071	0.000277207	3.48397e-05	9.13998e-06	6.8198e-07	4.45054e-07	1.94501e-08	4.1524e-09	2.97754e-10	1.10889e-10	2.82697e-12	6.52697e-13	1.04542e-14	1.9959e-15	2.57509e-17	1.0765e-18	1.35353e-20	2.71907e-21	8.79182e-24	1.72806e-25	1.29002e-27	3.0006e-29	5.42846e-32	1.647e-33	3.32256e-36	1.57575e-37	1.64635e-40	9.22167e-43	1.31146e-45	5.12921e-47	2.61889e-50	9.99668e-53	1.59759e-55	2.40065e-57	9.30263e-61	4.57921e-63	1.52916e-66	1.41491e-68	9.33506e-72	1.88514e-74	1.98648e-77	3.98323e-79	6.94575e-83	9.53856e-86	3.38622e-89	1.28065e-91	2.22153e-95	1.33417e-97	2.18244e-101	1.15588e-103	1.6433e-107	1.40413e-110	4.17939e-114	3.3735e-116	2.86741e-120	3.17941e-123	1.65442e-126	8.55825e-129	1.01933e-132	6.67787e-135	
N33	0.126532	0.241234	0.258191	0.194662	0.0934585	0.0544559	0.0168718	0.00956061	0.00302329	0.00137907	0.000316415	0.000243673	4.18318e-05	2.10527e-05	5.00296e-06	2.79512e-06	3.29038e-07	1.34433e-07	7.59515e-09	1.60172e-09	5.71162e-11	3.46066e-12	6.93171e-14	7.46913e-15	5.05836e-17	1.08063e-18	9.2532e-21	1.5988e-22	4.32646e-25	6.41162e-27	1.27143e-29	1.7128e-31	2.20511e-34	7.20551e-37	8.07014e-40	7.94118e-42	3.65526e-45	6.70027e-48	5.32891e-51	1.75878e-53	5.2518e-57	9.33636e-60	2.11356e-63	4.12293e-66	1.27217e-69	8.48623e-73	2.78236e-76	8.59854e-79	9.38209e-83	4.50074e-86	7.66566e-90	6.24856e-93	6.0162e-97	6.40616e-100	5.43092e-104	4.72719e-107	3.52491e-111	8.63187e-115	8.11878e-119	8.44713e-122	3.38735e-126	8.12887e-130	1.01607e-133	5.37091e-137	4.18473e-141	4.79083e-144	
N34	0.0687644	0.153769	0.213293	0.212651	0.140466	0.10427	0.0447628	0.0319408	0.0138616	0.00878708	0.00273271	0.00303935	0.000675002	0.000566477	0.000183314	0.000173678	3.07713e-05	2.91219e-05	3.0972e-06	2.08945e-06	2.01471e-07	4.60523e-08	3.18482e-09	2.04207e-09	5.80678e-11	8.44758e-12	4.73242e-13	7.27383e-14	1.11799e-15	1.49992e-16	1.93808e-18	3.00574e-19	2.81422e-21	8.79931e-23	8.83128e-25	1.50647e-25	6.80474e-28	2.05656e-29	2.79678e-31	2.65627e-32	1.24031e-34	5.81346e-36	2.25613e-38	1.39319e-39	7.75903e-42	1.0788e-43	6.77613e-46	6.99061e-47	1.16285e-49	1.20859e-51	3.87237e-54	9.54732e-56	1.4542e-58	4.5542e-60	6.53055e-63	1.98467e-64	2.17358e-67	1.17843e-69	2.01756e-72	7.15145e-74	4.46943e-77	2.5138e-79	7.46316e-82	1.25307e-83	1.34258e-86	5.81111e-88	
N35	0.00201743	0.00780103	0.0215681	0.0441684	0.0645552	0.0898942	0.0894134	0.105113	0.101517	0.0866875	0.0615317	0.0660972	0.0381971	0.0299605	0.0235935	0.032713	0.0314438	0.0459446	0.0253003	0.0189605	0.00717901	0.00364657	0.00134445	0.00101331	0.000237708	8.33747e-05	1.48981e-05	2.90375e-06	2.31945e-07	3.78705e-08	3.25026e-09	1.09707e-09	2.21675e-10	6.42593e-11	1.00012e-11	3.80907e-12	3.41988e-13	5.72998e-14	5.16102e-15	7.0989e-16	3.48343e-17	3.67525e-18	1.15698e-19	8.48035e-21	2.48981e-22	9.4859e-24	1.9118e-25	1.08913e-26	1.28519e-28	3.14904e-30	4.04298e-32	9.15298e-34	7.60714e-36	1.85717e-37	1.20763e-39	2.17062e-41	1.37327e-43	1.41339e-45	7.66295e-48	1.32469e-49	4.63698e-52	4.06026e-54	2.22295e-56	2.44197e-58	2.69554e-60	1.20437e-61	
Actinoscirpus_grossus	0	0	0	0	0	0	0	0	0	0	0	0	0	0	0	0	0	0	0	0	0	0	0	0	0	0	0	0	0	0	0	0	0	0	0	0	0	0	0	0	1	0	0	0	0	0	0	0	0	0	0	0	0	0	0	0	0	0	0	0	0	0	0	0	0	0	
N36	2.43283e-10	1.20151e-08	2.7048e-07	2.70604e-06	2.82054e-05	7.17982e-05	0.000155663	0.000342749	0.00269292	0.00782809	0.00276568	0.00576458	0.0157189	0.00747428	0.0012176	0.000944155	0.00647731	0.0667995	0.281773	0.428357	0.146522	0.0214014	0.00315633	0.000477578	2.76517e-05	9.86099e-07	1.56586e-08	1.56181e-10	8.33534e-13	4.25801e-15	1.11146e-17	3.03164e-20	5.58406e-23	1.18926e-25	3.90608e-28	3.36084e-30	1.69798e-32	9.27251e-35	3.17411e-37	9.64224e-40	1.72396e-42	3.53678e-45	3.71193e-48	4.6932e-51	3.89075e-54	3.19349e-57	1.75898e-60	1.39023e-63	5.45958e-67	2.88895e-70	1.06517e-73	4.44241e-77	1.19778e-80	4.88084e-84	1.02725e-87	3.0936e-91	6.28961e-95	1.42919e-98	2.27922e-102	5.64158e-106	6.96085e-110	1.28704e-113	2.11009e-117	5.6847e-121	2.15653e-124	1.12495e-127	
N37	1.64507e-12	1.32218e-10	5.48392e-09	9.28119e-08	1.26715e-06	6.24889e-06	1.73821e-05	5.09572e-05	0.000479631	0.00144741	0.000939704	0.00241697	0.010336	0.00359268	0.000621195	0.000395139	0.00249375	0.0347707	0.30715	0.49309	0.117329	0.0169506	0.00620798	0.00152239	0.000157016	2.24502e-05	9.49697e-07	2.81374e-08	2.59767e-10	5.52467e-12	7.07546e-14	1.85662e-14	5.21352e-15	6.32234e-16	6.30422e-17	2.10626e-17	6.84659e-19	2.25803e-19	2.89871e-21	2.18864e-22	5.38426e-25	1.23249e-26	1.26451e-29	1.13594e-31	8.2927e-35	2.87708e-37	1.25838e-40	3.89975e-43	1.47902e-46	2.28894e-49	1.24098e-52	1.68922e-55	5.13197e-59	1.9671e-61	3.36889e-65	9.71357e-68	5.94786e-71	2.93032e-74	7.02159e-78	2.83147e-80	2.41053e-84	2.16092e-87	1.15324e-90	3.52174e-94	8.97321e-98	4.33917e-100	
Schoenoplectus_lacustris	0	0	0	0	0	0	0	0	0	0	0	0	0	0	0	0	0	0	0	0	1	0	0	0	0	0	0	0	0	0	0	0	0	0	0	0	0	0	0	0	0	0	0	0	0	0	0	0	0	0	0	0	0	0	0	0	0	0	0	0	0	0	0	0	0	0	
Schoenoplectus_pungens	0	0	0	0	0	0	0	0	0	0	0	0	0	0	0	0	0	0	0	0	0	0	0	0	0	0	0	0	0	0	0	0	0	0	0	0	0	0	1	0	0	0	0	0	0	0	0	0	0	0	0	0	0	0	0	0	0	0	0	0	0	0	0	0	0	0	
N38	4.42322e-24	1.74356e-20	2.03622e-17	1.28569e-15	1.40017e-12	2.5266e-12	1.64269e-09	1.34007e-11	4.70917e-09	4.07642e-07	1.2152e-07	3.75416e-09	1.31958e-06	0.00010341	2.87989e-07	2.12747e-10	1.40971e-10	1.93744e-07	0.000122036	0.0255041	0.970867	0.00339822	2.49005e-06	8.65454e-10	1.74565e-13	3.57296e-17	7.06314e-21	8.47383e-25	6.9814e-29	5.70058e-33	1.96329e-37	6.34691e-42	1.6653e-46	3.61032e-51	6.18751e-56	3.238e-57	3.46524e-58	1.91098e-57	1.84152e-59	3.15421e-59	1.0612e-61	1.13339e-63	5.93799e-65	3.93764e-67	1.13144e-69	1.15412e-71	1.56725e-72	7.62615e-75	1.4688e-77	5.93632e-80	1.60457e-82	6.99192e-85	4.62631e-86	1.93248e-86	3.55593e-89	1.6613e-91	5.04244e-94	1.51613e-96	2.84823e-99	1.53986e-101	1.93514e-104	5.28506e-107	1.05696e-109	2.71123e-112	1.23336e-114	1.53403e-116	
Schoenoplectus_validus	0	0	0	0	0	0	0	0	0	0	0	0	0	0	0	0	0	0	0	0	1	0	0	0	0	0	0	0	0	0	0	0	0	0	0	0	0	0	0	0	0	0	0	0	0	0	0	0	0	0	0	0	0	0	0	0	0	0	0	0	0	0	0	0	0	0	
N39	7.74088e-32	2.95221e-27	2.65354e-23	8.00318e-21	5.76485e-17	2.71369e-16	1.10863e-12	1.74266e-15	3.43174e-12	1.1929e-09	2.38635e-10	2.70983e-12	8.13411e-09	3.75983e-06	1.61328e-09	7.82459e-14	2.03956e-14	3.62813e-10	2.72845e-06	0.00512885	0.994153	0.000711785	6.2883e-08	1.63591e-12	1.85403e-17	3.18956e-21	6.5486e-25	5.94267e-28	4.15377e-32	3.02338e-35	2.41782e-39	8.73745e-44	6.75961e-49	1.01993e-54	9.19476e-60	1.0232e-64	5.20391e-70	3.07438e-73	8.60854e-79	3.49964e-82	3.85994e-88	9.42682e-92	3.02846e-98	5.0114e-103	1.62057e-109	1.09072e-114	1.32839e-120	1.01577e-125	4.94564e-132	1.34389e-137	4.65706e-144	4.96482e-150	6.04993e-156	3.50924e-161	1.15623e-167	7.1745e-172	1.52861e-177	1.6484e-183	1.0447e-189	6.18755e-194	3.96492e-201	5.84921e-206	9.13072e-212	3.67207e-218	2.36484e-225	4.47829e-230	
Schoenoplectus_triqueter	0	0	0	0	0	0	0	0	0	0	0	0	0	0	0	0	0	0	0	0	1	0	0	0	0	0	0	0	0	0	0	0	0	0	0	0	0	0	0	0	0	0	0	0	0	0	0	0	0	0	0	0	0	0	0	0	0	0	0	0	0	0	0	0	0	0	
Schoenoplectus_tabernaemontani	0	0	0	0	0	0	0	0	0	0	0	0	0	0	0	0	0	0	0	0	1	0	0	0	0	0	0	0	0	0	0	0	0	0	0	0	0	0	0	0	0	0	0	0	0	0	0	0	0	0	0	0	0	0	0	0	0	0	0	0	0	0	0	0	0	0	
N40	0.000146713	0.00101443	0.00458182	0.013741	0.0289433	0.0549342	0.0708662	0.0924113	0.107809	0.107831	0.106732	0.136054	0.106717	0.077737	0.046572	0.0282382	0.0109225	0.00398337	0.000652881	0.000101103	9.2061e-06	7.2541e-07	3.4032e-08	1.83099e-09	4.42642e-11	1.21892e-12	2.1318e-14	3.56395e-16	3.50856e-18	4.68015e-20	3.06004e-22	2.73496e-24	1.49369e-26	8.84684e-29	3.4244e-31	2.13109e-33	5.75062e-36	2.26087e-38	6.05658e-41	1.97622e-43	3.77855e-46	1.17239e-48	1.74536e-51	4.28924e-54	6.55443e-57	1.16841e-59	1.38582e-62	3.0441e-65	2.76403e-68	4.04224e-71	3.97388e-74	5.1712e-77	3.88762e-80	5.5594e-83	3.48813e-86	3.94274e-89	2.58046e-92	2.19326e-95	1.21763e-98	1.3411e-101	5.77585e-105	4.48156e-108	2.73383e-111	2.96897e-114	5.61198e-117	1.13304e-118	
N41	4.89104e-06	5.24851e-05	0.000394055	0.00177164	0.00577326	0.0170483	0.0332913	0.0388953	0.0471131	0.0520459	0.0664213	0.137514	0.22201	0.228521	0.115029	0.0297295	0.0039942	0.000372597	1.75851e-05	6.14871e-07	1.33935e-08	2.28053e-10	2.54178e-12	3.38667e-14	2.45328e-16	2.36905e-18	1.75916e-20	1.17726e-22	5.21284e-25	3.52737e-27	1.05704e-29	5.02808e-32	1.43974e-34	5.24302e-37	1.067e-39	4.55065e-42	6.73458e-45	2.03127e-47	2.88103e-50	7.25969e-53	7.70247e-56	1.75336e-58	1.45353e-61	2.70688e-64	2.46222e-67	3.13741e-70	2.15299e-73	4.08251e-76	2.17505e-79	2.60545e-82	1.94572e-85	2.08737e-88	1.0718e-91	1.68577e-94	6.70036e-98	7.03571e-101	3.76559e-104	2.60529e-107	1.04453e-110	1.34078e-113	3.65156e-117	2.4956e-120	1.12809e-123	8.9569e-127	8.35839e-130	2.55271e-132	
Schoenoplectiella_articulata	0	0	0	0	0	0	0	0	0	0	0	0	0	0	1	0	0	0	0	0	0	0	0	0	0	0	0	0	0	0	0	0	0	0	0	0	0	0	0	0	0	0	0	0	0	0	0	0	0	0	0	0	0	0	0	0	0	0	0	0	0	0	0	0	0	0	
Schoenoplectiella_senegalensis	0	0	0	0	0	0	0	0	0	0	0	0	0	1	0	0	0	0	0	0	0	0	0	0	0	0	0	0	0	0	0	0	0	0	0	0	0	0	0	0	0	0	0	0	0	0	0	0	0	0	0	0	0	0	0	0	0	0	0	0	0	0	0	0	0	0	
N42	1.71435e-14	7.35053e-12	9.37655e-10	2.45748e-08	7.65671e-07	4.71054e-06	1.28251e-05	5.51989e-05	0.000914921	0.00213954	0.00216809	0.00493672	0.00352043	0.00350613	0.00869262	0.00284929	0.00778725	0.141705	0.409055	0.201016	0.10675	0.0886134	0.0149493	0.00129321	2.94692e-05	3.29535e-07	1.16927e-09	2.68376e-12	3.41188e-15	1.29838e-17	3.86777e-20	5.9731e-22	7.21496e-24	6.75228e-26	2.58017e-28	1.14024e-30	1.30012e-33	1.51289e-36	8.20201e-40	3.98757e-43	8.64617e-47	2.76431e-50	3.09457e-54	5.38618e-58	4.81339e-62	4.53029e-66	2.38362e-70	2.40534e-74	7.79427e-79	4.21333e-83	1.29382e-87	5.67836e-92	1.11312e-96	4.50933e-101	6.51393e-106	1.95664e-110	2.57467e-115	4.8723e-120	4.96702e-125	1.16136e-129	7.97951e-135	1.08312e-139	9.35034e-145	1.42301e-149	2.64439e-154	2.41773e-50	
N43	9.97876e-16	4.05991e-13	6.53716e-11	3.21019e-09	1.03884e-07	9.32563e-07	3.38559e-06	2.23848e-05	0.000574244	0.000888265	0.00195109	0.00319381	0.00198276	0.00150668	0.00451116	0.00222567	0.00441209	0.116559	0.425198	0.188389	0.0786187	0.122637	0.0404649	0.00640287	0.000430016	2.54109e-05	1.15368e-06	1.05251e-08	7.11518e-11	1.37349e-11	1.44917e-12	4.50231e-13	5.34926e-14	1.28716e-14	4.33408e-16	4.706e-16	2.73438e-18	3.61994e-19	2.67467e-22	8.05382e-24	2.51149e-27	2.74366e-29	4.97624e-33	2.41112e-35	6.10881e-39	6.35706e-42	9.26773e-46	1.96343e-48	2.41482e-52	3.04649e-55	1.85633e-58	1.33301e-61	1.74631e-65	1.58738e-67	5.77668e-72	1.30693e-74	6.30277e-78	1.23926e-81	6.5079e-86	2.6222e-88	4.80968e-93	2.50456e-96	7.81096e-100	1.22087e-103	1.14407e-107	7.22434e-110	
Schoenoplectiella_juncoides	0	0	0	0	0	0	0	0	0	0	0	0	0	0	0	0	0	0	0	0	0	0	0	0	0	0	0	0	0	0	0	0	0	0	0	0	1	0	0	0	0	0	0	0	0	0	0	0	0	0	0	0	0	0	0	0	0	0	0	0	0	0	0	0	0	0	
Schoenoplectiella_hotarui	0	0	0	0	0	0	0	0	0	0	0	0	0	0	0	0	0	0	0	0	0	1	0	0	0	0	0	0	0	0	0	0	0	0	0	0	0	0	0	0	0	0	0	0	0	0	0	0	0	0	0	0	0	0	0	0	0	0	0	0	0	0	0	0	0	0	
N44	1.65103e-17	1.84633e-14	5.54607e-12	4.49201e-10	2.13277e-08	2.34057e-07	1.35899e-06	8.75002e-06	0.000227907	0.000651304	0.000673416	0.00150971	0.00156527	0.0033999	0.00885532	0.00145611	0.00282038	0.11252	0.418329	0.241971	0.12815	0.0695028	0.00757229	0.00074471	3.99013e-05	6.19727e-07	8.34554e-09	1.79921e-10	2.74923e-11	1.48448e-11	8.18562e-13	6.18899e-14	4.7039e-15	5.33438e-17	3.76161e-19	2.54913e-21	9.18931e-25	2.24819e-27	2.84907e-31	4.95643e-34	3.2172e-38	7.29808e-41	4.40285e-45	1.07036e-47	3.26501e-52	3.65218e-55	6.73213e-60	4.26726e-63	5.31615e-68	1.03252e-71	1.36713e-76	1.19101e-80	2.11608e-85	3.98789e-89	2.88894e-94	3.07266e-98	1.88461e-102	4.73315e-107	4.71841e-112	1.70899e-115	5.77065e-121	6.07513e-125	2.77142e-129	7.92768e-134	2.51252e-138	2.53466e-97	
Schoenoplectiella_mucronata	0	0	0	0	0	0	0	0	0	0	0	0	0	0	0	0	0	0	0	0	1	0	0	0	0	0	0	0	0	0	0	0	0	0	0	0	0	0	0	0	0	0	0	0	0	0	0	0	0	0	0	0	0	0	0	0	0	0	0	0	0	0	0	0	0	0	
N45	1.89545e-18	1.71809e-15	5.85943e-13	6.7748e-11	3.9039e-09	5.42994e-08	4.59915e-07	3.64844e-06	0.000128781	0.000362493	0.000303943	0.000973986	0.000948089	0.00162417	0.0100149	0.0022897	0.00294078	0.13885	0.431505	0.215817	0.1008	0.0617641	0.00818967	0.00139306	0.00027179	4.1018e-05	3.68338e-05	2.95287e-05	5.48177e-05	0.00225559	0.00499459	0.00629328	0.00735851	0.000645402	0.000101098	7.90064e-06	2.4808e-08	3.90874e-09	2.86583e-12	1.66099e-13	5.53832e-17	1.63557e-18	2.7389e-22	3.78306e-24	3.64049e-28	1.37931e-30	8.85475e-35	1.46195e-37	1.56488e-41	9.63372e-45	1.36395e-48	3.40719e-52	8.95387e-56	7.81485e-59	2.5502e-63	8.42889e-66	3.7371e-69	5.95651e-73	3.28916e-77	1.75976e-79	2.52305e-84	2.92693e-87	8.8894e-91	8.64725e-95	4.19894e-99	2.08975e-101	
Schoenoplectiella_lineolata	0	0	0	0	0	0	0	0	0	0	0	0	0	0	0	0	0	0	0	0	0	0	0	0	0	0	0	0	0	1	0	0	0	0	0	0	0	0	0	0	0	0	0	0	0	0	0	0	0	0	0	0	0	0	0	0	0	0	0	0	0	0	0	0	0	0	
Schoenoplectiella_wallichii	0	0	0	0	0	0	0	0	0	0	0	0	0	0	0	0	0	0	0	0	0	0	0	0	0	0	0	0	0	0	0	0	0	0	0	1	0	0	0	0	0	0	0	0	0	0	0	0	0	0	0	0	0	0	0	0	0	0	0	0	0	0	0	0	0	0	
N46	0.106862	0.206713	0.242604	0.204034	0.113925	0.0722564	0.0265008	0.0159671	0.00589755	0.00318557	0.00082936	0.0008538	0.000155596	0.000135965	3.46385e-05	3.46702e-05	4.18634e-06	4.83212e-06	3.37067e-07	3.15991e-07	2.16565e-08	6.04205e-09	2.61021e-10	2.14862e-10	3.33582e-12	5.87513e-13	2.37995e-14	4.29554e-15	3.88682e-17	7.55114e-18	6.83655e-20	1.98609e-20	1.49954e-22	5.69367e-24	4.78838e-26	1.61749e-26	4.28843e-29	1.32853e-30	1.58433e-32	1.80466e-33	3.78609e-36	1.75908e-37	3.54026e-40	3.62874e-41	1.11656e-43	1.18529e-45	5.19945e-48	9.05225e-49	7.74604e-52	7.58451e-54	2.09331e-56	8.88621e-58	7.26126e-61	3.04317e-62	2.77607e-65	1.726e-66	1.08344e-69	6.20805e-72	9.45558e-75	6.7018e-76	2.5591e-79	1.64331e-81	5.50935e-84	1.84167e-85	1.036e-88	7.69889e-90	
N47	0.010248	0.0289822	0.0597568	0.0959937	0.114479	0.132714	0.115654	0.111901	0.0898635	0.0671502	0.0406195	0.0348856	0.0190338	0.0162907	0.01304	0.0146863	0.0110789	0.0125363	0.00578481	0.00366157	0.00116785	0.000384194	6.64455e-05	1.89233e-05	1.75737e-06	2.53272e-07	2.11684e-08	2.11718e-09	9.92676e-11	8.96098e-12	3.02677e-13	2.01887e-14	6.13157e-16	2.48376e-17	5.67861e-19	3.15349e-20	4.70478e-22	1.35348e-23	2.30404e-25	6.27437e-27	7.05412e-29	1.79266e-30	1.56572e-32	3.30772e-34	3.1997e-36	4.26525e-38	3.30212e-40	7.29762e-42	3.86304e-44	4.34302e-46	2.76549e-48	3.12329e-50	1.43115e-52	1.89377e-54	7.35128e-57	7.70923e-59	3.13118e-61	2.06526e-63	7.54713e-66	8.47868e-68	2.14271e-70	1.32747e-72	5.35352e-75	4.31508e-77	3.73634e-79	1.15169e-80	
Schoenoplectus_litoralis	0	0	0	0	0	0	0	0	0	0	0	0	0	0	0	0	0	0	0	1	0	0	0	0	0	0	0	0	0	0	0	0	0	0	0	0	0	0	0	0	0	0	0	0	0	0	0	0	0	0	0	0	0	0	0	0	0	0	0	0	0	0	0	0	0	0	
N48	4.94226e-15	4.12564e-12	1.00713e-09	2.32066e-08	5.4539e-07	5.41991e-06	4.3381e-05	4.62509e-05	0.00029128	0.001533	0.000520979	0.00685228	0.0137408	0.0390826	0.00492315	0.00116418	0.00216672	0.0126515	0.329463	0.550072	0.0330721	0.00156575	0.00201757	0.000761378	2.6029e-05	5.62589e-07	5.3713e-08	2.51179e-08	1.41629e-09	3.78813e-11	2.51011e-13	2.38309e-16	7.07266e-20	1.30241e-23	1.26323e-27	1.27763e-31	5.91811e-36	8.35339e-40	1.07755e-41	1.87104e-43	2.16605e-45	3.59171e-47	3.57225e-49	5.07749e-51	5.40341e-53	6.41113e-55	5.72766e-57	7.97303e-59	6.11913e-61	6.74866e-63	5.69819e-65	5.7663e-67	4.09273e-69	4.6753e-71	2.94537e-73	2.84517e-75	1.95101e-77	1.60242e-79	9.68769e-82	9.68263e-84	5.04342e-86	4.18173e-88	3.19688e-90	4.20306e-92	7.86463e-94	1.99452e-95	
Bolboschoenus_maritimus	0	0	0	0	0	0	0	0	0	0	0	0	0	0	0	0	0	0	0	1	0	0	0	0	0	0	0	0	0	0	0	0	0	0	0	0	0	0	0	0	0	0	0	0	0	0	0	0	0	0	0	0	0	0	0	0	0	0	0	0	0	0	0	0	0	0	
N49	7.75875e-16	6.74942e-13	1.70279e-10	6.42897e-09	2.31415e-07	2.85941e-06	1.86346e-05	3.298e-05	0.000155035	0.000699466	0.000442088	0.00664994	0.0110795	0.0379929	0.0053979	0.00112672	0.00201365	0.00965633	0.26118	0.416708	0.0285507	0.00121647	0.00231419	0.00139845	0.000167842	0.000304444	0.00102084	0.0257839	0.0481935	0.132158	0.00559873	0.000137051	3.04334e-07	9.85269e-10	2.11211e-13	2.2509e-14	8.26541e-19	1.80683e-18	1.47328e-20	4.54572e-19	1.49959e-21	7.42533e-21	1.52189e-23	2.48581e-23	1.29189e-25	1.23613e-26	1.60855e-29	2.48494e-31	3.31759e-35	8.77165e-38	6.47154e-41	1.38992e-43	2.35722e-48	1.29164e-49	6.80384e-55	1.44844e-56	7.58446e-60	1.02621e-63	9.98638e-69	3.4448e-70	5.44741e-76	7.59924e-79	2.13527e-82	1.58034e-86	1.30487e-91	3.89771e-93	
Bolboschoenus_fluviatilis	0	0	0	0	0	0	0	0	0	0	0	0	0	0	0	0	0	0	0	0	0	0	0	0	0	0	0	0	0	0	0	0	0	0	0	0	0	0	0	0	0	0	0	0	0	0	1	0	0	0	0	0	0	0	0	0	0	0	0	0	0	0	0	0	0	0	
Bolboschoenus_planiculmis	0	0	0	0	0	0	0	0	0	0	0	0	0	0	0	0	0	0	0	0	0	0	0	0	0	0	0	1	0	0	0	0	0	0	0	0	0	0	0	0	0	0	0	0	0	0	0	0	0	0	0	0	0	0	0	0	0	0	0	0	0	0	0	0	0	0	
N50	1.371e-07	3.62505e-06	4.72931e-05	0.000297166	0.0012969	0.00480052	0.0100061	0.0162539	0.024863	0.0384896	0.062956	0.153471	0.235119	0.173902	0.12986	0.099032	0.0378743	0.0101997	0.00121589	0.000199922	7.63072e-05	2.88471e-05	5.8788e-06	1.01045e-06	7.15374e-08	3.83499e-09	9.38098e-11	1.5174e-12	1.28164e-14	1.09545e-16	4.61455e-19	2.10707e-21	6.07465e-24	1.64742e-26	2.97994e-29	7.03156e-32	8.37564e-35	1.24057e-37	1.30859e-40	1.4759e-43	1.08787e-46	1.10308e-49	6.12592e-53	4.70869e-56	2.50729e-59	1.42685e-62	5.75982e-66	3.54178e-69	1.10868e-72	4.84991e-76	1.53857e-79	5.70884e-83	1.40049e-86	5.42382e-90	1.09704e-93	3.34853e-97	6.86543e-101	1.6524e-104	2.81434e-108	7.82574e-112	1.07672e-115	2.32826e-119	4.53059e-123	1.48132e-126	6.61009e-130	4.13064e-133	
Fuirena_umbellata	0	0	0	0	0	0	0	0	0	0	0	0	0	0	0	0	0	0	0	0	0	0	0	0	0	1	0	0	0	0	0	0	0	0	0	0	0	0	0	0	0	0	0	0	0	0	0	0	0	0	0	0	0	0	0	0	0	0	0	0	0	0	0	0	0	0	
N51	1.17723e-09	6.80776e-08	1.92554e-06	2.35532e-05	0.000212886	0.000855757	0.0029143	0.00517896	0.0137717	0.0400924	0.0432906	0.0863752	0.200228	0.263397	0.195916	0.0996721	0.032276	0.0127196	0.0026408	0.000380511	4.73042e-05	4.98274e-06	2.53379e-07	7.23558e-09	8.01659e-11	5.2284e-13	1.67402e-15	3.25714e-18	3.54958e-21	4.31789e-24	2.85427e-27	7.99875e-30	8.55081e-33	1.76287e-35	1.26221e-38	3.00644e-41	1.52158e-44	1.17654e-47	9.93928e-51	3.2532e-54	1.19342e-57	6.36617e-61	9.77549e-65	8.428e-68	1.50051e-71	1.72863e-74	2.34029e-78	3.20999e-81	3.01665e-85	2.61985e-88	2.16383e-92	1.44667e-95	8.74098e-100	4.22494e-103	2.09011e-107	6.93253e-111	3.7328e-115	7.72304e-119	4.44573e-123	9.55272e-127	3.65669e-131	5.80525e-135	6.95011e-139	1.2418e-142	3.21811e-146	4.96132e-149	
Fuirena_simplex	0	0	0	0	0	0	0	0	0	0	0	0	0	0	1	0	0	0	0	0	0	0	0	0	0	0	0	0	0	0	0	0	0	0	0	0	0	0	0	0	0	0	0	0	0	0	0	0	0	0	0	0	0	0	0	0	0	0	0	0	0	0	0	0	0	0	
N52	5.27441e-14	1.5169e-11	1.88753e-09	6.1185e-08	1.73214e-06	2.00951e-05	6.74928e-05	0.000337819	0.00172814	0.00800777	0.0327719	0.0830758	0.049017	0.0583044	0.136377	0.143212	0.0364154	0.0119305	0.0581216	0.125188	0.176431	0.0685297	0.0101701	0.000290648	1.16281e-06	1.04202e-08	1.73593e-11	8.60363e-14	6.13736e-17	1.93388e-19	7.86255e-23	1.30103e-25	3.53721e-29	2.9457e-32	5.264e-36	4.22614e-39	4.93649e-43	2.44244e-46	7.31395e-50	2.08297e-53	2.7029e-57	2.41433e-60	1.57014e-64	5.57007e-68	9.91457e-72	1.42041e-75	9.63337e-80	5.1042e-83	1.71149e-87	2.6966e-91	2.3404e-95	5.82886e-99	1.48741e-103	2.76189e-107	9.04152e-112	3.98734e-115	7.91448e-120	7.93165e-124	2.51769e-128	9.61504e-132	1.30124e-136	1.07851e-140	3.5819e-145	6.8242e-149	1.4912e-153	5.65828e-157	
Fuirena_ciliaris	0	0	0	0	0	0	0	0	0	0	0	0	0	0	0	0	0	0	1	0	0	0	0	0	0	0	0	0	0	0	0	0	0	0	0	0	0	0	0	0	0	0	0	0	0	0	0	0	0	0	0	0	0	0	0	0	0	0	0	0	0	0	0	0	0	0	
N53	3.30915e-23	1.23611e-19	1.59839e-16	1.2765e-14	2.69347e-12	9.31294e-11	1.12149e-09	4.91504e-09	9.3595e-09	1.41899e-06	8.17862e-05	5.94652e-05	1.44741e-06	7.97472e-05	0.00400217	0.000185355	9.28499e-07	4.07222e-09	3.89768e-07	6.45039e-05	0.00448164	0.114686	0.852118	0.0241662	7.06539e-05	1.81595e-07	1.92623e-10	7.75968e-14	1.9905e-17	5.62247e-21	4.20182e-25	1.41817e-28	8.67828e-33	3.42143e-36	1.1944e-40	3.38964e-44	7.08113e-49	1.04021e-52	1.55678e-57	1.25771e-61	3.67885e-65	3.55395e-67	5.79876e-70	4.18969e-72	1.4749e-74	5.86629e-77	4.11581e-79	4.41411e-80	6.00903e-83	6.83491e-85	4.02777e-87	2.30932e-89	3.58125e-92	7.18814e-94	6.50461e-97	4.73659e-99	1.63366e-101	4.40908e-104	4.88984e-107	5.57985e-109	3.39764e-112	1.29132e-114	3.16839e-117	2.30894e-119	6.32217e-122	2.0367e-123	
Fuirena_breviseta	0	0	0	0	0	0	0	0	0	0	0	0	0	0	0	0	0	0	0	0	0	0	1	0	0	0	0	0	0	0	0	0	0	0	0	0	0	0	0	0	0	0	0	0	0	0	0	0	0	0	0	0	0	0	0	0	0	0	0	0	0	0	0	0	0	0	
N54	6.60139e-37	1.2045e-31	6.35593e-27	1.6455e-24	7.38791e-21	1.23621e-18	2.59757e-17	1.44216e-16	2.86193e-16	3.80843e-12	1.7174e-09	6.47114e-10	2.48657e-13	1.11999e-09	5.29657e-06	4.36425e-09	1.53249e-13	2.52933e-18	1.50811e-15	4.99506e-11	6.15865e-07	0.00204772	0.997622	0.000324584	1.16555e-08	1.30275e-13	6.8682e-19	3.67888e-23	3.19556e-28	5.74944e-32	3.83161e-37	5.09182e-42	8.75685e-47	3.6951e-52	1.38601e-57	3.12921e-63	1.14225e-69	1.35426e-75	5.9581e-82	4.22458e-87	1.11597e-93	9.93934e-99	9.6376e-106	3.16083e-111	9.36781e-119	6.09303e-125	1.50918e-133	7.25843e-34	8.1486e-35	1.10417e-34	2.88033e-35	2.12668e-35	1.13527e-35	1.43347e-35	1.67533e-36	2.73985e-36	1.1658e-36	8.09907e-37	5.80337e-37	1.24431e-35	1.23906e-36	6.24498e-36	1.01109e-35	1.04858e-35	1.02171e-35	2.76674e-34	
Fuirena_pumila	0	0	0	0	0	0	0	0	0	0	0	0	0	0	0	0	0	0	0	0	0	0	1	0	0	0	0	0	0	0	0	0	0	0	0	0	0	0	0	0	0	0	0	0	0	0	0	0	0	0	0	0	0	0	0	0	0	0	0	0	0	0	0	0	0	0	
Fuirena_scirpoidea	0	0	0	0	0	0	0	0	0	0	0	0	0	0	0	0	0	0	0	0	0	0	1	0	0	0	0	0	0	0	0	0	0	0	0	0	0	0	0	0	0	0	0	0	0	0	0	0	0	0	0	0	0	0	0	0	0	0	0	0	0	0	0	0	0	0	
N55	0.0150655	0.0565941	0.130021	0.198082	0.199053	0.183992	0.107634	0.0645374	0.028055	0.0116571	0.00345868	0.00143431	0.000296216	9.14688e-05	2.07698e-05	6.17984e-06	9.90021e-07	2.39803e-07	1.95907e-08	2.37896e-09	1.34959e-10	8.82623e-12	3.02727e-13	1.96525e-14	3.52364e-16	1.02904e-17	1.60527e-19	3.02283e-21	2.31949e-23	3.63292e-25	1.89355e-27	2.14942e-29	9.9732e-32	6.74525e-34	2.57961e-36	2.77089e-38	7.0432e-41	3.68072e-43	1.08729e-45	5.35866e-48	9.45247e-51	3.92645e-53	4.98765e-56	1.62519e-58	2.15931e-61	3.98016e-64	4.05908e-67	1.27858e-69	8.23928e-73	1.21348e-75	1.02704e-78	1.79296e-81	1.29815e-84	3.22213e-87	2.26636e-90	4.7653e-93	3.50202e-96	4.28386e-99	2.76107e-102	5.78664e-105	2.35337e-108	2.42039e-111	1.54552e-114	1.99212e-117	2.43148e-120	9.20331e-123	
N56	0.00250456	0.012038	0.0392074	0.0854696	0.12448	0.162055	0.138239	0.128273	0.0940908	0.0726446	0.0385511	0.0432156	0.0173983	0.0164359	0.00800688	0.00857079	0.00338108	0.00393984	0.000851124	0.000536722	8.70665e-05	2.07985e-05	1.723e-06	6.02032e-07	2.16523e-08	2.4875e-09	1.35569e-10	1.51974e-11	3.18312e-13	3.09974e-14	5.08493e-16	4.71532e-17	5.99205e-19	1.68192e-20	1.72971e-22	1.34474e-23	6.13939e-26	1.05687e-27	7.6509e-30	2.18793e-31	7.10504e-34	1.29769e-35	3.14201e-38	5.59815e-40	1.72485e-42	1.07377e-44	3.14744e-47	8.51658e-49	1.03972e-51	5.46246e-54	1.16586e-56	1.1075e-58	1.49551e-61	2.19269e-63	2.93154e-66	3.86362e-68	4.62598e-71	1.80713e-73	2.59275e-76	4.08632e-78	2.83536e-81	1.12716e-83	2.4291e-86	1.87514e-88	2.80803e-91	6.85191e-93	
N57	3.48158e-07	4.65008e-06	3.95391e-05	0.000204309	0.000836256	0.00210865	0.00429802	0.0061686	0.0179113	0.0297729	0.0196666	0.0276016	0.0494786	0.047252	0.0115292	0.00634937	0.0177007	0.074815	0.152598	0.275263	0.195499	0.0504204	0.00645629	0.00248245	0.000997623	0.00043533	9.62475e-05	1.38055e-05	7.12081e-07	3.35341e-08	6.38015e-10	1.47587e-11	4.23008e-13	9.31167e-14	2.05955e-14	6.98633e-15	9.47703e-16	1.6832e-16	1.75912e-17	1.87091e-18	9.22152e-20	5.52246e-21	1.08433e-22	2.62698e-24	3.08609e-26	3.51294e-28	2.24979e-30	2.39521e-32	9.30295e-35	5.40282e-37	1.9213e-39	8.57796e-42	2.03557e-44	8.93807e-47	1.5917e-49	5.02786e-52	8.61491e-55	1.88672e-57	2.54989e-60	6.89239e-63	6.76931e-66	1.20012e-68	1.56693e-71	3.56565e-74	1.0972e-76	6.62791e-79	
Scirpoides_holoschoenus	0	0	0	0	0	0	0	0	0	0	0	0	0	0	0	0	0	0	0	0	1	0	0	0	0	0	0	0	0	0	0	0	0	0	0	0	0	0	0	0	0	0	0	0	0	0	0	0	0	0	0	0	0	0	0	0	0	0	0	0	0	0	0	0	0	0	
Scirpoides_holoschoenus_subsp_thunbergii	0	0	0	0	0	0	0	0	0	0	0	0	0	0	0	0	0	0	0	0	0	0	0	0	0	0	0	0	0	0	0	0	0	0	0	0	0	0	0	0	0	1	0	0	0	0	0	0	0	0	0	0	0	0	0	0	0	0	0	0	0	0	0	0	0	0	
N58	2.32897e-08	1.13512e-06	2.45503e-05	0.000223403	0.00105003	0.00520507	0.0112582	0.0261099	0.0349741	0.0474892	0.0844185	0.152615	0.167058	0.129568	0.0948464	0.105846	0.0719279	0.0447192	0.0154653	0.00578777	0.00110314	0.000252959	4.71326e-05	9.38948e-06	4.3296e-07	1.42131e-08	1.73423e-10	1.52863e-12	5.61305e-15	2.70383e-17	4.77511e-20	1.2622e-22	2.54326e-25	1.29848e-27	4.43199e-30	2.26435e-32	2.95518e-35	5.05636e-38	4.26154e-41	4.26215e-44	1.80132e-47	1.33466e-50	3.72646e-54	2.09568e-57	6.20449e-61	2.38806e-64	5.72257e-68	3.65495e-71	8.33384e-75	4.09591e-78	1.22295e-81	5.29914e-85	9.74844e-89	3.98105e-92	4.9406e-96	1.27681e-99	1.40917e-103	2.10007e-107	1.70476e-111	3.37847e-115	1.735e-119	1.82811e-123	1.23857e-127	1.48892e-131	2.09732e-135	6.42371e-139	
N59	3.18034e-08	7.98129e-07	1.32347e-05	0.000116375	0.000676961	0.00289504	0.00730366	0.0159272	0.026834	0.0452333	0.0776008	0.127751	0.138537	0.120776	0.0918949	0.0881898	0.0680319	0.0483701	0.0359011	0.0333126	0.0318253	0.0232726	0.00811951	0.00673051	0.000557751	0.000122264	5.27651e-06	4.2657e-07	5.81852e-09	5.81141e-10	4.63169e-12	4.26617e-13	2.11587e-15	9.50892e-17	2.88756e-19	9.13168e-21	1.79453e-23	2.53654e-25	8.50552e-28	6.19543e-30	1.16433e-32	1.91391e-34	1.90166e-37	2.40418e-39	8.4404e-42	2.68858e-44	4.09732e-47	1.11348e-48	5.66807e-52	2.8118e-54	7.9618e-57	3.24158e-59	1.43709e-62	1.10718e-64	4.27512e-68	3.80113e-70	1.74495e-73	3.09082e-76	1.85882e-79	2.4671e-81	4.73236e-85	1.0672e-87	9.05997e-91	9.18755e-93	2.91725e-96	4.099e-98	
Cyperus_fuscus	0	0	0	0	0	0	0	0	0	0	0	0	0	0	0	0	0	0	0	0	0	0	0	1	0	0	0	0	0	0	0	0	0	0	0	0	0	0	0	0	0	0	0	0	0	0	0	0	0	0	0	0	0	0	0	0	0	0	0	0	0	0	0	0	0	0	
Cyperus_eragrostis	0	0	0	0	0	0	0	0	0	0	0	0	0	0	0	0	0	0	0	0	1	0	0	0	0	0	0	0	0	0	0	0	0	0	0	0	0	0	0	0	0	0	0	0	0	0	0	0	0	0	0	0	0	0	0	0	0	0	0	0	0	0	0	0	0	0	
N60	8.36324e-10	6.62238e-08	2.54532e-06	3.38079e-05	0.000232311	0.00178759	0.00416505	0.0120642	0.0211946	0.0261918	0.0516766	0.140771	0.201421	0.131676	0.0951825	0.138539	0.10414	0.0513415	0.0141278	0.00435545	0.000779386	0.000235294	6.42202e-05	1.65349e-05	1.05824e-06	1.00249e-07	2.88129e-09	1.99108e-10	3.46423e-12	3.32984e-13	3.55573e-15	5.54711e-16	1.30167e-16	1.62269e-17	7.21732e-19	1.01546e-19	5.57662e-22	4.19635e-23	1.31186e-25	2.10403e-26	1.44067e-28	2.18207e-29	6.42623e-32	4.545e-33	2.25942e-35	3.53769e-36	2.86721e-38	3.79956e-39	1.34063e-41	3.22784e-43	9.85936e-46	1.13806e-47	8.32974e-51	1.08752e-52	3.40423e-56	3.58308e-58	2.60298e-61	2.10495e-64	6.34657e-68	6.02113e-70	4.14194e-74	5.6793e-77	3.72504e-80	1.65225e-83	2.65107e-87	1.84425e-89	
N61	6.62009e-18	7.0668e-15	9.57898e-13	3.93946e-10	7.91635e-10	3.0051e-09	8.01052e-07	6.35149e-05	1.12512e-06	1.19353e-05	6.80677e-05	5.56327e-07	7.09663e-06	0.00144697	0.0942273	0.890424	0.0137138	3.51046e-05	2.72517e-08	9.78118e-12	1.91739e-15	2.28669e-19	2.3737e-23	2.29382e-25	6.5198e-27	1.6086e-28	3.18181e-30	5.47741e-32	7.8045e-34	1.29423e-35	1.64831e-37	2.67034e-39	4.14987e-41	6.50258e-43	8.7375e-45	1.49523e-46	1.59679e-48	1.94174e-50	2.02637e-52	1.9834e-54	1.56527e-56	1.70034e-58	1.14044e-60	1.19098e-62	9.14237e-65	9.45819e-67	6.57764e-69	7.4239e-71	4.55135e-73	4.19372e-75	2.46284e-77	1.95626e-79	9.71813e-82	8.03581e-84	3.47943e-86	2.34208e-88	1.12575e-90	6.46233e-93	2.67561e-95	1.93842e-97	6.75031e-100	4.06155e-102	2.29345e-104	2.33267e-106	3.97234e-108	9.16516e-110	
Cyperus_alternifolius	0	0	0	0	0	0	0	0	0	0	0	0	0	0	0	1	0	0	0	0	0	0	0	0	0	0	0	0	0	0	0	0	0	0	0	0	0	0	0	0	0	0	0	0	0	0	0	0	0	0	0	0	0	0	0	0	0	0	0	0	0	0	0	0	0	0	
N62	4.94547e-18	4.79706e-15	8.08186e-13	2.71195e-10	5.79663e-10	2.61619e-09	7.43159e-07	5.56554e-05	1.02956e-06	9.72279e-06	5.55346e-05	4.9919e-07	5.92711e-06	0.00132911	0.0924124	0.892769	0.0133303	3.04151e-05	1.97252e-08	5.97805e-12	8.243e-15	3.04907e-17	3.67574e-20	1.57183e-22	1.64168e-26	1.19103e-29	1.64487e-33	2.31094e-36	2.10144e-41	1.197e-42	2.22358e-48	1.85327e-49	1.49402e-55	2.1353e-57	1.33904e-63	9.12646e-66	5.36284e-72	1.60966e-74	5.20319e-80	1.63187e-83	7.16655e-89	8.95382e-92	2.72245e-98	6.71296e-100	9.21083e-104	3.27778e-108	2.91017e-117	1.15477e-115	9.71892e-127	2.34344e-125	2.42784e-129	6.76623e-134	1.41367e-145	6.84083e-143	2.91361e-155	1.77405e-151	1.83036e-157	3.23379e-162	5.00052e-173	1.02153e-168	4.87795e-182	1.1573e-182	6.42675e-187	1.41103e-186	2.65112e-200	2.60808e-196	
Cyperus_difformis	0	0	0	0	0	0	0	0	0	0	0	0	0	0	0	1	0	0	0	0	0	0	0	0	0	0	0	0	0	0	0	0	0	0	0	0	0	0	0	0	0	0	0	0	0	0	0	0	0	0	0	0	0	0	0	0	0	0	0	0	0	0	0	0	0	0	
Cyperus_involucratus	0	0	0	0	0	0	0	0	0	0	0	0	0	0	0	1	0	0	0	0	0	0	0	0	0	0	0	0	0	0	0	0	0	0	0	0	0	0	0	0	0	0	0	0	0	0	0	0	0	0	0	0	0	0	0	0	0	0	0	0	0	0	0	0	0	0	
N63	6.5847e-11	5.48201e-09	2.52987e-07	4.53547e-06	4.33274e-05	0.000350778	0.00118104	0.0036568	0.00932755	0.0125584	0.0260341	0.0768665	0.111499	0.0996898	0.0559025	0.0959235	0.0984015	0.058808	0.0215592	0.0129389	0.00538793	0.00656875	0.0101832	0.0870103	0.0426185	0.114287	0.0175631	0.0199274	0.0016525	0.00246695	8.05174e-05	0.000325559	0.000283804	0.00278848	0.000723718	0.00306974	0.000170258	0.000122248	7.7528e-06	1.03439e-05	1.39616e-06	3.93861e-06	1.64383e-07	2.05517e-07	9.01484e-08	1.01741e-07	3.24363e-08	3.5298e-07	1.86628e-08	1.16964e-08	2.55311e-09	1.02171e-09	8.12159e-12	1.98094e-12	1.07532e-14	3.26297e-15	7.12509e-18	7.9165e-20	1.96627e-22	2.03296e-23	6.79516e-27	3.39068e-29	5.70344e-32	1.2575e-33	3.28164e-37	1.0479e-38	
Kyllingiella_microcephala	0	0	0	0	0	0	0	0	0	0	0	0	0	0	0	0	0	0	0	0	0	0	0	0	0	0	0	0	0	0	0	0	0	0	0	0	0	0	0	0	0	0	0	0	0	0	0	0	0	1	0	0	0	0	0	0	0	0	0	0	0	0	0	0	0	0	
N64	4.45412e-11	2.67163e-09	1.02086e-07	1.81863e-06	1.91933e-05	0.000143871	0.000553962	0.00169063	0.00490307	0.00754557	0.0142972	0.0453378	0.0782246	0.0694498	0.0325797	0.0518613	0.0846461	0.0835222	0.0335285	0.0157355	0.00621024	0.00623594	0.00934794	0.0624534	0.0670238	0.150747	0.0665519	0.0556089	0.00432431	0.00195215	7.57134e-05	0.000123426	0.000245086	0.00204627	0.00290195	0.0170434	0.00715935	0.00936665	0.00473239	0.00166628	8.63693e-05	5.37074e-05	9.59431e-07	4.83774e-07	2.25029e-07	3.07568e-07	1.45273e-07	5.77404e-07	7.06084e-08	2.82212e-08	5.46988e-09	2.07911e-09	7.18644e-11	1.43209e-11	2.40736e-13	1.09343e-13	8.5707e-16	7.21571e-17	7.76587e-19	2.02293e-19	3.59446e-22	1.43473e-23	5.55925e-26	4.95598e-27	7.43149e-30	8.27166e-31	
Cyperus_cuspidatus	0	0	0	0	0	0	0	0	0	0	0	0	0	0	0	0	0	0	0	0	0	0	0	0	0	0	0	0	0	0	0	0	0	0	0	0	0	0	0	0	0	0	0	0	0	0	0	0	0	0	0	0	0	0	0	1	0	0	0	0	0	0	0	0	0	0	
Cyperus_cyperoides	0	0	0	0	0	0	0	0	0	0	0	0	0	0	0	0	0	0	0	0	0	0	0	0	0	0	0	0	0	0	0	0	0	0	0	0	0	0	0	0	1	0	0	0	0	0	0	0	0	0	0	0	0	0	0	0	0	0	0	0	0	0	0	0	0	0	
N65	0.0065692	0.0254633	0.0719864	0.140937	0.192162	0.217434	0.163919	0.103589	0.0473371	0.0203483	0.00686211	0.00252895	0.000588483	0.000199225	5.67268e-05	1.66525e-05	2.41913e-06	4.96742e-07	5.03626e-08	1.27165e-08	1.84533e-09	3.53096e-10	3.11823e-11	6.26298e-12	3.01649e-13	2.86524e-14	1.27223e-15	1.06284e-16	5.19687e-18	9.36431e-19	4.63542e-20	6.37071e-21	2.55311e-22	1.55556e-23	3.55964e-25	2.7546e-26	2.95489e-28	8.12555e-30	1.16452e-31	6.12649e-33	2.02641e-34	3.34269e-35	1.25349e-36	1.97835e-37	8.51359e-39	5.60531e-40	1.70242e-41	2.55236e-42	3.90887e-44	1.74478e-45	3.45729e-47	1.6195e-48	1.52149e-50	6.54337e-52	4.32842e-54	1.34649e-55	7.78666e-58	9.44158e-60	4.72111e-62	1.2977e-63	3.24121e-66	2.93697e-68	1.36812e-70	1.73724e-72	1.09662e-74	6.53682e-76	
Scirpus_ficinioides	0	0	0	0	0	0	0	0	0	0	0	0	0	0	0	0	0	0	0	0	0	0	0	0	0	0	0	0	0	0	0	0	0	0	0	0	0	0	0	0	0	0	0	0	0	0	0	0	0	0	0	1	0	0	0	0	0	0	0	0	0	0	0	0	0	0	
N66	8.68715e-05	0.00149168	0.0134422	0.0534907	0.141242	0.292963	0.315958	0.111648	0.0490084	0.0138133	0.00384561	0.00201653	0.000795358	0.000181821	1.64976e-05	6.53247e-07	1.42585e-08	4.15191e-10	1.1192e-11	2.56484e-13	2.78144e-15	1.91368e-17	7.06643e-20	2.43588e-22	4.09546e-25	7.12124e-28	9.14332e-31	1.42023e-33	1.91166e-36	3.99338e-39	4.47585e-42	6.30608e-45	5.42559e-48	4.54288e-51	2.38626e-54	1.73913e-57	5.74514e-61	2.51242e-64	7.50167e-68	2.52324e-71	5.07824e-75	1.65688e-78	2.50489e-82	6.35707e-86	9.78786e-90	1.77632e-93	2.06946e-97	4.20008e-101	3.69262e-105	4.84819e-109	4.20277e-113	4.5073e-117	2.82512e-121	3.1644e-125	1.56045e-129	1.37861e-133	6.97378e-138	4.70525e-142	1.99051e-146	1.80119e-150	5.83185e-155	3.66739e-159	1.64519e-163	1.3595e-167	1.49704e-171	2.83115e-175	
N67	0.00012981	0.00182412	0.0151224	0.0624017	0.164903	0.307155	0.290503	0.103503	0.0386694	0.0105592	0.00304981	0.00151723	0.00055291	0.000102536	7.41097e-06	2.16143e-07	3.05505e-09	5.03372e-11	5.7124e-13	8.59779e-15	1.25489e-16	7.955e-19	3.83935e-21	4.38928e-23	6.67271e-26	1.22583e-27	1.4851e-30	2.10002e-32	1.47141e-35	1.38471e-37	7.13977e-41	3.78614e-43	1.78567e-46	5.24897e-49	2.13463e-52	1.15132e-54	3.0095e-58	1.0791e-60	1.27091e-63	1.67343e-66	5.37607e-70	3.70846e-72	5.79713e-76	1.34786e-78	1.05797e-81	6.30654e-85	1.3642e-88	7.17533e-91	6.39736e-95	6.20541e-98	2.78425e-101	1.01813e-103	7.0992e-108	8.74771e-111	1.38946e-114	8.74125e-117	5.56007e-121	3.16689e-124	4.70311e-128	2.25603e-130	9.88443e-135	5.06696e-138	1.12704e-141	1.78172e-144	1.21553e-148	5.121e-151	
Isolepis_marginata	0	0	0	1	0	0	0	0	0	0	0	0	0	0	0	0	0	0	0	0	0	0	0	0	0	0	0	0	0	0	0	0	0	0	0	0	0	0	0	0	0	0	0	0	0	0	0	0	0	0	0	0	0	0	0	0	0	0	0	0	0	0	0	0	0	0	
N68	1.64255e-06	3.5417e-05	0.000473317	0.00324356	0.0134103	0.0400625	0.0924859	0.0735349	0.0687554	0.0557298	0.0234447	0.0571807	0.1094	0.266343	0.148367	0.0445494	0.0027264	0.000250742	4.31265e-06	1.4546e-07	1.68283e-09	2.33165e-11	1.32503e-13	2.39866e-15	6.4627e-18	4.55649e-20	1.57834e-22	1.0278e-24	1.50843e-27	7.69063e-30	8.9097e-33	4.54627e-35	4.58894e-38	9.55452e-41	8.33936e-44	4.31367e-46	2.05469e-49	3.20369e-52	2.35949e-55	5.34488e-58	2.23632e-61	4.52839e-64	1.45354e-67	2.43203e-70	1.0154e-73	7.80458e-77	3.01715e-80	8.12366e-83	1.51898e-86	1.0106e-89	2.90407e-93	2.89216e-96	5.14898e-100	7.05206e-103	1.20262e-106	1.47132e-109	2.17721e-113	9.08479e-117	1.43543e-120	1.90059e-123	1.72484e-127	7.77404e-131	1.96479e-134	1.4687e-137	3.38047e-141	7.46212e-144	
Desmoschoenus_spiralis	0	0	0	0	0	0	0	0	0	0	0	0	0	0	1	0	0	0	0	0	0	0	0	0	0	0	0	0	0	0	0	0	0	0	0	0	0	0	0	0	0	0	0	0	0	0	0	0	0	0	0	0	0	0	0	0	0	0	0	0	0	0	0	0	0	0	
Ficinia_nodosa	0	0	0	0	0	0	0	0	0	0	0	0	0	0	1	0	0	0	0	0	0	0	0	0	0	0	0	0	0	0	0	0	0	0	0	0	0	0	0	0	0	0	0	0	0	0	0	0	0	0	0	0	0	0	0	0	0	0	0	0	0	0	0	0	0	0	
N69	2.80899e-08	2.00763e-06	6.29966e-05	0.00068628	0.00460642	0.0182238	0.0532989	0.0381245	0.0503369	0.0676332	0.0296627	0.088883	0.140953	0.377718	0.101241	0.023496	0.0017447	0.00217958	0.00063716	0.000477035	3.12014e-05	1.20045e-06	1.02268e-08	1.42684e-09	8.32849e-11	2.54351e-11	2.85927e-12	6.75164e-13	1.18132e-14	8.69026e-16	5.75611e-18	2.26793e-19	4.49085e-22	1.92479e-24	2.07848e-27	2.36817e-29	7.56789e-33	1.07863e-35	5.53554e-39	1.5103e-41	2.82732e-45	4.70116e-48	5.81053e-52	7.41229e-55	1.22136e-58	4.50208e-62	7.57462e-66	1.67806e-68	8.12915e-73	2.0679e-76	1.77129e-80	8.84587e-84	3.71666e-88	2.75187e-91	1.12489e-95	7.65713e-99	2.06128e-103	2.47519e-107	8.24063e-112	5.21776e-115	7.99201e-120	1.05476e-123	7.50044e-128	2.23077e-131	5.90605e-136	3.75339e-139	
N70	8.84003e-09	3.82504e-07	9.86215e-06	0.000127608	0.000904338	0.00376589	0.0139895	0.0169148	0.0213958	0.0310559	0.016918	0.0288563	0.0853122	0.244541	0.184854	0.0495101	0.0081548	0.0136192	0.0144607	0.0317424	0.0150275	0.00250594	0.000153539	0.000170479	8.75367e-05	0.00153439	0.00393549	0.0494615	0.0344615	0.0962232	0.017665	0.0118637	0.000708224	6.66662e-05	1.42872e-06	2.90566e-07	1.58913e-09	5.20266e-11	8.08452e-13	1.55768e-14	4.90882e-17	1.9169e-18	2.9259e-21	4.53277e-23	1.16864e-25	4.98648e-28	8.34485e-31	2.37927e-32	1.28721e-35	4.99441e-38	6.12853e-41	9.31965e-43	3.43696e-46	1.74872e-48	1.05066e-51	1.52453e-53	4.26871e-57	7.36222e-60	2.98605e-63	2.63341e-65	4.54163e-69	7.26593e-72	6.65359e-75	1.60668e-77	5.90445e-81	7.56369e-83	
Isolepis_crassiuscula	0	0	0	0	0	0	0	0	0	0	0	0	0	0	0	0	0	0	0	0	0	0	0	0	0	0	0	0	0	0	0	1	0	0	0	0	0	0	0	0	0	0	0	0	0	0	0	0	0	0	0	0	0	0	0	0	0	0	0	0	0	0	0	0	0	0	
Isolepis_fluitans	0	0	0	0	0	0	0	0	0	0	0	0	0	0	0	0	0	0	0	0	0	0	0	0	0	0	0	0	0	1	0	0	0	0	0	0	0	0	0	0	0	0	0	0	0	0	0	0	0	0	0	0	0	0	0	0	0	0	0	0	0	0	0	0	0	0	
N71	2.18155e-10	2.97127e-08	1.79104e-06	3.62548e-05	0.000471867	0.00255242	0.0106548	0.012008	0.024849	0.0472946	0.0543135	0.0735226	0.215905	0.414703	0.109647	0.0241376	0.00539185	0.00295027	0.00108551	0.000432599	4.16094e-05	1.1924e-06	1.41801e-08	3.7602e-10	2.58945e-12	8.14323e-14	1.30263e-15	5.44396e-17	9.63312e-19	2.88412e-20	2.04793e-22	1.72934e-24	3.91931e-27	9.13457e-30	8.08756e-33	5.52787e-35	2.53258e-38	8.85686e-41	5.23826e-44	1.5099e-46	4.50437e-50	8.85912e-53	1.91365e-56	1.09734e-59	6.56861e-63	1.1643e-66	2.24314e-70	1.21405e-73	8.18468e-78	1.53221e-81	1.81474e-85	7.89292e-89	4.50489e-93	3.83534e-96	2.67997e-100	2.28705e-103	8.18179e-108	2.31556e-111	8.83656e-116	4.27855e-119	9.42022e-124	1.48849e-127	4.60821e-132	9.29164e-136	2.48719e-140	1.26167e-143	
N72	8.69855e-11	7.20845e-09	3.53053e-07	6.79916e-06	7.30408e-05	0.000748064	0.00283774	0.00522411	0.0126789	0.0102182	0.0254502	0.0946155	0.331345	0.365079	0.0997187	0.0383625	0.0107167	0.0026209	0.000286352	1.72379e-05	8.34859e-07	1.22677e-07	1.42648e-08	1.28013e-09	6.07701e-11	6.97945e-12	3.55676e-13	2.14515e-14	2.219e-16	6.25021e-18	2.9315e-20	1.89563e-22	6.61339e-25	1.42378e-27	2.16547e-30	1.07218e-32	1.03007e-35	8.03638e-38	8.09242e-41	5.50001e-43	3.10756e-46	1.19564e-48	4.31762e-52	8.35643e-55	3.05081e-58	2.87901e-61	7.40993e-65	9.94266e-68	2.24296e-71	1.56452e-74	5.90447e-78	4.47343e-81	8.64415e-85	1.5061e-87	2.56253e-91	5.40405e-94	1.41697e-97	6.35825e-101	1.45345e-104	3.43625e-107	3.02177e-111	1.72259e-114	6.19203e-118	1.8431e-121	3.95215e-125	1.09312e-127	
Isolepis_setacea	0	0	0	0	0	0	0	0	0	0	0	0	0	1	0	0	0	0	0	0	0	0	0	0	0	0	0	0	0	0	0	0	0	0	0	0	0	0	0	0	0	0	0	0	0	0	0	0	0	0	0	0	0	0	0	0	0	0	0	0	0	0	0	0	0	0	
Isolepis_cernua	0	0	0	0	0	0	0	0	0	0	0	0	0	0	0	0	0	0	0	0	0	0	0	0	0	0	1	0	0	0	0	0	0	0	0	0	0	0	0	0	0	0	0	0	0	0	0	0	0	0	0	0	0	0	0	0	0	0	0	0	0	0	0	0	0	0	
N73	3.20804e-11	2.93377e-09	1.45645e-07	3.8078e-06	5.33782e-05	0.00027826	0.00169622	0.00354436	0.00635216	0.0193631	0.0264707	0.0198379	0.0647941	0.191709	0.111212	0.040827	0.0177956	0.0129891	0.0223529	0.0997819	0.253133	0.098102	0.00876728	0.000921145	1.19179e-05	2.45069e-06	3.99721e-07	5.12543e-07	4.78341e-08	2.31596e-08	1.04573e-09	1.88243e-10	3.72988e-12	1.26481e-13	7.54071e-16	2.83858e-17	5.96891e-20	7.79692e-22	5.07641e-24	2.35742e-26	3.62142e-29	5.81707e-31	3.60517e-34	1.58785e-36	2.54538e-39	3.89201e-42	2.38436e-45	1.88408e-47	4.74398e-51	8.31305e-54	5.79148e-57	3.36244e-59	5.82403e-63	1.03877e-65	3.21964e-69	2.03845e-71	2.70838e-75	2.24242e-78	4.72076e-82	1.86953e-84	1.65014e-88	1.16616e-91	4.03807e-95	4.83423e-98	7.67985e-102	3.64602e-104	
Isolepis_prolifera	0	0	0	0	0	0	0	0	0	0	0	0	0	0	0	0	0	0	0	0	0	0	0	0	0	0	0	0	0	0	0	0	1	0	0	0	0	0	0	0	0	0	0	0	0	0	0	0	0	0	0	0	0	0	0	0	0	0	0	0	0	0	0	0	0	0	
Isolepis_aucklandica	0	0	0	0	0	0	0	0	0	0	0	0	0	0	0	0	0	0	0	0	1	0	0	0	0	0	0	0	0	0	0	0	0	0	0	0	0	0	0	0	0	0	0	0	0	0	0	0	0	0	0	0	0	0	0	0	0	0	0	0	0	0	0	0	0	0	
