NODE	1	2	3	4	5	6	7	8	9	10	11	12	13	14	15	16	17	18	19	20	21	22	23	24	25	26	27	28	29	30	31	32	33	34	35	36	37	38	39	40	41	42	43	44	45	46	47	48	49	50	51	52	53	54	55	56	57	58	59	60	61	62	63	64	65	66	67	68	69	70	71	
N1	0.185076	0.181549	0.171233	0.150878	0.12086	0.0861314	0.0537595	0.0290732	0.0135258	0.00538785	0.00183188	0.000530459	0.000130558	2.72105e-05	4.86394e-06	7.45421e-07	9.80064e-08	1.10695e-08	1.07597e-09	9.01888e-11	6.53365e-12	4.10073e-13	4.4525e-17	9.70556e-18	1.98063e-18	3.76893e-19	6.69574e-20	1.11193e-20	1.7281e-21	2.51644e-22	3.4373e-23	4.40897e-24	5.31622e-25	6.03189e-26	6.44631e-27	6.49513e-28	6.17563e-29	5.54604e-30	4.7084e-31	3.78207e-32	2.87688e-33	2.07402e-34	1.4183e-35	9.20754e-37	5.67959e-38	3.33204e-39	1.86164e-40	9.93327e-42	5.04953e-43	2.44734e-44	1.13172e-45	4.99677e-47	2.10789e-48	8.5017e-50	3.28059e-51	1.2119e-52	4.28863e-54	1.45472e-55	4.73272e-57	1.47763e-58	4.42988e-60	1.27595e-61	3.53292e-63	9.40851e-65	2.4112e-66	5.95007e-68	1.41502e-69	3.2507e-71	7.28942e-73	1.68058e-74	5.22101e-76	
N2	0.00184132	0.00259053	0.00395299	0.00631874	0.0102898	0.016643	0.0261362	0.0391465	0.0552353	0.0728446	0.0893583	0.101647	0.106975	0.103925	0.0941525	0.079407	0.0623277	0.0455859	0.0311691	0.0200545	0.0122873	0.00731059	0.00434151	0.00265002	0.00163021	0.000984761	0.000573603	0.000317138	0.000164608	7.96711e-05	3.58289e-05	1.49467e-05	5.7818e-06	2.07469e-06	6.91243e-07	2.1418e-07	6.18704e-08	1.67321e-08	4.26524e-09	1.03649e-09	2.44419e-10	5.7329e-11	1.37388e-11	3.42368e-12	8.8544e-13	2.33135e-13	6.1008e-14	1.48082e-14	3.3085e-15	6.82467e-16	1.3038e-16	2.31344e-17	3.82212e-18	5.89237e-19	8.49243e-20	1.14617e-20	1.45074e-21	1.72455e-22	1.92816e-23	2.03125e-24	2.02154e-25	1.90884e-26	1.72369e-27	1.51117e-28	1.32218e-29	1.20509e-30	1.19938e-31	1.33264e-32	1.62732e-33	2.2104e-34	5.04957e-35	
Lepironia_articulata	0	0	0	0	0	0	0	0	0	0	0	0	0	0	0	0	1	0	0	0	0	0	0	0	0	0	0	0	0	0	0	0	0	0	0	0	0	0	0	0	0	0	0	0	0	0	0	0	0	0	0	0	0	0	0	0	0	0	0	0	0	0	0	0	0	0	0	0	0	0	0	
Chrysitrix_capensis	0	0	0	0	0	0	0	0	0	0	0	0	0	0	0	0	0	0	0	0	0	0	1	0	0	0	0	0	0	0	0	0	0	0	0	0	0	0	0	0	0	0	0	0	0	0	0	0	0	0	0	0	0	0	0	0	0	0	0	0	0	0	0	0	0	0	0	0	0	0	0	
N3	0.163328	0.179792	0.177399	0.157551	0.12542	0.0887081	0.0552049	0.0299731	0.014106	0.00572722	0.00199928	0.000598464	0.000153209	3.33997e-05	6.26153e-06	1.01116e-06	1.40893e-07	1.69765e-08	1.78323e-09	1.74812e-10	2.488e-11	9.092e-12	4.47693e-12	1.91237e-12	4.22511e-13	7.14255e-14	1.01797e-14	1.26547e-15	1.38513e-16	1.33428e-17	1.12749e-18	8.3322e-20	5.3737e-21	3.02121e-22	1.48029e-23	6.32224e-25	2.35504e-26	7.66385e-28	2.18396e-29	5.49227e-31	1.30334e-32	4.7246e-34	4.99249e-35	7.35832e-36	9.56478e-37	1.02509e-37	8.97861e-39	4.10724e-40	1.46315e-41	4.47626e-43	1.21737e-44	2.9719e-46	6.51023e-48	1.27557e-49	2.22833e-51	3.46301e-53	4.78163e-55	5.86306e-57	6.38413e-59	6.17514e-61	5.31307e-63	4.07301e-65	2.78754e-67	1.70954e-69	9.62034e-72	6.20542e-74	1.03831e-75	3.84857e-77	1.47799e-78	5.10387e-80	2.04108e-81	
N4	0.123493	0.139794	0.145491	0.140103	0.125169	0.10381	0.0798717	0.0569396	0.0375523	0.0228751	0.01285	0.00664603	0.00315879	0.00137544	0.000554279	0.000206714	7.14622e-05	2.3099e-05	7.26504e-06	2.5822e-06	1.37965e-06	1.12808e-06	1.05858e-06	9.66247e-07	6.67245e-07	3.89034e-07	2.00109e-07	9.26794e-08	3.90648e-08	1.50745e-08	5.34304e-09	1.74267e-09	5.23565e-10	1.44983e-10	3.70209e-11	8.72074e-12	1.89685e-12	3.82382e-13	7.2601e-14	1.39482e-14	3.41786e-15	1.38348e-15	7.75515e-16	4.54169e-16	2.50193e-16	1.26634e-16	5.87487e-17	2.04436e-17	6.01974e-18	1.56961e-18	3.70027e-19	7.97304e-20	1.57967e-20	2.88751e-21	4.87877e-22	7.62762e-23	1.10417e-23	1.48064e-24	1.83986e-25	2.11939e-26	2.26513e-27	2.24979e-28	2.08824e-29	1.85871e-30	1.78092e-31	2.52271e-32	6.2575e-33	2.00217e-33	6.67546e-34	2.40746e-34	1.41655e-34	
Calyptrocarya_glomerulata	0	0	0	0	0	0	0	0	0	1	0	0	0	0	0	0	0	0	0	0	0	0	0	0	0	0	0	0	0	0	0	0	0	0	0	0	0	0	0	0	0	0	0	0	0	0	0	0	0	0	0	0	0	0	0	0	0	0	0	0	0	0	0	0	0	0	0	0	0	0	0	
Scleria_foliosa	0	0	0	0	0	0	0	0	0	1	0	0	0	0	0	0	0	0	0	0	0	0	0	0	0	0	0	0	0	0	0	0	0	0	0	0	0	0	0	0	0	0	0	0	0	0	0	0	0	0	0	0	0	0	0	0	0	0	0	0	0	0	0	0	0	0	0	0	0	0	0	
N5	0.153883	0.17248	0.174529	0.158804	0.129105	0.0931111	0.0591485	0.0328857	0.0159201	0.00668413	0.00242674	0.000760084	0.00020489	4.73421e-05	9.4654e-06	1.63959e-06	2.46439e-07	3.22041e-08	3.67656e-09	3.82293e-10	6.44381e-11	7.00657e-11	1.20713e-10	1.58188e-10	5.10305e-11	1.25764e-11	2.6624e-12	4.96026e-13	8.17087e-14	1.18898e-14	1.52445e-15	1.71774e-16	1.69754e-17	1.46938e-18	1.11325e-19	7.37993e-21	4.27932e-22	2.17513e-23	9.71497e-25	3.82215e-26	1.33379e-27	4.9394e-29	1.06217e-29	8.59997e-30	6.09485e-30	3.28503e-30	1.27612e-30	1.22517e-31	9.13615e-33	5.94968e-34	3.4658e-35	1.81387e-36	8.51938e-38	3.58092e-39	1.34312e-40	4.48506e-42	1.33126e-43	3.50888e-45	8.20775e-47	1.70286e-48	3.13938e-50	5.15427e-52	7.5521e-54	9.89791e-56	1.16696e-57	1.32366e-59	3.73822e-61	7.19538e-62	1.67551e-62	3.20089e-63	7.00981e-64	
N6	0.0386608	0.0519732	0.0710686	0.0936242	0.114713	0.128167	0.129216	0.116903	0.0946363	0.068449	0.0442012	0.0254722	0.0130914	0.00598908	0.00246623	0.000915321	0.000307578	9.50914e-05	2.86136e-05	9.78808e-06	4.64408e-06	2.91876e-06	1.96792e-06	1.26431e-06	6.29091e-07	2.61764e-07	9.44503e-08	3.01105e-08	8.57539e-09	2.19731e-09	5.08998e-10	1.06954e-10	2.04358e-11	3.55718e-12	5.64937e-13	8.19895e-14	1.09041e-14	1.34061e-15	1.57299e-16	1.95967e-17	3.23011e-18	7.75531e-19	2.2264e-19	6.37538e-20	1.70428e-20	4.18431e-21	9.42027e-22	1.64786e-22	2.44258e-23	3.18319e-24	3.71345e-25	3.91718e-26	3.75937e-27	3.2955e-28	2.6457e-29	1.94885e-30	1.31893e-31	8.20944e-33	4.70347e-34	2.4824e-35	1.20853e-36	5.44359e-38	2.29271e-39	9.41287e-41	4.33607e-42	2.89288e-43	2.89102e-44	3.39961e-45	4.07888e-46	5.07645e-47	8.90528e-48	
N7	1.01383e-07	6.36791e-08	7.18625e-08	2.869e-07	1.96821e-06	1.3414e-05	7.99603e-05	0.000406365	0.00174253	0.00624894	0.0185679	0.0452671	0.0896226	0.142595	0.182547	0.186353	0.15097	0.0969284	0.0494207	0.0201199	0.0066004	0.00177377	0.000410996	0.000104241	5.08691e-05	4.37386e-05	3.99168e-05	3.3153e-05	2.45087e-05	1.60531e-05	9.27309e-06	4.6952e-06	2.06944e-06	7.88584e-07	2.58181e-07	7.22434e-08	1.72091e-08	3.48223e-09	5.98486e-10	8.75864e-11	1.09762e-11	1.18875e-12	1.1272e-13	9.51472e-15	7.28507e-16	5.15072e-17	3.40633e-18	2.05863e-19	1.12574e-20	5.55754e-22	2.4745e-23	9.93978e-25	3.60674e-26	1.18457e-27	3.52982e-29	9.56837e-31	2.366e-32	5.35219e-34	1.11102e-35	2.12374e-37	3.7544e-39	6.17322e-41	9.51828e-43	1.39301e-44	1.96958e-46	2.75335e-48	3.89886e-50	5.68295e-52	8.52558e-54	1.30208e-55	2.51599e-57	
Cladium_mariscus	0	0	0	0	0	0	0	0	0	0	0	0	0	0	0	0	0	1	0	0	0	0	0	0	0	0	0	0	0	0	0	0	0	0	0	0	0	0	0	0	0	0	0	0	0	0	0	0	0	0	0	0	0	0	0	0	0	0	0	0	0	0	0	0	0	0	0	0	0	0	0	
Cladium_mariscoides	0	0	0	0	0	0	0	0	0	0	0	0	0	0	0	0	0	0	0	0	0	0	0	0	0	0	0	0	0	0	0	0	0	0	0	0	0	0	1	0	0	0	0	0	0	0	0	0	0	0	0	0	0	0	0	0	0	0	0	0	0	0	0	0	0	0	0	0	0	0	0	
N8	0.0123987	0.0183315	0.0293525	0.0469712	0.071223	0.0990705	0.123971	0.137898	0.135337	0.11665	0.088055	0.0581283	0.0335387	0.0169109	0.00756537	0.0030189	0.00108203	0.000351551	0.000104892	2.93798e-05	8.08728e-06	2.40433e-06	8.75305e-07	4.0204e-07	1.76572e-07	7.06048e-08	2.54518e-08	8.25501e-09	2.40636e-09	6.29212e-10	1.47169e-10	3.06953e-11	5.69229e-12	9.36276e-13	1.36345e-13	1.75588e-14	1.99889e-15	2.01327e-16	1.79865e-17	1.43659e-18	1.05377e-19	7.74497e-21	6.89849e-22	8.44904e-23	1.22903e-23	1.7658e-24	2.32049e-25	2.21375e-26	1.76291e-27	1.234e-28	7.76981e-30	4.44694e-31	2.32213e-32	1.10638e-33	4.80107e-35	1.89301e-36	6.76606e-38	2.18802e-39	6.39261e-41	1.68597e-42	4.0144e-44	8.63704e-46	1.68346e-47	2.99815e-49	5.03482e-51	8.86747e-53	2.05031e-54	6.90817e-56	2.77958e-57	1.13045e-58	5.87252e-60	
N9	0.0121033	0.0169457	0.0251844	0.0377514	0.054969	0.0757674	0.0971348	0.114416	0.122772	0.1193	0.104563	0.082454	0.0584108	0.0371353	0.0212692	0.0110103	0.00517696	0.00222746	0.000886466	0.000331151	0.00011841	4.17076e-05	1.53251e-05	6.66599e-06	3.55035e-06	2.26686e-06	1.5679e-06	1.07609e-06	6.97371e-07	4.16622e-07	2.26871e-07	1.12021e-07	5.00498e-08	2.02354e-08	7.41763e-09	2.47558e-09	7.57651e-10	2.15083e-10	5.75191e-11	1.47589e-11	3.70136e-12	9.25277e-13	2.40253e-13	7.27735e-14	3.06243e-14	1.77218e-14	1.15321e-14	6.08207e-15	2.8248e-15	1.18855e-15	4.56662e-16	1.60323e-16	5.13473e-17	1.49737e-17	3.96974e-18	9.55815e-19	2.08893e-19	4.14323e-20	7.45933e-21	1.21973e-21	1.81409e-22	2.45916e-23	3.04973e-24	3.49087e-25	3.79057e-26	4.26748e-27	6.14426e-28	1.34301e-28	3.90401e-29	1.25775e-29	4.97508e-30	
Schoenus_brevifolius	0	0	0	0	0	0	0	0	0	0	0	0	0	0	0	0	0	0	0	0	0	0	0	0	0	0	0	0	0	0	0	0	0	0	0	0	0	0	0	0	0	0	0	0	0	0	0	0	0	0	0	0	0	0	0	0	0	0	0	0	1	0	0	0	0	0	0	0	0	0	0	
N10	0.0183948	0.0214394	0.0245533	0.029216	0.0373935	0.0506493	0.068912	0.0895728	0.107723	0.117838	0.11624	0.102913	0.0815106	0.057547	0.0365466	0.020843	0.0106695	0.00490335	0.00202466	0.000752307	0.000252259	7.67497e-05	2.1425e-05	5.61567e-06	1.41966e-06	3.55891e-07	9.13847e-08	2.42175e-08	6.47559e-09	1.68628e-09	4.14933e-10	9.46385e-11	1.98009e-11	3.7817e-12	6.58056e-13	1.04319e-13	1.50821e-14	1.99343e-15	2.41844e-16	2.71258e-17	2.85066e-18	2.8761e-19	2.89716e-20	3.0532e-21	3.46127e-22	4.1628e-23	5.09335e-24	6.00205e-25	6.64097e-26	6.8393e-27	6.5294e-28	5.7687e-29	4.71404e-30	3.56316e-31	2.492e-32	1.61339e-33	9.67524e-35	5.37776e-36	2.77258e-37	1.3271e-38	5.90442e-40	2.44609e-41	9.46417e-43	3.43967e-44	1.18838e-45	3.99999e-47	1.37247e-48	5.11504e-50	2.17241e-51	1.06017e-52	8.19785e-54	
Schoenus_apogon	0	0	0	1	0	0	0	0	0	0	0	0	0	0	0	0	0	0	0	0	0	0	0	0	0	0	0	0	0	0	0	0	0	0	0	0	0	0	0	0	0	0	0	0	0	0	0	0	0	0	0	0	0	0	0	0	0	0	0	0	0	0	0	0	0	0	0	0	0	0	0	
Schoenus_nigricans	0	0	0	0	0	0	0	0	0	0	0	0	0	0	0	0	0	0	0	0	0	1	0	0	0	0	0	0	0	0	0	0	0	0	0	0	0	0	0	0	0	0	0	0	0	0	0	0	0	0	0	0	0	0	0	0	0	0	0	0	0	0	0	0	0	0	0	0	0	0	0	
N11	0.0104685	0.0153934	0.0246955	0.0400843	0.0622905	0.0894271	0.116033	0.134259	0.137407	0.123777	0.0978582	0.0678126	0.0411816	0.021927	0.0103962	0.00441719	0.00169571	0.000593854	0.00019177	5.78225e-05	1.66458e-05	5.0121e-06	2.49872e-06	3.2713e-06	2.52792e-06	1.66869e-06	9.99657e-07	5.43511e-07	2.65598e-07	1.1568e-07	4.46457e-08	1.52102e-08	4.56317e-09	1.20372e-09	2.78937e-10	5.6745e-11	1.01313e-11	1.59129e-12	2.20391e-13	2.69766e-14	2.92671e-15	2.83543e-16	2.63259e-17	4.60758e-18	3.18531e-18	2.66334e-18	1.71693e-18	3.61595e-19	6.1711e-20	9.44951e-21	1.31284e-21	1.64767e-22	1.8584e-23	1.87654e-24	1.69207e-25	1.36025e-26	9.73979e-28	6.20833e-29	3.5217e-30	1.7777e-31	8.00597e-33	3.22477e-34	1.16454e-35	3.7811e-37	1.10891e-38	2.98001e-40	8.39589e-42	6.38947e-43	1.67958e-43	4.80247e-44	1.64028e-44	
Oreobolus_pectinatus	0	0	0	0	0	0	0	0	0	0	0	0	0	0	0	0	0	0	1	0	0	0	0	0	0	0	0	0	0	0	0	0	0	0	0	0	0	0	0	0	0	0	0	0	0	0	0	0	0	0	0	0	0	0	0	0	0	0	0	0	0	0	0	0	0	0	0	0	0	0	0	
N12	0.00960439	0.0139182	0.0219397	0.0351965	0.0545809	0.0790269	0.104517	0.124581	0.132752	0.12586	0.105897	0.0789996	0.0522741	0.0307224	0.0163086	0.00788678	0.00351628	0.0014652	0.000577666	0.000217225	7.84881e-05	2.83322e-05	1.23657e-05	9.3851e-06	8.08194e-06	6.84565e-06	5.48494e-06	4.09586e-06	2.81687e-06	1.76521e-06	9.99431e-07	5.08158e-07	2.31069e-07	9.37162e-08	3.38437e-08	1.08716e-08	3.10518e-09	7.89566e-10	1.78984e-10	3.62294e-11	6.5624e-12	1.07096e-12	1.65235e-13	3.28143e-14	1.51484e-14	1.10675e-14	7.6217e-15	2.83107e-15	8.84709e-16	2.5144e-16	6.56793e-17	1.56855e-17	3.40238e-18	6.67094e-19	1.17865e-19	1.87329e-20	2.67567e-21	3.43321e-22	3.95726e-23	4.09903e-24	3.82254e-25	3.21541e-26	2.44455e-27	1.68363e-28	1.05642e-29	6.27911e-31	4.73321e-32	9.17382e-33	3.24971e-33	1.23609e-33	6.36308e-34	
Gahnia_aspera	0	0	0	0	0	0	0	0	0	0	0	0	0	0	0	0	0	0	0	0	0	0	0	0	0	0	0	0	0	0	0	0	0	0	0	0	0	0	0	1	0	0	0	0	0	0	0	0	0	0	0	0	0	0	0	0	0	0	0	0	0	0	0	0	0	0	0	0	0	0	0	
N13	0.00150943	0.00282768	0.00612391	0.0131167	0.0260684	0.0467938	0.0748692	0.105976	0.132084	0.144479	0.138355	0.115746	0.0844085	0.0535064	0.0298048	0.0145839	0.00627104	0.0023723	0.000791022	0.000233191	6.10744e-05	1.4329e-05	3.05531e-06	6.07099e-07	1.15819e-07	2.17695e-08	4.15386e-09	8.18824e-10	1.67676e-10	3.56033e-11	7.7547e-12	1.6934e-12	3.59698e-13	7.2246e-14	1.34394e-14	2.28584e-15	3.52986e-16	4.93323e-17	6.23403e-18	7.12752e-19	7.38735e-20	6.96684e-21	6.01898e-22	4.82362e-23	3.66752e-24	2.74399e-25	2.11538e-26	1.65662e-27	1.29788e-28	9.97159e-30	7.35675e-31	5.12803e-32	3.34177e-33	2.02343e-34	1.13457e-35	5.88164e-37	2.81708e-38	1.24659e-39	5.09864e-41	1.92939e-42	6.76785e-44	2.20796e-45	6.74309e-47	1.95349e-48	5.51171e-50	1.58516e-51	4.91992e-53	1.7036e-54	6.44979e-56	2.56214e-57	1.42276e-58	
Tetraria_capillaris	0	0	0	0	0	0	0	0	0	1	0	0	0	0	0	0	0	0	0	0	0	0	0	0	0	0	0	0	0	0	0	0	0	0	0	0	0	0	0	0	0	0	0	0	0	0	0	0	0	0	0	0	0	0	0	0	0	0	0	0	0	0	0	0	0	0	0	0	0	0	0	
N14	3.77831e-05	7.03424e-05	0.000194839	0.000667089	0.00227598	0.00695323	0.0183065	0.0409116	0.0769711	0.121198	0.15896	0.172959	0.155539	0.115141	0.0708243	0.0361577	0.0153305	0.00540894	0.00159357	0.000394544	8.34063e-05	1.58623e-05	3.21129e-06	9.58703e-07	4.58072e-07	2.8512e-07	1.97789e-07	1.38614e-07	9.14135e-08	5.43311e-08	2.84539e-08	1.29849e-08	5.13372e-09	1.75272e-09	5.15704e-10	1.30598e-10	2.84467e-11	5.33109e-12	8.60278e-13	1.19739e-13	1.4429e-14	1.52001e-15	1.4393e-16	1.32061e-17	1.35396e-18	1.71434e-19	2.46467e-20	2.91335e-21	2.95998e-22	2.64558e-23	2.10157e-24	1.49018e-25	9.44924e-27	5.36337e-28	2.7273e-29	1.2437e-30	5.09212e-32	1.87437e-33	6.2117e-35	1.85636e-36	5.01348e-38	1.2265e-39	2.72725e-41	5.55383e-43	1.05931e-44	2.02587e-46	4.52723e-48	1.36029e-49	5.08109e-51	2.00703e-52	1.03731e-53	
Machaerina_mariscoides	0	0	0	0	0	0	0	0	0	0	0	0	0	0	0	0	0	0	0	0	0	0	0	0	0	0	0	0	0	0	0	0	0	0	0	0	0	0	1	0	0	0	0	0	0	0	0	0	0	0	0	0	0	0	0	0	0	0	0	0	0	0	0	0	0	0	0	0	0	0	0	
Baumea_articulata	0	0	0	0	0	0	0	0	0	0	0	1	0	0	0	0	0	0	0	0	0	0	0	0	0	0	0	0	0	0	0	0	0	0	0	0	0	0	0	0	0	0	0	0	0	0	0	0	0	0	0	0	0	0	0	0	0	0	0	0	0	0	0	0	0	0	0	0	0	0	0	
N15	0.162754	0.178616	0.17522	0.154637	0.122942	0.0879436	0.0564647	0.0324528	0.0166542	0.00761422	0.00309533	0.00111674	0.000356735	0.000100467	2.51769e-05	5.61784e-06	1.11787e-06	1.98997e-07	3.19216e-08	4.69634e-09	6.60251e-10	9.5877e-11	1.57032e-11	2.94228e-12	5.2642e-13	8.54858e-14	1.24244e-14	1.61257e-15	1.87235e-16	1.95002e-17	1.8264e-18	1.54182e-19	1.17539e-20	8.10524e-22	5.06339e-23	2.87006e-24	1.47919e-25	6.95869e-27	3.01339e-28	1.22566e-29	4.90469e-31	2.10021e-32	1.04643e-33	6.04227e-35	3.71142e-36	2.24063e-37	1.27629e-38	6.03991e-40	2.48345e-41	9.09077e-43	3.00233e-44	9.01872e-46	2.47712e-47	6.24342e-49	1.4477e-50	3.09408e-52	6.10376e-54	1.11267e-55	1.87611e-57	2.92877e-59	4.23895e-61	5.7018e-63	7.16724e-65	8.54838e-67	1.00883e-68	1.29736e-70	2.07382e-72	4.23903e-74	9.9043e-76	2.40148e-77	7.56096e-79	
N16	0.0434923	0.0594998	0.0828462	0.109656	0.132261	0.142154	0.134642	0.111776	0.0811316	0.051435	0.028472	0.0137593	0.00580097	0.00212848	0.000687369	0.000195711	4.92595e-05	1.10067e-05	2.19996e-06	3.99088e-07	6.75452e-08	1.11704e-08	1.90992e-09	3.48774e-10	6.21167e-11	1.02983e-11	1.55421e-12	2.11429e-13	2.58514e-14	2.84226e-15	2.81531e-16	2.51837e-17	2.03962e-18	1.49939e-19	1.00305e-20	6.12317e-22	3.42299e-23	1.76215e-24	8.43775e-26	3.83094e-27	1.70842e-28	7.88879e-30	3.96244e-31	2.1802e-32	1.26151e-33	7.28827e-35	4.05575e-36	1.96687e-37	8.47702e-39	3.29667e-40	1.16792e-41	3.79385e-43	1.1353e-44	3.14084e-46	8.05574e-48	1.9199e-49	4.25987e-51	8.81399e-53	1.7032e-54	3.07872e-56	5.21723e-58	8.31834e-60	1.25707e-61	1.83109e-63	2.66926e-65	4.17664e-67	7.61959e-69	1.65874e-70	4.05262e-72	1.03713e-73	3.50987e-75	
Rhynchospora_corniculata	0	0	0	0	0	0	0	0	1	0	0	0	0	0	0	0	0	0	0	0	0	0	0	0	0	0	0	0	0	0	0	0	0	0	0	0	0	0	0	0	0	0	0	0	0	0	0	0	0	0	0	0	0	0	0	0	0	0	0	0	0	0	0	0	0	0	0	0	0	0	0	
N17	0.0100306	0.0183456	0.0372952	0.0703845	0.114411	0.15561	0.174881	0.161379	0.121866	0.07519	0.037893	0.0156074	0.00525749	0.00144701	0.000329464	6.22895e-05	9.82182e-06	1.29817e-06	1.44751e-07	1.37674e-08	1.14836e-09	9.0984e-11	8.13051e-12	9.37353e-13	1.01853e-13	9.76319e-15	8.14594e-16	5.92247e-17	3.76688e-18	2.10357e-19	1.03442e-20	4.49026e-22	1.72446e-23	5.87192e-25	1.77652e-26	4.7855e-28	1.15019e-29	2.47323e-31	4.77368e-33	8.32404e-35	1.33752e-36	2.12153e-38	3.98149e-40	1.06413e-41	3.63041e-43	1.26944e-44	4.10455e-46	9.55739e-48	1.85997e-49	3.18458e-51	4.90429e-53	6.86414e-55	8.77428e-57	1.02673e-58	1.10109e-60	1.08299e-62	9.7751e-65	8.10181e-67	6.1699e-69	4.32034e-71	2.7851e-73	1.65524e-75	9.0906e-78	4.64382e-80	2.26364e-82	1.16091e-84	7.97786e-87	8.5532e-89	1.15382e-90	1.58306e-92	2.49981e-94	
Rhynchospora_albiceps	0	0	0	0	0	0	0	0	0	1	0	0	0	0	0	0	0	0	0	0	0	0	0	0	0	0	0	0	0	0	0	0	0	0	0	0	0	0	0	0	0	0	0	0	0	0	0	0	0	0	0	0	0	0	0	0	0	0	0	0	0	0	0	0	0	0	0	0	0	0	0	
N18	0.00275609	0.00700729	0.0195579	0.0480757	0.0972096	0.156541	0.19714	0.192106	0.143991	0.0827839	0.0364936	0.0123546	0.00322052	0.000647216	0.000101765	1.26107e-05	1.2416e-06	9.79529e-08	6.24769e-09	3.25734e-10	1.42442e-11	5.85348e-13	3.31266e-14	3.2974e-15	2.78611e-16	1.98933e-17	1.21584e-18	6.38231e-20	2.87591e-21	1.11183e-22	3.68973e-24	1.05266e-25	2.58717e-27	5.49089e-29	1.0089e-30	1.60901e-32	2.23301e-34	2.70562e-36	2.87149e-38	2.67925e-40	2.21355e-42	1.67391e-44	1.39724e-46	2.12676e-48	5.79302e-50	1.68887e-51	4.37765e-53	7.10501e-55	9.66066e-57	1.16886e-58	1.27344e-60	1.24857e-62	1.09895e-64	8.66748e-67	6.12088e-69	3.86999e-71	2.19158e-73	1.11239e-75	5.06493e-78	2.07076e-80	7.61537e-83	2.52381e-85	7.55299e-88	2.04812e-90	5.10525e-93	1.28913e-95	5.13196e-98	4.62962e-100	5.51273e-102	6.21271e-104	7.29782e-106	
Rhynchospora_barbata	0	0	0	0	1	0	0	0	0	0	0	0	0	0	0	0	0	0	0	0	0	0	0	0	0	0	0	0	0	0	0	0	0	0	0	0	0	0	0	0	0	0	0	0	0	0	0	0	0	0	0	0	0	0	0	0	0	0	0	0	0	0	0	0	0	0	0	0	0	0	0	
N19	1.35511e-05	7.68235e-05	0.000514146	0.00287182	0.0125438	0.0415993	0.10234	0.183023	0.233834	0.210516	0.13239	0.0580094	0.0177699	0.00383034	0.000594297	6.74648e-05	5.70271e-06	3.65682e-07	1.83345e-08	8.28345e-10	6.2276e-11	1.0154e-11	1.75737e-12	2.47251e-13	1.94048e-14	1.15334e-15	5.58138e-17	2.24631e-18	7.56076e-20	2.13161e-21	5.04098e-23	1.00224e-24	1.68052e-26	2.38542e-28	2.87837e-30	2.96536e-32	2.61959e-34	1.99396e-36	1.31521e-38	7.63798e-41	4.39508e-43	4.6305e-45	1.26176e-46	4.11229e-48	1.18348e-49	2.89364e-51	5.99731e-53	7.46283e-55	7.55058e-57	6.64435e-59	5.17024e-61	3.56242e-63	2.16857e-65	1.16387e-67	5.50257e-70	2.29229e-72	8.42408e-75	2.73589e-77	7.86933e-80	2.00929e-82	4.5675e-85	9.27121e-88	1.68605e-90	2.76761e-93	4.32502e-96	9.67067e-99	6.56633e-101	7.35706e-103	8.02606e-105	7.91253e-107	8.02815e-109	
Rhynchospora_globosa	0	0	0	0	0	0	0	0	0	0	0	1	0	0	0	0	0	0	0	0	0	0	0	0	0	0	0	0	0	0	0	0	0	0	0	0	0	0	0	0	0	0	0	0	0	0	0	0	0	0	0	0	0	0	0	0	0	0	0	0	0	0	0	0	0	0	0	0	0	0	0	
Rhynchospora_rubra	0	0	0	0	0	0	0	0	0	1	0	0	0	0	0	0	0	0	0	0	0	0	0	0	0	0	0	0	0	0	0	0	0	0	0	0	0	0	0	0	0	0	0	0	0	0	0	0	0	0	0	0	0	0	0	0	0	0	0	0	0	0	0	0	0	0	0	0	0	0	0	
N20	0.160268	0.17671	0.174647	0.15539	0.124401	0.0893725	0.057427	0.0328986	0.0167572	0.00757214	0.00302999	0.00107189	0.000334555	9.17651e-05	2.23265e-05	4.82144e-06	9.2524e-07	1.58054e-07	2.41079e-08	3.31598e-09	4.36983e-10	7.73715e-11	3.0633e-11	1.72382e-11	5.03647e-12	1.15369e-12	2.27478e-13	3.97868e-14	6.2349e-15	8.78353e-16	1.11381e-16	1.27211e-17	1.3092e-18	1.21451e-19	1.01586e-20	7.6625e-22	5.21276e-23	3.20281e-24	1.78014e-25	8.97001e-27	4.13247e-28	1.88086e-29	1.41088e-30	2.98949e-31	8.31535e-32	1.99996e-32	3.89528e-33	3.53866e-34	2.53235e-35	1.5826e-36	8.91753e-38	4.57719e-39	2.14698e-40	9.21218e-42	3.61685e-43	1.29948e-44	4.27251e-46	1.28542e-47	3.53822e-49	8.90883e-51	2.05414e-52	4.34282e-54	8.43085e-56	1.50577e-57	2.48859e-59	3.98623e-61	8.90253e-63	5.78801e-64	6.27824e-65	6.6373e-66	8.64246e-67	
Rhynchospora_cephalotes	0	0	0	0	0	0	0	0	1	0	0	0	0	0	0	0	0	0	0	0	0	0	0	0	0	0	0	0	0	0	0	0	0	0	0	0	0	0	0	0	0	0	0	0	0	0	0	0	0	0	0	0	0	0	0	0	0	0	0	0	0	0	0	0	0	0	0	0	0	0	0	
N21	0.142928	0.163017	0.169471	0.158803	0.132818	0.0985157	0.0645687	0.0373227	0.0190084	0.0085262	0.00336769	0.00117113	0.000358323	9.6181e-05	2.28732e-05	4.82396e-06	9.03534e-07	1.50692e-07	2.25613e-08	3.14618e-09	4.77893e-10	1.10588e-10	3.9694e-11	1.56029e-11	4.18118e-12	9.04185e-13	1.67397e-13	2.72425e-14	3.94886e-15	5.13253e-16	6.00215e-17	6.32634e-18	6.01553e-19	5.16318e-20	4.00184e-21	2.80183e-22	1.7726e-23	1.0145e-24	5.26673e-26	2.51176e-27	1.17956e-28	7.19826e-30	8.02199e-31	1.24998e-31	1.92354e-32	2.63604e-33	3.16047e-34	2.47257e-35	1.56989e-36	8.64247e-38	4.24267e-39	1.8827e-40	7.60407e-42	2.80519e-43	9.46961e-45	2.92827e-46	8.30041e-48	2.15786e-49	5.1472e-51	1.12701e-52	2.26745e-54	4.19716e-56	7.16332e-58	1.13482e-59	1.72626e-61	2.99158e-63	9.10974e-65	5.05006e-66	3.3178e-67	2.22258e-68	2.09323e-69	
N22	1.23989e-05	6.17252e-05	0.000375705	0.00196138	0.00815725	0.0264454	0.0661506	0.126809	0.185326	0.205682	0.173054	0.110781	0.0550506	0.0227393	0.00932681	0.00440088	0.00219436	0.000974786	0.000355947	0.000105953	2.65164e-05	5.90439e-06	1.23656e-06	2.4627e-07	4.15613e-08	5.69718e-09	6.26885e-10	5.52793e-11	3.91874e-12	2.25272e-13	1.13586e-14	1.1508e-15	5.63852e-16	3.66859e-16	2.22215e-16	1.23184e-16	6.26805e-17	2.94729e-17	1.29725e-17	5.48111e-18	2.32418e-18	1.04919e-18	5.24776e-19	2.86576e-19	1.62093e-19	9.04351e-20	4.83645e-20	2.25638e-20	9.38638e-21	3.53835e-21	1.22099e-21	3.88359e-22	1.14434e-22	3.13591e-23	8.01695e-24	1.91695e-24	4.29658e-25	9.04454e-26	1.79136e-26	3.34455e-27	5.9016e-28	9.8834e-29	1.58454e-29	2.48048e-30	3.96062e-31	6.97423e-32	1.46973e-32	3.73219e-33	1.06132e-33	3.15506e-34	1.12431e-34	
Rhynchospora_chinensis	0	0	0	0	0	0	0	0	0	0	0	0	0	0	0	0	0	0	0	0	0	0	0	0	0	0	0	0	0	0	1	0	0	0	0	0	0	0	0	0	0	0	0	0	0	0	0	0	0	0	0	0	0	0	0	0	0	0	0	0	0	0	0	0	0	0	0	0	0	0	0	
N23	1.15973e-05	5.71897e-05	0.000351686	0.00186039	0.00783401	0.025683	0.0648825	0.125457	0.184712	0.206283	0.174443	0.112105	0.0558446	0.0230645	0.00941206	0.00439759	0.00216939	0.000953631	0.000344375	0.000101261	2.4999e-05	5.48094e-06	1.12697e-06	2.19047e-07	3.60235e-08	4.79935e-09	5.12073e-10	4.36827e-11	2.98775e-12	1.6461e-13	7.34426e-15	2.66801e-16	7.93497e-18	1.94263e-19	3.9367e-21	6.64264e-23	9.39842e-25	1.12589e-26	1.15989e-28	1.0562e-30	8.90643e-33	7.4006e-35	6.3445e-37	5.58352e-39	4.86918e-41	4.19987e-43	5.14411e-45	6.16735e-47	8.20098e-49	1.06358e-50	1.23736e-52	1.25131e-54	1.09028e-56	8.1749e-59	5.28152e-61	2.94669e-63	1.4241e-65	5.99194e-68	2.22046e-70	7.49321e-73	2.5412e-75	1.03668e-77	5.5953e-80	3.50146e-82	2.18772e-84	1.29461e-86	7.34596e-89	4.1894e-91	2.52666e-93	2.06953e-95	2.2239e-96	
N24	1.51873e-07	1.0512e-06	9.86005e-06	8.15704e-05	0.000545832	0.00287791	0.011782	0.0370079	0.0882204	0.158032	0.210962	0.208619	0.152403	0.0823093	0.0335252	0.0104635	0.0025607	0.000504755	8.21476e-05	1.12198e-05	1.2937e-06	1.25978e-07	1.04148e-08	7.53654e-10	5.06931e-11	3.54466e-12	2.81136e-13	2.38584e-14	1.91482e-15	1.3442e-16	8.00196e-18	4.00406e-19	1.6836e-20	5.96673e-22	1.79093e-23	4.58163e-25	1.00737e-26	1.92611e-28	3.25208e-30	4.94252e-32	6.90509e-34	9.03569e-36	1.12392e-37	1.36348e-39	1.77066e-41	3.04414e-43	7.62726e-45	1.87064e-46	4.34671e-48	9.18086e-50	1.72367e-51	2.85047e-53	4.13866e-55	5.27125e-57	5.89125e-59	5.78374e-61	4.99723e-63	3.8107e-65	2.57554e-67	1.55256e-69	8.4294e-72	4.17849e-74	1.92525e-76	8.42756e-79	3.60988e-81	1.61539e-83	8.97301e-86	7.56441e-88	8.69624e-90	1.06622e-91	1.46965e-93	
Rhynchospora_fusca	0	0	0	0	0	0	0	0	0	0	0	0	1	0	0	0	0	0	0	0	0	0	0	0	0	0	0	0	0	0	0	0	0	0	0	0	0	0	0	0	0	0	0	0	0	0	0	0	0	0	0	0	0	0	0	0	0	0	0	0	0	0	0	0	0	0	0	0	0	0	0	
Rhynchospora_alba	0	0	0	0	0	0	0	0	0	0	0	0	1	0	0	0	0	0	0	0	0	0	0	0	0	0	0	0	0	0	0	0	0	0	0	0	0	0	0	0	0	0	0	0	0	0	0	0	0	0	0	0	0	0	0	0	0	0	0	0	0	0	0	0	0	0	0	0	0	0	0	
N25	1.2031e-06	1.74929e-06	5.09815e-06	3.13181e-05	0.000230165	0.00143811	0.00693443	0.0251485	0.0679289	0.1359	0.200642	0.218156	0.174619	0.103006	0.0455748	0.0153436	0.0040237	0.000845331	0.000145574	2.07153e-05	2.42199e-06	2.31233e-07	1.83024e-08	1.30173e-09	9.13572e-11	6.99485e-12	5.60433e-13	4.12844e-14	2.56347e-15	1.2966e-16	5.29473e-18	1.74665e-19	4.67402e-21	1.02041e-22	1.82998e-24	2.71839e-26	3.38084e-28	3.57446e-30	3.28091e-32	2.68715e-34	2.02458e-36	1.44005e-38	9.89409e-41	7.01987e-43	6.35326e-45	8.90666e-47	1.58441e-48	2.18092e-50	2.63777e-52	2.80213e-54	2.58717e-56	2.06415e-58	1.42003e-60	8.42098e-63	4.30791e-65	1.9041e-67	7.28903e-70	2.42503e-72	7.04742e-75	1.80275e-77	4.1099e-80	8.50574e-83	1.63874e-85	3.02664e-88	5.52637e-91	1.05628e-93	2.54169e-96	1.00389e-98	5.713e-101	3.43287e-103	2.18781e-105	
Rhynchospora_rugosa	0	0	0	0	0	0	0	0	0	0	0	0	0	0	0	0	0	1	0	0	0	0	0	0	0	0	0	0	0	0	0	0	0	0	0	0	0	0	0	0	0	0	0	0	0	0	0	0	0	0	0	0	0	0	0	0	0	0	0	0	0	0	0	0	0	0	0	0	0	0	0	
N26	2.05532e-06	3.22022e-06	7.89388e-06	4.10758e-05	0.000299881	0.0018789	0.0089171	0.0313202	0.0809112	0.153311	0.21272	0.215898	0.160183	0.0867836	0.034716	0.0102922	0.00227936	0.000381321	4.88191e-05	4.84434e-06	3.7658e-07	2.31337e-08	1.13413e-09	4.51354e-11	1.50825e-12	4.4407e-14	1.26293e-15	4.19838e-17	2.17298e-18	1.6318e-19	1.24892e-20	8.17236e-22	4.36574e-23	1.88653e-24	6.59351e-26	1.86905e-27	4.31825e-29	8.20108e-31	1.29264e-32	1.7105e-34	1.92514e-36	1.86677e-38	1.57605e-40	1.16615e-42	7.5888e-45	4.37255e-47	2.32453e-49	1.32588e-51	1.35597e-53	2.97205e-55	7.79368e-57	1.85918e-58	3.81878e-60	6.67337e-62	9.87988e-64	1.23636e-65	1.30599e-67	1.164e-69	8.76031e-72	5.58224e-74	3.03101e-76	1.41306e-78	5.71133e-81	2.02416e-83	6.36453e-86	1.80141e-88	4.9643e-91	2.34751e-93	3.44212e-95	6.37268e-97	1.13247e-98	
Rhynchospora_marisculus	0	0	0	0	1	0	0	0	0	0	0	0	0	0	0	0	0	0	0	0	0	0	0	0	0	0	0	0	0	0	0	0	0	0	0	0	0	0	0	0	0	0	0	0	0	0	0	0	0	0	0	0	0	0	0	0	0	0	0	0	0	0	0	0	0	0	0	0	0	0	0	
Rhynchospora_brownii	0	0	0	0	0	0	0	0	0	0	0	0	0	0	0	0	0	1	0	0	0	0	0	0	0	0	0	0	0	0	0	0	0	0	0	0	0	0	0	0	0	0	0	0	0	0	0	0	0	0	0	0	0	0	0	0	0	0	0	0	0	0	0	0	0	0	0	0	0	0	0	
N27	0.20444	0.217708	0.200206	0.158702	0.107764	0.0622624	0.0304323	0.012527	0.00432851	0.00125268	0.000303206	6.13272e-05	1.03553e-05	1.45506e-06	1.71713e-07	1.70575e-08	1.43038e-09	1.0162e-10	6.15127e-12	3.21175e-13	1.49431e-14	6.72873e-16	3.3833e-17	2.05763e-18	1.17503e-19	5.91446e-21	2.58215e-22	9.76804e-24	3.21134e-25	9.20641e-27	2.30832e-28	5.07434e-30	9.80115e-32	1.66668e-33	2.49995e-35	3.3138e-37	3.88961e-39	4.05391e-41	3.76817e-43	3.15594e-45	2.45365e-47	1.92339e-49	1.77533e-51	2.11749e-53	2.92409e-55	4.02156e-57	5.11604e-59	4.96308e-61	4.04564e-63	2.88207e-65	1.82818e-67	1.04286e-69	5.37918e-72	2.51689e-74	1.07031e-76	4.14207e-79	1.4602e-81	4.6932e-84	1.37635e-86	3.68603e-89	9.02634e-92	2.02449e-94	4.17256e-97	7.9795e-100	1.46353e-102	2.85271e-105	7.20694e-108	2.57688e-110	1.10177e-112	4.7724e-115	2.20047e-117	
N28	0.170687	0.189726	0.187757	0.163629	0.124254	0.0815884	0.0460985	0.0223468	0.00927922	0.00329809	0.00100325	0.000261231	5.82245e-05	1.10886e-05	1.82292e-06	2.59178e-07	3.1961e-08	3.49054e-09	4.96006e-10	3.90736e-10	6.13022e-10	8.19481e-10	8.6376e-10	7.04896e-10	2.36825e-10	5.86231e-11	1.18915e-11	2.04348e-12	3.01109e-13	3.82457e-14	4.20008e-15	3.99717e-16	3.30367e-17	2.37649e-18	1.49128e-19	8.18277e-21	3.93499e-22	1.66328e-23	6.22387e-25	2.31825e-26	2.87153e-27	1.59885e-27	9.27322e-28	4.50386e-28	1.78693e-28	5.68744e-29	1.42819e-29	1.50656e-30	1.19504e-31	7.92508e-33	4.54085e-34	2.27446e-35	1.00079e-36	3.87845e-38	1.32634e-39	4.00942e-41	1.07326e-42	2.54879e-44	5.38051e-46	1.01154e-47	1.69766e-49	2.54991e-51	3.44077e-53	4.32641e-55	9.2755e-57	1.23034e-57	2.52565e-58	4.50317e-59	6.72769e-60	8.65005e-61	1.44446e-61	
Rhynchospora_riparia	0	0	0	0	1	0	0	0	0	0	0	0	0	0	0	0	0	0	0	0	0	0	0	0	0	0	0	0	0	0	0	0	0	0	0	0	0	0	0	0	0	0	0	0	0	0	0	0	0	0	0	0	0	0	0	0	0	0	0	0	0	0	0	0	0	0	0	0	0	0	0	
Rhynchospora_tenerrima	0	0	0	0	0	0	0	0	0	1	0	0	0	0	0	0	0	0	0	0	0	0	0	0	0	0	0	0	0	0	0	0	0	0	0	0	0	0	0	0	0	0	0	0	0	0	0	0	0	0	0	0	0	0	0	0	0	0	0	0	0	0	0	0	0	0	0	0	0	0	0	
N29	0.223489	0.231921	0.204135	0.153143	0.0977048	0.0527375	0.0239424	0.00909384	0.0028773	0.000755982	0.000164591	2.9654e-05	4.41568e-06	5.41515e-07	5.51613e-08	4.67783e-09	3.31252e-10	1.96593e-11	9.84483e-13	4.38082e-14	2.84518e-15	6.36544e-16	1.97888e-16	4.9778e-17	5.40796e-18	4.43569e-19	3.04e-20	1.7876e-21	9.0684e-23	3.96898e-24	1.49763e-25	4.87063e-27	1.36566e-28	3.30387e-30	6.90436e-32	1.24803e-33	1.95395e-35	2.65611e-37	3.1436e-39	3.25389e-41	3.04191e-43	3.79261e-45	1.87101e-46	1.65387e-47	1.28304e-48	7.99485e-50	3.93455e-51	8.64102e-53	1.4853e-54	2.20959e-56	2.91809e-58	3.43616e-60	3.604e-62	3.36102e-64	2.78336e-66	2.04545e-68	1.33373e-70	7.71825e-73	3.9659e-75	1.81033e-77	7.35301e-80	2.66247e-82	8.61277e-85	2.496e-87	6.56077e-90	1.8436e-92	1.51543e-94	3.7926e-96	9.93168e-98	2.26584e-99	5.57661e-101	
Rhynchospora_nervosa	0	0	0	0	1	0	0	0	0	0	0	0	0	0	0	0	0	0	0	0	0	0	0	0	0	0	0	0	0	0	0	0	0	0	0	0	0	0	0	0	0	0	0	0	0	0	0	0	0	0	0	0	0	0	0	0	0	0	0	0	0	0	0	0	0	0	0	0	0	0	0	
N30	0.225131	0.232881	0.203993	0.152308	0.0968433	0.0522086	0.0237333	0.00905	0.00288244	0.000764437	0.000168468	3.08156e-05	4.67336e-06	5.85645e-07	6.11791e-08	5.34039e-09	3.90754e-10	2.40618e-11	1.26822e-12	7.73814e-14	2.35013e-14	1.60093e-14	8.956e-15	3.70273e-15	5.38582e-16	5.81725e-17	5.21375e-18	3.98126e-19	2.60463e-20	1.46071e-21	7.02025e-23	2.89118e-24	1.02071e-25	3.09176e-27	8.04531e-29	1.80126e-30	3.47503e-32	5.79199e-34	8.36577e-36	1.05399e-37	1.28263e-39	4.87766e-41	8.95291e-42	1.69218e-42	2.57619e-43	3.05691e-44	2.7549e-45	9.01098e-47	2.25745e-48	4.83618e-50	9.08911e-52	1.50562e-53	2.19765e-55	2.82344e-57	3.19016e-59	3.16893e-61	2.7679e-63	2.12705e-65	1.43934e-67	8.58361e-70	4.52013e-72	2.1067e-74	8.71239e-77	3.20851e-79	1.08373e-81	5.73218e-84	1.93785e-85	1.08829e-86	5.25932e-88	2.12972e-89	9.37624e-91	
Rhynchospora_robusta	0	0	0	0	1	0	0	0	0	0	0	0	0	0	0	0	0	0	0	0	0	0	0	0	0	0	0	0	0	0	0	0	0	0	0	0	0	0	0	0	0	0	0	0	0	0	0	0	0	0	0	0	0	0	0	0	0	0	0	0	0	0	0	0	0	0	0	0	0	0	0	
N31	0.2101	0.220903	0.19945	0.155504	0.104607	0.0604929	0.0299427	0.0126364	0.0045334	0.00138002	0.000356146	7.79048e-05	1.44413e-05	2.26321e-06	3.02841e-07	3.46845e-08	3.41108e-09	2.91479e-10	2.55768e-11	7.04422e-12	5.99128e-12	4.92735e-12	3.24519e-12	1.67725e-12	3.89001e-13	6.73735e-14	9.63956e-15	1.17667e-15	1.23915e-16	1.13033e-17	8.94664e-19	6.15179e-20	3.67939e-21	1.91706e-22	8.71688e-24	3.466e-25	1.20761e-26	3.69715e-28	1.00017e-29	2.5477e-31	1.30426e-32	3.29718e-33	1.08196e-33	3.04321e-34	7.06238e-35	1.33236e-35	2.02062e-36	1.41044e-37	7.53665e-39	3.40778e-40	1.34567e-41	4.68945e-43	1.44701e-44	3.95772e-46	9.6002e-48	2.06652e-49	3.95102e-51	6.71744e-53	1.01706e-54	1.37335e-56	1.65741e-58	1.79184e-60	1.74087e-62	1.54947e-64	1.69722e-66	8.14605e-68	9.20854e-69	9.81849e-70	9.00415e-71	7.223e-72	7.19194e-73	
Rhynchospora_latifolia	0	0	0	0	1	0	0	0	0	0	0	0	0	0	0	0	0	0	0	0	0	0	0	0	0	0	0	0	0	0	0	0	0	0	0	0	0	0	0	0	0	0	0	0	0	0	0	0	0	0	0	0	0	0	0	0	0	0	0	0	0	0	0	0	0	0	0	0	0	0	0	
Rhynchospora_pubera	0	0	0	0	1	0	0	0	0	0	0	0	0	0	0	0	0	0	0	0	0	0	0	0	0	0	0	0	0	0	0	0	0	0	0	0	0	0	0	0	0	0	0	0	0	0	0	0	0	0	0	0	0	0	0	0	0	0	0	0	0	0	0	0	0	0	0	0	0	0	0	
