NODE	1	2	3	4	5	6	7	8	9	10	11	12	13	14	15	16	17	18	19	20	21	22	23	24	25	26	27	28	29	30	31	32	33	34	35	36	37	38	39	40	41	42	43	44	45	46	47	48	49	50	51	52	53	54	55	56	57	58	59	60	61	62	63	64	65	66	
N1	0.271697	0.237951	0.185641	0.130185	0.0825001	0.047409	0.0247591	0.0117617	0.00508034	0.00199234	0.000707891	0.000227342	6.58419e-05	1.71592e-05	4.01613e-06	8.42657e-07	1.58237e-07	2.65537e-08	3.97662e-09	5.30834e-10	6.30975e-11	6.67276e-12	6.27393e-13	6.28454e-17	1.71208e-17	4.3955e-18	1.06343e-18	2.4246e-19	5.21011e-20	1.05535e-20	2.01551e-21	3.63017e-22	6.16823e-23	9.89105e-24	1.49743e-24	2.14122e-25	2.89328e-26	3.69616e-27	4.4665e-28	5.10831e-29	5.53252e-30	5.67749e-31	5.52374e-32	5.09818e-33	4.46649e-34	3.71667e-35	2.93933e-36	2.21065e-37	1.58212e-38	1.07814e-39	7.00009e-41	4.333e-42	2.55859e-43	1.44212e-44	7.76352e-46	3.9942e-47	1.96505e-48	9.25003e-50	4.16859e-51	1.79954e-52	7.44569e-54	2.95446e-55	1.12517e-56	4.12271e-58	1.48827e-59	7.58991e-61	
N2	0.181681	0.191417	0.176291	0.148307	0.111914	0.0785815	0.0500527	0.029989	0.0163467	0.00845578	0.00397793	0.00179612	0.000735338	0.000293545	0.000105794	3.79659e-05	1.21828e-05	3.98445e-06	1.15104e-06	3.47012e-07	9.06236e-08	2.51929e-08	5.97204e-09	1.53534e-09	3.29957e-10	7.80998e-11	1.53201e-11	3.36602e-12	6.02251e-13	1.22217e-13	2.01261e-14	3.81288e-15	5.74177e-16	1.00248e-16	1.39236e-17	2.26792e-18	2.86991e-19	4.27642e-20	4.9874e-21	6.91908e-22	7.31363e-23	9.21172e-24	8.97118e-25	1.05191e-25	9.25802e-27	9.82167e-28	7.9824e-29	7.90967e-30	5.79941e-31	5.1871e-32	3.52368e-33	2.95764e-34	1.81544e-35	1.37797e-36	7.88643e-38	5.65966e-39	2.93699e-40	1.91406e-41	9.45469e-43	6.00773e-44	2.92071e-45	1.88761e-46	1.1183e-47	8.65085e-49	6.76882e-50	8.99281e-51	
N3	0.185427	0.19404	0.176885	0.147143	0.110059	0.0767787	0.0488559	0.0293067	0.0160979	0.00838287	0.00399452	0.00181433	0.000751771	0.000299323	0.000108385	3.81784e-05	1.21686e-05	3.83332e-06	1.08622e-06	3.09887e-07	7.86651e-08	2.04612e-08	4.68141e-09	1.11498e-09	2.29781e-10	4.99014e-11	9.27014e-12	1.83608e-12	3.0637e-13	5.50414e-14	8.27909e-15	1.35642e-15	1.83564e-16	2.73198e-17	3.35311e-18	4.58105e-19	5.08957e-20	6.34882e-21	6.45433e-22	7.45136e-23	6.89857e-24	7.29782e-25	6.23097e-26	6.13883e-27	4.79316e-28	4.33479e-29	3.13979e-30	2.65698e-31	1.76299e-32	1.36944e-33	8.46425e-35	6.17677e-36	3.50376e-37	2.3505e-38	1.24827e-39	7.91524e-41	3.8779e-42	2.27838e-43	1.07127e-44	6.17686e-46	2.9347e-47	1.76752e-48	1.01207e-49	7.16598e-51	5.1713e-52	6.14328e-53	
N4	0.0981123	0.117185	0.13168	0.139307	0.133036	0.11744	0.0931187	0.0684444	0.0451772	0.0277264	0.0152025	0.00776073	0.00350691	0.00148111	0.000548739	0.000191894	5.83057e-05	1.69897e-05	4.26666e-06	1.04912e-06	2.19847e-07	4.609e-08	8.16737e-09	1.48158e-09	2.25202e-10	3.59214e-11	4.82298e-12	7.01443e-13	8.62929e-14	1.18441e-14	1.38509e-15	1.83535e-16	2.02692e-17	2.52562e-18	2.57828e-19	2.96205e-20	2.71114e-21	2.7913e-22	2.28533e-23	2.12164e-24	1.53491e-25	1.26481e-26	8.19213e-28	6.10599e-29	3.50564e-30	2.32502e-31	1.2046e-32	7.28248e-34	3.35968e-35	1.81315e-36	7.60664e-38	3.77204e-39	1.41677e-40	6.30455e-42	2.17235e-43	8.97027e-45	2.78923e-46	1.04399e-47	3.05782e-49	1.10363e-50	3.19544e-52	1.17972e-53	4.07474e-55	1.7526e-56	7.50854e-58	4.91321e-59	
Bulbostylis_barbata	0	0	0	0	1	0	0	0	0	0	0	0	0	0	0	0	0	0	0	0	0	0	0	0	0	0	0	0	0	0	0	0	0	0	0	0	0	0	0	0	0	0	0	0	0	0	0	0	0	0	0	0	0	0	0	0	0	0	0	0	0	0	0	0	0	0	
N5	0.0184333	0.0309078	0.0532786	0.0845923	0.116864	0.143008	0.144108	0.123306	0.0931451	0.0711985	0.051272	0.0348613	0.0196303	0.00982928	0.00379912	0.00131549	0.000340947	8.61618e-05	1.74694e-05	4.52506e-06	1.24394e-06	5.3867e-07	2.0362e-07	9.43566e-08	3.1195e-08	1.21003e-08	3.24763e-09	1.04034e-09	2.21875e-10	5.73277e-11	9.88906e-12	2.13064e-12	2.92677e-13	5.10063e-14	5.78716e-15	8.63936e-16	7.91557e-17	9.63918e-18	7.52377e-19	8.08162e-20	5.15906e-21	4.52971e-22	2.52643e-23	2.00153e-24	9.24163e-26	6.02814e-27	2.48877e-28	1.49758e-29	5.15541e-31	2.56006e-32	8.00816e-34	3.74087e-35	9.88491e-37	3.86334e-38	9.47641e-40	3.56245e-41	7.41144e-43	2.32797e-44	4.56014e-46	1.40869e-47	2.43843e-49	6.76178e-51	1.3965e-52	4.93599e-54	1.62236e-55	9.53505e-57	
Bulbostylis_densa	0	0	0	0	0	0	0	0	0	0	0	0	0	0	0	0	0	0	0	0	0	0	0	0	0	0	0	0	0	0	0	1	0	0	0	0	0	0	0	0	0	0	0	0	0	0	0	0	0	0	0	0	0	0	0	0	0	0	0	0	0	0	0	0	0	0	
Bulbostylis_hispidula	0	0	0	0	1	0	0	0	0	0	0	0	0	0	0	0	0	0	0	0	0	0	0	0	0	0	0	0	0	0	0	0	0	0	0	0	0	0	0	0	0	0	0	0	0	0	0	0	0	0	0	0	0	0	0	0	0	0	0	0	0	0	0	0	0	0	
N6	0.188463	0.201159	0.187429	0.156698	0.114067	0.074247	0.0419725	0.0212361	0.00931123	0.00366265	0.00124419	0.000380927	0.000100316	2.40466e-05	4.94803e-06	9.42231e-07	1.53553e-07	2.36677e-08	3.11126e-09	3.96746e-10	4.27643e-11	4.58149e-12	4.10969e-13	3.74597e-14	2.81577e-15	2.18825e-16	1.38974e-17	9.27461e-19	4.98827e-20	2.85729e-21	1.31477e-22	6.54239e-24	2.58216e-25	1.11603e-26	3.83143e-28	1.46318e-29	4.37461e-31	1.47142e-32	3.8953e-34	1.17762e-35	2.75161e-37	7.4038e-39	1.55521e-40	3.8118e-42	7.13808e-44	1.5678e-45	2.67051e-47	5.39631e-49	8.24221e-51	1.49716e-52	2.09728e-54	3.53162e-56	4.45773e-58	6.7741e-60	7.90487e-62	1.12308e-63	1.18794e-65	1.53449e-67	1.53481e-69	1.91738e-71	1.89018e-73	2.41032e-75	2.85298e-77	4.29741e-79	6.4673e-81	1.38774e-82	
Abildgaardia_ovata	0	0	0	0	0	0	0	0	0	1	0	0	0	0	0	0	0	0	0	0	0	0	0	0	0	0	0	0	0	0	0	0	0	0	0	0	0	0	0	0	0	0	0	0	0	0	0	0	0	0	0	0	0	0	0	0	0	0	0	0	0	0	0	0	0	0	
N7	0.217901	0.224267	0.196682	0.15217	0.101143	0.0590919	0.029388	0.0127401	0.00464547	0.00147225	0.000388543	8.97701e-05	1.70961e-05	2.91469e-06	4.04134e-07	5.26385e-08	5.41799e-09	5.72197e-10	4.52517e-11	4.22144e-12	2.65939e-13	2.301e-14	1.19355e-15	9.5826e-17	4.0834e-18	2.86013e-19	1.01609e-20	6.18853e-22	1.80385e-23	9.16428e-25	2.26706e-26	1.015e-27	2.07077e-29	7.71627e-31	1.37959e-32	4.79022e-34	7.06136e-36	2.02834e-37	2.75139e-39	8.04859e-41	8.85101e-43	2.06565e-44	2.22578e-46	5.84085e-48	4.96226e-50	9.7804e-52	8.69756e-54	2.07314e-55	1.40008e-57	2.32122e-59	1.70097e-61	3.53273e-63	1.94391e-65	2.72386e-67	1.67332e-69	2.99964e-71	1.36023e-73	1.58766e-75	8.04602e-78	1.22011e-79	4.64838e-82	4.69618e-84	2.21084e-86	3.31171e-88	2.71631e-90	6.84872e-92	
Fimbristylis_littoralis	0	0	0	0	1	0	0	0	0	0	0	0	0	0	0	0	0	0	0	0	0	0	0	0	0	0	0	0	0	0	0	0	0	0	0	0	0	0	0	0	0	0	0	0	0	0	0	0	0	0	0	0	0	0	0	0	0	0	0	0	0	0	0	0	0	0	
N8	0.221132	0.227981	0.199481	0.153078	0.0995914	0.0564067	0.0265981	0.0108221	0.00358456	0.00103104	0.000236092	4.88754e-05	7.78149e-06	1.24304e-06	1.4326e-07	2.03091e-08	1.80336e-09	2.45976e-10	1.76519e-11	2.23182e-12	1.26512e-13	1.32117e-14	6.01148e-16	5.29686e-17	1.87628e-18	1.30589e-19	3.83952e-21	2.41561e-22	5.53797e-24	2.73106e-25	5.6016e-27	2.90309e-28	4.56144e-30	1.74245e-31	2.72607e-33	1.28176e-34	1.47708e-36	4.58212e-38	5.74756e-40	2.37103e-41	2.07849e-43	5.09516e-45	4.97505e-47	1.66808e-48	1.13883e-50	2.24306e-52	1.7565e-54	4.86438e-56	2.60986e-58	4.06339e-60	2.47038e-62	5.53158e-64	2.38735e-66	3.13745e-68	1.62162e-70	3.18485e-72	1.1067e-74	1.16575e-76	4.65864e-79	7.53849e-81	2.16865e-83	2.11394e-85	8.48395e-88	1.4401e-89	9.188e-92	2.50884e-93	
Fimbristylis_complanata	0	0	0	0	1	0	0	0	0	0	0	0	0	0	0	0	0	0	0	0	0	0	0	0	0	0	0	0	0	0	0	0	0	0	0	0	0	0	0	0	0	0	0	0	0	0	0	0	0	0	0	0	0	0	0	0	0	0	0	0	0	0	0	0	0	0	
N9	0.202696	0.215666	0.197795	0.159807	0.108851	0.0643947	0.0313476	0.0132285	0.00446569	0.00134674	0.00031401	7.27225e-05	1.21326e-05	2.52098e-06	3.27125e-07	6.98056e-08	7.28645e-09	1.43681e-09	1.20964e-10	2.07717e-11	1.35394e-12	1.83971e-13	9.81948e-15	1.2014e-15	4.94233e-17	4.67541e-18	1.70626e-19	1.72906e-20	4.79937e-22	3.51165e-23	9.88661e-25	9.45534e-26	1.90715e-27	1.11707e-28	2.48328e-30	2.06654e-31	3.15477e-33	1.47406e-34	2.60114e-36	1.8004e-37	2.10881e-39	7.66214e-41	1.02914e-42	5.69819e-44	5.24851e-46	1.58031e-47	1.77191e-49	8.50903e-51	6.20029e-53	1.47287e-54	1.24894e-56	4.87132e-58	2.88465e-60	6.27014e-62	5.08017e-64	1.9282e-65	9.31164e-68	1.56296e-69	9.00648e-72	2.74622e-73	1.11362e-75	2.01034e-77	1.42356e-79	4.92116e-81	4.62542e-83	2.32695e-84	
Fimbristylis_ferruginea	0	0	0	0	1	0	0	0	0	0	0	0	0	0	0	0	0	0	0	0	0	0	0	0	0	0	0	0	0	0	0	0	0	0	0	0	0	0	0	0	0	0	0	0	0	0	0	0	0	0	0	0	0	0	0	0	0	0	0	0	0	0	0	0	0	0	
N10	0.103739	0.136852	0.169108	0.183468	0.16242	0.119964	0.0705181	0.034649	0.013376	0.00443283	0.00114359	0.000270137	4.87575e-05	8.93076e-06	1.202e-06	1.82988e-07	1.88527e-08	2.34532e-09	1.86018e-10	1.87874e-11	1.13565e-12	9.08583e-14	4.33717e-15	2.92009e-16	1.09895e-17	6.03338e-19	1.91307e-20	9.52487e-22	2.47488e-23	1.01782e-24	2.36914e-26	9.31195e-28	1.78585e-29	5.64884e-31	9.95729e-33	3.08412e-34	4.45839e-36	1.09956e-37	1.4957e-39	3.7156e-41	4.10993e-43	7.98044e-45	8.40063e-47	1.68604e-48	1.45846e-50	2.32229e-52	1.98493e-54	3.38753e-56	2.35118e-58	3.07845e-60	2.11913e-62	3.03692e-64	1.73251e-66	1.97305e-68	1.18213e-70	1.52369e-72	7.33685e-75	7.04021e-77	3.49392e-79	3.82279e-81	1.60035e-83	1.43666e-85	7.83035e-88	9.82341e-90	9.37052e-92	1.77501e-93	
Fimbristylis_dichotoma	0	0	0	0	1	0	0	0	0	0	0	0	0	0	0	0	0	0	0	0	0	0	0	0	0	0	0	0	0	0	0	0	0	0	0	0	0	0	0	0	0	0	0	0	0	0	0	0	0	0	0	0	0	0	0	0	0	0	0	0	0	0	0	0	0	0	
N11	0.00182581	0.00867218	0.0379087	0.115604	0.220449	0.232354	0.161671	0.116443	0.067747	0.0283566	0.00744121	0.00136437	0.00014934	1.2786e-05	6.86166e-07	3.46251e-08	1.09544e-09	3.66869e-11	7.56426e-13	1.79015e-14	2.52008e-16	4.31545e-18	4.42152e-20	5.91368e-22	4.52791e-24	4.73576e-26	2.91489e-28	2.63225e-30	1.29583e-32	9.52748e-35	4.0734e-37	2.75494e-39	9.63819e-42	5.26081e-44	1.65329e-46	8.54838e-49	2.20178e-51	9.14188e-54	2.16715e-56	8.78073e-59	1.70052e-61	5.47535e-64	9.909e-67	3.20214e-69	4.78635e-72	1.24552e-74	1.80068e-77	4.87249e-80	5.787e-83	1.23212e-85	1.42955e-88	3.23756e-91	3.14146e-94	5.7508e-97	5.72584e-100	1.14994e-102	9.38041e-106	1.44951e-108	1.20224e-111	2.05585e-114	1.46025e-117	2.09781e-120	1.92104e-123	3.79172e-126	6.00364e-129	1.58957e-131	
Fimbristylis_velata	0	0	0	0	0	0	0	0	0	0	0	1	0	0	0	0	0	0	0	0	0	0	0	0	0	0	0	0	0	0	0	0	0	0	0	0	0	0	0	0	0	0	0	0	0	0	0	0	0	0	0	0	0	0	0	0	0	0	0	0	0	0	0	0	0	0	
Fimbristylis_squarrosa	0	0	0	0	1	0	0	0	0	0	0	0	0	0	0	0	0	0	0	0	0	0	0	0	0	0	0	0	0	0	0	0	0	0	0	0	0	0	0	0	0	0	0	0	0	0	0	0	0	0	0	0	0	0	0	0	0	0	0	0	0	0	0	0	0	0	
N12	0.127633	0.143888	0.148267	0.143236	0.125479	0.102981	0.0764949	0.0536747	0.0340599	0.0207944	0.0114781	0.00626323	0.00305087	0.00152018	0.00066041	0.000308856	0.000121324	5.45312e-05	1.98403e-05	8.78306e-06	3.00253e-06	1.30447e-06	4.26939e-07	1.8362e-07	5.67145e-08	2.32924e-08	6.77636e-09	2.67683e-09	7.09183e-10	2.57369e-10	6.31864e-11	2.19653e-11	4.82954e-12	1.5155e-12	3.11431e-13	9.50396e-14	1.74099e-14	4.73602e-15	8.23209e-16	2.20864e-16	3.38903e-17	7.93366e-18	1.16327e-18	2.70469e-19	3.48203e-20	6.99945e-21	8.7005e-22	1.75413e-22	1.89589e-23	3.25011e-24	3.40032e-25	5.89254e-26	5.3761e-27	7.96402e-28	7.14348e-29	1.08608e-29	8.41989e-31	1.07606e-31	8.24214e-33	1.1e-33	7.5795e-35	9.21565e-36	8.13726e-37	1.42765e-37	2.47625e-38	8.17243e-39	
Eleocharis_dulcis	0	0	0	0	0	0	0	0	0	0	0	0	0	0	0	0	0	0	0	0	0	0	0	0	0	0	0	0	0	0	0	0	0	0	0	0	0	1	0	0	0	0	0	0	0	0	0	0	0	0	0	0	0	0	0	0	0	0	0	0	0	0	0	0	0	0	
N13	0.137649	0.152351	0.153073	0.144122	0.123864	0.0997226	0.0730884	0.0500349	0.031008	0.0179282	0.0093383	0.00455246	0.00199047	0.000821358	0.000302782	0.000106822	3.34483e-05	1.02123e-05	2.74352e-06	7.34849e-07	1.70629e-07	4.03653e-08	8.14654e-09	1.7079e-09	2.99105e-10	5.51971e-11	8.38811e-12	1.36027e-12	1.7846e-13	2.52276e-14	2.86664e-15	3.55198e-16	3.48464e-17	3.76663e-18	3.21981e-19	3.07885e-20	2.28762e-21	1.92512e-22	1.26119e-23	9.5316e-25	5.47651e-26	3.67596e-27	1.88722e-28	1.15411e-29	5.24117e-31	2.86412e-32	1.17692e-33	5.92156e-35	2.16414e-36	9.73391e-38	3.24785e-39	1.3525e-40	4.02842e-42	1.49911e-43	4.10485e-45	1.42076e-46	3.48077e-48	1.07763e-49	2.46121e-51	7.24708e-53	1.57944e-54	4.6028e-56	1.19453e-57	4.16289e-59	1.43424e-60	7.60182e-62	
N14	0.0990524	0.114154	0.122831	0.126425	0.120285	0.108869	0.0905743	0.0719429	0.0523316	0.0367532	0.0235128	0.0148227	0.00840386	0.00486657	0.00248537	0.00137715	0.000648209	0.000355577	0.000157422	8.6237e-05	3.55261e-05	1.86814e-05	7.08316e-06	3.51795e-06	1.2e-06	5.45384e-07	1.69095e-07	7.21562e-08	2.00138e-08	7.7937e-09	1.99723e-09	7.51793e-10	1.73278e-10	5.95173e-11	1.30169e-11	4.45945e-12	8.79213e-13	2.7117e-13	5.18849e-14	1.62177e-14	2.76168e-15	7.54156e-16	1.25313e-16	3.48053e-17	5.09572e-18	1.21944e-18	1.75488e-19	4.30631e-20	5.39402e-21	1.12017e-21	1.38021e-22	2.96599e-23	3.18803e-24	5.82776e-25	6.25961e-26	1.20421e-26	1.11567e-27	1.7882e-28	1.65803e-29	2.83788e-30	2.32778e-31	3.50446e-32	3.55781e-33	7.41303e-34	1.47334e-34	7.44277e-35	
Eleocharis_tuberculosa	0	0	0	0	0	0	0	0	0	0	0	0	0	0	1	0	0	0	0	0	0	0	0	0	0	0	0	0	0	0	0	0	0	0	0	0	0	0	0	0	0	0	0	0	0	0	0	0	0	0	0	0	0	0	0	0	0	0	0	0	0	0	0	0	0	0	
Eleocharis_quinqueflora	0	0	0	0	0	0	0	0	0	1	0	0	0	0	0	0	0	0	0	0	0	0	0	0	0	0	0	0	0	0	0	0	0	0	0	0	0	0	0	0	0	0	0	0	0	0	0	0	0	0	0	0	0	0	0	0	0	0	0	0	0	0	0	0	0	0	
N15	0.123259	0.140369	0.147212	0.145051	0.129629	0.107599	0.0802612	0.0553784	0.0340894	0.0194556	0.0098628	0.00468326	0.0019624	0.000783702	0.000273007	9.33516e-05	2.72526e-05	8.1849e-06	2.0377e-06	5.56742e-07	1.20058e-07	3.02327e-08	5.71195e-09	1.32334e-09	2.16965e-10	4.48471e-11	6.38922e-12	1.17651e-12	1.43784e-13	2.306e-14	2.45568e-15	3.52288e-16	3.22498e-17	4.03599e-18	3.2737e-19	3.76249e-20	2.64272e-21	2.66759e-22	1.70282e-23	1.63517e-24	9.07467e-26	7.6257e-27	3.9462e-28	3.24973e-29	1.4619e-30	1.0414e-31	4.46682e-33	3.17717e-34	1.17461e-35	7.07145e-37	2.51946e-38	1.52891e-39	4.68634e-41	2.39109e-42	7.1522e-44	3.71684e-45	9.49857e-47	4.0935e-48	1.02563e-49	4.55393e-51	9.96287e-53	3.83499e-54	9.94715e-56	5.03678e-57	2.35801e-58	2.29643e-59	
Eleocharis_confervoides	0	0	0	0	0	0	0	0	0	0	0	0	0	0	0	0	0	0	1	0	0	0	0	0	0	0	0	0	0	0	0	0	0	0	0	0	0	0	0	0	0	0	0	0	0	0	0	0	0	0	0	0	0	0	0	0	0	0	0	0	0	0	0	0	0	0	
N16	0.137283	0.153756	0.157163	0.149986	0.129411	0.102802	0.0728598	0.0469264	0.026589	0.0135748	0.00603502	0.00241794	0.000837744	0.000264022	7.15466e-05	1.79885e-05	3.8527e-06	7.90896e-07	1.36263e-07	2.36053e-08	3.33245e-09	5.01008e-10	5.89361e-11	7.84434e-12	7.71689e-13	9.05585e-14	7.49794e-15	7.77909e-16	5.40408e-17	4.8844e-18	2.88813e-19	2.30501e-20	1.15438e-21	7.98114e-23	3.46395e-24	2.13748e-25	7.93649e-27	4.24476e-28	1.39482e-29	6.80869e-31	1.92674e-32	8.1564e-34	2.08818e-35	8.30049e-37	1.83411e-38	6.30398e-40	1.28874e-41	4.28474e-43	7.51817e-45	2.13421e-46	3.53061e-48	9.962e-50	1.40709e-51	3.35355e-53	4.5623e-55	1.1098e-56	1.27766e-58	2.57615e-60	2.90477e-62	6.11773e-64	5.91008e-66	1.0589e-67	1.21773e-69	2.91379e-71	5.98736e-73	2.36939e-74	
N17	0.0929406	0.116337	0.138979	0.154096	0.1495	0.128757	0.0951797	0.0621099	0.0345596	0.0169466	0.00700932	0.00255026	0.000771363	0.000206469	4.54368e-05	9.03724e-06	1.46309e-06	2.21422e-07	2.69709e-08	3.18911e-09	2.96794e-10	2.76082e-11	1.97646e-12	1.4461e-13	7.93259e-15	4.52503e-16	1.91361e-17	8.59491e-19	2.81027e-20	9.98661e-22	2.67225e-23	1.1188e-24	1.18269e-25	3.43727e-26	8.70006e-27	2.79386e-27	6.76249e-28	2.07947e-28	4.87685e-29	1.47769e-29	3.29285e-30	9.49446e-31	2.06144e-31	5.86677e-32	1.20585e-32	3.24225e-33	6.50211e-34	1.72859e-34	3.2625e-35	8.14069e-36	1.50012e-36	3.71503e-37	6.43219e-38	1.49445e-38	2.53824e-39	5.89653e-40	9.39656e-41	2.04463e-41	3.23286e-42	7.17929e-43	1.12547e-43	2.56289e-44	5.13009e-45	1.51986e-45	4.51928e-46	1.9453e-46	
Eleocharis_geniculata	0	0	0	0	1	0	0	0	0	0	0	0	0	0	0	0	0	0	0	0	0	0	0	0	0	0	0	0	0	0	0	0	0	0	0	0	0	0	0	0	0	0	0	0	0	0	0	0	0	0	0	0	0	0	0	0	0	0	0	0	0	0	0	0	0	0	
N18	0.0923452	0.115747	0.138554	0.153988	0.149667	0.129146	0.095547	0.0624649	0.0347578	0.0170934	0.00705938	0.00258434	0.000777099	0.000211516	4.56991e-05	9.59991e-06	1.46634e-06	2.65595e-07	2.69696e-08	5.45728e-09	3.00891e-10	9.7466e-11	2.17149e-12	1.512e-12	1.1722e-14	1.67052e-14	5.91632e-17	1.30892e-16	2.91966e-19	6.4532e-19	1.14119e-21	2.34302e-21	3.27647e-24	5.18821e-24	6.42446e-27	9.84156e-27	9.44359e-30	1.0087e-29	9.53017e-33	1.25845e-32	8.05157e-36	5.51316e-36	4.50915e-39	6.49343e-39	2.60974e-42	9.5609e-43	8.88499e-46	1.63886e-45	4.22263e-49	6.05602e-50	8.8937e-53	1.84034e-52	3.42731e-56	1.80288e-57	4.74299e-60	9.1889e-60	1.33948e-63	3.42403e-65	1.13227e-67	1.86613e-67	2.21993e-71	3.99289e-73	1.31534e-75	1.82921e-75	3.09091e-79	2.24298e-79	
Eleocharis_multicaulis	0	0	0	0	0	0	0	0	0	1	0	0	0	0	0	0	0	0	0	0	0	0	0	0	0	0	0	0	0	0	0	0	0	0	0	0	0	0	0	0	0	0	0	0	0	0	0	0	0	0	0	0	0	0	0	0	0	0	0	0	0	0	0	0	0	0	
N19	0.0825631	0.105375	0.129528	0.148422	0.149026	0.133481	0.102458	0.0703714	0.0410274	0.0219053	0.00964313	0.00413148	0.00134524	0.000520087	0.000125979	5.81003e-05	1.10582e-05	6.4662e-06	1.02968e-06	6.15584e-07	7.98502e-08	3.99398e-08	4.3756e-09	1.94029e-09	1.6919e-10	5.84972e-11	4.52846e-12	1.59979e-12	9.35562e-14	2.32935e-14	1.40938e-15	5.19885e-16	2.06197e-17	4.0007e-18	2.15845e-19	9.15688e-20	2.67192e-21	4.2384e-22	2.01013e-23	8.03434e-24	1.83142e-25	2.30641e-26	8.6477e-28	2.85858e-28	5.26118e-30	5.44989e-31	1.68433e-32	4.71418e-33	7.01541e-35	5.79783e-36	1.37556e-37	3.14288e-38	3.89718e-40	2.82997e-41	6.08982e-43	1.27913e-43	1.28608e-45	7.33964e-47	1.13025e-48	1.91453e-49	1.65004e-51	9.76942e-53	1.81228e-54	3.39656e-55	5.63597e-57	1.54384e-57	
Eleocharis_flavescens	0	0	0	0	0	0	0	0	0	0	0	0	0	0	1	0	0	0	0	0	0	0	0	0	0	0	0	0	0	0	0	0	0	0	0	0	0	0	0	0	0	0	0	0	0	0	0	0	0	0	0	0	0	0	0	0	0	0	0	0	0	0	0	0	0	0	
Eleocharis_atropurpurea	0	0	0	0	1	0	0	0	0	0	0	0	0	0	0	0	0	0	0	0	0	0	0	0	0	0	0	0	0	0	0	0	0	0	0	0	0	0	0	0	0	0	0	0	0	0	0	0	0	0	0	0	0	0	0	0	0	0	0	0	0	0	0	0	0	0	
N20	0.10328	0.122927	0.137911	0.146023	0.138888	0.120818	0.0923334	0.0638395	0.0381226	0.0205367	0.0094021	0.0039283	0.00137181	0.000452839	0.000122653	3.36332e-05	7.30571e-06	1.7552e-06	3.16681e-07	6.82007e-08	1.02053e-08	1.89553e-09	2.33547e-10	3.67899e-11	3.66077e-12	4.75032e-13	3.87921e-14	4.28457e-15	2.83952e-16	2.60629e-17	1.4592e-18	1.19334e-19	5.51301e-21	3.79316e-22	1.5449e-23	9.97807e-25	3.39822e-26	1.83682e-27	5.73593e-29	3.00541e-30	7.80096e-32	3.32364e-33	8.04028e-35	3.36135e-36	6.72356e-38	2.25924e-39	4.27344e-41	1.42957e-42	2.21872e-44	5.87937e-46	8.67978e-48	2.32516e-49	2.83908e-51	6.08804e-53	7.2237e-55	1.60147e-56	1.55866e-58	2.71399e-60	2.57735e-62	4.73127e-64	3.78086e-66	5.73709e-68	5.43342e-70	1.09826e-71	1.83226e-73	6.15311e-75	
N21	0.0471237	0.0619761	0.0815128	0.104018	0.120888	0.129694	0.123915	0.108768	0.084319	0.0600596	0.0373234	0.021477	0.0106548	0.00502321	0.00202335	0.000812416	0.000273829	9.73066e-05	2.81831e-05	9.00843e-06	2.23897e-06	6.30376e-07	1.3357e-07	3.28181e-08	5.85963e-09	1.23858e-09	1.88511e-10	3.50237e-11	4.53886e-12	7.35777e-13	8.35082e-14	1.22928e-14	1.21407e-15	1.58243e-16	1.41272e-17	1.71753e-18	1.35277e-19	1.45534e-20	1.05681e-21	1.07325e-22	6.85888e-24	6.09018e-25	3.61096e-26	3.04734e-27	1.58541e-28	1.16611e-29	5.6749e-31	4.01472e-32	1.70937e-33	1.04908e-34	4.2078e-36	2.5165e-37	8.87137e-39	4.62983e-40	1.56103e-41	8.07894e-43	2.39102e-44	1.07242e-45	3.0709e-47	1.39302e-48	3.64996e-50	1.54475e-51	5.04683e-53	2.80377e-54	1.48392e-55	1.4656e-56	
Eleocharis_gracilis	0	0	0	0	0	0	0	0	0	1	0	0	0	0	0	0	0	0	0	0	0	0	0	0	0	0	0	0	0	0	0	0	0	0	0	0	0	0	0	0	0	0	0	0	0	0	0	0	0	0	0	0	0	0	0	0	0	0	0	0	0	0	0	0	0	0	
Eleocharis_congesta	0	0	0	0	0	0	0	0	0	1	0	0	0	0	0	0	0	0	0	0	0	0	0	0	0	0	0	0	0	0	0	0	0	0	0	0	0	0	0	0	0	0	0	0	0	0	0	0	0	0	0	0	0	0	0	0	0	0	0	0	0	0	0	0	0	0	
N22	0.0843967	0.103617	0.122287	0.137455	0.13925	0.128988	0.104946	0.0773073	0.0492427	0.0284577	0.013984	0.00636894	0.00241109	0.000898721	0.000268827	8.98201e-05	2.22659e-05	7.26738e-06	1.55877e-06	5.0098e-07	9.16557e-08	2.66161e-08	4.1368e-09	1.06631e-09	1.3717e-10	2.98546e-11	3.28533e-12	6.45659e-13	5.88026e-14	9.72296e-15	7.90044e-16	1.28022e-16	8.59343e-18	1.14965e-18	7.35281e-20	1.07005e-20	5.55882e-22	6.3097e-23	3.33635e-24	4.41818e-25	1.82477e-26	1.73403e-27	7.49753e-29	8.55608e-30	2.84805e-31	2.2608e-32	8.08126e-34	7.88028e-35	2.12895e-36	1.3902e-37	4.02792e-39	3.29244e-40	7.33014e-42	4.08747e-43	1.00941e-44	7.239e-46	1.33575e-47	6.20754e-49	1.25076e-50	7.63899e-52	1.19206e-53	5.02871e-55	9.97353e-57	6.44576e-58	2.30255e-59	2.9739e-60	
N23	2.7132e-08	5.90856e-07	9.63331e-06	0.000110431	0.000498644	0.000800954	0.00671775	0.0599117	0.272267	0.465859	0.169067	0.0231529	0.00154079	6.14335e-05	1.55331e-06	2.82797e-08	3.67232e-10	3.80319e-12	2.99425e-14	2.01497e-16	1.06732e-18	5.08406e-21	1.94425e-23	6.94984e-26	2.00815e-28	5.58339e-31	1.26066e-33	2.80584e-36	5.06263e-39	9.18658e-42	1.3549e-44	2.04908e-47	2.50805e-50	3.20033e-53	3.31585e-56	3.64256e-59	3.22751e-62	3.07192e-65	2.36916e-68	1.98976e-71	1.34151e-74	9.93716e-78	5.9501e-81	3.95588e-84	2.10136e-87	1.24644e-90	5.96288e-94	3.21357e-97	1.37656e-100	6.66901e-104	2.59866e-107	1.15522e-110	4.06048e-114	1.63433e-117	5.27655e-121	1.97039e-124	5.80181e-128	1.99038e-131	5.56218e-135	1.8548e-138	5.23311e-142	1.81969e-145	6.0677e-149	2.41361e-152	9.477e-156	4.09647e-159	
Eleocharis_acicularis_f_longiseta	0	0	0	0	0	0	0	0	0	1	0	0	0	0	0	0	0	0	0	0	0	0	0	0	0	0	0	0	0	0	0	0	0	0	0	0	0	0	0	0	0	0	0	0	0	0	0	0	0	0	0	0	0	0	0	0	0	0	0	0	0	0	0	0	0	0	
Eleocharis_acicularis	0	0	0	0	0	0	0	0	0	1	0	0	0	0	0	0	0	0	0	0	0	0	0	0	0	0	0	0	0	0	0	0	0	0	0	0	0	0	0	0	0	0	0	0	0	0	0	0	0	0	0	0	0	0	0	0	0	0	0	0	0	0	0	0	0	0	
N24	0.00525294	0.0123437	0.031429	0.0690353	0.120529	0.171211	0.191918	0.17319	0.120188	0.06585	0.0272925	0.00898299	0.00224032	0.000455851	7.10159e-05	9.42272e-06	9.65885e-07	8.88945e-08	6.34473e-09	4.28941e-10	2.22447e-11	1.13961e-12	4.4191e-14	1.74907e-15	5.14054e-17	1.58189e-18	3.59533e-20	8.79315e-22	1.56543e-23	3.0725e-25	4.40118e-27	7.15583e-29	8.33399e-31	1.12614e-32	1.09962e-34	1.28078e-36	1.05019e-38	1.04242e-40	7.41375e-43	6.52562e-45	3.97353e-47	3.01104e-49	1.62397e-51	1.10962e-53	5.1731e-56	3.05879e-58	1.28079e-60	6.92104e-63	2.51663e-65	1.18004e-67	3.8946e-70	1.69038e-72	4.87773e-75	1.85026e-77	4.90783e-80	1.74857e-82	4.07586e-85	1.27418e-87	2.77649e-90	8.35973e-93	1.6959e-95	4.91387e-98	1.20287e-100	4.30713e-103	1.49023e-105	6.78928e-108	
N25	0.00103626	0.00258412	0.00772061	0.0212632	0.048224	0.0905737	0.139431	0.179834	0.184704	0.152827	0.0956048	0.0488655	0.0185779	0.00648649	0.00166634	0.000481257	9.31675e-05	2.28615e-05	3.29531e-06	6.27754e-07	6.48043e-08	9.16906e-09	6.92412e-10	7.62848e-11	4.25517e-12	3.65648e-13	1.61454e-14	1.22072e-15	4.24812e-17	2.63766e-18	8.22563e-20	5.13661e-21	1.30357e-22	6.37816e-24	1.54547e-25	7.85506e-27	1.49723e-28	5.60313e-30	1.02914e-31	4.07083e-33	5.77511e-35	1.64268e-36	2.26026e-38	7.00359e-40	7.51374e-42	1.68667e-43	1.80479e-45	4.59454e-47	3.80442e-49	6.83083e-51	5.68744e-53	1.20485e-54	7.90331e-57	1.21433e-58	8.60554e-61	1.64579e-62	8.84569e-65	1.13096e-66	6.46329e-69	1.06546e-70	4.86694e-73	6.00879e-75	3.85728e-77	7.30477e-79	8.80964e-81	2.58791e-82	
Eleocharis_montevidensis	0	0	0	0	0	0	0	0	0	1	0	0	0	0	0	0	0	0	0	0	0	0	0	0	0	0	0	0	0	0	0	0	0	0	0	0	0	0	0	0	0	0	0	0	0	0	0	0	0	0	0	0	0	0	0	0	0	0	0	0	0	0	0	0	0	0	
Eleocharis_tenuis	0	0	0	0	0	0	0	0	0	0	0	1	0	0	0	0	0	0	0	0	0	0	0	0	0	0	0	0	0	0	0	0	0	0	0	0	0	0	0	0	0	0	0	0	0	0	0	0	0	0	0	0	0	0	0	0	0	0	0	0	0	0	0	0	0	0	
N26	0.00243497	0.00700233	0.0226925	0.0615668	0.127404	0.199219	0.22666	0.186094	0.107324	0.0439794	0.0125901	0.00260526	0.000381598	4.24779e-05	3.40723e-06	2.32095e-07	1.1432e-08	6.02513e-10	2.1563e-11	1.06957e-12	2.98932e-14	1.27355e-15	2.69113e-17	8.93427e-19	1.40226e-20	3.54218e-22	4.23386e-24	8.46787e-26	7.74933e-28	1.22557e-29	9.01158e-32	1.23232e-33	7.14894e-36	8.01224e-38	4.09214e-40	4.66565e-42	1.91647e-44	1.76524e-46	7.32486e-49	7.97107e-51	2.54757e-53	1.97096e-55	6.73587e-58	6.29865e-60	1.57541e-62	9.705e-65	2.61587e-67	1.97007e-69	3.84567e-72	1.86185e-74	3.90639e-77	2.35994e-79	3.63885e-82	1.41924e-84	2.37838e-87	1.18638e-89	1.46022e-92	4.61091e-95	6.14693e-98	2.54719e-100	2.54628e-103	6.84075e-106	8.13408e-109	3.27999e-111	6.60327e-114	4.15789e-116	
N27	0.0012262	0.00454707	0.0188568	0.0610984	0.13964	0.226698	0.249649	0.181628	0.0847037	0.025935	0.0052076	0.000732244	7.15542e-05	5.48911e-06	3.12116e-07	1.66713e-08	6.77872e-10	3.02752e-11	9.51441e-13	3.43149e-14	7.9899e-16	2.18928e-17	3.75637e-19	7.93773e-21	1.01924e-22	1.70172e-24	1.70705e-26	2.4032e-28	1.93185e-30	2.32209e-32	1.62243e-34	1.84261e-36	1.11482e-38	1.10297e-40	6.28661e-43	6.05612e-45	2.94276e-47	2.33199e-49	1.0588e-51	8.12756e-54	3.0467e-56	1.87829e-58	6.55977e-61	3.99483e-63	1.14949e-65	5.62721e-68	1.53026e-70	7.6323e-73	1.70904e-75	6.80017e-78	1.4609e-80	6.13485e-83	1.09292e-85	3.67827e-88	6.52324e-91	2.41897e-93	3.53155e-96	1.01936e-98	1.51063e-101	4.98591e-104	6.31006e-107	1.73249e-109	2.96784e-112	1.19606e-114	3.93932e-117	2.18689e-119	
Eleocharis_erythropoda	0	0	0	0	0	0	0	0	1	0	0	0	0	0	0	0	0	0	0	0	0	0	0	0	0	0	0	0	0	0	0	0	0	0	0	0	0	0	0	0	0	0	0	0	0	0	0	0	0	0	0	0	0	0	0	0	0	0	0	0	0	0	0	0	0	0	
Eleocharis_palustris	0	0	0	0	1	0	0	0	0	0	0	0	0	0	0	0	0	0	0	0	0	0	0	0	0	0	0	0	0	0	0	0	0	0	0	0	0	0	0	0	0	0	0	0	0	0	0	0	0	0	0	0	0	0	0	0	0	0	0	0	0	0	0	0	0	0	
N28	0.000625153	0.00243012	0.0110239	0.0397764	0.102749	0.190348	0.245961	0.217812	0.126249	0.0486065	0.0120615	0.00209507	0.000239014	2.31661e-05	1.49729e-06	1.25467e-07	6.10218e-09	5.13038e-10	2.00588e-11	1.45101e-12	4.40922e-14	2.47882e-15	5.60755e-17	2.39668e-18	3.81887e-20	1.18658e-21	1.40542e-23	3.70874e-25	3.14587e-27	6.2222e-29	4.73332e-31	1.07899e-32	5.93954e-35	8.93066e-37	5.23704e-39	1.01342e-40	3.90713e-43	4.22101e-45	1.76816e-47	2.51606e-49	6.8057e-52	5.21124e-54	1.52829e-56	1.60027e-58	3.12362e-61	1.7767e-63	3.8203e-66	3.10431e-68	4.47189e-71	1.92399e-73	3.03599e-76	1.94791e-78	2.13162e-81	7.52473e-84	9.77488e-87	5.52235e-89	4.67485e-92	1.29526e-94	1.24814e-97	5.86885e-100	4.00591e-103	1.11954e-105	1.25783e-108	6.64362e-111	1.23272e-113	8.75512e-116	
N29	4.70822e-08	7.82326e-07	1.19253e-05	0.000134483	0.000699978	0.00176824	0.013131	0.0891899	0.321568	0.4324	0.124036	0.0146448	0.00134902	0.000507337	0.000302006	0.000172526	6.04768e-05	1.94145e-05	3.16009e-06	4.22168e-07	2.23772e-08	1.02146e-09	2.18605e-11	5.01761e-13	5.72495e-15	8.05076e-17	5.93241e-19	6.11967e-21	3.17974e-23	2.44249e-25	1.01629e-27	6.65742e-30	2.13584e-32	1.05747e-34	2.88193e-37	1.26764e-39	2.66485e-42	8.8502e-45	1.61758e-47	4.98365e-50	7.07769e-53	1.6598e-55	2.10486e-58	4.80525e-61	4.81582e-64	8.49002e-67	7.90926e-70	1.43008e-72	1.05841e-75	1.45892e-78	1.03277e-81	1.5293e-84	8.78989e-88	1.01364e-90	5.98044e-94	7.71353e-97	3.6514e-100	3.48695e-103	1.69335e-106	1.8318e-109	7.48789e-113	6.60357e-116	3.59354e-119	4.39303e-122	4.20417e-125	6.59135e-128	
Eleocharis_acuta	0	0	0	0	0	0	0	0	0	1	0	0	0	0	0	0	0	0	0	0	0	0	0	0	0	0	0	0	0	0	0	0	0	0	0	0	0	0	0	0	0	0	0	0	0	0	0	0	0	0	0	0	0	0	0	0	0	0	0	0	0	0	0	0	0	0	
Eleocharis_pallens	0	0	0	0	0	0	0	0	0	0	0	0	0	0	0	0	0	0	0	1	0	0	0	0	0	0	0	0	0	0	0	0	0	0	0	0	0	0	0	0	0	0	0	0	0	0	0	0	0	0	0	0	0	0	0	0	0	0	0	0	0	0	0	0	0	0	
N30	0.000563983	0.0024402	0.01242	0.0480203	0.1256	0.221163	0.259504	0.198517	0.095903	0.0293873	0.00568427	0.000730523	6.16491e-05	4.0672e-06	1.85182e-07	1.06405e-08	3.68508e-10	2.3932e-11	6.21522e-13	3.17403e-14	5.64532e-16	2.02703e-17	2.5176e-19	6.59803e-21	5.82856e-23	1.13564e-24	7.57836e-27	1.24955e-28	6.26471e-31	8.23189e-33	3.81651e-35	6.13329e-37	2.16295e-39	2.44857e-41	1.03618e-43	1.74418e-45	4.67258e-48	4.16711e-50	1.37779e-52	1.86632e-54	3.72843e-57	2.47457e-59	5.97926e-62	6.27059e-64	9.48212e-67	4.83143e-69	8.7621e-72	7.33816e-74	8.53965e-77	3.40468e-79	4.66188e-82	3.17989e-84	2.89907e-87	9.61073e-90	1.08372e-92	6.5176e-95	4.73621e-98	1.27887e-100	1.11731e-103	5.76881e-106	3.46329e-109	9.44311e-112	9.63001e-115	5.65526e-117	9.81641e-120	7.93554e-122	
Eleocharis_cylindrostachys	0	0	0	0	0	0	0	0	0	1	0	0	0	0	0	0	0	0	0	0	0	0	0	0	0	0	0	0	0	0	0	0	0	0	0	0	0	0	0	0	0	0	0	0	0	0	0	0	0	0	0	0	0	0	0	0	0	0	0	0	0	0	0	0	0	0	
N31	0.00108179	0.00621994	0.0370457	0.140533	0.290858	0.304241	0.163316	0.0477916	0.00803582	0.00082187	5.30231e-05	2.28397e-06	6.6848e-08	1.48313e-09	2.41825e-11	4.19071e-13	5.53104e-15	1.1436e-16	1.31519e-18	2.38596e-20	2.01832e-22	2.71395e-24	1.65906e-26	1.67697e-28	7.51213e-31	5.86908e-33	1.99992e-35	1.30299e-37	3.42928e-40	1.88497e-42	4.3819e-45	2.60889e-47	5.1627e-50	2.63143e-52	5.87583e-55	3.78076e-57	6.36158e-60	2.74375e-62	5.11244e-65	2.70858e-67	3.5316e-70	1.16625e-72	1.64062e-75	6.84012e-78	6.84842e-81	1.7639e-83	1.89097e-86	6.38137e-89	4.95023e-92	1.01842e-94	8.42701e-98	2.36911e-100	1.44237e-103	2.46922e-106	1.65115e-109	4.08933e-112	1.98507e-115	2.85233e-118	1.53404e-121	3.39475e-124	1.36569e-127	1.89543e-130	1.13188e-133	2.94536e-136	3.9161e-139	1.46134e-141	
Eleocharis_obtusa	0	0	0	0	1	0	0	0	0	0	0	0	0	0	0	0	0	0	0	0	0	0	0	0	0	0	0	0	0	0	0	0	0	0	0	0	0	0	0	0	0	0	0	0	0	0	0	0	0	0	0	0	0	0	0	0	0	0	0	0	0	0	0	0	0	0	
Eleocharis_engelmannii	0	0	0	0	1	0	0	0	0	0	0	0	0	0	0	0	0	0	0	0	0	0	0	0	0	0	0	0	0	0	0	0	0	0	0	0	0	0	0	0	0	0	0	0	0	0	0	0	0	0	0	0	0	0	0	0	0	0	0	0	0	0	0	0	0	0	
N32	0.154487	0.169377	0.165775	0.149834	0.120746	0.0909051	0.061012	0.0393042	0.0224341	0.0128932	0.00644765	0.00353045	0.00160154	0.000888683	0.000378076	0.000218748	8.62297e-05	4.87975e-05	1.76244e-05	9.6051e-06	3.05939e-06	1.50252e-06	4.33135e-07	2.05234e-07	5.13513e-08	2.13733e-08	4.96814e-09	2.09138e-09	4.19076e-10	1.50112e-10	2.89843e-11	1.08949e-11	1.76615e-12	5.31459e-13	8.38262e-14	2.67644e-14	3.48092e-15	8.68464e-16	1.12015e-16	3.02387e-17	3.13387e-18	6.34032e-19	6.49051e-20	1.4418e-20	1.19484e-21	2.02713e-22	1.72928e-23	3.33276e-24	2.22801e-25	3.08338e-26	2.08875e-27	3.33043e-28	1.81571e-29	2.19627e-30	1.30709e-31	1.89234e-32	8.55714e-34	8.46303e-35	4.00395e-36	4.7674e-37	1.82508e-38	1.68104e-39	8.5358e-41	1.13806e-41	1.05502e-42	2.91806e-43	
N33	0.0818398	0.0971834	0.109664	0.119166	0.119514	0.113511	0.0983864	0.0810474	0.0607937	0.0440679	0.0290919	0.019086	0.0113315	0.00694046	0.00378651	0.00222873	0.00112779	0.000641028	0.000300291	0.000163502	6.95812e-05	3.52477e-05	1.35288e-05	6.35005e-06	2.16493e-06	9.20175e-07	2.81798e-07	1.10668e-07	3.00472e-08	1.06095e-08	2.61422e-09	8.60918e-10	1.87697e-10	5.49561e-11	1.09445e-11	3.00487e-12	5.24949e-13	1.26247e-13	2.0204e-14	4.57405e-15	6.33416e-16	1.23285e-16	1.56406e-17	2.87664e-18	3.13549e-19	4.91904e-20	4.94831e-21	7.40304e-22	6.3468e-23	7.98901e-24	6.34676e-25	7.67493e-26	5.20766e-27	5.31247e-28	3.38785e-29	3.36211e-30	1.81949e-31	1.50185e-32	7.68395e-34	6.24653e-35	2.82134e-36	2.0509e-37	1.11641e-38	1.02868e-39	8.95441e-41	1.57704e-41	
N34	0.0603174	0.0730928	0.0856276	0.0979333	0.104813	0.107277	0.101438	0.0916484	0.0762654	0.0613394	0.0454487	0.0332435	0.0222782	0.0151908	0.00935059	0.00611919	0.00349865	0.00224823	0.00120522	0.000773968	0.000387715	0.000246591	0.000115747	7.30327e-05	3.18336e-05	1.94382e-05	7.98185e-06	4.79108e-06	1.82724e-06	1.03973e-06	3.77076e-07	2.10919e-07	7.04495e-08	3.64942e-08	1.16444e-08	5.97559e-09	1.72873e-09	8.03095e-10	2.2355e-10	1.04685e-10	2.58912e-11	1.06753e-11	2.56317e-12	1.08794e-12	2.28565e-13	8.36284e-14	1.73489e-14	6.69604e-15	1.19383e-15	3.8516e-16	6.86122e-17	2.37957e-17	3.62613e-18	1.03964e-18	1.61739e-19	5.07681e-20	6.64952e-21	1.673e-21	2.24701e-22	6.26393e-23	7.20743e-24	1.67134e-24	2.38114e-25	7.88723e-26	2.41663e-26	2.03327e-26	
N35	0.0059118	0.00817432	0.0118647	0.0175304	0.0247796	0.0338973	0.0434007	0.0533159	0.0611132	0.0679086	0.0715926	0.0749346	0.0751131	0.0750517	0.0706708	0.065708	0.0563328	0.0476552	0.0367553	0.0284245	0.0200466	0.0146517	0.00991473	0.00726415	0.00498146	0.00379545	0.0026683	0.00207353	0.00143226	0.00107958	0.000705183	0.000501329	0.000302406	0.000199132	0.000110489	6.7466e-05	3.4237e-05	1.92566e-05	8.9933e-06	4.70103e-06	2.01186e-06	9.69918e-07	3.83951e-07	1.72828e-07	6.2886e-08	2.6144e-08	8.84405e-09	3.44726e-09	1.07381e-09	3.8659e-10	1.12401e-10	3.80732e-11	1.0211e-11	3.19784e-12	8.04424e-13	2.38373e-13	5.56506e-14	1.53905e-14	3.46618e-15	9.46829e-16	2.18933e-16	6.39148e-17	1.83502e-17	6.77076e-18	2.89608e-18	2.05882e-18	
Actinoscirpus_grossus	0	0	0	0	0	0	0	0	0	0	0	0	0	0	0	0	0	0	0	0	0	0	0	0	0	0	0	0	0	0	0	0	0	0	0	0	0	0	0	0	1	0	0	0	0	0	0	0	0	0	0	0	0	0	0	0	0	0	0	0	0	0	0	0	0	0	
N36	6.6509e-08	2.87142e-07	1.44616e-06	6.4369e-06	2.26753e-05	7.57719e-05	0.000244608	0.000650527	0.00122105	0.00160721	0.00175308	0.00245726	0.00513131	0.0128844	0.0308927	0.0652515	0.11337	0.16206	0.183927	0.169118	0.122632	0.0725275	0.0342367	0.0135406	0.00444929	0.00133706	0.000392372	0.000132339	4.89872e-05	1.88134e-05	6.46428e-06	2.01825e-06	5.3045e-07	1.24783e-07	2.45712e-08	4.35164e-09	6.45746e-10	8.68329e-11	9.81729e-12	1.01473e-12	8.8474e-14	7.12223e-15	4.86003e-16	3.09623e-17	1.67804e-18	8.59119e-20	3.75992e-21	1.57418e-22	5.64821e-24	1.96314e-25	5.87331e-27	1.72436e-28	4.3686e-30	1.1004e-31	2.41259e-33	5.34363e-35	1.04578e-36	2.11061e-38	3.8994e-40	7.57579e-42	1.39866e-43	2.69303e-45	4.9952e-47	9.28965e-49	1.65493e-50	3.64414e-52	
N37	3.02805e-09	1.3225e-08	7.8553e-08	4.3398e-07	1.96534e-06	7.98936e-06	3.03433e-05	9.50491e-05	0.000210949	0.000310179	0.000360987	0.000531234	0.00125422	0.00400689	0.0133276	0.039352	0.0935718	0.169421	0.222795	0.209169	0.13994	0.0688083	0.0256293	0.00765283	0.00200825	0.000641852	0.000331503	0.000225183	0.000138405	8.58104e-05	4.21658e-05	2.66948e-05	1.14799e-05	7.42108e-06	2.61699e-06	1.39373e-06	3.69918e-07	1.4703e-07	2.86804e-08	8.37527e-09	1.19924e-09	2.5856e-10	2.74877e-11	4.44993e-12	3.56164e-13	4.40228e-14	2.70464e-15	2.61181e-16	1.25091e-17	9.58773e-19	3.65344e-20	2.27996e-21	6.98488e-23	3.58088e-24	9.04084e-26	3.96062e-27	8.23146e-29	3.0564e-30	5.51174e-32	1.92425e-33	2.93492e-35	9.29081e-37	1.83471e-38	9.84461e-40	5.18868e-41	4.8144e-42	
Schoenoplectus_lacustris	0	0	0	0	0	0	0	0	0	0	0	0	0	0	0	0	0	0	0	0	1	0	0	0	0	0	0	0	0	0	0	0	0	0	0	0	0	0	0	0	0	0	0	0	0	0	0	0	0	0	0	0	0	0	0	0	0	0	0	0	0	0	0	0	0	0	
Schoenoplectus_pungens	0	0	0	0	0	0	0	0	0	0	0	0	0	0	0	0	0	0	0	0	0	0	0	0	0	0	0	0	0	0	0	0	0	0	0	0	0	0	1	0	0	0	0	0	0	0	0	0	0	0	0	0	0	0	0	0	0	0	0	0	0	0	0	0	0	0	
N38	1.90703e-18	2.10171e-16	1.53918e-14	1.16175e-12	4.48431e-11	1.06826e-11	9.55181e-11	6.70802e-09	3.11128e-07	5.91235e-06	5.86019e-06	3.94434e-07	1.19498e-08	9.90729e-10	2.95191e-08	2.02949e-06	9.33613e-05	0.00260465	0.0390138	0.259539	0.5333	0.151419	0.0134649	0.000539958	1.17193e-05	1.57772e-07	1.40606e-09	9.20313e-12	4.48088e-14	1.85827e-16	6.18804e-19	1.97634e-21	5.07271e-24	1.28938e-26	2.53648e-29	4.93439e-32	7.3283e-35	1.08235e-37	1.2255e-40	1.3957e-43	1.22684e-46	1.09949e-49	7.64415e-53	5.50084e-56	3.07437e-59	1.80845e-62	8.24972e-66	4.03751e-69	1.52301e-72	6.29789e-76	1.99292e-79	7.09206e-83	1.90715e-86	5.93312e-90	1.3841e-93	3.86709e-97	7.99745e-101	2.05639e-104	4.01624e-108	1.03654e-111	2.23812e-115	6.74125e-119	2.00099e-122	7.04289e-126	2.35652e-129	8.11235e-133	
Schoenoplectus_validus	0	0	0	0	0	0	0	0	0	0	0	0	0	0	0	0	0	0	0	0	1	0	0	0	0	0	0	0	0	0	0	0	0	0	0	0	0	0	0	0	0	0	0	0	0	0	0	0	0	0	0	0	0	0	0	0	0	0	0	0	0	0	0	0	0	0	
N39	1.01852e-24	5.32257e-22	1.56899e-19	3.75325e-17	3.72353e-15	1.21268e-15	3.16069e-14	8.44281e-12	1.19764e-09	5.0463e-08	4.44744e-08	9.98483e-10	8.0567e-12	2.46365e-13	1.69927e-11	6.60311e-09	1.54541e-06	0.0001879	0.010103	0.184865	0.689884	0.111242	0.00367494	4.15998e-05	2.09789e-07	5.54084e-10	8.53208e-13	8.43687e-16	5.88248e-19	1.51575e-21	3.17636e-24	5.13446e-26	7.99976e-29	8.62337e-31	8.76078e-34	6.36087e-36	4.24645e-39	2.11537e-41	9.21788e-45	3.13723e-47	8.74068e-51	1.94968e-53	3.44173e-57	4.60199e-60	5.67044e-64	4.90916e-67	4.46004e-71	2.71858e-74	1.87693e-78	8.56777e-82	4.58303e-86	1.64959e-89	6.93927e-94	2.03968e-97	6.83917e-102	1.72101e-105	4.66752e-110	1.05593e-113	3.50467e-118	2.86666e-121	8.22955e-126	6.17751e-129	2.89894e-132	6.02018e-135	9.04067e-138	1.27087e-140	
Schoenoplectus_triqueter	0	0	0	0	0	0	0	0	0	0	0	0	0	0	0	0	0	0	0	0	1	0	0	0	0	0	0	0	0	0	0	0	0	0	0	0	0	0	0	0	0	0	0	0	0	0	0	0	0	0	0	0	0	0	0	0	0	0	0	0	0	0	0	0	0	0	
Schoenoplectus_tabernaemontani	0	0	0	0	0	0	0	0	0	0	0	0	0	0	0	0	0	0	0	0	1	0	0	0	0	0	0	0	0	0	0	0	0	0	0	0	0	0	0	0	0	0	0	0	0	0	0	0	0	0	0	0	0	0	0	0	0	0	0	0	0	0	0	0	0	0	
N40	0.00293691	0.00458547	0.00784872	0.0135644	0.0219145	0.0333827	0.0466357	0.061438	0.0749968	0.0876583	0.0960499	0.101182	0.0991053	0.0921769	0.0783959	0.0626355	0.0452477	0.0306393	0.0186742	0.0107141	0.00552368	0.00270306	0.00118978	0.000502974	0.00019163	7.11592e-05	2.39296e-05	7.97777e-06	2.41871e-06	7.38414e-07	2.05432e-07	5.80979e-08	1.4866e-08	3.87095e-09	9.02204e-10	2.13496e-10	4.46121e-11	9.44949e-12	1.75355e-12	3.30379e-13	5.40892e-14	9.01964e-15	1.30415e-15	1.93068e-16	2.4653e-17	3.23936e-18	3.67328e-19	4.31234e-20	4.3483e-21	4.56218e-22	4.12027e-23	3.89536e-24	3.1566e-25	2.69179e-26	1.97928e-27	1.54444e-28	1.04358e-29	7.57965e-31	4.92285e-32	3.51404e-33	2.35415e-34	1.74852e-35	1.2759e-36	9.92564e-38	7.82078e-39	9.51947e-40	
N41	0.000520707	0.00092625	0.0019225	0.00409415	0.0081688	0.0151884	0.0257276	0.0406532	0.0595252	0.0820956	0.104296	0.122207	0.128527	0.121943	0.102113	0.076424	0.050124	0.0293606	0.0150361	0.00691085	0.00277604	0.00101122	0.000322209	9.4729e-05	2.43736e-05	5.93813e-06	1.26496e-06	2.64014e-07	4.78517e-08	8.80713e-09	1.38795e-09	2.28531e-10	3.15289e-11	4.6223e-12	5.57464e-13	7.21737e-14	7.57157e-15	8.58998e-16	7.84564e-17	7.81121e-18	6.21576e-19	5.43516e-20	3.79334e-21	2.93831e-22	1.80366e-23	1.24097e-24	6.76313e-26	4.18397e-27	2.0289e-28	1.13006e-29	4.93634e-31	2.51623e-32	9.90522e-34	4.61006e-35	1.66288e-36	7.2237e-38	2.38256e-39	9.60118e-41	2.99854e-42	1.18151e-43	3.73757e-45	1.57341e-46	6.30968e-48	3.23492e-49	1.65631e-50	1.2942e-51	
Schoenoplectiella_articulata	0	0	0	0	0	0	0	0	0	0	0	0	0	0	1	0	0	0	0	0	0	0	0	0	0	0	0	0	0	0	0	0	0	0	0	0	0	0	0	0	0	0	0	0	0	0	0	0	0	0	0	0	0	0	0	0	0	0	0	0	0	0	0	0	0	0	
Schoenoplectiella_senegalensis	0	0	0	0	0	0	0	0	0	0	0	0	0	1	0	0	0	0	0	0	0	0	0	0	0	0	0	0	0	0	0	0	0	0	0	0	0	0	0	0	0	0	0	0	0	0	0	0	0	0	0	0	0	0	0	0	0	0	0	0	0	0	0	0	0	0	
N42	9.20713e-12	1.94735e-10	3.73125e-09	4.90845e-08	3.15682e-07	2.65426e-06	2.39194e-05	0.000126179	0.000240562	0.000200432	0.000206135	0.000485136	0.00223479	0.0116178	0.0477742	0.136449	0.240121	0.259821	0.171542	0.078227	0.0275378	0.00982576	0.00408246	0.00218249	0.00137446	0.00127827	0.00137751	0.00139175	0.00100366	0.000570928	0.00021936	6.67619e-05	1.3671e-05	2.26349e-06	2.54867e-07	2.38447e-08	1.53892e-09	8.50584e-11	3.31101e-12	1.14023e-13	2.81142e-15	6.32846e-17	1.04054e-18	1.61126e-20	1.84223e-22	2.03909e-24	1.69302e-26	1.39769e-28	8.68579e-31	5.48584e-33	2.64287e-35	1.32197e-37	5.03283e-40	2.02085e-42	6.26231e-45	2.08126e-47	5.32738e-50	1.48451e-52	3.29825e-55	8.20452e-58	1.71887e-60	4.1533e-63	9.37213e-66	2.33548e-68	5.51254e-71	1.42072e-73	
N43	4.74157e-12	5.83736e-11	9.26906e-10	1.1927e-08	1.13152e-07	8.95546e-07	5.83769e-06	2.52606e-05	5.89445e-05	8.30993e-05	0.000131523	0.000340758	0.00115513	0.00465149	0.0206181	0.0758268	0.186256	0.276413	0.239264	0.125808	0.0445797	0.0127944	0.00369293	0.00131389	0.000756664	0.000932778	0.00128001	0.00147149	0.00118826	0.000791456	0.000344524	0.000155415	3.83456e-05	1.64268e-05	2.57719e-06	1.06702e-06	1.09649e-07	3.29797e-08	2.21726e-09	4.52544e-10	2.079e-11	3.04409e-12	1.04918e-13	1.24736e-14	3.65615e-16	3.93703e-17	1.07367e-18	1.06927e-19	2.5522e-21	2.13633e-22	4.24383e-24	2.88969e-25	4.51616e-27	2.40112e-28	3.03517e-30	1.3106e-31	1.29773e-33	4.37065e-35	3.59224e-37	1.03752e-38	6.66185e-41	1.49101e-42	8.57309e-45	2.02649e-46	1.71984e-48	9.81028e-50	
Schoenoplectiella_juncoides	0	0	0	0	0	0	0	0	0	0	0	0	0	0	0	0	0	0	0	0	0	0	0	0	0	0	0	0	0	0	0	0	0	0	0	0	1	0	0	0	0	0	0	0	0	0	0	0	0	0	0	0	0	0	0	0	0	0	0	0	0	0	0	0	0	0	
Schoenoplectiella_hotarui	0	0	0	0	0	0	0	0	0	0	0	0	0	0	0	0	0	0	0	0	0	1	0	0	0	0	0	0	0	0	0	0	0	0	0	0	0	0	0	0	0	0	0	0	0	0	0	0	0	0	0	0	0	0	0	0	0	0	0	0	0	0	0	0	0	0	
N44	4.7842e-14	1.28737e-12	3.97553e-11	8.45829e-10	1.05591e-08	1.69297e-07	2.10232e-06	1.20364e-05	1.76895e-05	2.24543e-05	5.26129e-05	0.000175568	0.000913668	0.00666449	0.0431644	0.164135	0.296456	0.258071	0.129419	0.0497008	0.0205814	0.00974268	0.00482249	0.00321915	0.00279875	0.00254139	0.00223825	0.00215055	0.00147543	0.00102731	0.000369969	0.000178301	3.3627e-05	1.15852e-05	1.19835e-06	2.56112e-07	1.46813e-08	1.80276e-09	5.94468e-11	4.31366e-12	8.60826e-14	3.88737e-15	4.96377e-17	1.48536e-18	1.27374e-20	2.65528e-22	1.6047e-24	2.48523e-26	1.12354e-28	1.39109e-30	5.25947e-33	5.96347e-35	2.10506e-37	2.2373e-39	7.70337e-42	7.70142e-44	2.19137e-46	1.7482e-48	4.47256e-51	3.39785e-53	6.34904e-56	3.62476e-58	7.58548e-61	6.32721e-63	3.57933e-65	5.10308e-67	
Schoenoplectiella_mucronata	0	0	0	0	0	0	0	0	0	0	0	0	0	0	0	0	0	0	0	0	1	0	0	0	0	0	0	0	0	0	0	0	0	0	0	0	0	0	0	0	0	0	0	0	0	0	0	0	0	0	0	0	0	0	0	0	0	0	0	0	0	0	0	0	0	0	
N45	1.98949e-14	4.31952e-13	1.16539e-11	2.3545e-10	3.54489e-09	4.53097e-08	3.82179e-07	1.60871e-06	4.07694e-06	8.06189e-06	1.92167e-05	9.69737e-05	0.000817931	0.00655685	0.0345805	0.101191	0.154855	0.123438	0.0568082	0.0242829	0.0160276	0.0107382	0.00537732	0.00230974	0.00173236	0.00241442	0.00319177	0.00446384	0.00531244	0.0210468	0.0235217	0.0963325	0.0601265	0.13478	0.0438356	0.0512838	0.00873377	0.00542094	0.000503766	0.00017388	9.38504e-06	1.90862e-06	6.37689e-08	8.0969e-09	1.76853e-10	1.47911e-11	2.21113e-13	1.28512e-14	1.3684e-16	5.8275e-18	4.62177e-20	1.54784e-21	9.63455e-24	2.68332e-25	1.45759e-27	4.21443e-29	1.92426e-31	4.90654e-33	3.30023e-35	1.80031e-36	6.01729e-39	1.74087e-40	1.80668e-42	1.22324e-43	3.92952e-45	3.09366e-46	
Schoenoplectiella_lineolata	0	0	0	0	0	0	0	0	0	0	0	0	0	0	0	0	0	0	0	0	0	0	0	0	0	0	0	0	0	1	0	0	0	0	0	0	0	0	0	0	0	0	0	0	0	0	0	0	0	0	0	0	0	0	0	0	0	0	0	0	0	0	0	0	0	0	
Schoenoplectiella_wallichii	0	0	0	0	0	0	0	0	0	0	0	0	0	0	0	0	0	0	0	0	0	0	0	0	0	0	0	0	0	0	0	0	0	0	0	1	0	0	0	0	0	0	0	0	0	0	0	0	0	0	0	0	0	0	0	0	0	0	0	0	0	0	0	0	0	0	
N46	0.0726684	0.0863445	0.0980703	0.108188	0.11144	0.109612	0.0994219	0.0860905	0.0684365	0.0526356	0.0370914	0.0260065	0.0165536	0.0109687	0.0064321	0.00421325	0.00229741	0.00154082	0.000783027	0.0005538	0.000258516	0.000190097	8.18264e-05	6.27584e-05	2.45036e-05	1.84639e-05	6.72694e-06	5.09957e-06	1.67852e-06	1.17515e-06	3.6817e-07	2.59649e-07	7.23463e-08	4.50062e-08	1.22239e-08	7.98436e-09	1.877e-09	1.0335e-09	2.4529e-10	1.52044e-10	2.98819e-11	1.45702e-11	3.01147e-12	1.79193e-12	2.93911e-13	1.28479e-13	2.34442e-14	1.36126e-14	1.86901e-15	7.26201e-16	1.15333e-16	6.33536e-17	7.42081e-18	2.6119e-18	3.72857e-19	1.94084e-19	1.9549e-20	6.03566e-21	7.43191e-22	3.4804e-22	3.08602e-23	8.82281e-24	1.08643e-24	5.56225e-25	1.44848e-25	1.86697e-25	
N47	0.014912	0.0192814	0.0252711	0.0333969	0.0423697	0.0523862	0.0611753	0.0692351	0.0738311	0.0765501	0.0750403	0.0722851	0.0662645	0.0604604	0.052614	0.0459409	0.0379758	0.0316302	0.0246513	0.0194746	0.0142004	0.010591	0.00720244	0.00506473	0.00319996	0.00211118	0.00123664	0.000763515	0.000412566	0.000236828	0.000117992	6.29964e-05	2.88386e-05	1.4256e-05	6.0168e-06	2.76764e-06	1.07464e-06	4.58176e-07	1.64701e-07	6.561e-08	2.17693e-08	8.05454e-09	2.48669e-09	8.633e-10	2.46739e-10	7.96618e-11	2.12761e-11	6.46646e-12	1.60095e-12	4.5237e-13	1.04965e-13	2.79884e-14	6.02548e-15	1.49415e-15	3.02596e-16	7.1138e-17	1.34471e-17	2.9686e-18	5.43429e-19	1.18793e-19	2.24262e-20	5.21846e-21	1.18722e-21	3.31434e-22	1.05902e-22	6.06584e-23	
Schoenoplectus_litoralis	0	0	0	0	0	0	0	0	0	0	0	0	0	0	0	0	0	0	0	1	0	0	0	0	0	0	0	0	0	0	0	0	0	0	0	0	0	0	0	0	0	0	0	0	0	0	0	0	0	0	0	0	0	0	0	0	0	0	0	0	0	0	0	0	0	0	
N48	1.60601e-13	3.87986e-12	1.06965e-10	1.37369e-09	2.38653e-08	2.80966e-07	3.73269e-07	1.41058e-06	1.09987e-05	6.96557e-05	0.000253059	0.000462278	0.000378683	0.000244659	0.000141994	0.000165553	0.000345483	0.000759701	0.00285415	0.0167611	0.0747224	0.208883	0.318041	0.250938	0.098892	0.0226322	0.00313276	0.000290631	1.75577e-05	7.55949e-07	2.24285e-08	5.19286e-10	1.32685e-11	1.5196e-12	2.98516e-13	5.1615e-14	6.76793e-15	7.4178e-16	6.17135e-17	4.32126e-18	2.2848e-19	1.01521e-20	3.36877e-22	9.311e-24	1.88537e-25	3.14e-27	3.7787e-29	3.74318e-31	2.70162e-33	1.65265e-35	7.61035e-38	3.08722e-40	9.71338e-43	2.78591e-45	6.44025e-48	2.20205e-50	1.22534e-51	2.93273e-52	9.98316e-53	3.2783e-53	6.11264e-54	6.96208e-55	6.05427e-56	5.06374e-57	4.16001e-58	3.6954e-59	
Bolboschoenus_maritimus	0	0	0	0	0	0	0	0	0	0	0	0	0	0	0	0	0	0	0	1	0	0	0	0	0	0	0	0	0	0	0	0	0	0	0	0	0	0	0	0	0	0	0	0	0	0	0	0	0	0	0	0	0	0	0	0	0	0	0	0	0	0	0	0	0	0	
N49	8.34648e-14	1.68486e-12	3.91078e-11	6.49439e-10	8.33498e-09	5.80249e-08	2.01456e-07	9.62259e-07	6.98306e-06	4.77544e-05	0.000173395	0.000268458	0.00023277	0.000182006	0.000116598	0.000154287	0.000335758	0.000640352	0.00176124	0.0104103	0.0549839	0.183282	0.324394	0.278313	0.114241	0.0264116	0.00364343	0.000374991	2.05505e-05	5.05807e-06	9.49313e-08	1.19451e-07	2.52095e-09	3.60442e-08	5.58211e-09	8.79716e-08	8.72859e-09	8.70349e-08	5.51381e-09	3.46829e-08	1.38261e-09	5.24339e-09	1.3092e-10	2.92105e-10	4.36115e-12	5.30999e-12	4.56204e-14	2.97646e-14	1.45184e-16	5.15044e-17	1.54931e-19	3.36402e-20	6.71596e-23	9.30639e-24	1.34302e-26	1.40338e-27	1.44988e-30	9.8586e-32	1.10553e-34	1.84841e-35	8.84016e-39	2.81455e-40	1.15221e-42	3.4339e-43	1.39709e-45	4.52475e-46	
Bolboschoenus_fluviatilis	0	0	0	0	0	0	0	0	0	0	0	0	0	0	0	0	0	0	0	0	0	0	0	0	0	0	0	0	0	0	0	0	0	0	0	0	0	0	0	0	0	0	0	0	0	0	1	0	0	0	0	0	0	0	0	0	0	0	0	0	0	0	0	0	0	0	
Bolboschoenus_planiculmis	0	0	0	0	0	0	0	0	0	0	0	0	0	0	0	0	0	0	0	0	0	0	0	0	0	0	0	1	0	0	0	0	0	0	0	0	0	0	0	0	0	0	0	0	0	0	0	0	0	0	0	0	0	0	0	0	0	0	0	0	0	0	0	0	0	0	
N50	4.21177e-06	1.34486e-05	5.0015e-05	0.000169305	0.000486419	0.0012423	0.00277737	0.00555059	0.00965172	0.015278	0.022412	0.031834	0.0419628	0.052209	0.061519	0.0745701	0.0912314	0.11055	0.120284	0.116973	0.0959073	0.0686225	0.0409241	0.0213543	0.00928544	0.00356471	0.00114434	0.000328028	7.89114e-05	1.71561e-05	3.14534e-06	5.27613e-07	7.49095e-08	9.84681e-09	1.10085e-09	1.15271e-10	1.02977e-11	8.70914e-13	6.31286e-14	4.37724e-15	2.60734e-16	1.49976e-17	7.44219e-19	3.59912e-20	1.50367e-21	6.17274e-23	2.1976e-24	7.74958e-26	2.37127e-27	7.23802e-29	1.92497e-30	5.14528e-32	1.19976e-33	2.83312e-35	5.88758e-37	1.2527e-38	2.37615e-40	4.68884e-42	8.53042e-44	1.64389e-45	3.03258e-47	5.90575e-49	1.12219e-50	2.17327e-52	4.11151e-54	1.00137e-55	
Fuirena_umbellata	0	0	0	0	0	0	0	0	0	0	0	0	0	0	0	0	0	0	0	0	0	0	0	0	0	1	0	0	0	0	0	0	0	0	0	0	0	0	0	0	0	0	0	0	0	0	0	0	0	0	0	0	0	0	0	0	0	0	0	0	0	0	0	0	0	0	
N51	1.38956e-07	5.80354e-07	3.11306e-06	1.54535e-05	6.31238e-05	0.000225165	0.000748937	0.0021923	0.00519547	0.00955587	0.0135383	0.0169544	0.0236799	0.0392176	0.0653235	0.100137	0.135006	0.158329	0.155184	0.12549	0.0813941	0.0424312	0.0175486	0.00582547	0.00154227	0.000331117	5.7344e-05	8.18133e-06	9.53436e-07	9.33926e-08	7.55602e-09	5.29298e-10	3.08481e-11	1.65113e-12	7.36059e-14	3.44722e-15	1.31039e-16	6.3957e-18	2.26788e-19	1.14641e-20	3.64905e-22	1.6693e-23	4.54302e-25	1.77188e-26	4.0617e-28	1.33541e-29	2.59144e-31	7.2389e-33	1.19475e-34	2.8515e-36	4.03835e-38	8.3235e-40	1.01592e-41	1.8166e-43	1.92657e-45	3.02031e-47	2.791e-49	3.84585e-51	3.12242e-53	3.82921e-55	2.74506e-57	3.03862e-59	2.12346e-61	2.63304e-63	3.23569e-65	7.81773e-67	
Fuirena_simplex	0	0	0	0	0	0	0	0	0	0	0	0	0	0	1	0	0	0	0	0	0	0	0	0	0	0	0	0	0	0	0	0	0	0	0	0	0	0	0	0	0	0	0	0	0	0	0	0	0	0	0	0	0	0	0	0	0	0	0	0	0	0	0	0	0	0	
N52	9.26059e-11	8.82269e-10	1.04788e-08	1.04347e-07	7.54539e-07	3.75569e-06	1.90732e-05	0.000107426	0.000435214	0.00105776	0.00161786	0.00206612	0.0024221	0.00260342	0.0044768	0.0147271	0.0469161	0.113337	0.195134	0.238118	0.198851	0.116318	0.0456783	0.0130847	0.00255428	0.000416676	4.77736e-05	5.53574e-06	4.36746e-07	3.87621e-08	2.18072e-09	1.42365e-10	5.72647e-12	2.72667e-13	8.0394e-15	2.86103e-16	6.35207e-18	1.73148e-19	2.97034e-21	6.36414e-23	8.57082e-25	1.46677e-26	1.58112e-28	2.21695e-30	1.92827e-32	2.23721e-34	1.60807e-36	1.60568e-38	9.56168e-41	8.21839e-43	4.25412e-45	3.40981e-47	1.51991e-49	1.09113e-51	4.59679e-54	3.35154e-56	1.24191e-58	7.92474e-61	2.90569e-63	1.90236e-65	6.15045e-68	3.58491e-70	1.51732e-72	1.1819e-74	8.23802e-77	8.12871e-79	
Fuirena_ciliaris	0	0	0	0	0	0	0	0	0	0	0	0	0	0	0	0	0	0	1	0	0	0	0	0	0	0	0	0	0	0	0	0	0	0	0	0	0	0	0	0	0	0	0	0	0	0	0	0	0	0	0	0	0	0	0	0	0	0	0	0	0	0	0	0	0	0	
N53	5.19936e-18	3.86882e-16	2.61175e-14	1.10533e-12	4.36755e-11	2.90207e-10	2.07028e-10	4.39799e-09	1.52455e-07	3.51544e-06	3.60731e-05	4.43983e-05	7.17348e-06	5.21105e-07	3.41665e-08	8.61235e-08	3.20136e-06	9.52969e-05	0.00181598	0.0206554	0.127019	0.365001	0.379503	0.0963594	0.00899858	0.000444283	1.30441e-05	3.77522e-07	7.44721e-09	1.83121e-10	2.41859e-12	3.83853e-14	3.18782e-16	3.22378e-18	1.76455e-20	1.20107e-22	4.54036e-25	2.18166e-27	5.90643e-30	2.08343e-32	4.15296e-35	1.11051e-37	1.66816e-40	3.48356e-43	4.01769e-46	6.71795e-49	6.06571e-52	8.37198e-55	6.00899e-58	7.00598e-61	4.15554e-64	4.4147e-67	2.23317e-70	2.22656e-73	1.14078e-76	1.31813e-79	6.34922e-83	6.68916e-86	3.61863e-89	4.1587e-92	1.86293e-95	1.79055e-98	1.19019e-101	1.57461e-104	1.75732e-107	2.4808e-110	
Fuirena_breviseta	0	0	0	0	0	0	0	0	0	0	0	0	0	0	0	0	0	0	0	0	0	0	1	0	0	0	0	0	0	0	0	0	0	0	0	0	0	0	0	0	0	0	0	0	0	0	0	0	0	0	0	0	0	0	0	0	0	0	0	0	0	0	0	0	0	0	
N54	4.76744e-30	1.0074e-26	1.44338e-23	7.05653e-22	9.10968e-19	1.67588e-16	2.7827e-18	5.48217e-17	5.81811e-14	3.24123e-11	6.6362e-09	5.86735e-09	2.98492e-11	6.47572e-14	1.4133e-16	7.91183e-18	9.80618e-15	1.41558e-11	1.18517e-08	5.17099e-06	0.00100939	0.0682075	0.90171	0.028884	0.000183828	4.15886e-07	4.34714e-10	2.46682e-13	8.42964e-17	2.0069e-20	3.74966e-24	2.23636e-27	9.98974e-31	1.45109e-33	5.05391e-37	4.79127e-40	1.14178e-43	7.08499e-47	1.17018e-50	4.87891e-54	5.6119e-58	1.59605e-61	1.27609e-65	2.48593e-69	1.37368e-73	1.82609e-77	6.97725e-82	6.3846e-86	1.71398e-90	1.14545e-94	2.21217e-99	1.15365e-103	1.64383e-108	7.00356e-113	7.54514e-118	2.73407e-122	2.29077e-127	7.16171e-132	4.83504e-137	1.4065e-141	8.89284e-147	4.36078e-151	4.28797e-155	6.71587e-159	8.50663e-163	8.76998e-167	
Fuirena_pumila	0	0	0	0	0	0	0	0	0	0	0	0	0	0	0	0	0	0	0	0	0	0	1	0	0	0	0	0	0	0	0	0	0	0	0	0	0	0	0	0	0	0	0	0	0	0	0	0	0	0	0	0	0	0	0	0	0	0	0	0	0	0	0	0	0	0	
Fuirena_scirpoidea	0	0	0	0	0	0	0	0	0	0	0	0	0	0	0	0	0	0	0	0	0	0	1	0	0	0	0	0	0	0	0	0	0	0	0	0	0	0	0	0	0	0	0	0	0	0	0	0	0	0	0	0	0	0	0	0	0	0	0	0	0	0	0	0	0	0	
N55	0.0110051	0.0158126	0.023911	0.0360742	0.0506783	0.0671514	0.0813098	0.0927854	0.0970862	0.0969998	0.0898564	0.0808936	0.0678417	0.0558531	0.0425539	0.0320052	0.0219831	0.015008	0.00922284	0.00568353	0.00309426	0.00170376	0.000814571	0.00039744	0.000165118	7.05934e-05	2.5385e-05	9.49226e-06	2.94326e-06	9.59158e-07	2.58265e-07	7.41424e-08	1.74408e-08	4.43967e-09	9.32134e-10	2.16119e-10	4.1246e-11	8.85917e-12	1.58797e-12	3.26318e-13	5.54195e-14	1.08469e-14	1.75827e-15	3.28842e-16	4.9654e-17	8.60325e-18	1.20536e-18	1.94051e-19	2.464e-20	3.58843e-21	4.16219e-22	5.56945e-23	5.79707e-24	6.96566e-25	6.60992e-26	7.30256e-27	6.23106e-28	6.21886e-29	4.96346e-30	4.73708e-31	3.74258e-32	3.64252e-33	3.34957e-34	3.68324e-35	4.14291e-36	7.88187e-37	
N56	0.00336311	0.00504218	0.0082211	0.0136726	0.0215392	0.0322914	0.0446529	0.0581761	0.0696993	0.0793234	0.084222	0.0869936	0.0849625	0.0817956	0.0737816	0.0655554	0.0533481	0.0429804	0.0310345	0.022655	0.0144698	0.00966718	0.00550021	0.003414	0.00173912	0.0010052	0.000461223	0.000248301	0.000102332	5.0643e-05	1.88638e-05	8.61559e-06	2.89487e-06	1.21048e-06	3.72442e-07	1.45255e-07	4.07889e-08	1.46792e-08	3.82482e-09	1.29994e-09	3.09046e-10	9.65236e-11	2.13094e-11	6.31229e-12	1.25826e-12	3.38903e-13	6.28394e-14	1.6182e-14	2.68524e-15	6.21996e-16	9.67423e-17	2.1664e-17	3.00367e-18	5.99936e-19	7.88498e-20	1.53774e-20	1.79366e-21	3.08521e-22	3.44972e-23	5.87316e-24	6.03915e-25	9.68509e-26	1.22703e-26	2.58249e-27	5.67867e-28	2.54826e-28	
N57	9.10396e-06	1.91433e-05	4.83644e-05	0.000122946	0.000285929	0.000625088	0.00127977	0.00242567	0.00398346	0.0056852	0.00728136	0.00962686	0.0142432	0.023744	0.0403404	0.0662397	0.098058	0.12987	0.147038	0.144128	0.118001	0.0833981	0.0495808	0.0262601	0.0122609	0.00565725	0.00276978	0.00175133	0.00132483	0.00112889	0.000903024	0.000708507	0.000488587	0.000326123	0.00018888	0.000106221	5.14089e-05	2.42533e-05	9.79743e-06	3.8746e-06	1.30486e-06	4.32194e-07	1.21645e-07	3.38709e-08	7.98563e-09	1.87448e-09	3.72576e-10	7.43031e-11	1.25117e-11	2.13058e-12	3.06791e-13	4.50838e-14	5.58791e-15	7.13241e-16	7.71533e-17	8.69898e-18	8.35754e-19	8.51503e-20	7.63513e-21	7.46725e-22	6.78397e-23	6.80922e-24	6.65917e-25	6.90366e-26	7.26885e-27	1.19838e-27	
Scirpoides_holoschoenus	0	0	0	0	0	0	0	0	0	0	0	0	0	0	0	0	0	0	0	0	1	0	0	0	0	0	0	0	0	0	0	0	0	0	0	0	0	0	0	0	0	0	0	0	0	0	0	0	0	0	0	0	0	0	0	0	0	0	0	0	0	0	0	0	0	0	
Scirpoides_holoschoenus_subsp_thunbergii	0	0	0	0	0	0	0	0	0	0	0	0	0	0	0	0	0	0	0	0	0	0	0	0	0	0	0	0	0	0	0	0	0	0	0	0	0	0	0	0	0	1	0	0	0	0	0	0	0	0	0	0	0	0	0	0	0	0	0	0	0	0	0	0	0	0	
N58	2.71817e-07	1.21022e-06	6.15635e-06	2.77305e-05	0.000100679	0.000300478	0.000819471	0.00215185	0.0048875	0.00915825	0.013787	0.0180574	0.0223014	0.0290858	0.0404818	0.0599147	0.086044	0.116437	0.137552	0.143359	0.123811	0.0917619	0.0547309	0.0279465	0.0114459	0.00414569	0.00123695	0.000344146	8.08296e-05	1.83377e-05	3.52574e-06	6.73122e-07	1.11812e-07	2.00026e-08	3.41601e-09	6.88704e-10	1.33176e-10	2.88124e-11	5.44482e-12	1.07089e-12	1.72162e-13	2.78391e-14	3.57339e-15	4.56937e-16	4.55341e-17	4.52538e-18	3.49308e-19	2.71119e-20	1.6211e-21	9.83686e-23	4.61609e-24	2.22589e-25	8.2429e-27	3.17039e-28	9.44216e-30	2.96215e-31	7.16817e-33	1.85483e-34	3.81789e-36	8.65938e-38	1.65103e-39	3.58486e-41	7.23385e-43	1.59133e-44	3.29899e-46	8.61394e-48	
N59	8.55238e-07	2.35436e-06	8.39814e-06	2.99008e-05	9.70824e-05	0.000283693	0.000740868	0.00171735	0.00346952	0.00609689	0.00945901	0.0135211	0.0186986	0.0262648	0.0380057	0.0559725	0.0802296	0.107728	0.130067	0.138669	0.127618	0.101281	0.0682503	0.0395508	0.0193659	0.0083226	0.00302821	0.00104758	0.000308573	0.000109929	3.18373e-05	1.48605e-05	4.44157e-06	2.21765e-06	6.02764e-07	2.67585e-07	6.24242e-08	2.35102e-08	4.65048e-09	1.47777e-09	2.46418e-10	6.59635e-11	9.28061e-12	2.10572e-12	2.49485e-13	4.80659e-14	4.81702e-15	7.97708e-16	6.75925e-17	9.64401e-18	6.98277e-19	8.78971e-20	5.43222e-21	6.0125e-22	3.26279e-23	3.37653e-24	1.5899e-25	1.48734e-26	6.68176e-28	6.83234e-29	2.75965e-30	2.70913e-31	1.80815e-32	3.35322e-33	5.89829e-34	2.02439e-34	
Cyperus_fuscus	0	0	0	0	0	0	0	0	0	0	0	0	0	0	0	0	0	0	0	0	0	0	0	1	0	0	0	0	0	0	0	0	0	0	0	0	0	0	0	0	0	0	0	0	0	0	0	0	0	0	0	0	0	0	0	0	0	0	0	0	0	0	0	0	0	0	
Cyperus_eragrostis	0	0	0	0	0	0	0	0	0	0	0	0	0	0	0	0	0	0	0	0	1	0	0	0	0	0	0	0	0	0	0	0	0	0	0	0	0	0	0	0	0	0	0	0	0	0	0	0	0	0	0	0	0	0	0	0	0	0	0	0	0	0	0	0	0	0	
N60	2.74478e-08	1.33806e-07	8.31678e-07	4.79855e-06	2.31568e-05	8.31384e-05	0.000255316	0.00081246	0.00244424	0.00622955	0.0122125	0.0176274	0.0206329	0.02426	0.0314904	0.0459736	0.0700533	0.102541	0.134166	0.152786	0.145043	0.11289	0.0686438	0.0332133	0.0126307	0.00424259	0.00123433	0.000372073	9.33019e-05	2.88271e-05	6.43599e-06	2.63827e-06	6.8762e-07	4.75865e-07	1.73532e-07	1.66103e-07	6.91727e-08	7.03155e-08	2.85732e-08	2.66106e-08	9.301e-09	7.15464e-09	2.01849e-09	1.23543e-09	2.71582e-10	1.28756e-10	2.19599e-11	8.12361e-12	1.06059e-12	3.01052e-13	3.05283e-14	6.86341e-15	5.31588e-16	9.18447e-17	5.65332e-18	8.15107e-19	3.80812e-20	4.20024e-21	1.66045e-22	1.75662e-23	5.10015e-25	3.99219e-26	1.28676e-27	1.55664e-28	1.39711e-29	3.74671e-30	
N61	1.39545e-13	3.05785e-12	8.23991e-11	1.49247e-09	2.06132e-08	2.88103e-07	2.3641e-06	6.23066e-06	5.13772e-06	9.60961e-06	9.92357e-05	0.00142852	0.0142214	0.0813475	0.241896	0.346436	0.22893	0.072608	0.0118667	0.00108174	5.87453e-05	2.01795e-06	4.5857e-08	7.19436e-10	8.02614e-12	6.5781e-14	4.03738e-16	1.90961e-18	7.10193e-21	3.09009e-23	1.2732e-24	1.33064e-25	1.32952e-26	1.3143e-27	1.24889e-28	1.23623e-29	1.18438e-30	1.19014e-31	1.12682e-32	1.09071e-33	9.70994e-35	8.65208e-36	7.02895e-37	5.65671e-38	4.14568e-39	2.99875e-40	1.97711e-41	1.28721e-42	7.64291e-44	4.49866e-45	2.41444e-46	1.29414e-47	6.31576e-49	3.11448e-50	1.39652e-51	6.44853e-53	2.71953e-54	1.22458e-55	5.21969e-57	2.54714e-58	1.27887e-59	7.58163e-61	4.69737e-62	3.12512e-63	2.06507e-64	1.43067e-65	
Cyperus_alternifolius	0	0	0	0	0	0	0	0	0	0	0	0	0	0	0	1	0	0	0	0	0	0	0	0	0	0	0	0	0	0	0	0	0	0	0	0	0	0	0	0	0	0	0	0	0	0	0	0	0	0	0	0	0	0	0	0	0	0	0	0	0	0	0	0	0	0	
N62	1.2526e-13	2.66611e-12	7.08881e-11	1.32285e-09	1.93747e-08	2.65542e-07	1.96983e-06	4.9595e-06	4.65089e-06	9.1389e-06	9.32189e-05	0.00136959	0.013942	0.0809972	0.24288	0.348185	0.228584	0.0714511	0.0114147	0.00100819	5.25809e-05	1.71976e-06	3.684e-08	5.5451e-10	5.61348e-12	1.13557e-13	3.32921e-16	1.43224e-16	1.26966e-19	1.21764e-19	6.9744e-23	4.73381e-23	1.85879e-26	8.73089e-27	2.46777e-30	8.11942e-31	1.72531e-34	4.04192e-35	6.70298e-39	1.14262e-39	1.52163e-43	1.92265e-44	2.10568e-48	2.01381e-49	1.84652e-53	1.35613e-54	1.05969e-58	6.16348e-60	4.11661e-64	1.85933e-65	1.17906e-69	7.58313e-71	3.16846e-75	6.95708e-77	1.93967e-80	5.27241e-81	1.35081e-85	8.22561e-88	1.04339e-90	2.68679e-91	5.66322e-96	2.37363e-98	2.40514e-101	5.203e-102	2.98527e-106	4.66055e-107	
Cyperus_difformis	0	0	0	0	0	0	0	0	0	0	0	0	0	0	0	1	0	0	0	0	0	0	0	0	0	0	0	0	0	0	0	0	0	0	0	0	0	0	0	0	0	0	0	0	0	0	0	0	0	0	0	0	0	0	0	0	0	0	0	0	0	0	0	0	0	0	
Cyperus_involucratus	0	0	0	0	0	0	0	0	0	0	0	0	0	0	0	1	0	0	0	0	0	0	0	0	0	0	0	0	0	0	0	0	0	0	0	0	0	0	0	0	0	0	0	0	0	0	0	0	0	0	0	0	0	0	0	0	0	0	0	0	0	0	0	0	0	0	
N63	6.34697e-09	2.61864e-08	1.56311e-07	9.17174e-07	4.64649e-06	1.95516e-05	7.05091e-05	0.000229889	0.000681011	0.00175243	0.00365292	0.00616733	0.00904235	0.0126844	0.0180154	0.0268592	0.0417448	0.0656881	0.0966741	0.125996	0.135299	0.120294	0.0829304	0.0501777	0.023768	0.0138722	0.00620286	0.00559721	0.00259833	0.00290676	0.00124038	0.00144829	0.000727307	0.00121169	0.000876815	0.00186268	0.00155469	0.00371261	0.00342801	0.00859051	0.00759487	0.0169231	0.0126456	0.0232624	0.0136648	0.019612	0.00907567	0.0106447	0.00369501	0.00327843	0.000935592	0.000789164	0.000160378	9.6362e-05	1.95863e-05	1.55609e-05	1.96509e-06	8.87257e-07	1.40189e-07	9.50045e-08	7.95079e-09	2.55267e-09	3.19294e-10	1.8631e-10	5.16669e-11	6.2724e-11	
Kyllingiella_microcephala	0	0	0	0	0	0	0	0	0	0	0	0	0	0	0	0	0	0	0	0	0	0	0	0	0	0	0	0	0	0	0	0	0	0	0	0	0	0	0	0	0	0	0	0	0	0	0	0	0	1	0	0	0	0	0	0	0	0	0	0	0	0	0	0	0	0	
N64	5.95609e-09	2.21961e-08	1.18151e-07	6.27039e-07	2.96458e-06	1.22271e-05	4.3934e-05	0.000140189	0.000397146	0.000970808	0.00204097	0.00382706	0.00651864	0.0100651	0.0143294	0.0200951	0.0298054	0.0473256	0.0739482	0.103382	0.120664	0.115138	0.088759	0.0574797	0.0325339	0.0187764	0.0114446	0.00863978	0.00611999	0.00577828	0.00395392	0.00445019	0.00296501	0.00385875	0.00277679	0.0038756	0.00330298	0.00519191	0.0056408	0.00982603	0.0117312	0.0189004	0.0204701	0.0270873	0.0240397	0.0249524	0.0175525	0.0143463	0.00783377	0.00503156	0.00216108	0.00116422	0.000394011	0.000176177	4.91746e-05	2.1442e-05	4.90996e-06	1.84225e-06	3.66207e-07	1.5606e-07	2.47628e-08	9.397e-09	2.52205e-09	2.40748e-09	2.41372e-09	3.74828e-09	
Cyperus_cuspidatus	0	0	0	0	0	0	0	0	0	0	0	0	0	0	0	0	0	0	0	0	0	0	0	0	0	0	0	0	0	0	0	0	0	0	0	0	0	0	0	0	0	0	0	0	0	0	0	0	0	0	0	0	0	0	0	1	0	0	0	0	0	0	0	0	0	0	
Cyperus_cyperoides	0	0	0	0	0	0	0	0	0	0	0	0	0	0	0	0	0	0	0	0	0	0	0	0	0	0	0	0	0	0	0	0	0	0	0	0	0	0	0	0	1	0	0	0	0	0	0	0	0	0	0	0	0	0	0	0	0	0	0	0	0	0	0	0	0	0	
N65	0.00687062	0.00962872	0.0143591	0.021964	0.0323147	0.0456924	0.0603979	0.0759725	0.0888793	0.0978637	0.0989093	0.0937353	0.0822475	0.0695245	0.0559582	0.0444783	0.0336112	0.024869	0.0170176	0.0112682	0.00672665	0.00389975	0.00200118	0.00101823	0.000451152	0.000205543	8.0541e-05	3.41469e-05	1.23634e-05	5.16153e-06	1.86836e-06	8.36063e-07	3.27175e-07	1.62021e-07	6.78192e-08	3.49908e-08	1.44657e-08	7.20361e-09	2.80639e-09	1.31115e-09	4.68471e-10	2.01129e-10	6.58704e-11	2.61812e-11	7.77812e-12	2.82726e-12	7.70303e-13	2.60974e-13	6.4454e-14	2.00057e-14	4.56608e-15	1.33858e-15	2.77706e-16	7.48436e-17	1.45425e-17	3.76522e-18	6.68994e-19	1.60051e-19	2.73863e-20	6.54621e-21	1.11307e-21	2.80333e-22	6.43041e-23	2.23601e-23	8.1897e-24	4.55669e-24	
Scirpus_ficinioides	0	0	0	0	0	0	0	0	0	0	0	0	0	0	0	0	0	0	0	0	0	0	0	0	0	0	0	0	0	0	0	0	0	0	0	0	0	0	0	0	0	0	0	0	0	0	0	0	0	0	0	1	0	0	0	0	0	0	0	0	0	0	0	0	0	0	
N66	0.000507745	0.00120479	0.00318887	0.0078471	0.0168136	0.0314593	0.0507337	0.0744546	0.100883	0.12718	0.142388	0.139714	0.116815	0.0841556	0.0517219	0.0278547	0.0132326	0.00582588	0.00242468	0.000992905	0.000389461	0.000145295	4.88381e-05	1.48384e-05	3.90672e-06	9.14351e-07	1.82962e-07	3.26314e-08	4.95782e-09	6.79947e-10	7.95213e-11	8.55361e-12	7.85874e-13	6.77243e-14	4.98827e-15	3.49918e-16	2.09212e-17	1.20114e-18	5.86269e-20	2.7576e-21	1.10036e-22	4.23945e-24	1.38753e-25	4.39657e-27	1.18508e-28	3.10463e-30	6.94219e-32	1.51734e-33	2.83409e-35	5.21067e-37	8.2069e-39	1.284e-40	1.71944e-42	2.31206e-44	2.66713e-46	3.13706e-48	3.17793e-50	3.36386e-52	3.16053e-54	3.24348e-56	3.14971e-58	3.43811e-60	3.71622e-62	4.24932e-64	4.70087e-66	6.20519e-68	
N67	0.0010662	0.00221538	0.00529697	0.011982	0.0239477	0.042314	0.0663481	0.0938674	0.11994	0.138049	0.140707	0.125555	0.096751	0.0642909	0.0367426	0.0182603	0.00794783	0.00310449	0.00109973	0.000362891	0.000110311	3.1244e-05	7.93312e-06	1.83248e-06	3.67247e-07	6.64554e-08	1.02153e-08	1.44802e-09	1.70785e-10	1.98317e-11	1.84504e-12	1.95864e-13	1.5316e-14	1.71682e-15	1.21626e-16	1.48039e-17	9.66719e-19	1.16042e-19	6.91345e-21	7.698e-22	4.14116e-23	4.16322e-24	2.02264e-25	1.82863e-26	7.92441e-28	6.35014e-29	2.45555e-30	1.75289e-31	5.96853e-33	3.74815e-34	1.13313e-35	6.36666e-37	1.68582e-38	8.33897e-40	1.97019e-41	8.8801e-43	1.83218e-44	7.28421e-46	1.36244e-47	5.14522e-49	8.36092e-51	2.79693e-52	4.65966e-54	2.01335e-55	8.01328e-57	8.867e-58	
Isolepis_marginata	0	0	0	1	0	0	0	0	0	0	0	0	0	0	0	0	0	0	0	0	0	0	0	0	0	0	0	0	0	0	0	0	0	0	0	0	0	0	0	0	0	0	0	0	0	0	0	0	0	0	0	0	0	0	0	0	0	0	0	0	0	0	0	0	0	0	
N68	9.97516e-05	0.000222958	0.000614477	0.00169474	0.00422292	0.00940933	0.0183867	0.0327399	0.0537559	0.0829483	0.115751	0.144086	0.153084	0.139971	0.106516	0.069742	0.0377899	0.0180559	0.00715824	0.00262919	0.000802084	0.000241676	5.95865e-05	1.52394e-05	3.07213e-06	6.56518e-07	1.07065e-07	1.87538e-08	2.45198e-09	3.49403e-10	3.68773e-11	4.32879e-12	3.71634e-13	3.62792e-14	2.58239e-15	2.15102e-16	1.28219e-17	9.1883e-19	4.7158e-20	3.01242e-21	1.33924e-22	7.5859e-24	3.02815e-25	1.58626e-26	5.62246e-28	2.63454e-29	8.6007e-31	3.77329e-32	1.09515e-33	4.25177e-35	1.14201e-36	4.15579e-38	9.87116e-40	3.15908e-41	6.96253e-43	2.10034e-44	4.08856e-46	1.08489e-47	1.97699e-49	5.03171e-51	8.40754e-53	2.01503e-54	3.90213e-56	1.14549e-57	3.25622e-59	1.53237e-60	
Desmoschoenus_spiralis	0	0	0	0	0	0	0	0	0	0	0	0	0	0	1	0	0	0	0	0	0	0	0	0	0	0	0	0	0	0	0	0	0	0	0	0	0	0	0	0	0	0	0	0	0	0	0	0	0	0	0	0	0	0	0	0	0	0	0	0	0	0	0	0	0	0	
Ficinia_nodosa	0	0	0	0	0	0	0	0	0	0	0	0	0	0	1	0	0	0	0	0	0	0	0	0	0	0	0	0	0	0	0	0	0	0	0	0	0	0	0	0	0	0	0	0	0	0	0	0	0	0	0	0	0	0	0	0	0	0	0	0	0	0	0	0	0	0	
N69	1.12527e-06	5.1864e-06	2.87237e-05	0.00013828	0.000550618	0.00179201	0.00446272	0.00926995	0.0186736	0.0391342	0.0762641	0.129203	0.17254	0.181402	0.140784	0.0877772	0.0431638	0.0219726	0.0121762	0.0100934	0.00847908	0.00927923	0.00791839	0.00834687	0.00594898	0.00507585	0.00272196	0.00172743	0.000658179	0.000297998	8.02059e-05	2.62521e-05	4.95529e-06	1.16515e-06	1.59e-07	2.83051e-08	2.7845e-09	3.69349e-10	2.78189e-11	3.02028e-12	1.70524e-13	1.42044e-14	6.5913e-16	4.81113e-17	1.71478e-18	9.55508e-20	2.93145e-21	1.472e-22	3.47015e-24	1.30816e-25	2.70817e-27	9.3643e-29	1.50146e-30	3.92001e-32	5.62968e-34	1.37923e-35	1.54873e-37	2.88166e-39	2.94611e-41	5.27487e-43	4.33324e-45	6.14982e-47	5.41302e-49	9.22787e-51	1.29106e-52	3.43443e-54	
N70	6.27999e-07	1.98604e-06	8.57862e-06	3.63152e-05	0.000135559	0.000435035	0.00116583	0.00272243	0.00602807	0.0132988	0.0277389	0.0507044	0.0753903	0.0879532	0.078313	0.0547595	0.0314809	0.0174294	0.0106144	0.00876626	0.00900965	0.0126104	0.0165345	0.0275247	0.0337283	0.054328	0.0552278	0.0764614	0.0612415	0.0683849	0.0424271	0.0373865	0.0178068	0.0122546	0.00451524	0.00246456	0.000704226	0.000305345	6.96112e-05	2.50666e-05	4.5586e-06	1.34346e-06	2.06473e-07	5.45569e-08	6.8338e-09	1.49245e-09	1.68529e-10	3.57588e-11	3.2348e-12	5.46926e-13	4.67513e-14	8.1207e-15	5.39348e-16	7.11256e-17	4.62914e-18	6.50402e-19	3.24161e-20	3.33633e-21	1.6676e-22	1.87529e-23	7.23052e-25	5.96513e-26	2.62688e-27	2.849e-28	2.21452e-29	4.89283e-30	
Isolepis_crassiuscula	0	0	0	0	0	0	0	0	0	0	0	0	0	0	0	0	0	0	0	0	0	0	0	0	0	0	0	0	0	0	0	1	0	0	0	0	0	0	0	0	0	0	0	0	0	0	0	0	0	0	0	0	0	0	0	0	0	0	0	0	0	0	0	0	0	0	
Isolepis_fluitans	0	0	0	0	0	0	0	0	0	0	0	0	0	0	0	0	0	0	0	0	0	0	0	0	0	0	0	0	0	1	0	0	0	0	0	0	0	0	0	0	0	0	0	0	0	0	0	0	0	0	0	0	0	0	0	0	0	0	0	0	0	0	0	0	0	0	
N71	6.91487e-08	3.81976e-07	2.83751e-06	1.83751e-05	9.56602e-05	0.000407471	0.00140912	0.00406903	0.010207	0.0235996	0.0504146	0.0937827	0.141708	0.169888	0.16074	0.123592	0.0795546	0.0464601	0.0261344	0.0165192	0.0119166	0.0104021	0.00912926	0.00786788	0.00569548	0.00356818	0.00176885	0.000732215	0.000236896	6.37192e-05	1.33896e-05	2.36207e-06	3.25569e-07	3.85146e-08	3.55043e-09	2.94478e-10	1.88181e-11	1.20194e-12	5.81919e-14	3.53389e-15	1.52826e-16	1.02481e-17	4.28007e-19	2.81883e-20	1.02086e-21	5.63882e-23	1.71706e-24	7.82876e-26	1.93956e-27	7.1381e-29	1.46669e-30	4.46215e-32	7.50949e-34	1.86777e-35	2.62672e-37	5.48054e-39	6.3868e-41	1.10613e-42	1.08752e-44	1.60795e-46	1.3302e-48	1.6761e-50	1.25856e-52	1.58472e-54	1.68653e-56	3.67576e-58	
N72	1.01047e-07	4.28062e-07	2.52993e-06	1.41656e-05	6.82262e-05	0.00027401	0.000937493	0.00300468	0.0093088	0.0262069	0.0615984	0.113468	0.157055	0.162049	0.129236	0.0894928	0.0638513	0.0508053	0.0411291	0.0316009	0.0226221	0.0156854	0.0101847	0.00613676	0.00316248	0.00140261	0.000503859	0.000152521	3.67848e-05	7.58239e-06	1.23862e-06	1.81536e-07	2.09479e-08	2.40597e-09	2.12959e-10	2.19943e-11	1.63823e-12	1.6237e-13	1.05765e-14	9.77281e-16	5.62739e-17	4.74218e-18	2.48296e-19	1.9143e-20	9.14783e-22	6.30574e-23	2.7143e-24	1.64043e-25	6.16669e-27	3.18958e-28	1.03772e-29	4.59943e-31	1.27638e-32	4.813e-34	1.14558e-35	3.7299e-37	7.55506e-39	2.11527e-40	3.69299e-42	9.12431e-44	1.36676e-45	2.99424e-47	4.2685e-49	1.04202e-50	2.48134e-52	1.29168e-53	
Isolepis_setacea	0	0	0	0	0	0	0	0	0	0	0	0	0	1	0	0	0	0	0	0	0	0	0	0	0	0	0	0	0	0	0	0	0	0	0	0	0	0	0	0	0	0	0	0	0	0	0	0	0	0	0	0	0	0	0	0	0	0	0	0	0	0	0	0	0	0	
Isolepis_cernua	0	0	0	0	0	0	0	0	0	0	0	0	0	0	0	0	0	0	0	0	0	0	0	0	0	0	1	0	0	0	0	0	0	0	0	0	0	0	0	0	0	0	0	0	0	0	0	0	0	0	0	0	0	0	0	0	0	0	0	0	0	0	0	0	0	0	
N73	3.49465e-08	1.57189e-07	9.96129e-07	5.91128e-06	3.00152e-05	0.000132047	0.00048357	0.00140128	0.00331163	0.00722527	0.0152556	0.0309199	0.0595867	0.104454	0.152479	0.174515	0.151178	0.102038	0.0553738	0.0285001	0.0161543	0.0136859	0.013532	0.0158538	0.0146169	0.0144095	0.00981509	0.007582	0.00376023	0.002293	0.000841011	0.000402815	0.00010988	4.06889e-05	8.33699e-06	2.4015e-06	3.75491e-07	8.53653e-08	1.06036e-08	1.98841e-09	2.01284e-10	3.13506e-11	2.71958e-12	3.68736e-13	2.67181e-14	2.99653e-15	1.88485e-16	1.86386e-17	9.49794e-19	7.61515e-20	3.38465e-21	2.49058e-22	8.84486e-24	5.26915e-25	1.6917e-26	9.9297e-28	2.55187e-29	1.20146e-30	2.94003e-32	1.45574e-33	2.87774e-35	1.13192e-36	2.53531e-38	1.3171e-39	5.33561e-41	5.10234e-42	
Isolepis_prolifera	0	0	0	0	0	0	0	0	0	0	0	0	0	0	0	0	0	0	0	0	0	0	0	0	0	0	0	0	0	0	0	0	1	0	0	0	0	0	0	0	0	0	0	0	0	0	0	0	0	0	0	0	0	0	0	0	0	0	0	0	0	0	0	0	0	0	
Isolepis_aucklandica	0	0	0	0	0	0	0	0	0	0	0	0	0	0	0	0	0	0	0	0	1	0	0	0	0	0	0	0	0	0	0	0	0	0	0	0	0	0	0	0	0	0	0	0	0	0	0	0	0	0	0	0	0	0	0	0	0	0	0	0	0	0	0	0	0	0	
