NODE	1	2	3	4	5	6	7	8	9	10	11	12	13	14	15	16	17	18	19	20	21	22	23	24	25	26	27	28	29	30	31	32	33	34	35	36	37	38	39	40	41	42	43	44	45	46	47	48	49	50	51	52	53	54	55	56	57	
N1	0.27118	0.327843	0.250483	0.112589	0.0314253	0.00571627	0.000700478	5.86948e-05	3.35924e-06	1.30335e-07	3.39185e-09	5.81247e-11	6.43802e-13	1.49704e-17	1.00547e-18	5.417e-20	2.35761e-21	8.35618e-23	2.43186e-24	5.85844e-26	1.17736e-27	1.98813e-29	2.8394e-31	3.45005e-33	3.58611e-35	3.20551e-37	2.47666e-39	1.66241e-41	9.74294e-44	5.01049e-46	2.27205e-48	9.12747e-51	3.26329e-53	1.04286e-55	2.99137e-58	7.73225e-61	1.80784e-63	3.83689e-66	7.41684e-69	1.30997e-71	2.12035e-74	3.15424e-77	4.324e-80	5.47628e-83	6.42301e-86	6.99255e-89	7.08135e-92	6.68451e-95	5.89311e-98	4.86121e-101	3.75869e-104	2.72865e-107	1.86284e-110	1.19779e-113	7.26443e-117	4.16354e-120	2.50946e-123	
N2	0.2612	0.321778	0.240975	0.123127	0.0404601	0.0104595	0.00169966	0.000271141	2.69531e-05	3.51642e-06	2.21695e-07	2.98981e-08	1.17662e-09	1.07858e-10	3.32978e-12	2.50577e-13	4.7655e-15	2.79025e-16	3.98096e-18	2.46411e-19	2.89684e-21	8.31526e-23	7.97829e-25	4.52988e-26	2.54655e-28	4.85338e-30	3.11224e-32	9.44786e-34	3.43234e-36	5.54861e-38	1.96691e-40	5.12466e-42	1.31633e-44	1.10838e-46	2.84217e-49	6.53682e-51	1.03523e-53	7.29288e-56	1.93318e-58	3.30162e-60	4.24178e-63	2.96276e-65	3.65412e-68	3.92447e-70	4.55694e-73	2.14262e-75	3.99119e-78	7.12497e-80	5.55417e-83	1.88133e-85	1.89882e-88	1.46764e-90	9.56329e-94	5.37289e-96	6.22773e-99	8.36064e-101	6.61379e-103	
N3	0.303376	0.328398	0.217499	0.104727	0.0349568	0.00916931	0.00161175	0.000235397	2.38896e-05	2.20251e-06	1.34727e-07	1.00016e-08	3.95695e-10	2.13686e-11	6.27686e-13	2.58141e-14	5.0178e-16	1.67481e-17	2.33281e-19	6.28316e-21	7.16677e-23	1.33981e-24	1.18158e-26	2.54654e-28	1.61943e-30	2.14799e-32	1.34973e-34	1.843e-36	8.07141e-39	8.65928e-41	3.32536e-43	3.80267e-45	1.24194e-47	8.28645e-50	2.40767e-52	2.40553e-54	5.09953e-57	2.74772e-59	6.73143e-62	4.76201e-64	8.13487e-67	4.00823e-69	6.27926e-72	3.51753e-74	5.10632e-77	1.72572e-79	2.64979e-82	1.70792e-84	1.75689e-87	4.83726e-90	5.70774e-93	2.12506e-95	1.82309e-98	5.82593e-101	7.03046e-104	4.32143e-106	3.09475e-108	
N4	0.265092	0.315598	0.234547	0.125636	0.0448185	0.0119954	0.00201931	0.000268431	2.34802e-05	1.77425e-06	8.65453e-08	4.82588e-09	1.45757e-10	5.63924e-12	1.23362e-13	3.54693e-15	5.10754e-17	1.17452e-18	1.20775e-20	2.21342e-22	1.85594e-24	2.41312e-26	1.56892e-28	2.255e-30	1.07797e-32	1.00145e-34	4.65713e-37	4.27109e-39	1.42564e-41	1.06531e-43	3.09827e-46	2.35614e-48	5.90717e-51	2.81748e-53	6.23022e-56	4.11876e-58	6.81538e-61	2.63704e-63	4.89808e-66	2.32056e-68	3.10999e-71	1.09448e-73	1.34123e-76	5.13363e-79	5.87484e-82	1.44262e-84	1.69025e-87	7.19211e-90	5.93535e-93	1.21165e-95	1.12878e-98	2.90342e-101	2.01975e-104	4.58939e-107	4.49011e-110	1.94578e-112	1.03553e-114	
N5	0.164451	0.268577	0.276336	0.190109	0.0767882	0.0204884	0.00292249	0.000307468	1.86232e-05	1.00238e-06	3.00318e-08	1.20963e-09	2.06098e-11	5.44952e-13	6.52484e-15	1.26595e-16	9.4014e-19	1.40971e-20	7.36328e-23	9.26192e-25	3.94005e-27	3.13201e-29	1.04434e-31	1.12039e-33	2.56479e-36	1.44356e-38	3.46186e-41	2.27766e-43	3.6004e-46	1.68594e-48	2.42819e-51	1.3772e-53	1.62026e-56	4.54751e-59	4.94785e-62	2.47804e-64	1.88102e-67	4.31444e-70	4.14245e-73	1.49114e-75	9.19745e-79	2.00463e-81	1.15552e-84	3.1369e-87	1.68162e-90	2.48123e-93	1.57042e-96	5.53971e-99	2.06297e-102	2.39532e-105	1.06935e-108	1.94848e-111	6.04069e-115	9.07025e-118	4.14967e-121	1.24072e-123	3.41179e-126	
N6	0.053177	0.151784	0.270694	0.298372	0.168331	0.0503058	0.00671259	0.000594936	2.82627e-05	1.20491e-06	2.72406e-08	8.71174e-10	1.09669e-11	2.22336e-13	1.94592e-15	2.90572e-17	1.57435e-19	1.83693e-21	7.14142e-24	7.36671e-26	2.38926e-28	1.5089e-30	3.91709e-33	3.56311e-35	6.30527e-38	2.85372e-40	5.31191e-43	2.93823e-45	3.60327e-48	1.38621e-50	1.57836e-53	7.66496e-56	7.10335e-59	1.64085e-61	1.43068e-64	6.30442e-67	3.80713e-70	7.38418e-73	6.01229e-76	1.94558e-78	9.81558e-82	1.84901e-84	8.78035e-88	2.11377e-90	9.39258e-94	1.21556e-96	6.71109e-100	2.19543e-102	6.85858e-106	6.91633e-109	2.5876e-112	4.28522e-115	1.10756e-118	1.45814e-121	5.67116e-125	1.55249e-127	3.62486e-130	
Fimbristylis_autumnalis	0	0	0	0	1	0	0	0	0	0	0	0	0	0	0	0	0	0	0	0	0	0	0	0	0	0	0	0	0	0	0	0	0	0	0	0	0	0	0	0	0	0	0	0	0	0	0	0	0	0	0	0	0	0	0	0	0	
Fimbristylis_complanata	0	0	0	0	1	0	0	0	0	0	0	0	0	0	0	0	0	0	0	0	0	0	0	0	0	0	0	0	0	0	0	0	0	0	0	0	0	0	0	0	0	0	0	0	0	0	0	0	0	0	0	0	0	0	0	0	0	
N7	0.000177551	0.00431614	0.0428873	0.281134	0.599673	0.06975	0.00203309	2.84337e-05	2.00451e-07	9.93619e-10	2.92762e-12	8.45062e-15	1.35207e-17	2.42294e-20	2.5921e-23	3.2401e-26	2.23289e-29	2.18094e-32	1.06095e-35	8.02378e-39	3.15169e-42	1.73594e-45	5.24587e-49	2.9303e-52	6.63138e-56	2.56493e-59	5.42358e-63	1.93352e-66	3.02773e-70	9.17466e-74	1.23146e-77	3.55235e-81	4.18554e-85	8.33467e-89	8.51956e-93	2.10878e-96	1.66568e-100	2.68458e-104	2.27825e-108	4.0461e-112	2.59051e-116	3.70827e-120	2.14507e-124	3.11963e-128	1.68712e-132	1.70998e-136	8.94078e-141	1.33017e-144	5.24635e-149	4.46946e-153	1.9114e-157	1.84564e-161	6.13068e-166	5.38881e-170	2.50449e-174	4.13294e-178	7.75925e-182	
Fimbristylis_aestivalis	0	0	0	0	1	0	0	0	0	0	0	0	0	0	0	0	0	0	0	0	0	0	0	0	0	0	0	0	0	0	0	0	0	0	0	0	0	0	0	0	0	0	0	0	0	0	0	0	0	0	0	0	0	0	0	0	0	
Fimbristylis_squarrosa	0	0	0	0	1	0	0	0	0	0	0	0	0	0	0	0	0	0	0	0	0	0	0	0	0	0	0	0	0	0	0	0	0	0	0	0	0	0	0	0	0	0	0	0	0	0	0	0	0	0	0	0	0	0	0	0	0	
Fimbristylis_ovata	0	0	0	0	1	0	0	0	0	0	0	0	0	0	0	0	0	0	0	0	0	0	0	0	0	0	0	0	0	0	0	0	0	0	0	0	0	0	0	0	0	0	0	0	0	0	0	0	0	0	0	0	0	0	0	0	0	
N8	0.0363112	0.104206	0.196601	0.252503	0.212704	0.13154	0.0498482	0.0135698	0.00236253	0.000323441	2.77407e-05	2.23153e-06	1.08686e-07	6.00714e-09	2.24952e-10	9.45845e-12	2.3421e-13	7.3723e-15	1.23465e-16	2.89425e-18	3.93901e-20	7.19212e-22	7.96825e-24	1.45769e-25	1.22777e-27	1.57097e-29	1.14258e-31	1.20821e-33	6.17611e-36	5.2998e-38	2.1794e-40	1.655e-42	6.03898e-45	3.49764e-47	1.17929e-49	8.5683e-52	2.47209e-54	1.32206e-56	4.00123e-59	2.17458e-61	4.96878e-64	2.19277e-66	4.28594e-69	1.75687e-71	3.06976e-74	8.88175e-77	1.39026e-79	5.09756e-82	6.07774e-85	1.39309e-87	1.71734e-90	4.09545e-93	3.99076e-96	8.90483e-99	1.23172e-101	5.07474e-104	2.78763e-106	
Bulbostylis_barbata	0	0	0	0	1	0	0	0	0	0	0	0	0	0	0	0	0	0	0	0	0	0	0	0	0	0	0	0	0	0	0	0	0	0	0	0	0	0	0	0	0	0	0	0	0	0	0	0	0	0	0	0	0	0	0	0	0	
N9	0.000205159	0.00312571	0.0249787	0.113027	0.251096	0.247971	0.232499	0.0881871	0.0280726	0.00991011	0.000713568	0.00016542	3.75086e-05	1.02716e-05	5.90248e-07	7.04579e-08	4.51095e-09	8.30636e-10	7.59604e-11	1.50635e-11	5.24927e-13	1.46619e-14	1.07006e-16	6.19457e-18	5.30227e-19	1.55758e-19	1.43333e-20	2.47359e-21	5.47517e-23	2.21424e-24	1.749e-26	4.77741e-28	5.79422e-30	3.90783e-31	8.7497e-33	7.46174e-34	6.75937e-36	1.48386e-37	1.02234e-39	2.15143e-41	5.36343e-44	3.73185e-46	4.84687e-49	2.44978e-51	1.82904e-54	3.2283e-57	2.05328e-60	6.77667e-63	1.87241e-66	1.50157e-69	4.08321e-73	4.45501e-76	7.0217e-80	5.38511e-83	1.11068e-86	1.50251e-89	1.58422e-92	
N10	4.93718e-05	0.000765955	0.00717126	0.0379159	0.0976563	0.134789	0.154125	0.124069	0.0508437	0.094113	0.0108171	0.0450064	0.0160293	0.102619	0.010769	0.0307054	0.00338557	0.0121573	0.00290858	0.043617	0.0054463	0.00150265	4.37705e-05	0.00029275	5.72502e-05	0.000362106	0.000402212	0.0108207	0.00069174	0.000654675	2.85347e-05	0.000132939	5.8e-06	9.1831e-06	1.61603e-06	3.23541e-05	1.11048e-06	5.92539e-07	6.2974e-08	3.31256e-07	2.77652e-09	9.27906e-10	3.96359e-12	1.61367e-12	4.78654e-15	1.86368e-16	2.14179e-18	1.17601e-18	6.59667e-22	6.57042e-24	5.66757e-27	4.44486e-28	1.3872e-31	7.30184e-33	1.03543e-35	1.59951e-36	6.13917e-39	
Bulbostylis_juncoides	0	0	0	0	0	0	0	0	0	0	0	0	0	0	0	0	0	0	0	0	0	0	0	0	0	0	0	0	0	0	0	0	0	0	0	0	0	0	0	0	0	1	0	0	0	0	0	0	0	0	0	0	0	0	0	0	0	
Bulbostylis_densa	0	0	0	0	0	0	0	0	0	0	0	0	0	0	0	0	0	0	0	0	0	0	0	0	0	0	0	0	0	0	0	1	0	0	0	0	0	0	0	0	0	0	0	0	0	0	0	0	0	0	0	0	0	0	0	0	0	
Bulbostylis_hispidula	0	0	0	0	1	0	0	0	0	0	0	0	0	0	0	0	0	0	0	0	0	0	0	0	0	0	0	0	0	0	0	0	0	0	0	0	0	0	0	0	0	0	0	0	0	0	0	0	0	0	0	0	0	0	0	0	0	
N11	0.00700975	0.0235802	0.0601208	0.114718	0.155753	0.189711	0.17484	0.142304	0.076946	0.0360377	0.0123862	0.00486445	0.00121091	0.000401566	8.88658e-05	2.27966e-05	3.02449e-06	5.03959e-07	3.91282e-08	4.7021e-09	3.45044e-10	3.99866e-11	2.67547e-12	3.03057e-13	1.33062e-14	9.49673e-16	4.40165e-17	4.6737e-18	3.00012e-19	3.94812e-20	2.35001e-21	2.74725e-22	1.29718e-23	9.38441e-25	3.34686e-26	2.52192e-27	5.97153e-29	2.54404e-30	5.39605e-32	2.08551e-33	2.84735e-35	7.64402e-37	8.05569e-39	1.86945e-40	1.60257e-42	2.33007e-44	1.69319e-46	3.09802e-48	1.55352e-50	1.54551e-52	7.63437e-55	7.72054e-57	2.78279e-59	2.42187e-61	1.16125e-63	1.84066e-65	4.71391e-67	
Eleocharis_dulcis	0	0	0	0	0	0	0	0	0	0	0	0	0	0	0	0	0	0	0	0	0	0	0	0	0	0	0	0	0	0	0	0	0	0	0	0	0	1	0	0	0	0	0	0	0	0	0	0	0	0	0	0	0	0	0	0	0	
N12	0.000431861	0.00267323	0.0124484	0.0401228	0.0879632	0.15505	0.215282	0.232748	0.162233	0.0706001	0.0173429	0.00282147	0.000263362	1.89594e-05	9.16647e-07	3.67704e-08	9.99758e-10	2.45328e-11	3.9483e-13	6.28272e-15	7.48078e-17	9.75089e-19	9.62222e-21	1.19018e-22	8.94705e-25	8.04811e-27	4.78762e-29	3.28462e-31	1.38954e-33	8.16609e-36	2.73851e-38	1.24331e-40	3.42989e-43	1.10254e-45	2.27108e-48	5.89376e-51	8.81626e-54	1.62417e-56	1.91427e-59	2.92154e-62	2.5757e-65	3.52554e-68	2.56064e-71	3.31879e-74	2.28959e-77	2.42195e-80	1.46386e-83	1.76415e-86	8.72126e-90	7.31725e-93	3.82767e-96	2.89112e-99	1.17894e-102	9.4438e-106	5.62704e-109	8.56749e-112	1.64165e-114	
N13	1.70876e-05	0.000151558	0.0010823	0.00541303	0.0188515	0.0439326	0.0791173	0.146515	0.223437	0.262623	0.157816	0.0514531	0.00760451	0.00163504	0.000289585	5.50918e-05	4.83846e-06	1.07535e-06	1.83638e-07	5.58625e-08	6.85251e-09	1.13126e-09	6.9323e-11	7.02171e-12	1.87984e-13	8.05717e-15	1.41046e-16	4.03756e-18	3.65296e-20	7.19538e-22	4.54106e-24	7.57426e-26	3.57875e-28	3.0961e-30	1.12308e-32	1.29347e-34	3.07063e-37	1.73412e-39	4.04601e-42	2.77936e-44	4.39076e-47	1.87715e-49	2.57922e-52	1.28848e-54	1.51026e-57	4.06795e-60	4.52384e-63	2.14098e-65	1.64533e-68	3.43418e-71	3.05824e-74	8.4246e-77	5.35465e-80	1.34346e-82	1.13459e-85	4.96332e-88	2.64806e-90	
Eleocharis_uniglumis	0	0	0	0	0	0	0	0	0	0	0	0	0	0	0	0	0	0	0	0	0	0	0	1	0	0	0	0	0	0	0	0	0	0	0	0	0	0	0	0	0	0	0	0	0	0	0	0	0	0	0	0	0	0	0	0	0	
Eleocharis_acicularis	0	0	0	0	0	0	0	0	0	1	0	0	0	0	0	0	0	0	0	0	0	0	0	0	0	0	0	0	0	0	0	0	0	0	0	0	0	0	0	0	0	0	0	0	0	0	0	0	0	0	0	0	0	0	0	0	0	
N14	0.000134485	0.000938733	0.00541566	0.0212849	0.0574075	0.128636	0.225522	0.274921	0.194422	0.0746232	0.014831	0.00174544	0.000111829	5.5246e-06	1.79691e-07	6.52316e-09	1.24184e-10	4.58642e-12	5.26497e-14	1.37704e-15	1.10879e-17	1.9283e-19	1.01581e-21	1.40789e-23	5.03843e-26	4.76715e-28	1.49942e-30	1.1291e-32	2.44004e-35	1.80979e-37	3.28146e-40	2.37795e-42	4.45776e-45	1.71301e-47	2.72303e-50	2.32987e-52	2.23128e-55	7.40812e-58	1.0121e-60	5.74369e-63	4.22943e-66	1.22253e-68	9.49517e-72	4.96744e-74	2.94586e-77	5.58528e-80	3.56453e-83	1.67362e-85	6.91814e-89	1.07566e-91	5.52347e-95	1.76702e-97	6.06499e-101	1.03947e-103	4.32007e-107	1.60775e-109	6.01201e-112	
N15	5.88981e-07	1.32622e-05	0.000193816	0.00168967	0.0059091	0.0347688	0.181273	0.459816	0.276444	0.0379579	0.00188615	4.68526e-05	6.15651e-07	5.82968e-09	3.83889e-11	2.395e-13	9.76289e-16	5.06691e-18	1.31272e-20	4.62472e-23	8.35641e-26	2.01631e-28	2.4313e-31	4.63887e-34	3.89548e-37	5.4342e-40	3.90461e-43	4.49825e-46	2.42948e-49	2.74248e-52	1.25795e-55	1.26029e-58	5.60009e-62	3.96093e-65	1.45898e-68	1.36905e-71	3.7316e-75	2.1565e-78	6.16969e-82	4.04143e-85	8.44986e-89	4.0723e-92	7.68642e-96	4.22892e-99	6.97565e-103	2.38295e-106	3.60594e-110	1.75693e-113	2.05691e-117	5.78952e-121	7.27891e-125	2.54341e-128	2.48693e-132	7.34655e-136	9.42099e-140	5.32864e-143	3.75826e-146	
Eleocharis_mamillata_subsp_mamillata	0	0	0	0	0	0	0	1	0	0	0	0	0	0	0	0	0	0	0	0	0	0	0	0	0	0	0	0	0	0	0	0	0	0	0	0	0	0	0	0	0	0	0	0	0	0	0	0	0	0	0	0	0	0	0	0	0	
Eleocharis_compressa_var_compressa	0	0	0	0	0	0	0	0	1	0	0	0	0	0	0	0	0	0	0	0	0	0	0	0	0	0	0	0	0	0	0	0	0	0	0	0	0	0	0	0	0	0	0	0	0	0	0	0	0	0	0	0	0	0	0	0	0	
Eleocharis_flavescens_var_olivacea	0	0	0	0	0	0	0	0	0	1	0	0	0	0	0	0	0	0	0	0	0	0	0	0	0	0	0	0	0	0	0	0	0	0	0	0	0	0	0	0	0	0	0	0	0	0	0	0	0	0	0	0	0	0	0	0	0	
N16	0.0254872	0.0788685	0.154412	0.209114	0.182802	0.15273	0.0803445	0.0588653	0.0256541	0.0182305	0.00622337	0.00520622	0.00122098	0.000644239	0.000124244	6.34404e-05	7.40417e-06	2.5201e-06	2.14303e-07	7.49321e-08	4.81487e-09	7.44965e-10	3.76046e-11	9.82411e-12	2.63494e-13	2.09926e-14	5.40434e-16	5.32401e-17	7.10689e-19	4.15562e-20	5.23141e-22	4.10386e-23	3.25306e-25	7.35928e-27	5.07704e-29	2.48851e-30	9.69212e-33	1.48422e-34	8.45832e-37	2.61735e-38	6.80265e-41	7.77952e-43	1.79154e-45	3.04654e-47	5.90956e-50	4.24969e-52	1.1682e-54	2.56823e-56	2.96306e-59	1.30718e-61	1.79265e-64	1.45095e-66	1.21663e-69	6.84722e-72	8.44264e-75	1.10502e-76	1.30952e-78	
N17	0.00759453	0.031054	0.0838855	0.152958	0.182171	0.188284	0.133993	0.10067	0.0534395	0.0346437	0.014771	0.0106557	0.00347093	0.0017993	0.000420679	0.00016346	1.98847e-05	4.90324e-06	3.28728e-07	5.53612e-08	2.32452e-09	1.79588e-10	4.80635e-12	3.92087e-13	5.72591e-15	1.85847e-16	2.15261e-18	6.75076e-20	4.26435e-22	9.11368e-24	4.50667e-26	1.15657e-27	4.19658e-30	4.49815e-32	1.38834e-34	3.00582e-36	5.51101e-39	4.47012e-41	1.17269e-43	1.50003e-45	1.94189e-48	1.35704e-50	1.6652e-53	1.56935e-55	1.63268e-58	7.07674e-61	8.61129e-64	9.12314e-66	5.86003e-69	1.84442e-71	1.40553e-74	7.16807e-77	3.53304e-80	1.15711e-82	7.11603e-86	4.92202e-88	2.88979e-90	
N18	0.0018599	0.0100944	0.0379096	0.0934408	0.147345	0.188339	0.169506	0.143516	0.0893543	0.0589797	0.0278437	0.0195072	0.00717123	0.00379796	0.000956948	0.000331378	3.97791e-05	8.19782e-06	4.47894e-07	5.54281e-08	1.60953e-09	9.62072e-11	1.40405e-12	8.77956e-14	6.14703e-16	1.72593e-17	1.0338e-19	2.45924e-21	7.38213e-24	1.12163e-25	2.58342e-28	3.99948e-30	6.51418e-33	4.09404e-35	5.36552e-38	5.7765e-40	4.33985e-43	1.68295e-45	1.66594e-48	9.93917e-51	4.69204e-54	1.43562e-56	6.31468e-60	2.94674e-62	1.11511e-65	1.54488e-68	6.68098e-72	3.75348e-74	7.01535e-78	7.317e-81	2.48385e-84	6.60792e-87	9.69524e-91	1.28004e-93	2.74876e-97	9.59378e-100	1.77957e-102	
N19	0.00112391	0.0063852	0.0263387	0.0716205	0.124877	0.173675	0.170961	0.156502	0.104223	0.0733381	0.0357795	0.0300711	0.0109586	0.00941673	0.00229115	0.00203717	0.000196454	0.000190081	8.01629e-06	6.52755e-06	1.74757e-07	5.88928e-08	8.23257e-10	3.33252e-10	2.28503e-12	3.64905e-13	2.95431e-15	4.56686e-16	1.46908e-18	1.29061e-19	3.89542e-22	6.21711e-23	1.4526e-25	2.92687e-27	6.9813e-30	1.17982e-30	9.15562e-34	1.27144e-35	4.96952e-38	3.56769e-39	1.90448e-42	2.90499e-44	2.8266e-47	2.85687e-48	1.6924e-51	1.04984e-53	1.64958e-56	1.93001e-57	6.22014e-61	3.25513e-63	3.58058e-66	2.02746e-67	5.07336e-71	4.4317e-73	2.51231e-76	1.54965e-77	7.83532e-80	
N20	2.54499e-06	1.82874e-05	0.000108538	0.000492908	0.00147788	0.0038037	0.00934711	0.022269	0.0361348	0.0332355	0.0231934	0.0236581	0.0243215	0.0287089	0.0427371	0.0891237	0.143878	0.213972	0.164528	0.0990294	0.0288874	0.00799789	0.00199101	0.000823038	0.000200525	5.14404e-05	6.91214e-06	8.89456e-07	5.87393e-08	5.38971e-09	5.15792e-10	1.44452e-10	2.93817e-11	7.45955e-12	1.11143e-12	2.40479e-13	2.39908e-14	3.22927e-15	2.43983e-16	2.33847e-17	1.08012e-18	6.96827e-20	2.10035e-21	9.37449e-23	2.02692e-24	5.67851e-26	8.72603e-28	2.24006e-29	2.40564e-31	3.97956e-33	3.72197e-35	5.30396e-37	3.71335e-39	4.73233e-41	4.38268e-43	9.53255e-45	3.38551e-46	
N21	1.68691e-16	3.87965e-14	3.1865e-12	1.90084e-10	7.2254e-09	1.5415e-08	3.34802e-08	1.32947e-06	5.34406e-05	9.34175e-05	7.90178e-06	7.28545e-05	0.000227325	7.65084e-06	5.40666e-06	0.000216749	0.0069375	0.122973	0.68195	0.181965	0.00535799	0.000116101	1.31655e-05	1.62225e-06	1.04321e-07	3.22345e-09	2.35909e-11	8.18885e-14	1.63945e-16	2.9499e-19	2.51044e-21	1.87741e-22	1.17689e-23	7.11646e-25	3.0421e-26	1.23074e-27	2.90446e-29	5.12613e-31	4.25855e-33	1.42346e-35	2.21792e-38	2.48369e-41	1.63314e-44	9.28759e-48	3.45273e-51	1.25301e-54	3.05321e-58	9.27373e-62	1.73984e-65	4.40514e-69	7.5218e-73	1.62047e-76	2.40065e-80	5.56668e-84	1.29411e-87	4.59875e-91	1.78216e-94	
Schoenoplectus_pungens	0	0	0	0	0	0	0	0	0	0	0	0	0	0	0	0	0	0	0	0	0	0	0	0	0	0	0	0	0	0	0	0	0	0	0	0	0	0	1	0	0	0	0	0	0	0	0	0	0	0	0	0	0	0	0	0	0	
N22	7.66844e-21	6.82067e-18	1.82127e-15	3.58133e-13	2.88663e-11	5.11331e-11	3.94333e-10	2.87133e-08	2.4738e-06	6.35942e-06	3.87895e-07	2.30259e-06	1.01469e-05	6.45387e-07	2.77094e-07	1.9108e-05	0.00202395	0.0856247	0.716691	0.190833	0.00475894	2.63989e-05	2.59343e-07	3.12604e-09	1.76918e-11	4.2484e-14	3.0597e-17	1.04062e-20	2.44259e-24	9.19813e-28	1.36954e-31	1.21908e-34	1.79323e-37	3.29899e-40	4.33258e-43	4.58309e-46	2.95669e-49	1.29667e-52	2.84212e-56	2.85559e-60	1.49121e-64	5.06727e-69	1.14979e-73	2.07087e-78	2.75717e-83	2.80782e-87	6.24483e-92	5.36569e-95	9.60827e-100	5.85499e-103	1.03795e-107	3.3426e-111	6.25035e-116	1.67004e-119	1.06391e-123	1.64357e-127	1.03718e-130	
Schoenoplectus_acutus_var_acutus	0	0	0	0	0	0	0	0	0	0	0	0	0	0	0	0	0	0	1	0	0	0	0	0	0	0	0	0	0	0	0	0	0	0	0	0	0	0	0	0	0	0	0	0	0	0	0	0	0	0	0	0	0	0	0	0	0	
N23	3.17762e-23	3.54931e-20	1.41799e-17	2.99553e-15	2.47589e-13	1.74721e-12	6.22212e-11	2.37885e-09	2.27363e-07	5.64015e-07	1.09173e-07	2.55903e-07	1.35513e-06	2.64685e-07	2.73759e-07	3.74402e-06	0.000500143	0.0416917	0.646546	0.293551	0.0176136	9.06201e-05	1.46573e-07	2.24497e-10	1.90122e-12	1.12164e-14	2.01948e-16	5.32464e-19	8.6101e-22	8.73175e-25	1.61085e-28	9.72939e-32	2.64075e-35	1.41852e-37	3.46549e-41	2.34638e-43	2.60806e-47	9.97002e-50	4.74747e-54	4.46733e-57	1.44381e-61	5.55027e-65	1.34126e-69	3.30634e-73	1.43726e-77	1.27182e-81	3.70217e-86	1.06564e-89	2.71158e-94	2.16698e-97	4.66909e-101	5.63491e-105	4.2621e-109	8.12113e-112	1.25292e-116	8.20331e-120	6.8094e-123	
Schoenoplectus_lacustris	0	0	0	0	0	0	0	0	0	0	0	0	0	0	0	0	0	0	0	0	1	0	0	0	0	0	0	0	0	0	0	0	0	0	0	0	0	0	0	0	0	0	0	0	0	0	0	0	0	0	0	0	0	0	0	0	0	
Schoenoplectus_heterochaetus	0	0	0	0	0	0	0	0	0	0	0	0	0	0	0	0	0	0	1	0	0	0	0	0	0	0	0	0	0	0	0	0	0	0	0	0	0	0	0	0	0	0	0	0	0	0	0	0	0	0	0	0	0	0	0	0	0	
Actinoscirpus_grossus	0	0	0	0	0	0	0	0	0	0	0	0	0	0	0	0	0	0	0	0	0	0	0	0	0	0	0	0	0	0	0	0	0	0	0	0	0	0	0	0	1	0	0	0	0	0	0	0	0	0	0	0	0	0	0	0	0	
N24	6.72132e-05	0.000558828	0.00350659	0.0144136	0.0396502	0.0790227	0.112172	0.140043	0.147505	0.142964	0.107585	0.0915086	0.0516617	0.0383234	0.017346	0.00989614	0.00260448	0.00100123	0.000136884	2.99337e-05	2.31271e-06	2.58185e-07	1.02873e-08	8.80569e-10	1.79438e-11	7.29462e-13	1.10599e-14	3.32624e-16	2.63253e-18	5.0464e-20	2.77009e-22	4.61557e-24	1.7891e-26	1.42806e-28	4.15478e-31	4.54229e-33	8.21375e-36	3.96201e-38	7.36118e-41	4.45402e-43	5.05335e-46	1.84513e-48	1.78802e-51	7.66088e-54	6.33234e-57	1.29039e-59	1.04385e-62	4.45764e-65	2.18321e-68	3.28723e-71	1.94494e-74	4.40259e-77	1.6773e-80	2.8011e-83	1.36918e-86	4.24263e-89	1.30552e-91	
N25	7.93576e-06	7.87221e-05	0.00063189	0.00329785	0.0125241	0.0330555	0.056048	0.0825105	0.117158	0.151278	0.153298	0.144468	0.10042	0.073554	0.0394653	0.0218077	0.00694861	0.00277821	0.00050636	0.000142986	1.67912e-05	3.11519e-06	1.98581e-07	2.93894e-08	1.01368e-09	8.15445e-11	2.06111e-12	1.10486e-13	1.52278e-15	5.84268e-17	5.39604e-19	1.59779e-20	1.07092e-22	1.73629e-24	8.37844e-27	1.57528e-28	4.77043e-31	4.40641e-33	1.36338e-35	1.42674e-37	2.60675e-40	1.80636e-42	2.88508e-45	2.51589e-47	3.54402e-50	1.26106e-52	1.68315e-55	1.47877e-57	1.13919e-60	3.21777e-63	3.61447e-66	1.69793e-68	1.0276e-71	3.0958e-74	2.36399e-77	1.45793e-79	9.05635e-82	
N26	2.07884e-06	2.22422e-05	0.000202399	0.00119484	0.00535842	0.0168803	0.0322109	0.0471773	0.0745051	0.122989	0.169414	0.191487	0.146144	0.101316	0.0531808	0.0259313	0.00824882	0.00290446	0.000637504	0.000165273	2.34336e-05	3.92319e-06	2.95084e-07	4.43978e-08	1.86696e-09	2.10368e-10	7.65435e-12	6.22213e-13	1.16785e-14	8.99652e-16	1.08359e-17	6.46355e-19	5.89287e-21	2.14117e-22	1.36536e-24	5.20822e-26	2.17152e-28	4.70711e-30	1.78631e-32	3.73124e-34	9.51537e-37	1.31765e-38	2.81081e-41	4.23264e-43	8.26673e-46	5.7839e-48	9.71333e-51	1.53905e-52	1.60936e-55	8.99445e-58	1.86725e-60	1.49926e-62	1.30184e-65	1.00765e-67	1.02502e-70	1.4327e-72	2.21943e-74	
Scirpus_ficinioides	0	0	0	0	0	0	0	0	0	0	0	0	0	0	0	0	0	0	0	0	0	0	0	0	0	1	0	0	0	0	0	0	0	0	0	0	0	0	0	0	0	0	0	0	0	0	0	0	0	0	0	0	0	0	0	0	0	
N27	6.99704e-09	1.71756e-07	3.12702e-06	2.99713e-05	0.000227293	0.001403	0.00464541	0.00635516	0.0101094	0.0228646	0.0569214	0.143983	0.259025	0.283851	0.158191	0.045304	0.00635734	0.000678026	4.76493e-05	3.5199e-06	1.80852e-07	8.16021e-09	2.10889e-10	5.17398e-12	7.48981e-14	1.46937e-15	2.29078e-17	5.20229e-19	8.06481e-21	2.28493e-22	3.27639e-24	7.42616e-26	8.15207e-28	1.09812e-29	6.95613e-32	7.46823e-34	2.78478e-36	1.73988e-38	4.96076e-41	2.27303e-43	4.06608e-46	1.36482e-48	1.73962e-51	4.51233e-54	4.36892e-57	7.44314e-60	5.41613e-63	8.97059e-66	4.73161e-69	5.06887e-72	2.38151e-75	2.37058e-78	8.19009e-82	6.80482e-85	2.6463e-88	3.90318e-91	7.72744e-94	
N28	2.05813e-09	4.64819e-08	8.66303e-07	9.5374e-06	7.88225e-05	0.000505455	0.00181813	0.00297924	0.00476366	0.0115382	0.030216	0.0895017	0.221536	0.326409	0.229275	0.0697205	0.0100231	0.00140277	0.00018052	3.68176e-05	4.52727e-06	6.10802e-07	2.90832e-08	7.73265e-09	6.97956e-10	3.60908e-10	2.77551e-11	9.28023e-12	3.94863e-13	7.79643e-14	1.82227e-15	1.84328e-16	2.40841e-18	1.13995e-19	8.1306e-22	2.95656e-23	1.22821e-25	2.33552e-27	1.49304e-29	2.0158e-31	5.44876e-34	1.16575e-35	2.26514e-38	3.69993e-40	9.7395e-43	4.56623e-45	8.38587e-48	1.66754e-49	1.29462e-52	5.85995e-55	1.00577e-57	1.20346e-59	6.68082e-63	2.60292e-65	2.39238e-68	3.41243e-70	2.03112e-72	
Isolepis_crassiuscula	0	0	0	0	0	0	0	0	0	0	0	0	0	0	0	0	0	0	0	0	0	0	0	0	0	0	0	0	0	0	0	1	0	0	0	0	0	0	0	0	0	0	0	0	0	0	0	0	0	0	0	0	0	0	0	0	0	
N29	9.34681e-12	3.94863e-10	1.21873e-08	1.77853e-07	2.04551e-06	2.27881e-05	0.000148074	0.00019544	0.00028859	0.000721529	0.00239199	0.0188647	0.12011	0.364134	0.384668	0.0992522	0.00882821	0.000363888	8.19638e-06	1.31902e-07	1.7896e-09	2.01715e-11	1.71261e-13	1.62113e-15	8.82479e-18	6.18295e-20	2.81513e-22	1.48217e-24	4.72751e-27	1.69777e-29	3.54803e-32	8.10155e-35	1.10521e-37	1.72241e-40	1.57118e-43	2.04634e-46	1.40706e-49	1.66523e-52	1.20433e-55	1.37951e-58	9.42682e-62	1.26406e-64	7.67704e-68	7.25517e-71	5.01518e-74	3.37921e-77	1.63123e-80	1.34436e-83	4.68292e-87	2.72946e-90	1.08117e-93	6.85509e-97	2.09739e-100	1.46667e-103	6.89487e-107	8.62493e-110	1.16953e-112	
Ficinia_spiralis	0	0	0	0	0	0	0	0	0	0	0	0	0	0	1	0	0	0	0	0	0	0	0	0	0	0	0	0	0	0	0	0	0	0	0	0	0	0	0	0	0	0	0	0	0	0	0	0	0	0	0	0	0	0	0	0	0	
Ficinia_nodosa	0	0	0	0	0	0	0	0	0	0	0	0	0	0	1	0	0	0	0	0	0	0	0	0	0	0	0	0	0	0	0	0	0	0	0	0	0	0	0	0	0	0	0	0	0	0	0	0	0	0	0	0	0	0	0	0	0	
N30	2.17328e-09	4.30011e-08	7.27119e-07	7.96173e-06	5.77634e-05	0.00032499	0.00123584	0.00262199	0.00438705	0.0122878	0.0314714	0.0693867	0.176587	0.308075	0.270993	0.10437	0.0161612	0.00172293	0.000241185	5.43784e-05	1.10092e-05	1.66903e-06	1.14163e-07	1.14767e-08	7.49838e-10	2.9273e-10	5.24532e-11	1.92077e-11	2.06087e-12	4.55441e-13	2.66815e-14	3.04011e-15	9.12018e-17	4.81513e-18	6.95064e-20	2.34564e-21	1.90346e-23	3.69698e-25	3.20056e-27	4.33282e-29	2.24307e-31	3.89317e-33	1.38901e-35	1.51981e-37	6.22524e-40	3.5874e-42	9.86282e-45	1.11955e-46	1.77143e-49	8.70145e-52	1.87946e-54	1.42348e-56	1.63657e-59	6.79101e-62	1.02251e-64	9.50526e-67	7.85524e-69	
Isolepis_prolifera	0	0	0	0	0	0	0	0	0	0	0	0	0	0	0	0	0	0	0	0	0	0	0	0	0	0	0	0	0	0	0	0	1	0	0	0	0	0	0	0	0	0	0	0	0	0	0	0	0	0	0	0	0	0	0	0	0	
Isolepis_setacea	0	0	0	0	0	0	0	0	0	0	0	0	0	1	0	0	0	0	0	0	0	0	0	0	0	0	0	0	0	0	0	0	0	0	0	0	0	0	0	0	0	0	0	0	0	0	0	0	0	0	0	0	0	0	0	0	0	
Scirpoides_holoschoenus	0	0	0	0	0	0	0	0	0	0	0	0	0	0	0	0	0	0	0	0	1	0	0	0	0	0	0	0	0	0	0	0	0	0	0	0	0	0	0	0	0	0	0	0	0	0	0	0	0	0	0	0	0	0	0	0	0	
N31	1.12756e-05	8.07492e-05	0.000508546	0.00237105	0.00779469	0.0187814	0.0379239	0.0669544	0.103263	0.133393	0.130556	0.115735	0.0955449	0.0818302	0.0631968	0.0540514	0.0374956	0.0293846	0.0127062	0.00629179	0.0016135	0.000444973	5.72676e-05	9.65168e-06	6.43402e-07	5.87269e-08	2.44215e-09	1.3756e-10	3.36328e-12	1.33449e-13	2.14891e-15	6.04326e-17	7.39695e-19	1.3657e-20	1.2071e-22	2.34026e-24	1.44965e-26	1.74384e-28	1.0693e-30	1.24165e-32	5.20455e-35	4.88658e-37	1.71813e-39	1.56385e-41	4.84448e-44	2.72732e-46	7.25836e-49	5.60445e-51	1.0893e-53	4.76796e-56	9.68215e-59	4.95822e-61	7.41218e-64	2.9088e-66	5.33659e-69	3.86844e-71	3.8104e-73	
N32	6.13794e-07	5.24588e-06	4.01687e-05	0.000232483	0.000949894	0.00261057	0.00636651	0.0163053	0.0387206	0.0689733	0.0768825	0.0641606	0.0469328	0.0395752	0.0384823	0.0419449	0.0459602	0.0705859	0.0905468	0.123551	0.102243	0.0799796	0.0293563	0.0130721	0.00205909	0.000424154	3.49247e-05	3.77395e-06	1.60629e-07	1.08622e-08	2.74799e-10	1.18351e-11	2.05534e-13	5.70752e-15	6.75092e-17	1.66579e-18	1.37246e-20	2.22712e-22	1.76237e-24	2.5014e-26	1.36821e-28	1.80762e-30	8.11749e-33	9.6026e-35	4.1306e-37	3.00195e-39	1.05865e-41	1.15871e-43	2.84339e-46	1.67695e-48	4.683e-51	3.35821e-53	6.35995e-56	3.34113e-58	7.76143e-61	7.75114e-63	9.9899e-65	
Cyperus_fuscus	0	0	0	0	0	0	0	0	0	0	0	0	0	0	0	0	0	0	0	0	0	0	0	1	0	0	0	0	0	0	0	0	0	0	0	0	0	0	0	0	0	0	0	0	0	0	0	0	0	0	0	0	0	0	0	0	0	
Cyperus_eragrostis	0	0	0	0	0	0	0	0	0	0	0	0	0	0	0	0	0	0	0	0	1	0	0	0	0	0	0	0	0	0	0	0	0	0	0	0	0	0	0	0	0	0	0	0	0	0	0	0	0	0	0	0	0	0	0	0	0	
N33	5.01808e-15	1.52172e-12	9.94544e-11	1.45482e-08	5.48863e-09	5.43538e-08	7.38344e-06	0.000370695	5.15732e-06	8.93789e-06	5.26892e-05	1.05391e-06	2.32325e-05	0.0021291	0.0856746	0.890014	0.0215689	0.000143447	4.05953e-07	6.80911e-10	6.95395e-13	4.98133e-16	2.40693e-19	9.42318e-23	2.5522e-26	6.10289e-30	1.10309e-33	1.84588e-37	2.34691e-41	3.17559e-45	3.05967e-49	3.18954e-53	2.54571e-57	2.07104e-61	1.27027e-65	8.95692e-70	4.34106e-74	2.42331e-78	1.01279e-82	4.67565e-87	1.56532e-91	6.28095e-96	1.72115e-100	5.71052e-105	1.34606e-109	3.67182e-114	7.08052e-119	1.74908e-123	2.78523e-128	5.67385e-133	8.17617e-138	1.47551e-142	1.89159e-147	3.82023e-152	8.00346e-157	2.84883e-161	1.10142e-165	
Cyperus_involucratus	0	0	0	0	0	0	0	0	0	0	0	0	0	0	0	1	0	0	0	0	0	0	0	0	0	0	0	0	0	0	0	0	0	0	0	0	0	0	0	0	0	0	0	0	0	0	0	0	0	0	0	0	0	0	0	0	0	
Cyperus_alternifolius	0	0	0	0	0	0	0	0	0	0	0	0	0	0	0	1	0	0	0	0	0	0	0	0	0	0	0	0	0	0	0	0	0	0	0	0	0	0	0	0	0	0	0	0	0	0	0	0	0	0	0	0	0	0	0	0	0	
N34	2.26478e-06	2.93598e-05	0.000260414	0.00153675	0.00556685	0.016704	0.0448701	0.103419	0.160156	0.191609	0.179621	0.146067	0.0862635	0.0422452	0.0162046	0.00458789	0.000763644	8.84802e-05	5.53748e-06	2.56775e-07	7.08057e-09	1.54023e-10	2.09674e-12	2.68891e-14	2.09587e-16	1.63771e-18	8.64886e-21	4.56782e-23	1.61353e-25	6.46337e-28	1.64423e-30	4.89164e-33	9.88359e-36	2.2227e-38	3.43156e-41	6.80205e-44	8.18327e-47	1.25037e-49	1.32723e-52	1.7149e-55	1.44638e-58	1.65792e-61	1.16916e-64	1.14278e-67	7.28486e-71	5.79451e-74	3.1179e-77	2.47061e-80	1.10961e-83	7.01811e-87	3.01624e-90	1.75149e-93	6.56575e-97	4.02626e-100	2.29876e-103	2.46397e-106	3.25473e-109	
Schoenoplectus_hallii	0	0	0	0	0	0	0	0	0	0	1	0	0	0	0	0	0	0	0	0	0	0	0	0	0	0	0	0	0	0	0	0	0	0	0	0	0	0	0	0	0	0	0	0	0	0	0	0	0	0	0	0	0	0	0	0	0	
N35	1.92968e-07	3.25421e-06	4.15132e-05	0.000341206	0.00168844	0.0062573	0.0215075	0.0582763	0.118383	0.154376	0.141686	0.152907	0.120835	0.0787524	0.0565438	0.0493072	0.0189904	0.0171072	0.00209554	0.000855261	3.84379e-05	5.79681e-06	9.75115e-08	7.56349e-09	6.1057e-11	2.38321e-12	1.28725e-14	2.85405e-16	8.87606e-19	1.65037e-20	3.62719e-23	5.62097e-25	1.54987e-27	8.96993e-30	1.7341e-32	3.92042e-34	3.31473e-37	1.70012e-39	3.57684e-42	4.03372e-44	2.34421e-47	1.02971e-49	8.06464e-53	1.06148e-54	4.69897e-58	1.07321e-60	6.66228e-64	7.44763e-66	2.11829e-69	3.81499e-72	1.7484e-75	1.31444e-77	2.91391e-81	5.26973e-84	1.56804e-87	1.01836e-89	2.79998e-92	
Schoenoplectus_articulatus	0	0	0	0	0	0	0	0	0	0	0	0	0	0	1	0	0	0	0	0	0	0	0	0	0	0	0	0	0	0	0	0	0	0	0	0	0	0	0	0	0	0	0	0	0	0	0	0	0	0	0	0	0	0	0	0	0	
N36	3.70582e-16	1.40593e-13	1.68574e-11	1.83522e-09	1.01864e-07	8.19582e-08	6.78107e-07	8.52691e-06	0.000489177	0.00221013	0.000419008	0.000277248	0.00143825	0.000357497	9.67481e-05	8.39331e-05	0.00221238	0.0558218	0.442877	0.439588	0.0520916	0.0020134	1.48947e-05	8.55425e-08	1.58399e-10	3.32077e-13	2.79845e-16	2.90172e-19	1.2589e-22	8.00016e-26	2.07124e-29	8.55264e-33	1.59179e-36	4.45374e-40	5.93415e-44	1.67512e-47	1.65456e-51	3.09508e-55	3.26362e-59	5.31285e-63	3.75483e-67	5.80023e-71	3.30798e-75	4.46512e-79	2.31813e-83	2.01657e-87	8.67833e-92	1.03194e-95	3.20149e-100	2.22159e-104	7.12999e-109	5.87241e-113	1.36812e-117	7.80206e-122	2.1056e-126	2.16537e-130	2.40842e-134	
N37	3.81754e-22	1.2015e-18	8.59197e-16	3.56814e-13	1.82616e-10	8.54566e-11	2.85844e-09	1.8781e-08	5.25691e-06	0.000302254	0.000116304	1.09005e-05	1.72491e-05	8.81558e-06	1.52899e-06	1.00625e-06	3.26632e-06	0.000459661	0.0478359	0.741836	0.199286	0.0101028	1.28664e-05	3.90931e-08	4.87809e-11	9.66035e-14	1.34645e-16	5.4152e-20	1.8017e-23	4.69865e-27	2.69757e-31	1.2667e-34	7.60627e-39	8.08528e-42	3.11323e-46	2.63962e-49	5.65835e-54	2.54096e-57	3.12677e-62	4.91185e-66	4.13313e-71	3.40061e-75	2.12619e-80	1.24188e-84	1.02045e-89	2.58954e-94	1.87608e-99	3.73846e-103	1.67458e-108	1.68363e-112	6.23596e-117	1.90917e-121	1.31614e-126	2.71288e-130	8.01212e-136	6.02058e-140	8.46569e-144	
Schoenoplectus_smithii_var_smithii	0	0	0	0	0	0	0	0	0	0	0	0	0	0	0	0	0	0	0	1	0	0	0	0	0	0	0	0	0	0	0	0	0	0	0	0	0	0	0	0	0	0	0	0	0	0	0	0	0	0	0	0	0	0	0	0	0	
Schoenoplectiella_hotarui	0	0	0	0	0	0	0	0	0	0	0	0	0	0	0	0	0	0	0	0	0	1	0	0	0	0	0	0	0	0	0	0	0	0	0	0	0	0	0	0	0	0	0	0	0	0	0	0	0	0	0	0	0	0	0	0	0	
Schoenoplectus_purshianus_var_purshianus	0	0	0	0	0	0	0	0	0	0	0	0	0	0	0	0	0	0	1	0	0	0	0	0	0	0	0	0	0	0	0	0	0	0	0	0	0	0	0	0	0	0	0	0	0	0	0	0	0	0	0	0	0	0	0	0	0	
Fuirena_ciliaris	0	0	0	0	0	0	0	0	0	0	0	0	0	0	0	0	0	0	1	0	0	0	0	0	0	0	0	0	0	0	0	0	0	0	0	0	0	0	0	0	0	0	0	0	0	0	0	0	0	0	0	0	0	0	0	0	0	
N38	1.92907e-13	2.18684e-11	1.36736e-09	1.02914e-08	1.90322e-07	5.61117e-06	1.30457e-05	1.03412e-05	1.03053e-05	2.88973e-05	0.000356728	0.0038118	0.00194841	0.00888157	0.00786807	0.00131767	0.000283106	0.000184032	0.000990926	0.00108829	0.000544443	0.00105304	0.0226364	0.0906694	0.0523668	0.0201482	0.018821	0.178513	0.29627	0.23373	0.0563157	0.00211156	2.0823e-05	1.20631e-07	3.8835e-10	1.18941e-12	2.63027e-15	3.09656e-16	1.09555e-16	3.93855e-17	8.90458e-18	2.14961e-18	2.97059e-19	4.16428e-20	3.21446e-21	1.98141e-22	4.90203e-24	3.40157e-26	8.37022e-29	1.82025e-31	2.25217e-34	2.80661e-37	2.22948e-40	2.3531e-43	2.34357e-46	3.2673e-49	4.94459e-52	
Bolboschoenus_planiculmis	0	0	0	0	0	0	0	0	0	0	0	0	0	0	0	0	0	0	0	0	0	0	0	0	0	0	0	1	0	0	0	0	0	0	0	0	0	0	0	0	0	0	0	0	0	0	0	0	0	0	0	0	0	0	0	0	0	
Bolboschoenus_fluviatilis	0	0	0	0	0	0	0	0	0	0	0	0	0	0	0	0	0	0	0	0	0	0	0	0	0	0	0	0	0	0	0	0	0	0	0	0	0	0	0	0	0	0	0	0	0	0	1	0	0	0	0	0	0	0	0	0	0	
