NODE	1	2	3	4	5	6	7	8	9	10	11	12	13	14	15	16	17	18	19	20	21	22	23	24	25	26	27	28	29	30	31	32	33	34	35	36	37	38	39	40	41	42	43	44	45	46	47	48	49	50	51	52	53	54	55	56	57	58	59	60	61	62	63	64	65	66	67	68	69	70	71	
N1	0.124674	0.122879	0.119109	0.113102	0.104674	0.0939067	0.0812379	0.0674537	0.0535444	0.0405004	0.0291151	0.0198502	0.0128146	0.00782275	0.0045114	0.0024559	0.00126133	0.000610916	0.000278977	0.000120093	4.87319e-05	1.86406e-05	6.72191e-06	2.28534e-06	7.3265e-07	2.21504e-07	6.31641e-08	1.69909e-08	4.31198e-09	1.03252e-09	2.33307e-10	4.97511e-11	1.00129e-11	1.9021e-12	3.41078e-13	8.95645e-17	3.58044e-17	1.39077e-17	5.24943e-18	1.9254e-18	6.86287e-19	2.37732e-19	8.0037e-20	2.61906e-20	8.33066e-21	2.5759e-21	7.74334e-22	2.26318e-22	6.4319e-23	1.7776e-23	4.77804e-24	1.24921e-24	3.17719e-25	7.86196e-26	1.89303e-26	4.43601e-27	1.01183e-27	2.24689e-28	4.85866e-29	1.02337e-29	2.10031e-30	4.20236e-31	8.20342e-32	1.5643e-32	2.91989e-33	5.35397e-34	9.70362e-35	1.75676e-35	3.2322e-36	6.2487e-37	1.55011e-37	
N2	0.0239385	0.025636	0.0281302	0.0313442	0.0353423	0.0399608	0.044667	0.0493893	0.0538012	0.0571743	0.0595739	0.0608148	0.0603336	0.058601	0.0557464	0.0515218	0.0466685	0.0414638	0.0358063	0.030357	0.0252911	0.020486	0.0163196	0.0127971	0.00975382	0.0073229	0.00542039	0.00389573	0.00276175	0.00193282	0.00131163	0.000878981	0.000582197	0.000373191	0.000236542	0.000148376	8.9858e-05	5.3875e-05	3.20029e-05	1.83159e-05	1.0389e-05	5.84375e-06	3.15961e-06	1.69533e-06	9.03229e-07	4.61342e-07	2.3411e-07	1.18082e-07	5.7007e-08	2.7369e-08	1.30705e-08	5.96356e-09	2.70995e-09	1.22689e-09	5.29584e-10	2.2803e-10	9.79919e-11	4.01772e-11	1.64771e-11	6.76687e-12	2.66245e-12	1.05647e-12	4.24162e-13	1.65571e-13	6.637e-14	2.74783e-14	1.14737e-14	5.10623e-15	2.50432e-15	1.44418e-15	1.16037e-15	
Lepironia_articulata	0	0	0	0	0	0	0	0	0	0	0	0	0	0	0	0	1	0	0	0	0	0	0	0	0	0	0	0	0	0	0	0	0	0	0	0	0	0	0	0	0	0	0	0	0	0	0	0	0	0	0	0	0	0	0	0	0	0	0	0	0	0	0	0	0	0	0	0	0	0	0	
Chrysitrix_capensis	0	0	0	0	0	0	0	0	0	0	0	0	0	0	0	0	0	0	0	0	0	0	1	0	0	0	0	0	0	0	0	0	0	0	0	0	0	0	0	0	0	0	0	0	0	0	0	0	0	0	0	0	0	0	0	0	0	0	0	0	0	0	0	0	0	0	0	0	0	0	0	
N3	0.110837	0.113126	0.113078	0.110145	0.104625	0.0963724	0.0850163	0.0720183	0.0583963	0.0448181	0.0327692	0.022811	0.0149399	0.00930451	0.00551838	0.00306834	0.00162702	0.000825929	0.000391748	0.000178657	7.89351e-05	3.24384e-05	1.30231e-05	5.16675e-06	1.88768e-06	6.89692e-07	2.54981e-07	8.48891e-08	2.88461e-08	1.00469e-08	3.06903e-09	9.67352e-10	3.12839e-10	8.64542e-11	2.49359e-11	7.45843e-12	1.85486e-12	4.86213e-13	1.33351e-13	3.03749e-14	7.3476e-15	1.85541e-15	3.82981e-16	8.55817e-17	2.04764e-17	3.83673e-18	7.81001e-19	1.70541e-19	2.96765e-20	5.57267e-21	1.09866e-21	1.70761e-22	2.92864e-23	5.45919e-24	7.57119e-25	1.15936e-25	1.93327e-26	2.50945e-27	3.56312e-28	5.36173e-29	6.21197e-30	8.09485e-31	1.16756e-31	1.2114e-32	1.42447e-33	1.88267e-34	1.96135e-35	2.42168e-36	3.68229e-37	6.44443e-38	2.17466e-38	
N4	0.110368	0.111299	0.108936	0.103514	0.0961268	0.0872595	0.0768989	0.0662357	0.055773	0.0455541	0.0363708	0.0284024	0.0214962	0.01592	0.0115523	0.00811873	0.00559877	0.00379751	0.00249313	0.00161431	0.00103483	0.000641654	0.000395518	0.000243567	0.000144742	8.63662e-05	5.20164e-05	3.00331e-05	1.757e-05	1.04529e-05	5.90533e-06	3.40119e-06	1.99938e-06	1.1029e-06	6.23663e-07	3.61587e-07	1.94245e-07	1.07468e-07	6.11843e-08	3.20891e-08	1.7397e-08	9.71924e-09	4.96219e-09	2.63491e-09	1.4513e-09	7.20919e-10	3.73446e-10	2.01059e-10	9.75822e-11	4.93871e-11	2.59083e-11	1.2172e-11	6.0021e-12	3.0945e-12	1.40586e-12	6.71749e-13	3.36253e-13	1.4935e-13	6.96947e-14	3.39278e-14	1.45953e-14	6.66401e-15	3.22084e-15	1.36297e-15	6.23349e-16	3.11168e-16	1.47793e-16	8.36176e-17	5.86613e-17	4.96286e-17	5.85865e-17	
Calyptrocarya_glomerulata	0	0	0	0	0	0	0	0	0	1	0	0	0	0	0	0	0	0	0	0	0	0	0	0	0	0	0	0	0	0	0	0	0	0	0	0	0	0	0	0	0	0	0	0	0	0	0	0	0	0	0	0	0	0	0	0	0	0	0	0	0	0	0	0	0	0	0	0	0	0	0	
Scleria_foliosa	0	0	0	0	0	0	0	0	0	1	0	0	0	0	0	0	0	0	0	0	0	0	0	0	0	0	0	0	0	0	0	0	0	0	0	0	0	0	0	0	0	0	0	0	0	0	0	0	0	0	0	0	0	0	0	0	0	0	0	0	0	0	0	0	0	0	0	0	0	0	0	
N5	0.102464	0.105274	0.106548	0.105546	0.102284	0.0963275	0.0869336	0.0753949	0.0626373	0.0492063	0.0368602	0.0263341	0.017667	0.0113008	0.00691306	0.00394862	0.00216407	0.00114635	0.000561769	0.000268208	0.000126547	5.42567e-05	2.33427e-05	1.02807e-05	3.95889e-06	1.59894e-06	6.88952e-07	2.42409e-07	9.32678e-08	3.91188e-08	1.26831e-08	4.62936e-09	1.8397e-09	5.37659e-10	1.83641e-10	7.10027e-11	1.86585e-11	5.85215e-12	2.10892e-12	5.32442e-13	1.60254e-13	5.26818e-14	1.18048e-14	3.34674e-15	1.14451e-15	2.27921e-16	5.76252e-17	1.76906e-17	3.55651e-18	8.72131e-19	2.30354e-19	3.98652e-20	9.23471e-21	2.69833e-21	3.99963e-22	7.87754e-23	1.96374e-23	3.13524e-24	6.21262e-25	1.33428e-25	1.80585e-26	3.34267e-27	7.87998e-28	8.92863e-29	1.41257e-29	2.98398e-30	3.98819e-31	6.56319e-32	1.23197e-32	2.5707e-33	1.87597e-33	
N6	0.0323154	0.0351133	0.0394247	0.0449455	0.0514937	0.0585032	0.0648134	0.0700601	0.0736122	0.0743794	0.0727731	0.0689486	0.0626101	0.0550722	0.0469917	0.0384093	0.0305142	0.0236199	0.017506	0.0126774	0.00900057	0.00611199	0.00408345	0.00269468	0.00169574	0.00105838	0.000657757	0.000387363	0.000227913	0.000134347	7.44716e-05	4.14671e-05	2.32144e-05	1.21059e-05	6.37424e-06	3.38929e-06	1.66091e-06	8.25132e-07	4.15232e-07	1.91636e-07	8.99231e-08	4.27879e-08	1.85449e-08	8.21429e-09	3.71035e-09	1.51001e-09	6.29653e-10	2.68288e-10	1.02967e-10	4.05056e-11	1.62545e-11	5.84425e-12	2.16583e-12	8.24683e-13	2.77717e-13	9.65792e-14	3.45705e-14	1.10036e-14	3.61448e-15	1.21852e-15	3.64221e-16	1.13355e-16	3.6672e-17	1.04718e-17	3.17017e-18	1.02625e-18	3.15454e-19	1.10946e-19	4.56474e-20	2.16305e-20	1.54708e-20	
N7	5.81558e-07	1.17359e-06	3.21262e-06	9.30725e-06	2.62533e-05	6.9985e-05	0.000174052	0.00040507	0.000883847	0.00179701	0.00343738	0.00619532	0.0104681	0.0166754	0.025073	0.0354334	0.0476568	0.0613351	0.0750596	0.0875703	0.0966409	0.0991224	0.0946968	0.0841442	0.06918	0.0536529	0.0398703	0.0286328	0.0203685	0.0144303	0.0100005	0.00676121	0.00439704	0.00268479	0.00154694	0.000837763	0.000419387	0.000196686	8.64455e-05	3.50482e-05	1.33272e-05	4.75869e-06	1.56854e-06	4.8637e-07	1.42079e-07	3.8363e-08	9.77888e-09	2.35684e-09	5.26069e-10	1.11274e-10	2.23395e-11	4.16258e-12	7.38197e-13	1.24811e-13	1.96384e-14	2.95571e-15	4.26401e-16	5.7536e-17	7.47753e-18	9.38646e-19	1.1121e-19	1.28302e-20	1.44641e-21	1.5618e-22	1.66318e-23	1.74887e-24	1.78633e-25	1.80678e-26	1.81018e-27	1.84348e-28	2.78473e-29	
Cladium_mariscus	0	0	0	0	0	0	0	0	0	0	0	0	0	0	0	0	0	1	0	0	0	0	0	0	0	0	0	0	0	0	0	0	0	0	0	0	0	0	0	0	0	0	0	0	0	0	0	0	0	0	0	0	0	0	0	0	0	0	0	0	0	0	0	0	0	0	0	0	0	0	0	
Cladium_mariscoides	0	0	0	0	0	0	0	0	0	0	0	0	0	0	0	0	0	0	0	0	0	0	0	0	0	0	0	0	0	0	0	0	0	0	0	0	0	0	1	0	0	0	0	0	0	0	0	0	0	0	0	0	0	0	0	0	0	0	0	0	0	0	0	0	0	0	0	0	0	0	0	
N8	0.00963975	0.0109223	0.0132653	0.0168318	0.0218886	0.0285584	0.0365512	0.0456924	0.0554013	0.0643961	0.0720753	0.0775958	0.0796429	0.0785614	0.0745294	0.0673678	0.0586287	0.0491971	0.0393446	0.0303896	0.0227156	0.0161825	0.0111784	0.00750553	0.00479845	0.00298892	0.00181929	0.00105176	0.000595554	0.000331314	0.000174406	9.03832e-05	4.62326e-05	2.2246e-05	1.05895e-05	4.9972e-06	2.20091e-06	9.62684e-07	4.18736e-07	1.68912e-07	6.78755e-08	2.71767e-08	1.00208e-08	3.69568e-09	1.36338e-09	4.59325e-10	1.55257e-10	5.26303e-11	1.62416e-11	5.03887e-12	1.56909e-12	4.42442e-13	1.25989e-13	3.61894e-14	9.32599e-15	2.4328e-15	6.41521e-16	1.51824e-16	3.63958e-17	8.81345e-18	1.90814e-18	4.2128e-19	9.48289e-20	1.90467e-20	3.96612e-21	8.63593e-22	1.7829e-22	4.08199e-23	1.06237e-23	3.20202e-24	1.59018e-24	
N9	0.00514942	0.00588673	0.00724695	0.0093321	0.0123231	0.0163637	0.0214384	0.0276202	0.0347939	0.0424416	0.0502883	0.0577948	0.0639806	0.0685929	0.0712393	0.0711856	0.0689342	0.0647622	0.0585536	0.0514211	0.0439395	0.036145	0.0289824	0.0227131	0.0171428	0.0126848	0.00923826	0.00648122	0.00449241	0.00309058	0.00204462	0.00134658	0.000886497	0.000558007	0.000351847	0.00022296	0.000133903	8.09493e-05	4.93726e-05	2.83362e-05	1.64465e-05	9.66609e-06	5.31339e-06	2.97189e-06	1.69288e-06	8.95658e-07	4.84454e-07	2.67865e-07	1.37058e-07	7.1857e-08	3.85362e-08	1.89926e-08	9.62765e-09	5.01266e-09	2.37173e-09	1.15591e-09	5.7934e-10	2.63632e-10	1.23579e-10	5.9495e-11	2.58929e-11	1.16885e-11	5.4711e-12	2.30865e-12	1.02679e-12	4.85126e-13	2.1902e-13	1.10848e-13	6.36858e-14	4.06522e-14	3.58125e-14	
Schoenus_brevifolius	0	0	0	0	0	0	0	0	0	0	0	0	0	0	0	0	0	0	0	0	0	0	0	0	0	0	0	0	0	0	0	0	0	0	0	0	0	0	0	0	0	0	0	0	0	0	0	0	0	0	0	0	0	0	0	0	0	0	0	0	1	0	0	0	0	0	0	0	0	0	0	
N10	0.0130247	0.0146283	0.0174473	0.0215606	0.0271025	0.033997	0.0417859	0.0501303	0.0583895	0.0655425	0.0710798	0.0744206	0.0749054	0.07276	0.0682314	0.0615456	0.0536207	0.0451461	0.0365918	0.0286746	0.0217367	0.0158694	0.0112105	0.00766688	0.00505012	0.00322108	0.00199071	0.00118478	0.000683471	0.000382502	0.000206134	0.000107831	5.48156e-05	2.68315e-05	1.27727e-05	5.92074e-06	2.64208e-06	1.14897e-06	4.87585e-07	1.99093e-07	7.93852e-08	3.09512e-08	1.16007e-08	4.25439e-09	1.52863e-09	5.27311e-10	1.78318e-10	5.91844e-11	1.88356e-11	5.88658e-12	1.80854e-12	5.32041e-13	1.53984e-13	4.38916e-14	1.19635e-14	3.21484e-15	8.52779e-16	2.16407e-16	5.43393e-17	1.35301e-17	3.2376e-18	7.73517e-19	1.85295e-19	4.32772e-20	1.0264e-20	2.48137e-21	5.98569e-22	1.48982e-22	3.88565e-23	1.13739e-23	5.18449e-24	
Schoenus_apogon	0	0	0	1	0	0	0	0	0	0	0	0	0	0	0	0	0	0	0	0	0	0	0	0	0	0	0	0	0	0	0	0	0	0	0	0	0	0	0	0	0	0	0	0	0	0	0	0	0	0	0	0	0	0	0	0	0	0	0	0	0	0	0	0	0	0	0	0	0	0	0	
Schoenus_nigricans	0	0	0	0	0	0	0	0	0	0	0	0	0	0	0	0	0	0	0	0	0	1	0	0	0	0	0	0	0	0	0	0	0	0	0	0	0	0	0	0	0	0	0	0	0	0	0	0	0	0	0	0	0	0	0	0	0	0	0	0	0	0	0	0	0	0	0	0	0	0	0	
N11	0.009049	0.0102034	0.0122986	0.0154992	0.0200682	0.0261584	0.0336079	0.0422999	0.0517533	0.060909	0.0690828	0.0753899	0.0786104	0.0787419	0.0758154	0.0696785	0.0616032	0.0524824	0.0426833	0.0335034	0.0254486	0.0184425	0.01296	0.00886648	0.00577133	0.00366764	0.00228988	0.00135069	0.000785688	0.000454966	0.000245621	0.000132684	7.26226e-05	3.61884e-05	1.84192e-05	9.7187e-06	4.49971e-06	2.17953e-06	1.11816e-06	4.84532e-07	2.24769e-07	1.11909e-07	4.516e-08	1.99968e-08	9.68245e-09	3.6282e-09	1.51402e-09	6.9608e-10	2.45789e-10	9.71177e-11	4.18691e-11	1.35922e-11	5.06061e-12	2.12337e-12	6.32368e-13	2.17295e-13	8.48294e-14	2.43972e-14	8.01887e-15	2.89283e-15	7.54207e-16	2.35409e-16	8.62129e-17	2.04916e-17	5.86855e-18	2.00801e-18	4.98581e-19	1.5366e-19	6.17028e-20	3.01689e-20	3.3797e-20	
Oreobolus_pectinatus	0	0	0	0	0	0	0	0	0	0	0	0	0	0	0	0	0	0	1	0	0	0	0	0	0	0	0	0	0	0	0	0	0	0	0	0	0	0	0	0	0	0	0	0	0	0	0	0	0	0	0	0	0	0	0	0	0	0	0	0	0	0	0	0	0	0	0	0	0	0	0	
N12	0.00783096	0.0087829	0.0104937	0.0130987	0.0168293	0.0218459	0.0280777	0.0355289	0.0439219	0.0524796	0.0607074	0.0678569	0.0727659	0.07524	0.0750455	0.0716955	0.0661025	0.0589114	0.0502841	0.0415529	0.0333356	0.0256064	0.0191428	0.0139896	0.00977238	0.00669978	0.00454009	0.00292683	0.00187548	0.00120642	0.000731314	0.000447871	0.00027994	0.000161979	9.62668e-05	5.91935e-05	3.28368e-05	1.89302e-05	1.13652e-05	6.0296e-06	3.34825e-06	1.93888e-06	9.73409e-07	5.16636e-07	2.88687e-07	1.36701e-07	6.89043e-08	3.67895e-08	1.66163e-08	8.0192e-09	4.09003e-09	1.74141e-09	8.05161e-10	4.01676e-10	1.61318e-10	7.06828e-11	3.35817e-11	1.30439e-11	5.50884e-12	2.4856e-12	9.05599e-13	3.66658e-13	1.6349e-13	5.63355e-14	2.17913e-14	9.46369e-15	3.43541e-15	1.51082e-15	8.48306e-16	5.72972e-16	6.5411e-16	
Gahnia_aspera	0	0	0	0	0	0	0	0	0	0	0	0	0	0	0	0	0	0	0	0	0	0	0	0	0	0	0	0	0	0	0	0	0	0	0	0	0	0	0	1	0	0	0	0	0	0	0	0	0	0	0	0	0	0	0	0	0	0	0	0	0	0	0	0	0	0	0	0	0	0	0	
N13	0.00623835	0.00732189	0.00937191	0.0125279	0.0170134	0.0229676	0.0302504	0.0387824	0.0481638	0.0574655	0.0660879	0.0731887	0.0776021	0.0791533	0.0776713	0.0729431	0.0659025	0.0572996	0.0476749	0.0381718	0.0294227	0.0216928	0.0153962	0.0105251	0.00687938	0.00433262	0.00263195	0.00152862	0.000857169	0.000464743	0.000241025	0.000121032	5.89537e-05	2.7478e-05	1.24424e-05	5.48385e-06	2.31191e-06	9.49827e-07	3.80935e-07	1.45951e-07	5.46237e-08	1.99978e-08	6.97703e-09	2.3821e-09	7.96802e-10	2.53173e-10	7.88246e-11	2.40715e-11	6.96306e-12	1.97602e-12	5.50599e-13	1.44925e-13	3.74886e-14	9.53838e-15	2.28648e-15	5.39729e-16	1.25578e-16	2.75168e-17	5.95558e-18	1.27515e-18	2.57856e-19	5.19304e-20	1.04556e-20	2.01559e-21	3.94325e-22	7.86934e-23	1.55149e-23	3.16885e-24	6.75794e-25	1.58387e-25	5.94361e-26	
Tetraria_capillaris	0	0	0	0	0	0	0	0	0	1	0	0	0	0	0	0	0	0	0	0	0	0	0	0	0	0	0	0	0	0	0	0	0	0	0	0	0	0	0	0	0	0	0	0	0	0	0	0	0	0	0	0	0	0	0	0	0	0	0	0	0	0	0	0	0	0	0	0	0	0	0	
N14	0.000224672	0.000323574	0.000562695	0.00104425	0.00195113	0.0035576	0.00620288	0.0103218	0.0163411	0.0244052	0.0345867	0.0464992	0.0589442	0.0709065	0.0810388	0.0874437	0.0898827	0.0881738	0.0818687	0.0725339	0.0612998	0.0487959	0.0369933	0.0267828	0.0183008	0.0120472	0.00770093	0.00470954	0.00282733	0.00167382	0.000948473	0.000528376	0.00028913	0.000148815	7.47776e-05	3.66978e-05	1.66678e-05	7.37857e-06	3.1882e-06	1.26197e-06	4.87715e-07	1.84207e-07	6.32236e-08	2.12678e-08	7.01774e-09	2.08875e-09	6.1183e-10	1.76478e-10	4.57956e-11	1.17432e-11	2.9749e-12	6.75419e-13	1.52496e-13	3.42403e-14	6.84116e-15	1.36528e-15	2.72047e-16	4.82658e-17	8.5742e-18	1.52234e-18	2.39969e-19	3.81602e-20	6.12377e-21	8.71929e-22	1.27352e-22	1.92354e-23	2.72744e-24	4.20563e-25	7.13699e-26	1.33278e-26	4.12112e-27	
Machaerina_mariscoides	0	0	0	0	0	0	0	0	0	0	0	0	0	0	0	0	0	0	0	0	0	0	0	0	0	0	0	0	0	0	0	0	0	0	0	0	0	0	1	0	0	0	0	0	0	0	0	0	0	0	0	0	0	0	0	0	0	0	0	0	0	0	0	0	0	0	0	0	0	0	0	
Baumea_articulata	0	0	0	0	0	0	0	0	0	0	0	1	0	0	0	0	0	0	0	0	0	0	0	0	0	0	0	0	0	0	0	0	0	0	0	0	0	0	0	0	0	0	0	0	0	0	0	0	0	0	0	0	0	0	0	0	0	0	0	0	0	0	0	0	0	0	0	0	0	0	0	
N15	0.0903877	0.0934914	0.0958299	0.0966551	0.0958045	0.0926736	0.0863705	0.0777464	0.0674067	0.0557184	0.0442135	0.0336844	0.0243806	0.016947	0.0113356	0.00719501	0.00440609	0.00261385	0.00147004	0.000804893	0.000431983	0.000219361	0.000110003	5.49567e-05	2.57981e-05	1.21687e-05	5.81339e-06	2.56665e-06	1.15434e-06	5.30587e-07	2.21149e-07	9.46859e-08	4.15512e-08	1.62196e-08	6.56756e-09	2.75029e-09	1.00348e-09	3.82855e-10	1.52049e-10	5.23995e-11	1.89789e-11	7.14759e-12	2.30641e-12	7.91584e-13	2.86832e-13	8.65895e-14	2.78956e-14	9.51095e-15	2.72357e-15	8.30243e-16	2.65023e-16	7.04157e-17	2.02209e-17	6.21669e-18	1.53264e-18	4.09212e-19	1.17222e-19	2.7619e-20	7.00688e-21	1.87712e-21	4.1015e-22	9.8252e-23	2.55366e-23	5.19273e-24	1.16648e-24	2.88659e-25	6.03453e-26	1.48733e-26	4.51486e-27	1.64311e-27	1.11921e-27	
N16	0.136702	0.136248	0.130281	0.119577	0.106038	0.0908615	0.0747411	0.0593826	0.0455657	0.0335288	0.0238118	0.0163207	0.0107146	0.00678558	0.00414688	0.0024246	0.00136799	0.000745386	0.000388202	0.00019536	9.51303e-05	4.4246e-05	1.99368e-05	8.72048e-06	3.64028e-06	1.47795e-06	5.85147e-07	2.20743e-07	8.138e-08	2.94044e-08	1.0098e-08	3.4053e-09	1.13053e-09	3.55176e-10	1.10057e-10	3.3705e-11	9.70859e-12	2.76771e-12	7.81975e-13	2.06733e-13	5.42406e-14	1.41318e-14	3.42662e-15	8.27459e-16	1.99078e-16	4.43026e-17	9.84648e-18	2.18571e-18	4.47636e-19	9.17453e-20	1.88021e-20	3.54072e-21	6.69673e-22	1.27132e-22	2.20298e-23	3.84212e-24	6.73888e-25	1.0789e-25	1.74048e-26	2.82498e-27	4.17811e-28	6.26772e-29	9.54629e-30	1.33028e-30	1.91463e-31	2.86867e-32	4.15124e-33	6.53038e-34	1.13099e-34	2.17902e-35	6.62148e-36	
N17	0.109451	0.111035	0.109851	0.1058	0.0995997	0.0914286	0.0810847	0.0697807	0.0581724	0.046562	0.0359984	0.0268637	0.0191796	0.0131994	0.00875622	0.00554481	0.00338292	0.00198932	0.00111482	0.000602202	0.000313832	0.000155665	7.4534e-05	3.44921e-05	1.51749e-05	6.46012e-06	2.66535e-06	1.04401e-06	3.96887e-07	1.46688e-07	5.13984e-08	1.7535e-08	5.83408e-09	1.83634e-09	5.64658e-10	1.69872e-10	4.8205e-11	1.34028e-11	3.65555e-12	9.38292e-13	2.36561e-13	5.86273e-14	1.36363e-14	3.1243e-15	7.05585e-16	1.49055e-16	3.10916e-17	6.40651e-18	1.23326e-18	2.34869e-19	4.42507e-20	7.77315e-21	1.35469e-21	2.34247e-22	3.76435e-23	6.01473e-24	9.55584e-25	1.41192e-25	2.07895e-26	3.05092e-27	4.17194e-28	5.7283e-29	7.91741e-30	1.03154e-30	1.37538e-31	1.88755e-32	2.54416e-33	3.6121e-34	5.42494e-35	8.82874e-36	2.27752e-36	
Rhynchospora_corniculata	0	0	0	0	0	0	0	0	1	0	0	0	0	0	0	0	0	0	0	0	0	0	0	0	0	0	0	0	0	0	0	0	0	0	0	0	0	0	0	0	0	0	0	0	0	0	0	0	0	0	0	0	0	0	0	0	0	0	0	0	0	0	0	0	0	0	0	0	0	0	0	
N18	0.0830712	0.0875479	0.092714	0.0972473	0.100133	0.099889	0.0948836	0.0857754	0.0734487	0.0589304	0.0445522	0.0317102	0.0210439	0.0131315	0.00770838	0.00420935	0.00216263	0.00104661	0.000470427	0.000199402	7.98806e-05	2.96838e-05	1.04485e-05	3.49485e-06	1.08269e-06	3.19873e-07	9.05074e-08	2.36515e-08	5.94389e-09	1.44309e-09	3.22307e-10	6.98275e-11	1.47282e-11	2.83894e-12	5.35195e-13	9.8931e-14	1.65619e-14	2.72908e-15	4.43177e-16	6.48033e-17	9.37461e-18	1.34103e-18	1.71637e-19	2.18839e-20	2.77868e-21	3.12932e-22	3.52998e-23	3.98518e-24	3.98851e-25	4.01344e-26	4.04899e-27	3.60435e-28	3.25044e-29	2.96411e-30	2.35726e-31	1.90628e-32	1.56407e-33	1.12371e-34	8.21596e-36	6.08431e-37	3.93052e-38	2.6068e-39	1.77168e-40	1.04233e-41	6.38529e-43	4.09741e-44	2.41683e-45	1.57866e-46	1.15078e-47	8.95163e-49	1.12484e-49	
Rhynchospora_albiceps	0	0	0	0	0	0	0	0	0	1	0	0	0	0	0	0	0	0	0	0	0	0	0	0	0	0	0	0	0	0	0	0	0	0	0	0	0	0	0	0	0	0	0	0	0	0	0	0	0	0	0	0	0	0	0	0	0	0	0	0	0	0	0	0	0	0	0	0	0	0	0	
N19	0.0569486	0.0648461	0.0772701	0.0913831	0.104063	0.111794	0.111312	0.102802	0.087785	0.0686443	0.0494489	0.0327966	0.0198287	0.0110222	0.00563769	0.00262031	0.00112129	0.000442932	0.000158698	5.26576e-05	1.62668e-05	4.55315e-06	1.19398e-06	2.95748e-07	6.61961e-08	1.41251e-08	2.90231e-09	5.34238e-10	9.55255e-11	1.67193e-11	2.58589e-12	3.94075e-13	5.92841e-14	7.74329e-15	1.00835e-15	1.30829e-16	1.44684e-17	1.61072e-18	1.80086e-19	1.70933e-20	1.64757e-21	1.60173e-22	1.31006e-23	1.1049e-24	9.56698e-26	6.81628e-27	5.04721e-28	3.86177e-29	2.44783e-30	1.61429e-31	1.09266e-32	6.07448e-34	3.56749e-35	2.19541e-36	1.0738e-37	5.56598e-39	3.03327e-40	1.34415e-41	6.29081e-43	3.05639e-44	1.19929e-45	5.06514e-47	2.28206e-48	7.99923e-50	3.04558e-51	1.25656e-52	4.32839e-54	1.71624e-55	7.99403e-57	3.97664e-58	3.41902e-59	
Rhynchospora_barbata	0	0	0	0	1	0	0	0	0	0	0	0	0	0	0	0	0	0	0	0	0	0	0	0	0	0	0	0	0	0	0	0	0	0	0	0	0	0	0	0	0	0	0	0	0	0	0	0	0	0	0	0	0	0	0	0	0	0	0	0	0	0	0	0	0	0	0	0	0	0	0	
N20	0.00871053	0.012471	0.021066	0.0361259	0.0583312	0.0856156	0.111822	0.130343	0.13546	0.124327	0.10173	0.0742887	0.0477887	0.0274489	0.0141171	0.00637752	0.00259087	0.000953139	0.000307752	9.09166e-05	2.48681e-05	5.96487e-06	1.34431e-06	2.88193e-07	5.3646e-08	9.63909e-09	1.68337e-09	2.49556e-10	3.63651e-11	5.20789e-12	6.23735e-13	7.44806e-14	8.80516e-15	8.59247e-16	8.52874e-17	8.56275e-18	6.94088e-19	5.8042e-20	4.96721e-21	3.45341e-22	2.4918e-23	1.82992e-24	1.07917e-25	6.72849e-27	4.38401e-28	2.21086e-29	1.18537e-30	6.6742e-32	2.97776e-33	1.40884e-34	6.89103e-36	2.65903e-37	1.11598e-38	5.02751e-40	1.69396e-41	6.22838e-43	2.46661e-44	7.65169e-46	2.56663e-47	9.04601e-49	2.47618e-50	7.51264e-52	2.48846e-53	6.03088e-55	1.63123e-56	4.88237e-58	1.16576e-59	3.22697e-61	1.05416e-62	3.64319e-64	2.22505e-65	
Rhynchospora_globosa	0	0	0	0	0	0	0	0	0	0	0	1	0	0	0	0	0	0	0	0	0	0	0	0	0	0	0	0	0	0	0	0	0	0	0	0	0	0	0	0	0	0	0	0	0	0	0	0	0	0	0	0	0	0	0	0	0	0	0	0	0	0	0	0	0	0	0	0	0	0	0	
Rhynchospora_rubra	0	0	0	0	0	0	0	0	0	1	0	0	0	0	0	0	0	0	0	0	0	0	0	0	0	0	0	0	0	0	0	0	0	0	0	0	0	0	0	0	0	0	0	0	0	0	0	0	0	0	0	0	0	0	0	0	0	0	0	0	0	0	0	0	0	0	0	0	0	0	0	
N21	0.137987	0.137467	0.131327	0.12034	0.106471	0.0909664	0.0745105	0.0589073	0.0449544	0.0328357	0.023139	0.0157373	0.0102249	0.00641068	0.00388262	0.0022411	0.00125034	0.00067564	0.000346871	0.000172759	8.37803e-05	3.8436e-05	1.72241e-05	7.58384e-06	3.13566e-06	1.28107e-06	5.2164e-07	1.96813e-07	7.45339e-08	2.86043e-08	9.98768e-09	3.56087e-09	1.30413e-09	4.23571e-10	1.42893e-10	5.01761e-11	1.51482e-11	4.80688e-12	1.59856e-12	4.50476e-13	1.34432e-13	4.20235e-14	1.09349e-14	3.0594e-15	9.1295e-16	2.1961e-16	5.72257e-17	1.60158e-17	3.64184e-18	8.97998e-19	2.35303e-19	4.93796e-20	1.14976e-20	2.93722e-21	5.69263e-22	1.22785e-22	2.91704e-23	5.44004e-24	1.11957e-24	2.47091e-25	4.22302e-26	8.19197e-27	1.77619e-27	2.79239e-28	5.00868e-29	1.01768e-29	1.63452e-30	3.15386e-31	7.6568e-32	2.19041e-32	1.24627e-32	
Rhynchospora_cephalotes	0	0	0	0	0	0	0	0	1	0	0	0	0	0	0	0	0	0	0	0	0	0	0	0	0	0	0	0	0	0	0	0	0	0	0	0	0	0	0	0	0	0	0	0	0	0	0	0	0	0	0	0	0	0	0	0	0	0	0	0	0	0	0	0	0	0	0	0	0	0	0	
N22	0.126808	0.127677	0.124387	0.11697	0.106565	0.0938146	0.0790489	0.0640876	0.0499486	0.0370811	0.0264342	0.0181055	0.011793	0.00738487	0.00445269	0.00255073	0.00140927	0.000752775	0.000381485	0.00018739	8.95488e-05	4.05062e-05	1.78909e-05	7.75309e-06	3.16597e-06	1.27492e-06	5.0912e-07	1.89948e-07	7.06188e-08	2.62806e-08	9.04118e-09	3.1263e-09	1.0883e-09	3.45453e-10	1.11086e-10	3.61901e-11	1.05832e-11	3.15352e-12	9.56074e-13	2.58456e-13	7.1514e-14	2.01651e-14	5.02296e-15	1.2919e-15	3.42017e-16	7.8691e-17	1.87845e-17	4.63411e-18	9.94961e-19	2.2187e-19	5.09652e-20	1.01102e-20	2.10317e-21	4.56412e-22	8.36463e-23	1.6114e-23	3.24542e-24	5.58156e-25	1.00667e-25	1.8839e-26	2.99164e-27	5.04224e-28	8.9698e-29	1.32418e-29	2.09616e-30	3.56571e-31	5.37786e-32	9.32548e-33	1.91644e-33	4.5576e-34	1.93508e-34	
N23	0.000217147	0.000346087	0.000718459	0.00163433	0.00368993	0.00784881	0.0152788	0.0271608	0.0439965	0.0644642	0.0861807	0.105306	0.116802	0.118728	0.110769	0.0939776	0.0732823	0.0525888	0.034337	0.0206736	0.0115009	0.00583108	0.00273866	0.00119371	0.000474066	0.000174866	5.99689e-05	1.86633e-05	5.39835e-06	1.45271e-06	3.53248e-07	7.99529e-08	1.6868e-08	3.20495e-09	5.68745e-10	9.44264e-11	1.40804e-11	1.96917e-12	2.58699e-13	3.04963e-14	3.38755e-15	3.5621e-16	3.47454e-17	4.16683e-18	1.19811e-18	6.92339e-19	4.62894e-19	3.06953e-19	1.87068e-19	1.11913e-19	6.59941e-20	3.60999e-20	1.96809e-20	1.07209e-20	5.44175e-21	2.77515e-21	1.42265e-21	6.81813e-22	3.29385e-22	1.60372e-22	7.31237e-23	3.38603e-23	1.59567e-23	7.11627e-24	3.28422e-24	1.57774e-24	7.49103e-25	3.7965e-25	2.05848e-25	1.19863e-25	9.1409e-26	
Rhynchospora_chinensis	0	0	0	0	0	0	0	0	0	0	0	0	0	0	0	0	0	0	0	0	0	0	0	0	0	0	0	0	0	0	1	0	0	0	0	0	0	0	0	0	0	0	0	0	0	0	0	0	0	0	0	0	0	0	0	0	0	0	0	0	0	0	0	0	0	0	0	0	0	0	0	
N24	0.000216074	0.000343739	0.000712746	0.00162297	0.00367161	0.00782623	0.0152704	0.0271961	0.0441003	0.0646895	0.086519	0.105679	0.117192	0.119014	0.110838	0.0938954	0.0730481	0.052247	0.034015	0.0203994	0.011291	0.00569865	0.00266103	0.0011517	0.000454475	0.00016634	5.65261e-05	1.74485e-05	4.99794e-06	1.33017e-06	3.20222e-07	7.16315e-08	1.49214e-08	2.80104e-09	4.903e-10	8.02981e-11	1.17997e-11	1.6251e-12	2.10862e-13	2.44055e-14	2.66792e-15	2.78021e-16	2.54502e-17	2.23624e-18	1.92714e-19	1.39545e-20	1.00981e-21	7.66402e-23	4.36075e-24	2.76062e-25	2.10187e-26	9.14535e-28	5.62433e-29	4.89121e-30	1.62189e-31	1.02245e-32	9.212e-34	2.5257e-35	1.53602e-36	1.2525e-37	2.83348e-39	1.56255e-40	1.14953e-41	2.16611e-43	1.061e-44	6.58792e-46	1.1263e-47	4.92465e-49	2.54704e-50	4.02995e-52	8.79372e-53	
N25	0.000260596	0.000419371	0.000884155	0.00204679	0.00468327	0.010034	0.0195885	0.0346514	0.0553675	0.0795961	0.103298	0.121105	0.127816	0.121856	0.104976	0.0813278	0.0569065	0.0359961	0.0204659	0.010533	0.00492077	0.00207028	0.000793958	0.000279061	8.87147e-05	2.60461e-05	7.12485e-06	1.77171e-06	4.14671e-07	9.23389e-08	1.87065e-08	3.63383e-09	6.82215e-10	1.15419e-10	1.89319e-11	3.02164e-12	4.28175e-13	5.92008e-14	8.00104e-15	9.51868e-16	1.11379e-16	1.28296e-17	1.29407e-18	1.30034e-19	1.30339e-20	1.13511e-21	9.95789e-23	8.79854e-24	6.75464e-25	5.25428e-26	4.12366e-27	2.79129e-28	1.93028e-29	1.3591e-30	8.11342e-32	4.9607e-33	3.09599e-34	1.64815e-35	8.98667e-37	4.98463e-38	2.34697e-39	1.14572e-40	5.78202e-42	2.43983e-43	1.08224e-44	5.07097e-46	2.11506e-47	9.94751e-49	5.34257e-50	3.04012e-51	2.81089e-52	
Rhynchospora_fusca	0	0	0	0	0	0	0	0	0	0	0	0	1	0	0	0	0	0	0	0	0	0	0	0	0	0	0	0	0	0	0	0	0	0	0	0	0	0	0	0	0	0	0	0	0	0	0	0	0	0	0	0	0	0	0	0	0	0	0	0	0	0	0	0	0	0	0	0	0	0	0	
Rhynchospora_alba	0	0	0	0	0	0	0	0	0	0	0	0	1	0	0	0	0	0	0	0	0	0	0	0	0	0	0	0	0	0	0	0	0	0	0	0	0	0	0	0	0	0	0	0	0	0	0	0	0	0	0	0	0	0	0	0	0	0	0	0	0	0	0	0	0	0	0	0	0	0	0	
N26	0.000108068	0.000188654	0.000446474	0.00116062	0.00295339	0.00696234	0.0148099	0.0282741	0.0483036	0.0735544	0.100162	0.122069	0.13272	0.129213	0.112713	0.087693	0.0611061	0.0381601	0.0212207	0.0105766	0.00473501	0.00188672	0.000677176	0.000220075	6.37945e-05	1.68635e-05	4.10424e-06	8.93985e-07	1.81234e-07	3.46302e-08	5.91698e-09	9.61534e-10	1.50021e-10	2.06677e-11	2.74387e-12	3.52367e-13	3.92201e-14	4.23627e-15	4.44503e-16	4.00241e-17	3.52708e-18	3.04116e-19	2.23688e-20	1.63413e-21	1.18661e-22	7.28019e-24	4.49543e-25	2.79289e-26	1.46832e-27	7.82791e-29	4.20707e-30	1.89708e-31	8.77309e-33	4.14192e-34	1.60427e-35	6.38961e-37	2.60471e-38	8.79997e-40	3.05349e-41	1.07735e-42	3.13295e-44	9.49522e-46	2.98451e-47	7.56007e-49	2.01966e-50	5.70359e-52	1.38276e-53	3.7917e-55	1.19964e-56	4.02197e-58	2.13265e-59	
Rhynchospora_rugosa	0	0	0	0	0	0	0	0	0	0	0	0	0	0	0	0	0	1	0	0	0	0	0	0	0	0	0	0	0	0	0	0	0	0	0	0	0	0	0	0	0	0	0	0	0	0	0	0	0	0	0	0	0	0	0	0	0	0	0	0	0	0	0	0	0	0	0	0	0	0	0	
N27	0.000165461	0.000312217	0.000781593	0.00204441	0.00506355	0.0114309	0.0231287	0.041752	0.0670651	0.095536	0.12086	0.135836	0.135355	0.119826	0.094258	0.0656623	0.0405909	0.0222721	0.0107936	0.00464197	0.00177661	0.000600336	0.000181275	4.93436e-05	1.18916e-05	2.61584e-06	5.37057e-07	9.78425e-08	1.7055e-08	2.95195e-09	4.44406e-10	6.75165e-11	1.05575e-11	1.34961e-12	1.77652e-13	2.39938e-14	2.51727e-15	2.74433e-16	3.07146e-17	2.64046e-18	2.39224e-19	2.23982e-20	1.59773e-21	1.24148e-22	1.0398e-23	6.36997e-25	4.34442e-26	3.27389e-27	1.84604e-28	1.1585e-29	7.78633e-31	3.80197e-32	2.15329e-33	1.38255e-34	5.80763e-36	2.81307e-37	1.54431e-38	6.02882e-40	2.65601e-41	1.24504e-42	4.10871e-44	1.6117e-45	7.28024e-47	2.07069e-48	7.02749e-50	2.7897e-51	7.89768e-53	2.679e-54	1.09288e-55	4.80854e-57	4.79709e-58	
Rhynchospora_marisculus	0	0	0	0	1	0	0	0	0	0	0	0	0	0	0	0	0	0	0	0	0	0	0	0	0	0	0	0	0	0	0	0	0	0	0	0	0	0	0	0	0	0	0	0	0	0	0	0	0	0	0	0	0	0	0	0	0	0	0	0	0	0	0	0	0	0	0	0	0	0	0	
Rhynchospora_brownii	0	0	0	0	0	0	0	0	0	0	0	0	0	0	0	0	0	1	0	0	0	0	0	0	0	0	0	0	0	0	0	0	0	0	0	0	0	0	0	0	0	0	0	0	0	0	0	0	0	0	0	0	0	0	0	0	0	0	0	0	0	0	0	0	0	0	0	0	0	0	0	
N28	0.183877	0.178261	0.161368	0.136566	0.108849	0.0817773	0.0575605	0.0382214	0.0239558	0.0140704	0.00780194	0.0040856	0.00200417	0.000928625	0.000406714	0.000166746	6.46564e-05	2.37393e-05	8.15339e-06	2.6546e-06	8.20816e-07	2.37254e-07	6.52432e-08	1.7112e-08	4.19064e-09	9.81301e-10	2.20415e-10	4.61172e-11	9.28078e-12	1.80237e-12	3.24937e-13	5.66716e-14	9.58793e-15	1.49759e-15	2.27523e-16	3.36906e-17	4.57244e-18	6.06203e-19	7.86042e-20	9.29319e-21	1.07711e-21	1.22409e-22	1.26143e-23	1.28048e-24	1.28058e-25	1.15342e-26	1.02735e-27	9.04634e-29	7.16325e-30	5.6246e-31	4.37289e-32	3.04527e-33	2.11371e-34	1.46079e-35	8.9714e-37	5.50754e-38	3.37547e-39	1.84154e-40	1.00555e-41	5.48179e-43	2.65447e-44	1.2961e-45	6.38161e-47	2.79197e-48	1.25276e-49	5.80706e-51	2.53054e-52	1.19114e-53	6.05385e-55	3.18353e-56	2.50677e-57	
N29	0.166657	0.163455	0.15138	0.132378	0.110073	0.0870748	0.0649743	0.0461308	0.0312024	0.0198664	0.0120663	0.00701294	0.00382613	0.00200535	0.0010166	0.000481194	0.00022244	0.000101815	4.29789e-05	1.82825e-05	7.98437e-06	3.13505e-06	1.29045e-06	5.5967e-07	2.08071e-07	8.35656e-08	3.58971e-08	1.24789e-08	4.76007e-09	1.95256e-09	6.40155e-10	2.33557e-10	9.1044e-11	2.76715e-11	9.65965e-12	3.77148e-12	1.06674e-12	3.49607e-13	1.29056e-13	3.58575e-14	1.14231e-14	3.89118e-15	9.77207e-16	2.92812e-16	1.01137e-16	2.32505e-17	6.38451e-18	2.02249e-18	4.59883e-19	1.21934e-19	3.48801e-20	7.19913e-21	1.83826e-21	5.6026e-22	1.04328e-22	2.38278e-23	6.4674e-24	1.24589e-24	2.84087e-25	7.08618e-26	1.22936e-26	2.65194e-27	6.82812e-28	1.04431e-28	2.01703e-29	4.78604e-30	8.01444e-31	1.6319e-31	4.03448e-32	1.1763e-32	9.25476e-33	
Rhynchospora_riparia	0	0	0	0	1	0	0	0	0	0	0	0	0	0	0	0	0	0	0	0	0	0	0	0	0	0	0	0	0	0	0	0	0	0	0	0	0	0	0	0	0	0	0	0	0	0	0	0	0	0	0	0	0	0	0	0	0	0	0	0	0	0	0	0	0	0	0	0	0	0	0	
Rhynchospora_tenerrima	0	0	0	0	0	0	0	0	0	1	0	0	0	0	0	0	0	0	0	0	0	0	0	0	0	0	0	0	0	0	0	0	0	0	0	0	0	0	0	0	0	0	0	0	0	0	0	0	0	0	0	0	0	0	0	0	0	0	0	0	0	0	0	0	0	0	0	0	0	0	0	
N30	0.194528	0.187149	0.166901	0.138177	0.107066	0.0777733	0.0526304	0.0334628	0.0200199	0.0111715	0.00587467	0.00291592	0.00134915	0.000590088	0.000244641	9.42882e-05	3.45413e-05	1.20899e-05	3.91237e-06	1.21632e-06	3.6677e-07	1.01291e-07	2.74083e-08	7.36569e-09	1.77861e-09	4.33023e-10	1.07647e-10	2.32088e-11	5.17311e-12	1.1943e-12	2.31407e-13	4.70384e-14	9.90238e-15	1.69663e-15	3.10279e-16	5.98098e-17	9.03065e-18	1.47254e-18	2.55817e-19	3.50444e-20	5.21899e-21	8.18687e-22	9.92527e-23	1.34714e-23	2.01088e-24	2.16968e-25	2.63133e-26	3.52008e-27	3.5377e-28	3.94986e-29	4.67637e-30	4.11837e-31	4.18291e-32	4.78197e-33	3.69624e-34	3.28688e-35	3.29322e-36	2.42456e-37	2.01747e-38	1.79966e-39	1.16306e-40	8.85101e-42	7.72759e-43	4.38268e-44	2.9536e-45	2.32699e-46	1.34481e-47	9.25687e-49	7.72089e-50	7.20267e-51	1.48042e-51	
Rhynchospora_nervosa	0	0	0	0	1	0	0	0	0	0	0	0	0	0	0	0	0	0	0	0	0	0	0	0	0	0	0	0	0	0	0	0	0	0	0	0	0	0	0	0	0	0	0	0	0	0	0	0	0	0	0	0	0	0	0	0	0	0	0	0	0	0	0	0	0	0	0	0	0	0	0	
N31	0.194848	0.187401	0.167034	0.138161	0.106941	0.0776086	0.0524518	0.0333249	0.0199443	0.0111303	0.00586443	0.00292499	0.00135898	0.000599409	0.000252185	9.83944e-05	3.68282e-05	1.33497e-05	4.44172e-06	1.4473e-06	4.69361e-07	1.3699e-07	4.05087e-08	1.23215e-08	3.24145e-09	8.9766e-10	2.62727e-10	6.26476e-11	1.61168e-11	4.41638e-12	9.57e-13	2.27206e-13	5.71054e-14	1.10135e-14	2.39681e-15	5.74223e-16	9.89095e-17	1.94854e-17	4.28099e-18	6.97405e-19	1.29614e-19	2.57182e-20	3.6884e-21	6.31233e-22	1.24528e-22	1.58638e-23	2.4107e-24	4.22731e-25	5.19219e-26	7.42137e-27	1.135e-27	1.21644e-28	1.61639e-29	2.55884e-30	2.39117e-31	2.74745e-32	3.75699e-33	3.54948e-34	3.9791e-35	4.84762e-36	3.99538e-37	4.141e-38	5.16518e-39	3.65128e-40	3.30334e-41	3.71679e-42	2.85662e-43	2.64691e-44	2.88923e-45	3.46769e-46	1.14304e-46	
Rhynchospora_robusta	0	0	0	0	1	0	0	0	0	0	0	0	0	0	0	0	0	0	0	0	0	0	0	0	0	0	0	0	0	0	0	0	0	0	0	0	0	0	0	0	0	0	0	0	0	0	0	0	0	0	0	0	0	0	0	0	0	0	0	0	0	0	0	0	0	0	0	0	0	0	0	
N32	0.184075	0.178341	0.161274	0.136265	0.108456	0.0814561	0.0573189	0.0381527	0.0240729	0.0142452	0.0080119	0.00429668	0.00215951	0.00103916	0.000481622	0.000208449	8.76039e-05	3.61468e-05	1.37995e-05	5.24336e-06	2.01266e-06	7.0127e-07	2.50903e-07	9.28304e-08	3.00499e-08	1.02552e-08	3.67689e-09	1.09977e-09	3.52226e-10	1.19252e-10	3.31212e-11	9.97572e-12	3.16804e-12	8.06633e-13	2.28284e-13	7.04242e-14	1.64931e-14	4.33384e-15	1.2507e-15	2.80353e-16	7.02038e-17	1.86838e-17	3.78832e-18	8.85326e-19	2.32392e-19	4.29561e-20	9.17353e-21	2.20389e-21	3.94033e-22	8.00376e-23	1.7428e-23	2.82063e-24	5.42553e-25	1.20629e-25	1.76479e-26	3.0543e-27	6.09763e-28	8.92352e-29	1.50568e-29	2.75747e-30	3.64136e-31	5.77863e-32	1.06833e-32	1.25899e-33	1.80147e-34	3.06487e-35	3.81367e-36	5.69722e-37	1.03151e-37	2.14985e-38	1.12897e-38	
Rhynchospora_latifolia	0	0	0	0	1	0	0	0	0	0	0	0	0	0	0	0	0	0	0	0	0	0	0	0	0	0	0	0	0	0	0	0	0	0	0	0	0	0	0	0	0	0	0	0	0	0	0	0	0	0	0	0	0	0	0	0	0	0	0	0	0	0	0	0	0	0	0	0	0	0	0	
Rhynchospora_pubera	0	0	0	0	1	0	0	0	0	0	0	0	0	0	0	0	0	0	0	0	0	0	0	0	0	0	0	0	0	0	0	0	0	0	0	0	0	0	0	0	0	0	0	0	0	0	0	0	0	0	0	0	0	0	0	0	0	0	0	0	0	0	0	0	0	0	0	0	0	0	0	
N33	0.0117521	0.0133516	0.0161718	0.0202034	0.0255074	0.0319647	0.0390586	0.046566	0.0539976	0.0603192	0.0653747	0.0687732	0.0695957	0.0684292	0.0654679	0.060302	0.0541616	0.0475354	0.0401986	0.0333021	0.0270952	0.0212474	0.0164077	0.0125116	0.00918317	0.00667372	0.00481542	0.00333168	0.00229328	0.0015739	0.00103038	0.000673499	0.000440103	0.000272404	0.000168889	0.000104964	6.12889e-05	3.59358e-05	2.11609e-05	1.16473e-05	6.45032e-06	3.59123e-06	1.85842e-06	9.70926e-07	5.11748e-07	2.48882e-07	1.22473e-07	6.09135e-08	2.79083e-08	1.29509e-08	6.0735e-09	2.61284e-09	1.14261e-09	5.07117e-10	2.048e-10	8.42103e-11	3.51941e-11	1.34066e-11	5.20124e-12	2.04958e-12	7.34917e-13	2.70227e-13	1.01905e-13	3.50655e-14	1.26023e-14	4.77169e-15	1.75673e-15	7.23369e-16	3.44944e-16	1.97271e-16	1.68116e-16	
N34	0.00137184	0.00169534	0.00237753	0.00356423	0.00548254	0.00839353	0.0124932	0.0180196	0.025068	0.0333615	0.0426882	0.0525181	0.0617592	0.0698603	0.0760513	0.0792165	0.0794534	0.0767631	0.070971	0.0631921	0.0541905	0.0444205	0.0350405	0.0265984	0.0192658	0.0134186	0.00898922	0.00573746	0.00352143	0.00207965	0.00116922	0.000632739	0.000329904	0.000163686	7.83095e-05	3.61667e-05	1.58903e-05	6.74616e-06	2.77104e-06	1.08259e-06	4.09601e-07	1.50278e-07	5.24132e-08	1.77453e-08	5.83929e-09	1.82508e-09	5.54947e-10	1.64349e-10	4.62021e-11	1.26616e-11	3.38608e-12	8.58951e-13	2.12899e-13	5.16152e-14	1.18629e-14	2.67114e-15	5.90015e-16	1.23742e-16	2.55341e-17	5.19509e-18	1.00928e-18	1.94732e-19	3.7454e-20	6.97944e-21	1.31184e-21	2.49355e-22	4.68788e-23	8.98084e-24	1.76594e-24	3.76716e-25	1.27386e-25	
Blysmus_compressus	0	0	0	0	0	0	0	0	0	0	0	0	0	0	0	0	0	0	0	0	0	1	0	0	0	0	0	0	0	0	0	0	0	0	0	0	0	0	0	0	0	0	0	0	0	0	0	0	0	0	0	0	0	0	0	0	0	0	0	0	0	0	0	0	0	0	0	0	0	0	0	
Dulichium_arundinaceum	0	0	0	0	0	0	0	0	0	0	0	0	0	0	0	1	0	0	0	0	0	0	0	0	0	0	0	0	0	0	0	0	0	0	0	0	0	0	0	0	0	0	0	0	0	0	0	0	0	0	0	0	0	0	0	0	0	0	0	0	0	0	0	0	0	0	0	0	0	0	0	
N35	6.27949e-05	8.73521e-05	0.000147262	0.00026975	0.000504063	0.000926866	0.00163984	0.00278993	0.0045554	0.0070849	0.0105763	0.0151728	0.0207851	0.0274336	0.0349445	0.0426426	0.0503513	0.0576339	0.0633562	0.0676677	0.0703317	0.0702924	0.0684598	0.065058	0.0593838	0.0529136	0.0460805	0.0384248	0.0313176	0.0249829	0.0190128	0.0141666	0.0103515	0.00718643	0.00489779	0.0032826	0.00208104	0.00129902	0.000799664	0.000463999	0.000265866	0.000150598	8.00981e-05	4.22083e-05	2.20554e-05	1.07715e-05	5.22547e-06	2.51909e-06	1.13208e-06	5.06202e-07	2.25143e-07	9.29934e-08	3.8309e-08	1.57358e-08	5.96897e-09	2.26133e-09	8.55275e-10	2.98386e-10	1.04076e-10	3.62734e-11	1.16507e-11	3.76522e-12	1.22694e-12	3.71528e-13	1.15515e-13	3.72188e-14	1.17648e-14	4.03007e-15	1.52988e-15	6.65757e-16	4.29939e-16	
N36	5.88089e-08	9.87313e-08	2.21118e-07	5.53799e-07	1.42402e-06	3.60643e-06	8.80186e-06	2.06234e-05	4.62565e-05	9.86211e-05	0.000200849	0.000390666	0.000723437	0.00128251	0.00218193	0.0035522	0.00556538	0.00839074	0.0121082	0.0167996	0.022449	0.0288238	0.035913	0.0436478	0.0515587	0.0595842	0.0672164	0.0730198	0.0765808	0.0772027	0.0737888	0.0674579	0.0590872	0.0490749	0.0393749	0.0308048	0.0233187	0.0175736	0.0133355	0.010026	0.0076426	0.00589078	0.00443322	0.00332204	0.00246453	0.00174038	0.00120479	0.000816145	0.000519468	0.000322436	0.000195156	0.000110226	6.06789e-05	3.25722e-05	1.62382e-05	7.89801e-06	3.75093e-06	1.65147e-06	7.11247e-07	3.00075e-07	1.17542e-07	4.54102e-08	1.73756e-08	6.25694e-09	2.27204e-09	8.39278e-10	3.04934e-10	1.16565e-10	4.79771e-11	2.23486e-11	1.49423e-11	
Trichophorum_cespitosum	0	0	0	0	0	0	0	0	0	0	0	0	0	0	0	0	0	0	0	0	0	0	0	0	0	0	0	0	0	0	0	0	0	0	0	0	0	0	0	0	0	0	0	0	0	0	0	0	0	0	0	1	0	0	0	0	0	0	0	0	0	0	0	0	0	0	0	0	0	0	0	
N37	1.58185e-24	6.77412e-23	3.41117e-21	1.47423e-19	5.43074e-18	1.55359e-16	3.59665e-15	5.65947e-14	8.74967e-13	1.343e-11	1.38828e-10	5.96311e-10	2.16709e-09	1.24217e-08	1.38864e-07	1.48001e-06	8.93921e-06	2.03591e-05	1.88853e-05	1.78587e-05	3.79899e-05	9.52895e-05	0.000626086	0.00620513	0.0427708	0.158907	0.273871	0.232789	0.106744	0.0289266	0.0119617	0.0185386	0.0293333	0.03391	0.0283652	0.0170705	0.00723184	0.00209733	0.000398543	4.77184e-05	3.80775e-06	2.15527e-07	9.05337e-09	2.95114e-10	7.69615e-12	1.63301e-13	2.89115e-15	4.3383e-17	5.54506e-19	6.14761e-21	5.96936e-23	5.07242e-25	3.83262e-27	2.59365e-29	1.56486e-31	8.55697e-34	4.26927e-36	1.92934e-38	8.05164e-41	3.12814e-43	1.12174e-45	3.80718e-48	1.23585e-50	3.80258e-53	1.13949e-55	3.34263e-58	9.46094e-61	2.62151e-63	7.06615e-66	1.82415e-68	4.95764e-71	
Trichophorum_pumilum	0	0	0	0	0	0	0	0	0	0	0	0	0	0	0	0	0	0	0	0	0	0	0	0	0	0	0	0	0	0	0	0	0	0	0	0	0	0	1	0	0	0	0	0	0	0	0	0	0	0	0	0	0	0	0	0	0	0	0	0	0	0	0	0	0	0	0	0	0	0	0	
Trichophorum_alpinum	0	0	0	0	0	0	0	0	0	0	0	0	0	0	0	0	0	0	0	0	0	0	0	0	0	0	0	0	1	0	0	0	0	0	0	0	0	0	0	0	0	0	0	0	0	0	0	0	0	0	0	0	0	0	0	0	0	0	0	0	0	0	0	0	0	0	0	0	0	0	0	
N38	2.7705e-13	1.93376e-12	1.629e-11	1.33693e-10	1.03133e-09	6.98851e-09	4.2052e-08	2.16875e-07	9.96249e-07	3.93396e-06	1.40104e-05	4.48474e-05	0.000131215	0.000345535	0.000826246	0.00179347	0.00362499	0.00697774	0.0128332	0.0225883	0.037513	0.057601	0.0813201	0.104814	0.121926	0.128289	0.121742	0.103064	0.0782413	0.053197	0.0320369	0.0172425	0.00830057	0.00353212	0.00134631	0.00046086	0.000139703	3.81766e-05	9.43932e-06	2.07497e-06	4.14731e-07	7.5683e-08	1.23316e-08	1.8443e-09	2.54235e-10	3.14055e-11	3.59376e-12	3.82409e-13	3.65832e-14	3.26913e-15	2.73789e-16	2.06622e-17	1.46798e-18	9.84697e-20	5.96076e-21	3.42078e-22	1.86594e-23	9.21045e-25	4.34056e-26	1.95842e-27	8.03529e-29	3.18359e-30	1.22433e-31	4.34974e-33	1.52848e-34	5.35731e-36	1.80646e-37	6.21738e-39	2.19442e-40	8.05062e-42	3.88524e-43	
Scirpus_radicans	0	0	0	0	0	0	0	0	0	0	0	0	0	0	0	0	0	0	0	0	0	0	0	0	0	0	0	1	0	0	0	0	0	0	0	0	0	0	0	0	0	0	0	0	0	0	0	0	0	0	0	0	0	0	0	0	0	0	0	0	0	0	0	0	0	0	0	0	0	0	0	
N39	2.87441e-15	2.21118e-14	2.40764e-13	2.69742e-12	2.86245e-11	2.66692e-10	2.18439e-09	1.51925e-08	9.24888e-08	4.81522e-07	2.22016e-06	9.00789e-06	3.26685e-05	0.000105347	0.000305706	0.000804146	0.00194702	0.00439254	0.00922352	0.0179907	0.0323288	0.0529412	0.0786928	0.105628	0.12692	0.136319	0.130347	0.109888	0.0817818	0.0536387	0.0306744	0.0153987	0.00680029	0.00260254	0.000876783	0.000261899	6.74224e-05	1.54572e-05	3.20648e-06	5.65449e-07	9.10426e-08	1.38295e-08	1.71773e-09	2.04826e-10	2.48051e-11	2.25064e-12	2.12702e-13	2.21378e-14	1.52235e-15	1.18591e-16	1.05772e-17	5.58876e-19	3.54278e-20	2.60425e-21	1.06524e-22	5.37819e-24	3.14515e-25	1.0222e-26	4.13829e-28	1.91667e-29	4.91526e-31	1.6134e-32	6.2669e-34	1.27903e-35	3.39705e-37	1.07646e-38	1.93671e-40	4.47834e-42	1.25192e-43	3.2894e-45	2.81171e-46	
N40	4.20976e-15	1.93112e-14	1.45542e-13	1.14907e-12	8.55059e-12	5.78365e-11	3.53489e-10	1.94189e-09	9.65786e-09	4.33462e-08	1.77023e-07	6.55476e-07	2.21525e-06	6.91925e-06	2.03013e-05	5.61658e-05	0.000145259	0.000342709	0.000725597	0.00138354	0.00243047	0.00405392	0.0065953	0.0107184	0.0177049	0.0298121	0.0495256	0.0770197	0.108121	0.133949	0.14407	0.134638	0.109441	0.0768363	0.0471578	0.0254747	0.0119907	0.00501912	0.0018844	0.000622221	0.000185797	5.04813e-05	1.20871e-05	2.64247e-06	5.29484e-07	9.33342e-08	1.51282e-08	2.26334e-09	2.98287e-10	3.64993e-11	4.16581e-12	4.20743e-13	3.99832e-14	3.59407e-15	2.8751e-16	2.1962e-17	1.60983e-18	1.05703e-19	6.71292e-21	4.13591e-22	2.29238e-23	1.24285e-24	6.61178e-26	3.19458e-27	1.53904e-28	7.45007e-30	3.42211e-31	1.62512e-32	7.95153e-34	3.88945e-35	2.69199e-36	
Scirpus_mitsukurianus	0	0	0	0	0	0	0	0	0	0	0	0	0	0	0	0	0	0	0	0	0	0	0	0	0	0	0	0	0	0	0	0	0	1	0	0	0	0	0	0	0	0	0	0	0	0	0	0	0	0	0	0	0	0	0	0	0	0	0	0	0	0	0	0	0	0	0	0	0	0	0	
Scirpus_polystachyus	0	0	0	0	0	0	0	0	0	0	0	0	0	0	0	0	0	0	0	0	0	0	0	0	0	0	0	0	0	1	0	0	0	0	0	0	0	0	0	0	0	0	0	0	0	0	0	0	0	0	0	0	0	0	0	0	0	0	0	0	0	0	0	0	0	0	0	0	0	0	0	
N41	1.74626e-16	1.44105e-15	2.02609e-14	2.89159e-13	3.7362e-12	4.1738e-11	4.01772e-10	3.30019e-09	2.33979e-08	1.43006e-07	7.6349e-07	3.56932e-06	1.47296e-05	5.39537e-05	0.000177021	0.000524679	0.00141537	0.00349208	0.00787644	0.016227	0.0304268	0.0516439	0.0789911	0.108236	0.131867	0.142151	0.134866	0.111812	0.0808329	0.050827	0.027621	0.0130019	0.00530927	0.00186422	0.000568309	0.000151748	3.47056e-05	7.00245e-06	1.28616e-06	1.9897e-07	2.87068e-08	4.24547e-09	4.87209e-10	5.95987e-11	8.70039e-12	7.97847e-13	8.70988e-14	1.14237e-14	8.08415e-16	7.09974e-17	7.29685e-18	3.88859e-19	2.64446e-20	2.08957e-21	8.45781e-23	4.45766e-24	2.70957e-25	8.65718e-27	3.63964e-28	1.73137e-29	4.34994e-31	1.50628e-32	6.42711e-34	1.29891e-35	3.72472e-37	1.37042e-38	2.90257e-40	8.02623e-42	2.62887e-43	8.65367e-45	1.08474e-45	
N42	9.96729e-17	7.15974e-16	8.82944e-15	1.08821e-13	1.21597e-12	1.19659e-11	1.03747e-10	7.87106e-10	5.27344e-09	3.10622e-08	1.62593e-07	7.58822e-07	3.18987e-06	1.21071e-05	4.15205e-05	0.000127915	0.000354851	0.000893922	0.0020733	0.00450781	0.00927737	0.0180594	0.0329086	0.0552246	0.0838133	0.11357	0.136097	0.14293	0.131347	0.105572	0.0738492	0.0452874	0.0245244	0.0116521	0.00496387	0.00192985	0.000670846	0.000217107	6.63656e-05	1.80497e-05	4.60908e-06	1.10462e-06	2.28255e-07	4.38145e-08	7.80945e-09	1.18093e-09	1.66106e-10	2.17833e-11	2.41926e-12	2.52939e-13	2.50068e-14	2.10165e-15	1.6997e-16	1.33236e-17	8.92582e-19	5.90573e-20	3.87936e-21	2.19228e-22	1.23809e-23	6.96269e-25	3.33543e-26	1.59674e-27	7.60996e-29	3.04364e-30	1.22017e-31	4.92982e-33	1.75064e-34	6.59085e-36	2.66887e-37	1.08856e-38	6.57676e-40	
N43	8.10692e-16	4.2923e-15	3.85349e-14	3.59894e-13	3.12507e-12	2.45293e-11	1.73341e-10	1.10016e-09	6.29301e-09	3.24263e-08	1.51249e-07	6.40645e-07	2.4775e-06	8.77261e-06	2.84667e-05	8.44007e-05	0.000228798	0.000570008	0.00131919	0.00288017	0.00599998	0.0119669	0.0226743	0.0401588	0.0651855	0.0952983	0.123807	0.141456	0.141423	0.123403	0.0936849	0.0620533	0.0360246	0.018289	0.00823908	0.00335871	0.0012268	0.000421388	0.000142244	4.39422e-05	1.3549e-05	4.21761e-06	1.12178e-06	2.91859e-07	7.40141e-08	1.52935e-08	3.06459e-09	5.94319e-10	9.30962e-11	1.42581e-11	2.1283e-12	2.56619e-13	3.07893e-14	3.66735e-15	3.53179e-16	3.4787e-17	3.51456e-18	2.91586e-19	2.55773e-20	2.37086e-21	1.79427e-22	1.47367e-23	1.30694e-24	8.93814e-26	6.57397e-27	5.21126e-28	3.33547e-29	2.40211e-30	1.9993e-31	1.72219e-32	2.65884e-33	
Eriophorum_brachyantherum	0	0	0	0	0	0	0	0	0	0	0	0	0	0	0	0	0	0	0	0	0	0	0	0	0	0	0	0	1	0	0	0	0	0	0	0	0	0	0	0	0	0	0	0	0	0	0	0	0	0	0	0	0	0	0	0	0	0	0	0	0	0	0	0	0	0	0	0	0	0	0	
Eriophorum_chamissonis	0	0	0	0	0	0	0	0	0	0	0	0	0	0	0	0	0	0	0	0	0	0	0	0	0	0	0	0	0	1	0	0	0	0	0	0	0	0	0	0	0	0	0	0	0	0	0	0	0	0	0	0	0	0	0	0	0	0	0	0	0	0	0	0	0	0	0	0	0	0	0	
N44	9.25423e-16	5.02269e-15	4.52764e-14	4.24605e-13	3.70962e-12	2.93256e-11	2.08693e-10	1.33381e-09	7.6776e-09	3.97991e-08	1.86576e-07	7.93097e-07	3.0697e-06	1.08441e-05	3.50342e-05	0.000103578	0.000281323	0.000706949	0.00165866	0.00366958	0.00768967	0.0152276	0.0282286	0.0483085	0.0751571	0.104905	0.130028	0.141951	0.135929	0.113929	0.0833702	0.0533938	0.0300564	0.0148454	0.00651991	0.00259654	0.000928021	0.000312951	0.000105125	3.23596e-05	1.01711e-05	3.34213e-06	9.20315e-07	2.54867e-07	7.07911e-08	1.54451e-08	3.35576e-09	7.22653e-10	1.20765e-10	2.02547e-11	3.3804e-12	4.3767e-13	5.78544e-14	7.72973e-15	8.00918e-16	8.69239e-17	9.82895e-18	8.77021e-19	8.46555e-20	8.78684e-21	7.14956e-22	6.55594e-23	6.75272e-24	5.00862e-25	4.15046e-26	3.85688e-27	2.72232e-28	2.2093e-29	2.1377e-30	2.1597e-31	4.3068e-32	
Eriophorum_angustifolium	0	0	0	0	0	0	0	0	0	0	0	0	0	0	0	0	0	0	0	0	0	0	0	0	0	0	0	0	1	0	0	0	0	0	0	0	0	0	0	0	0	0	0	0	0	0	0	0	0	0	0	0	0	0	0	0	0	0	0	0	0	0	0	0	0	0	0	0	0	0	0	
Eriophorum_vaginatum	0	0	0	0	0	0	0	0	0	0	0	0	0	0	0	0	0	0	0	0	0	0	0	0	0	0	0	0	1	0	0	0	0	0	0	0	0	0	0	0	0	0	0	0	0	0	0	0	0	0	0	0	0	0	0	0	0	0	0	0	0	0	0	0	0	0	0	0	0	0	0	
N45	4.70802e-19	8.17416e-18	2.15009e-16	5.19487e-15	1.07514e-13	1.82773e-12	2.59101e-11	3.012e-10	2.94996e-09	2.41978e-08	1.6974e-07	1.01885e-06	5.31357e-06	2.4332e-05	9.87447e-05	0.000356814	0.00114642	0.00326537	0.00821748	0.0182488	0.0357559	0.0618022	0.094142	0.126025	0.147469	0.149947	0.131613	0.09899	0.0634801	0.0345669	0.0159021	0.00618047	0.00203274	0.000563338	0.000132952	2.71666e-05	4.75153e-06	7.47455e-07	1.12457e-07	1.49849e-08	2.00182e-09	2.77578e-10	3.11613e-11	3.46475e-12	3.79543e-13	3.12263e-14	2.51019e-15	1.96121e-16	1.14036e-17	6.53445e-19	3.65621e-20	1.53054e-21	6.61476e-23	3.42091e-24	2.61081e-25	4.42376e-26	9.8282e-27	1.72178e-27	3.24168e-28	6.50712e-29	9.98835e-30	1.75613e-30	3.53287e-31	4.96474e-32	7.93888e-33	1.44986e-33	1.9714e-34	3.11383e-35	5.99008e-36	1.26e-36	5.54148e-37	
N46	4.09421e-14	1.63475e-13	1.11085e-12	8.11869e-12	5.62357e-11	3.56742e-10	2.0592e-09	1.0785e-08	5.1404e-08	2.22566e-07	8.79053e-07	3.17081e-06	1.04922e-05	3.20044e-05	9.02611e-05	0.000234539	0.000559431	0.00121969	0.00243473	0.00449916	0.00782417	0.0130385	0.0210924	0.033182	0.0501356	0.0715565	0.0947395	0.114223	0.124454	0.122034	0.106812	0.0841636	0.060242	0.0388361	0.0231477	0.0129842	0.00665676	0.00324778	0.00151801	0.000636269	0.000252372	9.45547e-05	3.09017e-05	9.48354e-06	2.73587e-06	6.81534e-07	1.60418e-07	3.58217e-08	6.91489e-09	1.28243e-09	2.29972e-10	3.58816e-11	5.5203e-12	8.43223e-13	1.12501e-13	1.50946e-14	2.03694e-15	2.39799e-16	2.8332e-17	3.33995e-18	3.39323e-19	3.44857e-20	3.49691e-21	3.02223e-22	2.62892e-23	2.31696e-24	1.82183e-25	1.5318e-26	1.40567e-27	1.35642e-28	2.19146e-29	
Scirpus_sylvaticus	0	0	0	0	0	0	0	0	0	0	0	0	0	0	0	0	0	0	0	0	0	0	0	0	0	0	0	0	0	0	1	0	0	0	0	0	0	0	0	0	0	0	0	0	0	0	0	0	0	0	0	0	0	0	0	0	0	0	0	0	0	0	0	0	0	0	0	0	0	0	0	
Scirpus_microcarpus	0	0	0	0	0	0	0	0	0	0	0	0	0	0	0	0	0	0	0	0	0	0	0	0	0	0	0	0	0	0	0	1	0	0	0	0	0	0	0	0	0	0	0	0	0	0	0	0	0	0	0	0	0	0	0	0	0	0	0	0	0	0	0	0	0	0	0	0	0	0	0	
N47	8.297e-20	1.12946e-18	2.95283e-17	8.06546e-16	1.9869e-14	4.13202e-13	7.22647e-12	1.04371e-10	1.26037e-09	1.26873e-08	1.07601e-07	7.72348e-07	4.72315e-06	2.4739e-05	0.000111409	0.000432834	0.00145453	0.00423927	0.0107401	0.0237047	0.0456352	0.0766355	0.112096	0.142366	0.156208	0.147175	0.118243	0.0804004	0.0459639	0.0219646	0.00872549	0.00287379	0.000784151	0.000176797	3.31245e-05	5.22364e-06	6.90056e-07	7.94063e-08	8.55965e-09	8.00752e-10	7.52221e-11	7.85577e-12	6.07203e-13	4.90851e-14	4.2774e-15	2.31769e-16	1.33524e-17	8.25983e-19	4.21542e-20	1.21406e-20	9.89454e-21	5.2991e-21	3.23071e-21	2.10017e-21	8.31258e-22	3.86621e-22	1.97044e-22	6.44412e-23	2.591e-23	1.19158e-23	3.61334e-24	1.46017e-24	7.75655e-25	2.28348e-25	8.95199e-26	4.68901e-26	1.58109e-26	6.53389e-27	3.40136e-27	1.8915e-27	2.67636e-27	
Scirpus_expansus	0	0	0	0	0	0	0	0	0	0	0	0	0	0	0	0	0	0	0	0	0	0	0	0	0	0	0	0	0	0	0	1	0	0	0	0	0	0	0	0	0	0	0	0	0	0	0	0	0	0	0	0	0	0	0	0	0	0	0	0	0	0	0	0	0	0	0	0	0	0	0	
N48	9.43477e-20	1.23751e-18	3.1477e-17	8.51677e-16	2.07634e-14	4.30498e-13	7.47936e-12	1.0818e-10	1.30665e-09	1.32123e-08	1.12487e-07	8.10513e-07	4.96878e-06	2.60426e-05	0.000117168	0.000454111	0.00152086	0.00441509	0.0111381	0.024474	0.0468947	0.0783455	0.113937	0.143756	0.156572	0.146306	0.116483	0.0784276	0.0443616	0.0209566	0.00822311	0.0026725	0.000718705	0.000159536	2.93825e-05	4.54551e-06	5.88358e-07	6.61284e-08	6.9819e-09	6.37789e-10	5.86427e-11	6.4109e-12	4.82171e-13	4.00509e-14	4.32203e-15	2.19345e-16	1.47705e-17	1.37797e-18	4.41492e-20	2.49273e-21	1.89658e-22	5.22838e-24	8.07349e-25	3.24343e-25	4.21133e-26	1.52617e-26	5.94919e-27	6.80551e-28	2.19829e-28	7.61558e-29	8.24009e-30	2.47823e-30	1.08279e-30	1.08049e-31	3.00064e-32	1.14092e-32	1.59606e-33	4.26558e-34	1.17463e-34	1.40116e-35	2.31564e-35	
N49	2.01983e-13	8.3572e-13	5.82161e-12	4.32306e-11	3.02421e-10	1.9284e-09	1.11351e-08	5.8106e-08	2.74716e-07	1.17643e-06	4.58239e-06	1.62675e-05	5.27459e-05	0.000156381	0.000424744	0.0010597	0.00244285	0.005241	0.0105073	0.0197129	0.0344395	0.0554822	0.0815756	0.108338	0.128693	0.136025	0.127499	0.105503	0.0772404	0.0501876	0.0288596	0.0148629	0.00694567	0.00292786	0.00114933	0.000430523	0.000148827	4.98059e-05	1.624e-05	4.74932e-06	1.32807e-06	3.53866e-07	8.17446e-08	1.7879e-08	3.7051e-09	6.59005e-10	1.11788e-10	1.81528e-11	2.53304e-12	3.43513e-13	4.55771e-14	5.23536e-15	6.03182e-16	7.02615e-17	7.11692e-18	7.39934e-19	7.88426e-20	7.27897e-21	6.84368e-22	6.49792e-23	5.25443e-24	4.30113e-25	3.5509e-26	2.45543e-27	1.72433e-28	1.23612e-29	7.75224e-31	5.23954e-32	3.91445e-33	3.07218e-34	4.08701e-35	
Scirpus_ancistrochaetus	0	0	0	0	0	0	0	0	0	0	0	0	0	0	0	0	0	0	0	0	0	0	0	0	0	0	1	0	0	0	0	0	0	0	0	0	0	0	0	0	0	0	0	0	0	0	0	0	0	0	0	0	0	0	0	0	0	0	0	0	0	0	0	0	0	0	0	0	0	0	0	
N50	1.4249e-44	1.478e-40	1.39013e-36	5.71387e-33	2.30892e-29	4.15656e-27	1.40068e-23	4.54174e-22	1.18529e-21	6.47731e-19	1.25178e-15	1.41058e-14	4.37865e-16	1.54167e-16	4.11547e-14	7.30222e-11	5.89786e-08	2.91548e-07	1.13738e-08	1.50028e-11	4.0834e-13	8.56398e-13	1.47449e-09	2.06643e-06	0.00140349	0.312223	0.644982	0.0412781	0.000111179	1.1215e-07	5.87943e-11	1.8754e-14	3.99153e-18	5.97039e-22	6.62026e-26	5.6526e-30	3.75446e-34	2.02033e-38	9.02086e-43	3.28407e-47	1.01685e-51	2.71014e-56	5.96373e-61	4.36832e-64	1.86402e-63	1.22536e-65	6.1305e-68	2.93986e-70	6.2466e-72	4.32398e-71	9.01202e-71	4.80535e-73	1.6506e-75	5.51046e-78	1.64412e-80	4.80812e-83	1.38473e-85	1.25221e-87	2.42021e-87	2.16057e-87	9.61254e-90	2.16612e-92	4.86267e-95	9.7154e-98	1.95726e-100	3.9997e-103	7.59045e-106	1.51258e-108	3.15073e-111	6.44422e-114	1.3534e-116	
Scirpus_georgianus	0	0	0	0	0	0	0	0	0	0	0	0	0	0	0	0	0	0	0	0	0	0	0	0	0	1	0	0	0	0	0	0	0	0	0	0	0	0	0	0	0	0	0	0	0	0	0	0	0	0	0	0	0	0	0	0	0	0	0	0	0	0	0	0	0	0	0	0	0	0	0	
N51	4.81815e-64	3.18152e-58	1.41832e-52	1.91203e-47	2.86954e-42	2.88897e-39	5.28032e-35	2.01909e-31	1.28845e-30	4.38336e-28	1.61602e-23	6.00167e-21	6.94427e-22	1.4069e-23	2.06237e-21	1.07309e-16	1.91659e-12	3.03481e-10	1.77457e-11	1.24192e-15	1.57983e-18	6.22571e-19	1.98837e-15	1.10653e-10	2.41538e-06	0.0130705	0.901033	0.0858792	1.49533e-05	6.44188e-10	1.08788e-14	9.08579e-20	7.71995e-24	8.38463e-27	1.48096e-30	1.91059e-33	5.03239e-37	2.6389e-41	6.99216e-45	2.00211e-50	2.92087e-55	8.84629e-61	5.84644e-67	3.00548e-72	2.71437e-78	6.76461e-85	1.43781e-90	4.93039e-97	3.30488e-103	1.18635e-108	4.02099e-113	6.5318e-119	1.59445e-124	3.92391e-129	7.36356e-135	3.32224e-141	2.20579e-147	1.28206e-153	5.38299e-161	1.59903e-101	5.74988e-38	5.5044e-38	1.93773e-38	7.60065e-40	4.04546e-40	4.31056e-40	2.7999e-41	2.00961e-41	1.6102e-42	8.24049e-42	5.26689e-40	
Scirpus_hattorianus	0	0	0	0	0	0	0	0	0	0	0	0	0	0	0	0	0	0	0	0	0	0	0	0	0	0	0	1	0	0	0	0	0	0	0	0	0	0	0	0	0	0	0	0	0	0	0	0	0	0	0	0	0	0	0	0	0	0	0	0	0	0	0	0	0	0	0	0	0	0	0	
Scirpus_flaccidifolius	0	0	0	0	0	0	0	0	0	0	0	0	0	0	0	0	0	0	0	0	0	0	0	0	0	0	1	0	0	0	0	0	0	0	0	0	0	0	0	0	0	0	0	0	0	0	0	0	0	0	0	0	0	0	0	0	0	0	0	0	0	0	0	0	0	0	0	0	0	0	0	
N52	1.4305e-19	2.05871e-18	5.1539e-17	1.3285e-15	3.06975e-14	6.05863e-13	1.00667e-11	1.4009e-10	1.63559e-09	1.60624e-08	1.33309e-07	9.39398e-07	5.64703e-06	2.90882e-05	0.00012887	0.00049269	0.00163017	0.004681	0.0116918	0.025452	0.0483354	0.0800564	0.11545	0.144487	0.156166	0.144901	0.114642	0.0767798	0.0432463	0.0203673	0.00797818	0.00259193	0.00069783	0.000155341	2.8738e-05	4.49982e-06	5.91982e-07	6.93472e-08	9.80158e-09	1.15903e-09	1.97285e-10	7.58032e-11	8.78996e-12	1.79445e-12	5.81898e-13	4.57644e-14	7.74915e-15	1.68004e-15	8.79242e-17	1.20843e-17	1.73902e-18	6.1294e-20	6.85897e-21	6.75794e-22	1.6675e-23	1.53185e-24	1.09532e-25	2.47547e-27	1.96902e-28	1.29128e-29	3.17139e-31	2.35471e-32	4.44204e-33	8.42988e-35	5.35538e-36	6.18447e-37	3.13636e-38	1.81105e-39	8.23543e-41	2.53607e-42	1.13548e-42	
N53	7.68819e-15	8.18376e-14	1.33912e-12	2.05268e-11	2.74188e-10	3.08275e-09	2.93105e-08	2.34395e-07	1.60667e-06	9.34404e-06	4.6293e-05	0.000198712	0.000780441	0.00294652	0.0104902	0.0325247	0.0807374	0.151916	0.210748	0.213716	0.158691	0.0869708	0.0357224	0.011183	0.00271025	0.000517887	7.9296e-05	9.84794e-06	1.00766e-06	8.60601e-08	6.18118e-09	3.78827e-10	2.0042e-11	9.18065e-13	3.70283e-14	1.33112e-15	4.2509e-17	1.23292e-18	3.28677e-20	7.93036e-22	1.78007e-23	3.74356e-25	7.1487e-27	1.28158e-28	2.16285e-30	3.29538e-32	4.72729e-34	6.40101e-36	7.80361e-38	9.01137e-40	9.89388e-42	9.79695e-44	9.29026e-46	8.47926e-48	7.00802e-50	5.62615e-52	4.41024e-54	3.14904e-56	2.21356e-58	1.53657e-60	9.74887e-63	6.1531e-65	3.87195e-67	2.24294e-69	1.31343e-71	7.82403e-74	4.46801e-76	2.66399e-78	1.65051e-80	1.01722e-82	7.35618e-85	
Scirpus_pendulus	0	0	0	0	0	0	0	0	0	0	0	0	0	0	0	0	0	0	0	1	0	0	0	0	0	0	0	0	0	0	0	0	0	0	0	0	0	0	0	0	0	0	0	0	0	0	0	0	0	0	0	0	0	0	0	0	0	0	0	0	0	0	0	0	0	0	0	0	0	0	0	
Scirpus_fontinalis	0	0	0	0	0	0	0	0	0	0	0	0	0	0	0	0	0	1	0	0	0	0	0	0	0	0	0	0	0	0	0	0	0	0	0	0	0	0	0	0	0	0	0	0	0	0	0	0	0	0	0	0	0	0	0	0	0	0	0	0	0	0	0	0	0	0	0	0	0	0	0	
N54	6.02117e-14	3.6432e-13	3.1603e-12	2.81641e-11	2.37135e-10	1.82532e-09	1.26832e-08	7.9061e-08	4.4153e-07	2.20612e-06	9.86999e-06	3.95386e-05	0.000141974	0.000457341	0.00132303	0.00343608	0.00800345	0.0166811	0.0310553	0.0516081	0.0766336	0.101952	0.121883	0.131253	0.12728	0.11086	0.0863101	0.0596824	0.0364707	0.0196325	0.00927349	0.00386048	0.00143742	0.000480265	0.000152795	5.14544e-05	1.72061e-05	6.46804e-06	2.71873e-06	9.34599e-07	3.26277e-07	1.14436e-07	3.05838e-08	8.18551e-09	2.17764e-09	4.38204e-10	8.92569e-11	1.81344e-11	2.78009e-12	4.41625e-13	7.13399e-14	8.77541e-15	1.19813e-15	1.83573e-16	2.17733e-17	3.11012e-18	5.32892e-19	6.9906e-20	1.01749e-20	1.60852e-21	1.82027e-22	2.3307e-23	3.338e-24	3.10123e-25	3.22948e-26	3.76402e-27	3.13129e-28	2.93723e-29	3.13967e-30	3.34308e-31	8.55121e-32	
Scirpus_orientalis	0	0	0	0	0	0	0	0	0	0	0	0	0	1	0	0	0	0	0	0	0	0	0	0	0	0	0	0	0	0	0	0	0	0	0	0	0	0	0	0	0	0	0	0	0	0	0	0	0	0	0	0	0	0	0	0	0	0	0	0	0	0	0	0	0	0	0	0	0	0	0	
N55	8.23462e-22	1.46513e-20	3.75711e-19	8.86575e-18	1.82893e-16	3.12282e-15	4.51857e-14	5.32129e-13	5.09858e-12	4.09828e-11	3.34909e-10	2.56761e-09	1.50313e-08	5.50295e-08	1.30489e-07	3.14334e-07	1.31289e-06	7.82193e-06	4.25363e-05	0.000166635	0.000431371	0.000678776	0.000627363	0.000378159	0.000220607	0.000275456	0.000930532	0.00428869	0.0172022	0.0532181	0.12103	0.199418	0.234409	0.191369	0.110837	0.0465008	0.0140562	0.00323485	0.000583243	8.06971e-05	9.10397e-06	8.53462e-07	6.39452e-08	4.09049e-09	2.26404e-10	1.0294e-11	4.13889e-13	1.48772e-14	4.49169e-16	1.23592e-17	3.12757e-19	6.76242e-21	1.36855e-22	2.60979e-24	4.29413e-26	6.7365e-28	1.01084e-29	1.31785e-31	1.65306e-33	1.99584e-35	2.09705e-37	2.13848e-39	2.12066e-41	1.83917e-43	1.57716e-45	1.35084e-47	1.06695e-49	8.82309e-52	7.67455e-54	6.65649e-56	7.04816e-58	
Scirpus_cyperinus	0	0	0	0	0	0	0	0	0	0	0	0	0	0	0	0	0	0	0	0	0	0	0	0	0	0	0	0	0	0	0	0	1	0	0	0	0	0	0	0	0	0	0	0	0	0	0	0	0	0	0	0	0	0	0	0	0	0	0	0	0	0	0	0	0	0	0	0	0	0	0	
Scirpus_atrocinctus	0	0	0	0	0	0	0	0	0	0	0	0	0	0	0	0	0	0	0	0	0	0	0	0	0	0	0	0	0	0	0	0	0	1	0	0	0	0	0	0	0	0	0	0	0	0	0	0	0	0	0	0	0	0	0	0	0	0	0	0	0	0	0	0	0	0	0	0	0	0	0	
