NODE	1	2	3	4	5	6	7	8	9	10	11	12	13	14	15	16	17	18	19	20	21	22	23	24	25	26	27	28	29	30	31	32	33	34	35	36	37	38	39	40	41	42	43	44	45	46	47	48	49	50	51	52	53	54	55	56	57	58	59	60	61	62	
N1	0.0994294	0.100193	0.100891	0.100485	0.0980596	0.0930547	0.0853942	0.0754841	0.0640977	0.0521891	0.0406917	0.0303544	0.0216489	0.0147544	0.00960505	0.00597067	0.0035429	0.00200626	0.0010839	0.000559292	0.000275598	0.000129675	5.82567e-05	2.49885e-05	1.0234e-05	4.00217e-06	1.49471e-06	5.33256e-07	1.81527e-07	5.89638e-08	1.82764e-08	5.40601e-09	1.52604e-09	4.11134e-10	1.0572e-10	2.5949e-11	6.08002e-12	1.36003e-12	2.90465e-13	9.64464e-17	4.25634e-17	1.83579e-17	7.73914e-18	3.18944e-18	1.2853e-18	5.06272e-19	1.94934e-19	7.33754e-20	2.70034e-20	9.71735e-21	3.41995e-21	1.1775e-21	3.96817e-22	1.31005e-22	4.24395e-23	1.35322e-23	4.27164e-24	1.34938e-24	4.35263e-25	1.49147e-25	5.93178e-26	3.3444e-26	
N2	0.00748204	0.00991623	0.0134143	0.0181756	0.0243056	0.0317551	0.0402716	0.0493796	0.0584044	0.0665447	0.0729848	0.0770264	0.0782096	0.0763959	0.0717914	0.0649058	0.0564576	0.0472505	0.0380466	0.0295045	0.0220368	0.0158537	0.010987	0.00733591	0.00471977	0.00292664	0.00174949	0.00100855	0.000560303	0.000300035	0.000154893	7.71081e-05	3.70243e-05	1.71522e-05	7.66924e-06	3.31053e-06	1.38014e-06	5.55926e-07	2.16472e-07	8.15325e-08	2.97234e-08	1.04967e-08	3.59417e-09	1.19464e-09	3.85999e-10	1.21304e-10	3.71278e-11	1.10844e-11	3.23333e-12	9.23295e-13	2.5868e-13	7.13058e-14	1.94087e-14	5.24151e-15	1.41339e-15	3.83641e-16	1.0585e-16	3.00441e-17	8.93895e-18	2.91663e-18	1.18283e-18	7.76127e-19	
Blysmus_compressus	0	0	0	0	0	0	0	0	0	0	0	0	0	0	0	0	0	0	0	0	0	1	0	0	0	0	0	0	0	0	0	0	0	0	0	0	0	0	0	0	0	0	0	0	0	0	0	0	0	0	0	0	0	0	0	0	0	0	0	0	0	0	
Dulichium_arundinaceum	0	0	0	0	0	0	0	0	0	0	0	0	0	0	0	1	0	0	0	0	0	0	0	0	0	0	0	0	0	0	0	0	0	0	0	0	0	0	0	0	0	0	0	0	0	0	0	0	0	0	0	0	0	0	0	0	0	0	0	0	0	0	
N3	0.0171806	0.0224593	0.0295825	0.0385283	0.0488993	0.0598947	0.0703865	0.0791024	0.0848752	0.0868911	0.0848645	0.0790879	0.0703495	0.0597497	0.048472	0.0375741	0.0278419	0.0197303	0.0133712	0.00867625	0.0053924	0.00321162	0.0018341	0.00100513	0.000529116	0.000267903	0.000130689	6.15673e-05	2.807e-05	1.24412e-05	5.39934e-06	2.32218e-06	1.00898e-06	4.54951e-07	2.18901e-07	1.0859e-07	5.44131e-08	2.69772e-08	1.30246e-08	6.06072e-09	2.70212e-09	1.15077e-09	4.67565e-10	1.81214e-10	6.70296e-11	2.36573e-11	7.97187e-12	2.56644e-12	7.89876e-13	2.32551e-13	6.55399e-14	1.76964e-14	4.58342e-15	1.14137e-15	2.74636e-16	6.45713e-17	1.52062e-17	3.76828e-18	1.06372e-18	3.7599e-19	1.8663e-19	1.57338e-19	
N4	0.00154601	0.00215434	0.00316884	0.0047638	0.00715085	0.0105593	0.0152009	0.0212188	0.0286269	0.0372507	0.0466878	0.056306	0.0652934	0.0727611	0.0778836	0.0800483	0.0789753	0.0747775	0.0679258	0.0592383	0.0495913	0.0398495	0.0307382	0.0227636	0.0161892	0.0110613	0.00726504	0.00459072	0.00279109	0.0016349	0.000924331	0.000505775	0.000268965	0.000139939	7.19926e-05	3.68419e-05	1.89226e-05	9.82406e-06	5.17173e-06	2.75531e-06	1.47621e-06	7.88484e-07	4.16125e-07	2.15319e-07	1.08587e-07	5.30869e-08	2.50808e-08	1.14268e-08	5.01393e-09	2.11754e-09	8.60801e-10	3.37113e-10	1.27465e-10	4.67386e-11	1.67628e-11	5.97478e-12	2.17677e-12	8.47504e-13	3.738e-13	1.9855e-13	1.36097e-13	1.34317e-13	
N5	9.90168e-06	1.41813e-05	2.18909e-05	3.51617e-05	5.73192e-05	9.32711e-05	0.000149866	0.000236106	0.000363081	0.000543565	0.000791321	0.0011204	0.00154501	0.0020806	0.002747	0.00357388	0.00460835	0.00592342	0.00762455	0.00981742	0.012672	0.0163756	0.0210989	0.0269487	0.0339095	0.0417898	0.0501893	0.0585057	0.0659698	0.0717556	0.0751426	0.0756561	0.0731683	0.0679302	0.0605246	0.0517412	0.0424432	0.0334174	0.0252672	0.0183612	0.0128375	0.00864825	0.00562416	0.00353907	0.00216105	0.00128348	0.00074389	0.000422172	0.000235357	0.000129269	7.01392e-05	3.76998e-05	2.01457e-05	1.07593e-05	5.78897e-06	3.17359e-06	1.79905e-06	1.07355e-06	6.89327e-07	4.91934e-07	4.12093e-07	4.35551e-07	
Trichophorum_cespitosum	0	0	0	0	0	0	0	0	0	0	0	0	0	0	0	0	0	0	0	0	0	0	0	0	0	0	0	0	0	0	0	0	0	0	0	0	0	0	0	0	0	0	0	0	0	0	0	0	0	0	0	1	0	0	0	0	0	0	0	0	0	0	
N6	1.69439e-10	1.84365e-10	4.76265e-10	2.31185e-09	9.18489e-09	2.5395e-08	4.83482e-08	6.39205e-08	5.90996e-08	3.82516e-08	1.73272e-08	5.94181e-09	3.31978e-09	5.85782e-09	1.08477e-08	1.57004e-08	2.45872e-08	1.20785e-07	1.05075e-06	7.62402e-06	4.08493e-05	0.00015535	0.000409273	0.000746156	0.000950804	0.000877127	0.000823016	0.00225658	0.0101341	0.0354444	0.0887821	0.160691	0.213074	0.208893	0.151863	0.0815783	0.0320659	0.0090879	0.00182905	0.000260172	2.66629e-05	2.02887e-06	1.18198e-07	5.41773e-09	2e-10	6.06071e-12	1.53272e-13	3.28061e-15	6.0156e-17	9.55154e-19	1.32587e-20	1.62332e-22	1.76803e-24	1.72791e-26	1.52962e-28	1.24002e-30	9.32818e-33	6.61645e-35	4.50509e-37	2.99542e-39	1.97035e-41	1.53008e-43	
Trichophorum_pumilum	0	0	0	0	0	0	0	0	0	0	0	0	0	0	0	0	0	0	0	0	0	0	0	0	0	0	0	0	0	0	0	0	0	0	0	0	0	0	1	0	0	0	0	0	0	0	0	0	0	0	0	0	0	0	0	0	0	0	0	0	0	0	
Trichophorum_alpinum	0	0	0	0	0	0	0	0	0	0	0	0	0	0	0	0	0	0	0	0	0	0	0	0	0	0	0	0	1	0	0	0	0	0	0	0	0	0	0	0	0	0	0	0	0	0	0	0	0	0	0	0	0	0	0	0	0	0	0	0	0	0	
N7	4.07494e-07	6.12118e-07	9.64889e-07	1.58759e-06	2.98008e-06	7.07336e-06	2.05357e-05	6.39564e-05	0.000194316	0.000552532	0.00144756	0.00347223	0.0076014	0.0151562	0.0274783	0.0452384	0.0675515	0.0914003	0.111964	0.124201	0.124685	0.113232	0.0930012	0.0690827	0.0464175	0.0282213	0.0155343	0.0077474	0.0035004	0.00143396	0.000533113	0.000180065	5.5319e-05	1.54777e-05	3.94924e-06	9.20252e-07	1.96127e-07	3.82908e-08	6.85964e-09	1.1296e-09	1.71311e-10	2.39749e-11	3.10313e-12	3.72369e-13	4.15434e-14	4.31872e-15	4.19648e-16	3.8247e-17	3.28217e-18	2.66342e-19	2.05369e-20	1.51304e-21	1.07208e-22	7.36339e-24	4.94945e-25	3.29249e-26	2.19416e-27	1.48315e-28	1.03158e-29	7.56691e-31	6.15674e-32	6.61936e-33	
Scirpus_radicans	0	0	0	0	0	0	0	0	0	0	0	0	0	0	0	0	0	0	0	0	0	0	0	0	0	0	0	1	0	0	0	0	0	0	0	0	0	0	0	0	0	0	0	0	0	0	0	0	0	0	0	0	0	0	0	0	0	0	0	0	0	0	
N8	1.15489e-08	1.95249e-08	3.90409e-08	9.32274e-08	2.8185e-07	1.04452e-06	4.20274e-06	1.66251e-05	6.15554e-05	0.000208919	0.000643946	0.00179365	0.00450058	0.010149	0.0205299	0.0371953	0.0602787	0.0872877	0.112846	0.130276	0.134216	0.123343	0.101083	0.0738714	0.0481455	0.027993	0.0145267	0.00673302	0.00278664	0.00103059	0.000340881	0.000100939	2.67877e-05	6.37918e-06	1.36498e-06	2.62809e-07	4.56027e-08	7.14398e-09	1.01242e-09	1.30102e-10	1.52044e-11	1.62204e-12	1.58788e-13	1.43718e-14	1.21639e-15	9.78072e-17	7.64096e-18	5.95196e-19	4.72019e-20	3.83031e-21	3.13782e-22	2.53461e-23	1.973e-24	1.45519e-25	1.00602e-26	6.48137e-28	3.8898e-29	2.20728e-30	1.28103e-31	9.72694e-33	1.23456e-33	2.53122e-34	
N9	1.81383e-09	2.51272e-09	3.73246e-09	5.83023e-09	9.56339e-09	1.66844e-08	3.09894e-08	5.98947e-08	1.17241e-07	2.30713e-07	4.64006e-07	9.7802e-07	2.19071e-06	5.21593e-06	1.31912e-05	3.5412e-05	9.93856e-05	0.000281775	0.00077572	0.00201105	0.00481082	0.0104952	0.0207407	0.0369816	0.05934	0.0855277	0.110576	0.128102	0.132754	0.123004	0.101862	0.0753799	0.0498522	0.0294739	0.0155874	0.00738022	0.00313205	0.00119314	0.000408734	0.00012619	3.52032e-05	8.90191e-06	2.0483e-06	4.30901e-07	8.33799e-08	1.49359e-08	2.49809e-09	3.94063e-10	5.9285e-11	8.60152e-12	1.21501e-12	1.68166e-13	2.28718e-14	3.0575e-15	4.01411e-16	5.17272e-17	6.54199e-18	8.11779e-19	9.8733e-20	1.17976e-20	1.45697e-21	2.92075e-22	
Scirpus_mitsukurianus	0	0	0	0	0	0	0	0	0	0	0	0	0	0	0	0	0	0	0	0	0	0	0	0	0	0	0	0	0	0	0	0	0	1	0	0	0	0	0	0	0	0	0	0	0	0	0	0	0	0	0	0	0	0	0	0	0	0	0	0	0	0	
Scirpus_polystachyus	0	0	0	0	0	0	0	0	0	0	0	0	0	0	0	0	0	0	0	0	0	0	0	0	0	0	0	0	0	1	0	0	0	0	0	0	0	0	0	0	0	0	0	0	0	0	0	0	0	0	0	0	0	0	0	0	0	0	0	0	0	0	
N10	6.22926e-10	1.31307e-09	3.92919e-09	1.5138e-08	6.87464e-08	3.34106e-07	1.60761e-06	7.30183e-06	3.05109e-05	0.000115684	0.0003949	0.00120775	0.00329828	0.00802291	0.0173483	0.0332946	0.0566384	0.0853112	0.113681	0.134044	0.139765	0.128806	0.104894	0.0754751	0.0479884	0.0269691	0.0134026	0.00589385	0.00229292	0.000789676	0.000240955	6.52033e-05	1.56652e-05	3.34583e-06	6.36292e-07	1.07958e-07	1.6386e-08	2.23365e-09	2.75125e-10	3.09184e-11	3.21837e-12	3.17158e-13	3.04021e-14	2.90923e-15	2.82544e-16	2.79806e-17	2.83062e-18	2.93777e-19	3.13235e-20	3.3925e-21	3.64176e-22	3.76736e-23	3.67086e-24	3.31896e-25	2.76041e-26	2.1027e-27	1.46578e-28	9.43e-30	5.91336e-31	4.49568e-32	5.68763e-33	1.4144e-33	
N11	1.23913e-10	2.43961e-10	6.09213e-10	1.71893e-09	5.29963e-09	1.78955e-08	6.61177e-08	2.61424e-07	1.06428e-06	4.28286e-06	1.64826e-05	5.92874e-05	0.000196411	0.000593891	0.0016299	0.00404572	0.00906127	0.0182818	0.033185	0.0541848	0.0795045	0.104755	0.123877	0.131424	0.125057	0.106718	0.0816705	0.0560625	0.0344954	0.0190318	0.00941953	0.00418493	0.00167045	0.000599774	0.000194036	5.6697e-05	1.50145e-05	3.62138e-06	8.01013e-07	1.63991e-07	3.14343e-08	5.71357e-09	9.96584e-10	1.68332e-10	2.76909e-11	4.44753e-12	6.99554e-13	1.08129e-13	1.64522e-14	2.45674e-15	3.56958e-16	4.98806e-17	6.63181e-18	8.33416e-19	9.89356e-20	1.11617e-20	1.21143e-21	1.28503e-22	1.35125e-23	1.42212e-24	1.56071e-25	2.76762e-26	
N12	2.39554e-11	5.20878e-11	1.451e-10	4.42868e-10	1.40381e-09	4.57622e-09	1.54484e-08	5.44474e-08	2.00104e-07	7.55841e-07	2.86421e-06	1.06006e-05	3.74185e-05	0.000123684	0.000377913	0.00105808	0.00269884	0.00624713	0.013088	0.0247892	0.042377	0.0653084	0.0906568	0.113277	0.127345	0.128762	0.117078	0.0957333	0.0703372	0.0464461	0.027574	0.0147242	0.00707646	0.0030635	0.00119608	0.0004219	0.000134826	3.92103e-05	1.04544e-05	2.58621e-06	6.04364e-07	1.36575e-07	3.05482e-08	6.85353e-09	1.53804e-09	3.40153e-10	7.31555e-11	1.52574e-11	3.11993e-12	6.38431e-13	1.33032e-13	2.82455e-14	6.00285e-15	1.24641e-15	2.48414e-16	4.73099e-17	8.70218e-18	1.58425e-18	2.94239e-19	5.734e-20	1.26511e-20	4.80395e-21	
Eriophorum_brachyantherum	0	0	0	0	0	0	0	0	0	0	0	0	0	0	0	0	0	0	0	0	0	0	0	0	0	0	0	0	1	0	0	0	0	0	0	0	0	0	0	0	0	0	0	0	0	0	0	0	0	0	0	0	0	0	0	0	0	0	0	0	0	0	
Eriophorum_chamissonis	0	0	0	0	0	0	0	0	0	0	0	0	0	0	0	0	0	0	0	0	0	0	0	0	0	0	0	0	0	1	0	0	0	0	0	0	0	0	0	0	0	0	0	0	0	0	0	0	0	0	0	0	0	0	0	0	0	0	0	0	0	0	
N13	2.16085e-11	4.82437e-11	1.41881e-10	4.72413e-10	1.6897e-09	6.37893e-09	2.51469e-08	1.01999e-07	4.16941e-07	1.67761e-06	6.49769e-06	2.37825e-05	8.11146e-05	0.000255223	0.000735655	0.00193313	0.00461543	0.00998812	0.0195573	0.0346296	0.0553787	0.079909	0.103972	0.121923	0.128814	0.12259	0.105086	0.081149	0.0564084	0.0353068	0.0199064	0.0101149	0.00463497	0.00191706	0.000716607	0.000242572	7.4599e-05	2.09623e-05	5.43672e-06	1.32399e-06	3.10796e-07	7.26107e-08	1.73089e-08	4.22079e-09	1.03235e-09	2.46584e-10	5.65947e-11	1.24943e-11	2.70536e-12	5.93201e-13	1.3523e-13	3.20324e-14	7.66691e-15	1.79077e-15	3.98281e-16	8.36567e-17	1.67674e-17	3.31049e-18	6.76611e-19	1.50702e-19	3.98926e-20	1.8477e-20	
Eriophorum_angustifolium	0	0	0	0	0	0	0	0	0	0	0	0	0	0	0	0	0	0	0	0	0	0	0	0	0	0	0	0	1	0	0	0	0	0	0	0	0	0	0	0	0	0	0	0	0	0	0	0	0	0	0	0	0	0	0	0	0	0	0	0	0	0	
Eriophorum_vaginatum	0	0	0	0	0	0	0	0	0	0	0	0	0	0	0	0	0	0	0	0	0	0	0	0	0	0	0	0	1	0	0	0	0	0	0	0	0	0	0	0	0	0	0	0	0	0	0	0	0	0	0	0	0	0	0	0	0	0	0	0	0	0	
N14	2.91006e-11	6.9607e-11	2.38209e-10	1.08155e-09	6.12736e-09	3.81953e-08	2.3559e-07	1.35829e-06	7.12362e-06	3.35038e-05	0.000140081	0.000517498	0.00168144	0.00478774	0.0119125	0.02584	0.0487741	0.0799936	0.113865	0.140663	0.150688	0.139914	0.112569	0.0784764	0.0474152	0.0248393	0.0112899	0.00445651	0.00152796	0.000455528	0.000118233	2.6756e-05	5.28883e-06	9.15412e-07	1.39234e-07	1.87167e-08	2.2454e-09	2.44443e-10	2.47976e-11	2.428e-12	2.36838e-13	2.32304e-14	2.25014e-15	2.09104e-16	1.82679e-17	1.49502e-18	1.16529e-19	8.93561e-21	6.96398e-22	5.56335e-23	4.4501e-24	3.43389e-25	2.4796e-26	1.65709e-27	1.09851e-28	1.20394e-29	4.01109e-30	2.0832e-30	1.21589e-30	8.20516e-31	6.69524e-31	7.3514e-31	
N15	9.53048e-10	1.62793e-09	3.32394e-09	7.45695e-09	1.75757e-08	4.2679e-08	1.06388e-07	2.73852e-07	7.33882e-07	2.05285e-06	5.9468e-06	1.7524e-05	5.13316e-05	0.000146102	0.000396458	0.00101116	0.00239986	0.0052644	0.0106253	0.0196865	0.0334064	0.0518379	0.0734772	0.0950615	0.112191	0.120738	0.118457	0.105945	0.0863038	0.0640475	0.0433146	0.0267077	0.0150255	0.00772116	0.00363002	0.00156515	0.00062111	0.000228023	7.80033e-05	2.51011e-05	7.68598e-06	2.26678e-06	6.50872e-07	1.83339e-07	5.08887e-08	1.39448e-08	3.78394e-09	1.02029e-09	2.73756e-10	7.28273e-11	1.90374e-11	4.83334e-12	1.17953e-12	2.74996e-13	6.12257e-14	1.30945e-14	2.72181e-15	5.58331e-16	1.14882e-16	2.4288e-17	5.80871e-18	2.3783e-18	
Scirpus_sylvaticus	0	0	0	0	0	0	0	0	0	0	0	0	0	0	0	0	0	0	0	0	0	0	0	0	0	0	0	0	0	0	1	0	0	0	0	0	0	0	0	0	0	0	0	0	0	0	0	0	0	0	0	0	0	0	0	0	0	0	0	0	0	0	
Scirpus_microcarpus	0	0	0	0	0	0	0	0	0	0	0	0	0	0	0	0	0	0	0	0	0	0	0	0	0	0	0	0	0	0	0	1	0	0	0	0	0	0	0	0	0	0	0	0	0	0	0	0	0	0	0	0	0	0	0	0	0	0	0	0	0	0	
N16	2.67889e-12	1.0065e-11	6.02744e-11	4.26897e-10	3.15284e-09	2.27688e-08	1.5485e-07	9.67947e-07	5.46751e-06	2.75622e-05	0.000122839	0.000480524	0.0016406	0.00486721	0.0125036	0.0277377	0.0530184	0.0871659	0.123097	0.149348	0.155506	0.138854	0.106269	0.0696913	0.0391592	0.0188549	0.00778202	0.00275475	0.000835761	0.000217423	4.85367e-05	9.30615e-06	1.53432e-06	2.1788e-07	2.67181e-08	2.84267e-09	2.64888e-10	2.20403e-11	1.69967e-12	1.28705e-13	1.01066e-14	8.27519e-16	6.73207e-17	5.13894e-18	3.55076e-19	2.19053e-20	1.21595e-21	6.27872e-23	3.21534e-24	1.95987e-25	4.70438e-26	6.05179e-26	9.74531e-26	1.54792e-25	2.33143e-25	3.2485e-25	4.13216e-25	4.84678e-25	5.63648e-25	7.83118e-25	1.54741e-24	4.17573e-24	
Scirpus_expansus	0	0	0	0	0	0	0	0	0	0	0	0	0	0	0	0	0	0	0	0	0	0	0	0	0	0	0	0	0	0	0	1	0	0	0	0	0	0	0	0	0	0	0	0	0	0	0	0	0	0	0	0	0	0	0	0	0	0	0	0	0	0	
N17	2.65579e-12	1.03233e-11	6.32792e-11	4.5238e-10	3.34721e-09	2.41438e-08	1.63824e-07	1.02122e-06	5.75097e-06	2.88969e-05	0.000128342	0.000500214	0.00170126	0.00502691	0.0128599	0.028404	0.0540471	0.088441	0.124288	0.150033	0.1554	0.137999	0.10501	0.068451	0.0382189	0.0182794	0.00749132	0.00263207	0.00079215	0.000204314	4.51923e-05	8.57971e-06	1.39958e-06	1.96475e-07	2.37953e-08	2.49792e-09	2.29537e-10	1.88694e-11	1.45229e-12	1.12955e-13	9.56319e-15	8.83915e-16	8.33354e-17	7.47321e-18	6.12422e-19	4.50506e-20	2.97225e-21	1.79669e-22	1.06662e-23	7.1379e-25	5.9684e-26	5.86742e-27	7.09237e-28	2.04384e-28	1.37803e-28	1.03185e-28	7.06606e-29	4.31737e-29	2.3435e-29	1.14862e-29	7.46358e-30	3.51347e-29	
N18	1.18144e-09	2.41364e-09	6.42374e-09	1.96455e-08	6.53573e-08	2.29532e-07	8.28589e-07	2.99196e-06	1.05361e-05	3.54344e-05	0.000112038	0.000329373	0.000893511	0.00222526	0.00507014	0.010543	0.0199735	0.0344289	0.0539419	0.0768202	0.0993598	0.116648	0.124253	0.120056	0.105212	0.0836305	0.0603054	0.0394643	0.0234254	0.0126194	0.00617376	0.00274542	0.00111106	0.000409891	0.000138189	4.27315e-05	1.21876e-05	3.23287e-06	8.06973e-07	1.92426e-07	4.45525e-08	1.0149e-08	2.28814e-09	5.09648e-10	1.11601e-10	2.39556e-11	5.0629e-12	1.06402e-12	2.24432e-13	4.75627e-14	1.00285e-14	2.07003e-15	4.11912e-16	7.82519e-17	1.41609e-17	2.45509e-18	4.1313e-19	6.87096e-20	1.15072e-20	1.98139e-21	3.79831e-22	1.25408e-22	
Scirpus_ancistrochaetus	0	0	0	0	0	0	0	0	0	0	0	0	0	0	0	0	0	0	0	0	0	0	0	0	0	0	1	0	0	0	0	0	0	0	0	0	0	0	0	0	0	0	0	0	0	0	0	0	0	0	0	0	0	0	0	0	0	0	0	0	0	0	
N19	2.42216e-34	9.08187e-33	3.75089e-29	1.19962e-25	2.70304e-22	3.96762e-19	3.40717e-16	1.43072e-13	1.98657e-11	4.73425e-11	4.46995e-12	2.64828e-14	5.94452e-17	6.98673e-20	5.00022e-23	5.13313e-26	2.10046e-26	4.45159e-25	1.8343e-21	5.80928e-18	1.33033e-14	2.10293e-11	2.1475e-08	1.27954e-05	0.00372794	0.359685	0.597167	0.039245	0.000161693	2.53171e-07	2.08146e-10	1.0443e-13	3.49258e-17	8.25387e-21	1.43661e-24	1.89925e-28	1.95309e-32	1.59208e-36	1.04466e-40	5.58837e-45	2.46377e-49	1.94891e-53	1.15324e-53	1.37552e-55	8.67004e-58	5.15969e-60	2.9306e-62	1.6057e-64	8.59299e-67	4.55336e-69	2.42168e-71	1.30758e-73	7.22106e-76	4.08956e-78	2.37259e-80	1.41275e-82	7.4123e-84	3.65337e-83	1.02387e-82	9.62383e-83	1.03874e-84	6.23465e-87	
Scirpus_georgianus	0	0	0	0	0	0	0	0	0	0	0	0	0	0	0	0	0	0	0	0	0	0	0	0	0	1	0	0	0	0	0	0	0	0	0	0	0	0	0	0	0	0	0	0	0	0	0	0	0	0	0	0	0	0	0	0	0	0	0	0	0	0	
N20	1.7434e-49	6.13211e-48	3.19744e-43	3.91082e-38	2.96039e-33	1.26827e-28	2.69588e-24	2.28523e-20	4.92253e-17	2.46647e-15	3.21711e-16	1.43038e-19	1.58393e-23	6.95597e-28	1.51594e-32	7.9531e-37	6.10085e-39	8.00013e-38	4.28227e-33	6.30965e-28	6.10033e-23	3.63329e-18	1.22115e-13	2.03169e-09	1.34514e-05	0.0225835	0.886573	0.0907981	3.17594e-05	2.77234e-09	9.61909e-14	1.65506e-18	1.61141e-23	9.6951e-29	3.84448e-34	3.03092e-39	4.65073e-42	7.4942e-45	8.21273e-48	5.95612e-51	2.71305e-54	6.98862e-58	7.83411e-62	5.3061e-67	1.58639e-72	2.7531e-78	3.11954e-84	2.46576e-90	1.41878e-96	6.76047e-103	3.50404e-109	2.95313e-113	7.24432e-118	1.38972e-121	2.02149e-125	2.14435e-129	1.58647e-133	7.66532e-138	2.15144e-142	2.6717e-147	2.44591e-153	3.09588e-158	
Scirpus_hattorianus	0	0	0	0	0	0	0	0	0	0	0	0	0	0	0	0	0	0	0	0	0	0	0	0	0	0	0	1	0	0	0	0	0	0	0	0	0	0	0	0	0	0	0	0	0	0	0	0	0	0	0	0	0	0	0	0	0	0	0	0	0	0	
Scirpus_flaccidifolius	0	0	0	0	0	0	0	0	0	0	0	0	0	0	0	0	0	0	0	0	0	0	0	0	0	0	1	0	0	0	0	0	0	0	0	0	0	0	0	0	0	0	0	0	0	0	0	0	0	0	0	0	0	0	0	0	0	0	0	0	0	0	
N21	3.07957e-12	1.26066e-11	7.89178e-11	5.63746e-10	4.12472e-09	2.9271e-08	1.94937e-07	1.19166e-06	6.58158e-06	3.24556e-05	0.000141614	0.000542914	0.00181874	0.00530069	0.0133939	0.0292613	0.0551466	0.0894973	0.124902	0.149916	0.154584	0.136827	0.103906	0.0676766	0.0378031	0.0181116	0.00744508	0.00262736	0.000795388	0.000206673	4.61278e-05	8.85165e-06	1.46223e-06	2.0837e-07	2.57418e-08	2.80517e-09	2.89037e-10	3.5063e-11	6.52715e-12	1.61614e-12	4.01626e-13	8.93579e-14	1.72968e-14	2.89487e-15	4.18855e-16	5.25559e-17	5.83903e-18	6.31062e-19	8.79414e-20	1.97796e-20	5.54544e-21	1.49262e-21	3.55723e-22	7.38178e-23	1.32906e-23	2.0747e-24	2.80811e-25	3.29759e-26	3.36904e-27	3.06341e-28	3.90988e-29	6.49308e-29	
N22	2.26639e-09	2.71569e-09	3.17971e-09	4.38507e-09	9.3048e-09	3.27203e-08	1.85944e-07	1.35149e-06	9.66156e-06	6.08364e-05	0.000325995	0.00146556	0.00547299	0.0168229	0.0421871	0.0855905	0.139446	0.181357	0.187543	0.154125	0.100773	0.0526159	0.0220654	0.00748717	0.00207273	0.000472278	8.93619e-05	1.41672e-05	1.89644e-06	2.16045e-07	2.11017e-08	1.77935e-09	1.3037e-10	8.34979e-12	4.70104e-13	2.33893e-14	1.03348e-15	4.07471e-17	1.44006e-18	4.58227e-20	1.31865e-21	3.44751e-23	8.22802e-25	1.80215e-26	3.64455e-28	6.84959e-30	1.20603e-31	2.00874e-33	3.20111e-35	4.94419e-37	7.50153e-39	1.13188e-40	1.71387e-42	2.61566e-44	4.02278e-46	6.2129e-48	9.58588e-50	1.46894e-51	2.22229e-53	3.29932e-55	4.79441e-57	8.58079e-59	
Scirpus_pendulus	0	0	0	0	0	0	0	0	0	0	0	0	0	0	0	0	0	0	0	1	0	0	0	0	0	0	0	0	0	0	0	0	0	0	0	0	0	0	0	0	0	0	0	0	0	0	0	0	0	0	0	0	0	0	0	0	0	0	0	0	0	0	
Scirpus_fontinalis	0	0	0	0	0	0	0	0	0	0	0	0	0	0	0	0	0	1	0	0	0	0	0	0	0	0	0	0	0	0	0	0	0	0	0	0	0	0	0	0	0	0	0	0	0	0	0	0	0	0	0	0	0	0	0	0	0	0	0	0	0	0	
N23	5.22458e-09	1.54891e-08	5.56981e-08	2.04746e-07	7.46691e-07	2.67013e-06	9.27197e-06	3.09548e-05	9.83249e-05	0.000294051	0.000819791	0.00211192	0.00499026	0.0107506	0.021016	0.0371445	0.0591912	0.0848634	0.109292	0.126397	0.131149	0.122021	0.101777	0.0761053	0.0510308	0.030697	0.0165765	0.0080434	0.00350749	0.00137616	0.000486515	0.000155323	4.49675e-05	1.19175e-05	2.95752e-06	7.22768e-07	1.89292e-07	5.70432e-08	1.9364e-08	6.78007e-09	2.27513e-09	7.04983e-10	1.98936e-10	5.106e-11	1.20447e-11	2.69087e-12	6.10239e-13	1.55827e-13	4.72429e-14	1.59327e-14	5.39715e-15	1.72309e-15	5.04454e-16	1.34139e-16	3.23522e-17	7.11458e-18	1.45189e-18	2.87635e-19	6.05382e-20	1.51918e-20	5.07225e-21	3.01683e-21	
Scirpus_orientalis	0	0	0	0	0	0	0	0	0	0	0	0	0	1	0	0	0	0	0	0	0	0	0	0	0	0	0	0	0	0	0	0	0	0	0	0	0	0	0	0	0	0	0	0	0	0	0	0	0	0	0	0	0	0	0	0	0	0	0	0	0	0	
N24	1.25717e-09	1.05637e-09	6.58201e-10	3.1976e-10	1.31882e-10	6.26341e-11	6.37703e-11	1.79136e-10	8.51361e-10	4.05648e-09	1.62712e-08	5.26112e-08	1.34695e-07	2.69478e-07	4.16743e-07	4.94707e-07	4.51966e-07	3.29389e-07	2.26328e-07	2.38767e-07	6.34001e-07	3.50749e-06	2.33194e-05	0.000141536	0.00072992	0.00313097	0.0110293	0.0315297	0.0722047	0.13084	0.185353	0.203083	0.170693	0.109593	0.0537785	0.0202783	0.0059313	0.00136242	0.000249242	3.68656e-05	4.47806e-06	4.53958e-07	3.90509e-08	2.9007e-09	1.89499e-10	1.1084e-11	5.90595e-13	2.90826e-14	1.33622e-15	5.75101e-17	2.31744e-18	8.72025e-20	3.05758e-21	9.9923e-23	3.05478e-24	8.79876e-26	2.41091e-27	6.34744e-29	1.61764e-30	4.00053e-32	9.63158e-34	2.98701e-35	
Scirpus_cyperinus	0	0	0	0	0	0	0	0	0	0	0	0	0	0	0	0	0	0	0	0	0	0	0	0	0	0	0	0	0	0	0	0	1	0	0	0	0	0	0	0	0	0	0	0	0	0	0	0	0	0	0	0	0	0	0	0	0	0	0	0	0	0	
Scirpus_atrocinctus	0	0	0	0	0	0	0	0	0	0	0	0	0	0	0	0	0	0	0	0	0	0	0	0	0	0	0	0	0	0	0	0	0	1	0	0	0	0	0	0	0	0	0	0	0	0	0	0	0	0	0	0	0	0	0	0	0	0	0	0	0	0	
N25	0.000103715	0.000188154	0.000401139	0.00088379	0.00189683	0.00386847	0.0074164	0.0132983	0.0222446	0.0346603	0.0502599	0.0677816	0.0849758	0.0989933	0.107129	0.107666	0.100467	0.0870263	0.0699579	0.0522315	0.0362155	0.023319	0.0139442	0.00774444	0.00399548	0.00191532	0.000853434	0.00035367	0.000136251	4.88171e-05	1.62746e-05	5.0514e-06	1.46078e-06	3.93938e-07	9.91859e-08	2.33403e-08	5.14108e-09	1.06194e-09	2.06169e-10	3.7724e-11	6.52664e-12	1.07165e-12	1.67677e-13	2.51042e-14	3.61082e-15	5.00049e-16	6.67772e-17	8.60016e-18	1.06703e-18	1.27303e-19	1.45767e-20	1.59981e-21	1.68302e-22	1.70081e-23	1.65947e-24	1.57671e-25	1.47637e-26	1.38101e-27	1.30557e-28	1.2584e-29	1.29169e-30	2.19024e-31	
N26	9.62331e-06	1.81776e-05	4.24487e-05	0.000107044	0.000270792	0.000662089	0.00153451	0.00333512	0.00675428	0.012696	0.0220946	0.0355391	0.0527745	0.0722905	0.0912867	0.106217	0.113835	0.112333	0.102034	0.085367	0.0657737	0.0466651	0.0304869	0.0183427	0.0101658	0.00519184	0.00244494	0.00106272	0.000426506	0.000158312	5.44819e-05	1.74466e-05	5.22624e-06	1.476e-06	3.97634e-07	1.03447e-07	2.63979e-08	6.71566e-09	1.72753e-09	4.53329e-10	1.2145e-10	3.2957e-11	8.92824e-12	2.37368e-12	6.09545e-13	1.49123e-13	3.44268e-14	7.45164e-15	1.50594e-15	2.83447e-16	4.9618e-17	8.07324e-18	1.2211e-18	1.71903e-19	2.26091e-20	2.80736e-21	3.38165e-22	4.19509e-23	5.86786e-24	9.84433e-25	2.03933e-25	7.5038e-26	
N27	2.2585e-06	4.46679e-06	1.11629e-05	3.02864e-05	8.23523e-05	0.000216085	0.000537398	0.00125536	0.00274081	0.0055758	0.010548	0.0185276	0.0301832	0.0455639	0.0636892	0.0823834	0.0985652	0.109026	0.111454	0.105365	0.0920871	0.0743934	0.0555478	0.0383356	0.0244558	0.0144242	0.0078682	0.00397157	0.00185435	0.000801356	0.000320782	0.000119071	4.10445e-05	1.3166e-05	3.94174e-06	1.10597e-06	2.925e-07	7.34843e-08	1.77106e-08	4.14285e-09	9.52376e-10	2.17724e-10	4.99894e-11	1.16071e-11	2.73417e-12	6.51604e-13	1.55926e-13	3.70188e-14	8.59913e-15	1.92899e-15	4.13511e-16	8.40988e-17	1.61664e-17	2.93762e-18	5.07114e-19	8.41823e-20	1.37402e-20	2.27954e-21	3.9972e-22	7.71005e-23	1.7571e-23	6.45164e-24	
N28	4.70908e-09	7.10068e-09	1.23068e-08	2.33251e-08	4.58055e-08	8.94125e-08	1.6984e-07	3.14175e-07	5.78915e-07	1.1076e-06	2.3089e-06	5.41314e-06	1.42052e-05	4.01355e-05	0.000115964	0.000327691	0.000878157	0.00219003	0.00502705	0.0105608	0.0202211	0.0351945	0.0555764	0.0795098	0.102934	0.120474	0.127381	0.121612	0.104704	0.0812846	0.0569025	0.035927	0.020467	0.0105269	0.00489258	0.00205699	0.000783389	0.000270702	8.50433e-05	2.43482e-05	6.3714e-06	1.52929e-06	3.38173e-07	6.92745e-08	1.32374e-08	2.37662e-09	4.04458e-10	6.58391e-11	1.0335e-11	1.57355e-12	2.3302e-13	3.35644e-14	4.6969e-15	6.3812e-16	8.4279e-17	1.08618e-17	1.37358e-18	1.71375e-19	2.11715e-20	2.60333e-21	3.36289e-22	7.17353e-23	
Carex_pulicaris	0	0	0	0	0	0	0	0	0	0	0	0	0	0	0	0	0	0	0	0	0	0	0	0	0	0	0	0	0	1	0	0	0	0	0	0	0	0	0	0	0	0	0	0	0	0	0	0	0	0	0	0	0	0	0	0	0	0	0	0	0	0	
Carex_peregrina	0	0	0	0	0	0	0	0	0	0	0	0	0	0	0	0	0	0	0	0	0	0	0	0	0	0	0	0	0	0	1	0	0	0	0	0	0	0	0	0	0	0	0	0	0	0	0	0	0	0	0	0	0	0	0	0	0	0	0	0	0	0	
N29	1.07406e-06	2.15846e-06	5.56198e-06	1.57204e-05	4.4812e-05	0.00012377	0.000324905	0.000802503	0.00185397	0.00399022	0.0079771	0.0147788	0.025325	0.040076	0.0584876	0.0786314	0.0972896	0.110694	0.115738	0.111246	0.0982493	0.0797019	0.0593764	0.040619	0.0255169	0.0147223	0.00780357	0.00380185	0.00170171	0.000700127	0.000264921	9.22595e-05	2.95969e-05	8.75632e-06	2.39279e-06	6.05218e-07	1.42113e-07	3.11093e-08	6.38632e-09	1.23943e-09	2.29817e-10	4.12338e-11	7.2586e-12	1.27055e-12	2.23709e-13	3.99314e-14	7.26206e-15	1.34581e-15	2.52523e-16	4.73674e-17	8.74037e-18	1.56215e-18	2.67204e-19	4.34398e-20	6.70844e-21	9.92455e-22	1.43749e-22	2.11769e-23	3.3294e-24	5.8335e-25	1.20758e-25	3.94046e-26	
Carex_microglochin	0	0	0	0	0	0	0	0	0	0	0	0	0	0	0	0	0	0	0	0	0	0	0	0	0	0	0	1	0	0	0	0	0	0	0	0	0	0	0	0	0	0	0	0	0	0	0	0	0	0	0	0	0	0	0	0	0	0	0	0	0	0	
N30	1.51399e-06	2.86154e-06	6.71982e-06	1.7207e-05	4.48596e-05	0.000115293	0.000287527	0.000689384	0.001578	0.00342611	0.00700967	0.0134241	0.0239058	0.0393449	0.0595242	0.0824046	0.104011	0.119353	0.124244	0.117246	0.100178	0.0774352	0.0541213	0.0341934	0.0195267	0.0100804	0.00470562	0.00198741	0.000759133	0.000262376	8.21049e-05	2.32791e-05	5.98545e-06	1.39713e-06	2.96475e-07	5.72997e-08	1.01116e-08	1.63503e-09	2.43467e-10	3.36225e-11	4.34796e-12	5.33073e-13	6.28667e-14	7.23833e-15	8.24441e-16	9.37349e-17	1.07061e-17	1.23267e-18	1.42965e-19	1.65876e-20	1.90067e-21	2.1172e-22	2.26007e-23	2.28968e-24	2.19542e-25	2.00553e-26	1.77921e-27	1.5831e-28	1.46446e-29	1.44193e-30	1.5699e-31	2.69913e-32	
Schoenoxiphium_ludwigii	0	0	0	0	0	0	0	0	0	0	0	0	0	0	0	0	1	0	0	0	0	0	0	0	0	0	0	0	0	0	0	0	0	0	0	0	0	0	0	0	0	0	0	0	0	0	0	0	0	0	0	0	0	0	0	0	0	0	0	0	0	0	
N31	2.03703e-06	3.78697e-06	8.42696e-06	1.97088e-05	4.6018e-05	0.000105641	0.000237174	0.000518449	0.00109895	0.00225277	0.0044579	0.00848833	0.0154505	0.0266183	0.0429073	0.0640043	0.0875461	0.109046	0.12308	0.125576	0.115558	0.0957827	0.0714537	0.0479558	0.0289522	0.015725	0.00768622	0.00338328	0.0013411	0.000479275	0.000154701	4.52383e-05	1.20492e-05	2.95092e-06	6.75207e-07	1.47851e-07	3.19071e-08	6.95152e-09	1.5378e-09	3.40889e-10	7.43847e-11	1.58669e-11	3.34293e-12	7.11354e-13	1.5561e-13	3.48071e-14	7.75477e-15	1.66652e-15	3.36822e-16	6.30182e-17	1.08211e-17	1.69821e-18	2.43146e-19	3.17508e-20	3.78444e-21	4.13123e-22	4.18479e-23	4.12532e-24	4.51762e-25	6.6026e-26	1.33973e-26	4.64152e-27	
N32	1.95585e-07	2.16045e-07	2.08724e-07	1.76e-07	1.30704e-07	8.93876e-08	6.36467e-08	5.87661e-08	8.41086e-08	1.75907e-07	4.29008e-07	1.01763e-06	2.15671e-06	3.95772e-06	6.23246e-06	8.4609e-06	1.01491e-05	1.15105e-05	1.42261e-05	2.31801e-05	5.45373e-05	0.000167361	0.000558699	0.00178586	0.00514685	0.0130469	0.0287736	0.0548773	0.0900599	0.126755	0.152571	0.156734	0.137286	0.102584	0.0655505	0.0359826	0.0170896	0.00709101	0.00260123	0.000854772	0.000254937	6.98256e-05	1.77195e-05	4.18619e-06	9.20721e-07	1.87496e-07	3.50787e-08	5.97902e-09	9.2175e-10	1.27877e-10	1.59226e-11	1.77879e-12	1.7864e-13	1.62033e-14	1.3386e-15	1.02147e-16	7.35854e-18	5.15419e-19	3.61897e-20	2.59657e-21	1.9495e-22	2.282e-23	
Schoenoxiphium_burkei	0	0	0	0	0	0	0	0	0	0	0	0	0	0	0	0	0	0	0	0	0	0	0	0	0	0	0	0	0	0	0	0	0	0	1	0	0	0	0	0	0	0	0	0	0	0	0	0	0	0	0	0	0	0	0	0	0	0	0	0	0	0	
Schoenoxiphium_filiforme	0	0	0	0	0	0	0	0	0	0	0	0	0	0	0	0	0	0	0	0	0	0	0	0	0	0	0	0	0	0	0	0	0	0	0	1	0	0	0	0	0	0	0	0	0	0	0	0	0	0	0	0	0	0	0	0	0	0	0	0	0	0	
N33	4.71646e-07	1.12347e-06	3.61536e-06	1.26236e-05	4.33059e-05	0.000140197	0.000420956	0.00116199	0.00293237	0.00673708	0.0140438	0.0264851	0.0450766	0.069091	0.0952026	0.117762	0.130614	0.129779	0.115439	0.0919713	0.0656152	0.0419196	0.0239879	0.0123004	0.00565534	0.00233323	0.000864664	0.000288195	8.64253e-05	2.33476e-05	5.68938e-06	1.25237e-06	2.49414e-07	4.50188e-08	7.37939e-09	1.10115e-09	1.50035e-10	1.87419e-11	2.15842e-12	2.3098e-13	2.32187e-14	2.22343e-15	2.06106e-16	1.87696e-17	1.69534e-18	1.52066e-19	1.3504e-20	1.18494e-21	1.03144e-22	8.99939e-24	7.96153e-25	7.17259e-26	6.53328e-27	5.93071e-28	5.29742e-29	4.63671e-30	4.00428e-31	3.46401e-32	3.04792e-33	2.74749e-34	2.60676e-35	3.96302e-36	
Schoenoxiphium_ecklonii	0	0	0	0	0	0	0	0	0	0	0	0	0	0	0	0	0	1	0	0	0	0	0	0	0	0	0	0	0	0	0	0	0	0	0	0	0	0	0	0	0	0	0	0	0	0	0	0	0	0	0	0	0	0	0	0	0	0	0	0	0	0	
Schoenoxiphium_sparteum	0	0	0	0	0	0	0	0	0	0	0	0	0	0	0	1	0	0	0	0	0	0	0	0	0	0	0	0	0	0	0	0	0	0	0	0	0	0	0	0	0	0	0	0	0	0	0	0	0	0	0	0	0	0	0	0	0	0	0	0	0	0	
N34	1.96171e-07	3.37777e-07	6.70601e-07	1.40968e-06	3.0669e-06	7.00143e-06	1.71174e-05	4.46609e-05	0.000120281	0.000320573	0.000818152	0.00195953	0.00435548	0.00893009	0.0168315	0.0291015	0.0460887	0.0667836	0.0884562	0.107101	0.118445	0.119574	0.110144	0.0925444	0.070915	0.0495589	0.0315926	0.0183795	0.0097553	0.00472823	0.00209546	0.000850761	0.00031729	0.000109117	3.47903e-05	1.03552e-05	2.90367e-06	7.75618e-07	1.99853e-07	5.03168e-08	1.25204e-08	3.1041e-09	7.69058e-10	1.8982e-10	4.62775e-11	1.10002e-11	2.5162e-12	5.47425e-13	1.12236e-13	2.1543e-14	3.85503e-15	6.41754e-16	9.93793e-17	1.43515e-17	1.94552e-18	2.50996e-19	3.16074e-20	4.0445e-21	5.53156e-22	8.48794e-23	1.53954e-23	4.16118e-24	
Kobresia_fragilis	0	0	0	0	0	0	0	0	0	0	0	0	0	0	0	0	0	0	0	0	0	0	0	0	0	0	0	0	1	0	0	0	0	0	0	0	0	0	0	0	0	0	0	0	0	0	0	0	0	0	0	0	0	0	0	0	0	0	0	0	0	0	
N35	1.63684e-08	2.8813e-08	6.08857e-08	1.41096e-07	3.46696e-07	9.0565e-07	2.54311e-06	7.61954e-06	2.35861e-05	7.24282e-05	0.000213457	0.000590862	0.0015166	0.00358268	0.00775342	0.0153248	0.0276024	0.0452259	0.0673109	0.0909651	0.111489	0.123808	0.124481	0.113251	0.0931954	0.069352	0.0466694	0.0284073	0.0156329	0.00778305	0.00350907	0.00143488	0.000533334	0.000180798	5.61778e-05	1.61155e-05	4.31156e-06	1.09024e-06	2.64664e-07	6.26559e-08	1.4652e-08	3.41476e-09	7.98632e-10	1.88847e-10	4.54673e-11	1.11411e-11	2.74799e-12	6.68685e-13	1.57018e-13	3.49325e-14	7.26979e-15	1.40415e-15	2.50625e-16	4.12601e-17	6.26498e-18	8.79986e-19	1.15727e-19	1.48847e-20	2.12863e-21	4.1716e-22	1.19324e-22	5.23386e-23	
Kobresia_simpliciuscula	0	0	0	0	0	0	0	0	0	0	0	0	0	0	0	0	0	0	0	0	0	0	0	0	0	0	0	0	0	0	0	0	0	0	1	0	0	0	0	0	0	0	0	0	0	0	0	0	0	0	0	0	0	0	0	0	0	0	0	0	0	0	
N36	4.58617e-11	1.10512e-10	3.61582e-10	1.30887e-09	4.79573e-09	1.72467e-08	6.06537e-08	2.1066e-07	7.32724e-07	2.57337e-06	9.08368e-06	3.16841e-05	0.000106739	0.000339734	0.00100342	0.00271336	0.00665211	0.0146784	0.0289871	0.0510326	0.0797543	0.11024	0.134343	0.143945	0.135293	0.111336	0.0801028	0.0503368	0.0275828	0.0131746	0.00548486	0.00199089	0.000630497	0.000174408	4.22144e-05	8.96368e-06	1.67609e-06	2.7753e-07	4.10188e-08	5.47115e-09	6.67826e-10	7.57781e-11	8.11036e-12	8.273e-13	8.08853e-14	7.59935e-15	6.89247e-16	6.07551e-17	5.22895e-18	4.37984e-19	3.52551e-20	2.67948e-21	1.89142e-22	1.22615e-23	7.27088e-25	3.96634e-26	2.03013e-27	1.01245e-28	5.16052e-30	2.77044e-31	1.58716e-32	1.32059e-33	
N37	1.1459e-10	2.7255e-10	8.6884e-10	3.11527e-09	1.17583e-08	4.53455e-08	1.75224e-07	6.67439e-07	2.46939e-06	8.75877e-06	2.94507e-05	9.30018e-05	0.00027374	0.000746452	0.00187664	0.00433312	0.00916028	0.0176849	0.031115	0.0498426	0.0725708	0.0959138	0.114949	0.124821	0.122734	0.109235	0.0879835	0.064135	0.0422771	0.0252089	0.0136025	0.0066455	0.00294164	0.00118091	0.000430547	0.000142906	4.33862e-05	1.21696e-05	3.2222e-06	8.39615e-07	2.29101e-07	6.88472e-08	2.25925e-08	7.6372e-09	2.5103e-09	7.74863e-10	2.21729e-10	5.90042e-11	1.49117e-11	3.74821e-12	1.00336e-12	3.00522e-13	9.88411e-14	3.34593e-14	1.10352e-14	3.45935e-15	1.03336e-15	3.02209e-16	9.09536e-17	3.0188e-17	1.24832e-17	8.69934e-18	
Carex_pauciflora	0	0	0	0	0	0	0	0	0	0	0	0	0	0	0	0	0	0	0	0	0	0	1	0	0	0	0	0	0	0	0	0	0	0	0	0	0	0	0	0	0	0	0	0	0	0	0	0	0	0	0	0	0	0	0	0	0	0	0	0	0	0	
Carex_backii	0	0	0	0	0	0	0	0	0	0	0	0	0	0	0	0	0	0	0	0	0	0	0	0	0	0	0	0	0	0	0	0	1	0	0	0	0	0	0	0	0	0	0	0	0	0	0	0	0	0	0	0	0	0	0	0	0	0	0	0	0	0	
N38	1.16967e-11	2.66815e-11	8.09031e-11	2.89078e-10	1.18621e-09	5.30684e-09	2.40433e-08	1.04516e-07	4.2534e-07	1.61458e-06	5.76238e-06	1.95629e-05	6.3672e-05	0.000198427	0.000586161	0.00161808	0.0041166	0.00954426	0.0199903	0.0375883	0.0630538	0.0938374	0.123277	0.14234	0.143915	0.127033	0.0976692	0.0653018	0.0378902	0.0190657	0.008317	0.00314584	0.00103255	0.000294671	7.34432e-05	1.61488e-05	3.20361e-06	5.99577e-07	1.13266e-07	2.27995e-08	4.83285e-09	1.01202e-09	1.97315e-10	3.47292e-11	5.49084e-12	7.94476e-13	1.10609e-13	1.59876e-14	2.52448e-15	4.22985e-16	6.97542e-17	1.0663e-17	1.4648e-18	1.7852e-19	1.92131e-20	1.82426e-21	1.53109e-22	1.14984e-23	8.2353e-25	7.07388e-26	9.7485e-27	2.62275e-27	
N39	5.75594e-11	1.53279e-10	5.74698e-10	2.45639e-09	1.09716e-08	4.90386e-08	2.13528e-07	8.89175e-07	3.49472e-06	1.28419e-05	4.38211e-05	0.000138173	0.000401091	0.00106885	0.00260903	0.0058228	0.0118636	0.0220372	0.0372784	0.0574166	0.0804309	0.102387	0.118362	0.124197	0.118245	0.102126	0.0800112	0.0568691	0.0366418	0.0214074	0.0113446	0.00545568	0.00238218	0.000945059	0.000340919	0.000111942	3.35011e-05	9.15516e-06	2.29111e-06	5.2747e-07	1.12579e-07	2.25599e-08	4.32831e-09	8.15828e-10	1.54966e-10	3.00184e-11	5.88792e-12	1.14633e-12	2.17357e-13	3.98123e-14	7.09298e-15	1.25653e-15	2.28274e-16	4.3578e-17	8.76896e-18	1.83041e-18	3.88599e-19	8.28312e-20	1.76422e-20	3.79126e-21	8.95611e-22	3.56831e-22	
Carex_rupestris	0	0	0	0	0	0	0	0	0	0	0	0	0	0	0	0	0	0	0	0	0	0	0	0	1	0	0	0	0	0	0	0	0	0	0	0	0	0	0	0	0	0	0	0	0	0	0	0	0	0	0	0	0	0	0	0	0	0	0	0	0	0	
Carex_obtusata	0	0	0	0	0	0	0	0	0	0	0	0	0	0	0	0	0	0	0	0	0	0	0	0	0	1	0	0	0	0	0	0	0	0	0	0	0	0	0	0	0	0	0	0	0	0	0	0	0	0	0	0	0	0	0	0	0	0	0	0	0	0	
N40	3.3001e-12	8.80792e-12	2.98631e-11	1.14567e-10	4.8351e-10	2.14832e-09	9.59439e-09	4.1601e-08	1.71351e-07	6.62601e-07	2.39544e-06	8.1075e-06	2.58006e-05	7.74944e-05	0.000219755	0.000586063	0.00146097	0.00338608	0.00727433	0.0144772	0.0266393	0.0451311	0.069889	0.0980171	0.123311	0.137989	0.136445	0.118661	0.090404	0.0602353	0.0350753	0.0178596	0.00797323	0.00314518	0.00111831	0.000375297	0.000128975	4.90542e-05	2.04717e-05	8.61286e-06	3.38141e-06	1.18979e-06	3.69692e-07	1.01474e-07	2.49989e-08	5.76655e-09	1.35602e-09	3.57428e-10	1.06308e-10	3.26199e-11	9.45715e-12	2.4735e-12	5.72946e-13	1.16808e-13	2.09347e-14	3.30602e-15	4.64761e-16	6.03461e-17	8.0798e-18	1.36032e-18	3.243e-19	1.2818e-19	
Carex_nardina	0	0	0	0	0	0	0	0	0	0	0	0	0	0	0	0	0	0	0	0	0	0	0	0	0	0	0	0	0	0	0	0	0	1	0	0	0	0	0	0	0	0	0	0	0	0	0	0	0	0	0	0	0	0	0	0	0	0	0	0	0	0	
N41	5.62907e-12	1.76921e-11	7.33222e-11	3.2561e-10	1.46618e-09	6.50405e-09	2.77349e-08	1.11268e-07	4.13178e-07	1.4066e-06	4.38058e-06	1.25522e-05	3.35384e-05	8.50825e-05	0.000208113	0.000492918	0.00112058	0.00240923	0.00484395	0.00909234	0.0160212	0.0267251	0.0423591	0.0634133	0.0883898	0.112769	0.129727	0.133109	0.12087	0.0967387	0.068099	0.0421342	0.0229255	0.0109942	0.00467222	0.00178163	0.000626487	0.000214065	7.64056e-05	2.97976e-05	1.2338e-05	5.05596e-06	1.93675e-06	6.72584e-07	2.09155e-07	5.81625e-08	1.46576e-08	3.48574e-09	8.52081e-10	2.37347e-10	7.63683e-11	2.58209e-11	8.33843e-12	2.4465e-12	6.39433e-13	1.48015e-13	3.04442e-14	5.68804e-15	1.04428e-15	2.26764e-16	7.14506e-17	4.17942e-17	
N42	8.08828e-12	1.66339e-11	4.39534e-11	1.3069e-10	4.15574e-10	1.38761e-09	4.82505e-09	1.73695e-08	6.42605e-08	2.41447e-07	9.05747e-07	3.32668e-06	1.17458e-05	3.92815e-05	0.000123075	0.000358468	0.000965204	0.00239259	0.00544167	0.0113305	0.0215325	0.0372452	0.0584874	0.0831829	0.106918	0.123962	0.12944	0.121578	0.102527	0.0775821	0.0526607	0.0320618	0.017513	0.00858664	0.00378208	0.00149828	0.000534699	0.000172274	5.02547e-05	1.33243e-05	3.22707e-06	7.18621e-07	1.48329e-07	2.86483e-08	5.23021e-09	9.10028e-10	1.51849e-10	2.43648e-11	3.7572e-12	5.5548e-13	7.85552e-14	1.06255e-14	1.38119e-15	1.74919e-16	2.22087e-17	2.96223e-18	4.3667e-19	7.24317e-20	1.30951e-20	2.4678e-21	5.01115e-22	1.68124e-22	
Carex_capillacea	0	0	0	0	0	0	0	0	0	0	0	0	0	0	0	0	0	0	0	0	0	0	0	0	0	0	0	0	0	1	0	0	0	0	0	0	0	0	0	0	0	0	0	0	0	0	0	0	0	0	0	0	0	0	0	0	0	0	0	0	0	0	
Carex_leptalea	0	0	0	0	0	0	0	0	0	0	0	0	0	0	0	0	0	0	0	0	0	0	0	0	0	1	0	0	0	0	0	0	0	0	0	0	0	0	0	0	0	0	0	0	0	0	0	0	0	0	0	0	0	0	0	0	0	0	0	0	0	0	
N43	9.7242e-13	2.97224e-12	1.15033e-11	4.37181e-11	1.48532e-10	4.36734e-10	1.09831e-09	2.35132e-09	4.27792e-09	6.6171e-09	8.73051e-09	9.90902e-09	9.87986e-09	9.08345e-09	8.5165e-09	9.39568e-09	1.3034e-08	2.11173e-08	3.66015e-08	6.55915e-08	1.19704e-07	2.17403e-07	3.86287e-07	6.82849e-07	1.27857e-06	2.74637e-06	6.96848e-06	2.00935e-05	6.2389e-05	0.000200354	0.000639847	0.00194557	0.00541567	0.0134149	0.0290538	0.0544665	0.0879088	0.121867	0.145101	0.148726	0.131904	0.102082	0.0697552	0.0426645	0.0236476	0.0119498	0.00551108	0.00231469	0.000885275	0.000309911	0.000100237	3.02e-05	8.48822e-06	2.21262e-06	5.30429e-07	1.16351e-07	2.33799e-08	4.33678e-09	7.55038e-10	1.29338e-10	2.57644e-11	9.88279e-12	
Uncinia_phleoides	0	0	0	0	0	0	0	0	0	0	0	0	0	0	0	0	0	0	0	0	0	0	0	0	0	0	0	0	0	0	0	0	0	0	0	0	0	0	0	0	0	0	0	0	0	0	0	1	0	0	0	0	0	0	0	0	0	0	0	0	0	0	
N44	6.23948e-13	1.69507e-12	6.14798e-12	2.26334e-11	7.57139e-11	2.20818e-10	5.52669e-10	1.17982e-09	2.14478e-09	3.32629e-09	4.42992e-09	5.1427e-09	5.36313e-09	5.30159e-09	5.37669e-09	6.07323e-09	7.95781e-09	1.18928e-08	1.95156e-08	3.42724e-08	6.31382e-08	1.19257e-07	2.28507e-07	4.53034e-07	9.71464e-07	2.33913e-06	6.33805e-06	1.88074e-05	5.91531e-05	0.000191477	0.00061534	0.0018814	0.00526413	0.0131045	0.0285186	0.0537129	0.0870816	0.121236	0.144929	0.149098	0.132661	0.102934	0.0704548	0.0431148	0.0238794	0.0120444	0.00553974	0.00231918	0.000883652	0.000307953	9.9056e-05	2.96475e-05	8.27075e-06	2.13873e-06	5.08477e-07	1.10578e-07	2.20173e-08	4.04417e-09	6.97184e-10	1.18641e-10	2.38495e-11	9.92327e-12	
Uncinia_filiformis	0	0	0	0	0	0	0	0	0	0	0	0	0	0	0	0	0	0	0	0	0	0	0	0	0	0	0	0	0	0	0	0	0	0	0	0	0	0	0	0	0	0	0	1	0	0	0	0	0	0	0	0	0	0	0	0	0	0	0	0	0	0	
Uncinia_uncinata	0	0	0	0	0	0	0	0	0	0	0	0	0	0	0	0	0	0	0	0	0	0	0	0	0	0	0	0	0	0	0	0	0	0	0	0	0	0	0	0	0	0	0	1	0	0	0	0	0	0	0	0	0	0	0	0	0	0	0	0	0	0	
N45	0.000117785	0.000196146	0.000381448	0.000787615	0.00162588	0.00324652	0.00616444	0.0110343	0.0185365	0.0291538	0.0428697	0.058888	0.0755231	0.0903931	0.100939	0.105135	0.10212	0.0924857	0.0780836	0.061508	0.0452019	0.0309909	0.0198239	0.0118326	0.00659162	0.00342813	0.00166522	0.000756024	0.000320771	0.000127315	4.73397e-05	1.65271e-05	5.43605e-06	1.69346e-06	5.03635e-07	1.44567e-07	4.06279e-08	1.13589e-08	3.20681e-09	9.2414e-10	2.73549e-10	8.34596e-11	2.62991e-11	8.54822e-12	2.8441e-12	9.53662e-13	3.16488e-13	1.02204e-13	3.16927e-14	9.35053e-15	2.60947e-15	6.86462e-16	1.69952e-16	3.96071e-17	8.7165e-18	1.82982e-18	3.76141e-19	8.0162e-20	1.93794e-20	5.77319e-21	2.28057e-21	1.52848e-21	
N46	1.61866e-11	4.91725e-11	1.8562e-10	6.24274e-10	1.74574e-09	4.03756e-09	7.90893e-09	1.41088e-08	2.61478e-08	5.47618e-08	1.19727e-07	2.41691e-07	4.40427e-07	9.17089e-07	3.58885e-06	2.16367e-05	0.000127361	0.000639549	0.00266605	0.0091443	0.0256289	0.0583463	0.107311	0.158683	0.187887	0.177565	0.133654	0.0800519	0.0381257	0.0144587	0.00437755	0.001062	0.000207405	3.27843e-05	4.21964e-06	4.45069e-07	3.87296e-08	2.79981e-09	1.69334e-10	8.62958e-12	3.73265e-13	1.38052e-14	4.39931e-16	1.21762e-17	2.95218e-19	6.32303e-21	1.20735e-22	2.0745e-24	3.23665e-26	4.62367e-28	6.09078e-30	7.44201e-32	8.47592e-34	9.04194e-36	9.08489e-38	8.65429e-40	7.87252e-42	6.88174e-44	5.8012e-46	4.71406e-48	3.68331e-50	3.29031e-52	
N47	4.82116e-13	1.1728e-12	3.42154e-12	9.72453e-12	2.58852e-11	6.7359e-11	1.85415e-10	5.59766e-10	1.7776e-09	5.59865e-09	1.70923e-08	5.30822e-08	1.99182e-07	1.04885e-06	6.65593e-06	4.07964e-05	0.000218464	0.000988702	0.00373402	0.011694	0.030203	0.0640521	0.111124	0.157234	0.181014	0.169272	0.128471	0.0791419	0.0395685	0.0160814	0.0053251	0.00144094	0.000319748	5.84192e-05	8.82804e-06	1.10983e-06	1.17378e-07	1.0835e-08	1.00101e-09	1.25005e-10	2.27557e-11	4.47189e-12	7.81013e-13	1.14829e-13	1.40644e-14	1.43357e-15	1.21886e-16	8.67714e-18	5.20903e-19	2.69329e-20	1.30591e-21	7.76283e-23	7.38384e-24	8.95865e-25	1.0436e-25	1.0634e-26	9.31477e-28	7.07704e-29	4.87995e-30	3.44326e-31	2.97029e-32	4.43979e-33	
Carex_maritima	0	0	0	0	0	0	0	0	0	0	0	0	0	0	0	0	0	0	0	0	0	0	0	0	0	0	0	0	0	1	0	0	0	0	0	0	0	0	0	0	0	0	0	0	0	0	0	0	0	0	0	0	0	0	0	0	0	0	0	0	0	0	
N48	3.36349e-14	6.84528e-14	1.68095e-13	4.32362e-13	1.15065e-12	3.35545e-12	1.16983e-11	5.29345e-11	3.19256e-10	2.39083e-09	1.95748e-08	1.57106e-07	1.15639e-06	7.53514e-06	4.2671e-05	0.000207823	0.000864652	0.00305766	0.00915217	0.0231191	0.0491151	0.0875004	0.130417	0.162329	0.168516	0.145805	0.105143	0.0632326	0.031722	0.0132971	0.00466729	0.00137533	0.000341255	7.1536e-05	1.27157e-05	1.92469e-06	2.49481e-07	2.7984e-08	2.78982e-09	2.66082e-10	2.82603e-11	3.7765e-12	5.82064e-13	8.79333e-14	1.19305e-14	1.41043e-15	1.44228e-16	1.27604e-17	9.80979e-19	6.62947e-20	4.07976e-21	2.53327e-22	1.92355e-23	1.94662e-24	2.24154e-25	2.50724e-26	2.57731e-27	2.44973e-28	2.24337e-29	2.09225e-30	2.09959e-31	3.37289e-32	
Carex_conferta	0	0	0	0	0	0	0	0	0	0	0	0	0	0	0	0	0	0	0	0	0	0	0	0	0	1	0	0	0	0	0	0	0	0	0	0	0	0	0	0	0	0	0	0	0	0	0	0	0	0	0	0	0	0	0	0	0	0	0	0	0	0	
Carex_cephalophora	0	0	0	0	0	0	0	0	0	0	0	0	0	0	0	0	0	0	0	0	0	0	0	1	0	0	0	0	0	0	0	0	0	0	0	0	0	0	0	0	0	0	0	0	0	0	0	0	0	0	0	0	0	0	0	0	0	0	0	0	0	0	
N49	1.66151e-14	2.04438e-14	3.50073e-14	1.07072e-13	3.93103e-13	1.30471e-12	3.90106e-12	1.14533e-11	3.57352e-11	1.25797e-10	5.23401e-10	2.39091e-09	1.02747e-08	3.85121e-08	1.41241e-07	7.42232e-07	5.93668e-06	4.84967e-05	0.000330401	0.00178681	0.00755838	0.0248203	0.0629183	0.122554	0.18273	0.20793	0.180183	0.118761	0.0594617	0.0226277	0.00655417	0.00144855	0.000245165	3.1953e-05	3.23994e-06	2.61736e-07	1.79069e-08	1.18048e-09	8.57977e-11	6.66339e-12	4.7877e-13	2.8913e-14	1.41702e-15	5.59459e-17	1.78575e-18	4.65919e-20	1.02305e-21	2.04062e-23	4.30566e-25	1.08631e-26	3.02962e-28	8.00831e-30	1.84533e-31	3.60431e-33	5.92701e-35	8.20653e-37	9.60296e-39	9.62789e-41	8.78171e-43	8.92063e-45	1.29329e-46	2.76637e-48	
N50	1.10788e-16	2.98613e-16	1.17268e-15	5.13244e-15	2.21447e-14	9.12109e-14	3.61464e-13	1.40209e-12	5.40759e-12	2.14714e-11	9.62042e-11	5.57833e-10	4.4204e-09	4.22347e-08	4.06529e-07	3.51983e-06	2.60223e-05	0.000160519	0.000816276	0.00339664	0.0114876	0.0313977	0.0690074	0.121443	0.17055	0.190664	0.169445	0.119691	0.0671981	0.0300453	0.0107301	0.00307266	0.000708764	0.000132385	2.01397e-05	2.51243e-06	2.59714e-07	2.28866e-08	1.91337e-09	2.02564e-10	3.25625e-11	6.02467e-12	1.00639e-12	1.41145e-13	1.63926e-14	1.57519e-15	1.25615e-16	8.34882e-18	4.6511e-19	2.19592e-20	9.12547e-22	3.89615e-23	2.45236e-24	2.43462e-25	2.65791e-26	2.62718e-27	2.25974e-28	1.71067e-29	1.19145e-30	8.23878e-32	6.15982e-33	7.21425e-34	
Carex_echinata	0	0	0	0	0	0	0	0	0	0	0	0	0	0	0	0	0	0	0	0	0	0	0	0	0	1	0	0	0	0	0	0	0	0	0	0	0	0	0	0	0	0	0	0	0	0	0	0	0	0	0	0	0	0	0	0	0	0	0	0	0	0	
N51	5.67394e-21	1.66909e-20	2.33409e-19	4.6967e-18	7.69666e-17	9.48189e-16	8.5966e-15	5.65428e-14	2.66592e-13	8.92704e-13	2.11429e-12	3.57871e-12	4.65857e-12	6.48153e-12	2.18007e-11	2.81952e-10	6.32927e-09	1.32339e-07	2.20405e-06	2.80854e-05	0.000268618	0.00190094	0.00982327	0.0366011	0.0971655	0.181852	0.237902	0.216297	0.136171	0.0594278	0.0180604	0.00385093	0.000581856	6.30295e-05	4.95819e-06	2.87137e-07	1.24224e-08	4.08282e-10	1.04222e-11	2.13907e-13	3.73761e-15	6.01295e-17	9.43854e-19	1.42685e-20	1.95397e-22	2.29771e-24	2.25984e-26	1.85241e-28	1.43339e-30	4.3223e-32	6.24151e-33	9.73125e-34	1.52824e-34	2.5084e-35	4.13713e-36	6.52679e-37	9.71519e-38	1.38406e-38	1.93204e-39	2.68963e-40	3.74843e-41	5.71822e-42	
N52	1.97303e-23	2.04812e-22	4.23224e-21	8.03172e-20	1.19557e-18	1.37407e-17	1.25149e-16	9.51184e-16	6.23198e-15	3.3831e-14	1.39879e-13	4.12995e-13	8.55374e-13	1.33111e-12	2.42803e-12	1.69764e-11	4.07762e-10	1.13009e-08	2.56999e-07	4.50966e-06	5.96431e-05	0.00058263	0.0041146	0.0205288	0.0706346	0.163614	0.249636	0.24695	0.15736	0.065047	0.0177433	0.00326765	0.000416541	3.76759e-05	2.47546e-06	1.20756e-07	4.46447e-09	1.27959e-10	2.96445e-12	6.33503e-14	1.72209e-15	6.8547e-17	2.926e-18	1.07458e-19	3.20607e-21	7.70821e-23	1.49854e-24	2.3699e-26	3.07006e-28	3.2839e-30	2.93676e-32	2.27774e-34	1.77865e-36	2.03506e-38	3.78277e-40	7.87815e-42	1.50432e-43	2.55943e-45	3.9795e-47	5.88331e-49	8.49397e-51	1.44997e-52	
Carex_pairae	0	0	0	0	0	0	0	0	0	0	0	0	0	0	0	0	0	0	0	0	0	0	0	0	0	0	0	1	0	0	0	0	0	0	0	0	0	0	0	0	0	0	0	0	0	0	0	0	0	0	0	0	0	0	0	0	0	0	0	0	0	0	
Carex_divulsa	0	0	0	0	0	0	0	0	0	0	0	0	0	0	0	0	0	0	0	0	0	0	0	0	0	0	0	1	0	0	0	0	0	0	0	0	0	0	0	0	0	0	0	0	0	0	0	0	0	0	0	0	0	0	0	0	0	0	0	0	0	0	
N53	3.06341e-22	2.64614e-21	4.47828e-20	8.25243e-19	1.28656e-17	1.5439e-16	1.37453e-15	8.90745e-15	4.14863e-14	1.37848e-13	3.27986e-13	5.809e-13	9.02641e-13	2.07136e-12	1.44175e-11	2.5608e-10	5.9275e-09	1.24126e-07	2.07627e-06	2.66171e-05	0.000256268	0.00182612	0.00950387	0.0356697	0.0954036	0.179939	0.2373	0.217577	0.138202	0.0608866	0.0186903	0.00402803	0.000615579	6.74967e-05	5.37874e-06	3.15832e-07	1.3894e-08	4.82642e-10	2.07111e-11	3.00306e-12	6.48159e-13	1.12037e-13	1.45123e-14	1.40406e-15	1.01744e-16	5.54222e-18	2.28317e-19	7.16665e-21	1.7289e-22	3.2395e-24	4.85887e-26	7.85482e-28	4.30827e-29	4.95696e-30	5.10104e-31	4.21446e-32	2.76645e-33	1.43661e-34	5.8813e-36	1.89789e-37	5.45956e-39	8.76599e-40	
Carex_lamprocarpa	0	0	0	0	0	0	0	0	0	0	0	0	0	0	0	0	0	0	0	0	0	0	0	0	0	0	0	0	1	0	0	0	0	0	0	0	0	0	0	0	0	0	0	0	0	0	0	0	0	0	0	0	0	0	0	0	0	0	0	0	0	0	
Carex_otrubae	0	0	0	0	0	0	0	0	0	0	0	0	0	0	0	0	0	0	0	0	0	0	0	0	0	0	0	0	1	0	0	0	0	0	0	0	0	0	0	0	0	0	0	0	0	0	0	0	0	0	0	0	0	0	0	0	0	0	0	0	0	0	
N54	3.97767e-17	6.03312e-17	1.30419e-16	3.45825e-16	9.90382e-16	3.10332e-15	1.13034e-14	5.05856e-14	2.70039e-13	1.51572e-12	8.01505e-12	3.94169e-11	2.0461e-10	1.38561e-09	1.2635e-08	1.3225e-07	1.37121e-06	1.2723e-05	9.88793e-05	0.000619749	0.00306659	0.0118368	0.03538	0.0814874	0.144129	0.195328	0.202577	0.160743	0.0975648	0.0453686	0.0162009	0.00445658	0.000948239	0.000157098	2.06976e-05	2.42147e-06	3.80551e-07	1.06821e-07	3.35937e-08	8.77826e-09	1.79423e-09	2.84762e-10	3.51487e-11	3.38618e-12	2.55803e-13	1.52243e-14	7.19407e-16	2.76375e-17	9.79703e-19	5.12605e-20	5.11387e-21	5.7716e-22	5.5834e-23	4.40268e-24	2.81007e-25	1.45099e-26	6.06749e-28	2.06404e-29	5.86856e-31	1.63578e-32	7.13216e-34	6.81374e-35	
N55	2.41323e-15	5.14076e-15	9.92065e-15	1.60972e-14	2.50807e-14	4.97462e-14	1.64859e-13	8.82092e-13	5.68111e-12	3.46552e-11	1.80909e-10	7.80403e-10	2.74517e-09	7.83408e-09	1.81987e-08	3.52542e-08	6.17575e-08	1.19212e-07	3.33985e-07	1.49605e-06	8.80092e-06	5.28809e-05	0.00028332	0.0012857	0.00484742	0.0150398	0.0381415	0.078607	0.130858	0.175159	0.187769	0.160715	0.109635	0.0595876	0.0258382	0.00896794	0.00250581	0.000569175	0.000106929	1.7159e-05	2.48712e-06	3.49962e-07	4.98859e-08	7.0199e-09	9.16884e-10	1.05829e-10	1.05437e-11	9.01325e-13	6.64962e-14	4.31627e-15	2.57227e-16	1.51893e-17	9.67721e-19	6.78408e-20	4.92375e-21	3.45751e-22	2.27487e-23	1.39851e-24	8.11891e-26	4.50412e-27	2.43632e-28	1.85271e-29	
Carex_ovalis	0	0	0	0	0	0	0	0	0	0	0	0	0	0	0	0	0	0	0	0	0	0	0	0	0	0	0	0	0	0	0	0	1	0	0	0	0	0	0	0	0	0	0	0	0	0	0	0	0	0	0	0	0	0	0	0	0	0	0	0	0	0	
Carex_xerantica	0	0	0	0	0	0	0	0	0	0	0	0	0	0	0	0	0	0	0	0	0	0	0	0	0	0	0	0	0	0	0	0	0	1	0	0	0	0	0	0	0	0	0	0	0	0	0	0	0	0	0	0	0	0	0	0	0	0	0	0	0	0	
N56	7.6965e-19	1.43949e-18	3.60885e-18	1.14833e-17	4.78418e-17	2.63155e-16	1.70376e-15	1.12855e-14	7.1175e-14	4.26706e-13	2.56929e-12	1.71368e-11	1.39149e-10	1.38599e-09	1.53822e-08	1.68588e-07	1.67025e-06	1.41826e-05	0.000100072	0.000576127	0.00267222	0.00989754	0.0290805	0.0674359	0.122957	0.175822	0.196911	0.172699	0.118621	0.0639431	0.0271326	0.00909758	0.00242163	0.000514609	8.80019e-05	1.23233e-05	1.50124e-06	1.97677e-07	4.10377e-08	1.26824e-08	4.0873e-09	1.16119e-09	2.7511e-10	5.3183e-11	8.31763e-12	1.04952e-12	1.07011e-13	8.85096e-15	5.97553e-16	3.3482e-17	1.7115e-18	1.26855e-19	2.13707e-20	4.5975e-21	8.75991e-22	1.38708e-22	1.80893e-23	1.94641e-24	1.76694e-25	1.50972e-26	1.67321e-27	4.12565e-28	
Carex_chordorrhiza	0	0	0	0	0	0	0	0	0	0	0	0	0	0	0	0	0	0	0	0	0	0	0	0	0	0	0	0	0	0	1	0	0	0	0	0	0	0	0	0	0	0	0	0	0	0	0	0	0	0	0	0	0	0	0	0	0	0	0	0	0	0	
N57	2.72072e-19	2.52317e-19	5.17833e-19	4.32495e-18	5.97579e-17	8.62076e-16	1.04086e-14	9.68446e-14	6.73332e-13	3.44039e-12	1.27642e-11	3.4093e-11	6.54102e-11	9.13155e-11	9.95983e-11	1.20223e-10	4.24283e-10	4.88654e-09	7.91153e-08	1.18707e-06	1.44615e-05	0.000137112	0.000992051	0.00539832	0.021798	0.064483	0.138104	0.211979	0.23118	0.178344	0.0972385	0.0375794	0.0103612	0.00205754	0.000297763	3.18228e-05	2.5476e-06	1.55095e-07	7.30051e-09	2.71132e-10	8.17425e-12	2.09017e-13	4.8219e-15	1.06542e-16	2.2923e-18	4.63208e-20	8.36936e-22	1.30875e-23	1.74835e-25	1.99864e-27	1.98596e-29	1.77866e-31	1.53404e-33	1.38306e-35	1.35447e-37	1.3876e-39	1.39877e-41	1.33693e-43	1.19657e-45	1.0008e-47	7.84364e-50	6.9716e-52	
Carex_marina	0	0	0	0	0	0	0	0	0	0	0	0	0	0	0	0	0	0	0	0	0	0	0	0	0	0	0	0	0	0	1	0	0	0	0	0	0	0	0	0	0	0	0	0	0	0	0	0	0	0	0	0	0	0	0	0	0	0	0	0	0	0	
N58	2.21813e-21	6.16653e-21	2.63546e-20	1.84961e-19	2.17451e-18	2.9715e-17	3.48341e-16	3.13631e-15	2.0905e-14	1.01393e-13	3.54768e-13	9.01983e-13	1.771e-12	3.32204e-12	8.37491e-12	3.21238e-11	2.05243e-10	2.46069e-09	4.20525e-08	6.9684e-07	9.42195e-06	9.84224e-05	0.000776572	0.00455651	0.0196037	0.0610267	0.135793	0.21375	0.235957	0.181878	0.0978247	0.0368303	0.00977203	0.00184522	0.000250981	2.49261e-05	1.83376e-06	1.01435e-07	4.2883e-09	1.42275e-10	4.10738e-12	1.61116e-13	1.29921e-14	1.25805e-15	1.02491e-16	6.58852e-18	3.32175e-19	1.31673e-20	4.12193e-22	1.02462e-23	2.03567e-25	3.25985e-27	4.29315e-29	5.20258e-31	9.7753e-33	4.18174e-34	2.16409e-35	9.81657e-37	3.75811e-38	1.31584e-39	5.94854e-41	5.67343e-42	
Carex_canescens	0	0	0	0	0	0	0	0	0	0	0	0	0	0	0	0	0	0	0	0	0	0	0	0	0	0	0	1	0	0	0	0	0	0	0	0	0	0	0	0	0	0	0	0	0	0	0	0	0	0	0	0	0	0	0	0	0	0	0	0	0	0	
Carex_lachenalii	0	0	0	0	0	0	0	0	0	0	0	0	0	0	0	0	0	0	0	0	0	0	0	0	0	0	0	0	0	0	1	0	0	0	0	0	0	0	0	0	0	0	0	0	0	0	0	0	0	0	0	0	0	0	0	0	0	0	0	0	0	0	
N59	3.4277e-06	5.44274e-06	9.81693e-06	1.8513e-05	3.46558e-05	6.50461e-05	0.000134981	0.000345125	0.00103539	0.00314523	0.00875715	0.0213919	0.0449929	0.0806669	0.122448	0.156535	0.167811	0.150358	0.112326	0.0699421	0.036294	0.0157113	0.00568567	0.00172541	0.00044081	9.52476e-05	1.74951e-05	2.74693e-06	3.70452e-07	4.31445e-08	4.36263e-09	3.85e-10	2.98024e-11	2.03341e-12	1.22863e-13	6.60382e-15	3.17151e-16	1.36685e-17	5.30964e-19	1.86745e-20	5.97508e-22	1.74831e-23	4.70597e-25	1.17337e-26	2.73248e-28	5.99539e-30	1.25185e-31	2.51216e-33	4.8853e-35	9.25483e-37	1.7108e-38	3.0823e-40	5.40096e-42	9.19511e-44	1.52353e-45	2.46855e-47	3.93905e-49	6.23406e-51	9.82832e-53	1.54668e-54	2.4864e-56	5.33598e-58	
N60	3.26343e-06	8.02629e-06	2.63903e-05	9.13387e-05	0.000300777	0.000907821	0.00247652	0.00607013	0.013327	0.026157	0.0458262	0.0715797	0.0995837	0.123301	0.135788	0.132951	0.115704	0.0894941	0.0615242	0.0376393	0.0205023	0.0099504	0.00430668	0.00166407	0.000574728	0.000177672	4.92433e-05	1.22602e-05	2.74518e-06	5.53923e-07	1.00961e-07	1.66692e-08	2.50194e-09	3.43002e-10	4.32294e-11	5.05311e-12	5.54239e-13	5.78548e-14	5.83322e-15	5.75003e-16	5.57749e-17	5.32792e-18	5.00499e-19	4.62761e-20	4.23455e-21	3.86189e-22	3.52547e-23	3.20951e-24	2.87947e-25	2.50652e-26	2.08695e-27	1.64512e-28	1.22118e-29	8.53101e-31	5.63452e-32	3.5568e-33	2.18571e-34	1.34081e-35	8.42386e-37	5.50743e-38	3.83544e-39	4.24274e-40	
Carex_livida	0	0	0	0	0	0	0	0	0	0	0	0	0	0	0	1	0	0	0	0	0	0	0	0	0	0	0	0	0	0	0	0	0	0	0	0	0	0	0	0	0	0	0	0	0	0	0	0	0	0	0	0	0	0	0	0	0	0	0	0	0	0	
Carex_panicea	0	0	0	0	0	0	0	0	0	0	0	0	0	0	0	1	0	0	0	0	0	0	0	0	0	0	0	0	0	0	0	0	0	0	0	0	0	0	0	0	0	0	0	0	0	0	0	0	0	0	0	0	0	0	0	0	0	0	0	0	0	0	
N61	1.01397e-06	2.34312e-06	6.15865e-06	1.50838e-05	3.20141e-05	5.76208e-05	8.95573e-05	0.00013334	0.000250338	0.000722686	0.00253107	0.0083375	0.0234284	0.0543093	0.102294	0.155127	0.188147	0.181543	0.13875	0.0837831	0.0398721	0.0149324	0.00439905	0.00102015	0.00018658	2.69955e-05	3.1031e-06	2.85014e-07	2.10483e-08	1.26061e-09	6.1937e-11	2.53695e-12	8.86221e-14	2.72252e-15	7.63992e-17	2.00387e-18	4.96594e-20	1.16226e-21	2.57351e-23	5.45232e-25	1.1202e-26	2.23178e-28	4.23045e-30	7.42078e-32	1.17614e-33	1.65789e-35	2.06181e-37	2.25497e-39	2.16777e-41	1.83346e-43	1.36655e-45	8.99341e-48	5.237e-50	2.70455e-52	1.24145e-54	5.07676e-57	1.857e-59	6.19605e-62	2.14399e-64	1.20438e-66	1.24659e-68	1.58711e-70	
N62	9.61973e-07	1.89729e-06	4.49527e-06	1.07055e-05	2.39183e-05	5.12639e-05	0.000117967	0.000328112	0.00105326	0.00336579	0.00969664	0.0241331	0.0509768	0.0905712	0.134557	0.166401	0.170669	0.144755	0.101305	0.0584753	0.0278271	0.010923	0.00354173	0.000950773	0.000211957	3.93848e-05	6.1259e-06	8.01526e-07	8.86799e-08	8.39314e-09	7.12742e-10	6.75893e-11	1.10878e-11	2.81368e-12	7.18066e-13	1.58132e-13	2.91839e-14	4.49285e-15	5.77092e-16	6.19546e-17	5.57483e-18	4.22352e-19	2.72415e-20	1.57187e-21	1.02544e-22	1.21034e-23	2.27008e-24	4.33809e-25	7.28474e-26	1.04486e-26	1.2716e-27	1.3095e-28	1.13933e-29	8.36944e-31	5.19166e-32	2.72289e-33	1.21351e-34	4.73844e-36	1.98265e-37	1.60681e-38	2.49921e-39	5.86804e-40	
Carex_fuliginosa	0	0	0	0	0	0	0	0	0	0	0	0	0	0	0	0	0	0	0	1	0	0	0	0	0	0	0	0	0	0	0	0	0	0	0	0	0	0	0	0	0	0	0	0	0	0	0	0	0	0	0	0	0	0	0	0	0	0	0	0	0	0	
N63	1.25515e-06	2.68095e-06	7.76436e-06	2.60822e-05	9.20279e-05	0.000318374	0.00102974	0.00302097	0.00789553	0.01819	0.0367006	0.064569	0.0987455	0.130944	0.150271	0.149004	0.127503	0.0940715	0.0598086	0.0327942	0.0155135	0.00633634	0.00223712	0.000683791	0.000181279	4.17731e-05	8.38793e-06	1.4722e-06	2.26551e-07	3.07698e-08	3.75037e-09	4.30492e-10	5.24175e-11	7.93042e-12	1.49102e-12	2.96689e-13	5.53032e-14	9.19838e-15	1.3453e-15	1.72507e-16	1.94302e-17	1.93629e-18	1.74602e-19	1.52697e-20	1.52241e-21	2.02168e-22	3.29836e-23	5.49288e-24	8.45036e-25	1.16134e-25	1.41189e-26	1.51429e-27	1.43202e-28	1.19457e-29	8.80295e-31	5.75562e-32	3.39354e-33	1.92051e-34	1.25356e-35	1.18269e-36	1.53319e-37	3.24957e-38	
Carex_glacialis	0	0	0	0	0	0	0	0	0	0	0	0	0	0	0	0	1	0	0	0	0	0	0	0	0	0	0	0	0	0	0	0	0	0	0	0	0	0	0	0	0	0	0	0	0	0	0	0	0	0	0	0	0	0	0	0	0	0	0	0	0	0	
N64	2.11408e-05	4.97857e-05	0.000149691	0.000462101	0.00134479	0.0035713	0.00853438	0.0182237	0.0346317	0.0584214	0.0873325	0.115543	0.135173	0.139746	0.127619	0.102925	0.0733069	0.0461135	0.0256242	0.0125952	0.00547997	0.00211226	0.000722038	0.000219145	5.91359e-05	1.42097e-05	3.04589e-06	5.83785e-07	1.00237e-07	1.54728e-08	2.15921e-09	2.75017e-10	3.25143e-11	3.66864e-12	4.10334e-13	4.71022e-14	5.59905e-15	6.73509e-16	7.90989e-17	8.82073e-18	9.22858e-19	9.10428e-20	8.6695e-21	8.29827e-22	8.3287e-23	8.87576e-24	9.76806e-25	1.06136e-25	1.09773e-26	1.05752e-27	9.38736e-29	7.64258e-30	5.69958e-31	3.89843e-32	2.45672e-33	1.44298e-34	8.11692e-36	4.62191e-37	2.88831e-38	2.09026e-39	1.74941e-40	2.39758e-41	
Carex_pilulifera	0	0	0	0	0	0	0	0	1	0	0	0	0	0	0	0	0	0	0	0	0	0	0	0	0	0	0	0	0	0	0	0	0	0	0	0	0	0	0	0	0	0	0	0	0	0	0	0	0	0	0	0	0	0	0	0	0	0	0	0	0	0	
Carex_humilis	0	0	0	0	0	0	0	0	0	0	0	0	0	0	0	0	0	1	0	0	0	0	0	0	0	0	0	0	0	0	0	0	0	0	0	0	0	0	0	0	0	0	0	0	0	0	0	0	0	0	0	0	0	0	0	0	0	0	0	0	0	0	
N65	1.69205e-07	5.35186e-07	1.88863e-06	5.94025e-06	1.54611e-05	3.24715e-05	5.52768e-05	7.9628e-05	0.000109783	0.00018706	0.000489889	0.00171321	0.00611253	0.019084	0.0488106	0.0993896	0.158895	0.197863	0.190886	0.142247	0.081657	0.0360587	0.0122562	0.00322524	0.000672792	0.000120673	2.25769e-05	5.15899e-06	1.25991e-06	2.69751e-07	4.64841e-08	6.31042e-09	6.74079e-10	5.69696e-11	3.86383e-12	2.13861e-13	1.03165e-14	5.13185e-16	3.24388e-17	2.48087e-18	1.85676e-19	1.21034e-20	6.63476e-22	3.03622e-23	1.16031e-24	3.70947e-26	9.94809e-28	2.24443e-29	4.27255e-31	6.88275e-33	9.41065e-35	1.09533e-36	1.08851e-38	9.26493e-41	6.77602e-43	4.27324e-45	2.3387e-47	1.16638e-49	9.13187e-52	3.10025e-53	1.6073e-54	9.09149e-56	
Carex_atrofusca	0	0	0	0	0	0	0	0	0	0	0	0	0	0	0	0	0	0	1	0	0	0	0	0	0	0	0	0	0	0	0	0	0	0	0	0	0	0	0	0	0	0	0	0	0	0	0	0	0	0	0	0	0	0	0	0	0	0	0	0	0	0	
N66	8.53591e-10	3.28904e-09	1.86735e-08	1.0662e-07	5.30718e-07	2.17833e-06	7.23228e-06	1.95718e-05	4.49896e-05	9.57645e-05	0.000215403	0.000591534	0.00202906	0.00732618	0.0232719	0.0594592	0.118031	0.179603	0.208212	0.183445	0.1226	0.0621087	0.0238766	0.00701161	0.00161778	0.00032604	7.38743e-05	2.16906e-05	6.58345e-06	1.67327e-06	3.31443e-07	5.03068e-08	5.83702e-09	5.18758e-10	3.55555e-11	1.89678e-12	8.21481e-14	3.35514e-15	1.7647e-16	1.26972e-17	9.26096e-19	5.71092e-20	2.83763e-21	1.12636e-22	3.57341e-24	9.08076e-26	1.85416e-27	3.05217e-29	4.06478e-31	4.39552e-33	3.87392e-35	2.79326e-37	1.65414e-39	8.07897e-42	3.26811e-44	1.09984e-46	3.09726e-49	7.45502e-52	2.17663e-54	3.98434e-56	1.54053e-57	5.30256e-59	
N67	1.05058e-09	4.71249e-09	2.70926e-08	1.43886e-07	6.4913e-07	2.41628e-06	7.34805e-06	1.83794e-05	3.92366e-05	7.87116e-05	0.000175678	0.000503218	0.00176404	0.00631058	0.019869	0.0510551	0.103628	0.163828	0.200402	0.189213	0.13767	0.0771774	0.0333808	0.011185	0.00293447	0.00061998	0.000112902	1.99305e-05	3.69416e-06	6.76233e-07	1.08878e-07	1.44954e-08	1.60192e-09	1.56382e-10	1.48246e-11	1.41625e-12	1.2744e-13	9.86357e-15	6.22841e-16	3.15084e-17	1.28283e-18	4.34612e-20	1.35185e-21	4.74028e-23	2.27054e-24	1.42538e-25	9.85351e-27	6.46116e-28	3.67167e-29	1.73079e-30	6.64606e-32	2.06519e-33	5.18485e-35	1.05256e-36	1.73122e-38	2.31407e-40	2.52657e-42	2.29904e-44	2.09424e-46	4.52379e-48	2.29079e-49	1.38739e-50	
N68	1.73466e-08	4.92944e-08	1.70906e-07	5.85948e-07	1.91021e-06	6.01231e-06	1.90422e-05	6.28723e-05	0.000214761	0.000723544	0.0022804	0.00647441	0.0161829	0.0351153	0.0655374	0.104498	0.141612	0.162445	0.157247	0.1283	0.0881429	0.0509939	0.0248758	0.0102574	0.00358853	0.00107068	0.000274327	6.09177e-05	1.1851e-05	2.04821e-06	3.19725e-07	4.60941e-08	6.44723e-09	1.00591e-09	2.18149e-10	6.44901e-11	2.02263e-11	5.76357e-12	1.41919e-12	2.98287e-13	5.34603e-14	8.19471e-15	1.08021e-15	1.23584e-16	1.25511e-17	1.2304e-18	1.55786e-19	3.51851e-20	1.08249e-20	3.25654e-21	8.64737e-22	1.98068e-22	3.88923e-23	6.53287e-24	9.38327e-25	1.15448e-25	1.22699e-26	1.16906e-27	1.1593e-28	1.66213e-29	3.8834e-30	1.67431e-30	
N69	3.26362e-13	3.83158e-11	4.21974e-09	3.52473e-07	2.06414e-05	0.000777276	0.0167264	0.169915	0.560196	0.222037	0.0285388	0.0017279	5.95043e-05	1.30534e-06	2.20493e-08	3.99609e-09	4.54068e-09	4.26664e-09	3.14229e-09	1.80411e-09	7.98224e-10	2.66911e-10	6.53711e-11	1.11418e-11	1.20793e-12	6.93808e-14	1.28989e-15	1.27924e-17	8.17762e-20	3.7127e-22	1.26948e-24	3.40058e-27	7.34227e-30	1.30574e-32	1.94574e-35	2.46396e-38	2.68344e-41	2.53989e-44	2.10933e-47	1.55094e-50	1.01866e-53	6.03147e-57	3.25104e-60	1.61238e-63	7.4455e-67	3.24102e-70	1.34751e-73	5.4196e-77	2.13181e-80	8.26459e-84	3.1685e-87	1.2003e-90	4.47704e-94	1.63758e-97	5.85866e-101	2.04975e-104	7.02635e-108	2.36585e-111	7.83575e-115	2.54994e-118	8.12294e-122	2.61598e-125	
Carex_capillaris	0	0	0	0	0	0	0	0	1	0	0	0	0	0	0	0	0	0	0	0	0	0	0	0	0	0	0	0	0	0	0	0	0	0	0	0	0	0	0	0	0	0	0	0	0	0	0	0	0	0	0	0	0	0	0	0	0	0	0	0	0	0	
Carex_halleriana	0	0	0	0	0	0	0	0	0	0	0	0	0	0	0	0	0	0	0	0	0	0	0	0	0	1	0	0	0	0	0	0	0	0	0	0	0	0	0	0	0	0	0	0	0	0	0	0	0	0	0	0	0	0	0	0	0	0	0	0	0	0	
Carex_baccans	0	0	0	0	0	0	0	0	0	0	0	0	0	0	0	0	0	0	0	0	0	0	1	0	0	0	0	0	0	0	0	0	0	0	0	0	0	0	0	0	0	0	0	0	0	0	0	0	0	0	0	0	0	0	0	0	0	0	0	0	0	0	
N70	5.93537e-10	2.47767e-09	1.44196e-08	8.11205e-08	3.92795e-07	1.57769e-06	5.21518e-06	1.43121e-05	3.34109e-05	6.91267e-05	0.000135078	0.000279431	0.000716712	0.00229223	0.00754418	0.0218488	0.0521278	0.100106	0.153426	0.187197	0.181635	0.140209	0.0862335	0.0423615	0.0166823	0.00529739	0.00137274	0.000301589	6.55751e-05	2.11009e-05	1.11286e-05	6.30172e-06	3.03957e-06	1.17955e-06	3.63675e-07	8.89104e-08	1.72693e-08	2.67727e-09	3.34632e-10	3.47122e-11	3.29301e-12	3.65388e-13	5.85966e-14	1.16871e-14	2.36843e-15	4.48572e-16	7.60878e-17	1.1166e-17	1.38183e-18	1.41968e-19	1.20123e-20	8.3444e-22	4.75811e-23	2.23131e-24	8.63218e-26	2.76649e-27	7.40109e-29	1.73502e-30	5.61949e-32	6.27335e-33	1.10786e-33	2.41377e-34	
Carex_echinochloe	0	0	0	0	0	0	0	0	0	0	0	0	0	0	0	0	0	0	0	0	1	0	0	0	0	0	0	0	0	0	0	0	0	0	0	0	0	0	0	0	0	0	0	0	0	0	0	0	0	0	0	0	0	0	0	0	0	0	0	0	0	0	
N71	1.97066e-12	5.61842e-12	2.37237e-11	1.11948e-10	5.04095e-10	2.03192e-09	7.2808e-09	2.38132e-08	7.44957e-08	2.33971e-07	7.62545e-07	2.66993e-06	1.06341e-05	4.86927e-05	0.000232738	0.00103067	0.00393104	0.0124788	0.0324607	0.0687168	0.117893	0.163585	0.183433	0.166231	0.12184	0.0723435	0.0349123	0.0138185	0.00462048	0.00144212	0.000520152	0.000242858	0.000121893	5.43383e-05	1.99705e-05	5.9295e-06	1.41707e-06	2.7304e-07	4.26363e-08	5.46378e-09	5.95636e-10	6.13367e-11	7.34133e-12	1.14204e-12	1.96783e-13	3.15038e-14	4.35044e-15	5.05524e-16	4.89791e-17	3.94112e-18	2.62965e-19	1.45495e-20	6.68318e-22	2.55418e-23	8.14659e-25	2.17951e-26	4.97042e-28	1.05065e-29	2.89602e-31	1.48624e-32	9.87614e-34	8.40051e-35	
N72	6.39917e-13	1.89341e-12	7.0585e-12	2.73103e-11	1.04782e-10	3.94479e-10	1.46644e-09	5.47813e-09	2.10917e-08	8.6169e-08	3.82115e-07	1.83287e-06	9.13259e-06	4.4487e-05	0.000200485	0.000804124	0.00280208	0.00836056	0.0211701	0.0452741	0.0814691	0.123096	0.156027	0.165907	0.148112	0.111187	0.0703605	0.0376825	0.0171831	0.0067629	0.00236363	0.000774491	0.00025698	9.14018e-05	3.48218e-05	1.39279e-05	5.84028e-06	2.53097e-06	1.07416e-06	4.1866e-07	1.43319e-07	4.21329e-08	1.05468e-08	2.24777e-09	4.11645e-10	6.71863e-11	1.13198e-11	2.79011e-12	1.11059e-12	5.04464e-13	2.11039e-13	7.661e-14	2.37613e-14	6.26585e-15	1.40234e-15	2.66378e-16	4.30709e-17	6.02465e-18	7.96408e-19	1.38473e-19	4.60254e-20	3.19194e-20	
Carex_pendula	0	0	0	0	0	0	0	0	0	0	0	0	0	0	0	0	0	0	0	0	0	0	0	0	0	0	0	0	0	1	0	0	0	0	0	0	0	0	0	0	0	0	0	0	0	0	0	0	0	0	0	0	0	0	0	0	0	0	0	0	0	0	
N73	2.12266e-12	5.19471e-12	1.56477e-11	4.10626e-11	8.55296e-11	1.39245e-10	1.81603e-10	2.27769e-10	4.72546e-10	1.64042e-09	5.46733e-09	1.43372e-08	2.88366e-08	4.69964e-08	8.28762e-08	2.50979e-07	1.01037e-06	3.58814e-06	1.00479e-05	2.19821e-05	3.98425e-05	8.00739e-05	0.00028352	0.00136795	0.00594953	0.0206838	0.0557971	0.115182	0.180151	0.212348	0.18816	0.125248	0.0626528	0.0235878	0.00670654	0.00144952	0.000240643	3.11128e-05	3.18386e-06	2.62519e-07	1.77773e-08	1.00911e-09	4.90602e-11	2.08803e-12	7.94096e-14	2.74255e-15	8.70434e-17	2.56053e-18	7.03898e-20	1.82671e-21	4.52625e-23	1.08053e-24	2.49299e-26	5.54291e-28	1.18134e-29	2.4048e-31	4.67602e-33	8.70937e-35	1.55855e-36	2.68178e-38	4.44178e-40	8.97131e-42	
Carex_hostiana	0	0	0	0	0	0	0	0	0	0	0	0	0	0	0	0	0	0	0	0	0	0	0	0	0	0	0	1	0	0	0	0	0	0	0	0	0	0	0	0	0	0	0	0	0	0	0	0	0	0	0	0	0	0	0	0	0	0	0	0	0	0	
Carex_viridula	0	0	0	0	0	0	0	0	0	0	0	0	0	0	0	0	0	0	0	0	0	0	0	0	0	0	0	0	0	0	0	0	0	0	1	0	0	0	0	0	0	0	0	0	0	0	0	0	0	0	0	0	0	0	0	0	0	0	0	0	0	0	
N74	2.95686e-13	7.67971e-13	2.35323e-12	7.04542e-12	2.05158e-11	6.14256e-11	2.03012e-10	7.67246e-10	3.2425e-09	1.46731e-08	6.84918e-08	3.18071e-07	1.41862e-06	5.95199e-06	2.3614e-05	9.08371e-05	0.000344045	0.00125505	0.0041978	0.0122909	0.030528	0.0632133	0.108148	0.152194	0.175824	0.166653	0.129659	0.0829275	0.0436851	0.0190488	0.00694156	0.00215607	0.000594361	0.000156379	4.29166e-05	1.27332e-05	3.8685e-06	1.10652e-06	2.80567e-07	6.10271e-08	1.12039e-08	1.72397e-09	2.22152e-10	2.41476e-11	2.27756e-12	2.03536e-13	2.08296e-14	2.77399e-15	4.18254e-16	5.94906e-17	7.36294e-18	7.7409e-19	6.87312e-20	5.15208e-21	3.26617e-22	1.759e-23	8.15419e-25	3.40121e-26	1.45306e-27	7.8006e-29	5.44452e-30	5.84998e-31	
N75	7.16836e-13	1.82607e-12	5.1204e-12	1.39501e-11	3.75206e-11	1.02451e-10	2.87916e-10	8.33173e-10	2.48533e-09	7.67177e-09	2.43596e-08	7.80392e-08	2.47815e-07	7.77666e-07	2.43128e-06	7.62231e-06	2.39452e-05	7.51232e-05	0.000234286	0.000717067	0.00209677	0.0056707	0.0137906	0.0295683	0.0552214	0.0892164	0.124237	0.14886	0.153257	0.135599	0.103172	0.0675858	0.0382083	0.0187427	0.00809372	0.00319895	0.0012645	0.000564751	0.000293488	0.000159446	8.09394e-05	3.62827e-05	1.40714e-05	4.69704e-06	1.35225e-06	3.38679e-07	7.58616e-08	1.63699e-08	3.92514e-09	1.16146e-09	3.90992e-10	1.29361e-10	3.87713e-11	1.02254e-11	2.35652e-12	4.76152e-13	8.56296e-14	1.42363e-14	2.36217e-15	4.33735e-16	9.80054e-17	3.97102e-17	
Carex_punctata	0	0	0	0	0	0	0	0	0	0	0	0	0	0	0	0	0	0	0	0	0	0	0	0	0	0	0	0	0	0	0	0	0	1	0	0	0	0	0	0	0	0	0	0	0	0	0	0	0	0	0	0	0	0	0	0	0	0	0	0	0	0	
Carex_hochstetteriana	0	0	0	0	0	0	0	0	0	0	0	0	0	0	0	0	0	0	0	0	0	0	0	0	0	0	0	0	0	0	0	0	0	0	0	0	0	1	0	0	0	0	0	0	0	0	0	0	0	0	0	0	0	0	0	0	0	0	0	0	0	0	
N76	8.2967e-14	1.7736e-13	5.10201e-13	1.89714e-12	9.29254e-12	5.32605e-11	3.05642e-10	1.61101e-09	7.55798e-09	3.13858e-08	1.16344e-07	3.93556e-07	1.26882e-06	4.18572e-06	1.51697e-05	6.06044e-05	0.000247894	0.000954434	0.00327191	0.00969272	0.024397	0.051674	0.091558	0.135206	0.166018	0.169273	0.143235	0.100602	0.0586409	0.0284073	0.0114605	0.00386236	0.00109218	0.000260831	5.31178e-05	9.35727e-06	1.45519e-06	2.05122e-07	2.69804e-08	3.39414e-09	4.13729e-10	4.8815e-11	5.50385e-12	5.81112e-13	5.61855e-14	4.87298e-15	3.73729e-16	2.51839e-17	1.49897e-18	8.11039e-20	4.30841e-21	2.55698e-22	1.81965e-23	1.42537e-24	1.08592e-25	7.54043e-27	4.7058e-28	2.69163e-29	1.47974e-30	8.28601e-32	4.92991e-33	4.33901e-34	
Carex_comans	0	0	0	0	0	0	0	0	0	0	0	0	0	0	0	0	0	0	0	1	0	0	0	0	0	0	0	0	0	0	0	0	0	0	0	0	0	0	0	0	0	0	0	0	0	0	0	0	0	0	0	0	0	0	0	0	0	0	0	0	0	0	
N77	2.12014e-14	7.19783e-14	2.9101e-13	1.16549e-12	4.5166e-12	1.72027e-11	6.63399e-11	2.63664e-10	1.07479e-09	4.44517e-09	1.86292e-08	7.92302e-08	3.38817e-07	1.43228e-06	5.92528e-06	2.40218e-05	9.5393e-05	0.00036444	0.00129458	0.00412763	0.0114874	0.0274105	0.0554832	0.0946878	0.135766	0.163233	0.164418	0.138726	0.098004	0.0580254	0.0288319	0.0120468	0.00424654	0.00127223	0.000331336	8.08752e-05	2.23192e-05	8.28652e-06	3.66325e-06	1.55823e-06	5.7806e-07	1.81787e-07	4.81698e-08	1.07617e-08	2.03581e-09	3.29447e-10	4.72723e-11	6.76165e-12	1.22461e-12	3.08951e-13	8.76231e-14	2.32681e-14	5.4246e-15	1.0915e-15	1.88733e-16	2.80222e-17	3.57828e-18	3.96831e-19	4.03498e-20	4.71764e-21	9.31083e-22	4.0545e-22	
Carex_extensa	0	0	0	0	0	0	0	0	0	0	0	0	0	0	0	0	0	0	0	0	0	0	0	0	0	0	0	0	0	1	0	0	0	0	0	0	0	0	0	0	0	0	0	0	0	0	0	0	0	0	0	0	0	0	0	0	0	0	0	0	0	0	
Carex_distans	0	0	0	0	0	0	0	0	0	0	0	0	0	0	0	0	0	0	0	0	0	0	0	0	0	0	0	0	0	0	0	0	0	0	1	0	0	0	0	0	0	0	0	0	0	0	0	0	0	0	0	0	0	0	0	0	0	0	0	0	0	0	
N78	1.02937e-11	2.90066e-11	1.14544e-10	5.28881e-10	2.54898e-09	1.2055e-08	5.48249e-08	2.37346e-07	9.65786e-07	3.65793e-06	1.30101e-05	4.54933e-05	0.000167326	0.000652725	0.00248599	0.00840217	0.0237858	0.0549134	0.102233	0.152927	0.183566	0.176911	0.137119	0.0856861	0.0433242	0.0178371	0.00609686	0.00188318	0.000707454	0.000440331	0.000340276	0.000235926	0.000133065	5.97594e-05	2.1276e-05	6.00612e-06	1.34766e-06	2.41485e-07	3.49166e-08	4.21288e-09	4.81097e-10	7.15039e-11	1.63907e-11	4.35852e-12	1.07224e-12	2.26628e-13	4.00949e-14	5.85456e-15	6.99408e-16	6.80216e-17	5.37461e-18	3.45045e-19	1.80297e-20	7.69148e-22	2.6896e-23	7.75262e-25	1.87103e-26	4.22527e-28	1.62043e-29	1.56203e-30	1.7882e-31	2.55056e-32	
N79	1.18453e-11	3.24181e-11	1.16215e-10	4.53739e-10	1.8413e-09	7.66227e-09	3.25896e-08	1.41576e-07	6.25595e-07	2.77727e-06	1.21236e-05	5.06522e-05	0.000197122	0.000698128	0.00220996	0.00617176	0.0150672	0.0319542	0.0586234	0.0928642	0.126797	0.149132	0.151114	0.132035	0.0996299	0.0650725	0.0369182	0.0183046	0.00801691	0.00317529	0.00118918	0.000449655	0.000181044	7.72296e-05	3.3233e-05	1.38318e-05	5.47507e-06	2.05377e-06	7.26029e-07	2.38681e-07	7.17063e-08	1.93863e-08	4.67522e-09	1.00874e-09	2.01146e-10	4.14769e-11	1.10614e-11	4.14868e-12	1.78595e-12	7.37955e-13	2.73409e-13	8.89465e-14	2.52369e-14	6.23145e-15	1.33919e-15	2.51334e-16	4.17411e-17	6.44002e-18	1.06843e-18	2.40922e-19	8.10628e-20	4.96982e-20	
Carex_scirpoidea	0	0	0	0	0	0	0	0	0	0	0	0	0	0	0	0	0	0	0	0	0	0	0	0	0	0	0	0	0	0	1	0	0	0	0	0	0	0	0	0	0	0	0	0	0	0	0	0	0	0	0	0	0	0	0	0	0	0	0	0	0	0	
Carex_debilis	0	0	0	0	0	0	0	0	0	0	0	0	0	0	0	0	0	0	0	0	0	0	0	0	0	0	1	0	0	0	0	0	0	0	0	0	0	0	0	0	0	0	0	0	0	0	0	0	0	0	0	0	0	0	0	0	0	0	0	0	0	0	
N80	9.04307e-13	2.62537e-12	1.01064e-11	4.44038e-11	2.09318e-10	9.97481e-10	4.58191e-09	1.97426e-08	7.93865e-08	3.02908e-07	1.1366e-06	4.37237e-06	1.76011e-05	7.26489e-05	0.000292644	0.00109236	0.00363088	0.0104644	0.0257124	0.0533432	0.092834	0.135043	0.163922	0.165971	0.140252	0.099061	0.0586359	0.0292446	0.0124432	0.00468629	0.00172034	0.000727633	0.00038413	0.00022319	0.000122902	5.95349e-05	2.46294e-05	8.59384e-06	2.51523e-06	6.16458e-07	1.2676e-07	2.20792e-08	3.3875e-09	5.2879e-10	1.12929e-10	3.48252e-11	1.15934e-11	3.47139e-12	8.87054e-13	1.91058e-13	3.45887e-14	5.26239e-15	6.73486e-16	7.26363e-17	6.6185e-18	5.11666e-19	3.39807e-20	2.05706e-21	1.45919e-22	1.79284e-23	3.25458e-24	9.24389e-25	
N81	1.88021e-10	3.88511e-10	9.169e-10	2.06702e-09	4.21919e-09	7.80176e-09	1.35006e-08	2.31737e-08	4.28775e-08	9.6727e-08	2.9675e-07	1.14546e-06	4.59395e-06	1.6938e-05	5.4649e-05	0.000151552	0.000358918	0.000725824	0.00126527	0.00196707	0.00296848	0.00497479	0.00981523	0.0206445	0.0409579	0.0719167	0.109097	0.141778	0.157195	0.14848	0.119389	0.0817014	0.0476032	0.0236454	0.0100401	0.00366242	0.00115768	0.000321592	8.01439e-05	1.83757e-05	3.96292e-06	8.10581e-07	1.55831e-07	2.76443e-08	4.4548e-09	6.47913e-10	8.57257e-11	1.05567e-11	1.25098e-12	1.4678e-13	1.71239e-14	1.94298e-15	2.07963e-16	2.05298e-17	1.85215e-18	1.53233e-19	1.17939e-20	8.63748e-22	6.16619e-23	4.36138e-24	3.13149e-25	3.38728e-26	
Carex_grayi	0	0	0	0	0	0	0	0	0	0	0	0	0	0	0	0	0	0	0	0	0	0	0	0	0	1	0	0	0	0	0	0	0	0	0	0	0	0	0	0	0	0	0	0	0	0	0	0	0	0	0	0	0	0	0	0	0	0	0	0	0	0	
N82	1.42957e-11	2.9757e-11	6.93613e-11	1.51688e-10	2.92689e-10	4.85495e-10	6.8575e-10	8.34734e-10	9.31022e-10	1.11714e-09	1.8181e-09	4.5236e-09	1.58023e-08	6.19033e-08	2.25891e-07	7.05065e-07	1.82514e-06	3.88066e-06	6.7953e-06	1.00282e-05	1.33467e-05	1.86109e-05	3.31454e-05	8.34734e-05	0.000277082	0.00101067	0.00347269	0.0104158	0.0264416	0.0561164	0.098902	0.144067	0.172773	0.170069	0.137196	0.0908445	0.0497822	0.0230811	0.00947677	0.00368437	0.0014233	0.00053649	0.000185263	5.55196e-05	1.40511e-05	2.98123e-06	5.35121e-07	8.35842e-08	1.20327e-08	1.73541e-09	2.65248e-10	4.17687e-11	6.28595e-12	8.5356e-13	1.01862e-13	1.06354e-14	9.84166e-16	8.36525e-17	6.96685e-18	6.10281e-19	5.86608e-20	8.93598e-21	
Carex_saxatilis	0	0	0	0	0	0	0	0	0	0	0	0	0	0	0	0	0	0	0	0	0	0	0	0	0	0	0	0	0	0	0	0	0	0	0	0	0	0	1	0	0	0	0	0	0	0	0	0	0	0	0	0	0	0	0	0	0	0	0	0	0	0	
N83	4.55665e-19	8.48342e-17	6.53733e-15	9.9553e-15	2.90754e-16	2.91321e-18	1.47063e-20	4.43313e-23	8.77461e-26	1.2118e-28	1.42502e-31	3.89373e-32	1.46735e-29	2.84325e-26	3.99982e-23	3.89418e-20	2.46297e-17	9.17933e-15	1.69729e-12	1.05757e-10	1.23033e-10	2.67344e-12	1.95934e-14	7.13385e-17	1.53192e-19	2.13841e-22	4.65275e-25	8.52977e-25	1.09704e-21	1.93791e-18	2.54427e-15	2.39159e-12	1.53269e-09	6.25242e-07	0.000146274	0.0164008	0.594473	0.38452	0.00444255	1.66406e-05	3.00225e-08	3.12944e-11	2.09804e-14	9.72709e-18	3.29305e-21	8.51145e-25	1.74948e-28	2.97693e-32	4.36329e-36	5.69947e-40	6.76957e-44	7.33051e-48	7.17929e-52	6.3246e-56	5.06814e-60	3.85444e-64	3.00546e-68	2.56844e-72	2.36993e-76	2.18654e-80	1.8883e-84	1.50183e-88	
Carex_membranacea	0	0	0	0	0	0	0	0	0	0	0	0	0	0	0	0	0	0	0	0	0	0	0	0	0	0	0	0	0	0	0	0	0	0	0	0	0	1	0	0	0	0	0	0	0	0	0	0	0	0	0	0	0	0	0	0	0	0	0	0	0	0	
Carex_rostrata	0	0	0	0	0	0	0	0	0	0	0	0	0	0	0	0	0	0	0	0	0	0	0	0	0	0	0	0	0	0	0	0	0	0	0	0	1	0	0	0	0	0	0	0	0	0	0	0	0	0	0	0	0	0	0	0	0	0	0	0	0	0	
N84	2.83795e-12	7.12269e-12	2.00655e-11	5.09815e-11	1.11947e-10	2.15635e-10	3.89897e-10	7.70697e-10	2.03202e-09	7.68727e-09	3.71532e-08	1.91668e-07	9.2658e-07	3.93401e-06	1.42908e-05	4.41488e-05	0.000117293	0.000278714	0.000643016	0.00158598	0.00422779	0.0111552	0.0266266	0.0547446	0.0949411	0.137697	0.166392	0.167234	0.139574	0.0967266	0.0556947	0.026688	0.0106773	0.00358783	0.00102333	0.000252212	5.52056e-05	1.11061e-05	2.11285e-06	3.82288e-07	6.45e-08	9.84894e-09	1.32797e-09	1.56005e-10	1.59469e-11	1.435e-12	1.17306e-13	9.19619e-15	7.32989e-16	6.04313e-17	4.95107e-18	3.80592e-19	2.63711e-20	1.61659e-21	8.73569e-23	4.19428e-24	1.82678e-25	7.48662e-27	3.02854e-28	1.25397e-29	5.37451e-31	3.24122e-32	
N85	1.02738e-13	2.04569e-13	5.01101e-13	1.30062e-12	3.45801e-12	9.75969e-12	3.0783e-11	1.11141e-10	4.54011e-10	2.03962e-09	9.77983e-09	4.82921e-08	2.34496e-07	1.07169e-06	4.49267e-06	1.72456e-05	6.17678e-05	0.000211804	0.00070246	0.00221418	0.00639906	0.016387	0.0363055	0.0685908	0.109597	0.147416	0.16648	0.157638	0.124973	0.0829704	0.046167	0.0215613	0.00847028	0.00280752	0.000788372	0.00018858	3.87005e-05	6.8767e-06	1.07009e-06	1.47807e-07	1.84088e-08	2.10873e-09	2.28952e-10	2.47266e-11	2.81305e-12	3.44208e-13	4.33911e-14	5.25725e-15	5.81333e-16	5.71401e-17	4.94761e-18	3.78588e-19	2.61053e-20	1.71783e-21	1.22933e-22	1.11721e-23	1.28318e-24	1.6485e-25	2.23678e-26	3.20123e-27	4.86664e-28	1.1429e-28	
Carex_rariflora	0	0	0	0	0	0	0	0	0	0	0	0	0	0	0	0	0	0	0	0	0	0	0	0	0	1	0	0	0	0	0	0	0	0	0	0	0	0	0	0	0	0	0	0	0	0	0	0	0	0	0	0	0	0	0	0	0	0	0	0	0	0	
Carex_magellanica	0	0	0	0	0	0	0	0	0	0	0	0	0	0	0	0	0	0	0	0	0	0	0	0	0	0	0	0	1	0	0	0	0	0	0	0	0	0	0	0	0	0	0	0	0	0	0	0	0	0	0	0	0	0	0	0	0	0	0	0	0	0	
N86	6.60447e-13	1.43861e-12	3.34626e-12	7.12505e-12	1.39205e-11	2.65289e-11	5.23462e-11	1.05648e-10	2.05584e-10	3.89946e-10	8.84224e-10	2.9848e-09	1.23305e-08	4.81544e-08	1.6434e-07	4.97757e-07	1.41484e-06	3.96611e-06	1.08572e-05	2.73447e-05	6.00379e-05	0.000114257	0.000206946	0.000452412	0.00134452	0.00439146	0.0129887	0.032469	0.0672061	0.114347	0.1592	0.180688	0.166651	0.124617	0.0755078	0.0371897	0.015064	0.00517099	0.00159834	0.00048247	0.000147846	4.39091e-05	1.17047e-05	2.66101e-06	5.05218e-07	7.9784e-08	1.05685e-08	1.20197e-09	1.23544e-10	1.25599e-11	1.38069e-12	1.63662e-13	1.92051e-14	2.06667e-15	1.96745e-16	1.64559e-17	1.22499e-18	8.38774e-20	5.56649e-21	3.77203e-22	2.70357e-23	2.92996e-24	
Carex_shimidzensis	0	0	0	0	0	0	0	0	0	0	0	0	0	0	0	0	0	0	0	0	0	0	0	0	0	0	0	0	0	0	0	0	0	1	0	0	0	0	0	0	0	0	0	0	0	0	0	0	0	0	0	0	0	0	0	0	0	0	0	0	0	0	
N87	3.6075e-16	1.65233e-15	6.99938e-15	1.96043e-14	3.41091e-14	3.66779e-14	2.47623e-14	1.07818e-14	3.13013e-15	6.31788e-16	1.02284e-16	4.95172e-17	5.8356e-16	1.59093e-14	3.48045e-13	5.48445e-12	5.97975e-11	4.34639e-10	2.03147e-09	5.91389e-09	1.04619e-08	1.11214e-08	7.1494e-09	2.87169e-09	8.32977e-10	4.10675e-10	2.10258e-09	4.96008e-08	1.13983e-06	1.97572e-05	0.000248151	0.00220382	0.0135021	0.0555718	0.149368	0.254767	0.26858	0.171662	0.0660897	0.0154839	0.00226932	0.000218044	1.47621e-05	7.75454e-07	3.43641e-08	1.30264e-09	4.04282e-11	9.83474e-13	1.84022e-14	2.64969e-16	2.97228e-18	2.66099e-20	1.99061e-22	1.35411e-24	9.3802e-27	7.01916e-29	5.42722e-31	4.04613e-33	2.80361e-35	1.77727e-37	1.01733e-39	5.88846e-42	
N88	3.66922e-19	1.85883e-18	8.09521e-18	1.98e-17	2.52763e-17	1.70422e-17	6.29221e-18	1.34329e-18	1.89872e-19	2.76271e-20	7.95017e-21	2.64552e-20	2.69719e-19	2.44721e-18	3.38715e-17	7.67791e-16	1.42422e-14	1.65271e-13	1.09936e-12	3.9376e-12	7.25783e-12	6.87164e-12	3.58006e-12	1.29536e-12	5.10091e-13	3.11283e-13	1.88162e-12	3.25683e-11	9.40707e-10	4.12513e-08	1.536e-06	3.97062e-05	0.000671171	0.00709467	0.044679	0.158843	0.301924	0.294771	0.147179	0.0387081	0.00559825	0.000466149	2.34036e-05	7.41315e-07	1.54876e-08	2.25365e-10	2.72392e-12	5.25045e-14	1.96059e-15	6.95062e-17	1.83375e-18	3.50881e-20	4.88853e-22	4.99919e-24	3.7893e-26	2.15404e-28	9.36464e-31	3.43766e-33	1.98508e-35	3.17668e-37	5.83131e-39	1.01164e-40	
Carex_nigra	0	0	0	0	0	0	0	0	0	0	0	0	0	0	0	0	0	0	0	0	0	0	0	0	0	0	0	0	0	0	0	0	0	0	0	0	0	0	0	0	1	0	0	0	0	0	0	0	0	0	0	0	0	0	0	0	0	0	0	0	0	0	
N89	6.09319e-22	3.16034e-21	1.20009e-20	2.14578e-20	1.67835e-20	5.96684e-21	1.03566e-21	9.63763e-23	5.66237e-24	2.87664e-25	2.25363e-26	5.9934e-26	2.45413e-24	1.65511e-22	1.03917e-20	4.52862e-19	1.1935e-17	1.74088e-16	1.28929e-15	4.43768e-15	6.64665e-15	4.39977e-15	1.47054e-15	3.21561e-16	6.46464e-17	2.81015e-17	5.87532e-16	9.51545e-14	1.46884e-11	1.67022e-09	1.29016e-07	6.42913e-06	0.000196421	0.00347054	0.0330975	0.157194	0.341093	0.316077	0.124632	0.0222066	0.00193499	8.90237e-05	2.31602e-06	3.61697e-08	3.5712e-10	2.33078e-12	1.04782e-14	3.43731e-17	1.12673e-19	1.24874e-21	2.87791e-23	5.3726e-25	7.1733e-27	6.77058e-29	4.51448e-31	2.13314e-33	7.19295e-36	1.7565e-38	3.3959e-41	1.16022e-43	1.46472e-45	2.1864e-47	
Carex_aquatilis_var_minor	0	0	0	0	0	0	0	0	0	0	0	0	0	0	0	0	0	0	0	0	0	0	0	0	0	0	0	0	0	0	0	0	0	0	0	0	0	1	0	0	0	0	0	0	0	0	0	0	0	0	0	0	0	0	0	0	0	0	0	0	0	0	
N90	1.13374e-24	5.59364e-24	1.89294e-23	2.60549e-23	1.34141e-23	2.7898e-24	2.60699e-25	1.21923e-26	3.20847e-28	6.03345e-30	4.21159e-31	4.3201e-30	5.61398e-28	7.80571e-26	7.27385e-24	4.16644e-22	1.36341e-20	2.33371e-19	1.87451e-18	6.24105e-18	7.78693e-18	3.7081e-18	8.82562e-19	2.98835e-19	2.29253e-19	2.81628e-19	1.42532e-17	4.32489e-15	1.10227e-12	1.96457e-10	2.33595e-08	1.76593e-06	8.00818e-05	0.00202782	0.0262345	0.155487	0.372641	0.325758	0.103633	0.0133319	0.000781914	2.3256e-05	3.83293e-07	3.76428e-09	2.33804e-11	9.64244e-14	2.75334e-16	5.95778e-19	3.11022e-21	1.03669e-22	3.21078e-24	6.83456e-26	9.76777e-28	9.2391e-30	5.73474e-32	2.34203e-34	6.39628e-37	1.20317e-39	1.77788e-42	7.12356e-45	1.20112e-46	1.99542e-48	
Carex_aquatilis_var_aquatilis	0	0	0	0	0	0	0	0	0	0	0	0	0	0	0	0	0	0	0	0	0	0	0	0	0	0	0	0	0	0	0	0	0	0	0	0	0	1	0	0	0	0	0	0	0	0	0	0	0	0	0	0	0	0	0	0	0	0	0	0	0	0	
N91	4.36923e-29	4.08386e-28	1.41172e-27	1.20948e-27	2.00203e-28	9.12739e-30	1.51192e-31	1.10294e-33	4.37591e-36	5.11247e-38	4.0998e-38	1.19619e-37	5.53363e-35	3.22649e-32	1.12648e-29	2.17096e-27	2.07565e-25	8.51629e-24	1.2479e-22	6.14999e-22	2.005e-21	3.56606e-21	2.57631e-21	8.51431e-22	2.67505e-22	6.5888e-22	2.16941e-21	1.50733e-19	1.85141e-16	1.55576e-13	8.25195e-11	2.59227e-08	4.44243e-06	0.00037222	0.0131028	0.15595	0.468323	0.319514	0.041241	0.00147326	1.94285e-05	1.1468e-07	3.4669e-10	5.92455e-13	6.16899e-16	4.14957e-19	1.89221e-22	6.382e-26	4.09771e-29	1.53428e-31	5.81271e-34	1.51349e-36	2.67042e-39	8.36244e-42	3.63663e-43	1.64974e-44	5.36413e-46	1.30164e-47	3.04087e-49	2.28934e-50	4.22911e-51	7.15879e-52	
Carex_paleacea	0	0	0	0	0	0	0	0	0	0	0	0	0	0	0	0	0	0	0	0	0	0	0	0	0	0	0	0	0	0	0	0	0	0	0	1	0	0	0	0	0	0	0	0	0	0	0	0	0	0	0	0	0	0	0	0	0	0	0	0	0	0	
N92	1.60945e-31	1.42262e-30	5.74799e-30	5.56779e-30	9.33012e-31	4.05782e-32	6.1956e-34	4.0818e-36	1.39272e-38	2.85612e-40	1.5509e-40	2.29027e-40	6.28394e-38	4.27196e-35	1.7982e-32	4.19221e-30	4.85679e-28	2.42206e-26	4.39095e-25	2.8581e-24	1.08555e-23	1.65283e-23	1.03961e-23	9.34164e-24	1.86126e-23	2.7342e-23	6.50897e-23	2.33667e-20	3.42472e-17	3.51701e-14	2.29448e-11	8.90526e-09	1.88997e-06	0.000195961	0.00849564	0.123658	0.454243	0.362341	0.0492818	0.00175971	2.24938e-05	1.26451e-07	3.60577e-10	5.78411e-13	5.64304e-16	3.56832e-19	4.43025e-22	4.58131e-23	4.59276e-24	2.84931e-25	1.03829e-26	2.05504e-28	1.96992e-30	8.01582e-33	1.51742e-35	1.48658e-38	8.29656e-42	2.86177e-45	7.59868e-49	1.03394e-50	6.6703e-52	3.01562e-53	
Carex_aquatilis	0	0	0	0	0	0	0	0	0	0	0	0	0	0	0	0	0	0	0	0	0	0	0	0	0	0	0	0	0	0	0	0	0	0	0	0	0	1	0	0	0	0	0	0	0	0	0	0	0	0	0	0	0	0	0	0	0	0	0	0	0	0	
Carex_recta	0	0	0	0	0	0	0	0	0	0	0	0	0	0	0	0	0	0	0	0	0	0	0	0	0	0	0	0	0	0	0	0	0	0	0	0	0	1	0	0	0	0	0	0	0	0	0	0	0	0	0	0	0	0	0	0	0	0	0	0	0	0	
N93	1.33185e-17	4.56082e-17	1.52676e-16	3.58462e-16	5.42083e-16	5.16831e-16	3.12108e-16	1.22312e-16	3.33196e-17	8.14371e-18	3.55661e-18	7.12732e-18	4.66269e-17	5.499e-16	8.87167e-15	1.22946e-13	1.21425e-12	8.04925e-12	3.45847e-11	9.37592e-11	1.57679e-10	1.66812e-10	1.25373e-10	9.66797e-11	1.00923e-10	1.6712e-10	1.18055e-09	2.46959e-08	5.82215e-07	1.09347e-05	0.000149971	0.00145274	0.00968504	0.043304	0.126505	0.235513	0.27362	0.195754	0.086027	0.0234446	0.00404292	0.000454071	3.444e-05	1.8415e-06	7.28892e-08	2.27694e-09	7.6948e-11	8.65158e-12	1.86988e-12	3.2631e-13	4.10769e-14	3.68176e-15	2.33517e-16	1.0439e-17	3.29046e-19	7.36653e-21	1.18902e-22	1.42117e-24	1.63791e-26	1.35986e-27	3.18735e-28	7.46812e-29	
Carex_kiotensis	0	0	0	0	0	0	0	0	0	0	0	0	0	0	0	0	0	0	0	0	0	0	0	0	0	0	0	0	0	0	0	0	0	0	0	0	1	0	0	0	0	0	0	0	0	0	0	0	0	0	0	0	0	0	0	0	0	0	0	0	0	0	
Carex_heterolepis	0	0	0	0	0	0	0	0	0	0	0	0	0	0	0	0	0	0	0	0	0	0	0	0	0	0	0	0	0	0	0	0	0	0	0	0	0	0	0	1	0	0	0	0	0	0	0	0	0	0	0	0	0	0	0	0	0	0	0	0	0	0	
