NODE	1	2	3	4	5	6	7	8	9	10	11	12	13	14	15	16	17	18	19	20	21	22	23	24	25	26	27	28	29	30	31	32	33	34	35	36	37	38	39	40	41	42	43	44	45	46	47	48	49	50	51	52	53	54	55	56	57	58	59	60	61	62	63	64	65	66	67	68	69	70	71	
N1	0.000959626	0.00108938	0.00137641	0.00187695	0.00267815	0.00389934	0.00569004	0.00822181	0.0116712	0.0161918	0.0218765	0.0287129	0.0365416	0.045028	0.0536602	0.0617833	0.0686714	0.0736297	0.0761079	0.0757998	0.0727043	0.0671313	0.0596493	0.0509875	0.0419164	0.0331333	0.0251779	0.0183897	0.0129084	0.00870683	0.00564286	0.00351364	0.0021019	0.00120794	0.000666879	0.000353683	0.000180197	8.81964e-005	4.14703e-005	1.87336e-005	8.13057e-006	3.39046e-006	1.3585e-006	5.23061e-007	1.9354e-007	6.88251e-008	2.35245e-008	7.72918e-009	2.44134e-009	7.414e-010	2.16501e-010	6.08002e-011	1.64231e-011	4.26756e-012	1.06701e-012	2.601e-016	1.2519e-016	5.91337e-017	2.74194e-017	1.24854e-017	5.58599e-018	2.45749e-018	1.0643e-018	4.54484e-019	1.91811e-019	8.02736e-020	3.34724e-020	1.40109e-020	5.98041e-021	2.73478e-021	1.58489e-021	
N2	0.00264335	0.00286395	0.00333731	0.00411052	0.00525132	0.00684304	0.00897659	0.0117391	0.0151993	0.0193901	0.024291	0.0298123	0.0357849	0.0419595	0.0480169	0.0535913	0.0583047	0.0618075	0.0638209	0.0641732	0.0628231	0.0598664	0.0555244	0.0501152	0.0440149	0.0376135	0.0312734	0.0252975	0.0199084	0.0152421	0.0113527	0.00822625	0.00579901	0.00397708	0.00265364	0.00172267	0.00108807	0.000668687	0.000399873	0.000232689	0.000131767	7.26166e-005	3.89488e-005	2.03333e-005	1.03325e-005	5.11111e-006	2.46135e-006	1.15401e-006	5.2682e-007	2.34187e-007	1.0138e-007	4.27433e-008	1.75531e-008	7.02191e-009	2.73668e-009	1.03924e-009	3.84597e-010	1.38732e-010	4.87918e-011	1.67367e-011	5.60229e-012	1.8313e-012	5.8524e-013	1.83162e-013	5.6292e-014	1.70671e-014	5.148e-015	1.57232e-015	5.06871e-016	1.9086e-016	1.03494e-016	
Chrysitrix_capensis	0	0	0	0	0	0	0	0	0	0	0	0	0	0	0	0	0	0	0	0	0	0	1	0	0	0	0	0	0	0	0	0	0	0	0	0	0	0	0	0	0	0	0	0	0	0	0	0	0	0	0	0	0	0	0	0	0	0	0	0	0	0	0	0	0	0	0	0	0	0	0	
Lepironia_articulata	0	0	0	0	0	0	0	0	0	0	0	0	0	0	0	0	1	0	0	0	0	0	0	0	0	0	0	0	0	0	0	0	0	0	0	0	0	0	0	0	0	0	0	0	0	0	0	0	0	0	0	0	0	0	0	0	0	0	0	0	0	0	0	0	0	0	0	0	0	0	0	
N3	0.000509856	0.000602078	0.000810932	0.00118532	0.00180538	0.00278825	0.00429157	0.00651102	0.00966703	0.0139766	0.0196084	0.0266248	0.03492	0.0441703	0.0538165	0.0630945	0.0711206	0.0770239	0.0800985	0.079942	0.0765404	0.0702766	0.0618581	0.052183	0.0421797	0.0326612	0.0242236	0.017205	0.0117012	0.00761926	0.00474973	0.00283444	0.00161914	0.000885332	0.000463362	0.000232126	0.000111306	5.10868e-005	2.24445e-005	9.43918e-006	3.80019e-006	1.4647e-006	5.40493e-007	1.90971e-007	6.46123e-008	2.09351e-008	6.49673e-009	1.93117e-009	5.49933e-010	1.50044e-010	3.92292e-011	9.83006e-012	2.3612e-012	5.43785e-013	1.20098e-013	2.5443e-014	5.17196e-015	1.00914e-015	1.8908e-016	3.40385e-017	5.89147e-018	9.81271e-019	1.57459e-019	2.43792e-020	3.64937e-021	5.2959e-022	7.47957e-023	1.03517e-023	1.42925e-024	2.11183e-025	4.72548e-026	
N4	0.000448691	0.000536447	0.000736243	0.00109738	0.0017013	0.00266801	0.00416046	0.00638252	0.00956553	0.0139388	0.0196822	0.0268637	0.0353733	0.04487	0.0547631	0.064246	0.0723901	0.078287	0.0812129	0.0807735	0.0769898	0.0703	0.0614743	0.0514665	0.0412419	0.031626	0.0232037	0.0162857	0.0109328	0.00701914	0.00430939	0.00252984	0.00142	0.000762046	0.00039098	0.000191778	8.99316e-005	4.03178e-005	1.72806e-005	7.08123e-006	2.77437e-006	1.03931e-006	3.72289e-007	1.27525e-007	4.17755e-008	1.30888e-008	3.92255e-009	1.12453e-009	3.08433e-010	8.09444e-011	2.03285e-011	4.88631e-012	1.12429e-012	2.47669e-013	5.22448e-014	1.05556e-014	2.0431e-015	3.78955e-016	6.73774e-017	1.14879e-017	1.87924e-018	2.9514e-019	4.45429e-020	6.46893e-021	9.06024e-022	1.22837e-022	1.6234e-023	2.12139e-024	2.83652e-025	4.31066e-026	1.0915e-026	
N5	0.000180825	0.000222694	0.000320979	0.000507212	0.000837136	0.00139998	0.00232871	0.00380794	0.00607414	0.00940151	0.0140668	0.0202899	0.0281546	0.0375236	0.0479719	0.0587678	0.0689261	0.0773389	0.0829676	0.0850507	0.0832721	0.0778386	0.0694396	0.0591016	0.0479791	0.0371418	0.0274121	0.0192847	0.0129304	0.00826197	0.0050302	0.00291796	0.00161266	0.000849085	0.000425889	0.000203503	9.26352e-005	4.01716e-005	1.65963e-005	6.53236e-006	2.44973e-006	8.75353e-007	2.98054e-007	9.67142e-008	2.99094e-008	8.81643e-009	2.47737e-009	6.6367e-010	1.69525e-010	4.12945e-011	9.5938e-012	2.12615e-012	4.49547e-013	9.07006e-014	1.74656e-014	3.21062e-015	5.63553e-016	9.4482e-017	1.51353e-017	2.31772e-018	3.39495e-019	4.76077e-020	6.39911e-021	8.25876e-022	1.026e-022	1.23132e-023	1.43481e-024	1.63578e-025	1.85306e-026	2.22052e-027	4.10183e-028	
Lagenocarpus_guianensis	0	0	0	0	0	0	0	0	0	0	0	0	0	0	0	0	1	0	0	0	0	0	0	0	0	0	0	0	0	0	0	0	0	0	0	0	0	0	0	0	0	0	0	0	0	0	0	0	0	0	0	0	0	0	0	0	0	0	0	0	0	0	0	0	0	0	0	0	0	0	0	
N6	0.000126539	0.000153311	0.000217473	0.000342707	0.000572549	0.000979957	0.00167919	0.00283747	0.00468172	0.00749301	0.0115806	0.0172287	0.0246164	0.0337208	0.0442274	0.0554805	0.0665067	0.0761288	0.0831613	0.0866468	0.0860679	0.081473	0.0734712	0.0630986	0.0515946	0.0401577	0.0297459	0.0209653	0.0140582	0.00896713	0.00544038	0.0031392	0.00172263	0.000898937	0.00044608	0.000210491	9.44468e-005	4.02974e-005	1.63497e-005	6.30809e-006	2.3145e-006	8.07621e-007	2.68025e-007	8.46037e-008	2.54028e-008	7.25586e-009	1.97174e-009	5.0981e-010	1.25432e-010	2.937e-011	6.5455e-012	1.38862e-012	2.80467e-013	5.39389e-014	9.87898e-015	1.72338e-015	2.8641e-016	4.53539e-017	6.84469e-018	9.84718e-019	1.35086e-019	1.76767e-020	2.20733e-021	2.63187e-022	2.99893e-023	3.27055e-024	3.42476e-025	3.47435e-026	3.52071e-027	4.02116e-028	8.25252e-029	
N7	6.00519e-005	7.37914e-005	0.000106466	0.000169521	0.000283708	0.000483554	0.000823396	0.00138449	0.00228188	0.00366871	0.00573446	0.00869288	0.0127561	0.0180934	0.0247776	0.0327276	0.041662	0.0510793	0.0602812	0.0684456	0.0747412	0.0784652	0.0791722	0.076761	0.071498	0.0639674	0.0549636	0.0453519	0.0359319	0.0273338	0.0199635	0.0139982	0.00942325	0.00609007	0.00377868	0.00225094	0.00128738	0.000706952	0.000372763	0.00018874	9.1772e-005	4.28556e-005	1.92217e-005	8.28135e-006	3.42752e-006	1.36293e-006	5.2075e-007	1.91205e-007	6.74743e-008	2.28877e-008	7.46372e-009	2.34024e-009	7.05646e-010	2.04651e-010	5.70983e-011	1.53289e-011	3.96088e-012	9.85365e-013	2.36102e-013	5.45157e-014	1.21387e-014	2.60906e-015	5.4213e-016	1.09143e-016	2.13631e-017	4.08786e-018	7.71713e-019	1.46078e-019	2.86417e-020	6.31225e-021	2.0731e-021	
Oreobolus_pectinatus	0	0	0	0	0	0	0	0	0	0	0	0	0	0	0	0	0	0	1	0	0	0	0	0	0	0	0	0	0	0	0	0	0	0	0	0	0	0	0	0	0	0	0	0	0	0	0	0	0	0	0	0	0	0	0	0	0	0	0	0	0	0	0	0	0	0	0	0	0	0	0	
N8	3.30158e-005	4.03216e-005	5.76584e-005	9.10997e-005	0.000151888	0.000259253	0.000444509	0.000756433	0.00126754	0.00208017	0.00333051	0.00518755	0.00784366	0.0114937	0.0163011	0.0223531	0.0296112	0.0378683	0.0467254	0.0556016	0.0637843	0.0705171	0.0751131	0.0770695	0.0761582	0.0724694	0.0663962	0.0585652	0.0497292	0.0406473	0.0319803	0.0242188	0.0176536	0.0123857	0.00836415	0.00543677	0.00340165	0.00204872	0.00118778	0.000662939	0.00035622	0.000184288	9.18001e-005	4.40338e-005	2.03406e-005	9.04933e-006	3.87779e-006	1.60071e-006	6.3658e-007	2.43925e-007	9.00699e-008	3.20544e-008	1.09964e-008	3.63701e-009	1.16001e-009	3.56869e-010	1.05927e-010	3.03469e-011	8.39502e-012	2.24381e-012	5.79901e-013	1.45083e-013	3.51965e-014	8.30069e-015	1.91089e-015	4.32291e-016	9.71855e-017	2.21269e-017	5.27278e-018	1.41099e-018	5.38002e-019	
N9	1.34527e-005	1.59227e-005	2.17902e-005	3.3138e-005	5.39119e-005	9.10559e-005	0.000156263	0.000268477	0.000457205	0.000766531	0.0012594	0.0020213	0.00316206	0.00481379	0.00712332	0.0102372	0.0142791	0.0193207	0.0253497	0.0322415	0.0397408	0.0474623	0.054913	0.06154	0.066795	0.0702093	0.0714622	0.070431	0.0672106	0.0620986	0.0555505	0.0481117	0.0403431	0.0327525	0.0257444	0.0195927	0.0144375	0.0103013	0.00711715	0.00476169	0.00308517	0.00193591	0.00117655	0.000692601	0.000394948	0.00021818	0.000116775	6.05609e-005	3.04358e-005	1.48246e-005	6.99913e-006	3.20359e-006	1.42179e-006	6.11974e-007	2.55526e-007	1.03532e-007	4.07208e-008	1.55553e-008	5.77483e-009	2.08534e-009	7.33336e-010	2.51547e-010	8.4352e-011	2.77377e-011	8.98236e-012	2.88116e-012	9.22483e-013	2.97891e-013	9.85888e-014	3.49395e-014	1.61321e-014	
N10	2.94817e-006	3.53864e-006	4.93188e-006	7.60107e-006	1.24331e-005	2.09789e-005	3.58526e-005	6.13345e-005	0.000104237	0.000175088	0.00028966	0.00047081	0.000750516	0.00117185	0.00179045	0.002675	0.00390588	0.00557143	0.0077612	0.010556	0.0140149	0.018161	0.0229665	0.0283409	0.0341242	0.0400883	0.045947	0.0513768	0.0560447	0.059642	0.0619176	0.0627071	0.0619529	0.0597103	0.0561415	0.0514958	0.0460811	0.0402297	0.0342654	0.0284753	0.0230886	0.0182671	0.0141028	0.010625	0.00781228	0.00560634	0.00392711	0.00268535	0.0017927	0.00116855	0.000743836	0.000462441	0.000280838	0.000166629	9.66095e-005	5.47465e-005	3.0329e-005	1.64299e-005	8.70577e-006	4.51358e-006	2.29061e-006	1.13849e-006	5.5462e-007	2.65139e-007	1.24643e-007	5.7839e-008	2.66862e-008	1.24237e-008	6.02119e-009	3.24987e-009	2.21937e-009	
Schoenus_brevifolius	0	0	0	0	0	0	0	0	0	0	0	0	0	0	0	0	0	0	0	0	0	0	0	0	0	0	0	0	0	0	0	0	0	0	0	0	0	0	0	0	0	0	0	0	0	0	0	0	0	0	0	0	0	0	0	0	0	0	0	0	1	0	0	0	0	0	0	0	0	0	0	
Schoenus_nigricans	0	0	0	0	0	0	0	0	0	0	0	0	0	0	0	0	0	0	0	0	0	1	0	0	0	0	0	0	0	0	0	0	0	0	0	0	0	0	0	0	0	0	0	0	0	0	0	0	0	0	0	0	0	0	0	0	0	0	0	0	0	0	0	0	0	0	0	0	0	0	0	
Gahnia_aspera	0	0	0	0	0	0	0	0	0	0	0	0	0	0	0	0	0	0	0	0	0	0	0	0	0	0	0	0	0	0	0	0	0	0	0	0	0	0	0	1	0	0	0	0	0	0	0	0	0	0	0	0	0	0	0	0	0	0	0	0	0	0	0	0	0	0	0	0	0	0	0	
N11	0.00171215	0.00187193	0.00221725	0.00278898	0.00364735	0.00486942	0.0065442	0.00876498	0.0116182	0.0151692	0.0194455	0.0244198	0.0299956	0.035998	0.0421747	0.0482067	0.0537324	0.0583814	0.0618141	0.0637628	0.0640653	0.0626873	0.0597275	0.0554056	0.0500351	0.0439846	0.0376359	0.0313439	0.025406	0.0200417	0.0153864	0.0114958	0.00835853	0.00591441	0.00407271	0.00272928	0.00177995	0.00112972	0.000697826	0.00041951	0.000245454	0.000139778	7.74761e-005	4.17992e-005	2.1951e-005	1.12214e-005	5.58419e-006	2.70529e-006	1.27594e-006	5.85902e-007	2.61952e-007	1.14036e-007	4.83406e-008	1.9955e-008	8.02203e-009	3.14079e-009	1.19768e-009	4.44855e-010	1.60956e-010	5.67346e-011	1.9485e-011	6.52176e-012	2.12829e-012	6.77793e-013	2.11074e-013	6.45709e-014	1.96115e-014	6.0606e-015	2.01362e-015	8.05244e-016	4.6585e-016	
Tetraria_capillaris	0	0	0	0	0	0	0	0	0	1	0	0	0	0	0	0	0	0	0	0	0	0	0	0	0	0	0	0	0	0	0	0	0	0	0	0	0	0	0	0	0	0	0	0	0	0	0	0	0	0	0	0	0	0	0	0	0	0	0	0	0	0	0	0	0	0	0	0	0	0	0	
N12	1.70007e-005	2.32522e-005	3.83363e-005	6.82174e-005	0.000124215	0.000226213	0.000407415	0.00072069	0.00124604	0.0020979	0.00342972	0.00543233	0.0083217	0.0123126	0.017577	0.0241901	0.0320735	0.04095	0.050325	0.0595109	0.0676989	0.0740716	0.0779355	0.0788454	0.0766888	0.0717079	0.0644551	0.0556909	0.0462527	0.0369242	0.0283338	0.020899	0.0148177	0.0100992	0.00661694	0.00416791	0.00252403	0.00146965	0.000822833	0.000443018	0.000229394	0.000114245	5.47304e-005	2.52237e-005	1.11847e-005	4.77236e-006	1.95969e-006	7.74545e-007	2.94694e-007	1.07951e-007	3.8078e-008	1.29355e-008	4.23275e-009	1.33433e-009	4.05302e-010	1.18643e-010	3.3476e-011	9.106e-012	2.3884e-012	6.04164e-013	1.47423e-013	3.47096e-014	7.88788e-015	1.73125e-015	3.67434e-016	7.56196e-017	1.5195e-017	3.03342e-018	6.29484e-019	1.53116e-019	5.92244e-020	
Machaerina_articulata	0	0	0	0	0	0	0	0	0	0	0	1	0	0	0	0	0	0	0	0	0	0	0	0	0	0	0	0	0	0	0	0	0	0	0	0	0	0	0	0	0	0	0	0	0	0	0	0	0	0	0	0	0	0	0	0	0	0	0	0	0	0	0	0	0	0	0	0	0	0	0	
Machaerina_mariscoides	0	0	0	0	0	0	0	0	0	0	0	0	0	0	0	0	0	0	0	0	0	0	0	0	0	0	0	0	0	0	0	0	0	0	0	0	0	0	1	0	0	0	0	0	0	0	0	0	0	0	0	0	0	0	0	0	0	0	0	0	0	0	0	0	0	0	0	0	0	0	0	
N13	0.000269024	0.000335094	0.000493567	0.000799876	0.00134686	0.0022733	0.00376968	0.00607573	0.00946305	0.0141972	0.0204777	0.0283613	0.0376833	0.0480015	0.0585867	0.0684814	0.0766291	0.0820537	0.0840507	0.0823364	0.077114	0.0690335	0.059058	0.0482734	0.0376942	0.0281137	0.0200256	0.0136216	0.00884742	0.00548679	0.00324872	0.00183648	0.000991136	0.000510683	0.000251215	0.000117985	5.29072e-005	2.26531e-005	9.26174e-006	3.61611e-006	1.34837e-006	4.80219e-007	1.6337e-007	5.30955e-008	1.64872e-008	4.89211e-009	1.38728e-009	3.76019e-010	9.74321e-011	2.41383e-011	5.71866e-012	1.2958e-012	2.80875e-013	5.82501e-014	1.15603e-014	2.19591e-015	3.99313e-016	6.95269e-017	1.15936e-017	1.85184e-018	2.83399e-019	4.15621e-020	5.84262e-021	7.87524e-022	1.01831e-022	1.26447e-023	1.51209e-024	1.75675e-025	2.04522e-026	2.6884e-027	6.20783e-028	
N14	7.33773e-005	9.29239e-005	0.000141726	0.0002426	0.000439569	0.000809961	0.00147982	0.00263944	0.00455247	0.00754887	0.0119905	0.0182012	0.026364	0.0364017	0.0478753	0.0599444	0.071426	0.0809643	0.0872869	0.0894809	0.0872088	0.0807934	0.0711416	0.0595334	0.0473425	0.0357741	0.0256858	0.0175231	0.0113584	0.00699533	0.00409347	0.00227602	0.00120249	0.000603704	0.000288027	0.000130599	5.62831e-005	2.30562e-005	8.97875e-006	3.32436e-006	1.17035e-006	3.91831e-007	1.24771e-007	3.77941e-008	1.08918e-008	2.98678e-009	7.79498e-010	1.93646e-010	4.57994e-011	1.03146e-011	2.21244e-012	4.52067e-013	8.80102e-014	1.63288e-014	2.88775e-015	4.86905e-016	7.82896e-017	1.20071e-017	1.7569e-018	2.45319e-019	3.2696e-020	4.16048e-021	5.05577e-022	5.86878e-023	6.51007e-024	6.9056e-025	7.01806e-026	6.87888e-027	6.67877e-028	7.21235e-029	1.3936e-029	
N15	0.000137997	0.000167828	0.000238707	0.000375006	0.000620006	0.00104347	0.00175033	0.0028882	0.00464986	0.0072655	0.0109798	0.0160102	0.0224887	0.0303941	0.0394918	0.0493003	0.0591042	0.0680245	0.0751411	0.079647	0.0809982	0.0790217	0.0739511	0.0663808	0.0571503	0.0471912	0.0373732	0.0283867	0.0206787	0.0144475	0.00968122	0.00622226	0.00383584	0.00226823	0.00128661	0.000700103	0.000365478	0.000183051	8.79681e-005	4.05653e-005	1.79513e-005	7.62408e-006	3.10792e-006	1.21614e-006	4.56854e-007	1.64776e-007	5.70671e-008	1.89802e-008	6.06305e-009	1.86043e-009	5.48429e-010	1.55336e-010	4.22794e-011	1.10599e-011	2.78098e-012	6.72259e-013	1.56254e-013	3.49263e-014	7.50873e-015	1.55292e-015	3.09016e-016	5.91782e-017	1.091e-017	1.93729e-018	3.31659e-019	5.48571e-020	8.81021e-021	1.39176e-021	2.24439e-022	4.16266e-023	1.28805e-023	
N16	8.30929e-005	0.00011107	0.000181091	0.000325761	0.000606416	0.00112778	0.00205532	0.00362994	0.00617076	0.0100533	0.0156514	0.0232384	0.0328599	0.0442077	0.0565446	0.0687257	0.0793444	0.0869892	0.0905487	0.0894772	0.083931	0.0747303	0.0631592	0.0506706	0.0385906	0.027903	0.0191563	0.0124888	0.00773291	0.00454836	0.00254177	0.00134983	0.000681358	0.000326988	0.00014923	6.47835e-005	2.67594e-005	1.052e-005	3.93746e-006	1.40349e-006	4.76578e-007	1.54217e-007	4.75719e-008	1.39938e-008	3.9268e-009	1.05151e-009	2.6879e-010	6.56142e-011	1.53011e-011	3.40996e-012	7.26501e-013	1.48029e-013	2.88562e-014	5.38365e-015	9.61664e-016	1.64528e-016	2.69705e-017	4.23773e-018	6.38468e-019	9.22733e-020	1.27975e-020	1.7041e-021	2.17991e-022	2.68121e-023	3.17531e-024	3.63026e-025	4.02752e-026	4.38389e-027	4.80933e-028	5.82312e-029	1.17077e-029	
Dulichium_arundinaceum	0	0	0	0	0	0	0	0	0	0	0	0	0	0	0	1	0	0	0	0	0	0	0	0	0	0	0	0	0	0	0	0	0	0	0	0	0	0	0	0	0	0	0	0	0	0	0	0	0	0	0	0	0	0	0	0	0	0	0	0	0	0	0	0	0	0	0	0	0	0	0	
N17	4.34615e-008	9.77466e-008	3.22106e-007	1.16545e-006	4.17012e-006	1.42436e-005	4.57656e-005	0.00013723	0.000382056	0.000984004	0.00233826	0.00511582	0.0102885	0.0189942	0.0321548	0.0498682	0.0707991	0.0919587	0.109222	0.118586	0.117669	0.106698	0.0884156	0.0669644	0.0463675	0.0293628	0.0170139	0.00902567	0.00438643	0.00195444	0.000799033	0.000300002	0.00010354	3.28808e-005	9.61778e-006	2.59398e-006	6.45785e-007	1.48566e-007	3.16191e-008	6.23255e-009	1.1391e-009	1.93252e-010	3.04682e-011	4.46904e-012	6.10532e-013	7.77687e-014	9.24642e-015	1.02725e-015	1.06751e-016	1.03873e-017	9.47352e-019	8.10636e-020	6.51432e-021	4.921e-022	3.4977e-023	2.34126e-024	1.47722e-025	8.79307e-027	4.94206e-028	2.62486e-029	1.31852e-030	6.26891e-032	2.82331e-033	1.20535e-034	4.88184e-036	1.87722e-037	6.86097e-039	2.38981e-040	8.02543e-042	2.78456e-043	1.67854e-044	
Blysmus_compressus	0	0	0	0	0	0	0	0	0	0	0	0	0	0	0	0	0	0	0	0	0	1	0	0	0	0	0	0	0	0	0	0	0	0	0	0	0	0	0	0	0	0	0	0	0	0	0	0	0	0	0	0	0	0	0	0	0	0	0	0	0	0	0	0	0	0	0	0	0	0	0	
Blysmus_rufus	0	0	0	0	0	0	0	0	0	0	0	0	0	0	0	0	0	0	0	1	0	0	0	0	0	0	0	0	0	0	0	0	0	0	0	0	0	0	0	0	0	0	0	0	0	0	0	0	0	0	0	0	0	0	0	0	0	0	0	0	0	0	0	0	0	0	0	0	0	0	0	
N18	5.28352e-005	6.49157e-005	9.4667e-005	0.000155072	0.000271077	0.000486564	0.000873835	0.0015446	0.00265992	0.00443461	0.00712978	0.0110268	0.0163784	0.0233379	0.0318781	0.0417175	0.0522826	0.0627289	0.0720339	0.0791539	0.0832144	0.0836856	0.0804965	0.0740512	0.0651446	0.0548005	0.0440784	0.0338986	0.024925	0.0175217	0.011776	0.0075665	0.00464802	0.00272974	0.00153271	0.000822801	0.000422316	0.000207254	9.72543e-005	4.36392e-005	1.87253e-005	7.68406e-006	3.01572e-006	1.13203e-006	4.06465e-007	1.39612e-007	4.58767e-008	1.44234e-008	4.33903e-009	1.24913e-009	3.44155e-010	9.07569e-011	2.29103e-011	5.5368e-012	1.28119e-012	2.83889e-013	6.02451e-014	1.22461e-014	2.38476e-015	4.44985e-016	7.95796e-017	1.36443e-017	2.24384e-018	3.54194e-019	5.37347e-020	7.85464e-021	1.11257e-021	1.55014e-022	2.22296e-023	3.79048e-024	1.14906e-024	
N19	9.92818e-005	0.000121958	0.000176269	0.000281753	0.000473157	0.000806723	0.00136778	0.00227805	0.0036999	0.00583352	0.00890252	0.0131244	0.0186648	0.0255805	0.0337607	0.0428828	0.0524006	0.0615782	0.0695735	0.0755612	0.0788724	0.0791174	0.0762605	0.0706283	0.0628476	0.0537298	0.0441318	0.0348252	0.0264024	0.0192312	0.0134584	0.00904932	0.00584642	0.00362941	0.00216508	0.00124117	0.000683805	0.000362084	0.000184286	9.01612e-005	4.24058e-005	1.91756e-005	8.33748e-006	3.48597e-006	1.40172e-006	5.42124e-007	2.01689e-007	7.21879e-008	2.48599e-008	8.23837e-009	2.62753e-009	8.06637e-010	2.38392e-010	6.78343e-011	1.85873e-011	4.90517e-012	1.2469e-012	3.05361e-013	7.20561e-014	1.6386e-014	3.59161e-015	7.58923e-016	1.54627e-016	3.03858e-017	5.76207e-018	1.0558e-018	1.87684e-019	3.27989e-020	5.88854e-021	1.24892e-021	4.48155e-022	
N20	5.30091e-009	1.13187e-008	3.2878e-008	1.03869e-007	3.32147e-007	1.04359e-006	3.17178e-006	9.23918e-006	2.56443e-005	6.75599e-005	0.000168482	0.000396944	0.000882205	0.00184743	0.00364175	0.00675236	0.0117682	0.019267	0.0296172	0.0427269	0.0578238	0.0733844	0.0873081	0.097351	0.10171	0.0995494	0.091266	0.0783666	0.0630206	0.0474636	0.0334798	0.02212	0.0136906	0.00793914	0.00431448	0.00219786	0.00104982	0.000470352	0.000197733	7.803e-005	2.89172e-005	1.00685e-005	3.29529e-006	1.01431e-006	2.93778e-007	8.01088e-008	2.05778e-008	4.9822e-009	1.13764e-009	2.45135e-010	4.98753e-011	9.58755e-012	1.74235e-012	2.99528e-013	4.87387e-014	7.51127e-015	1.09703e-015	1.51933e-016	1.99654e-017	2.49087e-018	2.95209e-019	3.32562e-020	3.56317e-021	3.63322e-022	3.52825e-023	3.26682e-024	2.89102e-025	2.46293e-026	2.07213e-027	1.91305e-028	3.10266e-029	
Scirpus_pendulus	0	0	0	0	0	0	0	0	0	0	0	0	0	0	0	0	0	0	0	1	0	0	0	0	0	0	0	0	0	0	0	0	0	0	0	0	0	0	0	0	0	0	0	0	0	0	0	0	0	0	0	0	0	0	0	0	0	0	0	0	0	0	0	0	0	0	0	0	0	0	0	
N21	4.55007e-026	8.88291e-025	2.34134e-023	6.27482e-022	1.60735e-020	3.84136e-019	8.45303e-018	1.69842e-016	3.09746e-015	5.1037e-014	7.56767e-013	1.00612e-011	1.1951e-010	1.2638e-009	1.18549e-008	9.82724e-008	7.1713e-007	4.58829e-006	2.56322e-005	0.000124491	0.000523355	0.00189591	0.00589171	0.0156359	0.0352832	0.067418	0.108666	0.147256	0.167313	0.159075	0.126411	0.083942	0.0466104	0.0216764	0.00846333	0.00278293	0.000773533	0.000182504	3.67127e-005	6.3259e-006	9.3808e-007	1.20287e-007	1.33991e-008	1.30254e-009	1.10986e-010	8.32444e-012	5.51837e-013	3.24579e-014	1.70017e-015	7.95886e-017	3.34079e-018	1.26144e-019	4.29748e-021	1.32475e-022	3.70514e-024	9.42655e-026	2.18697e-027	4.63759e-029	9.00879e-031	1.60652e-032	2.63529e-034	3.98412e-036	5.56157e-038	7.18106e-040	8.59094e-042	9.53825e-044	9.8455e-046	9.47457e-048	8.58395e-050	7.75757e-052	1.06628e-053	
N22	3.2788e-037	2.97857e-035	3.87168e-033	4.71144e-031	5.12105e-029	4.91088e-027	4.12747e-025	3.02469e-023	1.92361e-021	1.05692e-019	4.99491e-018	2.02128e-016	6.97192e-015	2.0402e-013	5.04083e-012	1.0464e-010	1.81577e-009	2.62035e-008	3.12834e-007	3.07346e-006	2.47174e-005	0.000161867	0.000858745	0.00367256	0.0126021	0.0345472	0.0753736	0.13045	0.178635	0.193191	0.164841	0.110951	0.0589502	0.024763	0.00824321	0.0021812	0.000460469	7.78836e-005	1.06035e-005	1.16782e-006	1.04588e-007	7.65762e-009	4.60865e-010	2.29236e-011	9.47479e-013	3.27149e-014	9.48589e-016	2.32152e-017	4.81918e-019	8.52614e-021	1.29155e-022	1.68256e-024	1.89317e-026	1.84733e-028	1.56943e-030	1.16524e-032	7.58819e-035	4.34921e-037	2.20127e-039	9.86972e-042	3.93215e-044	1.3961e-046	4.42974e-049	1.25945e-051	3.21697e-054	7.40024e-057	1.53677e-059	2.88757e-062	4.92071e-065	7.66706e-068	1.49159e-070	
N23	2.57439e-038	2.25251e-036	2.84038e-034	3.28588e-032	3.39714e-030	3.12389e-028	2.54582e-026	1.83189e-024	1.15938e-022	6.42767e-021	3.10838e-019	1.30539e-017	4.73873e-016	1.47978e-014	3.95512e-013	9.00082e-012	1.73466e-010	2.81537e-009	3.82615e-008	4.32873e-007	4.05291e-006	3.12187e-005	0.000196678	0.00100764	0.00417519	0.01392	0.0371674	0.0791553	0.134012	0.17992	0.191258	0.160897	0.107178	0.056622	0.0237849	0.00797183	0.00214085	0.000462899	8.10166e-005	1.15428e-005	1.34668e-006	1.29433e-007	1.03106e-008	6.84851e-010	3.81552e-011	1.79338e-012	7.1515e-014	2.43269e-015	7.09609e-017	1.78394e-018	3.88386e-020	7.35656e-022	1.21767e-023	1.7687e-025	2.26358e-027	2.56221e-029	2.57454e-031	2.30442e-033	1.8435e-035	1.32226e-037	8.52904e-040	4.96181e-042	2.61056e-044	1.24544e-046	5.40132e-049	2.13455e-051	7.70442e-054	2.54547e-056	7.71835e-059	2.17738e-061	8.1961e-064	
N24	3.66231e-042	4.7267e-040	8.45901e-038	1.37584e-035	1.99884e-033	2.58361e-031	2.96017e-029	2.99482e-027	2.66454e-025	2.07593e-023	1.40988e-021	8.3074e-020	4.22558e-018	1.84568e-016	6.88435e-015	2.18009e-013	5.82552e-012	1.30515e-010	2.43531e-009	3.75832e-008	4.76278e-007	4.91981e-006	4.11143e-005	0.000275871	0.00147511	0.00623986	0.0207372	0.0538029	0.108385	0.168789	0.202594	0.187147	0.133076	0.0729763	0.0309677	0.0102175	0.00263653	0.000535642	8.63027e-005	1.11118e-005	1.1522e-006	9.69682e-008	6.67458e-009	3.78586e-010	1.78238e-011	7.01394e-013	2.32246e-014	6.51223e-016	1.55575e-017	3.18477e-019	5.61723e-021	8.58067e-023	1.14079e-024	1.32617e-026	1.35397e-028	1.21914e-030	9.71967e-033	6.88698e-035	4.35245e-037	2.46169e-039	1.25004e-041	5.71647e-044	2.36107e-046	8.83218e-049	3.00018e-051	9.27767e-054	2.61808e-056	6.75731e-059	1.59893e-061	3.49903e-064	9.90347e-067	
Scirpus_expansus	0	0	0	0	0	0	0	0	0	0	0	0	0	0	0	0	0	0	0	0	0	0	0	0	0	0	0	0	0	0	0	1	0	0	0	0	0	0	0	0	0	0	0	0	0	0	0	0	0	0	0	0	0	0	0	0	0	0	0	0	0	0	0	0	0	0	0	0	0	0	0	
N25	3.79538e-049	9.3804e-047	3.02856e-044	8.86558e-042	2.32714e-039	5.45712e-037	1.13891e-034	2.10695e-032	3.44038e-030	4.93592e-028	6.19198e-026	6.7567e-024	6.37776e-022	5.17655e-020	3.58977e-018	2.11229e-016	1.04682e-014	4.33448e-013	1.48654e-011	4.18323e-010	9.56127e-009	1.75546e-007	2.55819e-006	2.9209e-005	0.000257681	0.00173045	0.00870858	0.0323207	0.0870868	0.167962	0.229337	0.220345	0.148992	0.0713534	0.0244772	0.0061019	0.00112313	0.000155133	1.63364e-005	1.33141e-006	8.51676e-008	4.33208e-009	1.77337e-010	5.90726e-012	1.61765e-013	3.67594e-015	6.99189e-017	1.1221e-018	1.53071e-020	1.7871e-022	1.79704e-024	1.56563e-026	1.18832e-028	7.89801e-031	4.61883e-033	2.38741e-035	1.09531e-037	4.47792e-040	1.63745e-042	5.37444e-045	1.58859e-047	4.24191e-050	1.02628e-052	2.25602e-055	4.51799e-058	8.26359e-061	1.38373e-063	2.12612e-066	3.00423e-069	3.92507e-072	6.32374e-075	
Scirpus_sylvaticus	0	0	0	0	0	0	0	0	0	0	0	0	0	0	0	0	0	0	0	0	0	0	0	0	0	0	0	0	0	0	1	0	0	0	0	0	0	0	0	0	0	0	0	0	0	0	0	0	0	0	0	0	0	0	0	0	0	0	0	0	0	0	0	0	0	0	0	0	0	0	0	
Scirpus_microcarpus	0	0	0	0	0	0	0	0	0	0	0	0	0	0	0	0	0	0	0	0	0	0	0	0	0	0	0	0	0	0	0	1	0	0	0	0	0	0	0	0	0	0	0	0	0	0	0	0	0	0	0	0	0	0	0	0	0	0	0	0	0	0	0	0	0	0	0	0	0	0	0	
Scirpus_maximowiczii	0	0	0	0	0	0	0	0	0	0	0	0	0	0	0	0	0	0	0	0	0	0	0	0	0	0	0	0	0	0	0	1	0	0	0	0	0	0	0	0	0	0	0	0	0	0	0	0	0	0	0	0	0	0	0	0	0	0	0	0	0	0	0	0	0	0	0	0	0	0	0	
N26	8.21189e-039	9.88853e-037	1.63824e-034	2.43239e-032	3.17516e-030	3.62812e-028	3.61466e-026	3.12716e-024	2.3393e-022	1.50646e-020	8.31341e-019	3.9128e-017	1.56296e-015	5.2718e-014	1.49366e-012	3.53593e-011	6.95562e-010	1.13067e-008	1.51033e-007	1.64854e-006	1.46219e-005	0.000104811	0.000603978	0.00278398	0.0102169	0.0297274	0.0683267	0.123684	0.175931	0.196348	0.171828	0.117936	0.0635559	0.0269438	0.00901004	0.0023847	0.000501555	8.42064e-005	1.13411e-005	1.23176e-006	1.08478e-007	7.79013e-009	4.58784e-010	2.22852e-011	8.97918e-013	3.01788e-014	8.50743e-016	2.02235e-017	4.07509e-019	6.99573e-021	1.02816e-022	1.29976e-024	1.4197e-026	1.34572e-028	1.11158e-030	8.03327e-033	5.09884e-035	2.8528e-037	1.41194e-039	6.20254e-042	2.42619e-044	8.47667e-047	2.65308e-049	7.45984e-052	1.88947e-054	4.32223e-057	8.95193e-060	1.68269e-062	2.87754e-065	4.51288e-068	8.86606e-071	
N27	1.24874e-035	7.08882e-034	6.13196e-032	4.9197e-030	3.56226e-028	2.31822e-026	1.35149e-024	7.03455e-023	3.25754e-021	1.3371e-019	4.8458e-018	1.54427e-016	4.30903e-015	1.04806e-013	2.21163e-012	4.02934e-011	6.30587e-010	8.43248e-009	9.58302e-008	9.20363e-007	7.42765e-006	5.00816e-005	0.000280503	0.00129768	0.00493147	0.0153147	0.0386809	0.0791254	0.130635	0.173618	0.185445	0.159099	0.109694	0.060877	0.0272658	0.00989018	0.00291793	0.00070365	0.000139438	2.28354e-005	3.10875e-006	3.53908e-007	3.38917e-008	2.74619e-009	1.89358e-010	1.11726e-011	5.67116e-013	2.48923e-014	9.49446e-016	3.1618e-017	9.23432e-019	2.37542e-020	5.4039e-022	1.09141e-023	1.96419e-025	3.16092e-027	4.56378e-029	5.93053e-031	6.95714e-033	7.38894e-035	7.1242e-037	6.25207e-039	5.0064e-041	3.66666e-043	2.46175e-045	1.51839e-047	8.62155e-050	4.5156e-052	2.18637e-054	9.9137e-057	6.30813e-059	
Scirpus_polystachyus	0	0	0	0	0	0	0	0	0	0	0	0	0	0	0	0	0	0	0	0	0	0	0	0	0	0	0	0	0	1	0	0	0	0	0	0	0	0	0	0	0	0	0	0	0	0	0	0	0	0	0	0	0	0	0	0	0	0	0	0	0	0	0	0	0	0	0	0	0	0	0	
Scirpus_cyperinus	0	0	0	0	0	0	0	0	0	0	0	0	0	0	0	0	0	0	0	0	0	0	0	0	0	0	0	0	0	0	0	0	1	0	0	0	0	0	0	0	0	0	0	0	0	0	0	0	0	0	0	0	0	0	0	0	0	0	0	0	0	0	0	0	0	0	0	0	0	0	0	
N28	1.11736e-035	7.97621e-034	8.38027e-032	8.07523e-030	6.95408e-028	5.3272e-026	3.61664e-024	2.16759e-022	1.14222e-020	5.26939e-019	2.11865e-017	7.38924e-016	2.22449e-014	5.75043e-013	1.26958e-011	2.38042e-010	3.76823e-009	5.00586e-008	5.54591e-007	5.09166e-006	3.84901e-005	0.000238044	0.00119688	0.00486294	0.0158755	0.0414294	0.0860437	0.141718	0.184647	0.190061	0.154538	0.0993688	0.0506448	0.0205276	0.00664513	0.0017266	0.000362084	6.16508e-005	8.57578e-006	9.80769e-007	9.28081e-008	7.31274e-009	4.82782e-010	2.68679e-011	1.2679e-012	5.10231e-014	1.76056e-015	5.23606e-017	1.34896e-018	3.02488e-020	5.93068e-022	1.0211e-023	1.55022e-025	2.08343e-027	2.48799e-029	2.64938e-031	2.52426e-033	2.15881e-035	1.66233e-037	1.15588e-039	7.27785e-042	4.1605e-044	2.1649e-046	1.02785e-048	4.46301e-051	1.77618e-053	6.49271e-056	2.18436e-058	6.77816e-061	1.95936e-063	7.56979e-066	
N29	1.11396e-042	1.74839e-040	3.73489e-038	7.24092e-036	1.25407e-033	1.93216e-031	2.63753e-029	3.17633e-027	3.35923e-025	3.10471e-023	2.49459e-021	1.7328e-019	1.03432e-017	5.2713e-016	2.27779e-014	8.28286e-013	2.51416e-011	6.31443e-010	1.29977e-008	2.17021e-007	2.90655e-006	3.08486e-005	0.000256103	0.00164015	0.00798573	0.0291241	0.0784174	0.153867	0.217808	0.221187	0.161133	0.0846737	0.0324188	0.00916103	0.00193841	0.000311695	3.86459e-005	3.74609e-006	2.87607e-007	1.77018e-008	8.83249e-010	3.6098e-011	1.21997e-012	3.43955e-014	8.1558e-016	1.63874e-017	2.80967e-019	4.13728e-021	5.26385e-023	5.81914e-025	5.61893e-027	4.76231e-029	3.55911e-031	2.35558e-033	1.38625e-035	7.28157e-038	3.42616e-040	1.44897e-042	5.52549e-045	1.9057e-047	5.96149e-050	1.69611e-052	4.40017e-055	1.04345e-057	2.26708e-060	4.52301e-063	8.30367e-066	1.40564e-068	2.19839e-071	3.19569e-074	5.82327e-077	
Eriophorum_virginicum	0	0	0	0	0	0	0	0	0	0	0	0	0	0	0	0	0	0	0	0	0	0	0	0	0	0	0	0	1	0	0	0	0	0	0	0	0	0	0	0	0	0	0	0	0	0	0	0	0	0	0	0	0	0	0	0	0	0	0	0	0	0	0	0	0	0	0	0	0	0	0	
Eriophorum_gracile	0	0	0	0	0	0	0	0	0	0	0	0	0	0	0	0	0	0	0	0	0	0	0	0	0	0	0	0	0	1	0	0	0	0	0	0	0	0	0	0	0	0	0	0	0	0	0	0	0	0	0	0	0	0	0	0	0	0	0	0	0	0	0	0	0	0	0	0	0	0	0	
Eriophorum_angustifolium_subsp_angustifolium	0	0	0	0	0	0	0	0	0	0	0	0	0	0	0	0	0	0	0	0	0	0	0	0	0	0	0	0	1	0	0	0	0	0	0	0	0	0	0	0	0	0	0	0	0	0	0	0	0	0	0	0	0	0	0	0	0	0	0	0	0	0	0	0	0	0	0	0	0	0	0	
Scirpus_radicans	0	0	0	0	0	0	0	0	0	0	0	0	0	0	0	0	0	0	0	0	0	0	0	0	0	0	0	1	0	0	0	0	0	0	0	0	0	0	0	0	0	0	0	0	0	0	0	0	0	0	0	0	0	0	0	0	0	0	0	0	0	0	0	0	0	0	0	0	0	0	0	
Scirpus_divaricatus	0	0	0	0	0	0	0	0	0	0	0	0	0	1	0	0	0	0	0	0	0	0	0	0	0	0	0	0	0	0	0	0	0	0	0	0	0	0	0	0	0	0	0	0	0	0	0	0	0	0	0	0	0	0	0	0	0	0	0	0	0	0	0	0	0	0	0	0	0	0	0	
N30	5.31789e-005	6.63863e-005	9.8959e-005	0.000164986	0.000290921	0.000522197	0.000931953	0.00163077	0.00277493	0.00456906	0.00725756	0.0110994	0.016323	0.0230622	0.0312844	0.0407262	0.0508606	0.0609147	0.0699508	0.0770029	0.0812443	0.0821465	0.0795872	0.0738775	0.0656988	0.0559692	0.0456731	0.0357004	0.0267283	0.0191666	0.013164	0.00865954	0.00545596	0.00329246	0.00190306	0.00105361	0.000558751	0.000283848	0.000138135	6.44017e-005	2.8767e-005	1.23119e-005	5.04917e-006	1.98434e-006	7.474e-007	2.69816e-007	9.3369e-008	3.09744e-008	9.85177e-009	3.0046e-009	8.78755e-010	2.46498e-010	6.63247e-011	1.71203e-011	4.24018e-012	1.00775e-012	2.29876e-013	5.03358e-014	1.05827e-014	2.13684e-015	4.14528e-016	7.72993e-017	1.38676e-017	2.39683e-018	4.00084e-019	6.47859e-020	1.02632e-020	1.61687e-021	2.61921e-022	4.71544e-023	1.25188e-023	
N31	0.0110954	0.0212663	0.0490686	0.100483	0.163694	0.204318	0.192858	0.13758	0.0747335	0.0312988	0.0102578	0.00267218	0.000561778	9.66881e-005	1.38044e-005	1.65467e-006	1.68334e-007	1.46774e-008	1.10659e-009	7.27189e-011	4.19528e-012	2.13879e-013	9.69286e-015	3.9261e-016	1.42839e-017	4.68897e-019	1.39464e-020	3.77287e-022	9.31632e-024	2.10673e-025	4.3761e-027	8.37365e-029	1.47993e-030	2.4218e-032	3.67801e-034	5.1953e-036	6.83939e-038	8.40751e-040	9.66828e-042	1.04185e-043	1.05376e-045	1.00189e-047	8.96765e-050	7.56683e-052	6.02695e-054	4.53706e-056	3.23192e-058	2.18099e-060	1.3958e-062	8.48056e-065	4.89651e-067	2.68922e-069	1.40618e-071	7.00672e-074	3.32976e-076	1.5104e-078	6.54486e-081	2.71127e-083	1.0746e-085	4.07814e-088	1.48315e-090	5.17403e-093	1.73341e-095	5.58587e-098	1.73549e-100	5.21791e-103	1.52722e-105	4.39299e-108	1.25968e-110	3.67121e-113	1.23683e-115	
Carex_pachygyna	0	0	0	0	0	1	0	0	0	0	0	0	0	0	0	0	0	0	0	0	0	0	0	0	0	0	0	0	0	0	0	0	0	0	0	0	0	0	0	0	0	0	0	0	0	0	0	0	0	0	0	0	0	0	0	0	0	0	0	0	0	0	0	0	0	0	0	0	0	0	0	
Carex_siderosticta	0	0	0	0	0	1	0	0	0	0	0	0	0	0	0	0	0	0	0	0	0	0	0	0	0	0	0	0	0	0	0	0	0	0	0	0	0	0	0	0	0	0	0	0	0	0	0	0	0	0	0	0	0	0	0	0	0	0	0	0	0	0	0	0	0	0	0	0	0	0	0	
N32	2.88821e-014	7.51355e-014	2.84467e-013	1.17448e-012	4.86666e-012	1.97546e-011	7.78854e-011	2.97052e-010	1.09314e-009	3.87359e-009	1.31958e-008	4.31558e-008	1.35334e-007	4.0654e-007	1.16884e-006	3.21396e-006	8.44662e-006	2.1205e-005	5.08267e-005	0.000116266	0.000253715	0.000527981	0.00104743	0.00198032	0.00356719	0.00612051	0.0100004	0.0155566	0.0230355	0.0324625	0.0435308	0.0555359	0.0673993	0.0778017	0.085414	0.0891739	0.0885285	0.0835683	0.0750059	0.0640081	0.0519345	0.0400649	0.0293879	0.0204969	0.0135939	0.00857382	0.00514295	0.0029343	0.00159258	0.000822363	0.000404067	0.000188948	8.41019e-005	3.56392e-005	1.43813e-005	5.52725e-006	2.02377e-006	7.06092e-007	2.34813e-007	7.44499e-008	2.25127e-008	6.49499e-009	1.78875e-009	4.7067e-010	1.18522e-010	2.86635e-011	6.71102e-012	1.55037e-012	3.70165e-013	1.02573e-013	4.36299e-014	
Trichophorum_cespitosum	0	0	0	0	0	0	0	0	0	0	0	0	0	0	0	0	0	0	0	0	0	0	0	0	0	0	0	0	0	0	0	0	0	0	0	0	0	0	0	0	0	0	0	0	0	0	0	0	0	0	0	1	0	0	0	0	0	0	0	0	0	0	0	0	0	0	0	0	0	0	0	
Trichophorum_alpinum	0	0	0	0	0	0	0	0	0	0	0	0	0	0	0	0	0	0	0	0	0	0	0	0	0	0	0	0	1	0	0	0	0	0	0	0	0	0	0	0	0	0	0	0	0	0	0	0	0	0	0	0	0	0	0	0	0	0	0	0	0	0	0	0	0	0	0	0	0	0	0	
N33	2.87811e-005	3.87854e-005	6.46138e-005	0.000120498	0.000235241	0.000462532	0.000896078	0.0016885	0.00306979	0.00535643	0.00893799	0.0142266	0.0215607	0.0310694	0.0425272	0.0552488	0.0680824	0.0795412	0.0880702	0.092387	0.0917975	0.0863781	0.0769591	0.0649152	0.0518349	0.0391793	0.0280305	0.0189814	0.0121661	0.00738069	0.00423817	0.00230362	0.00118526	0.000577321	0.000266227	0.00011624	4.80582e-005	1.88164e-005	6.97773e-006	2.45106e-006	8.15668e-007	2.57191e-007	7.68509e-008	2.17651e-008	5.84338e-009	1.48743e-009	3.59051e-010	8.22067e-011	1.78556e-011	3.67997e-012	7.19795e-013	1.33648e-013	2.35612e-014	3.94471e-015	6.27355e-016	9.47971e-017	1.36133e-017	1.85835e-018	2.41208e-019	2.9776e-020	3.49673e-021	3.90744e-022	4.15595e-023	4.20836e-024	4.05834e-025	3.72859e-026	3.26669e-027	2.73986e-028	2.24562e-029	2.01207e-030	3.3231e-031	
N34	0.000337887	0.000430167	0.000643881	0.00104038	0.00172269	0.00284483	0.0046174	0.00730257	0.0111906	0.0165519	0.0235637	0.0322218	0.0422561	0.053082	0.0638153	0.0733686	0.0806231	0.0846405	0.0848621	0.0812353	0.0742294	0.0647339	0.0538711	0.0427764	0.0324077	0.0234243	0.0161528	0.0106265	0.00666956	0.00399374	0.00228168	0.00124378	0.000646952	0.000321124	0.000152118	6.87757e-005	2.96811e-005	1.22282e-005	4.80986e-006	1.80653e-006	6.47972e-007	2.21986e-007	7.26471e-008	2.27143e-008	6.78633e-009	1.93775e-009	5.28887e-010	1.38008e-010	3.44348e-011	8.21724e-012	1.87573e-012	4.09652e-013	8.5614e-014	1.71257e-014	3.27953e-015	6.01352e-016	1.05606e-016	1.77658e-017	2.86361e-018	4.42354e-019	6.55019e-020	9.29968e-021	1.26629e-021	1.65426e-022	2.07461e-023	2.50085e-024	2.90718e-025	3.29023e-026	3.73957e-027	4.78315e-028	1.06006e-028	
N35	0.00744236	0.00832662	0.0101883	0.01315	0.0173495	0.0228833	0.0297427	0.0377527	0.0465314	0.0554866	0.0638624	0.0708326	0.0756301	0.0776814	0.076716	0.0728202	0.0664218	0.0582087	0.0490039	0.0396282	0.0307809	0.0229639	0.0164546	0.0113241	0.00748498	0.00475174	0.00289732	0.00169681	0.000954492	0.000515741	0.000267687	0.000133469	6.3931e-005	2.94204e-005	1.30081e-005	5.52642e-006	2.25613e-006	8.85137e-007	3.33748e-007	1.20956e-007	4.2138e-008	1.41125e-008	4.54419e-009	1.40696e-009	4.18914e-010	1.1996e-010	3.3042e-011	8.75524e-012	2.23201e-012	5.47526e-013	1.29257e-013	2.93697e-014	6.42398e-015	1.35279e-015	2.74307e-016	5.35664e-017	1.00753e-017	1.8256e-018	3.18713e-019	5.36177e-020	8.69366e-021	1.3588e-021	2.04761e-022	2.9756e-023	4.1716e-024	5.6469e-025	7.40032e-026	9.47605e-027	1.22697e-027	1.82844e-028	4.81159e-029	
N36	0.0647721	0.0664218	0.0695359	0.0734016	0.0771217	0.0797766	0.0805895	0.0790607	0.0750444	0.0687558	0.0607091	0.0516061	0.0422029	0.0331861	0.0250829	0.0182172	0.0127104	0.00851783	0.00548171	0.00338733	0.00200955	0.00114445	0.000625628	0.000328262	0.000165306	7.98922e-005	3.70557e-005	1.64944e-005	7.04608e-006	2.88866e-006	1.13657e-006	4.292e-007	1.55565e-007	5.41226e-008	1.80755e-008	5.79541e-009	1.78401e-009	5.2732e-010	1.49679e-010	4.08045e-011	1.06849e-011	2.68782e-012	6.49621e-013	1.50873e-013	3.36758e-014	7.22516e-015	1.49028e-015	2.95563e-016	5.63725e-017	1.03417e-017	1.82518e-018	3.09941e-019	5.06518e-020	7.9677e-021	1.20663e-021	1.75955e-022	2.47114e-023	3.34309e-024	4.35748e-025	5.47327e-026	6.62627e-027	7.73374e-028	8.70362e-029	9.44717e-030	9.89326e-031	1.00026e-031	9.7845e-033	9.33036e-034	8.93078e-035	9.64031e-036	1.84526e-036	
N37	0.120454	0.118385	0.114539	0.108768	0.100992	0.0913141	0.080081	0.0678746	0.055428	0.0434981	0.0327346	0.0235822	0.0162401	0.0106788	0.00669841	0.00400505	0.00228116	0.00123706	0.00063846	0.000313501	0.000146417	6.50287e-005	2.7461e-005	1.10251e-005	4.20807e-006	1.52689e-006	5.26705e-007	1.72737e-007	5.38638e-008	1.59716e-008	4.50396e-009	1.2081e-009	3.08284e-010	7.4854e-011	1.72976e-011	3.80504e-012	7.96955e-013	1.5897e-013	3.02073e-014	5.46939e-015	9.43872e-016	1.55294e-016	2.43661e-017	3.64697e-018	5.20861e-019	7.10043e-020	9.24169e-021	1.14883e-021	1.36435e-022	1.54848e-023	1.68005e-024	1.74308e-025	1.72992e-026	1.64279e-027	1.49323e-028	1.29955e-029	1.08323e-030	8.65062e-032	6.62077e-033	4.8578e-034	3.41805e-035	2.30706e-036	1.49422e-037	9.28937e-039	5.54509e-040	3.17941e-041	1.75229e-042	9.30727e-044	4.83292e-045	2.6828e-046	2.72865e-047	
N38	0.149414	0.144616	0.135766	0.123362	0.108176	0.0912383	0.0737479	0.0569231	0.0418136	0.0291404	0.0192153	0.0119612	0.00701528	0.00387074	0.00200677	0.000976703	0.000445966	0.000190952	7.66512e-005	2.88428e-005	1.0174e-005	3.36458e-006	1.04341e-006	3.03516e-007	8.28453e-008	2.12267e-008	5.1076e-009	1.15471e-009	2.45398e-010	4.90495e-011	9.22568e-012	1.63381e-012	2.72577e-013	4.28658e-014	6.35793e-015	8.89935e-016	1.17623e-016	1.46883e-017	1.73401e-018	1.93636e-019	2.04658e-020	2.04847e-021	1.94286e-022	1.74707e-023	1.49033e-024	1.20672e-025	9.27936e-027	6.78047e-028	4.71051e-029	3.11298e-030	1.95802e-031	1.17278e-032	6.69268e-034	3.64076e-035	1.88891e-036	9.3513e-038	4.41967e-039	1.99515e-040	8.60667e-042	3.54956e-043	1.40021e-044	5.28557e-046	1.91014e-047	6.61158e-049	2.19282e-050	6.97189e-052	2.12601e-053	6.2247e-055	1.76121e-056	5.10845e-058	2.63901e-059	
Fimbristylis_autumnalis	0	0	0	0	1	0	0	0	0	0	0	0	0	0	0	0	0	0	0	0	0	0	0	0	0	0	0	0	0	0	0	0	0	0	0	0	0	0	0	0	0	0	0	0	0	0	0	0	0	0	0	0	0	0	0	0	0	0	0	0	0	0	0	0	0	0	0	0	0	0	0	
Fimbristylis_complanata	0	0	0	0	1	0	0	0	0	0	0	0	0	0	0	0	0	0	0	0	0	0	0	0	0	0	0	0	0	0	0	0	0	0	0	0	0	0	0	0	0	0	0	0	0	0	0	0	0	0	0	0	0	0	0	0	0	0	0	0	0	0	0	0	0	0	0	0	0	0	0	
N39	0.103352	0.116984	0.138653	0.156097	0.155763	0.132651	0.0947558	0.0564343	0.0280238	0.0116402	0.00406453	0.00120014	0.000301555	6.48931e-005	1.20358e-005	1.93581e-006	2.71581e-007	3.34195e-008	3.6261e-009	3.48621e-010	2.98361e-011	2.28286e-012	1.5679e-013	9.70286e-015	5.42946e-016	2.75631e-017	1.27339e-018	5.36934e-020	2.07204e-021	7.33682e-023	2.3895e-024	7.17444e-026	1.99017e-027	5.11092e-029	1.21747e-030	2.69501e-032	5.55347e-034	1.06706e-035	1.91477e-037	3.21365e-039	5.05191e-041	7.44872e-043	1.03144e-044	1.34301e-046	1.64631e-048	1.9021e-050	2.07361e-052	2.13523e-054	2.07889e-056	1.9156e-058	1.67216e-060	1.38401e-062	1.08709e-064	8.11011e-067	5.75137e-069	3.88008e-071	2.49209e-073	1.52496e-075	8.89678e-078	4.95206e-080	2.63152e-082	1.33591e-084	6.48286e-087	3.00915e-089	1.33683e-091	5.68801e-094	2.32039e-096	9.10163e-099	3.47052e-101	1.34712e-103	7.26266e-106	
Fimbristylis_aestivalis	0	0	0	0	1	0	0	0	0	0	0	0	0	0	0	0	0	0	0	0	0	0	0	0	0	0	0	0	0	0	0	0	0	0	0	0	0	0	0	0	0	0	0	0	0	0	0	0	0	0	0	0	0	0	0	0	0	0	0	0	0	0	0	0	0	0	0	0	0	0	0	
Fimbristylis_squarrosa	0	0	0	0	1	0	0	0	0	0	0	0	0	0	0	0	0	0	0	0	0	0	0	0	0	0	0	0	0	0	0	0	0	0	0	0	0	0	0	0	0	0	0	0	0	0	0	0	0	0	0	0	0	0	0	0	0	0	0	0	0	0	0	0	0	0	0	0	0	0	0	
Fimbristylis_ovata	0	0	0	0	1	0	0	0	0	0	0	0	0	0	0	0	0	0	0	0	0	0	0	0	0	0	0	0	0	0	0	0	0	0	0	0	0	0	0	0	0	0	0	0	0	0	0	0	0	0	0	0	0	0	0	0	0	0	0	0	0	0	0	0	0	0	0	0	0	0	0	
N40	0.000632942	0.000871581	0.00140997	0.00237076	0.00394358	0.00638217	0.00998647	0.0150607	0.0218428	0.0304085	0.0405706	0.0518015	0.0632197	0.0736678	0.0818883	0.0867652	0.0875715	0.0841458	0.0769401	0.0669203	0.0553492	0.0435214	0.0325273	0.0231037	0.0155939	0.0100009	0.00609427	0.00352857	0.00194126	0.00101484	0.000504168	0.000238046	0.000106833	4.558e-005	1.84899e-005	7.13283e-006	2.61723e-006	9.13623e-007	3.03481e-007	9.5949e-008	2.88802e-008	8.27798e-009	2.26011e-009	5.87951e-010	1.45774e-010	3.44573e-011	7.76738e-012	1.67031e-012	3.42755e-013	6.71399e-014	1.25582e-014	2.24373e-015	3.83052e-016	6.25078e-017	9.75328e-018	1.45565e-018	2.07876e-019	2.84148e-020	3.71902e-021	4.6624e-022	5.60065e-023	6.4487e-024	7.11984e-025	7.54066e-026	7.66524e-027	7.48576e-028	7.03989e-029	6.422e-030	5.83342e-031	5.88327e-032	1.05425e-032	
Bulbostylis_barbata	0	0	0	0	1	0	0	0	0	0	0	0	0	0	0	0	0	0	0	0	0	0	0	0	0	0	0	0	0	0	0	0	0	0	0	0	0	0	0	0	0	0	0	0	0	0	0	0	0	0	0	0	0	0	0	0	0	0	0	0	0	0	0	0	0	0	0	0	0	0	0	
N41	2.23187e-009	8.4766e-009	3.63181e-008	1.48541e-007	5.73926e-007	2.0891e-006	7.14646e-006	2.29192e-005	6.87479e-005	0.000192446	0.00050171	0.00121585	0.00273441	0.00569833	0.0109888	0.0195866	0.0322342	0.048935	0.0684716	0.0882418	0.104673	0.11422	0.1146	0.105676	0.089528	0.0696615	0.04977	0.0326432	0.0196517	0.0108579	0.00550553	0.00256189	0.00109407	0.000428839	0.000154298	5.09716e-005	1.5463e-005	4.30901e-006	1.10336e-006	2.59703e-007	5.6212e-008	1.11937e-008	2.05173e-009	3.46341e-010	5.38728e-011	7.72645e-012	1.02238e-012	1.24897e-013	1.40963e-014	1.4709e-015	1.42006e-016	1.26943e-017	1.05154e-018	8.07807e-020	5.75974e-021	3.81477e-022	2.34889e-023	1.3457e-024	7.17944e-026	3.56988e-027	1.65578e-028	7.16976e-030	2.90083e-031	1.09753e-032	3.88647e-034	1.28914e-035	4.00937e-037	1.17128e-038	3.23986e-040	9.01107e-042	4.31118e-043	
N42	2.76696e-011	9.48421e-011	4.76015e-010	2.45254e-009	1.20512e-008	5.56625e-008	2.40647e-007	9.71469e-007	3.65428e-006	1.27836e-005	4.15135e-005	0.000124931	0.000347872	0.000894981	0.00212467	0.00464882	0.00936497	0.0173527	0.0295494	0.046208	0.0663083	0.0872635	0.105261	0.116323	0.117716	0.109047	0.0924423	0.0716948	0.0508601	0.0329969	0.0195763	0.0106201	0.00526834	0.00238994	0.000991552	0.000376297	0.000130655	4.15158e-005	1.20762e-005	3.21688e-006	7.85064e-007	1.75605e-007	3.60207e-008	6.77931e-009	1.17136e-009	1.85925e-010	2.71279e-011	3.64105e-012	4.49866e-013	5.12053e-014	5.37352e-015	5.20312e-016	4.65253e-017	3.84502e-018	2.93944e-019	2.08048e-020	1.36451e-021	8.30024e-023	4.68697e-024	2.45906e-025	1.19981e-026	5.44892e-028	2.30543e-029	9.09551e-031	3.34911e-032	1.1521e-033	3.70787e-035	1.12052e-036	3.22908e-038	9.6025e-040	4.67099e-041	
Bulbostylis_juncoides	0	0	0	0	0	0	0	0	0	0	0	0	0	0	0	0	0	0	0	0	0	0	0	0	0	0	0	0	0	0	0	0	0	0	0	0	0	0	0	0	0	1	0	0	0	0	0	0	0	0	0	0	0	0	0	0	0	0	0	0	0	0	0	0	0	0	0	0	0	0	0	
Bulbostylis_densa	0	0	0	0	0	0	0	0	0	0	0	0	0	0	0	0	0	0	0	0	0	0	0	0	0	0	0	0	0	0	0	1	0	0	0	0	0	0	0	0	0	0	0	0	0	0	0	0	0	0	0	0	0	0	0	0	0	0	0	0	0	0	0	0	0	0	0	0	0	0	0	
Bulbostylis_hispidula	0	0	0	0	1	0	0	0	0	0	0	0	0	0	0	0	0	0	0	0	0	0	0	0	0	0	0	0	0	0	0	0	0	0	0	0	0	0	0	0	0	0	0	0	0	0	0	0	0	0	0	0	0	0	0	0	0	0	0	0	0	0	0	0	0	0	0	0	0	0	0	
N43	0.000290416	0.000343565	0.000465945	0.00069104	0.00107616	0.00170951	0.00271683	0.00426459	0.00655536	0.00981091	0.0142398	0.0199897	0.0270894	0.0353928	0.04454	0.0539534	0.0628804	0.070484	0.0759689	0.0787176	0.0784046	0.075059	0.0690602	0.0610657	0.0518921	0.0423775	0.0332586	0.0250849	0.0181834	0.0126679	0.00848255	0.00545961	0.00337783	0.00200903	0.00114879	0.000631587	0.000333893	0.000169747	8.29975e-005	3.90336e-005	1.76593e-005	7.68629e-006	3.21903e-006	1.29733e-006	5.03211e-007	1.87881e-007	6.75313e-008	2.33712e-008	7.78882e-009	2.50001e-009	7.72959e-010	2.30241e-010	6.60826e-011	1.82785e-011	4.87318e-012	1.25249e-012	3.10388e-013	7.41784e-014	1.70993e-014	3.80281e-015	8.16157e-016	1.69101e-016	3.38431e-017	6.54879e-018	1.2274e-018	2.23586e-019	3.98672e-020	7.06666e-021	1.29202e-021	2.69805e-022	8.85725e-023	
Eleocharis_dulcis	0	0	0	0	0	0	0	0	0	0	0	0	0	0	0	0	0	0	0	0	0	0	0	0	0	0	0	0	0	0	0	0	0	0	0	0	0	1	0	0	0	0	0	0	0	0	0	0	0	0	0	0	0	0	0	0	0	0	0	0	0	0	0	0	0	0	0	0	0	0	0	
N44	0.00109839	0.00132808	0.00186848	0.00288483	0.004642	0.00750591	0.0119159	0.0183097	0.026992	0.0379639	0.0507572	0.0643486	0.0772217	0.0876107	0.0938853	0.0949668	0.0906293	0.081571	0.0692258	0.0553853	0.0417713	0.0296963	0.0199009	0.0125723	0.00748803	0.00420513	0.00222698	0.00111237	0.000524159	0.000233049	9.77907e-005	3.87366e-005	1.44886e-005	5.11838e-006	1.70828e-006	5.38803e-007	1.60649e-007	4.52935e-008	1.20793e-008	3.04816e-009	7.28057e-010	1.64654e-010	3.52702e-011	7.15851e-012	1.37711e-012	2.5119e-013	4.3459e-014	7.1344e-015	1.11172e-015	1.64494e-016	2.31198e-017	3.08787e-018	3.92044e-019	4.7334e-020	5.43671e-021	5.94273e-022	6.18421e-023	6.12904e-024	5.78724e-025	5.20814e-026	4.46878e-027	3.65724e-028	2.85592e-029	2.12892e-030	1.51585e-031	1.03205e-032	6.73563e-034	4.24372e-035	2.63977e-036	1.77021e-037	2.03028e-038	
N45	0.00016135	0.000227462	0.000396979	0.000758789	0.00148324	0.0028607	0.0053342	0.00949699	0.0160166	0.0254557	0.037998	0.0531522	0.0695688	0.0851126	0.0972645	0.103773	0.103334	0.0960138	0.0832345	0.0673177	0.050794	0.0357586	0.0234898	0.0144004	0.00824038	0.00440252	0.00219659	0.00102382	0.000445927	0.000181564	6.91336e-005	2.46276e-005	8.21139e-006	2.56375e-006	7.49904e-007	2.05601e-007	5.28635e-008	1.27535e-008	2.88858e-009	6.14554e-010	1.22886e-010	2.3108e-011	4.08878e-012	6.81162e-013	1.06903e-013	1.58152e-014	2.20679e-015	2.90611e-016	3.61401e-017	4.24672e-018	4.71807e-019	4.95886e-020	4.9336e-021	4.64909e-022	4.15193e-023	3.51611e-024	2.82525e-025	2.15518e-026	1.56166e-027	1.0755e-028	7.0437e-030	4.38927e-031	2.60389e-032	1.47138e-033	7.9237e-035	4.06887e-036	1.9937e-037	9.33862e-039	4.2267e-040	2.00337e-041	1.74055e-042	
Eleocharis_uniglumis	0	0	0	0	0	0	0	0	0	0	0	0	0	0	0	0	0	0	0	0	0	0	0	1	0	0	0	0	0	0	0	0	0	0	0	0	0	0	0	0	0	0	0	0	0	0	0	0	0	0	0	0	0	0	0	0	0	0	0	0	0	0	0	0	0	0	0	0	0	0	0	
Eleocharis_acicularis	0	0	0	0	0	0	0	0	0	1	0	0	0	0	0	0	0	0	0	0	0	0	0	0	0	0	0	0	0	0	0	0	0	0	0	0	0	0	0	0	0	0	0	0	0	0	0	0	0	0	0	0	0	0	0	0	0	0	0	0	0	0	0	0	0	0	0	0	0	0	0	
N46	0.0048322	0.00574162	0.00775102	0.0111975	0.0165273	0.0241804	0.0344022	0.047008	0.0611816	0.0754191	0.087715	0.0959937	0.0986732	0.0951498	0.0860031	0.0728264	0.0577558	0.0428906	0.029824	0.0194187	0.0118405	0.00676202	0.00361765	0.0018135	0.000852038	0.000375298	0.000155025	6.00723e-005	2.18448e-005	7.45719e-006	2.39069e-006	7.20042e-007	2.03824e-007	5.42497e-008	1.3582e-008	3.19997e-009	7.09797e-010	1.48294e-010	2.91951e-011	5.41872e-012	9.48601e-013	1.56702e-013	2.44387e-014	3.59995e-015	5.0112e-016	6.59508e-017	8.20997e-018	9.67198e-019	1.07883e-019	1.13988e-020	1.14142e-021	1.08373e-022	9.76103e-024	8.344e-025	6.77274e-026	5.22241e-027	3.82735e-028	2.66717e-029	1.7682e-030	1.11567e-031	6.703e-033	3.83642e-034	2.09268e-035	1.08841e-036	5.39998e-038	2.55681e-039	1.156e-040	4.99833e-042	2.08643e-043	9.07194e-045	7.21692e-046	
N47	0.00665066	0.00894304	0.0145535	0.0252595	0.0428069	0.0673739	0.0959104	0.121795	0.136973	0.135921	0.11881	0.0914441	0.061997	0.037062	0.0195636	0.00913467	0.0037803	0.00138963	0.000454791	0.000132834	3.471e-005	8.13432e-006	1.71389e-006	3.25461e-007	5.58368e-008	8.67503e-009	1.22335e-009	1.56942e-010	1.83558e-011	1.96144e-012	1.91878e-013	1.72178e-014	1.41989e-015	1.07809e-016	7.5499e-018	4.88482e-019	2.92474e-020	1.62308e-021	8.36118e-023	4.00407e-024	1.78506e-025	7.41843e-027	2.8777e-028	1.04328e-029	3.53925e-031	1.12482e-032	3.35283e-034	9.38364e-036	2.46846e-037	6.1097e-039	1.42425e-040	3.12998e-042	6.49073e-044	1.27126e-045	2.35365e-047	4.12277e-049	6.83808e-051	1.0748e-052	1.60215e-054	2.2667e-056	3.04592e-058	3.89036e-060	4.72619e-062	5.46484e-064	6.01835e-066	6.31687e-068	6.32398e-070	6.04809e-072	5.56231e-074	5.12829e-076	7.26534e-078	
Eleocharis_mamillata_subsp_mamillata	0	0	0	0	0	0	0	1	0	0	0	0	0	0	0	0	0	0	0	0	0	0	0	0	0	0	0	0	0	0	0	0	0	0	0	0	0	0	0	0	0	0	0	0	0	0	0	0	0	0	0	0	0	0	0	0	0	0	0	0	0	0	0	0	0	0	0	0	0	0	0	
Eleocharis_compressa_var_compressa	0	0	0	0	0	0	0	0	1	0	0	0	0	0	0	0	0	0	0	0	0	0	0	0	0	0	0	0	0	0	0	0	0	0	0	0	0	0	0	0	0	0	0	0	0	0	0	0	0	0	0	0	0	0	0	0	0	0	0	0	0	0	0	0	0	0	0	0	0	0	0	
Eleocharis_flavescens_var_olivacea	0	0	0	0	0	0	0	0	0	1	0	0	0	0	0	0	0	0	0	0	0	0	0	0	0	0	0	0	0	0	0	0	0	0	0	0	0	0	0	0	0	0	0	0	0	0	0	0	0	0	0	0	0	0	0	0	0	0	0	0	0	0	0	0	0	0	0	0	0	0	0	
N48	1.47199e-006	2.16856e-006	4.104e-006	8.76505e-006	1.96312e-005	4.43482e-005	9.88413e-005	0.000214447	0.000449132	0.000903159	0.00173764	0.00319107	0.0055846	0.00930312	0.0147395	0.0221965	0.0317556	0.0431448	0.0556514	0.068133	0.0791568	0.0872568	0.0912511	0.0905239	0.0851813	0.076026	0.0643585	0.0516743	0.0393525	0.0284259	0.019477	0.0126596	0.00780627	0.00456703	0.00253534	0.00133568	0.000667863	0.000316998	0.000142848	6.11247e-005	2.48403e-005	9.58909e-006	3.51692e-006	1.22575e-006	4.0606e-007	1.27886e-007	3.83e-008	1.09099e-008	2.95667e-009	7.62515e-010	1.87186e-010	4.37517e-011	9.73945e-012	2.06547e-012	4.17427e-013	8.04193e-014	1.47745e-014	2.58944e-015	4.33155e-016	6.91931e-017	1.05626e-017	1.54229e-018	2.15678e-019	2.89379e-020	3.7347e-021	4.6532e-022	5.62576e-023	6.64968e-024	7.79942e-025	9.66362e-026	1.85828e-026	
N49	3.4888e-007	5.75457e-007	1.25075e-006	3.02049e-006	7.50524e-006	1.85449e-005	4.47879e-005	0.000104678	0.000235267	0.000506275	0.00103986	0.00203379	0.00378101	0.00667229	0.0111644	0.0176974	0.0265586	0.0377121	0.0506459	0.0643046	0.0771705	0.087513	0.0937625	0.0948988	0.090724	0.0819185	0.0698586	0.0562634	0.0427957	0.0307433	0.020859	0.0133677	0.00809218	0.00462767	0.0025003	0.00127645	0.000615825	0.00028081	0.000121043	4.93303e-005	1.90113e-005	6.92973e-006	2.38957e-006	7.79671e-007	2.40764e-007	7.03818e-008	1.94815e-008	5.10729e-009	1.26845e-009	2.98532e-010	6.65977e-011	1.40865e-011	2.82583e-012	5.37795e-013	9.71284e-014	1.66521e-014	2.71095e-015	4.19223e-016	6.16008e-017	8.60406e-018	1.1428e-018	1.44411e-019	1.73729e-020	1.99158e-021	2.17909e-022	2.28219e-023	2.30039e-024	2.25591e-025	2.20535e-026	2.32808e-027	3.98447e-028	
N50	4.37721e-008	7.85753e-008	1.91903e-007	5.25621e-007	1.48614e-006	4.17844e-006	1.14572e-005	3.02939e-005	7.66931e-005	0.000185017	0.000423898	0.000920086	0.00188844	0.00365987	0.00668999	0.011524	0.0186936	0.02854	0.0409913	0.0553669	0.070308	0.0839179	0.0941284	0.0992065	0.0982349	0.0913826	0.0798563	0.0655526	0.0505476	0.0366139	0.0249137	0.0159256	0.00956415	0.00539661	0.00286126	0.00142562	0.000667587	0.000293852	0.000121598	4.73114e-005	1.7311e-005	5.95762e-006	1.92885e-006	5.87602e-007	1.68469e-007	4.54677e-008	1.1554e-008	2.76508e-009	6.23358e-010	1.32413e-010	2.65096e-011	5.00345e-012	8.9053e-013	1.49508e-013	2.36832e-014	3.54085e-015	4.99797e-016	6.66243e-017	8.38997e-018	9.98424e-019	1.12316e-019	1.19478e-020	1.20234e-021	1.14518e-022	1.03311e-023	8.84025e-025	7.19872e-026	5.62731e-027	4.33567e-028	3.63614e-029	5.3124e-030	
N51	2.20546e-008	3.73647e-008	8.85693e-008	2.45645e-007	7.2034e-007	2.12071e-006	6.10254e-006	1.69183e-005	4.48187e-005	0.000112891	0.000269502	0.000608437	0.00129697	0.00260728	0.00493846	0.00880697	0.0147789	0.0233258	0.0346135	0.0482765	0.06327	0.0779016	0.0900973	0.0978678	0.0998368	0.0956391	0.0860313	0.0726683	0.0576371	0.0429276	0.0300238	0.0197203	0.0121649	0.00704844	0.00383626	0.00196157	0.000942405	0.000425472	0.000180539	7.20132e-005	2.70066e-005	9.52422e-006	3.1592e-006	9.85838e-007	2.89475e-007	8.00012e-008	2.08145e-008	5.09949e-009	1.17678e-009	2.55849e-010	5.24222e-011	1.01254e-011	1.84415e-012	3.16813e-013	5.13522e-014	7.856e-015	1.13466e-015	1.54772e-016	1.99446e-017	2.42893e-018	2.79655e-019	3.04527e-020	3.13803e-021	3.06225e-022	2.83351e-023	2.49198e-024	2.09327e-025	1.69734e-026	1.36273e-027	1.17479e-028	1.6394e-029	
N52	1.83214e-009	3.07808e-009	7.19963e-009	1.95644e-008	5.58598e-008	1.59805e-007	4.48017e-007	1.21762e-006	3.19021e-006	8.03353e-006	1.941e-005	4.49502e-005	9.97102e-005	0.000211768	0.000430482	0.00083738	0.00155839	0.00277427	0.00472364	0.00769138	0.0119752	0.0178268	0.0253705	0.0345161	0.0448868	0.0557948	0.0662867	0.0752661	0.081677	0.084707	0.0839564	0.079525	0.0719904	0.0622836	0.0515011	0.0407023	0.0307471	0.0222023	0.015326	0.0101143	0.0063819	0.00385052	0.00222171	0.00122604	0.000647181	0.000326817	0.000157908	7.30109e-005	3.23088e-005	1.36859e-005	5.55037e-006	2.15545e-006	8.01683e-007	2.85625e-007	9.74997e-008	3.1894e-008	1.00001e-008	3.00591e-009	8.66405e-010	2.39517e-010	6.35223e-011	1.61662e-011	3.94945e-012	9.26714e-013	2.09073e-013	4.54622e-014	9.58761e-015	1.99432e-015	4.28825e-016	1.08449e-016	4.39508e-017	
N53	3.20274e-023	6.52687e-022	1.84827e-020	5.11679e-019	1.32225e-017	3.11919e-016	6.62666e-015	1.25654e-013	2.11234e-012	3.13022e-011	4.06717e-010	4.60962e-009	4.53374e-008	3.84999e-007	2.80882e-006	1.75231e-005	9.30783e-005	0.000419383	0.00159799	0.00513779	0.0139204	0.0317705	0.0611085	0.0991773	0.136066	0.158161	0.156162	0.131329	0.0943329	0.0580339	0.0306606	0.0139471	0.00547603	0.00186022	0.000547998	0.000140312	3.12956e-005	6.09438e-006	1.03857e-006	1.55253e-007	2.04084e-008	2.36511e-009	2.4228e-010	2.19981e-011	1.77525e-012	1.27693e-013	8.20988e-015	4.73147e-016	2.45112e-017	1.14458e-018	4.83073e-020	1.84764e-021	6.42062e-023	2.03222e-024	5.87278e-026	1.55311e-027	3.76718e-029	8.39876e-031	1.72463e-032	3.26824e-034	5.7267e-036	9.29546e-038	1.40029e-039	1.96147e-041	2.56059e-043	3.12483e-045	3.58325e-047	3.89979e-049	4.11384e-051	4.42551e-053	6.46411e-055	
Schoenoplectus_pungens	0	0	0	0	0	0	0	0	0	0	0	0	0	0	0	0	0	0	0	0	0	0	0	0	0	0	0	0	0	0	0	0	0	0	0	0	0	0	1	0	0	0	0	0	0	0	0	0	0	0	0	0	0	0	0	0	0	0	0	0	0	0	0	0	0	0	0	0	0	0	0	
N54	2.40471e-025	1.08064e-023	7.22354e-022	4.361e-020	2.28187e-018	1.02577e-016	3.9368e-015	1.28189e-013	3.51836e-012	8.08474e-011	1.54443e-009	2.43504e-008	3.14548e-007	3.30463e-006	2.80351e-005	0.000190755	0.00103459	0.00444921	0.0151088	0.0404025	0.0849727	0.140596	0.183336	0.188984	0.154619	0.100891	0.0527841	0.0222661	0.00761639	0.00212459	0.000485988	9.16487e-005	1.43222e-005	1.86387e-006	2.02949e-007	1.85727e-008	1.4347e-009	9.3939e-011	5.23454e-012	2.49203e-013	1.01746e-014	3.57594e-016	1.08579e-017	2.85849e-019	6.54757e-021	1.30939e-022	2.29384e-024	3.53176e-026	4.79459e-028	5.75711e-030	6.13309e-032	5.81386e-034	4.91828e-036	3.72338e-038	2.52936e-040	1.54586e-042	8.52146e-045	4.24715e-047	1.91842e-049	7.87112e-052	2.93985e-054	1.00167e-056	3.1197e-059	8.89912e-062	2.32942e-064	5.6055e-067	1.24232e-069	2.54037e-072	4.80405e-075	8.51026e-078	1.97515e-080	
Schoenoplectus_acutus_var_acutus	0	0	0	0	0	0	0	0	0	0	0	0	0	0	0	0	0	0	1	0	0	0	0	0	0	0	0	0	0	0	0	0	0	0	0	0	0	0	0	0	0	0	0	0	0	0	0	0	0	0	0	0	0	0	0	0	0	0	0	0	0	0	0	0	0	0	0	0	0	0	0	
N55	4.58892e-025	2.4796e-023	1.94895e-021	1.35745e-019	8.09941e-018	4.10656e-016	1.75683e-014	6.29475e-013	1.87408e-011	4.59738e-010	9.2105e-009	1.49297e-007	1.93906e-006	1.99782e-005	0.000161647	0.00101701	0.00492917	0.0182513	0.0512793	0.108806	0.173944	0.209555	0.190747	0.131808	0.0695838	0.028275	0.00891595	0.00220033	0.00042862	6.64633e-005	8.27131e-006	8.32683e-007	6.83256e-008	4.6028e-009	2.56322e-010	1.18774e-011	4.60832e-013	1.50602e-014	4.16917e-016	9.82993e-018	1.98416e-019	3.44564e-021	5.17227e-023	6.74171e-025	7.66322e-027	7.6278e-029	6.67502e-031	5.15483e-033	3.52582e-035	2.14337e-037	1.1619e-039	5.63452e-042	2.45181e-044	9.60127e-047	3.39309e-049	1.08506e-051	3.14787e-054	8.30534e-057	1.99756e-059	4.38965e-062	8.83263e-065	1.63075e-067	2.76816e-070	4.3285e-073	6.24638e-076	8.33369e-079	1.02969e-081	1.18017e-084	1.25677e-087	1.24854e-090	1.50984e-093	
Schoenoplectus_lacustris	0	0	0	0	0	0	0	0	0	0	0	0	0	0	0	0	0	0	0	0	1	0	0	0	0	0	0	0	0	0	0	0	0	0	0	0	0	0	0	0	0	0	0	0	0	0	0	0	0	0	0	0	0	0	0	0	0	0	0	0	0	0	0	0	0	0	0	0	0	0	0	
Schoenoplectus_heterochaetus	0	0	0	0	0	0	0	0	0	0	0	0	0	0	0	0	0	0	1	0	0	0	0	0	0	0	0	0	0	0	0	0	0	0	0	0	0	0	0	0	0	0	0	0	0	0	0	0	0	0	0	0	0	0	0	0	0	0	0	0	0	0	0	0	0	0	0	0	0	0	0	
Actinoscirpus_grossus	0	0	0	0	0	0	0	0	0	0	0	0	0	0	0	0	0	0	0	0	0	0	0	0	0	0	0	0	0	0	0	0	0	0	0	0	0	0	0	0	1	0	0	0	0	0	0	0	0	0	0	0	0	0	0	0	0	0	0	0	0	0	0	0	0	0	0	0	0	0	0	
N56	5.47136e-010	1.13505e-009	3.597e-009	1.33313e-008	5.06699e-008	1.87256e-007	6.59169e-007	2.19242e-006	6.86662e-006	2.0219e-005	5.59223e-005	0.0001452	0.000353765	0.000808475	0.00173255	0.00348061	0.0065534	0.0115617	0.0191092	0.0295835	0.0428924	0.0582343	0.0740286	0.088106	0.0981675	0.102392	0.0999749	0.091377	0.0781827	0.0626216	0.046957	0.032966	0.0216701	0.0133391	0.00768987	0.00415235	0.00210048	0.000995561	0.000442202	0.000184104	7.18608e-005	2.63029e-005	9.03033e-006	2.90874e-006	8.79274e-007	2.49507e-007	6.64828e-008	1.66393e-008	3.91288e-009	8.64843e-010	1.79722e-010	3.51267e-011	6.45952e-012	1.11801e-012	1.82195e-013	2.7966e-014	4.0448e-015	5.51448e-016	7.08961e-017	8.59853e-018	9.84205e-019	1.06361e-019	1.08566e-020	1.04713e-021	9.54743e-023	8.23326e-024	6.72116e-025	5.21124e-026	3.90769e-027	3.15235e-028	4.68014e-029	
N57	2.25084e-010	5.13046e-010	1.71457e-009	6.35718e-009	2.37014e-008	8.59527e-008	2.99117e-007	9.9193e-007	3.12124e-006	9.29305e-006	2.61299e-005	6.92912e-005	0.000173126	0.000407275	0.000901618	0.00187756	0.00367672	0.00676883	0.0117127	0.0190467	0.0291028	0.0417781	0.0563403	0.0713693	0.0849181	0.0949003	0.0996103	0.0981992	0.0909254	0.0790767	0.0645981	0.0495709	0.035736	0.0242047	0.0154049	0.00921377	0.00517967	0.0027373	0.00136011	0.000635539	0.000279328	0.000115501	4.49424e-005	1.64601e-005	5.67578e-006	1.84311e-006	5.63811e-007	1.62515e-007	4.41534e-008	1.13104e-008	2.73259e-009	6.22866e-010	1.33993e-010	2.72137e-011	5.2199e-012	9.45934e-013	1.6201e-013	2.6234e-014	4.01788e-015	5.82246e-016	7.98669e-017	1.03744e-017	1.27672e-018	1.48941e-019	1.64839e-020	1.73331e-021	1.73737e-022	1.67468e-023	1.59532e-024	1.66547e-025	2.99417e-026	
N58	3.4171e-011	7.33078e-011	2.46738e-010	9.81651e-010	4.01569e-009	1.59968e-008	6.08363e-008	2.19252e-007	7.46569e-007	2.39842e-006	7.26359e-006	2.07257e-005	5.56941e-005	0.000140897	0.000335473	0.000751566	0.00158392	0.00313959	0.00585212	0.0102564	0.016899	0.0261742	0.038106	0.052143	0.0670601	0.0810566	0.0920802	0.0983114	0.0986543	0.0930517	0.0825008	0.0687629	0.0538836	0.0397024	0.0275101	0.0179287	0.0109916	0.00634016	0.00344157	0.0017584	0.000845825	0.000383131	0.000163465	6.57086e-005	2.4892e-005	8.88913e-006	2.99327e-006	9.50711e-007	2.84907e-007	8.05841e-008	2.15193e-008	5.42734e-009	1.29323e-009	2.91244e-010	6.2014e-011	1.24896e-011	2.38023e-012	4.29444e-013	7.33911e-014	1.18879e-014	1.82653e-015	2.66471e-016	3.69625e-017	4.88398e-018	6.16351e-019	7.45645e-020	8.69219e-021	9.83636e-022	1.09585e-022	1.27478e-023	2.27529e-024	
Scirpus_ficinioides	0	0	0	0	0	0	0	0	0	0	0	0	0	0	0	0	0	0	0	0	0	0	0	0	0	0	0	0	0	0	0	0	0	0	0	0	0	0	0	0	0	0	0	0	0	0	0	0	0	0	0	1	0	0	0	0	0	0	0	0	0	0	0	0	0	0	0	0	0	0	0	
N59	1.04513e-010	2.53652e-010	9.9226e-010	4.49122e-009	2.03756e-008	8.81569e-008	3.57838e-007	1.35507e-006	4.77683e-006	1.56596e-005	4.77106e-005	0.000135035	0.000354906	0.000865914	0.00196067	0.00411902	0.00802678	0.0145064	0.0243096	0.0377683	0.0543951	0.0726164	0.0898511	0.103041	0.109519	0.107887	0.0985073	0.0833714	0.065412	0.0475819	0.0320949	0.0200776	0.0116509	0.00627293	0.0031344	0.00145386	0.00062619	0.000250515	9.31218e-005	3.21742e-005	1.03363e-005	3.08877e-006	8.58906e-007	2.22343e-007	5.36054e-008	1.20418e-008	2.52155e-009	4.92427e-010	8.97271e-011	1.52624e-011	2.42468e-012	3.59948e-013	4.99575e-014	6.48578e-015	7.88048e-016	8.96608e-017	9.55749e-018	9.55016e-019	8.95029e-020	7.87156e-021	6.50007e-022	5.04251e-023	3.67694e-024	2.52161e-025	1.62733e-026	9.88953e-028	5.66633e-029	3.07194e-030	1.60106e-031	8.74855e-033	8.42792e-034	
N60	5.25968e-010	1.26186e-009	4.6147e-009	1.90421e-008	7.88407e-008	3.13521e-007	1.17663e-006	4.13556e-006	1.35635e-005	4.14316e-005	0.000117745	0.000311102	0.000763823	0.00174197	0.00368892	0.00725186	0.0132307	0.0223977	0.0351751	0.0512402	0.0692273	0.0867351	0.100771	0.108565	0.108456	0.100471	0.0863136	0.0687709	0.0508242	0.0348449	0.022166	0.013086	0.00717119	0.00364886	0.00172435	0.000757056	0.000308894	0.000117172	4.13365e-005	1.35678e-005	4.14508e-006	1.17921e-006	3.12523e-007	7.71981e-008	1.77818e-008	3.82125e-009	7.66509e-010	1.43595e-010	2.51363e-011	4.1138e-012	6.29798e-013	9.02448e-014	1.21102e-014	1.52279e-015	1.7953e-016	1.98564e-017	2.06149e-018	2.01021e-019	1.84219e-020	1.58752e-021	1.28723e-022	9.82661e-024	7.06678e-025	4.79041e-026	3.06291e-027	1.8486e-028	1.05462e-029	5.70957e-031	2.98166e-032	1.63596e-033	1.58096e-034	
Isolepis_crassiuscula	0	0	0	0	0	0	0	0	0	0	0	0	0	0	0	0	0	0	0	0	0	0	0	0	0	0	0	0	0	0	0	1	0	0	0	0	0	0	0	0	0	0	0	0	0	0	0	0	0	0	0	0	0	0	0	0	0	0	0	0	0	0	0	0	0	0	0	0	0	0	0	
N61	1.877e-007	4.28004e-007	1.5147e-006	6.03289e-006	2.34277e-005	8.43021e-005	0.000276286	0.000819518	0.00219397	0.00529264	0.0114917	0.0224373	0.0393662	0.0620308	0.0877544	0.111438	0.12703	0.13001	0.11951	0.0987258	0.0733432	0.0490415	0.0295441	0.0160531	0.00787679	0.00349464	0.0014038	0.0005113	0.000169099	5.08564e-005	1.39298e-005	3.4801e-006	7.94235e-007	1.65832e-007	3.17252e-008	5.56926e-009	8.98432e-010	1.33381e-010	1.82488e-011	2.30416e-012	2.68855e-013	2.90288e-014	2.90409e-015	2.69533e-016	2.32366e-017	1.86301e-018	1.39077e-019	9.67816e-021	6.28509e-022	3.81318e-023	2.16362e-024	1.14933e-025	5.72165e-027	2.67199e-028	1.17166e-029	4.82876e-031	1.8721e-032	6.83391e-034	2.35092e-035	7.62781e-037	2.33624e-038	6.75995e-040	1.84935e-041	4.7872e-043	1.17345e-044	2.72593e-046	6.00739e-048	1.25899e-049	2.53368e-051	5.17645e-053	1.73488e-054	
Ficinia_spiralis	0	0	0	0	0	0	0	0	0	0	0	0	0	0	1	0	0	0	0	0	0	0	0	0	0	0	0	0	0	0	0	0	0	0	0	0	0	0	0	0	0	0	0	0	0	0	0	0	0	0	0	0	0	0	0	0	0	0	0	0	0	0	0	0	0	0	0	0	0	0	0	
Ficinia_nodosa	0	0	0	0	0	0	0	0	0	0	0	0	0	0	1	0	0	0	0	0	0	0	0	0	0	0	0	0	0	0	0	0	0	0	0	0	0	0	0	0	0	0	0	0	0	0	0	0	0	0	0	0	0	0	0	0	0	0	0	0	0	0	0	0	0	0	0	0	0	0	0	
N62	1.27604e-009	2.87007e-009	9.72806e-009	3.72171e-008	1.43217e-007	5.31642e-007	1.87204e-006	6.20454e-006	1.9278e-005	5.60264e-005	0.000152092	0.000385314	0.000910405	0.00200519	0.00411533	0.0078675	0.0140064	0.0232149	0.0358151	0.0514213	0.0686964	0.0853863	0.0987344	0.106207	0.106274	0.0989229	0.0856605	0.0690095	0.0517281	0.0360819	0.0234246	0.0141564	0.00796591	0.00417469	0.00203817	0.000927295	0.000393279	0.00015554	5.73865e-005	1.97595e-005	6.35224e-006	1.90746e-006	5.35258e-007	1.40429e-007	3.44634e-008	7.91565e-009	1.70244e-009	3.43043e-010	6.47974e-011	1.148e-011	1.90876e-012	2.98013e-013	4.37171e-014	6.02913e-015	7.82177e-016	9.55131e-017	1.09848e-017	1.19056e-018	1.21677e-019	1.17334e-020	1.06822e-021	9.18724e-023	7.46889e-024	5.74297e-025	4.1792e-026	2.88017e-027	1.88172e-028	1.16903e-029	7.01305e-031	4.46319e-032	5.18447e-033	
Isolepis_prolifera	0	0	0	0	0	0	0	0	0	0	0	0	0	0	0	0	0	0	0	0	0	0	0	0	0	0	0	0	0	0	0	0	1	0	0	0	0	0	0	0	0	0	0	0	0	0	0	0	0	0	0	0	0	0	0	0	0	0	0	0	0	0	0	0	0	0	0	0	0	0	0	
Isolepis_setacea	0	0	0	0	0	0	0	0	0	0	0	0	0	1	0	0	0	0	0	0	0	0	0	0	0	0	0	0	0	0	0	0	0	0	0	0	0	0	0	0	0	0	0	0	0	0	0	0	0	0	0	0	0	0	0	0	0	0	0	0	0	0	0	0	0	0	0	0	0	0	0	
Scirpoides_holoschoenus	0	0	0	0	0	0	0	0	0	0	0	0	0	0	0	0	0	0	0	0	1	0	0	0	0	0	0	0	0	0	0	0	0	0	0	0	0	0	0	0	0	0	0	0	0	0	0	0	0	0	0	0	0	0	0	0	0	0	0	0	0	0	0	0	0	0	0	0	0	0	0	
N63	1.98434e-010	4.63343e-010	1.64478e-009	6.66797e-009	2.74281e-008	1.09202e-007	4.12741e-007	1.46871e-006	4.90203e-006	1.53178e-005	4.47656e-005	0.000122271	0.000311969	0.00074323	0.00165272	0.00342919	0.00663695	0.0119787	0.0201558	0.0316113	0.0462003	0.0629115	0.0798045	0.0942932	0.103763	0.106335	0.101475	0.0901741	0.0746173	0.0574969	0.0412591	0.0275739	0.0171644	0.00995324	0.00537746	0.00270735	0.00127045	0.000555799	0.000226744	8.62841e-005	3.06362e-005	1.01528e-005	3.14148e-006	9.07893e-007	2.45161e-007	6.18805e-008	1.46057e-008	3.22508e-009	6.66498e-010	1.28971e-010	2.33789e-011	3.97188e-012	6.32731e-013	9.45598e-014	1.3264e-014	1.74719e-015	2.16237e-016	2.51572e-017	2.75273e-018	2.83442e-019	2.74782e-020	2.50938e-021	2.15988e-022	1.7531e-023	1.34257e-024	9.70742e-026	6.63426e-027	4.30154e-028	2.69402e-029	1.79737e-030	2.14815e-031	
N64	5.47607e-008	9.35035e-008	2.25662e-007	6.3528e-007	1.86364e-006	5.39573e-006	1.50449e-005	3.99614e-005	0.000100615	0.000239575	0.000538848	0.00114405	0.00229191	0.00433098	0.00771798	0.0129676	0.0205389	0.0306608	0.0431344	0.0571801	0.0714176	0.0840373	0.0931581	0.0972828	0.0957	0.0886851	0.0774219	0.0636754	0.0493405	0.0360244	0.0247855	0.0160717	0.00982322	0.00566035	0.00307545	0.00157594	0.000761775	0.000347436	0.000149551	6.07701e-005	2.33181e-005	8.4514e-006	2.8942e-006	9.36768e-007	2.8667e-007	8.29711e-008	2.27205e-008	5.88864e-009	1.44503e-009	3.35866e-010	7.39695e-011	1.54421e-011	3.05701e-012	5.74121e-013	1.0233e-013	1.73169e-014	2.7835e-015	4.25153e-016	6.17327e-017	8.52484e-018	1.12006e-018	1.40078e-019	1.66821e-020	1.89269e-021	2.04667e-022	2.11063e-023	2.07833e-024	1.9635e-025	1.82231e-026	1.87275e-027	3.54004e-028	
Cyperus_fuscus	0	0	0	0	0	0	0	0	0	0	0	0	0	0	0	0	0	0	0	0	0	0	0	1	0	0	0	0	0	0	0	0	0	0	0	0	0	0	0	0	0	0	0	0	0	0	0	0	0	0	0	0	0	0	0	0	0	0	0	0	0	0	0	0	0	0	0	0	0	0	0	
Cyperus_eragrostis	0	0	0	0	0	0	0	0	0	0	0	0	0	0	0	0	0	0	0	0	1	0	0	0	0	0	0	0	0	0	0	0	0	0	0	0	0	0	0	0	0	0	0	0	0	0	0	0	0	0	0	0	0	0	0	0	0	0	0	0	0	0	0	0	0	0	0	0	0	0	0	
N65	1.99283e-011	5.69579e-011	2.42055e-010	1.11673e-009	5.10805e-009	2.24888e-008	9.4067e-008	3.71126e-007	1.37477e-006	4.76687e-006	1.54384e-005	4.66308e-005	0.000131206	0.000343603	0.000836901	0.00189472	0.00398513	0.00778339	0.0141105	0.0237358	0.0370342	0.0535811	0.0718639	0.0893298	0.102892	0.109796	0.108532	0.0993687	0.0842621	0.066175	0.0481325	0.0324253	0.0202334	0.0116962	0.00626439	0.00310925	0.00143046	0.000610175	0.000241391	8.8597e-005	3.01791e-005	9.54455e-006	2.80381e-006	7.65385e-007	1.94248e-007	4.58557e-008	1.00744e-008	2.06092e-009	3.92797e-010	6.97888e-011	1.15657e-011	1.78889e-012	2.58398e-013	3.48786e-014	4.40218e-015	5.19863e-016	5.74784e-017	5.9538e-018	5.7815e-019	5.26656e-020	4.50336e-021	3.61705e-022	2.73063e-023	1.93886e-024	1.29569e-025	8.1556e-027	4.84102e-028	2.71906e-029	1.46737e-030	8.30387e-032	8.38175e-033	
N66	2.23272e-020	1.92932e-019	2.69482e-018	3.86357e-017	5.24118e-016	6.56957e-015	7.5384e-014	7.88521e-013	7.50121e-012	6.47973e-011	5.0763e-010	3.60266e-009	2.31387e-008	1.3436e-007	7.04717e-007	3.33565e-006	1.42363e-005	5.47411e-005	0.000189492	0.00059008	0.00165188	0.00415446	0.00938134	0.0190106	0.0345541	0.0563106	0.0822447	0.107627	0.126159	0.132441	0.124503	0.104802	0.0789935	0.0533185	0.0322321	0.0174546	0.00846954	0.00368364	0.00143659	0.000502597	0.000157819	4.45033e-005	1.12769e-005	2.56943e-006	5.26799e-007	9.72625e-008	1.6184e-008	2.42904e-009	3.29133e-010	4.0299e-011	4.46288e-012	4.47461e-013	4.06585e-014	3.35154e-015	2.50893e-016	1.70743e-017	1.05749e-018	5.96696e-020	3.07082e-021	1.44296e-022	6.19781e-024	2.43603e-025	8.77148e-027	2.8966e-028	8.78234e-030	2.44748e-031	6.27642e-033	1.48336e-034	3.24863e-036	6.92191e-038	2.43302e-039	
N67	6.48574e-020	5.31539e-019	6.96133e-018	9.37914e-017	1.19988e-015	1.42262e-014	1.54781e-013	1.53825e-012	1.39295e-011	1.14747e-010	8.58809e-010	5.83335e-009	3.59221e-008	2.00356e-007	1.01118e-006	4.61374e-006	1.90149e-005	7.07277e-005	0.000237246	0.000717129	0.00195201	0.00478156	0.0105342	0.0208615	0.0371183	0.0593127	0.0850881	0.109553	0.126564	0.131179	0.121967	0.101726	0.0761134	0.0510946	0.0307791	0.0166424	0.00807968	0.00352338	0.00138073	0.000486483	0.0001542	4.39981e-005	1.13088e-005	2.6203e-006	5.47747e-007	1.03387e-007	1.76355e-008	2.7211e-009	3.80141e-010	4.813e-011	5.52834e-012	5.76674e-013	5.46865e-014	4.71966e-015	3.71104e-016	2.66141e-017	1.74278e-018	1.04321e-019	5.7147e-021	2.86808e-022	1.32025e-023	5.58057e-025	2.16843e-026	7.75426e-028	2.55477e-029	7.76373e-031	2.17899e-032	5.66094e-034	1.37347e-035	3.29997e-037	1.30243e-038	
N68	5.80775e-019	3.60456e-018	3.79382e-017	4.24779e-016	4.55193e-015	4.54516e-014	4.19504e-013	3.56796e-012	2.79171e-011	2.00699e-010	1.32423e-009	8.01049e-009	4.43805e-008	2.2497e-007	1.04241e-006	4.41083e-006	1.70286e-005	5.99291e-005	0.000192104	0.000560449	0.00148703	0.00358589	0.00785411	0.0156163	0.0281727	0.046096	0.06838	0.0919397	0.11202	0.123666	0.123692	0.112092	0.0920445	0.0684983	0.0462091	0.028267	0.0156856	0.00789938	0.00361224	0.00150074	0.000566834	0.000194773	6.09321e-005	1.73681e-005	4.51446e-006	1.071e-006	2.32111e-007	4.59971e-008	8.34288e-009	1.38638e-009	2.11284e-010	2.95609e-011	3.80092e-012	4.49609e-013	4.89801e-014	4.91933e-015	4.55995e-016	3.90522e-017	3.09335e-018	2.26869e-019	1.54221e-020	9.72732e-022	5.69879e-023	3.10431e-024	1.574e-025	7.43728e-027	3.28058e-028	1.35691e-029	5.35709e-031	2.19782e-032	1.50092e-033	
N69	4.25752e-083	3.50229e-080	3.35199e-077	3.21269e-074	2.94833e-071	2.5383e-068	2.03148e-065	1.50445e-062	1.02789e-059	6.46337e-057	3.73166e-054	1.97351e-051	9.53639e-049	4.1993e-046	1.68026e-043	6.09046e-041	1.99323e-038	5.86868e-036	1.54848e-033	3.64591e-031	7.62456e-029	1.40897e-026	2.28773e-024	3.24319e-022	3.98596e-020	4.2133e-018	3.79581e-016	2.88448e-014	1.82683e-012	9.50808e-011	3.9997e-009	1.33297e-007	3.43448e-006	6.63621e-005	0.000924961	0.00883794	0.0540436	0.192279	0.349054	0.278166	0.0973182	0.0173756	0.00180558	0.00012013	5.48218e-006	1.80591e-007	4.46486e-009	8.5422e-011	1.29611e-012	1.59131e-014	1.60763e-016	1.35544e-018	9.65384e-021	5.86951e-023	3.07443e-025	1.3986e-027	5.56554e-030	1.94978e-032	6.04829e-035	1.67e-037	4.12374e-040	9.14621e-043	1.82931e-045	3.31148e-048	5.44398e-051	8.15399e-054	1.11645e-056	1.40411e-059	1.64213e-062	1.87013e-065	2.64996e-068	
Cyperus_houghtonii	0	0	0	0	0	0	0	0	0	0	0	0	0	0	0	0	0	0	0	0	0	0	0	0	0	0	0	0	0	0	0	0	0	0	0	0	0	0	1	0	0	0	0	0	0	0	0	0	0	0	0	0	0	0	0	0	0	0	0	0	0	0	0	0	0	0	0	0	0	0	0	
Cyperus_schweinitzii	0	0	0	0	0	0	0	0	0	0	0	0	0	0	0	0	0	0	0	0	0	0	0	0	0	0	0	0	0	0	0	0	0	0	0	0	0	0	0	1	0	0	0	0	0	0	0	0	0	0	0	0	0	0	0	0	0	0	0	0	0	0	0	0	0	0	0	0	0	0	0	
Lipocarpha_micrantha	0	0	0	0	0	0	0	0	0	0	0	0	0	0	0	0	0	0	0	0	0	0	0	0	0	1	0	0	0	0	0	0	0	0	0	0	0	0	0	0	0	0	0	0	0	0	0	0	0	0	0	0	0	0	0	0	0	0	0	0	0	0	0	0	0	0	0	0	0	0	0	
Lipocarpha_microcephala	0	0	0	0	0	0	0	0	0	0	0	0	0	0	0	0	0	0	0	0	0	0	1	0	0	0	0	0	0	0	0	0	0	0	0	0	0	0	0	0	0	0	0	0	0	0	0	0	0	0	0	0	0	0	0	0	0	0	0	0	0	0	0	0	0	0	0	0	0	0	0	
N70	5.46172e-023	6.74413e-022	1.13075e-020	1.86609e-019	2.90672e-018	4.22034e-017	5.66836e-016	7.0024e-015	7.92172e-014	8.17958e-013	7.68905e-012	6.56721e-011	5.08821e-010	3.57157e-009	2.26876e-008	1.303e-007	6.76046e-007	3.16642e-006	1.33796e-005	5.09745e-005	0.000175016	0.000541282	0.00150735	0.00377836	0.00852232	0.017293	0.0315612	0.051801	0.0764492	0.101444	0.121029	0.129828	0.125222	0.10861	0.0847215	0.0594463	0.0375278	0.0213198	0.0109027	0.00502042	0.00208233	0.000778263	0.000262206	7.96691e-005	2.18408e-005	5.40494e-006	1.20805e-006	2.43998e-007	4.45601e-008	7.36251e-009	1.10128e-009	1.49227e-010	1.83303e-011	2.04254e-012	2.06617e-013	1.89885e-014	1.58666e-015	1.20644e-016	8.35465e-018	5.27413e-019	3.0381e-020	1.59868e-021	7.6946e-023	3.39285e-024	1.3735e-025	5.12118e-027	1.76828e-028	5.71462e-030	1.77078e-031	5.64713e-033	2.87243e-034	
N71	9.7724e-007	2.5748e-006	9.04735e-006	3.29687e-005	0.00011562	0.000376643	0.00111772	0.00298941	0.00716423	0.0153376	0.029288	0.0498547	0.0756467	0.102349	0.123553	0.133181	0.128313	0.110612	0.0854186	0.0591646	0.0368043	0.0205896	0.010373	0.00471275	0.00193357	0.000717411	0.000241044	7.34413e-005	2.03182e-005	5.11103e-006	1.17051e-006	2.44369e-007	4.65652e-008	8.10884e-009	1.292e-009	1.88575e-010	2.52424e-011	3.10237e-012	3.50477e-013	3.64338e-014	3.48897e-015	3.08105e-016	2.51168e-017	1.89209e-018	1.31847e-019	8.50727e-021	5.08778e-022	2.82301e-023	1.45466e-024	6.96778e-026	3.10543e-027	1.28899e-028	4.98754e-030	1.80064e-031	6.07109e-033	1.91337e-034	5.64169e-036	1.55769e-037	4.03081e-039	9.78403e-041	2.2296e-042	4.77404e-044	9.61292e-046	1.82176e-047	3.252e-049	5.47263e-051	8.69112e-053	1.3053e-054	1.86957e-056	2.68127e-058	6.06798e-060	
Kyllinga_brevifolia	0	0	0	0	0	0	0	0	1	0	0	0	0	0	0	0	0	0	0	0	0	0	0	0	0	0	0	0	0	0	0	0	0	0	0	0	0	0	0	0	0	0	0	0	0	0	0	0	0	0	0	0	0	0	0	0	0	0	0	0	0	0	0	0	0	0	0	0	0	0	0	
Kyllinga_bulbosa	0	0	0	0	0	0	1	0	0	0	0	0	0	0	0	0	0	0	0	0	0	0	0	0	0	0	0	0	0	0	0	0	0	0	0	0	0	0	0	0	0	0	0	0	0	0	0	0	0	0	0	0	0	0	0	0	0	0	0	0	0	0	0	0	0	0	0	0	0	0	0	
N72	3.11277e-026	3.32517e-025	6.40762e-024	1.26635e-022	2.35328e-021	4.05314e-020	6.44184e-019	9.42278e-018	1.26587e-016	1.5591e-015	1.75779e-014	1.8117e-013	1.70496e-012	1.46349e-011	1.14471e-010	8.15198e-010	5.2814e-009	3.11063e-008	1.66452e-007	8.08765e-007	3.56644e-006	1.42671e-005	5.1756e-005	0.000170206	0.000507297	0.00137005	0.00335219	0.00743012	0.0149182	0.0271323	0.0447017	0.0667209	0.0902306	0.110578	0.122825	0.123682	0.112938	0.0935437	0.070301	0.0479544	0.0297013	0.0167097	0.00854253	0.00397025	0.00167826	0.000645527	0.000226049	7.21016e-005	2.09593e-005	5.55568e-006	1.34363e-006	2.96664e-007	5.98356e-008	1.10318e-008	1.8604e-009	2.87176e-010	4.06048e-011	5.26287e-012	6.2579e-013	6.83234e-014	6.85588e-015	6.32997e-016	5.38523e-017	4.22983e-018	3.07639e-019	2.08193e-020	1.32231e-021	8.01113e-023	4.78053e-024	2.99454e-025	2.38848e-026	
Cyperus_papyrus	0	0	0	0	0	0	0	0	0	0	0	0	0	0	0	0	0	0	0	0	0	0	0	0	0	0	0	0	0	0	0	0	0	0	0	0	0	0	0	0	0	0	0	0	0	0	0	0	0	1	0	0	0	0	0	0	0	0	0	0	0	0	0	0	0	0	0	0	0	0	0	
Cyperus_longus	0	0	0	0	0	0	0	0	0	0	0	0	0	0	0	0	0	0	0	0	0	0	0	0	0	0	0	0	0	0	0	0	0	0	0	0	0	0	0	0	0	0	0	0	0	0	0	0	0	0	0	0	0	0	0	0	0	0	0	1	0	0	0	0	0	0	0	0	0	0	0	
N73	4.04741e-018	1.49923e-016	6.80373e-015	2.83506e-013	1.04161e-011	3.28019e-010	8.65262e-009	1.87242e-007	3.2547e-006	4.44021e-005	0.000462874	0.00357217	0.0196517	0.0737145	0.179433	0.27053	0.246744	0.139384	0.0510888	0.0127653	0.00227292	0.000299436	3.01143e-005	2.37293e-006	1.49722e-007	7.70426e-009	3.28394e-010	1.17514e-011	3.57143e-013	9.31212e-015	2.10169e-016	4.13831e-018	7.15906e-020	1.09496e-021	1.48904e-023	1.8097e-025	1.97481e-027	1.94317e-029	1.73082e-031	1.40059e-033	1.03306e-035	6.96669e-038	4.30772e-040	2.44873e-042	1.28286e-044	6.20826e-047	2.78131e-049	1.15586e-051	4.4645e-054	1.60558e-056	5.38556e-059	1.68759e-061	4.94778e-064	1.35922e-066	3.50357e-069	8.48482e-072	1.933e-074	4.14764e-077	8.39163e-080	1.60268e-082	2.89243e-085	4.93784e-088	7.98199e-091	1.22305e-093	1.77859e-096	2.45921e-099	3.2442e-102	4.11571e-105	5.11867e-108	6.52292e-111	9.99846e-114	
Cyperus_involucratus	0	0	0	0	0	0	0	0	0	0	0	0	0	0	0	1	0	0	0	0	0	0	0	0	0	0	0	0	0	0	0	0	0	0	0	0	0	0	0	0	0	0	0	0	0	0	0	0	0	0	0	0	0	0	0	0	0	0	0	0	0	0	0	0	0	0	0	0	0	0	0	
Cyperus_alternifolius	0	0	0	0	0	0	0	0	0	0	0	0	0	0	0	1	0	0	0	0	0	0	0	0	0	0	0	0	0	0	0	0	0	0	0	0	0	0	0	0	0	0	0	0	0	0	0	0	0	0	0	0	0	0	0	0	0	0	0	0	0	0	0	0	0	0	0	0	0	0	0	
N74	0.000107397	0.000154864	0.000278052	0.000545738	0.00109352	0.00216074	0.00412819	0.00753294	0.0130248	0.021229	0.0325061	0.0466571	0.062684	0.0787537	0.0924682	0.101427	0.103908	0.0994093	0.0888124	0.0740968	0.0577355	0.0420204	0.0285713	0.0181528	0.0107798	0.00598494	0.00310759	0.00150957	0.000686304	0.000292135	0.000116477	4.35196e-005	1.52447e-005	5.00902e-006	1.54458e-006	4.47211e-007	1.21645e-007	3.11025e-008	7.47917e-009	1.69245e-009	3.60605e-010	7.23854e-011	1.36971e-011	2.44466e-012	4.1179e-013	6.55026e-014	9.84515e-015	1.39902e-015	1.88069e-016	2.39308e-017	2.88402e-018	3.29375e-019	3.56686e-020	3.66464e-021	3.57414e-022	3.31094e-023	2.91482e-024	2.44002e-025	1.94326e-026	1.4732e-027	1.06372e-028	7.31952e-030	4.80293e-031	3.00787e-032	1.80002e-033	1.03163e-034	5.68779e-036	3.04617e-037	1.62127e-038	9.19229e-040	8.26622e-041	
Schoenoplectus_hallii	0	0	0	0	0	0	0	0	0	0	1	0	0	0	0	0	0	0	0	0	0	0	0	0	0	0	0	0	0	0	0	0	0	0	0	0	0	0	0	0	0	0	0	0	0	0	0	0	0	0	0	0	0	0	0	0	0	0	0	0	0	0	0	0	0	0	0	0	0	0	0	
N75	2.44522e-005	3.72677e-005	7.47808e-005	0.000169913	0.000398522	0.000918367	0.00202569	0.00421626	0.00821388	0.0149047	0.025115	0.0392206	0.056687	0.0757603	0.0935636	0.10673	0.112422	0.109324	0.0981407	0.0813286	0.0622193	0.043949	0.0286678	0.0172729	0.00961586	0.00494773	0.00235388	0.00103588	0.00042187	0.000159078	5.55689e-005	1.79925e-005	5.40309e-006	1.50576e-006	3.89677e-007	9.37083e-008	2.09542e-008	4.35995e-009	8.44729e-010	1.52507e-010	2.56752e-011	4.03373e-012	5.9182e-013	8.11491e-014	1.04067e-014	1.2491e-015	1.40431e-016	1.47988e-017	1.4629e-018	1.35751e-019	1.18339e-020	9.698e-022	7.47686e-023	5.42685e-024	3.71084e-025	2.39219e-026	1.45484e-027	8.35265e-029	4.53019e-030	2.32262e-031	1.1264e-032	5.17056e-034	2.24796e-035	9.26228e-037	3.61903e-038	1.34176e-039	4.72336e-041	1.58051e-042	5.05834e-044	1.64593e-045	9.60684e-047	
Schoenoplectus_articulatus	0	0	0	0	0	0	0	0	0	0	0	0	0	0	1	0	0	0	0	0	0	0	0	0	0	0	0	0	0	0	0	0	0	0	0	0	0	0	0	0	0	0	0	0	0	0	0	0	0	0	0	0	0	0	0	0	0	0	0	0	0	0	0	0	0	0	0	0	0	0	0	
N76	9.5068e-019	2.20228e-017	6.51693e-016	1.80467e-014	4.52365e-013	1.00684e-011	1.95918e-010	3.28972e-009	4.71155e-008	5.69221e-007	5.73696e-006	4.7681e-005	0.000322811	0.00175721	0.00758539	0.0255965	0.0665548	0.131531	0.195244	0.215801	0.176858	0.107585	0.048884	0.016767	0.00439956	0.000896185	0.000143843	1.84557e-005	1.91868e-006	1.63655e-007	1.15842e-008	6.87583e-010	3.45458e-011	1.4818e-012	5.46864e-014	1.74875e-015	4.87676e-017	1.19302e-018	2.57403e-020	4.92249e-022	8.38196e-024	1.27623e-025	1.74434e-027	2.14799e-029	2.39111e-031	2.41383e-033	2.21633e-035	1.85603e-037	1.42131e-039	9.97726e-042	6.43505e-044	3.82172e-046	2.09425e-048	1.06099e-050	4.97868e-053	2.16771e-055	8.77212e-058	3.3046e-060	1.16067e-062	3.80634e-065	1.16714e-067	3.35071e-070	9.01793e-073	2.27807e-075	5.40795e-078	1.20782e-080	2.54088e-083	5.04293e-086	9.49243e-089	1.75022e-091	4.33412e-094	
N77	6.36926e-031	1.10636e-028	2.48046e-026	4.85226e-024	8.0454e-022	1.11885e-019	1.29231e-017	1.2267e-015	9.45867e-014	5.84827e-012	2.85781e-010	1.08577e-008	3.14793e-007	6.81655e-006	0.000107524	0.00119982	0.00914853	0.0457598	0.143276	0.26734	0.285744	0.17299	0.0601272	0.0125092	0.00163931	0.00014203	8.48444e-006	3.62071e-007	1.13723e-008	2.69608e-010	4.92936e-012	7.08044e-014	8.11941e-016	7.5388e-018	5.73848e-020	3.62087e-022	1.91272e-024	8.5346e-027	3.24273e-029	1.05686e-031	2.9745e-034	7.27382e-037	1.55423e-039	2.91699e-042	4.83187e-045	7.09582e-048	9.27698e-051	1.08397e-053	1.13609e-056	1.07171e-059	9.12856e-063	7.04196e-066	4.93386e-069	3.14808e-072	1.8339e-075	9.77722e-079	4.78144e-082	2.14954e-085	8.90162e-089	3.40237e-092	1.20252e-095	3.93714e-099	1.19615e-102	3.37761e-106	8.87843e-110	2.17577e-113	4.97806e-117	1.06483e-120	2.13227e-124	4.00538e-128	8.33836e-132	
Schoenoplectus_smithii_var_smithii	0	0	0	0	0	0	0	0	0	0	0	0	0	0	0	0	0	0	0	1	0	0	0	0	0	0	0	0	0	0	0	0	0	0	0	0	0	0	0	0	0	0	0	0	0	0	0	0	0	0	0	0	0	0	0	0	0	0	0	0	0	0	0	0	0	0	0	0	0	0	0	
Schoenoplectiella_hotarui	0	0	0	0	0	0	0	0	0	0	0	0	0	0	0	0	0	0	0	0	0	1	0	0	0	0	0	0	0	0	0	0	0	0	0	0	0	0	0	0	0	0	0	0	0	0	0	0	0	0	0	0	0	0	0	0	0	0	0	0	0	0	0	0	0	0	0	0	0	0	0	
Schoenoplectus_purshianus_var_purshianus	0	0	0	0	0	0	0	0	0	0	0	0	0	0	0	0	0	0	1	0	0	0	0	0	0	0	0	0	0	0	0	0	0	0	0	0	0	0	0	0	0	0	0	0	0	0	0	0	0	0	0	0	0	0	0	0	0	0	0	0	0	0	0	0	0	0	0	0	0	0	0	
Fuirena_ciliaris	0	0	0	0	0	0	0	0	0	0	0	0	0	0	0	0	0	0	1	0	0	0	0	0	0	0	0	0	0	0	0	0	0	0	0	0	0	0	0	0	0	0	0	0	0	0	0	0	0	0	0	0	0	0	0	0	0	0	0	0	0	0	0	0	0	0	0	0	0	0	0	
N78	2.82223e-037	1.00461e-035	4.4255e-034	1.86831e-032	7.48413e-031	2.83473e-029	1.01165e-027	3.38946e-026	1.06224e-024	3.10255e-023	8.41467e-022	2.1115e-020	4.88407e-019	1.03751e-017	2.01631e-016	3.57079e-015	5.73888e-014	8.33456e-013	1.08888e-011	1.27373e-010	1.32753e-009	1.22657e-008	9.99475e-008	7.14574e-007	4.46009e-006	2.41901e-005	0.000113541	0.000459678	0.00160148	0.0047948	0.0123317	0.0272532	0.0517977	0.0847555	0.119527	0.145421	0.15274	0.138551	0.108541	0.073409	0.0428319	0.0215393	0.00932533	0.00347217	0.00111092	0.000305332	7.2118e-005	1.46581e-005	2.56976e-006	3.89863e-007	5.13929e-008	5.91393e-009	5.97016e-010	5.31435e-011	4.19254e-012	2.94597e-013	1.85259e-014	1.0474e-015	5.34706e-017	2.47495e-018	1.04275e-019	4.01432e-021	1.41752e-022	4.60985e-024	1.38707e-025	3.88402e-027	1.02019e-028	2.54234e-030	6.11061e-032	1.45963e-033	4.6341e-035	
Bolboschoenus_planiculmis	0	0	0	0	0	0	0	0	0	0	0	0	0	0	0	0	0	0	0	0	0	0	0	0	0	0	0	1	0	0	0	0	0	0	0	0	0	0	0	0	0	0	0	0	0	0	0	0	0	0	0	0	0	0	0	0	0	0	0	0	0	0	0	0	0	0	0	0	0	0	0	
Bolboschoenus_fluviatilis	0	0	0	0	0	0	0	0	0	0	0	0	0	0	0	0	0	0	0	0	0	0	0	0	0	0	0	0	0	0	0	0	0	0	0	0	0	0	0	0	0	0	0	0	0	0	1	0	0	0	0	0	0	0	0	0	0	0	0	0	0	0	0	0	0	0	0	0	0	0	0	
N79	0.0182377	0.0191301	0.0209541	0.0236692	0.0272062	0.0314561	0.0362599	0.0414014	0.0466087	0.0515642	0.0559253	0.0593547	0.0615568	0.0623131	0.0615129	0.0591706	0.0554269	0.0505331	0.0448204	0.0386589	0.0324157	0.0264164	0.020917	0.0160896	0.012021	0.00872217	0.00614532	0.00420397	0.00279213	0.00180031	0.00112686	0.000684684	0.000403828	0.000231197	0.000128482	6.93074e-005	3.62907e-005	1.84457e-005	9.10096e-006	4.35896e-006	2.02671e-006	9.14813e-007	4.00883e-007	1.70555e-007	7.04523e-008	2.82572e-008	1.10049e-008	4.1619e-009	1.52851e-009	5.45187e-010	1.88862e-010	6.35473e-011	2.07697e-011	6.59435e-012	2.03402e-012	6.09551e-013	1.77488e-013	5.02187e-014	1.38081e-014	3.68988e-015	9.58392e-016	2.41981e-016	5.94036e-017	1.41845e-017	3.2975e-018	7.48129e-019	1.6674e-019	3.71832e-020	8.73067e-021	2.46597e-021	1.10949e-021	
N80	0.0296505	0.0314094	0.0349914	0.0402968	0.0470854	0.0549035	0.0630479	0.0705996	0.0765375	0.0799191	0.0800811	0.0767999	0.0703574	0.0614851	0.0512035	0.0406048	0.0306458	0.022005	0.0150286	0.00976112	0.00602888	0.00354103	0.00197788	0.00105074	0.000530974	0.000255277	0.000116788	5.08549e-005	2.10827e-005	8.32326e-006	3.13013e-006	1.12166e-006	3.83117e-007	1.24771e-007	3.87573e-008	1.14869e-008	3.24948e-009	8.77696e-010	2.26439e-010	5.58211e-011	1.31536e-011	2.96385e-012	6.38845e-013	1.31774e-013	2.60208e-014	4.92081e-015	8.91544e-016	1.54812e-016	2.57743e-017	4.11579e-018	6.30619e-019	9.27454e-020	1.30976e-020	1.77673e-021	2.31603e-022	2.90215e-023	3.49709e-024	4.0538e-025	4.52219e-026	4.85663e-027	5.02348e-028	5.00694e-029	4.81196e-030	4.46348e-031	4.00242e-032	3.47955e-033	2.9486e-034	2.46114e-035	2.0694e-036	1.88512e-037	2.78754e-038	
Rhynchospora_albiceps	0	0	0	0	0	0	0	0	0	1	0	0	0	0	0	0	0	0	0	0	0	0	0	0	0	0	0	0	0	0	0	0	0	0	0	0	0	0	0	0	0	0	0	0	0	0	0	0	0	0	0	0	0	0	0	0	0	0	0	0	0	0	0	0	0	0	0	0	0	0	0	
N81	0.00758544	0.00938627	0.0134722	0.0206134	0.0315538	0.0465109	0.0646442	0.0837523	0.100493	0.111237	0.113304	0.106024	0.0910393	0.0716814	0.051731	0.0342126	0.0207362	0.0115207	0.00586938	0.00274345	0.00117723	0.000464097	0.000168223	5.61149e-005	1.72423e-005	4.88506e-006	1.27746e-006	3.08664e-007	6.89856e-008	1.42771e-008	2.73912e-009	4.87701e-010	8.0677e-011	1.24131e-011	1.77836e-012	2.37487e-013	2.95945e-014	3.44501e-015	3.75001e-016	3.82105e-017	3.64821e-018	3.26702e-019	2.74676e-020	2.1702e-021	1.61284e-022	1.12847e-023	7.44018e-025	4.62646e-026	2.71552e-027	1.50577e-028	7.89438e-030	3.91628e-031	1.83976e-032	8.19045e-034	3.45808e-035	1.38565e-036	5.27317e-038	1.90715e-039	6.55972e-041	2.14712e-042	6.69232e-044	1.98754e-045	5.62785e-047	1.52024e-048	3.91999e-050	9.65434e-052	2.27283e-053	5.12413e-055	1.11571e-056	2.4809e-058	9.31242e-060	
Rhynchospora_rubra	0	0	0	0	0	0	0	0	0	1	0	0	0	0	0	0	0	0	0	0	0	0	0	0	0	0	0	0	0	0	0	0	0	0	0	0	0	0	0	0	0	0	0	0	0	0	0	0	0	0	0	0	0	0	0	0	0	0	0	0	0	0	0	0	0	0	0	0	0	0	0	
Rhynchospora_globosa	0	0	0	0	0	0	0	0	0	0	0	1	0	0	0	0	0	0	0	0	0	0	0	0	0	0	0	0	0	0	0	0	0	0	0	0	0	0	0	0	0	0	0	0	0	0	0	0	0	0	0	0	0	0	0	0	0	0	0	0	0	0	0	0	0	0	0	0	0	0	0	
N82	0.0293186	0.0302599	0.0322055	0.0350854	0.0387775	0.0430921	0.0477627	0.0524501	0.0567631	0.0602945	0.0626685	0.0635901	0.062888	0.0605399	0.0566779	0.0515688	0.0455765	0.0391119	0.0325809	0.0263395	0.0206617	0.0157246	0.0116091	0.0083136	0.00577454	0.00389009	0.00254154	0.00161033	0.00098946	0.000589578	0.000340673	0.00019089	0.000103724	5.46541e-005	2.79268e-005	1.38382e-005	6.64971e-006	3.09887e-006	1.40052e-006	6.13873e-007	2.60965e-007	1.07601e-007	4.30329e-008	1.66937e-008	6.28199e-009	2.29326e-009	8.12165e-010	2.7906e-010	9.30332e-011	3.0095e-011	9.44703e-012	2.87787e-012	8.50848e-013	2.44158e-013	6.80082e-014	1.8389e-014	4.82718e-015	1.23029e-015	3.04464e-016	7.31676e-017	1.70765e-017	3.87104e-018	8.52471e-019	1.82431e-019	3.79672e-020	7.69988e-021	1.53031e-021	3.02989e-022	6.26927e-023	1.54951e-023	6.25355e-024	
N83	5.33965e-008	1.4751e-007	5.70059e-007	2.26019e-006	8.48786e-006	2.95773e-005	9.50378e-005	0.00028084	0.000761954	0.00189554	0.00431888	0.0090031	0.0171552	0.0298561	0.0474248	0.0687183	0.0907913	0.109341	0.120008	0.120028	0.109401	0.0908819	0.0688261	0.0475321	0.0299471	0.0172213	0.00904412	0.00434038	0.00190483	0.000765039	0.000281429	9.49069e-005	2.93682e-005	8.34719e-006	2.1814e-006	5.24727e-007	1.16311e-007	2.37847e-008	4.49238e-009	7.84654e-010	1.26892e-010	1.90228e-011	2.64693e-012	3.42274e-013	4.11818e-014	4.61608e-015	4.82624e-016	4.71233e-017	4.30204e-018	3.67651e-019	2.94456e-020	2.2127e-021	1.56181e-022	1.03659e-023	6.47621e-025	3.81263e-026	2.11719e-027	1.11008e-028	5.50084e-030	2.57867e-031	1.14461e-032	4.8152e-034	1.9217e-035	7.28333e-037	2.6251e-038	9.01735e-040	2.96446e-041	9.41245e-043	2.94862e-044	9.68624e-046	4.84888e-047	
Rhynchospora_chinensis	0	0	0	0	0	0	0	0	0	0	0	0	0	0	0	0	0	0	0	0	0	0	0	0	0	0	0	0	0	0	1	0	0	0	0	0	0	0	0	0	0	0	0	0	0	0	0	0	0	0	0	0	0	0	0	0	0	0	0	0	0	0	0	0	0	0	0	0	0	0	0	
N84	1.48826e-008	6.00754e-008	4.01801e-007	2.74877e-006	1.68362e-005	8.92956e-005	0.000405639	0.00156883	0.00514185	0.0142245	0.0331036	0.0646397	0.10572	0.144715	0.165827	0.159256	0.128444	0.0872421	0.0500718	0.0243766	0.0101077	0.00358503	0.00109241	0.000287225	6.54426e-005	1.29753e-005	2.24773e-006	3.41534e-007	4.5688e-008	5.40005e-009	5.65842e-010	5.27355e-011	4.38491e-012	3.26248e-013	2.17811e-014	1.30834e-015	7.08893e-017	3.4731e-018	1.54222e-019	6.22071e-021	2.28416e-022	7.65073e-024	2.34221e-025	6.56631e-027	1.68883e-028	3.99194e-030	8.6867e-032	1.74306e-033	3.23032e-035	5.53756e-037	8.79381e-039	1.29552e-040	1.77305e-042	2.25734e-044	2.67691e-046	2.96062e-048	3.05757e-050	2.95211e-052	2.66779e-054	2.25903e-056	1.79439e-058	1.33843e-060	9.38435e-063	6.19125e-065	3.84717e-067	2.25374e-069	1.24587e-071	6.50651e-074	3.22061e-076	1.55154e-078	1.0839e-080	
Rhynchospora_capillacea	0	0	0	0	0	0	0	0	0	0	0	0	1	0	0	0	0	0	0	0	0	0	0	0	0	0	0	0	0	0	0	0	0	0	0	0	0	0	0	0	0	0	0	0	0	0	0	0	0	0	0	0	0	0	0	0	0	0	0	0	0	0	0	0	0	0	0	0	0	0	0	
Rhynchospora_alba	0	0	0	0	0	0	0	0	0	0	0	0	1	0	0	0	0	0	0	0	0	0	0	0	0	0	0	0	0	0	0	0	0	0	0	0	0	0	0	0	0	0	0	0	0	0	0	0	0	0	0	0	0	0	0	0	0	0	0	0	0	0	0	0	0	0	0	0	0	0	0	
N85	0.104868	0.103597	0.101312	0.097865	0.0931039	0.0869407	0.0794115	0.0707108	0.0611895	0.0513155	0.0416051	0.032544	0.0245166	0.0177615	0.0123598	0.00825321	0.00528414	0.00324184	0.00190485	0.00107157	0.000576971	0.000297288	0.000146569	6.9139e-005	3.12048e-005	1.34759e-005	5.56884e-006	2.20239e-006	8.33696e-007	3.02119e-007	1.0483e-007	3.48355e-008	1.10887e-008	3.38193e-009	9.88505e-010	2.7697e-010	7.44118e-011	1.91744e-011	4.74013e-012	1.12453e-012	2.56084e-013	5.59954e-014	1.17599e-014	2.37282e-015	4.60107e-016	8.57659e-017	1.5373e-017	2.65042e-018	4.39658e-019	7.01912e-020	1.07881e-020	1.59671e-021	2.27642e-022	3.12716e-023	4.14037e-024	5.28502e-025	6.50567e-026	7.725e-027	8.85087e-028	9.78762e-029	1.04495e-029	1.07737e-030	1.07311e-031	1.03304e-032	9.6186e-034	8.67516e-035	7.6055e-036	6.53924e-037	5.6577e-038	5.41674e-039	8.97376e-040	
Rhynchospora_nervosa	0	0	0	0	1	0	0	0	0	0	0	0	0	0	0	0	0	0	0	0	0	0	0	0	0	0	0	0	0	0	0	0	0	0	0	0	0	0	0	0	0	0	0	0	0	0	0	0	0	0	0	0	0	0	0	0	0	0	0	0	0	0	0	0	0	0	0	0	0	0	0	
Rhynchospora_robusta	0	0	0	0	1	0	0	0	0	0	0	0	0	0	0	0	0	0	0	0	0	0	0	0	0	0	0	0	0	0	0	0	0	0	0	0	0	0	0	0	0	0	0	0	0	0	0	0	0	0	0	0	0	0	0	0	0	0	0	0	0	0	0	0	0	0	0	0	0	0	0	
N86	0.0231927	0.0239119	0.0253872	0.0275455	0.0302813	0.0334591	0.0369175	0.0404744	0.0439352	0.047102	0.0497856	0.0518171	0.0530599	0.0534198	0.0528523	0.0513665	0.0490238	0.0459328	0.0422395	0.0381153	0.0337423	0.0292998	0.0249514	0.0208351	0.017057	0.0136886	0.0107675	0.00830066	0.00627068	0.00464172	0.00336642	0.00239195	0.00166494	0.00113523	0.000758203	0.000496002	0.000317806	0.000199437	0.000122576	7.37815e-005	4.3494e-005	2.51099e-005	1.41968e-005	7.86078e-006	4.26256e-006	2.26363e-006	1.17727e-006	5.99636e-007	2.99119e-007	1.46135e-007	6.99239e-008	3.27694e-008	1.50416e-008	6.76266e-009	2.97817e-009	1.28472e-009	5.42902e-010	2.24758e-010	9.1167e-011	3.62381e-011	1.41198e-011	5.39586e-012	2.02437e-012	7.47008e-013	2.72081e-013	9.8479e-014	3.58855e-014	1.34998e-014	5.4996e-015	2.64638e-015	1.71986e-015	
Calyptrocarya_glomerulata	0	0	0	0	0	0	0	0	0	1	0	0	0	0	0	0	0	0	0	0	0	0	0	0	0	0	0	0	0	0	0	0	0	0	0	0	0	0	0	0	0	0	0	0	0	0	0	0	0	0	0	0	0	0	0	0	0	0	0	0	0	0	0	0	0	0	0	0	0	0	0	
Scleria_foliosa	0	0	0	0	0	0	0	0	0	1	0	0	0	0	0	0	0	0	0	0	0	0	0	0	0	0	0	0	0	0	0	0	0	0	0	0	0	0	0	0	0	0	0	0	0	0	0	0	0	0	0	0	0	0	0	0	0	0	0	0	0	0	0	0	0	0	0	0	0	0	0	
N87	2.39048e-022	4.02264e-021	8.72912e-020	1.78787e-018	3.37793e-017	5.85833e-016	9.29036e-015	1.34181e-013	1.75756e-012	2.0785e-011	2.20891e-010	2.09942e-009	1.77574e-008	1.33012e-007	8.78187e-007	5.08822e-006	2.57731e-005	0.000113777	0.000436792	0.00145641	0.00421608	0.0105997	0.0231626	0.0440423	0.0729551	0.105395	0.132912	0.146406	0.140907	0.118486	0.0870122	0.055764	0.0311561	0.0151572	0.00641227	0.00235609	0.000751182	0.000207715	4.98266e-005	1.03801e-005	1.88175e-006	2.97714e-007	4.12561e-008	5.0285e-009	5.41513e-010	5.1764e-011	4.41298e-012	3.37072e-013	2.31706e-014	1.43954e-015	8.116e-017	4.16821e-018	1.95709e-019	8.42945e-021	3.3412e-022	1.22246e-023	4.14039e-025	1.30174e-026	3.80927e-028	1.04027e-029	2.65825e-031	6.37391e-033	1.4384e-034	3.06535e-036	6.19271e-038	1.19139e-039	2.19434e-041	3.89302e-043	6.69785e-045	1.13042e-046	2.3685e-048	
Cladium_mariscus	0	0	0	0	0	0	0	0	0	0	0	0	0	0	0	0	0	1	0	0	0	0	0	0	0	0	0	0	0	0	0	0	0	0	0	0	0	0	0	0	0	0	0	0	0	0	0	0	0	0	0	0	0	0	0	0	0	0	0	0	0	0	0	0	0	0	0	0	0	0	0	
Cladium_mariscoides	0	0	0	0	0	0	0	0	0	0	0	0	0	0	0	0	0	0	0	0	0	0	0	0	0	0	0	0	0	0	0	0	0	0	0	0	0	0	1	0	0	0	0	0	0	0	0	0	0	0	0	0	0	0	0	0	0	0	0	0	0	0	0	0	0	0	0	0	0	0	0	
