NODE	1	2	3	4	5	6	7	8	9	10	11	12	13	14	15	16	17	18	19	20	21	22	23	24	25	26	27	28	29	30	31	32	33	34	35	36	37	38	39	40	41	42	43	44	45	46	47	48	49	50	51	52	53	54	55	56	57	58	59	60	61	62	63	64	65	66	67	68	69	70	71	
N1	0.340904	0.274277	0.18565	0.107945	0.0543802	0.0237782	0.00901228	0.00295582	0.000838375	0.000205746	4.37354e-05	8.06045e-06	1.28833e-06	1.78467e-07	2.13815e-08	2.22305e-09	2.00319e-10	1.5631e-11	1.0559e-12	6.10923e-17	1.37543e-17	2.88422e-18	5.63724e-19	1.02781e-19	1.74971e-20	2.78384e-21	4.14372e-22	5.77638e-23	7.54921e-24	9.25953e-25	1.06704e-25	1.15648e-26	1.18011e-27	1.13497e-28	1.02986e-29	8.82591e-31	7.15156e-32	5.48565e-33	3.99024e-34	2.75125e-35	1.7998e-36	1.11807e-37	6.60163e-39	3.70799e-40	1.98287e-41	1.01034e-42	4.9092e-44	2.27641e-45	1.00813e-46	4.26705e-48	1.7274e-49	6.69286e-51	2.4836e-52	8.83257e-54	3.01238e-55	9.85872e-57	3.09804e-58	9.35336e-60	2.71466e-61	7.57842e-63	2.03609e-64	5.26754e-66	1.31293e-67	3.1545e-69	7.30985e-71	1.63472e-72	3.53139e-74	7.38688e-76	1.51159e-77	3.19273e-79	9.50119e-81	
N2	0.000316504	0.000667821	0.00153533	0.00339004	0.00664899	0.011982	0.0195206	0.0296797	0.0406017	0.051689	0.0599372	0.0674601	0.073818	0.0836696	0.0920421	0.0993113	0.0958777	0.086225	0.0669156	0.0481307	0.0294993	0.0169006	0.00819824	0.00376294	0.00145146	0.000536335	0.000165833	4.97753e-05	1.24311e-05	3.05237e-06	6.24036e-07	1.27207e-07	2.15906e-08	3.68599e-09	5.25379e-10	7.58419e-11	9.13705e-12	1.11809e-12	1.15129e-13	1.20549e-14	1.05864e-15	9.46577e-17	7.14966e-18	5.5258e-19	3.59888e-20	2.41134e-21	1.37014e-22	8.09087e-24	4.02711e-25	2.10207e-26	9.29656e-28	4.36798e-29	1.72114e-30	7.27127e-32	2.58887e-33	1.00041e-34	3.2149e-36	1.129e-37	3.32353e-39	1.08143e-40	2.92257e-42	8.81286e-44	2.27139e-45	6.69198e-47	1.76099e-48	5.45634e-50	1.66468e-51	5.82183e-53	2.03759e-54	7.54996e-56	3.91923e-57	
Chrysitrix_capensis	0	0	0	0	0	0	0	0	0	0	0	0	0	0	0	0	0	0	0	0	0	0	1	0	0	0	0	0	0	0	0	0	0	0	0	0	0	0	0	0	0	0	0	0	0	0	0	0	0	0	0	0	0	0	0	0	0	0	0	0	0	0	0	0	0	0	0	0	0	0	0	
Lepironia_articulata	0	0	0	0	0	0	0	0	0	0	0	0	0	0	0	0	1	0	0	0	0	0	0	0	0	0	0	0	0	0	0	0	0	0	0	0	0	0	0	0	0	0	0	0	0	0	0	0	0	0	0	0	0	0	0	0	0	0	0	0	0	0	0	0	0	0	0	0	0	0	0	
N3	0.234765	0.250296	0.21044	0.148881	0.0858419	0.0429546	0.0176513	0.00650272	0.0019522	0.000553429	0.000125348	2.93767e-05	5.21932e-06	1.07774e-06	1.55804e-07	2.93055e-08	3.43255e-09	5.51959e-10	5.21683e-11	7.17285e-12	5.30249e-13	5.8373e-14	3.50566e-15	3.3954e-16	1.60289e-17	1.23274e-18	4.97087e-20	3.64387e-21	1.24305e-22	7.93587e-24	3.68555e-25	2.95311e-26	1.87365e-27	9.24846e-29	3.31216e-30	1.03273e-31	2.5381e-33	5.66435e-35	1.05396e-36	1.87522e-38	2.69275e-40	3.86745e-42	4.56996e-44	6.18399e-46	6.05343e-48	7.54925e-50	6.92765e-52	1.0072e-53	7.68942e-56	9.32643e-58	6.78202e-60	9.25771e-62	5.42076e-64	5.87627e-66	3.51943e-68	4.62214e-70	2.13457e-72	2.0173e-74	9.85055e-77	1.1904e-78	5.60063e-81	6.4186e-83	4.00961e-85	5.02346e-87	2.93013e-89	2.90418e-91	1.40756e-93	1.17119e-95	6.54536e-98	7.15582e-100	1.05448e-101	
N4	0.231669	0.248558	0.210918	0.150469	0.0873471	0.0438133	0.0179901	0.00658273	0.00195431	0.000544795	0.000120216	2.74439e-05	4.63532e-06	9.30241e-07	1.22975e-07	2.28471e-08	2.32545e-09	3.84001e-10	2.96248e-11	4.48473e-12	2.48902e-13	3.30326e-14	1.35204e-15	1.84587e-16	5.18343e-18	6.45248e-19	1.38886e-20	2.05888e-21	3.07481e-23	3.8414e-24	5.72174e-26	9.79004e-27	8.68169e-28	5.01377e-29	1.79437e-30	6.80572e-32	1.76091e-33	4.77367e-35	9.67001e-37	2.18592e-38	3.26402e-40	5.89673e-42	7.29863e-44	1.39299e-45	1.25411e-47	2.09122e-49	1.76458e-51	4.25002e-53	2.27635e-55	3.86521e-57	2.2294e-59	6.53572e-61	2.0312e-63	3.34338e-65	1.3531e-67	6.01384e-69	1.01557e-71	1.59199e-73	4.53974e-76	2.49234e-77	2.98991e-80	5.03098e-82	1.45392e-84	9.53147e-86	2.18584e-88	9.74176e-90	1.54291e-92	5.57603e-94	8.63948e-97	3.89731e-98	1.80665e-99	
N5	0.182092	0.213875	0.207194	0.170743	0.113635	0.0648983	0.0297609	0.0122086	0.00394913	0.0012475	0.000295674	8.14241e-05	1.47385e-05	3.88002e-06	5.56602e-07	1.42651e-07	1.59041e-08	3.45132e-09	3.05988e-10	5.87121e-11	3.93719e-12	5.74231e-13	3.19489e-14	4.51644e-15	1.87529e-16	1.87511e-17	7.00948e-19	8.05238e-20	2.25354e-21	1.82053e-22	1.01393e-23	1.54855e-24	1.73669e-25	1.02251e-26	4.19931e-28	1.43959e-29	3.88488e-31	9.21895e-33	1.8172e-34	3.34576e-36	4.87388e-38	7.01646e-40	8.24574e-42	1.19215e-43	1.11576e-45	1.49784e-47	1.36516e-49	2.70695e-51	1.79674e-53	2.47195e-55	1.66203e-57	3.26518e-59	1.57349e-61	2.03244e-63	1.19047e-65	2.67864e-67	9.31484e-70	9.71211e-72	3.86686e-74	7.45435e-76	2.56702e-78	4.56404e-80	3.12038e-82	7.70876e-84	4.92856e-86	8.49029e-88	3.32293e-90	3.92333e-92	1.54999e-94	2.32838e-96	4.32739e-98	
Lagenocarpus_guianensis	0	0	0	0	0	0	0	0	0	0	0	0	0	0	0	0	1	0	0	0	0	0	0	0	0	0	0	0	0	0	0	0	0	0	0	0	0	0	0	0	0	0	0	0	0	0	0	0	0	0	0	0	0	0	0	0	0	0	0	0	0	0	0	0	0	0	0	0	0	0	0	
N6	0.166168	0.201866	0.204748	0.176489	0.122469	0.072514	0.0344044	0.0144959	0.00480963	0.00154097	0.000369242	0.000101635	1.81363e-05	4.76113e-06	6.44138e-07	1.68331e-07	1.67053e-08	3.89244e-09	2.86853e-10	6.34042e-11	3.29907e-12	6.00159e-13	2.4457e-14	4.73549e-15	1.36314e-16	1.96223e-17	5.01965e-19	8.85549e-20	1.56151e-21	1.69785e-22	3.99505e-24	8.79575e-25	1.32542e-25	7.43021e-27	2.84008e-28	9.48127e-30	2.37809e-31	5.33456e-33	9.54638e-35	1.63361e-36	2.04557e-38	2.63589e-40	2.6044e-42	3.47249e-44	2.46782e-46	2.82045e-48	1.90022e-50	3.52762e-52	1.397e-54	1.56088e-56	6.84889e-59	1.49749e-60	3.45742e-63	3.62333e-65	1.22754e-67	3.87863e-69	5.28676e-72	4.48681e-74	9.86044e-77	2.8416e-78	3.0221e-81	3.03137e-83	9.16469e-86	3.40279e-87	1.05611e-89	2.59427e-91	3.57275e-94	5.54623e-96	7.02584e-99	1.23886e-100	1.86272e-102	
N7	0.0776916	0.109562	0.140314	0.160687	0.153916	0.130924	0.0927467	0.0616023	0.0337841	0.0195436	0.00899072	0.00538405	0.00224438	0.00145793	0.000555315	0.000368049	0.00012064	7.10238e-05	2.02361e-05	1.15492e-05	2.74455e-06	1.32868e-06	2.94536e-07	1.59661e-07	2.98484e-08	1.25944e-08	2.3108e-09	1.15723e-09	1.78567e-10	7.15312e-11	2.31521e-11	1.38912e-11	6.33049e-12	1.69219e-12	3.1839e-13	4.87135e-14	5.83764e-15	5.97011e-16	5.00175e-17	3.77373e-18	2.27482e-19	1.32269e-20	6.36604e-22	3.70245e-23	1.51528e-24	8.73361e-26	3.6117e-27	2.812e-28	8.87014e-30	5.05438e-31	1.55984e-32	1.18762e-33	2.80278e-35	1.61896e-36	4.66296e-38	4.3152e-39	8.15805e-41	4.13134e-42	9.07944e-44	7.54056e-45	1.69635e-46	1.38859e-47	4.80905e-49	4.11973e-50	1.26079e-51	7.74695e-53	1.60578e-54	7.09092e-56	1.47518e-57	7.94967e-59	5.85468e-60	
Oreobolus_pectinatus	0	0	0	0	0	0	0	0	0	0	0	0	0	0	0	0	0	0	1	0	0	0	0	0	0	0	0	0	0	0	0	0	0	0	0	0	0	0	0	0	0	0	0	0	0	0	0	0	0	0	0	0	0	0	0	0	0	0	0	0	0	0	0	0	0	0	0	0	0	0	0	
N8	0.0519266	0.0775261	0.108213	0.136988	0.147413	0.141539	0.115208	0.0868276	0.0555341	0.0355172	0.0190238	0.0117011	0.00559176	0.00357772	0.00155511	0.00103928	0.000397053	0.000254314	8.45687e-05	5.39509e-05	1.531e-05	9.16593e-06	2.42994e-06	1.62062e-06	3.76104e-07	2.19162e-07	4.84081e-08	3.12456e-08	5.46322e-09	2.61632e-09	5.40663e-10	3.85871e-10	1.95612e-10	7.02098e-11	1.70817e-11	3.80202e-12	6.32126e-13	9.72355e-14	1.19974e-14	1.45064e-15	1.31748e-16	1.25736e-17	9.63852e-19	9.84087e-20	6.3993e-21	6.27922e-22	4.29204e-23	6.0893e-24	3.20376e-25	3.38505e-26	1.84932e-27	2.8773e-28	1.08688e-29	1.10145e-30	4.87566e-32	8.58897e-33	2.2394e-34	1.84648e-35	5.62426e-37	8.18387e-38	1.6753e-39	1.43986e-40	4.83867e-42	7.90144e-43	2.45724e-44	2.91626e-45	6.59886e-47	5.86086e-48	1.45328e-49	1.6321e-50	2.47902e-51	
N9	0.0234895	0.0367723	0.0562678	0.0810392	0.102177	0.117674	0.117575	0.11062	0.0900888	0.0734913	0.0511556	0.0402134	0.0252772	0.0211863	0.0126357	0.0120104	0.00681068	0.00675802	0.00359586	0.0036726	0.00178333	0.00175982	0.000867917	0.000982963	0.000471387	0.000496802	0.000238906	0.000280668	0.000113318	0.000106566	5.79758e-05	8.43009e-05	9.15468e-05	7.40919e-05	4.26927e-05	2.22204e-05	9.04911e-06	3.42764e-06	1.0936e-06	3.44216e-07	8.8077e-08	2.38569e-08	5.6316e-09	1.72526e-09	3.82086e-10	1.22848e-10	2.92204e-11	1.36521e-11	2.66443e-12	9.87344e-13	1.95577e-13	9.66381e-14	1.44387e-14	5.02237e-15	8.33206e-16	4.21385e-16	4.67091e-17	1.3158e-17	1.55984e-18	6.55404e-19	6.1646e-20	2.0444e-20	3.04548e-21	1.50633e-21	2.14039e-22	7.81864e-23	8.51695e-24	2.4152e-24	3.13045e-25	1.31493e-25	9.0349e-26	
N10	0.00404655	0.00665967	0.0113507	0.0191054	0.0295361	0.0426108	0.055097	0.0676372	0.0773781	0.0868079	0.0890082	0.0882557	0.0770805	0.0655795	0.0486298	0.0383374	0.0283007	0.0254492	0.0215091	0.022048	0.0189045	0.0190602	0.01497	0.0139443	0.00954348	0.00781272	0.00458583	0.00327118	0.00162153	0.000986719	0.000437167	0.000242461	0.000103375	5.14807e-05	2.08517e-05	9.58958e-06	3.80139e-06	1.73337e-06	7.41588e-07	3.74899e-07	1.73572e-07	9.19224e-08	4.27575e-08	2.27004e-08	9.73271e-09	4.86941e-09	1.94177e-09	9.70852e-10	3.47644e-10	1.60638e-10	5.37366e-11	2.46269e-11	7.26486e-12	2.95283e-12	8.16531e-13	3.26148e-13	7.88431e-14	2.72627e-14	6.25456e-15	2.13211e-15	4.40464e-16	1.33525e-16	2.75546e-17	8.38547e-18	1.67066e-18	4.82126e-19	1.12575e-19	3.91531e-20	1.36387e-20	6.55623e-21	4.42814e-21	
Schoenus_brevifolius	0	0	0	0	0	0	0	0	0	0	0	0	0	0	0	0	0	0	0	0	0	0	0	0	0	0	0	0	0	0	0	0	0	0	0	0	0	0	0	0	0	0	0	0	0	0	0	0	0	0	0	0	0	0	0	0	0	0	0	0	1	0	0	0	0	0	0	0	0	0	0	
Schoenus_nigricans	0	0	0	0	0	0	0	0	0	0	0	0	0	0	0	0	0	0	0	0	0	1	0	0	0	0	0	0	0	0	0	0	0	0	0	0	0	0	0	0	0	0	0	0	0	0	0	0	0	0	0	0	0	0	0	0	0	0	0	0	0	0	0	0	0	0	0	0	0	0	0	
Gahnia_aspera	0	0	0	0	0	0	0	0	0	0	0	0	0	0	0	0	0	0	0	0	0	0	0	0	0	0	0	0	0	0	0	0	0	0	0	0	0	0	0	1	0	0	0	0	0	0	0	0	0	0	0	0	0	0	0	0	0	0	0	0	0	0	0	0	0	0	0	0	0	0	0	
N11	0.0249821	0.0366799	0.0525444	0.07246	0.0911378	0.106998	0.113689	0.112982	0.102452	0.0879258	0.0690436	0.0512053	0.0341693	0.0213249	0.0117468	0.00607385	0.00274557	0.00117774	0.000437171	0.000156795	4.80181e-05	1.44851e-05	3.68086e-06	9.39394e-07	1.98509e-07	4.28807e-08	7.58589e-09	1.39855e-09	2.08545e-10	3.30354e-11	4.23936e-12	5.92988e-13	6.76049e-14	8.59429e-15	9.10842e-16	1.10666e-16	1.14297e-17	1.36821e-18	1.41477e-19	1.66511e-20	1.64251e-21	1.78673e-22	1.61178e-23	1.58223e-24	1.25899e-25	1.08784e-26	7.65315e-28	5.93549e-29	3.66633e-30	2.52863e-31	1.39922e-32	8.84327e-34	4.35238e-35	2.47405e-36	1.10678e-37	5.83521e-39	2.33701e-40	1.10956e-41	4.07685e-43	1.80896e-44	5.99892e-46	2.41513e-47	7.5183e-49	2.91722e-50	8.81149e-52	3.44468e-53	1.23921e-54	5.8331e-56	2.74578e-57	1.47176e-58	1.15022e-59	
Tetraria_capillaris	0	0	0	0	0	0	0	0	0	1	0	0	0	0	0	0	0	0	0	0	0	0	0	0	0	0	0	0	0	0	0	0	0	0	0	0	0	0	0	0	0	0	0	0	0	0	0	0	0	0	0	0	0	0	0	0	0	0	0	0	0	0	0	0	0	0	0	0	0	0	0	
N12	0.00243304	0.00469965	0.00942695	0.0177773	0.0294664	0.0455171	0.0658325	0.0893901	0.10167	0.094808	0.0789376	0.0760949	0.0813121	0.087014	0.0793029	0.0634397	0.0397149	0.0211355	0.00831779	0.00281744	0.000696345	0.000160166	2.81541e-05	5.38921e-06	1.03197e-06	3.71204e-07	1.61083e-07	8.94728e-08	3.80052e-08	1.78137e-08	6.1126e-09	2.33894e-09	6.48899e-10	2.00891e-10	4.5255e-11	1.13452e-11	2.05413e-12	4.06874e-13	5.9581e-14	9.40492e-15	1.08446e-15	1.32842e-16	1.21828e-17	1.19481e-18	8.607e-20	6.69485e-21	3.90752e-22	2.55469e-23	1.20517e-24	6.54612e-26	2.61789e-27	1.26565e-28	4.24587e-30	1.75501e-31	5.18036e-33	1.95347e-34	4.91265e-36	1.5818e-37	3.55799e-39	1.05601e-40	2.04758e-42	5.24013e-44	9.31615e-46	2.26615e-47	3.66582e-49	8.35031e-51	1.56746e-52	4.37232e-54	1.18491e-55	3.91782e-57	1.72794e-58	
Machaerina_articulata	0	0	0	0	0	0	0	0	0	0	0	1	0	0	0	0	0	0	0	0	0	0	0	0	0	0	0	0	0	0	0	0	0	0	0	0	0	0	0	0	0	0	0	0	0	0	0	0	0	0	0	0	0	0	0	0	0	0	0	0	0	0	0	0	0	0	0	0	0	0	0	
Machaerina_mariscoides	0	0	0	0	0	0	0	0	0	0	0	0	0	0	0	0	0	0	0	0	0	0	0	0	0	0	0	0	0	0	0	0	0	0	0	0	0	0	1	0	0	0	0	0	0	0	0	0	0	0	0	0	0	0	0	0	0	0	0	0	0	0	0	0	0	0	0	0	0	0	0	
N13	0.152485	0.18551	0.192718	0.17448	0.131427	0.0852905	0.0455341	0.0210459	0.00791456	0.00264998	0.000714514	0.000183825	3.70864e-05	8.00385e-06	1.27477e-06	2.47416e-07	3.16981e-08	5.36569e-09	5.49708e-10	7.92997e-11	6.34662e-12	7.41102e-13	4.76056e-14	4.77383e-15	2.42136e-16	1.95964e-17	8.36822e-19	6.25726e-20	2.17929e-21	1.34609e-22	4.90381e-24	3.54725e-25	1.82186e-26	9.98174e-28	3.94184e-29	1.5372e-30	4.51992e-32	1.27638e-33	2.91176e-35	6.49858e-37	1.12041e-38	1.94483e-40	2.70441e-42	4.30661e-44	4.83846e-46	6.91326e-48	7.18491e-50	1.19358e-51	1.03678e-53	1.45745e-55	1.21907e-57	1.95433e-59	1.32574e-61	1.68012e-63	1.16249e-65	1.76943e-67	9.48051e-70	1.02506e-71	5.58624e-74	7.46591e-76	3.43963e-78	3.84071e-80	2.25952e-82	3.2841e-84	1.86268e-86	2.22394e-88	1.28541e-90	1.50121e-92	1.21649e-94	1.80786e-96	3.18021e-98	
N14	0.0780559	0.114338	0.152788	0.178258	0.168991	0.135681	0.0877761	0.0491707	0.0220367	0.00891886	0.00282884	0.000884454	0.000205994	5.42502e-05	9.73671e-06	2.28028e-06	3.16987e-07	6.18272e-08	6.62404e-09	1.0625e-09	8.53837e-11	1.05813e-11	6.64895e-13	7.01937e-14	3.34978e-15	2.72277e-16	1.07782e-17	8.23398e-19	2.58009e-20	1.57394e-21	5.95534e-23	4.67035e-24	2.71318e-25	1.3152e-26	4.52663e-28	1.39855e-29	3.30847e-31	7.15199e-33	1.25847e-34	2.10398e-36	2.7394e-38	3.51968e-40	3.62848e-42	4.28398e-44	3.51294e-46	3.72289e-48	2.82688e-50	3.61135e-52	2.22236e-54	2.28999e-56	1.34652e-58	1.61139e-60	7.41627e-63	6.74263e-65	3.22033e-67	3.71511e-69	1.3024e-71	9.90897e-74	3.59913e-76	3.63568e-78	1.14653e-80	1.01471e-82	4.55861e-85	5.13713e-87	2.20637e-89	1.93727e-91	7.18241e-94	5.3583e-96	2.42927e-98	2.26726e-100	2.41965e-102	
N15	0.0141627	0.0255739	0.0465206	0.0777158	0.110473	0.138351	0.147156	0.139748	0.112316	0.0821847	0.050536	0.0294728	0.014194	0.00696169	0.00275139	0.00122132	0.000416071	0.000169955	5.02007e-05	1.84232e-05	4.5301e-06	1.40509e-06	2.82202e-07	7.41527e-08	1.18341e-08	2.52863e-09	3.2984e-10	6.09475e-11	6.46364e-12	9.93248e-13	9.91128e-14	1.5069e-14	1.65221e-15	2.03648e-16	1.8319e-17	1.66219e-18	1.12888e-19	7.44925e-21	3.8994e-22	1.99804e-23	7.89777e-25	3.12021e-26	9.77298e-28	3.33216e-29	8.3556e-31	2.46934e-32	5.46672e-34	1.64981e-35	3.10102e-37	8.1755e-39	1.41735e-40	3.80778e-42	5.50737e-44	1.23302e-45	1.69331e-47	3.97081e-49	4.49893e-51	8.46041e-53	9.31675e-55	1.88314e-56	1.82768e-58	3.2236e-60	3.46115e-62	6.75474e-64	7.00878e-66	1.20576e-67	1.38212e-69	2.53235e-71	3.95802e-73	8.58942e-75	2.39336e-76	
N16	4.94269e-06	1.95975e-05	8.37603e-05	0.000310461	0.000909964	0.00240132	0.00590544	0.0125286	0.0212023	0.0290406	0.031733	0.0347439	0.0485338	0.0817277	0.122926	0.15814	0.158327	0.132567	0.0847523	0.0460963	0.018921	0.00677479	0.00181863	0.000438412	7.87725e-05	1.30858e-05	1.62404e-06	1.92186e-07	1.7002e-08	1.47734e-09	9.69641e-11	6.45515e-12	3.27006e-13	1.71673e-14	6.94495e-16	2.95744e-17	9.74691e-19	3.39045e-20	9.30393e-22	2.68989e-23	6.12315e-25	1.46116e-26	2.7899e-28	5.60816e-30	8.96147e-32	1.51761e-33	2.06911e-35	3.04889e-37	3.55746e-39	4.56138e-41	4.67665e-43	5.40633e-45	4.86204e-47	4.99766e-49	4.03848e-51	3.80954e-53	2.73002e-55	2.29935e-57	1.49757e-59	1.16881e-61	6.81918e-64	4.80243e-66	2.61518e-68	1.77017e-70	9.3596e-73	6.40464e-75	4.05348e-77	3.33603e-79	2.73807e-81	2.49823e-83	2.67177e-85	
Dulichium_arundinaceum	0	0	0	0	0	0	0	0	0	0	0	0	0	0	0	1	0	0	0	0	0	0	0	0	0	0	0	0	0	0	0	0	0	0	0	0	0	0	0	0	0	0	0	0	0	0	0	0	0	0	0	0	0	0	0	0	0	0	0	0	0	0	0	0	0	0	0	0	0	0	0	
N17	4.39005e-09	3.26951e-08	2.71722e-07	1.8929e-06	9.0558e-06	3.41655e-05	0.000160054	0.000739096	0.00236351	0.00417553	0.00355696	0.00191311	0.00136816	0.00213763	0.00710601	0.02724	0.080224	0.169353	0.238808	0.231817	0.142446	0.0635123	0.0178498	0.00438668	0.000676615	0.000109087	1.03328e-05	1.09565e-06	6.55463e-08	4.54495e-09	1.79244e-10	8.47837e-12	2.30711e-13	7.77057e-15	1.52838e-16	3.84904e-18	5.67385e-20	1.10199e-21	1.28086e-23	2.01953e-25	1.92668e-27	2.505e-29	2.10951e-31	2.37735e-33	1.7628e-35	1.62911e-37	1.05923e-39	8.34413e-42	4.38602e-44	2.79712e-46	1.25146e-48	7.68373e-51	2.80888e-53	1.53957e-55	5.33296e-58	3.20713e-60	9.39825e-63	4.72301e-65	1.35069e-67	7.03969e-70	1.66865e-72	6.87765e-75	1.58298e-77	6.74753e-80	1.29829e-82	4.4799e-85	9.66227e-88	4.28679e-90	1.56948e-92	9.01255e-95	5.64672e-97	
Blysmus_compressus	0	0	0	0	0	0	0	0	0	0	0	0	0	0	0	0	0	0	0	0	0	1	0	0	0	0	0	0	0	0	0	0	0	0	0	0	0	0	0	0	0	0	0	0	0	0	0	0	0	0	0	0	0	0	0	0	0	0	0	0	0	0	0	0	0	0	0	0	0	0	0	
Blysmus_rufus	0	0	0	0	0	0	0	0	0	0	0	0	0	0	0	0	0	0	0	1	0	0	0	0	0	0	0	0	0	0	0	0	0	0	0	0	0	0	0	0	0	0	0	0	0	0	0	0	0	0	0	0	0	0	0	0	0	0	0	0	0	0	0	0	0	0	0	0	0	0	0	
N18	0.005584	0.0113802	0.0244845	0.0484253	0.0807694	0.115864	0.141364	0.153447	0.142802	0.116033	0.0775775	0.044962	0.0214879	0.00958723	0.00375533	0.0015569	0.000573126	0.000232239	7.58393e-05	2.79953e-05	7.48048e-06	2.40428e-06	5.09952e-07	1.41528e-07	2.32596e-08	5.35317e-09	6.84083e-10	1.30174e-10	1.26838e-11	1.88616e-12	1.44877e-13	1.78092e-14	1.1337e-15	1.09281e-16	5.95568e-18	4.63786e-19	2.08068e-20	1.19783e-21	4.48162e-23	2.02774e-24	5.79401e-26	1.92332e-27	4.39695e-29	1.22703e-30	2.16688e-32	4.84938e-34	7.48104e-36	1.69879e-37	2.21103e-39	4.45037e-41	5.72437e-43	1.34224e-44	1.44297e-46	2.78244e-48	2.92596e-50	6.50045e-52	5.23161e-54	8.34247e-56	6.53085e-58	1.18461e-59	7.03532e-62	8.89151e-64	5.3582e-66	7.87513e-68	3.63966e-70	3.75946e-72	1.99687e-74	2.78198e-76	2.77212e-78	4.96063e-80	1.00265e-81	
N19	0.000786721	0.00179637	0.004504	0.0106721	0.0220404	0.0398945	0.062146	0.0884541	0.114459	0.137127	0.142092	0.129608	0.0977902	0.0663162	0.0376051	0.0211949	0.01043	0.00596917	0.00303889	0.00196128	0.00100087	0.000622839	0.000271957	0.00014212	4.86226e-05	2.01012e-05	5.32309e-06	1.7614e-06	3.59274e-07	9.45193e-08	1.54885e-08	3.48067e-09	4.87566e-10	9.30878e-11	1.19005e-11	1.99292e-12	2.24617e-13	3.00156e-14	2.94306e-15	3.20666e-16	2.49496e-17	2.0797e-18	1.30385e-19	9.02708e-21	4.42109e-22	2.48979e-23	1.02465e-24	5.46049e-26	1.86382e-27	8.71637e-29	2.7176e-30	1.28272e-31	3.39346e-33	1.35066e-34	3.32662e-36	1.32263e-37	2.72151e-39	8.81799e-41	1.70225e-42	5.62824e-44	9.18686e-46	2.52193e-47	4.05202e-49	1.19367e-50	1.69722e-52	4.37085e-54	7.87573e-56	2.77617e-57	8.89295e-59	3.88649e-60	2.24125e-61	
N20	4.45081e-06	6.70461e-06	1.4502e-05	5.07054e-05	0.000214293	0.000842663	0.00218207	0.0028343	0.00378945	0.00866791	0.0207946	0.0492178	0.107942	0.188056	0.206374	0.142031	0.0617481	0.021082	0.00704957	0.00651914	0.0108563	0.0197423	0.0263103	0.0339209	0.0297555	0.025278	0.0139122	0.00739691	0.00244001	0.000779758	0.000152713	2.9877e-05	3.59972e-06	4.51845e-07	3.61657e-08	3.16194e-09	1.80115e-10	1.1431e-11	4.9911e-13	2.43011e-14	8.19065e-16	3.01274e-17	8.01953e-19	2.32543e-20	4.8058e-22	1.08685e-23	1.80845e-25	3.44003e-27	4.59296e-29	7.27192e-31	8.28567e-33	1.19573e-34	1.14596e-36	1.42244e-38	1.21546e-40	1.40496e-42	1.02137e-44	1.00162e-46	6.57045e-49	6.02822e-51	3.38483e-53	2.64391e-55	1.36527e-57	1.02417e-59	4.70033e-62	3.20277e-64	1.69711e-66	1.45816e-68	1.20406e-70	1.26679e-72	1.5511e-74	
Scirpus_pendulus	0	0	0	0	0	0	0	0	0	0	0	0	0	0	0	0	0	0	0	1	0	0	0	0	0	0	0	0	0	0	0	0	0	0	0	0	0	0	0	0	0	0	0	0	0	0	0	0	0	0	0	0	0	0	0	0	0	0	0	0	0	0	0	0	0	0	0	0	0	0	0	
N21	4.4851e-10	2.55147e-10	1.25086e-10	1.27867e-10	4.51599e-10	1.58187e-08	2.85567e-07	4.77418e-07	7.71856e-08	3.56875e-08	8.82174e-07	2.30168e-05	0.000378696	0.00312402	0.00740628	0.00151794	7.73286e-05	2.73389e-06	1.66465e-07	1.76351e-08	1.39522e-08	3.72519e-07	7.95096e-06	0.000126543	0.00132324	0.0104885	0.0480824	0.175443	0.28331	0.325526	0.114549	0.0264456	0.00202888	0.000133296	3.66125e-06	1.02789e-07	1.36008e-09	2.02863e-11	1.53765e-13	1.3985e-15	6.71634e-18	4.02718e-20	1.32736e-22	5.65366e-25	1.36009e-27	4.29419e-30	8.08931e-33	1.98701e-35	2.97331e-38	5.56201e-41	6.6753e-44	9.97669e-47	9.25463e-50	1.09147e-52	8.33096e-56	9.30642e-59	5.69789e-62	5.62084e-65	3.26716e-68	3.5751e-71	1.70949e-74	1.50339e-77	7.084e-81	6.47663e-84	2.43852e-87	1.72077e-90	7.46744e-94	6.77832e-97	4.96882e-100	5.37777e-103	5.81789e-106	
N22	1.80544e-13	4.39461e-14	5.55188e-15	1.61379e-15	5.30951e-15	7.65806e-13	7.15624e-11	1.28396e-10	3.7444e-12	1.56771e-12	1.48988e-10	2.13129e-08	1.67972e-06	4.89184e-05	0.000194012	3.44206e-05	5.88338e-07	4.01191e-09	3.01467e-11	5.01703e-13	6.45706e-13	2.98357e-11	4.20259e-09	3.88292e-07	2.07896e-05	0.000657593	0.0104834	0.0888902	0.294145	0.408465	0.16936	0.0263898	0.00127806	2.99998e-05	2.76486e-07	2.10455e-09	5.98765e-12	6.48e-14	1.19594e-16	2.38256e-18	2.82287e-21	3.66591e-23	2.75714e-26	2.14793e-28	1.05516e-31	4.98685e-34	1.55748e-37	5.19639e-40	1.04921e-43	2.58141e-46	3.86135e-50	7.25263e-53	8.13732e-57	1.06851e-59	1.05145e-63	1.07612e-66	8.63512e-71	5.76444e-74	4.00527e-78	2.24224e-81	1.1552e-85	4.52177e-89	1.85875e-93	6.91966e-97	2.08803e-101	5.74373e-105	1.42379e-109	4.02146e-113	1.85653e-117	1.72311e-120	1.634e-123	
N23	2.04961e-16	5.32433e-17	1.7874e-17	1.46818e-17	2.98102e-17	1.45762e-15	5.34892e-14	3.5891e-13	1.26522e-13	9.81083e-14	4.2994e-12	5.05235e-10	3.37249e-08	9.71382e-07	7.32343e-06	5.92221e-06	3.56522e-07	5.64598e-09	4.17433e-11	2.44727e-13	1.37716e-14	6.17353e-14	1.09863e-11	2.07282e-09	2.49422e-07	1.76253e-05	0.000676228	0.0128453	0.105907	0.345424	0.385964	0.133955	0.0145852	0.00059941	1.10316e-05	1.05242e-07	5.65362e-10	2.04925e-12	4.56267e-15	1.82658e-17	6.91382e-20	4.35095e-21	4.90231e-23	2.23428e-24	2.00567e-26	4.45171e-28	2.00905e-30	3.21833e-32	9.86109e-35	1.35687e-36	3.03879e-39	2.88969e-41	4.51792e-44	2.97641e-46	3.24887e-49	1.48146e-51	1.08866e-54	3.30979e-57	1.76041e-60	3.58107e-63	1.43497e-66	1.79018e-69	5.02565e-73	4.29664e-76	8.25228e-80	5.7456e-83	8.06109e-87	5.36806e-90	3.22286e-93	1.17005e-95	3.8606e-98	
N24	2.36654e-19	6.45611e-20	1.92673e-20	1.31285e-20	3.48418e-20	2.4363e-18	1.64504e-16	4.12017e-15	2.49416e-15	1.58243e-15	6.47233e-14	9.29409e-12	7.761e-10	2.93275e-08	3.32998e-07	4.26252e-07	3.09762e-08	5.57439e-10	4.40948e-12	1.93833e-14	1.66908e-16	3.12668e-16	6.86073e-14	2.37651e-11	5.41424e-09	7.4136e-07	5.63079e-05	0.00214493	0.0361016	0.231005	0.464429	0.235414	0.0295951	0.00123035	2.13025e-05	1.80833e-07	8.44895e-10	2.37675e-12	4.27677e-15	5.43743e-18	4.80999e-21	1.09562e-23	6.38049e-26	2.71191e-27	2.31794e-29	4.97067e-31	2.06741e-33	3.37295e-35	8.8883e-38	1.4384e-39	2.90796e-42	3.32809e-44	4.89374e-47	3.91448e-49	4.04095e-52	2.27553e-54	1.59637e-57	6.28564e-60	3.03424e-63	8.16065e-66	2.8805e-69	4.9649e-72	1.28646e-75	1.39734e-78	2.52375e-82	1.96661e-85	2.59231e-89	1.60004e-92	2.37038e-96	4.17396e-99	1.12225e-101	
Scirpus_expansus	0	0	0	0	0	0	0	0	0	0	0	0	0	0	0	0	0	0	0	0	0	0	0	0	0	0	0	0	0	0	0	1	0	0	0	0	0	0	0	0	0	0	0	0	0	0	0	0	0	0	0	0	0	0	0	0	0	0	0	0	0	0	0	0	0	0	0	0	0	0	0	
N25	6.56778e-23	1.34807e-23	3.34024e-24	3.68052e-24	2.02254e-23	4.23445e-21	8.32501e-19	3.98048e-17	1.5261e-17	5.99867e-18	2.00321e-16	4.33533e-14	5.76245e-12	3.64276e-10	7.48314e-09	1.27778e-08	6.52007e-10	8.75958e-12	5.28108e-14	1.74804e-16	9.87652e-19	1.10092e-18	1.53546e-16	1.02955e-13	4.78862e-11	1.39188e-08	2.34472e-06	0.000207173	0.0083645	0.126357	0.520202	0.315224	0.0288649	0.000769281	8.25167e-06	4.31756e-08	1.25125e-10	2.19761e-13	2.50162e-16	1.94393e-19	1.07286e-22	4.48695e-26	1.73855e-29	1.20106e-31	4.33833e-34	7.60171e-36	1.80183e-38	2.30316e-40	3.88599e-43	4.04705e-45	5.52357e-48	4.04569e-50	4.39419e-53	2.24479e-55	1.88744e-58	6.77041e-61	4.20806e-64	1.06446e-66	4.67431e-70	8.27469e-73	2.55572e-76	3.03847e-79	6.69803e-83	5.00772e-86	7.5866e-90	3.80133e-93	4.0973e-97	1.57432e-100	1.50164e-104	9.73565e-108	1.07408e-110	
Scirpus_sylvaticus	0	0	0	0	0	0	0	0	0	0	0	0	0	0	0	0	0	0	0	0	0	0	0	0	0	0	0	0	0	0	1	0	0	0	0	0	0	0	0	0	0	0	0	0	0	0	0	0	0	0	0	0	0	0	0	0	0	0	0	0	0	0	0	0	0	0	0	0	0	0	0	
Scirpus_microcarpus	0	0	0	0	0	0	0	0	0	0	0	0	0	0	0	0	0	0	0	0	0	0	0	0	0	0	0	0	0	0	0	1	0	0	0	0	0	0	0	0	0	0	0	0	0	0	0	0	0	0	0	0	0	0	0	0	0	0	0	0	0	0	0	0	0	0	0	0	0	0	0	
Scirpus_maximowiczii	0	0	0	0	0	0	0	0	0	0	0	0	0	0	0	0	0	0	0	0	0	0	0	0	0	0	0	0	0	0	0	1	0	0	0	0	0	0	0	0	0	0	0	0	0	0	0	0	0	0	0	0	0	0	0	0	0	0	0	0	0	0	0	0	0	0	0	0	0	0	0	
N26	1.57728e-16	2.85666e-17	5.16139e-18	4.33188e-18	5.64035e-17	7.66633e-15	4.54663e-13	5.78122e-13	2.93077e-14	8.89744e-14	1.55532e-11	2.66615e-09	2.18338e-07	5.42713e-06	1.66279e-05	3.46188e-06	8.39642e-08	6.03883e-10	2.41076e-12	5.82844e-14	2.28738e-14	1.68921e-12	4.22879e-10	6.82287e-08	6.24586e-06	0.000305854	0.00725623	0.0771531	0.302475	0.417097	0.170932	0.0236203	0.00110709	2.12375e-05	1.85401e-07	8.54653e-10	2.21432e-12	4.30791e-15	5.0609e-18	1.78375e-20	1.74712e-23	2.07663e-25	1.39322e-27	5.29005e-29	7.77554e-31	1.06607e-32	5.17527e-35	2.18471e-37	2.38496e-40	3.32893e-42	3.04776e-45	4.40652e-47	2.71622e-50	2.90379e-52	1.27161e-55	1.0172e-57	2.98358e-61	1.70355e-63	3.74127e-67	1.53241e-69	2.53643e-73	6.09509e-76	7.81836e-80	1.14972e-82	9.8234e-87	9.45466e-90	5.95103e-94	4.35941e-97	2.90273e-101	6.20482e-104	2.458e-106	
N27	2.52577e-19	2.22552e-19	3.50754e-19	1.28294e-18	6.55592e-18	1.2464e-16	5.50846e-15	7.06865e-14	9.8632e-14	3.12818e-13	7.76572e-12	4.43064e-10	1.53793e-08	2.38214e-07	1.06342e-06	7.60617e-07	9.77557e-08	3.32295e-09	5.22441e-11	7.77662e-13	3.55094e-13	2.05919e-12	4.82288e-11	5.80627e-09	5.44478e-07	3.12469e-05	0.0010092	0.0165736	0.122126	0.352661	0.354483	0.132585	0.0193712	0.0011264	3.04113e-05	4.36547e-07	3.68053e-09	1.97252e-11	7.0767e-14	1.89224e-16	4.12521e-19	8.15417e-21	1.05209e-22	7.01234e-24	7.31308e-26	2.9719e-27	2.10803e-29	6.12966e-31	3.35643e-33	7.00405e-35	3.01894e-37	4.30282e-39	1.41947e-41	1.3842e-43	3.35104e-46	2.23537e-48	3.78407e-51	1.71372e-53	2.03728e-56	6.20882e-59	5.3738e-62	1.07462e-64	6.56904e-68	9.14382e-71	3.86138e-74	4.35354e-77	1.34786e-80	1.44356e-83	1.10289e-86	4.70137e-89	2.09118e-91	
Scirpus_polystachyus	0	0	0	0	0	0	0	0	0	0	0	0	0	0	0	0	0	0	0	0	0	0	0	0	0	0	0	0	0	1	0	0	0	0	0	0	0	0	0	0	0	0	0	0	0	0	0	0	0	0	0	0	0	0	0	0	0	0	0	0	0	0	0	0	0	0	0	0	0	0	0	
Scirpus_cyperinus	0	0	0	0	0	0	0	0	0	0	0	0	0	0	0	0	0	0	0	0	0	0	0	0	0	0	0	0	0	0	0	0	1	0	0	0	0	0	0	0	0	0	0	0	0	0	0	0	0	0	0	0	0	0	0	0	0	0	0	0	0	0	0	0	0	0	0	0	0	0	0	
N28	5.24307e-21	7.17946e-22	4.39989e-22	6.93441e-21	4.90179e-19	3.50473e-17	9.69086e-16	1.09586e-15	1.19903e-15	5.68141e-14	7.896e-12	6.79038e-10	2.84373e-08	3.71261e-07	5.7048e-07	7.09361e-08	2.20195e-09	2.92274e-11	2.37868e-13	1.13235e-14	6.34493e-14	7.92761e-12	1.57716e-09	2.05894e-07	1.60803e-05	0.000691374	0.0146274	0.131008	0.406644	0.352309	0.0870224	0.00741636	0.000260603	4.38702e-06	3.97675e-08	2.1241e-10	7.16076e-13	1.61344e-15	2.52925e-18	2.94012e-21	2.51119e-24	2.71931e-27	6.96032e-30	2.0641e-31	1.99914e-33	3.42933e-35	1.63404e-37	1.88496e-39	5.29564e-42	7.71932e-44	1.87351e-46	2.05563e-48	3.97293e-51	3.07432e-53	4.56209e-56	2.49664e-58	2.71e-61	1.04977e-63	8.13822e-67	2.19947e-69	1.21343e-72	2.15807e-75	8.61531e-79	9.89497e-82	2.74729e-85	2.26026e-88	4.50802e-92	3.04169e-95	6.54247e-99	1.09583e-101	2.7823e-104	
N29	4.44371e-26	1.69734e-26	6.9633e-26	3.7469e-24	6.21198e-22	1.86923e-19	2.64253e-17	4.92054e-17	1.53676e-17	2.70854e-16	5.07521e-14	6.17953e-12	3.69832e-10	7.53918e-09	1.41273e-08	9.21303e-10	1.62917e-11	1.30928e-13	6.1281e-16	1.57643e-17	1.75001e-16	7.088e-14	3.00584e-11	8.22569e-09	1.35021e-06	0.00012142	0.00527079	0.0915204	0.466757	0.383403	0.0508993	0.00199488	3.14097e-05	2.39559e-07	1.00374e-09	2.52855e-12	4.09716e-15	4.50054e-18	3.49434e-21	1.99648e-24	8.89124e-28	1.49383e-30	3.82821e-33	7.26317e-35	1.72854e-37	2.24224e-39	4.14052e-42	3.73465e-44	5.50466e-47	3.47066e-49	4.07873e-52	1.7976e-54	1.6446e-57	5.0849e-60	3.47398e-63	7.53355e-66	3.6706e-69	5.52856e-72	1.89797e-75	1.94401e-78	4.93305e-82	3.35666e-85	6.1852e-89	2.89054e-92	3.75764e-96	1.38639e-99	1.33367e-103	4.39483e-107	7.20479e-111	8.5167e-114	1.15106e-116	
Eriophorum_virginicum	0	0	0	0	0	0	0	0	0	0	0	0	0	0	0	0	0	0	0	0	0	0	0	0	0	0	0	0	1	0	0	0	0	0	0	0	0	0	0	0	0	0	0	0	0	0	0	0	0	0	0	0	0	0	0	0	0	0	0	0	0	0	0	0	0	0	0	0	0	0	0	
Eriophorum_gracile	0	0	0	0	0	0	0	0	0	0	0	0	0	0	0	0	0	0	0	0	0	0	0	0	0	0	0	0	0	1	0	0	0	0	0	0	0	0	0	0	0	0	0	0	0	0	0	0	0	0	0	0	0	0	0	0	0	0	0	0	0	0	0	0	0	0	0	0	0	0	0	
Eriophorum_angustifolium_subsp_angustifolium	0	0	0	0	0	0	0	0	0	0	0	0	0	0	0	0	0	0	0	0	0	0	0	0	0	0	0	0	1	0	0	0	0	0	0	0	0	0	0	0	0	0	0	0	0	0	0	0	0	0	0	0	0	0	0	0	0	0	0	0	0	0	0	0	0	0	0	0	0	0	0	
Scirpus_radicans	0	0	0	0	0	0	0	0	0	0	0	0	0	0	0	0	0	0	0	0	0	0	0	0	0	0	0	1	0	0	0	0	0	0	0	0	0	0	0	0	0	0	0	0	0	0	0	0	0	0	0	0	0	0	0	0	0	0	0	0	0	0	0	0	0	0	0	0	0	0	0	
Scirpus_divaricatus	0	0	0	0	0	0	0	0	0	0	0	0	0	1	0	0	0	0	0	0	0	0	0	0	0	0	0	0	0	0	0	0	0	0	0	0	0	0	0	0	0	0	0	0	0	0	0	0	0	0	0	0	0	0	0	0	0	0	0	0	0	0	0	0	0	0	0	0	0	0	0	
N30	0.00557154	0.0112196	0.0239546	0.0470417	0.0786098	0.112604	0.138388	0.151689	0.144222	0.118794	0.0808084	0.046969	0.022713	0.0102287	0.00414449	0.00182492	0.000703951	0.000327963	0.000106467	5.52839e-05	1.31857e-05	8.57449e-06	1.42673e-06	1.17939e-06	1.40365e-07	1.22331e-07	1.14208e-08	9.44911e-09	7.04242e-10	4.84318e-10	3.07693e-11	1.89886e-11	1.06558e-12	5.04883e-13	3.23734e-14	1.33224e-14	1.09974e-15	2.79254e-16	3.09299e-17	5.95467e-18	5.76476e-19	7.35737e-20	6.55756e-21	7.4079e-22	4.96008e-23	4.30298e-24	2.85569e-25	3.48436e-26	1.58988e-27	1.49499e-28	8.09758e-30	2.16471e-30	5.02978e-32	6.2579e-33	2.46591e-34	1.25231e-34	1.75512e-36	2.15925e-37	6.43907e-39	3.33708e-39	3.54673e-41	3.62148e-42	9.0163e-44	4.19998e-44	3.57591e-46	3.10344e-47	6.11368e-49	2.37917e-49	7.03221e-51	3.23093e-51	2.09014e-51	
N31	9.12863e-06	0.000198609	0.0030862	0.0289713	0.213039	0.552901	0.181169	0.0196058	0.000990853	2.86866e-05	5.22553e-07	6.56401e-09	5.88649e-11	3.99542e-13	2.07481e-15	8.65436e-18	2.89227e-20	8.10111e-23	1.87592e-25	3.77156e-28	6.41327e-31	9.77273e-34	1.28033e-36	1.54689e-39	1.62132e-42	1.60558e-45	1.38328e-48	1.1481e-51	8.26681e-55	5.82332e-58	3.54635e-61	2.14278e-64	1.11427e-67	5.82446e-71	2.61438e-74	1.19565e-77	4.6815e-81	1.89077e-84	6.54641e-88	2.36082e-91	7.27256e-95	2.34922e-98	6.49577e-102	1.89244e-105	4.70518e-109	1.23493e-112	2.77372e-116	6.59978e-120	1.33833e-123	2.88533e-127	5.32012e-131	1.05075e-134	1.76369e-138	3.19212e-142	4.92566e-146	8.2744e-150	1.17316e-153	1.82206e-157	2.39662e-161	3.486e-165	4.24877e-169	5.77362e-173	6.68235e-177	8.82539e-181	1.0271e-184	1.42541e-188	1.94932e-192	3.1941e-196	5.34083e-200	9.59476e-204	1.74464e-207	
Carex_pachygyna	0	0	0	0	0	1	0	0	0	0	0	0	0	0	0	0	0	0	0	0	0	0	0	0	0	0	0	0	0	0	0	0	0	0	0	0	0	0	0	0	0	0	0	0	0	0	0	0	0	0	0	0	0	0	0	0	0	0	0	0	0	0	0	0	0	0	0	0	0	0	0	
Carex_siderosticta	0	0	0	0	0	1	0	0	0	0	0	0	0	0	0	0	0	0	0	0	0	0	0	0	0	0	0	0	0	0	0	0	0	0	0	0	0	0	0	0	0	0	0	0	0	0	0	0	0	0	0	0	0	0	0	0	0	0	0	0	0	0	0	0	0	0	0	0	0	0	0	
N32	2.37727e-07	7.44327e-07	2.99509e-06	1.18401e-05	4.19913e-05	0.000117893	0.000233724	0.000470755	0.00117463	0.00324405	0.00779625	0.0142565	0.0161169	0.0116782	0.00660957	0.00390167	0.00234576	0.00185816	0.00243458	0.00559911	0.0137892	0.0360875	0.0750115	0.143348	0.185788	0.201718	0.138041	0.0812616	0.0315615	0.0115897	0.00297063	0.000762491	0.000138673	2.62203e-05	4.12059e-06	1.48185e-06	1.14051e-06	1.24664e-06	1.05554e-06	9.20952e-07	5.95099e-07	3.88312e-07	1.90126e-07	9.37131e-08	3.39906e-08	1.24119e-08	3.35348e-09	9.28498e-10	1.83545e-10	3.765e-11	5.53235e-12	8.67019e-13	9.31414e-14	1.08222e-14	8.77419e-16	7.93704e-17	4.8127e-18	3.30182e-19	1.57389e-20	8.78248e-22	3.27658e-23	1.45235e-24	4.53147e-26	1.75038e-27	4.75324e-29	1.67084e-30	5.05355e-32	2.01332e-33	7.66853e-35	3.26383e-36	1.87242e-37	
Trichophorum_cespitosum	0	0	0	0	0	0	0	0	0	0	0	0	0	0	0	0	0	0	0	0	0	0	0	0	0	0	0	0	0	0	0	0	0	0	0	0	0	0	0	0	0	0	0	0	0	0	0	0	0	0	0	1	0	0	0	0	0	0	0	0	0	0	0	0	0	0	0	0	0	0	0	
Trichophorum_alpinum	0	0	0	0	0	0	0	0	0	0	0	0	0	0	0	0	0	0	0	0	0	0	0	0	0	0	0	0	1	0	0	0	0	0	0	0	0	0	0	0	0	0	0	0	0	0	0	0	0	0	0	0	0	0	0	0	0	0	0	0	0	0	0	0	0	0	0	0	0	0	0	
N33	0.0449045	0.0789812	0.126359	0.169654	0.181282	0.159953	0.113323	0.0686505	0.0341321	0.0150476	0.00535293	0.00176414	0.000450086	0.000118531	2.25464e-05	5.22271e-06	7.61876e-07	1.53211e-07	1.69641e-08	2.8065e-09	2.26934e-10	2.8433e-11	1.70624e-12	1.69058e-13	7.36471e-15	5.40514e-16	1.82708e-17	1.15155e-18	2.90042e-20	1.37426e-21	3.23919e-23	1.71907e-24	5.63143e-26	2.15342e-27	5.62597e-29	1.51063e-30	2.8746e-32	5.30483e-34	7.66157e-36	1.0815e-37	1.12307e-39	1.16078e-41	9.32376e-44	8.55292e-46	5.17761e-48	3.99066e-50	2.14366e-52	1.99451e-54	8.42209e-57	6.28891e-59	2.57134e-61	2.33337e-63	7.33584e-66	4.79442e-68	1.55684e-70	1.2958e-72	3.05176e-75	1.6143e-77	3.89229e-80	2.72552e-82	5.13232e-85	2.64869e-87	6.45266e-90	4.88605e-92	1.08125e-94	6.33724e-97	1.48673e-99	8.8304e-102	3.15502e-104	2.48808e-106	2.10189e-108	
N34	0.0846411	0.119356	0.1543	0.174843	0.165023	0.131155	0.0864154	0.0483223	0.0225976	0.00909126	0.0030665	0.000904877	0.000222871	4.97532e-05	9.15228e-06	1.65434e-06	2.37982e-07	3.84668e-08	4.51772e-09	7.0084e-10	6.81258e-11	9.85309e-12	7.90707e-13	1.01133e-13	6.56597e-15	6.99099e-16	3.71538e-17	3.36411e-18	1.44793e-19	1.07994e-20	3.94751e-22	2.67386e-23	8.54635e-25	5.00592e-26	1.6415e-27	9.64347e-29	3.23232e-30	1.5637e-31	5.36887e-33	2.29229e-34	6.60496e-36	2.18203e-37	5.50382e-39	1.66105e-40	3.31081e-42	8.17386e-44	1.44805e-45	4.00305e-47	5.6119e-49	1.32463e-50	1.82432e-52	5.55992e-54	6.04618e-56	1.38521e-57	1.57305e-59	4.52868e-61	3.93449e-63	7.62367e-65	6.88695e-67	1.68135e-68	1.17408e-70	1.95564e-72	1.49057e-74	3.27647e-76	1.91317e-78	2.80661e-80	2.03515e-82	4.75747e-84	7.93067e-86	2.6069e-87	1.04127e-88	
N35	0.175791	0.20215	0.195748	0.165675	0.119177	0.0744253	0.0392818	0.0178746	0.00682713	0.00224764	0.000618654	0.00014841	2.96939e-05	5.32866e-06	7.94511e-07	1.13129e-07	1.32917e-08	1.64466e-09	1.62336e-10	1.85845e-11	1.57347e-12	1.62301e-13	1.15923e-14	1.03615e-15	6.10448e-17	4.59423e-18	2.24591e-19	1.449e-20	5.86931e-22	3.22719e-23	1.12236e-24	5.6073e-26	1.75242e-27	7.923e-29	2.40727e-30	1.04036e-31	3.03598e-33	1.13391e-34	3.14833e-36	1.02906e-37	2.42228e-39	6.36203e-41	1.27823e-42	2.933e-44	4.80227e-46	9.28772e-48	1.32933e-49	2.54181e-51	3.09716e-53	5.35855e-55	6.18232e-57	1.13847e-58	1.14412e-60	1.81843e-62	1.76514e-64	2.91735e-66	2.41163e-68	3.27595e-70	2.61139e-72	3.7263e-74	2.53832e-76	3.00717e-78	2.04562e-80	2.6592e-82	1.58828e-84	1.77758e-86	1.33993e-88	2.13246e-90	3.06912e-92	6.30818e-94	1.56622e-95	
N36	0.214786	0.233812	0.206197	0.156012	0.0984531	0.05354	0.0240682	0.00924759	0.00289728	0.000778716	0.000169552	3.24684e-05	5.01613e-06	7.17948e-07	8.2317e-08	9.5229e-09	8.61795e-10	8.58002e-11	6.36942e-12	5.52087e-13	3.34093e-14	2.43247e-15	1.19781e-16	7.34001e-18	2.92109e-19	1.4871e-20	4.90944e-22	2.17693e-23	5.99102e-25	2.29361e-26	5.74384e-28	2.1546e-29	5.64451e-31	1.9288e-32	4.81691e-34	1.39961e-35	3.00542e-37	6.9965e-39	1.29038e-40	2.53562e-42	3.82557e-44	6.13568e-46	7.81226e-48	1.11801e-49	1.18161e-51	1.48184e-53	1.40274e-55	1.78687e-57	1.47735e-59	1.71777e-61	1.35242e-63	1.64456e-65	1.13178e-67	1.19377e-69	7.92682e-72	8.71202e-74	4.95214e-76	4.5438e-78	2.51148e-80	2.45847e-82	1.1936e-84	1.01718e-86	5.23036e-89	5.04146e-91	2.48666e-93	2.19579e-95	1.33967e-97	1.45165e-99	1.39449e-101	1.84606e-103	2.91495e-105	
N37	0.189945	0.221576	0.213095	0.172429	0.110962	0.0582788	0.0235924	0.00772993	0.0019228	0.000397209	6.20643e-05	8.60668e-06	8.92316e-07	9.20055e-08	6.8634e-09	5.88858e-10	3.36393e-11	2.43879e-12	1.08949e-13	6.58021e-15	2.26348e-16	1.08808e-17	2.96048e-19	1.19679e-20	2.55436e-22	8.34104e-24	1.48574e-25	4.4371e-27	6.51335e-29	1.65295e-30	2.56756e-32	7.65816e-34	1.66901e-35	3.8508e-37	6.44607e-39	1.07131e-40	1.35845e-42	1.68753e-44	1.71621e-46	1.74919e-48	1.39342e-50	1.13809e-52	7.48928e-55	5.64875e-57	3.03668e-59	2.05905e-61	1.0235e-63	8.00539e-66	3.40669e-68	2.33243e-70	9.70421e-73	7.54771e-75	2.61232e-77	1.64113e-79	5.77105e-82	4.27565e-84	1.19874e-86	6.59523e-89	1.88935e-91	1.27794e-93	3.18778e-96	1.86898e-98	5.96787e-101	4.48924e-103	1.41164e-105	8.90205e-108	2.86199e-110	1.78066e-112	8.01308e-115	6.3776e-117	5.72923e-119	
N38	0.111399	0.164895	0.211219	0.216032	0.160981	0.088938	0.0343065	0.0098758	0.00199218	0.000320501	3.67668e-05	3.81809e-06	2.81036e-07	2.22374e-08	1.1805e-09	7.81064e-11	3.09691e-12	1.6391e-13	4.91072e-15	2.10139e-16	4.73261e-18	1.58959e-19	2.84715e-21	8.37656e-23	1.1835e-24	2.8196e-26	3.46125e-28	8.08407e-30	8.36876e-32	1.65539e-33	2.11142e-35	5.31031e-37	1.00757e-38	1.73971e-40	2.21214e-42	2.6206e-44	2.43632e-46	2.12099e-48	1.53232e-50	1.06744e-52	5.93325e-55	3.29293e-57	1.49925e-59	7.86231e-62	2.99136e-64	1.48658e-66	5.50363e-69	3.36801e-71	1.0701e-73	5.5546e-76	1.73004e-78	1.04731e-80	2.66768e-83	1.30637e-85	3.5363e-88	2.21717e-90	4.65671e-93	2.06955e-95	4.63537e-98	2.71393e-100	5.53989e-103	2.93985e-105	8.37049e-108	5.49572e-110	1.52442e-112	8.13361e-115	2.09651e-117	1.01627e-119	3.35608e-122	2.04748e-124	1.3892e-126	
Fimbristylis_autumnalis	0	0	0	0	1	0	0	0	0	0	0	0	0	0	0	0	0	0	0	0	0	0	0	0	0	0	0	0	0	0	0	0	0	0	0	0	0	0	0	0	0	0	0	0	0	0	0	0	0	0	0	0	0	0	0	0	0	0	0	0	0	0	0	0	0	0	0	0	0	0	0	
Fimbristylis_complanata	0	0	0	0	1	0	0	0	0	0	0	0	0	0	0	0	0	0	0	0	0	0	0	0	0	0	0	0	0	0	0	0	0	0	0	0	0	0	0	0	0	0	0	0	0	0	0	0	0	0	0	0	0	0	0	0	0	0	0	0	0	0	0	0	0	0	0	0	0	0	0	
N39	0.00204006	0.0166604	0.0948399	0.304388	0.400605	0.155947	0.023601	0.0018356	8.02039e-05	2.33368e-06	4.46516e-08	6.64357e-10	7.00588e-12	6.51546e-14	4.42273e-16	2.95545e-18	1.41924e-20	7.23145e-23	2.57866e-25	1.03333e-27	2.78596e-30	8.80694e-33	1.85945e-35	4.85292e-38	8.14634e-41	1.75e-43	2.45336e-46	4.64427e-49	5.54169e-52	9.16965e-55	1.0674e-57	1.77911e-60	2.27665e-63	3.27281e-66	3.60284e-69	4.05657e-72	3.57038e-75	3.12112e-78	2.23777e-81	1.61014e-84	9.30701e-88	5.51485e-91	2.6829e-94	1.43723e-97	5.94169e-101	2.88948e-104	1.09734e-107	5.50199e-111	1.8629e-114	8.583e-118	2.7666e-121	1.3156e-124	3.72958e-128	1.56537e-131	4.30771e-135	1.89177e-138	4.54844e-142	1.71659e-145	4.10893e-149	1.65316e-152	3.67953e-156	1.35797e-159	3.32116e-163	1.32309e-166	3.23284e-170	1.1951e-173	3.27452e-177	1.31357e-180	4.75035e-184	2.21698e-187	1.05766e-190	
Fimbristylis_aestivalis	0	0	0	0	1	0	0	0	0	0	0	0	0	0	0	0	0	0	0	0	0	0	0	0	0	0	0	0	0	0	0	0	0	0	0	0	0	0	0	0	0	0	0	0	0	0	0	0	0	0	0	0	0	0	0	0	0	0	0	0	0	0	0	0	0	0	0	0	0	0	0	
Fimbristylis_squarrosa	0	0	0	0	1	0	0	0	0	0	0	0	0	0	0	0	0	0	0	0	0	0	0	0	0	0	0	0	0	0	0	0	0	0	0	0	0	0	0	0	0	0	0	0	0	0	0	0	0	0	0	0	0	0	0	0	0	0	0	0	0	0	0	0	0	0	0	0	0	0	0	
Fimbristylis_ovata	0	0	0	0	1	0	0	0	0	0	0	0	0	0	0	0	0	0	0	0	0	0	0	0	0	0	0	0	0	0	0	0	0	0	0	0	0	0	0	0	0	0	0	0	0	0	0	0	0	0	0	0	0	0	0	0	0	0	0	0	0	0	0	0	0	0	0	0	0	0	0	
N40	0.0951612	0.128886	0.15739	0.171622	0.158288	0.126835	0.0837548	0.0466258	0.0206835	0.00770382	0.00229405	0.000597973	0.00012807	2.57472e-05	4.36254e-06	7.41001e-07	1.03707e-07	1.48272e-08	1.64372e-09	1.87956e-10	1.57439e-11	1.38549e-12	8.72574e-14	5.96804e-15	2.85431e-16	1.53303e-17	5.79411e-19	2.57523e-20	7.96193e-22	3.00981e-23	8.29929e-25	2.93833e-26	7.96096e-28	2.5962e-29	6.66541e-31	1.95306e-32	4.65122e-34	1.25423e-35	2.9681e-37	7.9925e-39	1.82385e-40	4.53886e-42	9.28997e-44	2.065e-45	3.53358e-47	6.70664e-49	9.83904e-51	1.71054e-52	2.12228e-54	3.22586e-56	3.56403e-58	5.11175e-60	4.841e-62	6.01281e-64	5.1738e-66	6.12479e-68	4.52897e-70	4.60144e-72	3.15784e-74	3.12254e-76	1.90223e-78	1.66819e-80	1.00474e-82	8.93824e-85	5.23119e-87	4.45578e-89	3.10616e-91	3.06465e-93	2.84769e-95	3.14254e-97	4.07005e-99	
Bulbostylis_barbata	0	0	0	0	1	0	0	0	0	0	0	0	0	0	0	0	0	0	0	0	0	0	0	0	0	0	0	0	0	0	0	0	0	0	0	0	0	0	0	0	0	0	0	0	0	0	0	0	0	0	0	0	0	0	0	0	0	0	0	0	0	0	0	0	0	0	0	0	0	0	0	
N41	0.032979	0.06709	0.107962	0.1367	0.142496	0.14975	0.145765	0.118479	0.0604557	0.0245748	0.00905136	0.00313595	0.000928455	0.000402512	0.000150168	6.34425e-05	1.4005e-05	3.18314e-06	3.25152e-07	3.8922e-08	2.79547e-09	4.73828e-10	5.83156e-11	1.08669e-11	8.95293e-13	1.05037e-13	5.86215e-15	6.8841e-16	8.31786e-17	3.44132e-17	8.78039e-18	3.99726e-18	1.12257e-18	2.70069e-19	3.97035e-20	4.78062e-21	3.70259e-22	2.31894e-23	9.99631e-25	3.56148e-26	8.34043e-28	1.66518e-29	2.27602e-31	3.05424e-33	2.50984e-35	2.31221e-37	1.37406e-39	1.19548e-41	4.86085e-44	2.96302e-46	9.81525e-49	5.82556e-51	1.34849e-53	5.49218e-56	1.14843e-58	5.08216e-61	7.34409e-64	2.07732e-66	2.8083e-69	9.27859e-72	9.95291e-75	2.61155e-77	3.48745e-80	1.10678e-82	1.34071e-85	3.23999e-88	3.63351e-91	7.86401e-94	1.1396e-96	2.98131e-99	8.03641e-102	
N42	0.00324514	0.00675247	0.0127817	0.02361	0.0447722	0.0842961	0.117886	0.104245	0.0548265	0.036935	0.0173137	0.0149861	0.00414341	0.0125859	0.00580617	0.0292639	0.00763068	0.0174319	0.00226434	0.00295799	0.00026231	0.000487762	0.00011187	0.000416254	4.90401e-05	5.59363e-05	8.40249e-06	3.65854e-05	4.77048e-06	2.0474e-05	5.19928e-05	0.00167007	0.0228873	0.0559873	0.0893876	0.100103	0.0731299	0.0365352	0.0119188	0.00271015	0.000385884	4.20697e-05	2.80587e-06	2.58774e-07	8.3272e-09	9.92217e-10	2.36371e-11	4.63696e-12	5.45348e-14	4.4412e-15	4.8831e-17	4.98061e-18	3.02193e-20	1.42164e-21	1.47048e-23	3.43324e-24	7.53487e-27	1.66757e-28	5.51713e-31	7.83678e-32	1.4785e-34	1.15524e-35	1.55785e-37	3.08514e-38	3.66542e-40	3.43568e-41	9.23811e-44	4.79239e-45	1.05294e-47	5.62717e-49	1.96917e-50	
Bulbostylis_juncoides	0	0	0	0	0	0	0	0	0	0	0	0	0	0	0	0	0	0	0	0	0	0	0	0	0	0	0	0	0	0	0	0	0	0	0	0	0	0	0	0	0	1	0	0	0	0	0	0	0	0	0	0	0	0	0	0	0	0	0	0	0	0	0	0	0	0	0	0	0	0	0	
Bulbostylis_densa	0	0	0	0	0	0	0	0	0	0	0	0	0	0	0	0	0	0	0	0	0	0	0	0	0	0	0	0	0	0	0	1	0	0	0	0	0	0	0	0	0	0	0	0	0	0	0	0	0	0	0	0	0	0	0	0	0	0	0	0	0	0	0	0	0	0	0	0	0	0	0	
Bulbostylis_hispidula	0	0	0	0	1	0	0	0	0	0	0	0	0	0	0	0	0	0	0	0	0	0	0	0	0	0	0	0	0	0	0	0	0	0	0	0	0	0	0	0	0	0	0	0	0	0	0	0	0	0	0	0	0	0	0	0	0	0	0	0	0	0	0	0	0	0	0	0	0	0	0	
N43	0.0146615	0.0248133	0.0419278	0.066737	0.094238	0.122802	0.140272	0.140905	0.117102	0.0877584	0.0596982	0.0404859	0.0242885	0.0138311	0.0063731	0.00278215	0.00092926	0.000301597	7.18398e-05	1.74162e-05	3.07169e-06	6.14723e-07	1.02617e-07	2.50195e-08	5.61613e-09	1.74055e-09	4.08537e-10	1.19417e-10	2.40691e-11	6.04697e-12	1.07656e-12	2.4736e-13	4.1791e-14	8.3692e-15	1.25826e-15	2.06949e-16	2.56275e-17	3.29046e-18	3.31827e-19	3.41516e-20	2.70865e-21	2.19611e-22	1.4036e-23	9.5495e-25	4.90949e-26	2.80164e-27	1.22488e-28	6.43746e-30	2.37302e-31	1.0895e-32	3.58025e-34	1.55934e-35	4.3609e-37	1.62957e-38	4.13308e-40	1.47642e-41	3.18323e-43	9.62833e-45	1.92126e-46	5.67017e-48	9.93218e-50	2.56601e-51	4.44239e-53	1.16697e-54	1.94216e-56	4.81329e-58	9.5583e-60	2.74268e-61	7.34743e-63	2.41352e-64	1.07733e-65	
Eleocharis_dulcis	0	0	0	0	0	0	0	0	0	0	0	0	0	0	0	0	0	0	0	0	0	0	0	0	0	0	0	0	0	0	0	0	0	0	0	0	0	1	0	0	0	0	0	0	0	0	0	0	0	0	0	0	0	0	0	0	0	0	0	0	0	0	0	0	0	0	0	0	0	0	0	
N44	0.00116752	0.00340967	0.0105341	0.0279497	0.0595987	0.106674	0.157131	0.191102	0.181201	0.13502	0.0764823	0.0340575	0.0116398	0.00319636	0.000690233	0.000125473	1.89578e-05	2.57562e-06	3.01207e-07	3.21853e-08	2.8552e-09	2.31132e-10	1.51662e-11	9.67662e-13	5.04909e-14	2.7679e-15	1.23216e-16	5.74946e-18	2.11949e-19	7.867e-21	2.32225e-22	6.72056e-24	1.57315e-25	3.53317e-27	6.51028e-29	1.13075e-30	1.6192e-32	2.16316e-34	2.39892e-36	2.48483e-38	2.13232e-40	1.73392e-42	1.17158e-44	7.78275e-47	4.2615e-49	2.43609e-51	1.14862e-53	6.20093e-56	2.64078e-58	1.37908e-60	5.53697e-63	2.89614e-65	1.0691e-67	5.27066e-70	1.84386e-72	8.8222e-75	2.81062e-77	1.21291e-79	3.60758e-82	1.44699e-84	3.872e-87	1.37813e-89	3.41246e-92	1.12134e-94	2.54326e-97	7.71614e-100	1.82481e-102	6.15106e-105	1.98202e-107	8.12564e-110	3.63763e-112	
N45	4.55023e-05	0.000181081	0.000828748	0.00332478	0.010537	0.0259773	0.0558528	0.115504	0.194684	0.24153	0.197192	0.105	0.0352272	0.00936497	0.0025512	0.0011501	0.000547895	0.000306402	0.000119874	5.41945e-05	1.48468e-05	4.73353e-06	8.53807e-07	1.82184e-07	2.10513e-08	2.96565e-09	2.25701e-10	2.22876e-11	1.148e-12	8.12234e-14	3.09022e-15	1.79572e-16	5.53494e-18	2.62976e-19	7.72011e-21	3.32254e-22	8.84494e-24	2.89159e-25	6.76901e-27	1.74604e-28	3.0975e-30	5.76621e-32	7.9659e-34	1.21281e-35	1.25386e-37	1.5218e-39	1.31249e-41	1.61324e-43	1.14111e-45	1.23588e-47	8.25306e-50	9.66853e-52	5.38062e-54	5.05152e-56	2.68405e-58	2.66155e-60	1.14526e-62	8.72102e-65	3.5971e-67	3.00883e-69	1.0186e-71	6.72752e-74	2.34371e-76	1.83065e-78	5.38061e-81	3.36833e-83	1.32451e-85	1.25843e-87	1.03569e-89	1.23717e-91	1.6342e-93	
Eleocharis_uniglumis	0	0	0	0	0	0	0	0	0	0	0	0	0	0	0	0	0	0	0	0	0	0	0	1	0	0	0	0	0	0	0	0	0	0	0	0	0	0	0	0	0	0	0	0	0	0	0	0	0	0	0	0	0	0	0	0	0	0	0	0	0	0	0	0	0	0	0	0	0	0	0	
Eleocharis_acicularis	0	0	0	0	0	0	0	0	0	1	0	0	0	0	0	0	0	0	0	0	0	0	0	0	0	0	0	0	0	0	0	0	0	0	0	0	0	0	0	0	0	0	0	0	0	0	0	0	0	0	0	0	0	0	0	0	0	0	0	0	0	0	0	0	0	0	0	0	0	0	0	
N46	0.000571276	0.00179401	0.0064776	0.020401	0.051433	0.104862	0.168794	0.210942	0.196612	0.135919	0.0682417	0.0253804	0.00688997	0.00143074	0.000220152	2.79957e-05	2.67957e-06	2.50562e-07	1.71564e-08	1.47897e-09	8.05289e-11	6.4797e-12	2.77427e-13	1.85535e-14	6.06709e-16	3.18066e-17	8.0216e-19	3.34465e-20	6.54807e-22	2.17612e-23	3.42438e-25	9.65205e-27	1.23541e-28	2.91659e-30	3.40404e-32	7.85528e-34	9.01413e-36	1.81313e-37	2.38355e-39	4.48235e-41	5.21242e-43	7.18763e-45	7.25845e-47	8.47018e-49	6.3205e-51	5.53813e-53	3.44881e-55	3.20357e-57	1.50436e-59	1.19997e-61	5.56705e-64	6.08682e-66	2.23122e-68	1.80408e-70	7.02536e-73	7.21256e-75	2.15598e-77	1.47356e-79	4.64228e-82	4.04527e-84	9.82759e-87	5.7191e-89	1.49458e-91	1.16242e-93	2.3303e-96	1.18936e-98	2.94291e-101	2.51998e-103	1.5404e-105	1.90526e-107	2.59155e-109	
N47	5.44615e-06	4.79571e-05	0.000440233	0.0029767	0.0149123	0.0643558	0.190611	0.318559	0.266678	0.112479	0.0252892	0.00335434	0.000275578	1.54177e-05	5.90816e-07	1.76473e-08	3.89073e-10	7.9656e-12	1.24438e-13	2.12019e-15	2.57877e-17	3.5911e-19	3.30752e-21	3.5495e-23	2.43504e-25	2.00014e-27	1.04089e-29	6.75575e-32	2.71453e-34	1.4218e-36	4.57973e-39	2.05561e-41	5.47817e-44	2.14927e-46	5.25801e-49	2.01805e-51	4.856e-54	1.70216e-56	4.24347e-59	1.34599e-61	2.94012e-64	7.30319e-67	1.35105e-69	2.80663e-72	4.08365e-75	6.84833e-78	8.40341e-81	1.3572e-83	1.39585e-86	2.05228e-89	1.99933e-92	3.14349e-95	2.67648e-98	3.60676e-101	2.94092e-104	4.05488e-107	2.80574e-110	3.16648e-113	2.08787e-116	2.46081e-119	1.37578e-122	1.33746e-125	7.3433e-129	7.85468e-132	3.71968e-135	3.37286e-138	2.0675e-141	2.88113e-144	3.73063e-147	6.74464e-150	1.24077e-152	
Eleocharis_mamillata_subsp_mamillata	0	0	0	0	0	0	0	1	0	0	0	0	0	0	0	0	0	0	0	0	0	0	0	0	0	0	0	0	0	0	0	0	0	0	0	0	0	0	0	0	0	0	0	0	0	0	0	0	0	0	0	0	0	0	0	0	0	0	0	0	0	0	0	0	0	0	0	0	0	0	0	
Eleocharis_compressa_var_compressa	0	0	0	0	0	0	0	0	1	0	0	0	0	0	0	0	0	0	0	0	0	0	0	0	0	0	0	0	0	0	0	0	0	0	0	0	0	0	0	0	0	0	0	0	0	0	0	0	0	0	0	0	0	0	0	0	0	0	0	0	0	0	0	0	0	0	0	0	0	0	0	
Eleocharis_flavescens_var_olivacea	0	0	0	0	0	0	0	0	0	1	0	0	0	0	0	0	0	0	0	0	0	0	0	0	0	0	0	0	0	0	0	0	0	0	0	0	0	0	0	0	0	0	0	0	0	0	0	0	0	0	0	0	0	0	0	0	0	0	0	0	0	0	0	0	0	0	0	0	0	0	0	
N48	0.00310444	0.00806147	0.0203493	0.0436213	0.0748417	0.108109	0.126526	0.134544	0.12186	0.109033	0.0797552	0.0639155	0.0387709	0.0302905	0.0158395	0.0118348	0.00496422	0.00301898	0.000952617	0.000459787	0.000103241	3.64793e-05	6.15582e-06	1.84315e-06	2.25826e-07	4.92063e-08	4.95328e-09	1.02784e-09	8.04059e-11	1.28131e-11	1.35692e-12	2.76649e-13	4.20052e-14	4.75947e-15	3.82838e-16	2.63909e-17	1.40392e-18	6.58079e-20	2.50695e-21	8.76442e-23	2.40708e-24	6.36148e-26	1.36116e-27	3.33163e-29	5.77702e-31	1.3215e-32	2.19714e-34	6.20685e-36	8.25014e-38	1.81244e-39	2.26871e-41	5.83459e-43	5.61581e-45	1.10633e-46	1.14253e-48	3.00953e-50	2.22101e-52	3.71219e-54	2.92774e-56	6.74078e-58	4.89865e-60	1.03282e-61	1.08819e-63	2.6606e-65	2.60286e-67	4.86368e-69	3.86386e-71	5.88449e-73	5.38499e-75	1.03135e-76	2.60131e-78	
N49	0.00069179	0.00214921	0.00669998	0.0177496	0.0378528	0.0668625	0.0946422	0.116655	0.125058	0.12795	0.113858	0.0993965	0.0715591	0.0536659	0.0308886	0.0196263	0.00860281	0.00419206	0.00130885	0.000463107	9.84227e-05	2.44913e-05	3.59175e-06	6.772e-07	6.87849e-08	9.77681e-09	7.29383e-10	9.08961e-11	4.9893e-12	5.07323e-13	2.4115e-14	2.5023e-15	1.31427e-16	1.00966e-17	4.44238e-19	2.55027e-20	8.66354e-22	3.54361e-23	9.64735e-25	3.18759e-26	6.37363e-28	1.6014e-29	2.56512e-31	6.12637e-33	7.62483e-35	1.56889e-36	1.7886e-38	4.0312e-40	3.67953e-42	6.43338e-44	5.53029e-46	1.04341e-47	6.94522e-50	9.82853e-52	6.46917e-54	1.13946e-55	5.46377e-58	6.56691e-60	3.29476e-62	5.5301e-64	2.0786e-66	2.4256e-68	1.1415e-70	1.99157e-72	7.22592e-75	8.74438e-77	3.5141e-79	5.13957e-81	3.29407e-83	7.3248e-85	2.03026e-86	
N50	0.000135382	0.000488784	0.00189821	0.00632553	0.0168991	0.0371182	0.0642613	0.0917298	0.111061	0.126295	0.12954	0.126336	0.104298	0.0815623	0.0503144	0.0303379	0.0132414	0.00583064	0.00168401	0.000523787	9.54042e-05	2.10587e-05	2.43131e-06	4.15706e-07	3.10973e-08	4.22129e-09	2.21046e-10	2.55508e-11	9.4852e-13	8.3812e-14	2.43395e-15	1.85568e-16	4.71747e-18	2.65545e-19	6.34738e-21	2.89772e-22	6.08318e-24	1.96155e-25	3.68817e-27	9.54427e-29	1.38007e-30	2.59408e-32	3.08328e-34	5.17493e-36	4.61586e-38	6.03225e-40	4.75124e-42	6.61795e-44	3.83939e-46	3.88079e-48	2.09922e-50	2.56105e-52	9.2761e-55	7.5103e-57	2.79365e-59	3.54272e-61	8.16791e-64	5.72709e-66	1.54803e-68	1.8822e-70	3.16884e-73	1.92087e-75	4.30449e-78	4.6814e-80	6.41788e-83	3.44237e-85	6.34772e-88	5.84026e-90	2.0637e-92	2.48757e-94	3.28726e-96	
N51	8.20773e-05	0.000293392	0.00118732	0.00419948	0.0119591	0.027798	0.0511877	0.0779651	0.100426	0.119432	0.128267	0.131582	0.115176	0.0959792	0.0618023	0.0408184	0.0178493	0.00969961	0.00261099	0.00134682	0.000204197	0.000116639	1.03798e-05	6.53866e-06	3.7648e-07	2.0167e-07	8.51399e-09	3.77002e-09	1.15664e-10	3.71206e-11	9.34157e-13	2.70611e-13	7.63507e-15	1.42203e-15	6.09687e-17	9.08775e-18	4.90532e-19	4.53377e-20	2.62977e-21	1.84692e-22	7.94492e-24	3.6908e-25	1.28251e-26	5.09061e-28	1.18977e-29	3.29354e-31	6.71191e-33	2.42953e-34	2.7109e-36	6.06748e-38	7.22847e-40	4.63698e-41	1.99496e-43	5.29198e-45	3.97323e-47	4.78205e-48	1.18479e-50	2.92429e-52	1.61223e-54	1.80508e-55	3.35416e-58	6.68024e-60	3.13325e-62	3.11914e-63	4.836e-66	1.04119e-67	3.52414e-70	2.49287e-71	1.17826e-73	9.98697e-75	9.72003e-76	
N52	6.78059e-06	1.96463e-05	6.52696e-05	0.000201855	0.000536669	0.00130288	0.00286063	0.00537099	0.00788933	0.00911905	0.00947256	0.0118558	0.0198708	0.0394082	0.0743023	0.123751	0.166685	0.184433	0.15456	0.104582	0.0520331	0.0219243	0.00695156	0.00205992	0.000489463	0.000136072	4.64956e-05	2.8204e-05	1.68912e-05	1.11077e-05	5.5317e-06	2.86632e-06	1.09413e-06	4.39871e-07	1.29574e-07	4.10133e-08	9.42253e-09	2.36179e-09	4.34008e-10	8.75806e-11	1.2866e-11	2.05358e-12	2.42868e-13	3.08657e-14	2.88113e-15	2.86243e-16	2.13065e-17	1.71261e-18	1.01212e-19	6.58632e-21	3.20941e-22	1.7918e-23	7.22014e-25	3.41016e-26	1.18379e-27	4.96499e-29	1.4585e-30	5.20362e-32	1.33884e-33	4.2746e-35	9.38693e-37	2.56416e-38	5.0217e-40	1.26036e-41	2.21067e-43	5.1516e-45	1.00843e-46	2.8154e-48	7.75671e-50	2.59062e-51	1.17221e-52	
N53	2.87251e-13	1.38882e-11	4.27873e-10	1.22311e-08	1.20414e-07	1.04716e-07	1.10377e-06	8.76311e-06	4.05676e-05	4.19688e-05	3.34728e-06	1.33039e-07	1.09521e-07	3.35038e-06	0.000103082	0.00217219	0.0277654	0.18403	0.458827	0.279199	0.0447495	0.00294963	0.000102641	2.21363e-06	3.13316e-08	3.35432e-10	5.69621e-12	9.37341e-13	2.25922e-13	5.40106e-14	1.06286e-14	1.88947e-15	2.56501e-16	2.89785e-17	2.39972e-18	1.55414e-19	7.02291e-21	2.29484e-22	4.81435e-24	6.68981e-26	5.9935e-28	3.912e-30	1.81468e-32	6.68295e-35	1.85484e-37	4.34368e-40	7.92944e-43	1.28981e-45	1.66416e-48	2.02933e-51	1.98022e-54	1.95695e-57	1.53317e-60	1.30374e-63	8.70506e-67	6.81097e-70	4.07877e-73	3.0324e-76	1.72743e-79	1.2398e-82	6.57997e-86	4.26732e-89	2.09181e-92	1.22863e-95	5.70644e-99	3.22127e-102	1.6501e-105	9.91657e-109	5.64847e-112	3.28922e-115	1.89943e-118	
Schoenoplectus_pungens	0	0	0	0	0	0	0	0	0	0	0	0	0	0	0	0	0	0	0	0	0	0	0	0	0	0	0	0	0	0	0	0	0	0	0	0	0	0	1	0	0	0	0	0	0	0	0	0	0	0	0	0	0	0	0	0	0	0	0	0	0	0	0	0	0	0	0	0	0	0	0	
N54	1.00004e-17	1.51727e-15	1.44319e-13	1.14809e-11	2.37952e-10	2.78769e-10	7.27349e-09	1.68134e-07	1.57929e-06	1.96872e-06	1.12628e-07	3.00416e-09	1.73304e-09	1.22827e-07	1.1012e-05	0.000578076	0.0149072	0.154916	0.478384	0.305066	0.0442217	0.0018796	3.13381e-05	2.51741e-07	1.11211e-09	3.14373e-12	7.771e-15	1.26725e-16	2.65989e-18	7.01556e-20	1.28323e-21	1.93628e-23	2.12847e-25	1.76493e-27	1.05501e-29	4.58499e-32	1.3878e-34	2.92148e-37	4.07491e-40	3.80127e-43	2.38171e-46	1.058e-49	3.409e-53	8.32546e-57	1.55886e-60	2.35619e-64	2.80633e-68	3.36509e-72	6.43356e-76	4.46927e-79	2.76565e-82	1.04388e-85	2.27939e-89	3.32461e-93	3.49139e-97	3.46314e-101	2.86304e-105	2.29621e-108	4.34878e-112	8.42362e-115	1.36602e-118	2.24784e-121	3.55523e-125	4.9482e-128	7.68174e-132	8.14554e-135	1.34201e-138	1.03279e-141	2.65111e-145	3.01693e-148	2.97912e-151	
Schoenoplectus_acutus_var_acutus	0	0	0	0	0	0	0	0	0	0	0	0	0	0	0	0	0	0	1	0	0	0	0	0	0	0	0	0	0	0	0	0	0	0	0	0	0	0	0	0	0	0	0	0	0	0	0	0	0	0	0	0	0	0	0	0	0	0	0	0	0	0	0	0	0	0	0	0	0	0	0	
N55	2.50413e-20	4.81406e-18	6.11161e-16	5.31372e-14	1.28278e-12	5.30199e-12	1.85328e-10	6.92617e-09	9.10575e-08	1.37971e-07	1.41814e-08	6.02638e-10	9.2988e-10	1.62917e-08	1.77655e-06	0.000151263	0.00613402	0.0962693	0.434238	0.38179	0.0775569	0.00379286	6.53032e-05	5.04321e-07	2.04034e-09	5.01949e-12	1.03608e-14	3.94751e-16	3.46351e-18	2.34507e-19	1.25356e-21	5.12063e-23	1.63724e-25	4.19936e-27	7.80746e-30	1.26685e-31	1.32227e-34	1.28605e-36	7.77555e-40	4.0183e-42	1.59188e-45	4.52576e-48	1.24804e-51	2.26042e-54	4.44548e-58	5.88383e-61	1.27392e-64	3.12887e-67	7.86212e-70	1.65687e-72	1.93257e-75	1.13528e-78	3.65506e-82	7.31841e-86	9.98544e-90	1.03694e-93	7.87973e-98	1.72152e-101	6.28321e-105	3.41536e-107	2.60654e-111	5.42786e-114	2.07773e-117	8.63219e-120	6.25788e-124	8.9798e-127	2.64031e-130	7.97995e-133	2.54211e-136	7.8802e-139	2.01276e-141	
Schoenoplectus_lacustris	0	0	0	0	0	0	0	0	0	0	0	0	0	0	0	0	0	0	0	0	1	0	0	0	0	0	0	0	0	0	0	0	0	0	0	0	0	0	0	0	0	0	0	0	0	0	0	0	0	0	0	0	0	0	0	0	0	0	0	0	0	0	0	0	0	0	0	0	0	0	0	
Schoenoplectus_heterochaetus	0	0	0	0	0	0	0	0	0	0	0	0	0	0	0	0	0	0	1	0	0	0	0	0	0	0	0	0	0	0	0	0	0	0	0	0	0	0	0	0	0	0	0	0	0	0	0	0	0	0	0	0	0	0	0	0	0	0	0	0	0	0	0	0	0	0	0	0	0	0	0	
Actinoscirpus_grossus	0	0	0	0	0	0	0	0	0	0	0	0	0	0	0	0	0	0	0	0	0	0	0	0	0	0	0	0	0	0	0	0	0	0	0	0	0	0	0	0	1	0	0	0	0	0	0	0	0	0	0	0	0	0	0	0	0	0	0	0	0	0	0	0	0	0	0	0	0	0	0	
N56	4.0509e-06	1.99648e-05	0.000114334	0.000552848	0.00210084	0.00640413	0.0155747	0.0311755	0.0522691	0.0776841	0.103842	0.128776	0.141758	0.140673	0.117027	0.0865675	0.0510174	0.0273449	0.011008	0.00439142	0.00121679	0.000381904	7.49436e-05	1.86419e-05	2.58852e-06	4.82343e-07	4.74483e-08	6.49897e-09	4.52515e-10	4.48531e-11	2.27636e-12	1.70333e-13	6.3848e-15	3.59084e-16	1.06282e-17	4.90423e-19	1.20157e-20	4.37995e-22	9.7459e-24	2.95408e-25	5.42655e-27	1.20936e-28	1.84642e-30	3.38173e-32	3.95664e-34	5.51556e-36	5.34519e-38	6.90649e-40	5.08871e-42	5.30185e-44	3.45289e-46	3.96951e-48	2.02067e-50	1.86495e-52	9.2346e-55	9.74976e-57	3.7623e-59	2.87941e-61	1.10049e-63	9.48892e-66	2.83329e-68	1.74683e-70	5.27965e-73	3.74713e-75	8.86219e-78	4.49157e-80	1.22939e-82	8.93441e-85	4.89898e-87	4.79873e-89	5.172e-91	
N57	7.06802e-07	3.8383e-06	2.49533e-05	0.000138978	0.000613435	0.00210465	0.00584336	0.0142386	0.030386	0.0558625	0.0874278	0.119099	0.141211	0.148126	0.134963	0.109071	0.0746037	0.043909	0.0205489	0.00830381	0.00255234	0.000756078	0.00016127	4.13946e-05	6.6699e-06	1.57857e-06	1.95954e-07	3.87958e-08	3.61311e-09	5.49245e-10	3.83765e-11	4.45141e-12	2.34716e-13	2.08469e-14	8.55278e-16	6.07256e-17	1.98559e-18	1.13629e-19	3.1893e-21	1.56476e-22	3.87846e-24	1.54796e-25	3.5842e-27	1.23572e-28	2.50081e-30	6.72993e-32	1.20666e-33	2.82773e-35	3.89818e-37	6.97893e-39	8.16053e-41	1.5476e-42	1.33259e-44	2.08254e-46	1.77076e-48	3.71409e-50	2.33457e-52	3.43448e-54	2.32173e-56	4.33351e-58	2.12135e-60	2.52242e-62	1.33714e-64	2.00593e-66	7.71048e-69	7.32528e-71	3.34483e-73	4.76279e-75	4.13624e-77	7.69622e-79	1.69394e-80	
N58	2.60989e-07	1.4458e-06	9.93442e-06	5.89842e-05	0.000281831	0.00104375	0.00307199	0.00808501	0.020159	0.0451628	0.0837047	0.124863	0.14975	0.150689	0.133537	0.109643	0.0802582	0.0501725	0.0250547	0.0101633	0.00319681	0.000865016	0.000180821	3.87778e-05	5.99241e-06	1.28424e-06	1.56372e-07	3.55375e-08	3.40796e-09	7.40563e-10	5.73035e-11	1.11058e-11	7.17348e-13	1.20533e-13	6.66618e-15	9.6314e-16	4.47943e-17	5.35035e-18	2.09191e-19	2.06695e-20	6.79581e-22	5.34203e-23	1.5752e-24	1.03113e-25	2.7968e-27	1.42792e-28	3.74986e-30	1.59048e-31	3.47418e-33	1.07378e-34	1.96518e-36	5.6549e-38	7.338e-40	1.67094e-41	2.00582e-43	6.73747e-45	5.45647e-47	1.29382e-48	1.25035e-50	5.0008e-52	2.9654e-54	6.25421e-56	4.94328e-58	1.79239e-59	8.34227e-62	1.43563e-63	9.60554e-66	3.19058e-67	3.81473e-69	1.55705e-70	7.52753e-72	
Scirpus_ficinioides	0	0	0	0	0	0	0	0	0	0	0	0	0	0	0	0	0	0	0	0	0	0	0	0	0	1	0	0	0	0	0	0	0	0	0	0	0	0	0	0	0	0	0	0	0	0	0	0	0	0	0	0	0	0	0	0	0	0	0	0	0	0	0	0	0	0	0	0	0	0	0	
N59	4.55201e-09	2.856e-08	2.60407e-07	2.1855e-06	1.62939e-05	9.2408e-05	0.000330231	0.000872439	0.00266787	0.00999695	0.0343653	0.0915128	0.175577	0.236862	0.220048	0.141383	0.0622622	0.0191101	0.00412962	0.000669182	8.87581e-05	1.15092e-05	1.58813e-06	2.45531e-07	4.0117e-08	7.1516e-09	1.14101e-09	1.77766e-10	2.11788e-11	2.55687e-12	2.15599e-13	1.99756e-14	1.19148e-15	8.33051e-17	3.54022e-18	1.82532e-19	5.53676e-21	2.06701e-22	4.51919e-24	1.22793e-25	1.95479e-27	3.90934e-29	4.64144e-31	7.01303e-33	6.33279e-35	7.35539e-37	5.2177e-39	4.82702e-41	2.75657e-43	2.04917e-45	9.69791e-48	5.94422e-50	2.2982e-52	1.14084e-54	3.66315e-57	1.57518e-59	4.15705e-62	1.52896e-64	3.54087e-67	1.24622e-69	2.44082e-72	7.43646e-75	1.345e-77	4.11141e-80	6.33764e-83	1.68952e-85	3.06769e-88	1.10838e-90	3.61683e-93	1.59715e-95	7.23818e-98	
N60	5.71813e-09	2.91903e-08	1.85892e-07	1.17178e-06	7.05343e-06	3.65074e-05	0.000143883	0.000458463	0.00150377	0.00584119	0.0225371	0.0704577	0.15975	0.246899	0.24808	0.15858	0.0643607	0.0172723	0.00331773	0.000573194	0.000121524	3.82288e-05	1.12614e-05	6.1413e-06	1.85373e-06	1.36554e-06	3.18488e-07	1.75112e-07	2.79809e-08	1.04235e-08	1.13106e-09	2.85098e-10	2.10675e-11	3.62267e-12	1.84431e-13	2.20739e-14	7.86555e-16	6.69648e-17	1.72604e-18	1.09585e-19	2.19777e-21	1.10577e-22	2.40713e-24	1.11256e-25	2.95522e-27	9.90499e-29	2.35188e-30	5.69723e-32	8.91312e-34	1.40789e-35	1.61273e-37	2.82748e-39	1.92068e-41	2.96557e-43	2.39211e-45	8.43396e-47	3.94677e-49	6.96894e-51	4.56218e-53	1.36521e-54	5.01773e-57	6.75256e-59	3.34765e-61	7.76137e-63	2.23936e-65	2.34001e-67	9.29274e-70	1.88672e-71	1.28805e-73	3.1767e-75	8.88368e-77	
Isolepis_crassiuscula	0	0	0	0	0	0	0	0	0	0	0	0	0	0	0	0	0	0	0	0	0	0	0	0	0	0	0	0	0	0	0	1	0	0	0	0	0	0	0	0	0	0	0	0	0	0	0	0	0	0	0	0	0	0	0	0	0	0	0	0	0	0	0	0	0	0	0	0	0	0	0	
N61	3.10078e-11	4.38383e-10	7.20402e-09	8.80857e-08	9.43844e-07	7.80687e-06	3.47867e-05	7.87796e-05	0.000212317	0.00128265	0.00886607	0.0445758	0.142281	0.270044	0.289537	0.172094	0.0578545	0.0115601	0.00144264	0.000119811	6.92909e-06	3.14063e-07	1.18273e-08	4.80605e-10	1.8097e-11	7.35504e-13	2.30696e-14	6.84057e-16	1.50889e-17	3.05121e-19	4.65115e-21	6.519e-23	6.96125e-25	6.98039e-27	5.33728e-29	3.99198e-31	2.24718e-33	1.32415e-35	5.70392e-38	2.85211e-40	9.96188e-43	4.645e-45	1.51485e-47	7.45926e-50	2.6784e-52	1.31685e-54	4.80382e-57	2.0574e-59	6.35289e-62	2.29578e-64	6.17891e-67	2.17953e-69	5.35958e-72	1.84227e-74	4.35092e-77	1.42804e-79	3.0064e-82	8.57607e-85	1.63364e-87	4.16996e-90	6.91522e-93	1.51509e-95	2.23547e-98	4.39387e-101	5.6277e-104	9.68991e-107	1.15449e-109	2.03667e-112	3.11505e-115	7.77567e-118	2.27718e-120	
Ficinia_spiralis	0	0	0	0	0	0	0	0	0	0	0	0	0	0	1	0	0	0	0	0	0	0	0	0	0	0	0	0	0	0	0	0	0	0	0	0	0	0	0	0	0	0	0	0	0	0	0	0	0	0	0	0	0	0	0	0	0	0	0	0	0	0	0	0	0	0	0	0	0	0	0	
Ficinia_nodosa	0	0	0	0	0	0	0	0	0	0	0	0	0	0	1	0	0	0	0	0	0	0	0	0	0	0	0	0	0	0	0	0	0	0	0	0	0	0	0	0	0	0	0	0	0	0	0	0	0	0	0	0	0	0	0	0	0	0	0	0	0	0	0	0	0	0	0	0	0	0	0	
N62	5.12937e-08	1.81126e-07	6.98727e-07	2.55274e-06	9.86512e-06	4.31094e-05	0.000176603	0.000574173	0.00152375	0.0046934	0.0172032	0.0559606	0.136658	0.232828	0.260886	0.183869	0.079432	0.021594	0.00391237	0.000533768	6.90586e-05	1.60668e-05	6.11775e-06	3.86521e-06	1.88203e-06	1.37912e-06	5.42084e-07	2.97678e-07	8.09189e-08	3.00855e-08	5.46492e-09	1.35319e-09	1.62101e-10	2.6773e-11	2.12092e-12	2.38592e-13	1.27294e-14	1.00904e-15	3.77163e-17	2.23359e-18	6.28981e-20	3.02821e-21	8.19488e-23	3.70291e-24	1.08032e-25	3.87311e-27	9.89124e-29	2.63209e-30	4.70207e-32	8.85957e-34	1.19855e-35	2.25581e-37	2.26308e-39	4.05702e-41	4.20457e-43	9.94785e-45	7.95177e-47	1.36039e-48	1.12751e-50	2.1576e-52	1.33995e-54	1.75241e-56	1.10719e-58	1.64032e-60	7.90687e-63	8.16525e-65	4.38351e-67	6.16958e-69	5.76263e-71	1.05621e-72	2.27151e-74	
Isolepis_prolifera	0	0	0	0	0	0	0	0	0	0	0	0	0	0	0	0	0	0	0	0	0	0	0	0	0	0	0	0	0	0	0	0	1	0	0	0	0	0	0	0	0	0	0	0	0	0	0	0	0	0	0	0	0	0	0	0	0	0	0	0	0	0	0	0	0	0	0	0	0	0	0	
Isolepis_setacea	0	0	0	0	0	0	0	0	0	0	0	0	0	1	0	0	0	0	0	0	0	0	0	0	0	0	0	0	0	0	0	0	0	0	0	0	0	0	0	0	0	0	0	0	0	0	0	0	0	0	0	0	0	0	0	0	0	0	0	0	0	0	0	0	0	0	0	0	0	0	0	
Scirpoides_holoschoenus	0	0	0	0	0	0	0	0	0	0	0	0	0	0	0	0	0	0	0	0	1	0	0	0	0	0	0	0	0	0	0	0	0	0	0	0	0	0	0	0	0	0	0	0	0	0	0	0	0	0	0	0	0	0	0	0	0	0	0	0	0	0	0	0	0	0	0	0	0	0	0	
N63	1.51123e-06	6.03139e-06	2.97877e-05	0.000134501	0.000501562	0.00160182	0.00458553	0.0114642	0.0236005	0.0392002	0.0529014	0.0640049	0.0790216	0.103858	0.129639	0.142928	0.130006	0.099582	0.061173	0.0328922	0.0141104	0.00589038	0.00192612	0.000693441	0.000180496	5.4191e-05	1.07929e-05	2.4976e-06	3.68345e-07	6.37993e-08	6.98496e-09	9.15985e-10	7.53169e-11	7.59167e-12	4.80098e-13	3.84423e-14	1.91335e-15	1.24403e-16	5.16778e-18	2.89155e-19	1.04696e-20	4.99611e-22	1.65149e-23	6.83912e-25	1.94128e-26	6.48404e-28	1.56624e-29	4.49801e-31	8.73846e-33	2.08685e-34	3.50617e-36	8.19039e-38	1.1555e-39	2.4033e-41	3.18916e-43	6.82068e-45	7.71607e-47	1.37885e-48	1.47491e-50	2.61403e-52	2.35516e-54	3.40393e-56	2.90391e-58	4.20471e-60	3.0613e-62	3.72876e-64	3.01651e-66	4.65797e-68	6.30723e-70	1.27497e-71	3.19438e-73	
N64	1.39934e-07	6.06839e-07	3.36168e-06	1.71238e-05	7.18211e-05	0.0002562	0.000845443	0.00254788	0.00620038	0.0112278	0.0150326	0.0168087	0.0185973	0.0232033	0.0351088	0.0614415	0.101816	0.144314	0.162418	0.151303	0.109381	0.0715245	0.0360643	0.0194665	0.00752488	0.00342208	0.000980982	0.000334353	6.75273e-05	1.63764e-05	2.33241e-06	4.07059e-07	4.16621e-08	5.3556e-09	4.05187e-10	3.97344e-11	2.27949e-12	1.75131e-13	8.00625e-15	5.09301e-16	1.95432e-17	1.04926e-18	3.67903e-20	1.73509e-21	5.42518e-23	2.07797e-24	5.6505e-26	1.8288e-27	3.959e-29	1.03434e-30	1.8977e-32	4.84177e-34	7.2672e-36	1.66425e-37	2.38148e-39	5.9566e-41	7.18521e-43	1.48314e-44	1.73568e-46	3.68568e-48	3.56459e-50	5.96845e-52	5.57675e-54	9.63715e-56	7.51579e-58	1.0493e-59	9.10764e-62	1.63238e-63	2.40831e-65	5.64593e-67	1.63809e-68	
Cyperus_fuscus	0	0	0	0	0	0	0	0	0	0	0	0	0	0	0	0	0	0	0	0	0	0	0	1	0	0	0	0	0	0	0	0	0	0	0	0	0	0	0	0	0	0	0	0	0	0	0	0	0	0	0	0	0	0	0	0	0	0	0	0	0	0	0	0	0	0	0	0	0	0	0	
Cyperus_eragrostis	0	0	0	0	0	0	0	0	0	0	0	0	0	0	0	0	0	0	0	0	1	0	0	0	0	0	0	0	0	0	0	0	0	0	0	0	0	0	0	0	0	0	0	0	0	0	0	0	0	0	0	0	0	0	0	0	0	0	0	0	0	0	0	0	0	0	0	0	0	0	0	
N65	5.06661e-15	5.09687e-13	3.02556e-11	1.26419e-09	1.16185e-09	6.9856e-08	3.36018e-06	5.13703e-05	3.29836e-06	8.15765e-08	4.93721e-08	3.91981e-06	0.00025876	0.00954907	0.157253	0.722517	0.105961	0.00432015	7.81512e-05	7.84392e-07	4.87642e-09	2.05915e-11	6.14745e-14	1.38143e-16	2.35993e-19	3.26291e-22	3.60062e-25	3.44285e-28	2.72325e-31	2.00316e-34	1.24235e-37	7.57497e-41	3.8632e-44	1.98215e-47	8.33808e-51	3.54612e-54	1.2204e-57	4.26294e-61	1.20266e-64	3.46484e-68	8.05732e-72	1.93178e-75	3.7493e-79	7.58905e-83	1.24424e-86	2.15229e-90	3.02166e-94	4.52777e-98	5.49581e-102	7.18406e-106	7.61074e-110	8.76144e-114	8.12349e-118	8.25753e-122	6.75989e-126	6.16821e-130	4.48453e-134	3.70728e-138	2.44917e-142	1.89398e-146	1.15167e-150	8.3736e-155	4.87284e-159	3.49155e-163	2.06517e-167	1.56456e-171	1.13316e-175	1.02168e-179	9.13929e-184	8.70611e-188	8.11595e-192	
Cyperus_involucratus	0	0	0	0	0	0	0	0	0	0	0	0	0	0	0	1	0	0	0	0	0	0	0	0	0	0	0	0	0	0	0	0	0	0	0	0	0	0	0	0	0	0	0	0	0	0	0	0	0	0	0	0	0	0	0	0	0	0	0	0	0	0	0	0	0	0	0	0	0	0	0	
Cyperus_alternifolius	0	0	0	0	0	0	0	0	0	0	0	0	0	0	0	1	0	0	0	0	0	0	0	0	0	0	0	0	0	0	0	0	0	0	0	0	0	0	0	0	0	0	0	0	0	0	0	0	0	0	0	0	0	0	0	0	0	0	0	0	0	0	0	0	0	0	0	0	0	0	0	
N66	1.52092e-06	9.20823e-06	5.8984e-05	0.000308383	0.00123927	0.00447539	0.0137103	0.0315169	0.0522647	0.0729402	0.097409	0.131186	0.16321	0.169506	0.133792	0.0795101	0.0344669	0.011184	0.00265456	0.000483228	6.5555e-05	7.12734e-06	5.93179e-07	4.18973e-08	2.31953e-09	1.15297e-10	4.54312e-12	1.67424e-13	4.87679e-15	1.3607e-16	2.98933e-18	6.40205e-20	1.07734e-21	1.79668e-23	2.36171e-25	3.13412e-27	3.283e-29	3.53749e-31	3.02915e-33	2.71675e-35	1.9347e-37	1.46412e-39	8.86234e-42	5.76748e-44	2.99562e-46	1.68075e-48	7.58315e-51	3.72025e-53	1.45734e-55	6.24271e-58	2.15328e-60	8.24654e-63	2.50937e-65	8.59034e-68	2.35749e-70	7.41798e-73	1.83067e-75	5.21798e-78	1.17889e-80	3.10949e-83	6.34515e-86	1.51402e-88	2.85731e-91	6.4145e-94	1.15043e-96	2.54525e-99	5.16363e-102	1.34007e-104	3.50518e-107	1.03556e-109	3.39611e-112	
Schoenoplectus_hallii	0	0	0	0	0	0	0	0	0	0	1	0	0	0	0	0	0	0	0	0	0	0	0	0	0	0	0	0	0	0	0	0	0	0	0	0	0	0	0	0	0	0	0	0	0	0	0	0	0	0	0	0	0	0	0	0	0	0	0	0	0	0	0	0	0	0	0	0	0	0	0	
N67	1.76955e-07	1.18333e-06	9.55692e-06	6.40932e-05	0.000326579	0.00139995	0.00509041	0.0145714	0.0327155	0.0548499	0.0666843	0.0778241	0.113352	0.165458	0.182574	0.149307	0.0820998	0.0377604	0.0107702	0.00410799	0.000723629	0.000271683	3.05055e-05	8.15056e-06	5.68271e-07	9.70623e-08	4.38122e-09	4.98084e-10	1.5151e-11	1.18536e-12	2.56153e-14	1.48032e-15	2.31912e-17	9.88952e-19	1.2477e-20	4.67986e-22	5.36407e-24	1.60682e-25	2.59862e-27	7.58687e-29	1.16903e-30	2.19007e-32	3.01101e-34	4.48678e-36	4.00479e-38	3.84673e-40	2.68513e-42	2.79717e-44	1.16912e-46	9.1277e-49	3.90406e-51	6.85047e-53	1.77793e-55	1.67067e-57	5.80053e-60	1.03416e-61	2.12225e-64	1.61446e-66	4.32926e-69	6.18933e-71	1.00521e-73	6.14819e-76	1.29431e-78	1.57812e-80	2.03011e-83	1.02564e-85	1.80125e-88	2.10112e-90	9.38085e-93	1.52743e-94	2.61175e-96	
Schoenoplectus_articulatus	0	0	0	0	0	0	0	0	0	0	0	0	0	0	1	0	0	0	0	0	0	0	0	0	0	0	0	0	0	0	0	0	0	0	0	0	0	0	0	0	0	0	0	0	0	0	0	0	0	0	0	0	0	0	0	0	0	0	0	0	0	0	0	0	0	0	0	0	0	0	0	
N68	6.25032e-16	7.32402e-14	5.51524e-12	4.05755e-10	8.77928e-09	6.16628e-09	1.16284e-07	5.86988e-06	0.00014486	0.000585883	0.000129995	5.85802e-06	1.05045e-06	1.20636e-06	3.18656e-05	0.000899137	0.0144624	0.119629	0.392933	0.36551	0.0945456	0.0106596	0.000441379	1.30618e-05	1.85162e-07	2.32948e-09	1.53589e-11	9.94623e-14	3.58901e-16	1.36669e-18	3.00788e-21	7.42901e-24	1.07195e-26	1.84001e-29	1.84878e-32	2.36307e-35	1.74381e-38	1.75764e-41	1.06208e-44	9.48242e-48	5.34366e-51	4.26417e-54	2.40234e-57	1.6548e-60	7.81391e-64	4.05572e-67	1.5292e-70	6.5084e-74	1.85787e-77	6.5073e-81	1.5929e-84	5.70659e-88	1.18248e-91	3.771e-95	7.39151e-99	2.36918e-102	3.88454e-106	1.00481e-109	1.5289e-113	3.85793e-117	4.86534e-121	9.84681e-125	1.15472e-128	2.34019e-132	2.30211e-136	3.85805e-140	4.13231e-144	8.9342e-148	1.68167e-151	4.91357e-155	1.44002e-158	
N69	9.08142e-22	6.45845e-19	2.17634e-16	6.17999e-14	1.03708e-11	7.92134e-12	5.74445e-11	1.18627e-08	1.21538e-06	2.74966e-05	1.17871e-05	1.58979e-07	2.9427e-09	5.84043e-10	2.19428e-09	2.46418e-07	4.02264e-05	0.00300574	0.0813514	0.563477	0.313724	0.0379255	0.0004334	1.73458e-06	3.31362e-09	7.52977e-12	1.53066e-14	2.30205e-16	3.92989e-19	3.76883e-21	3.62129e-24	2.0498e-26	1.16286e-29	4.06123e-32	1.41357e-35	3.08612e-38	6.63983e-42	8.69338e-45	1.18985e-48	8.89935e-52	8.31996e-56	3.97494e-59	2.67263e-63	9.43155e-67	4.98689e-71	1.56152e-74	2.53695e-78	1.1772e-81	3.90863e-85	9.49272e-89	1.42575e-92	1.28386e-96	7.40801e-101	3.11305e-105	1.01127e-109	6.47061e-114	1.39841e-118	3.00169e-122	2.33864e-126	1.70554e-129	3.08477e-134	7.18336e-138	4.37587e-142	2.40601e-145	3.70029e-150	6.05312e-154	2.7216e-158	1.14621e-161	4.4563e-166	1.80002e-169	6.51527e-173	
Schoenoplectus_smithii_var_smithii	0	0	0	0	0	0	0	0	0	0	0	0	0	0	0	0	0	0	0	1	0	0	0	0	0	0	0	0	0	0	0	0	0	0	0	0	0	0	0	0	0	0	0	0	0	0	0	0	0	0	0	0	0	0	0	0	0	0	0	0	0	0	0	0	0	0	0	0	0	0	0	
Schoenoplectiella_hotarui	0	0	0	0	0	0	0	0	0	0	0	0	0	0	0	0	0	0	0	0	0	1	0	0	0	0	0	0	0	0	0	0	0	0	0	0	0	0	0	0	0	0	0	0	0	0	0	0	0	0	0	0	0	0	0	0	0	0	0	0	0	0	0	0	0	0	0	0	0	0	0	
Schoenoplectus_purshianus_var_purshianus	0	0	0	0	0	0	0	0	0	0	0	0	0	0	0	0	0	0	1	0	0	0	0	0	0	0	0	0	0	0	0	0	0	0	0	0	0	0	0	0	0	0	0	0	0	0	0	0	0	0	0	0	0	0	0	0	0	0	0	0	0	0	0	0	0	0	0	0	0	0	0	
Fuirena_ciliaris	0	0	0	0	0	0	0	0	0	0	0	0	0	0	0	0	0	0	1	0	0	0	0	0	0	0	0	0	0	0	0	0	0	0	0	0	0	0	0	0	0	0	0	0	0	0	0	0	0	0	0	0	0	0	0	0	0	0	0	0	0	0	0	0	0	0	0	0	0	0	0	
N70	1.96486e-12	2.65361e-11	7.08948e-10	8.32355e-09	1.49381e-07	2.3585e-06	1.16808e-05	3.81344e-06	2.09016e-06	2.95664e-05	0.000519895	0.00406244	0.0157295	0.041631	0.0210661	0.00336391	0.000256763	1.38934e-05	2.84041e-06	2.37943e-05	0.000572273	0.0105516	0.105647	0.320322	0.28485	0.143892	0.0403961	0.00657356	0.000455593	1.91255e-05	4.80438e-07	9.23369e-09	1.70222e-10	8.26873e-11	9.81162e-11	1.05702e-10	8.47277e-11	6.16517e-11	3.34895e-11	1.64896e-11	5.9496e-12	1.90699e-12	4.34025e-13	8.36504e-14	1.05623e-14	1.00463e-15	5.16413e-17	1.46435e-18	2.23787e-20	2.62121e-22	2.03494e-24	1.38671e-26	6.75237e-29	3.08558e-31	1.05717e-33	3.55352e-36	9.0881e-39	2.3444e-41	4.71044e-44	9.78697e-47	1.58612e-49	2.70878e-52	3.71787e-55	5.5507e-58	6.95494e-61	9.93864e-64	1.34012e-66	2.06429e-69	3.10906e-72	4.83106e-75	7.73737e-78	
Bolboschoenus_planiculmis	0	0	0	0	0	0	0	0	0	0	0	0	0	0	0	0	0	0	0	0	0	0	0	0	0	0	0	1	0	0	0	0	0	0	0	0	0	0	0	0	0	0	0	0	0	0	0	0	0	0	0	0	0	0	0	0	0	0	0	0	0	0	0	0	0	0	0	0	0	0	0	
Bolboschoenus_fluviatilis	0	0	0	0	0	0	0	0	0	0	0	0	0	0	0	0	0	0	0	0	0	0	0	0	0	0	0	0	0	0	0	0	0	0	0	0	0	0	0	0	0	0	0	0	0	0	1	0	0	0	0	0	0	0	0	0	0	0	0	0	0	0	0	0	0	0	0	0	0	0	0	
N71	0.12493	0.151452	0.16087	0.156158	0.133901	0.105147	0.0728044	0.046245	0.0257008	0.013175	0.00585596	0.00244725	0.00087798	0.000307779	9.13928e-05	2.81161e-05	7.13581e-06	1.97262e-06	4.31665e-07	1.06662e-07	1.98037e-08	4.25036e-09	6.66754e-10	1.24691e-10	1.64107e-11	2.64235e-12	2.9798e-13	4.27945e-14	4.16416e-15	5.30255e-16	4.79705e-17	5.92821e-18	5.47295e-19	6.16057e-20	5.29653e-21	5.06628e-22	3.72644e-23	2.8914e-24	1.80991e-25	1.18223e-26	6.10118e-28	3.30017e-29	1.44369e-30	6.93975e-32	2.5667e-33	1.09343e-34	3.63343e-36	1.52236e-37	4.47803e-39	1.72015e-40	4.74977e-42	1.8322e-43	4.47731e-45	1.53539e-46	3.56405e-48	1.23108e-49	2.50668e-51	7.52888e-53	1.47937e-54	4.55345e-56	8.09804e-58	2.24392e-59	4.13167e-61	1.21728e-62	2.21191e-64	6.22694e-66	1.37354e-67	4.5493e-69	1.40068e-70	5.40753e-72	2.85488e-73	
N72	0.00106442	0.00303429	0.00903182	0.0232225	0.0483343	0.0867256	0.132634	0.174674	0.183658	0.15577	0.10091	0.05209	0.0204112	0.00648267	0.00157675	0.000322102	5.12644e-05	7.13605e-06	7.83988e-07	7.85566e-08	6.23842e-09	4.68741e-10	2.79484e-11	1.62755e-12	7.47148e-14	3.43589e-15	1.24457e-16	4.62908e-18	1.34762e-19	4.11654e-21	9.92192e-23	2.57181e-24	5.29216e-26	1.17717e-27	2.09668e-29	4.02595e-31	6.18756e-33	1.01368e-34	1.35231e-36	1.91017e-38	2.18568e-40	2.63861e-42	2.61734e-44	2.76416e-46	2.37235e-48	2.19047e-50	1.66014e-52	1.38472e-54	9.26835e-57	6.94057e-59	4.20446e-61	2.92298e-63	1.59153e-65	1.00626e-67	5.04022e-70	2.99331e-72	1.35659e-74	7.32949e-77	3.08543e-79	1.57817e-81	6.07754e-84	2.86033e-86	1.05461e-88	4.87785e-91	1.79357e-93	8.53186e-96	3.78657e-98	2.14827e-100	1.21474e-102	7.60809e-105	5.46763e-107	
Rhynchospora_albiceps	0	0	0	0	0	0	0	0	0	1	0	0	0	0	0	0	0	0	0	0	0	0	0	0	0	0	0	0	0	0	0	0	0	0	0	0	0	0	0	0	0	0	0	0	0	0	0	0	0	0	0	0	0	0	0	0	0	0	0	0	0	0	0	0	0	0	0	0	0	0	0	
N73	1.73215e-05	8.59752e-05	0.000465149	0.00208795	0.00710881	0.019458	0.0485223	0.113584	0.205134	0.255885	0.202492	0.103645	0.0331217	0.00723495	0.00103254	0.000115189	8.82297e-06	6.39184e-07	3.17554e-08	1.78159e-09	6.31777e-11	2.73873e-12	7.01816e-14	2.28583e-15	4.24499e-17	1.03397e-18	1.43636e-20	2.73652e-22	2.88856e-24	4.34291e-26	3.67107e-28	4.76507e-30	3.41356e-32	3.82317e-34	2.63798e-36	2.82416e-38	1.87774e-40	1.67089e-42	1.07151e-44	8.18678e-47	4.31274e-49	2.51583e-51	1.10307e-53	5.49718e-56	1.87012e-58	7.52419e-61	2.17801e-63	8.9023e-66	2.11112e-68	7.69481e-71	1.74839e-73	7.22675e-76	1.39121e-78	4.70777e-81	8.90844e-84	3.27304e-86	5.09561e-89	1.44331e-91	2.19862e-94	6.88217e-97	8.66894e-100	2.12278e-102	2.72512e-105	7.80398e-108	8.41101e-111	1.91402e-113	2.61235e-116	9.00152e-119	2.65854e-121	1.22857e-123	5.957e-126	
Rhynchospora_rubra	0	0	0	0	0	0	0	0	0	1	0	0	0	0	0	0	0	0	0	0	0	0	0	0	0	0	0	0	0	0	0	0	0	0	0	0	0	0	0	0	0	0	0	0	0	0	0	0	0	0	0	0	0	0	0	0	0	0	0	0	0	0	0	0	0	0	0	0	0	0	0	
Rhynchospora_globosa	0	0	0	0	0	0	0	0	0	0	0	1	0	0	0	0	0	0	0	0	0	0	0	0	0	0	0	0	0	0	0	0	0	0	0	0	0	0	0	0	0	0	0	0	0	0	0	0	0	0	0	0	0	0	0	0	0	0	0	0	0	0	0	0	0	0	0	0	0	0	0	
N74	0.0744013	0.102754	0.129608	0.148436	0.147426	0.131512	0.10219	0.072257	0.044746	0.0253805	0.0124547	0.00560681	0.00214521	0.000765781	0.000229072	6.66553e-05	1.60155e-05	3.94313e-06	7.81569e-07	1.67238e-07	2.7603e-08	5.09724e-09	7.02473e-10	1.11512e-10	1.27233e-11	1.70684e-12	1.62928e-13	1.88248e-14	1.50579e-15	1.49335e-16	1.04782e-17	9.52901e-19	6.30196e-20	5.17654e-21	3.17311e-22	2.28488e-23	1.23153e-24	7.40561e-26	3.503e-27	1.81597e-28	7.26749e-30	3.16635e-31	1.09711e-32	4.27216e-34	1.26487e-35	4.34057e-37	1.15524e-38	3.83465e-40	9.0536e-42	2.76791e-43	6.18243e-45	1.91571e-46	3.88274e-48	1.10177e-49	2.16332e-51	6.24664e-53	1.10616e-54	2.85023e-56	4.90446e-58	1.28941e-59	2.01013e-61	4.75439e-63	7.43625e-65	1.84904e-66	2.77101e-68	6.59341e-70	1.21765e-71	3.64311e-73	1.02641e-74	3.73017e-76	1.82799e-77	
N75	3.91414e-06	1.12418e-05	2.6514e-05	7.44148e-05	0.000313569	0.00120123	0.00260881	0.0043549	0.00645311	0.0177375	0.0607806	0.162224	0.269984	0.278658	0.147365	0.0417213	0.00587394	0.000568683	3.62988e-05	2.32678e-06	2.81572e-07	1.05354e-07	3.61056e-08	1.21398e-08	2.82436e-09	6.36241e-10	9.66866e-11	1.42483e-11	1.35516e-12	1.23626e-13	7.17463e-15	4.025e-16	1.46396e-17	5.14612e-19	1.22936e-20	2.84342e-22	4.62113e-24	7.25115e-26	8.43025e-28	9.56173e-30	8.1068e-32	6.80499e-34	4.40696e-36	2.92059e-38	1.47328e-40	7.84179e-43	3.23529e-45	1.47874e-47	5.03233e-50	1.9548e-52	5.74126e-55	2.00986e-57	5.02902e-60	1.52236e-62	3.38339e-65	9.40698e-68	1.80439e-70	4.3509e-73	7.56981e-76	1.70789e-78	2.6301e-81	5.2729e-84	7.72432e-87	1.51294e-89	2.1501e-92	4.13497e-95	6.9693e-98	1.55726e-100	3.36331e-103	8.21154e-106	2.15682e-108	
Rhynchospora_chinensis	0	0	0	0	0	0	0	0	0	0	0	0	0	0	0	0	0	0	0	0	0	0	0	0	0	0	0	0	0	0	1	0	0	0	0	0	0	0	0	0	0	0	0	0	0	0	0	0	0	0	0	0	0	0	0	0	0	0	0	0	0	0	0	0	0	0	0	0	0	0	0	
N76	4.72914e-10	6.91204e-09	8.42416e-08	7.83804e-07	8.60737e-06	4.83655e-05	6.29508e-05	0.000100122	0.000773362	0.00766746	0.056649	0.232752	0.403761	0.237655	0.0544981	0.00570884	0.000305348	9.26544e-06	1.72109e-07	2.2698e-09	2.65079e-11	5.0257e-13	1.15049e-14	2.63085e-16	4.5291e-18	6.38859e-20	6.82197e-22	5.84005e-24	3.82994e-26	2.0084e-28	8.15882e-31	2.67443e-33	6.88977e-36	1.45905e-38	2.46076e-41	3.52116e-44	4.03361e-47	4.15704e-50	3.39554e-53	2.93569e-56	1.98989e-59	2.41438e-62	2.78151e-65	7.0129e-68	1.05909e-70	2.33232e-73	2.80461e-76	5.28114e-79	4.8975e-82	9.0884e-85	7.62856e-88	1.36924e-90	1.00051e-93	1.54198e-96	9.90179e-100	1.30907e-102	7.18261e-106	7.94504e-109	3.81263e-112	3.60933e-115	1.48429e-118	1.16892e-121	4.11789e-125	2.78571e-128	8.27336e-132	4.78195e-135	1.2134e-138	6.41927e-142	1.75944e-145	1.37822e-148	1.35993e-151	
Rhynchospora_capillacea	0	0	0	0	0	0	0	0	0	0	0	0	1	0	0	0	0	0	0	0	0	0	0	0	0	0	0	0	0	0	0	0	0	0	0	0	0	0	0	0	0	0	0	0	0	0	0	0	0	0	0	0	0	0	0	0	0	0	0	0	0	0	0	0	0	0	0	0	0	0	0	
Rhynchospora_alba	0	0	0	0	0	0	0	0	0	0	0	0	1	0	0	0	0	0	0	0	0	0	0	0	0	0	0	0	0	0	0	0	0	0	0	0	0	0	0	0	0	0	0	0	0	0	0	0	0	0	0	0	0	0	0	0	0	0	0	0	0	0	0	0	0	0	0	0	0	0	0	
N77	0.105701	0.140949	0.169218	0.180149	0.159874	0.11893	0.0711218	0.034794	0.0135478	0.00432428	0.00110687	0.00023594	4.08359e-05	6.01685e-06	7.2797e-07	7.72652e-08	6.82225e-09	5.48415e-10	3.69443e-11	2.37569e-12	1.27798e-13	6.90176e-15	3.08071e-16	1.44014e-17	5.42175e-19	2.19485e-20	7.00317e-22	2.44936e-23	6.61084e-25	1.98653e-26	4.58226e-28	1.20148e-29	2.40121e-31	5.53082e-33	9.76277e-35	2.01475e-36	3.17498e-38	5.85161e-40	8.41039e-42	1.40601e-43	1.8181e-45	2.69018e-47	3.14437e-49	4.19104e-51	4.33629e-53	5.10923e-55	4.75387e-57	5.15798e-59	4.26451e-61	4.19414e-63	3.18991e-65	3.00771e-67	2.07435e-69	1.80403e-71	1.17144e-73	9.89769e-76	5.8485e-78	4.49875e-80	2.51152e-82	1.86983e-84	9.47937e-87	6.39385e-89	3.09339e-91	2.05358e-93	9.38612e-96	6.05993e-98	3.30246e-100	2.70286e-102	2.20004e-104	2.20176e-106	2.61058e-108	
Rhynchospora_nervosa	0	0	0	0	1	0	0	0	0	0	0	0	0	0	0	0	0	0	0	0	0	0	0	0	0	0	0	0	0	0	0	0	0	0	0	0	0	0	0	0	0	0	0	0	0	0	0	0	0	0	0	0	0	0	0	0	0	0	0	0	0	0	0	0	0	0	0	0	0	0	0	
Rhynchospora_robusta	0	0	0	0	1	0	0	0	0	0	0	0	0	0	0	0	0	0	0	0	0	0	0	0	0	0	0	0	0	0	0	0	0	0	0	0	0	0	0	0	0	0	0	0	0	0	0	0	0	0	0	0	0	0	0	0	0	0	0	0	0	0	0	0	0	0	0	0	0	0	0	
N78	0.13339	0.157222	0.160299	0.149723	0.124943	0.0975966	0.0688899	0.0462237	0.0280653	0.0164726	0.00870782	0.00456544	0.00212933	0.00102314	0.000428889	0.000194922	7.47863e-05	3.23665e-05	1.13685e-05	4.65446e-06	1.4739e-06	5.56884e-07	1.59031e-07	5.58787e-08	1.42775e-08	4.58575e-09	1.07027e-09	3.25105e-10	6.97477e-11	1.98696e-11	4.26168e-12	1.24466e-12	2.89579e-13	7.90368e-14	1.71949e-14	4.0162e-15	7.53355e-16	1.46113e-16	2.36893e-17	3.9739e-18	5.46802e-19	7.89247e-20	9.51669e-21	1.26741e-21	1.34409e-22	1.65176e-23	1.62989e-24	2.02668e-25	1.8263e-26	2.13886e-27	1.85163e-28	2.21636e-29	1.74302e-30	1.90706e-31	1.45644e-32	1.63162e-33	1.12548e-34	1.13046e-35	7.72294e-37	8.05138e-38	5.18787e-39	5.048e-40	3.45912e-41	3.56301e-42	2.48026e-43	2.48081e-44	2.01757e-45	2.28173e-46	2.44971e-47	3.40036e-48	8.03774e-49	
Calyptrocarya_glomerulata	0	0	0	0	0	0	0	0	0	1	0	0	0	0	0	0	0	0	0	0	0	0	0	0	0	0	0	0	0	0	0	0	0	0	0	0	0	0	0	0	0	0	0	0	0	0	0	0	0	0	0	0	0	0	0	0	0	0	0	0	0	0	0	0	0	0	0	0	0	0	0	
Scleria_foliosa	0	0	0	0	0	0	0	0	0	1	0	0	0	0	0	0	0	0	0	0	0	0	0	0	0	0	0	0	0	0	0	0	0	0	0	0	0	0	0	0	0	0	0	0	0	0	0	0	0	0	0	0	0	0	0	0	0	0	0	0	0	0	0	0	0	0	0	0	0	0	0	
N79	9.15712e-10	2.14259e-08	3.72069e-07	4.10012e-06	1.92468e-05	0.000114349	0.000507794	0.000966886	0.000870138	0.000285402	2.07535e-05	2.67424e-06	3.35572e-06	5.23255e-05	0.000933399	0.0115473	0.0853104	0.328774	0.429842	0.129708	0.0105493	0.000474894	1.37212e-05	2.96204e-07	4.62172e-09	5.89481e-11	7.87735e-13	1.88272e-13	1.22813e-13	7.28089e-14	3.40192e-14	1.40589e-14	4.48486e-15	1.24122e-15	2.55251e-16	4.3465e-17	5.07792e-18	4.38367e-19	2.15015e-20	5.79923e-22	8.86795e-24	1.01034e-25	7.95032e-28	5.28573e-30	2.62843e-32	1.17381e-34	4.10474e-37	1.33934e-39	3.50085e-42	8.76277e-45	1.79286e-47	3.58949e-50	5.91733e-53	9.70292e-56	1.32556e-58	1.82976e-61	2.10519e-64	2.47644e-67	2.45274e-70	2.51833e-73	2.18312e-76	1.9918e-79	1.58046e-82	1.35825e-85	1.06882e-88	9.39132e-92	8.12113e-95	7.63114e-98	7.06164e-101	6.6039e-104	6.34031e-107	
Cladium_mariscus	0	0	0	0	0	0	0	0	0	0	0	0	0	0	0	0	0	1	0	0	0	0	0	0	0	0	0	0	0	0	0	0	0	0	0	0	0	0	0	0	0	0	0	0	0	0	0	0	0	0	0	0	0	0	0	0	0	0	0	0	0	0	0	0	0	0	0	0	0	0	0	
Cladium_mariscoides	0	0	0	0	0	0	0	0	0	0	0	0	0	0	0	0	0	0	0	0	0	0	0	0	0	0	0	0	0	0	0	0	0	0	0	0	0	0	1	0	0	0	0	0	0	0	0	0	0	0	0	0	0	0	0	0	0	0	0	0	0	0	0	0	0	0	0	0	0	0	0	
