NODE	1	2	3	4	5	6	7	8	9	10	11	12	13	14	15	16	17	18	19	20	21	22	23	24	25	26	27	28	29	30	31	32	33	34	35	36	37	38	39	40	41	42	43	44	45	46	47	48	49	50	51	52	53	54	55	56	57	58	59	60	61	62	63	64	65	66	67	68	69	70	
N1	0.211111	0.201917	0.181218	0.148915	0.109786	0.071655	0.0410571	0.0205348	0.00893346	0.00336934	0.00109937	0.000309565	7.51048e-05	1.5672e-05	2.80962e-06	4.32302e-07	5.70588e-08	6.45812e-09	6.26839e-10	5.21888e-11	3.729e-12	2.28827e-13	3.16845e-17	6.75014e-18	1.33475e-18	2.4512e-19	4.1836e-20	6.6408e-21	9.81104e-22	1.3501e-22	1.73189e-23	2.07264e-24	2.31597e-25	2.4183e-26	2.36167e-27	2.15888e-28	1.84888e-29	1.48467e-30	1.11884e-31	7.91945e-33	5.2697e-34	3.29924e-35	1.94515e-36	1.08087e-37	5.66561e-39	2.80375e-40	1.31104e-41	5.7975e-43	2.42645e-44	9.61971e-46	3.61547e-47	1.28922e-48	4.36503e-50	1.40439e-51	4.29694e-53	1.25121e-54	3.46992e-56	9.17166e-58	2.3122e-59	5.56362e-61	1.27863e-62	2.80857e-64	5.90018e-66	1.18623e-67	2.2839e-69	4.21377e-71	7.45518e-73	1.2666e-74	2.09087e-76	4.42777e-78	
N2	0.0660443	0.0821474	0.0994612	0.115086	0.122308	0.121842	0.108176	0.0903605	0.0686621	0.0488874	0.0317384	0.0203139	0.0114919	0.00659974	0.00345367	0.00181613	0.000852859	0.000435582	0.000182882	8.54786e-05	3.38032e-05	1.42283e-05	4.95963e-06	2.00593e-06	6.07554e-07	2.16927e-07	6.18419e-08	1.9592e-08	4.81418e-09	1.44322e-09	3.08593e-10	8.15287e-11	1.62218e-11	3.68725e-12	6.39458e-13	1.41062e-13	2.07044e-14	3.86228e-15	5.42146e-16	8.98633e-17	1.06881e-17	1.65529e-18	1.71574e-19	2.35582e-20	2.2865e-21	2.66118e-22	2.27498e-23	2.64454e-24	1.91018e-25	1.85908e-26	1.31786e-27	1.16518e-28	7.04931e-30	5.92023e-31	3.19026e-32	2.41278e-33	1.23323e-34	7.92724e-36	3.67188e-37	2.43233e-38	9.56885e-40	5.33577e-41	2.15715e-42	1.12761e-43	4.04344e-45	2.17434e-46	9.15715e-48	6.08247e-49	4.25577e-50	5.20814e-51	
N3	0.000122636	0.000277165	0.000731124	0.00182768	0.00404075	0.0080971	0.0143553	0.0234387	0.0344028	0.0462136	0.0573443	0.0696964	0.0806837	0.0931692	0.102217	0.106236	0.100274	0.088413	0.0670121	0.046629	0.0280923	0.0151398	0.00701149	0.00300692	0.00107299	0.00035762	0.000102394	2.67939e-05	6.01243e-06	1.29221e-06	2.30272e-07	3.97126e-08	5.89434e-09	8.25058e-10	9.95968e-11	1.1932e-11	1.18311e-12	1.17428e-13	1.00994e-14	8.42845e-16	6.07933e-17	4.48042e-18	2.74117e-19	1.72666e-20	9.43571e-22	5.10788e-23	2.4042e-24	1.18514e-25	4.82934e-27	2.06865e-28	7.72202e-30	2.91065e-31	9.51361e-33	3.31827e-34	9.57561e-36	2.96051e-37	7.94722e-39	2.1862e-40	5.24663e-42	1.36846e-43	2.95772e-45	7.01944e-47	1.49769e-48	3.43152e-50	7.45209e-52	1.86797e-53	4.59454e-55	1.25441e-56	3.44129e-58	1.26953e-59	
Dulichium_arundinaceum	0	0	0	0	0	0	0	0	0	0	0	0	0	0	0	1	0	0	0	0	0	0	0	0	0	0	0	0	0	0	0	0	0	0	0	0	0	0	0	0	0	0	0	0	0	0	0	0	0	0	0	0	0	0	0	0	0	0	0	0	0	0	0	0	0	0	0	0	0	0	
N4	3.35693e-07	1.25305e-06	5.87075e-06	2.49589e-05	8.91991e-05	0.000274821	0.000751988	0.00187162	0.00397596	0.00681892	0.00953579	0.0122119	0.0157396	0.0223298	0.0344169	0.0563012	0.0904589	0.134459	0.16355	0.165388	0.131392	0.0836878	0.0413755	0.0176613	0.00560906	0.00161458	0.000366692	7.42559e-05	1.17225e-05	1.84203e-06	2.07995e-07	2.41219e-08	2.13293e-09	1.8626e-10	1.23664e-11	8.92196e-13	4.54097e-14	2.57282e-15	1.09782e-16	5.0186e-18	1.71184e-19	6.81149e-21	1.89263e-22	6.26339e-24	1.5461e-25	4.26476e-27	8.82794e-29	2.2813e-30	3.95987e-32	8.63311e-34	1.42023e-35	2.70265e-37	3.78248e-39	6.92519e-41	8.39742e-43	1.34488e-44	1.56555e-46	2.15665e-48	2.21275e-50	3.07963e-52	2.69205e-54	3.19533e-56	2.80642e-58	3.04976e-60	2.37768e-62	2.68576e-64	2.40977e-66	3.33749e-68	4.69411e-70	9.41511e-72	
Blysmus_compressus	0	0	0	0	0	0	0	0	0	0	0	0	0	0	0	0	0	0	0	0	0	1	0	0	0	0	0	0	0	0	0	0	0	0	0	0	0	0	0	0	0	0	0	0	0	0	0	0	0	0	0	0	0	0	0	0	0	0	0	0	0	0	0	0	0	0	0	0	0	0	
Blysmus_rufus	0	0	0	0	0	0	0	0	0	0	0	0	0	0	0	0	0	0	0	1	0	0	0	0	0	0	0	0	0	0	0	0	0	0	0	0	0	0	0	0	0	0	0	0	0	0	0	0	0	0	0	0	0	0	0	0	0	0	0	0	0	0	0	0	0	0	0	0	0	0	
N5	0.0357522	0.0483401	0.0664759	0.0882942	0.107362	0.120859	0.120566	0.111555	0.0935472	0.0726491	0.0514417	0.0350396	0.0213044	0.0127051	0.00695682	0.00371316	0.00180377	0.000919044	0.000399344	0.000187515	7.70949e-05	3.31245e-05	1.20479e-05	5.04439e-06	1.59227e-06	5.94243e-07	1.7562e-07	5.79432e-08	1.45295e-08	4.54339e-09	9.69033e-10	2.6299e-10	5.13713e-11	1.18028e-11	1.95345e-12	4.2911e-13	5.85436e-14	1.06528e-14	1.36288e-15	2.14917e-16	2.26412e-17	3.29646e-18	2.93559e-19	3.69933e-20	3.03654e-21	3.14495e-22	2.20969e-23	2.29279e-24	1.31437e-25	1.10368e-26	6.21455e-28	4.69896e-29	2.18249e-30	1.56085e-31	6.36049e-33	4.08335e-34	1.57267e-35	8.33047e-37	2.90297e-38	1.65102e-39	4.72788e-41	2.17588e-42	6.57725e-44	2.85742e-45	7.18621e-47	3.06997e-48	8.57405e-50	4.51288e-51	2.37191e-52	2.42803e-53	
N6	0.00807379	0.0121806	0.0196532	0.0312269	0.0461221	0.0639446	0.0799218	0.0938011	0.10129	0.102363	0.0956622	0.0861856	0.0706058	0.0565704	0.0423409	0.0308377	0.020921	0.0146554	0.0091223	0.00600451	0.00361296	0.00222908	0.00122434	0.000736978	0.000360451	0.000194647	8.85367e-05	4.21451e-05	1.64534e-05	7.25711e-06	2.42712e-06	9.28403e-07	2.82339e-07	9.28239e-08	2.42272e-08	7.47986e-09	1.65744e-09	4.37466e-10	9.06356e-11	2.09777e-11	3.71358e-12	8.05261e-13	1.23626e-13	2.35607e-14	3.39239e-15	5.5642e-16	7.01113e-17	1.12521e-17	1.21593e-18	1.67103e-19	1.74723e-20	2.16007e-21	1.95129e-22	2.30244e-23	1.84683e-24	1.9549e-25	1.4916e-26	1.37239e-27	9.4413e-29	8.75178e-30	5.21294e-31	4.175e-32	2.50718e-33	1.87342e-34	1.02323e-35	8.00469e-37	5.16515e-38	4.99909e-39	5.1274e-40	9.51141e-41	
N7	5.52616e-06	1.70023e-05	6.14435e-05	0.000201788	0.000575219	0.00145701	0.003081	0.00564333	0.00960581	0.0158253	0.0256393	0.0421213	0.0624022	0.0817823	0.0899657	0.0883626	0.0823369	0.0795914	0.07006	0.0595525	0.0471624	0.0407861	0.0380872	0.0397996	0.0356776	0.0309655	0.0220448	0.0142237	0.00732995	0.00362166	0.00134584	0.000484931	0.000137263	3.63529e-05	7.57726e-06	1.59134e-06	2.47928e-07	3.95697e-08	5.0083e-09	6.25305e-10	6.16617e-11	6.47473e-12	5.08669e-13	4.32307e-14	2.92248e-15	2.02495e-16	1.12483e-17	6.97558e-19	3.20025e-20	1.6493e-21	6.83595e-23	3.00824e-24	1.05028e-25	4.22804e-27	1.26423e-28	4.39384e-30	1.2086e-31	3.61584e-33	8.67425e-35	2.46758e-36	5.11232e-38	1.26283e-39	2.52913e-41	5.72691e-43	1.07922e-44	2.59975e-46	5.72251e-48	1.61076e-49	4.61216e-51	1.86594e-52	
Scirpus_pendulus	0	0	0	0	0	0	0	0	0	0	0	0	0	0	0	0	0	0	0	1	0	0	0	0	0	0	0	0	0	0	0	0	0	0	0	0	0	0	0	0	0	0	0	0	0	0	0	0	0	0	0	0	0	0	0	0	0	0	0	0	0	0	0	0	0	0	0	0	0	0	
N8	9.13561e-14	2.27661e-12	5.31573e-11	8.38188e-10	7.58978e-09	6.46004e-08	7.13528e-07	1.81263e-06	3.38585e-06	1.46599e-05	1.41709e-05	5.32644e-05	0.000412305	0.0019895	0.00423765	0.00272433	0.000869664	0.000978693	0.00250419	0.00393664	0.00328603	0.00158487	0.000604461	0.00105036	0.00555078	0.0252198	0.0795825	0.177299	0.246716	0.247261	0.131197	0.0500642	0.0109289	0.00173157	0.000167137	1.41036e-05	7.07198e-07	3.36386e-08	1.06241e-09	3.16817e-11	6.39991e-13	1.36328e-14	1.88099e-16	2.84817e-18	2.99174e-20	3.3297e-22	2.59977e-24	2.37642e-26	1.41402e-28	1.00196e-30	5.07253e-33	2.88735e-35	1.16361e-37	5.91673e-40	1.93822e-42	8.12357e-45	2.434e-47	8.40408e-50	2.11559e-52	7.10843e-55	1.46635e-57	4.04737e-60	8.20487e-63	1.9841e-65	3.44383e-68	8.60863e-71	1.67362e-73	5.01626e-76	1.51908e-78	5.94939e-81	
N9	9.71218e-21	1.31976e-18	1.54892e-16	8.34989e-15	2.41803e-13	7.4159e-12	2.50345e-10	8.05746e-10	2.25137e-09	1.29942e-08	2.02864e-08	1.85832e-07	3.79937e-06	4.07441e-05	0.000120928	7.1063e-05	2.06174e-05	2.30491e-05	6.74206e-05	0.000131051	0.000102715	3.78238e-05	2.05457e-05	4.87592e-05	0.000426941	0.004493	0.0306086	0.121824	0.264322	0.316648	0.188347	0.0610695	0.010443	0.00106401	6.10247e-05	3.69747e-06	9.69347e-08	3.4804e-09	8.51437e-11	1.44053e-12	1.50384e-14	2.6976e-16	1.28351e-18	1.40493e-20	6.33463e-23	4.44349e-25	1.03065e-27	8.40164e-30	1.17563e-32	7.75091e-35	8.53106e-38	4.3563e-40	3.4127e-43	1.43658e-45	8.54339e-49	2.81431e-51	1.33588e-54	3.39253e-57	1.30332e-60	2.78483e-63	8.40925e-67	1.38893e-69	3.78308e-73	5.02845e-76	1.07523e-79	1.28118e-82	2.35397e-86	2.44904e-89	1.1143e-92	2.96719e-95	
N10	4.25748e-22	3.20212e-20	2.34036e-18	1.0558e-16	2.33364e-15	4.68439e-14	9.73863e-13	8.52838e-12	3.21141e-11	2.99808e-10	1.44084e-09	9.19379e-09	1.36516e-07	1.33247e-06	5.32193e-06	6.21132e-06	2.55455e-06	1.39547e-06	3.09778e-06	7.47438e-06	9.31415e-06	6.85081e-06	4.68335e-06	4.5837e-06	2.92828e-05	0.000440205	0.00509937	0.0357236	0.13991	0.291576	0.310078	0.165374	0.0447467	0.00641651	0.000521856	2.98994e-05	1.82214e-06	1.83954e-07	2.47045e-08	1.64111e-09	9.06278e-11	4.97315e-12	1.25251e-13	2.94622e-15	6.61772e-17	7.30576e-19	8.04454e-21	8.99009e-23	5.35828e-25	5.91516e-27	4.32441e-29	6.75027e-31	4.23209e-33	6.18598e-35	2.91747e-37	3.14923e-39	1.10055e-41	8.69939e-44	2.2621e-46	1.33084e-48	2.58918e-51	1.14378e-53	1.73729e-56	5.85962e-59	6.83647e-62	1.93943e-64	1.94456e-67	5.35881e-70	1.75115e-72	1.58008e-74	
N11	1.71091e-24	1.36784e-22	1.10739e-20	5.77532e-19	1.72137e-17	5.07149e-16	1.60277e-14	2.03399e-13	9.79905e-13	9.82913e-12	4.66336e-11	3.13734e-10	5.20689e-09	6.0977e-08	3.09508e-07	4.41902e-07	1.80144e-07	8.5564e-08	1.84468e-07	5.42594e-07	9.01184e-07	7.97484e-07	4.95841e-07	3.73307e-07	2.24569e-06	5.0721e-05	0.000983389	0.0114803	0.0729458	0.234231	0.354556	0.240669	0.0734904	0.0107355	0.000814636	3.52049e-05	9.80979e-07	2.50402e-08	1.44521e-09	7.75188e-11	3.78515e-12	2.0843e-13	4.95527e-15	1.08479e-16	2.50109e-18	2.53088e-20	2.62432e-22	2.72812e-24	1.31167e-26	7.79536e-29	4.12221e-31	2.24735e-33	1.00434e-35	1.24307e-37	4.8039e-40	5.4863e-42	1.64394e-44	1.4091e-46	3.15551e-49	2.01319e-51	3.38898e-54	1.6161e-56	2.0882e-59	7.50098e-62	7.44926e-65	2.10106e-67	1.68077e-70	3.90522e-73	5.05861e-76	3.13496e-78	
Scirpus_expansus	0	0	0	0	0	0	0	0	0	0	0	0	0	0	0	0	0	0	0	0	0	0	0	0	0	0	0	0	0	0	0	1	0	0	0	0	0	0	0	0	0	0	0	0	0	0	0	0	0	0	0	0	0	0	0	0	0	0	0	0	0	0	0	0	0	0	0	0	0	0	
N12	2.75759e-27	3.34826e-25	3.91641e-23	2.84452e-21	1.06864e-19	4.17884e-18	1.90471e-16	2.93129e-15	1.17057e-14	1.33188e-13	5.36747e-13	3.06814e-12	7.11234e-11	1.26558e-09	9.7291e-09	1.59268e-08	4.52856e-09	1.76508e-09	4.86004e-09	2.4825e-08	6.36393e-08	6.09002e-08	3.23894e-08	1.63437e-08	6.258e-08	2.27937e-06	9.37141e-05	0.00228375	0.0291332	0.172248	0.40223	0.307974	0.0777678	0.00787945	0.00037815	9.72331e-06	1.47459e-07	1.47394e-09	1.57991e-11	3.07172e-13	8.39425e-15	2.68497e-16	4.16913e-18	5.69065e-20	7.96012e-22	5.38511e-24	3.46315e-26	2.19891e-28	6.98256e-31	2.31168e-33	7.23083e-36	1.3984e-38	2.99374e-41	1.17615e-43	2.6337e-46	1.61203e-48	3.47108e-51	1.73406e-53	2.87911e-56	1.07736e-58	1.35281e-61	3.77494e-64	3.59513e-67	7.53548e-70	5.45424e-73	8.83787e-76	5.0172e-79	6.69624e-82	5.05943e-85	1.43208e-87	
Scirpus_sylvaticus	0	0	0	0	0	0	0	0	0	0	0	0	0	0	0	0	0	0	0	0	0	0	0	0	0	0	0	0	0	0	1	0	0	0	0	0	0	0	0	0	0	0	0	0	0	0	0	0	0	0	0	0	0	0	0	0	0	0	0	0	0	0	0	0	0	0	0	0	0	0	
Scirpus_microcarpus	0	0	0	0	0	0	0	0	0	0	0	0	0	0	0	0	0	0	0	0	0	0	0	0	0	0	0	0	0	0	0	1	0	0	0	0	0	0	0	0	0	0	0	0	0	0	0	0	0	0	0	0	0	0	0	0	0	0	0	0	0	0	0	0	0	0	0	0	0	0	
Scirpus_maximowiczii	0	0	0	0	0	0	0	0	0	0	0	0	0	0	0	0	0	0	0	0	0	0	0	0	0	0	0	0	0	0	0	1	0	0	0	0	0	0	0	0	0	0	0	0	0	0	0	0	0	0	0	0	0	0	0	0	0	0	0	0	0	0	0	0	0	0	0	0	0	0	
N13	7.77553e-23	1.04948e-20	1.28627e-18	8.59289e-17	3.90802e-15	1.39541e-13	2.81902e-12	1.36587e-11	6.48878e-11	3.57728e-10	2.13268e-09	3.26097e-08	5.85305e-07	4.94932e-06	1.23555e-05	9.17639e-06	5.07223e-06	5.14961e-06	1.01726e-05	1.63488e-05	1.27151e-05	7.42552e-06	7.99812e-06	2.33211e-05	0.000241992	0.00303369	0.0246396	0.111708	0.266324	0.32584	0.196859	0.0606354	0.00970573	0.000852808	4.29224e-05	1.44832e-06	3.37454e-08	8.97853e-10	5.62254e-11	2.84043e-12	1.05956e-13	6.5613e-15	1.20467e-16	2.4473e-18	5.88349e-20	4.71248e-22	4.62264e-24	5.0463e-26	1.80517e-28	1.26684e-30	6.02968e-33	4.8969e-35	1.50546e-37	2.91866e-39	6.36114e-42	1.08588e-43	1.75193e-46	2.25648e-48	2.72303e-51	2.63956e-53	2.37383e-56	1.6827e-58	1.18425e-61	6.23129e-64	3.4134e-67	1.35628e-69	6.15163e-73	1.86783e-75	1.17857e-78	9.07395e-81	
N14	4.80068e-22	1.91768e-20	9.03842e-19	3.08464e-17	7.84432e-16	1.77019e-14	3.45347e-13	3.75575e-12	2.68945e-11	2.01536e-10	1.22219e-09	7.23857e-09	5.36576e-08	3.11618e-07	9.1282e-07	1.18685e-06	9.61454e-07	8.68214e-07	1.20435e-06	2.19991e-06	3.74623e-06	6.11215e-06	1.17684e-05	3.58124e-05	0.000128891	0.000736706	0.00617947	0.0383674	0.140131	0.281432	0.300879	0.170512	0.0519173	0.00873943	0.000855551	5.36126e-05	2.67106e-06	1.86183e-07	2.41008e-08	2.05471e-09	1.49891e-10	1.02055e-11	3.72929e-13	1.20796e-14	3.62366e-16	6.08621e-18	9.53467e-20	1.42746e-21	1.26034e-23	1.40798e-25	1.38269e-27	2.07518e-29	2.07123e-31	3.87154e-33	3.20927e-35	4.66426e-37	2.97813e-39	3.21226e-41	1.54899e-43	1.25516e-45	4.57518e-48	2.83519e-50	8.01225e-53	3.88381e-55	8.47807e-58	3.48607e-60	6.52637e-63	2.74778e-65	1.32845e-67	1.50521e-69	
Scirpus_polystachyus	0	0	0	0	0	0	0	0	0	0	0	0	0	0	0	0	0	0	0	0	0	0	0	0	0	0	0	0	0	1	0	0	0	0	0	0	0	0	0	0	0	0	0	0	0	0	0	0	0	0	0	0	0	0	0	0	0	0	0	0	0	0	0	0	0	0	0	0	0	0	
Scirpus_cyperinus	0	0	0	0	0	0	0	0	0	0	0	0	0	0	0	0	0	0	0	0	0	0	0	0	0	0	0	0	0	0	0	0	1	0	0	0	0	0	0	0	0	0	0	0	0	0	0	0	0	0	0	0	0	0	0	0	0	0	0	0	0	0	0	0	0	0	0	0	0	0	
N15	2.2464e-23	1.49283e-21	1.02678e-19	4.29804e-18	1.37835e-16	3.69171e-15	6.7664e-14	4.72023e-13	4.89829e-12	4.37984e-11	4.04069e-10	6.64584e-09	7.8932e-08	4.05772e-07	6.43723e-07	3.95879e-07	3.29144e-07	6.12573e-07	1.12022e-06	1.16524e-06	6.15851e-07	3.60118e-07	1.43385e-06	2.62344e-05	0.000488919	0.00596746	0.042348	0.162365	0.315794	0.298835	0.137674	0.0321574	0.00403524	0.000289205	1.25427e-05	3.48073e-07	6.59609e-09	1.03627e-10	3.04823e-12	1.26861e-13	5.47533e-15	2.52236e-16	5.93882e-18	1.26918e-19	2.71016e-21	2.98679e-23	3.16628e-25	3.27699e-27	1.81634e-29	1.08222e-31	6.02941e-34	2.81602e-36	1.34459e-38	1.40162e-40	6.8313e-43	7.53108e-45	3.08007e-47	2.60823e-49	8.19334e-52	5.21274e-54	1.2456e-56	5.97871e-59	1.09758e-61	4.03232e-64	5.68781e-67	1.6695e-69	1.89335e-72	4.8411e-75	8.97614e-78	5.70542e-80	
N16	3.10788e-26	3.82538e-24	4.65891e-22	3.25304e-20	1.74135e-18	7.68007e-17	2.47411e-15	1.49641e-14	1.61042e-13	1.23662e-12	5.66069e-12	9.70375e-11	1.62846e-09	1.25316e-08	2.25319e-08	8.65326e-09	5.67897e-09	1.70731e-08	6.16395e-08	1.12414e-07	1.00372e-07	5.98096e-08	1.13662e-07	1.96999e-06	7.12443e-05	0.00170974	0.0223644	0.14144	0.371271	0.339604	0.10826	0.0143274	0.000916668	3.17785e-05	6.51535e-07	8.61293e-09	8.45312e-11	9.65728e-13	2.43484e-14	4.89179e-16	8.92958e-18	1.61478e-19	1.54405e-21	1.34838e-23	1.14016e-25	5.25485e-28	2.33314e-30	1.00982e-32	2.49069e-35	7.37072e-38	1.96581e-40	6.90393e-43	1.82262e-45	9.85343e-48	2.27368e-50	1.02291e-52	1.86525e-55	6.34932e-58	8.8777e-61	2.29582e-63	2.46244e-66	4.90313e-69	4.11481e-72	6.41482e-75	4.19314e-78	5.44561e-81	2.97818e-84	3.65614e-87	4.28929e-90	1.35694e-92	
Eriophorum_virginicum	0	0	0	0	0	0	0	0	0	0	0	0	0	0	0	0	0	0	0	0	0	0	0	0	0	0	0	0	1	0	0	0	0	0	0	0	0	0	0	0	0	0	0	0	0	0	0	0	0	0	0	0	0	0	0	0	0	0	0	0	0	0	0	0	0	0	0	0	0	0	
Eriophorum_gracile	0	0	0	0	0	0	0	0	0	0	0	0	0	0	0	0	0	0	0	0	0	0	0	0	0	0	0	0	0	1	0	0	0	0	0	0	0	0	0	0	0	0	0	0	0	0	0	0	0	0	0	0	0	0	0	0	0	0	0	0	0	0	0	0	0	0	0	0	0	0	
Eriophorum_angustifolium_subsp_angustifolium	0	0	0	0	0	0	0	0	0	0	0	0	0	0	0	0	0	0	0	0	0	0	0	0	0	0	0	0	1	0	0	0	0	0	0	0	0	0	0	0	0	0	0	0	0	0	0	0	0	0	0	0	0	0	0	0	0	0	0	0	0	0	0	0	0	0	0	0	0	0	
Scirpus_radicans	0	0	0	0	0	0	0	0	0	0	0	0	0	0	0	0	0	0	0	0	0	0	0	0	0	0	0	1	0	0	0	0	0	0	0	0	0	0	0	0	0	0	0	0	0	0	0	0	0	0	0	0	0	0	0	0	0	0	0	0	0	0	0	0	0	0	0	0	0	0	
Scirpus_divaricatus	0	0	0	0	0	0	0	0	0	0	0	0	0	1	0	0	0	0	0	0	0	0	0	0	0	0	0	0	0	0	0	0	0	0	0	0	0	0	0	0	0	0	0	0	0	0	0	0	0	0	0	0	0	0	0	0	0	0	0	0	0	0	0	0	0	0	0	0	0	0	
N17	0.0342765	0.0463299	0.0638331	0.085049	0.104215	0.118068	0.119387	0.111705	0.095268	0.0751828	0.0543594	0.0376972	0.0234467	0.0142927	0.00802617	0.00442194	0.00219989	0.00120308	0.00052988	0.000281003	0.000119697	6.25169e-05	2.26577e-05	1.41328e-05	4.1517e-06	2.69587e-06	7.9853e-07	5.13812e-07	1.19944e-07	9.23071e-08	1.79218e-08	1.32852e-08	2.61071e-09	1.62784e-09	2.71687e-10	1.97499e-10	2.64846e-11	1.57101e-11	2.37122e-12	1.30474e-12	1.51474e-13	8.3216e-14	8.73297e-15	4.76249e-15	5.15728e-16	1.87063e-16	1.86323e-17	1.0906e-17	7.39617e-19	2.55311e-19	2.78296e-20	1.17185e-20	7.19284e-22	2.73961e-22	1.87496e-23	9.61957e-24	6.10676e-25	1.33461e-25	1.05305e-26	6.39809e-27	2.49602e-28	5.83886e-29	5.50729e-30	2.30475e-30	8.55179e-32	2.2844e-32	1.24489e-33	6.40856e-34	7.13534e-35	8.77904e-35	
N18	0.000235439	0.00209144	0.0161182	0.0798011	0.248567	0.383075	0.210427	0.0521929	0.00690437	0.000557301	2.9696e-05	1.13441e-06	3.15172e-08	6.80922e-10	1.15425e-11	1.58349e-13	1.77476e-15	1.69206e-17	1.33852e-19	9.2492e-22	5.50046e-24	2.87618e-26	1.31409e-28	5.47105e-31	1.97856e-33	6.61514e-36	1.97875e-38	5.43187e-41	1.34109e-43	3.14507e-46	6.51453e-49	1.29304e-51	2.33134e-54	3.96303e-57	6.12952e-60	9.26011e-63	1.23962e-65	1.63073e-68	1.96067e-71	2.26685e-74	2.39265e-77	2.51889e-80	2.35128e-83	2.20003e-86	1.88412e-89	1.57497e-92	1.20452e-95	9.34989e-99	6.41774e-102	4.48429e-105	2.87066e-108	1.81694e-111	1.05124e-114	6.25961e-118	3.28944e-121	1.78401e-124	8.86358e-128	4.40619e-131	2.01313e-134	9.63173e-138	4.12393e-141	1.8769e-144	8.17861e-148	3.75977e-151	1.72713e-154	8.65973e-158	4.33175e-161	2.27153e-164	1.18096e-167	6.3734e-171	
Carex_pachygyna	0	0	0	0	0	1	0	0	0	0	0	0	0	0	0	0	0	0	0	0	0	0	0	0	0	0	0	0	0	0	0	0	0	0	0	0	0	0	0	0	0	0	0	0	0	0	0	0	0	0	0	0	0	0	0	0	0	0	0	0	0	0	0	0	0	0	0	0	0	0	
Carex_siderosticta	0	0	0	0	0	1	0	0	0	0	0	0	0	0	0	0	0	0	0	0	0	0	0	0	0	0	0	0	0	0	0	0	0	0	0	0	0	0	0	0	0	0	0	0	0	0	0	0	0	0	0	0	0	0	0	0	0	0	0	0	0	0	0	0	0	0	0	0	0	0	
N19	2.85351e-06	7.30264e-06	2.27145e-05	6.69695e-05	0.000174377	0.000406967	0.000821801	0.00154039	0.00269228	0.00456803	0.00733426	0.0109257	0.0138952	0.0163029	0.0179402	0.0191071	0.0190462	0.0193942	0.0200392	0.024436	0.0325	0.0464789	0.0634301	0.0854905	0.095294	0.0990896	0.0869603	0.0729589	0.0573829	0.0506276	0.0408656	0.0342704	0.0243262	0.0159709	0.00847356	0.00432065	0.00170152	0.000672737	0.000239728	0.000101854	4.92801e-05	3.13644e-05	1.78094e-05	1.08242e-05	5.5003e-06	2.73554e-06	1.12213e-06	4.76441e-07	1.56376e-07	5.31366e-08	1.48045e-08	4.07138e-09	9.09709e-10	2.13406e-10	3.85807e-11	7.3597e-12	1.14132e-12	1.77678e-13	2.26757e-14	3.11e-15	3.28494e-16	3.76851e-17	3.64692e-18	3.72368e-19	3.37914e-20	3.55018e-21	3.51714e-22	3.94836e-23	4.58832e-24	8.32967e-25	
Trichophorum_cespitosum	0	0	0	0	0	0	0	0	0	0	0	0	0	0	0	0	0	0	0	0	0	0	0	0	0	0	0	0	0	0	0	0	0	0	0	0	0	0	0	0	0	0	0	0	0	0	0	0	0	0	0	1	0	0	0	0	0	0	0	0	0	0	0	0	0	0	0	0	0	0	
Trichophorum_alpinum	0	0	0	0	0	0	0	0	0	0	0	0	0	0	0	0	0	0	0	0	0	0	0	0	0	0	0	0	1	0	0	0	0	0	0	0	0	0	0	0	0	0	0	0	0	0	0	0	0	0	0	0	0	0	0	0	0	0	0	0	0	0	0	0	0	0	0	0	0	0	
N20	0.13471	0.158022	0.168995	0.162231	0.13556	0.101904	0.0654391	0.0383599	0.019657	0.00917709	0.00372573	0.00149032	0.000489114	0.000169165	4.94833e-05	1.53807e-05	3.80535e-06	1.15453e-06	2.37546e-07	6.28571e-08	1.15825e-08	2.57504e-09	3.89756e-10	8.20673e-11	9.96603e-12	1.73065e-12	1.96421e-13	2.94983e-14	2.69271e-15	3.79699e-16	2.92506e-17	3.60985e-18	2.55947e-19	2.50811e-20	1.53203e-21	1.59211e-22	7.56897e-24	5.96682e-25	2.87101e-26	2.09893e-27	7.8698e-29	5.12575e-30	1.67744e-31	1.00817e-32	3.01399e-34	1.38079e-35	3.72436e-37	1.93182e-38	4.00102e-40	1.50749e-41	3.30108e-43	1.2215e-44	2.11543e-46	7.1914e-48	1.14e-49	3.66704e-51	5.32986e-53	1.27432e-54	1.76211e-56	5.1264e-58	5.40541e-60	1.14025e-61	1.41391e-63	3.05173e-65	2.86236e-67	5.65779e-69	5.79526e-71	1.41604e-72	3.0877e-74	1.36992e-75	
N21	0.158364	0.173371	0.170342	0.153016	0.123441	0.0913295	0.0595066	0.0355817	0.0190424	0.00929801	0.004066	0.00169881	0.000617448	0.000222072	7.17644e-05	2.30678e-05	6.49297e-06	2.05519e-06	5.06082e-07	1.48217e-07	3.44906e-08	9.14074e-09	1.83831e-09	4.79784e-10	8.20454e-11	1.88257e-11	3.05815e-12	6.22752e-13	8.59963e-14	1.69777e-14	2.04091e-15	3.6097e-16	4.14019e-17	6.30081e-18	6.42096e-19	1.02991e-19	8.81317e-21	1.18061e-21	1.04412e-22	1.31419e-23	9.74465e-25	1.19135e-25	7.95134e-27	9.12479e-28	5.92151e-29	5.58855e-30	3.33087e-31	3.56877e-32	1.74388e-33	1.47974e-34	7.76295e-36	6.49282e-37	2.81785e-38	2.23903e-39	9.02265e-41	6.87658e-42	2.62663e-43	1.59509e-44	5.82903e-46	4.15385e-47	1.21912e-48	6.70945e-50	2.23427e-51	1.24359e-52	3.32837e-54	1.76448e-55	5.2347e-57	3.48951e-58	2.21676e-59	3.17732e-60	
N22	0.196908	0.204126	0.183126	0.147837	0.10711	0.0718868	0.0430947	0.024071	0.0122106	0.00571219	0.0024225	0.000975018	0.00034763	0.000119327	3.7214e-05	1.10911e-05	2.98145e-06	8.199e-07	1.9207e-07	4.73454e-08	1.02457e-08	2.26175e-09	4.28043e-10	8.97527e-11	1.47293e-11	2.73076e-12	4.16625e-13	6.83688e-14	9.02439e-15	1.40078e-15	1.61454e-16	2.22545e-17	2.4011e-18	2.91284e-19	2.77361e-20	3.28393e-21	2.71846e-22	2.81422e-23	2.25982e-24	2.11479e-25	1.4833e-26	1.33918e-27	8.35872e-29	6.81836e-30	4.09987e-31	2.92749e-32	1.57857e-33	1.14259e-34	5.36059e-36	3.36088e-37	1.57143e-38	9.09324e-40	3.72024e-41	2.09334e-42	7.75683e-44	3.99966e-45	1.43371e-46	6.46776e-48	2.13178e-49	9.98833e-51	2.86512e-52	1.16144e-53	3.44541e-55	1.32521e-56	3.55505e-58	1.43091e-59	4.5516e-61	2.29981e-62	1.20803e-63	1.08647e-64	
N23	0.226098	0.227199	0.192569	0.144	0.0951424	0.0576317	0.0308554	0.0153072	0.00684289	0.00280676	0.001035	0.000360653	0.000110066	3.21367e-05	8.4166e-06	2.08553e-06	4.59759e-07	1.02075e-07	1.91116e-08	3.69267e-09	6.21078e-10	1.04629e-10	1.50759e-11	2.34946e-12	2.88719e-13	3.90483e-14	4.38109e-15	5.16444e-16	4.95516e-17	5.42987e-18	4.50284e-19	4.33144e-20	3.31992e-21	2.78772e-22	1.87109e-23	1.51006e-24	8.77849e-26	6.17422e-27	3.43919e-28	2.17198e-29	1.0561e-30	6.3794e-32	2.75407e-33	1.49651e-34	6.18701e-36	2.95263e-37	1.09307e-38	5.21534e-40	1.68945e-41	7.03302e-43	2.24963e-44	8.60116e-46	2.42319e-47	8.99683e-49	2.29485e-50	7.78703e-52	1.92166e-53	5.75988e-55	1.30446e-56	4.00612e-58	7.97938e-60	2.14868e-61	4.38702e-63	1.11983e-64	2.11405e-66	5.73919e-68	1.30028e-69	4.39802e-71	1.54712e-72	8.62153e-74	
N24	0.223461	0.226893	0.195002	0.147322	0.0971982	0.0579341	0.0297606	0.0138582	0.00563234	0.00204604	0.000643926	0.000188984	4.62915e-05	1.08611e-05	2.19102e-06	4.21195e-07	6.8378e-08	1.16608e-08	1.54088e-09	2.2277e-10	2.58197e-11	3.14759e-12	3.00516e-13	3.35478e-14	2.62173e-15	2.45728e-16	1.73599e-17	1.38889e-18	8.12803e-20	6.01857e-21	2.9843e-22	1.91685e-23	8.74916e-25	4.76954e-26	1.88593e-27	1.0167e-28	3.37293e-30	1.52752e-31	4.96425e-33	2.02969e-34	5.58057e-36	2.17191e-37	5.26819e-39	1.85343e-40	4.29595e-42	1.27833e-43	2.65628e-45	8.27004e-47	1.44955e-48	3.7514e-50	6.69089e-52	1.62331e-53	2.47226e-55	5.77704e-57	8.00559e-59	1.7329e-60	2.30504e-62	4.21476e-64	5.21745e-66	1.03492e-67	1.08208e-69	1.78384e-71	1.99847e-73	3.18601e-75	3.08119e-77	4.96775e-79	5.57074e-81	1.13264e-82	2.30888e-84	7.79778e-86	
N25	0.173981	0.193469	0.190857	0.166306	0.123548	0.079779	0.0422508	0.0193118	0.0073108	0.00236477	0.000632026	0.000153513	2.97273e-05	5.48621e-06	8.40004e-07	1.2324e-07	1.46746e-08	1.88166e-09	1.76869e-10	1.8736e-11	1.51008e-12	1.31284e-13	8.53183e-15	6.72646e-16	3.51501e-17	2.29386e-18	1.08617e-19	6.04571e-21	2.35397e-22	1.21938e-23	4.03063e-25	1.8202e-26	5.57777e-28	2.11839e-29	5.65508e-31	2.17241e-32	4.82207e-34	1.53319e-35	3.38521e-37	9.8404e-39	1.82174e-40	5.01087e-42	8.23822e-44	2.0741e-45	3.25477e-47	6.85368e-49	9.74917e-51	2.19992e-52	2.61568e-54	4.8247e-56	5.93988e-58	1.04572e-59	1.09367e-61	1.85705e-63	1.78629e-65	2.84634e-67	2.63469e-69	3.49145e-71	3.04827e-73	4.52748e-75	3.30086e-77	4.00177e-79	3.2178e-81	3.83948e-83	2.61946e-85	3.13423e-87	2.47662e-89	3.75031e-91	5.60106e-93	1.38813e-94	
Fimbristylis_autumnalis	0	0	0	0	1	0	0	0	0	0	0	0	0	0	0	0	0	0	0	0	0	0	0	0	0	0	0	0	0	0	0	0	0	0	0	0	0	0	0	0	0	0	0	0	0	0	0	0	0	0	0	0	0	0	0	0	0	0	0	0	0	0	0	0	0	0	0	0	0	0	
Fimbristylis_complanata	0	0	0	0	1	0	0	0	0	0	0	0	0	0	0	0	0	0	0	0	0	0	0	0	0	0	0	0	0	0	0	0	0	0	0	0	0	0	0	0	0	0	0	0	0	0	0	0	0	0	0	0	0	0	0	0	0	0	0	0	0	0	0	0	0	0	0	0	0	0	
N26	0.015647	0.0500154	0.142669	0.265233	0.285768	0.171184	0.0563735	0.0114694	0.00149589	0.000135289	8.68501e-06	4.35402e-07	1.61279e-08	5.01013e-10	1.23491e-11	2.61829e-13	4.49759e-15	7.26261e-17	9.1687e-19	1.13132e-20	1.14409e-22	1.10864e-24	8.78062e-27	7.2424e-29	4.56373e-31	3.06682e-33	1.67234e-35	9.34454e-38	4.18775e-40	2.09365e-42	7.8683e-45	3.35427e-47	1.13589e-49	4.12595e-52	1.20002e-54	4.09714e-57	1.01574e-59	2.973e-62	6.93936e-65	1.79903e-67	3.62758e-70	8.84786e-73	1.57099e-75	3.41696e-78	5.73883e-81	1.0913e-83	1.63367e-86	3.06465e-89	4.01115e-92	6.56409e-95	8.40909e-98	1.2585e-100	1.42263e-103	2.05833e-106	2.10533e-109	2.77743e-112	2.74482e-115	3.20961e-118	2.90864e-121	3.45655e-124	2.77165e-127	2.90817e-130	2.38415e-133	2.37711e-136	1.83902e-139	1.97686e-142	1.84891e-145	2.43473e-148	3.27733e-151	5.30041e-154	
Fimbristylis_aestivalis	0	0	0	0	1	0	0	0	0	0	0	0	0	0	0	0	0	0	0	0	0	0	0	0	0	0	0	0	0	0	0	0	0	0	0	0	0	0	0	0	0	0	0	0	0	0	0	0	0	0	0	0	0	0	0	0	0	0	0	0	0	0	0	0	0	0	0	0	0	0	
Fimbristylis_squarrosa	0	0	0	0	1	0	0	0	0	0	0	0	0	0	0	0	0	0	0	0	0	0	0	0	0	0	0	0	0	0	0	0	0	0	0	0	0	0	0	0	0	0	0	0	0	0	0	0	0	0	0	0	0	0	0	0	0	0	0	0	0	0	0	0	0	0	0	0	0	0	
Fimbristylis_ovata	0	0	0	0	1	0	0	0	0	0	0	0	0	0	0	0	0	0	0	0	0	0	0	0	0	0	0	0	0	0	0	0	0	0	0	0	0	0	0	0	0	0	0	0	0	0	0	0	0	0	0	0	0	0	0	0	0	0	0	0	0	0	0	0	0	0	0	0	0	0	
N27	0.0503707	0.0714587	0.0993853	0.125836	0.139613	0.139591	0.121274	0.0960385	0.0674985	0.0428363	0.0240912	0.0125707	0.00568179	0.00240566	0.000902348	0.000312958	9.56598e-05	2.83927e-05	7.13335e-06	1.76847e-06	3.82482e-07	7.9472e-08	1.42569e-08	2.60699e-09	3.88068e-10	5.97514e-11	7.8549e-12	1.03401e-12	1.15733e-13	1.39873e-14	1.36863e-15	1.47246e-16	1.34867e-17	1.29691e-18	1.05914e-19	9.69753e-21	6.93913e-22	5.55726e-23	3.71027e-24	2.62093e-25	1.5169e-26	9.96886e-28	5.05749e-29	2.94324e-30	1.40028e-31	7.18282e-33	3.04303e-34	1.5105e-35	5.65845e-37	2.48293e-38	8.95183e-40	3.55659e-41	1.13489e-42	4.30223e-44	1.22729e-45	4.17276e-47	1.12872e-48	3.38955e-50	8.22887e-52	2.41025e-53	5.15501e-55	1.33293e-56	2.81996e-58	6.82526e-60	1.3862e-61	3.61926e-63	8.69568e-65	2.65586e-66	8.26651e-68	3.68142e-69	
Bulbostylis_barbata	0	0	0	0	1	0	0	0	0	0	0	0	0	0	0	0	0	0	0	0	0	0	0	0	0	0	0	0	0	0	0	0	0	0	0	0	0	0	0	0	0	0	0	0	0	0	0	0	0	0	0	0	0	0	0	0	0	0	0	0	0	0	0	0	0	0	0	0	0	0	
N28	0.000580803	0.00204318	0.0073081	0.0212829	0.0482245	0.0889603	0.132797	0.162544	0.166026	0.136341	0.0925553	0.0636051	0.0388179	0.0218573	0.00979843	0.00436151	0.00177018	0.000773223	0.000244389	8.12554e-05	2.02453e-05	5.39729e-06	1.21978e-06	3.99475e-07	1.06922e-07	3.8276e-08	9.92163e-09	2.7515e-09	4.90926e-10	1.04624e-10	1.41542e-11	2.80358e-12	4.55212e-13	1.01889e-13	1.63283e-14	3.47607e-15	3.98118e-16	5.80101e-17	5.32408e-18	5.68038e-19	3.53235e-20	2.89631e-21	1.29175e-22	7.85212e-24	2.74521e-25	1.15589e-26	3.02919e-28	1.1367e-29	2.10954e-31	5.54618e-33	9.09303e-35	1.96244e-36	2.38386e-38	4.34572e-40	4.27287e-42	6.47778e-44	5.46898e-46	6.23644e-48	4.47067e-50	5.13275e-52	2.81368e-54	2.42963e-56	1.33747e-58	1.04431e-60	4.53864e-63	3.30678e-65	1.54698e-67	1.33427e-69	1.10326e-71	1.39341e-73	
N29	0.000183218	0.000575409	0.00210555	0.00663412	0.0167127	0.03493	0.0583186	0.0833099	0.0982253	0.101107	0.083107	0.0803521	0.055196	0.0601335	0.0362907	0.0495566	0.0250038	0.0517417	0.0206228	0.0402798	0.013468	0.0178958	0.00500293	0.0107536	0.00386171	0.00930758	0.00509376	0.0112057	0.00295419	0.00496525	0.00115273	0.00288177	0.000922037	0.001274	0.000582614	0.00274072	0.000464872	0.000496284	0.000170295	0.000355358	3.38088e-05	2.42896e-05	2.76766e-06	3.97368e-06	2.33346e-07	6.59903e-08	5.41834e-09	5.43086e-09	1.44495e-10	2.56467e-11	1.27913e-12	6.09321e-13	1.14434e-14	2.29154e-15	5.57244e-17	2.07655e-17	2.60366e-19	1.9524e-20	4.28683e-22	1.34454e-22	1.0204e-24	6.78911e-26	1.7038e-27	3.42454e-28	2.064e-30	1.59032e-31	1.08351e-33	1.32248e-34	2.77564e-36	8.86239e-37	
Bulbostylis_juncoides	0	0	0	0	0	0	0	0	0	0	0	0	0	0	0	0	0	0	0	0	0	0	0	0	0	0	0	0	0	0	0	0	0	0	0	0	0	0	0	0	0	1	0	0	0	0	0	0	0	0	0	0	0	0	0	0	0	0	0	0	0	0	0	0	0	0	0	0	0	0	
Bulbostylis_densa	0	0	0	0	0	0	0	0	0	0	0	0	0	0	0	0	0	0	0	0	0	0	0	0	0	0	0	0	0	0	0	1	0	0	0	0	0	0	0	0	0	0	0	0	0	0	0	0	0	0	0	0	0	0	0	0	0	0	0	0	0	0	0	0	0	0	0	0	0	0	
Bulbostylis_hispidula	0	0	0	0	1	0	0	0	0	0	0	0	0	0	0	0	0	0	0	0	0	0	0	0	0	0	0	0	0	0	0	0	0	0	0	0	0	0	0	0	0	0	0	0	0	0	0	0	0	0	0	0	0	0	0	0	0	0	0	0	0	0	0	0	0	0	0	0	0	0	
N30	0.0229265	0.0319826	0.046194	0.0651269	0.0848313	0.103396	0.112693	0.114831	0.10637	0.0914188	0.0717987	0.0542975	0.0368856	0.0244834	0.0149325	0.00873436	0.00462271	0.00245285	0.00112306	0.000526288	0.000221259	9.35219e-05	3.53908e-05	1.44512e-05	4.98715e-06	1.89519e-06	6.41635e-07	2.30817e-07	7.29735e-08	2.61098e-08	7.62262e-09	2.50664e-09	6.94156e-10	2.0319e-10	4.96301e-11	1.37165e-11	2.89781e-12	6.93426e-13	1.36433e-13	2.87118e-14	4.87301e-15	9.52211e-16	1.40787e-16	2.41689e-17	3.31954e-18	4.94175e-19	5.9455e-20	8.45557e-21	8.80481e-22	1.08315e-22	1.07089e-23	1.17562e-24	1.01219e-25	1.04967e-26	8.00376e-28	7.39408e-29	5.32314e-30	4.31178e-31	2.77976e-32	2.20461e-33	1.24555e-34	8.66883e-36	4.85722e-37	3.15674e-38	1.68094e-39	1.17449e-40	7.45612e-42	6.27585e-43	5.73929e-44	8.40264e-45	
Eleocharis_dulcis	0	0	0	0	0	0	0	0	0	0	0	0	0	0	0	0	0	0	0	0	0	0	0	0	0	0	0	0	0	0	0	0	0	0	0	0	0	1	0	0	0	0	0	0	0	0	0	0	0	0	0	0	0	0	0	0	0	0	0	0	0	0	0	0	0	0	0	0	0	0	
N31	0.00966344	0.0157241	0.028046	0.048508	0.0755973	0.106111	0.12954	0.141314	0.13529	0.114078	0.0839527	0.0549131	0.030933	0.0155284	0.00682903	0.00266491	0.000915724	0.000287289	7.83849e-05	1.97213e-05	4.41265e-06	8.99217e-07	1.62505e-07	2.76992e-08	4.06014e-09	5.66015e-10	6.97721e-11	7.99392e-12	8.05277e-13	7.86713e-14	6.5033e-15	5.23579e-16	3.67914e-17	2.44191e-18	1.40995e-19	8.02423e-21	3.81287e-22	1.79797e-23	7.35463e-25	2.90816e-26	9.92291e-28	3.46558e-29	9.98239e-31	2.99424e-32	7.74528e-34	2.01427e-35	4.49902e-37	1.09254e-38	2.12046e-40	4.51324e-42	8.20823e-44	1.5438e-45	2.45183e-47	4.36663e-49	6.08836e-51	9.55412e-53	1.25815e-54	1.74098e-56	2.02374e-58	2.68787e-60	2.75537e-62	3.2531e-64	3.23445e-66	3.53577e-68	3.3739e-70	4.00029e-72	4.47898e-74	6.23698e-76	8.81015e-78	1.60879e-79	
N32	0.000751383	0.00164666	0.00426036	0.0105017	0.0227022	0.0431832	0.0707041	0.104143	0.134909	0.15214	0.144398	0.11803	0.0805604	0.0505182	0.0289405	0.0160075	0.00829747	0.00449068	0.00210993	0.00102719	0.00042607	0.000171198	5.53179e-05	1.87077e-05	4.56191e-06	1.1885e-06	2.34228e-07	4.71153e-08	7.02739e-09	1.18161e-09	1.36217e-10	1.8193e-11	1.76634e-12	1.88407e-13	1.47094e-14	1.41655e-15	8.86288e-17	6.92599e-18	3.9659e-19	2.63109e-20	1.23619e-21	7.5665e-23	2.99779e-24	1.57763e-25	5.79461e-27	2.53813e-28	8.01009e-30	3.47092e-31	9.1128e-33	3.2742e-34	8.3588e-36	2.70301e-37	5.81645e-39	1.77511e-40	3.37565e-42	9.26837e-44	1.65863e-45	3.86561e-47	6.25964e-49	1.50523e-50	2.06397e-52	4.17061e-54	5.86782e-56	1.11522e-57	1.3703e-59	2.63825e-61	3.73869e-63	8.9905e-65	2.19504e-66	8.62646e-68	
Eleocharis_uniglumis	0	0	0	0	0	0	0	0	0	0	0	0	0	0	0	0	0	0	0	0	0	0	0	1	0	0	0	0	0	0	0	0	0	0	0	0	0	0	0	0	0	0	0	0	0	0	0	0	0	0	0	0	0	0	0	0	0	0	0	0	0	0	0	0	0	0	0	0	0	0	
Eleocharis_acicularis	0	0	0	0	0	0	0	0	0	1	0	0	0	0	0	0	0	0	0	0	0	0	0	0	0	0	0	0	0	0	0	0	0	0	0	0	0	0	0	0	0	0	0	0	0	0	0	0	0	0	0	0	0	0	0	0	0	0	0	0	0	0	0	0	0	0	0	0	0	0	
N33	0.00818051	0.0136252	0.025567	0.0470291	0.0776638	0.113415	0.141823	0.154347	0.144013	0.114969	0.0779072	0.0454206	0.0221094	0.00927893	0.00330202	0.00100953	0.000262239	6.17709e-05	1.20133e-05	2.20985e-06	3.50913e-07	5.28759e-08	6.72774e-09	9.3487e-10	9.66699e-11	1.15361e-11	1.07017e-12	1.08241e-13	8.12697e-15	7.57983e-16	4.65382e-17	3.6599e-18	2.0018e-19	1.32351e-20	6.04691e-22	3.7448e-23	1.42234e-24	7.4496e-26	2.65138e-27	1.21525e-28	3.66157e-30	1.60649e-31	4.1761e-33	1.62234e-34	4.09183e-36	1.35064e-37	2.99712e-39	1.05682e-40	1.96275e-42	5.73671e-44	1.11806e-45	3.03987e-47	4.94096e-49	1.33435e-50	1.94529e-52	4.83769e-54	6.86811e-56	1.41389e-57	1.85353e-59	4.29062e-61	4.61826e-63	8.61804e-65	1.00942e-66	1.84722e-68	1.7928e-70	3.18323e-72	3.43825e-74	7.65166e-76	1.60556e-77	6.31222e-79	
N34	0.000299147	0.00110619	0.0047243	0.0168054	0.0470378	0.106031	0.181883	0.231332	0.206743	0.128033	0.0548157	0.0168329	0.00366889	0.000604363	7.53846e-05	7.39174e-06	5.71499e-07	3.79086e-08	1.98407e-09	9.45053e-11	3.7681e-12	1.37367e-13	4.1735e-15	1.27288e-16	3.00173e-18	7.30763e-20	1.44119e-21	2.82848e-23	4.43291e-25	7.55213e-27	9.58855e-29	1.35603e-30	1.50293e-32	1.78146e-34	1.65347e-36	1.80274e-38	1.40606e-40	1.30706e-42	9.49001e-45	7.71938e-47	4.80959e-49	3.7112e-51	2.0138e-53	1.3717e-55	7.09473e-58	4.19712e-60	1.91145e-62	1.12255e-64	4.42112e-67	2.24468e-69	8.66238e-72	3.99012e-74	1.34016e-76	5.96568e-79	1.79362e-81	7.2378e-84	2.08743e-86	7.40176e-89	1.94293e-91	7.00968e-94	1.60748e-96	5.06123e-99	1.17766e-101	3.49422e-104	7.40018e-107	2.29323e-109	5.73582e-112	2.22704e-114	8.86506e-117	4.66316e-119	
Eleocharis_mamillata_subsp_mamillata	0	0	0	0	0	0	0	1	0	0	0	0	0	0	0	0	0	0	0	0	0	0	0	0	0	0	0	0	0	0	0	0	0	0	0	0	0	0	0	0	0	0	0	0	0	0	0	0	0	0	0	0	0	0	0	0	0	0	0	0	0	0	0	0	0	0	0	0	0	0	
Eleocharis_compressa_var_compressa	0	0	0	0	0	0	0	0	1	0	0	0	0	0	0	0	0	0	0	0	0	0	0	0	0	0	0	0	0	0	0	0	0	0	0	0	0	0	0	0	0	0	0	0	0	0	0	0	0	0	0	0	0	0	0	0	0	0	0	0	0	0	0	0	0	0	0	0	0	0	
Eleocharis_flavescens_var_olivacea	0	0	0	0	0	0	0	0	0	1	0	0	0	0	0	0	0	0	0	0	0	0	0	0	0	0	0	0	0	0	0	0	0	0	0	0	0	0	0	0	0	0	0	0	0	0	0	0	0	0	0	0	0	0	0	0	0	0	0	0	0	0	0	0	0	0	0	0	0	0	
N35	0.0293681	0.0431726	0.0648797	0.0914191	0.114052	0.129458	0.126737	0.115196	0.0931355	0.0703668	0.0472803	0.0322994	0.0184912	0.0114237	0.00607318	0.00346274	0.00161086	0.000908852	0.000365077	0.000185336	6.91115e-05	3.05976e-05	9.76012e-06	4.20667e-06	1.11591e-06	4.07329e-07	1.02743e-07	3.28988e-08	6.81944e-09	2.05376e-09	3.62708e-10	9.56531e-11	1.55227e-11	3.31538e-12	4.64383e-13	1.02038e-13	1.13862e-14	1.95999e-15	2.17554e-16	3.42557e-17	3.04471e-18	4.35113e-19	3.37737e-20	4.39498e-21	3.16368e-22	3.256e-23	2.10618e-24	2.37651e-25	1.21707e-26	1.04402e-27	5.56875e-29	4.57082e-30	1.97926e-31	1.52325e-32	5.99955e-34	4.30167e-35	1.57836e-36	8.81117e-38	3.03175e-39	1.95244e-40	5.31809e-42	2.62008e-43	8.03372e-45	3.9337e-46	9.59542e-48	4.45869e-49	1.22824e-50	7.31479e-52	4.4284e-53	5.37195e-54	
N36	0.0138809	0.0225054	0.0384127	0.0616036	0.0876464	0.112645	0.125513	0.127817	0.116003	0.0963963	0.0717479	0.0514981	0.0320983	0.0199129	0.0110285	0.00602066	0.00284905	0.00144999	0.00057789	0.000255134	9.0235e-05	3.38053e-05	9.81641e-06	3.36898e-06	7.89289e-07	2.25317e-07	4.70472e-08	1.12984e-08	1.8925e-09	4.18079e-10	5.72001e-11	1.07559e-11	1.32213e-12	2.04786e-13	2.0889e-14	3.23418e-15	2.62699e-16	3.30058e-17	2.60616e-18	2.91327e-19	1.84366e-20	1.94683e-21	1.05081e-22	9.90711e-24	5.03759e-25	3.80962e-26	1.68807e-27	1.37816e-28	4.8849e-30	3.12092e-31	1.14355e-32	6.84126e-34	2.02444e-35	1.14579e-36	3.03351e-38	1.58887e-39	3.96002e-41	1.63654e-42	3.77734e-44	1.79887e-45	3.27057e-47	1.19075e-48	2.43838e-50	8.79296e-52	1.40492e-53	4.80038e-55	8.07931e-57	3.40686e-58	1.35515e-59	1.27031e-60	
N37	0.00559897	0.0100451	0.0197485	0.0367399	0.0604438	0.0888936	0.112415	0.128189	0.129335	0.118205	0.0963506	0.0743088	0.0497537	0.0322586	0.0185859	0.0102597	0.00488751	0.00243854	0.000944545	0.00039977	0.000133462	4.7124e-05	1.24065e-05	4.02522e-06	8.20542e-07	2.19991e-07	3.93784e-08	8.77385e-09	1.21337e-09	2.51696e-10	2.76177e-11	4.79404e-12	4.69229e-13	6.50744e-14	5.16994e-15	7.10678e-16	4.37593e-17	4.69386e-18	2.79712e-19	2.61588e-20	1.2144e-21	1.04301e-22	4.07064e-24	3.09248e-25	1.11434e-26	6.47535e-28	2.01509e-29	1.30813e-30	3.09534e-32	1.46855e-33	3.70194e-35	1.6847e-36	3.20535e-38	1.33289e-39	2.26212e-41	8.89369e-43	1.37991e-44	3.86341e-46	5.62507e-48	2.00647e-49	2.09545e-51	5.03787e-53	6.38989e-55	1.60967e-56	1.43165e-58	3.17157e-60	2.97603e-62	8.11537e-64	1.7324e-65	9.54786e-67	
N38	0.00403611	0.00727702	0.0147411	0.0287275	0.0497748	0.0770526	0.102467	0.122531	0.129421	0.123608	0.105014	0.084758	0.0588501	0.0401249	0.0239877	0.0141219	0.00686723	0.00391342	0.00149239	0.00078701	0.000262939	0.000128367	3.17188e-05	1.80397e-05	3.18556e-06	1.70729e-06	2.85826e-07	1.34092e-07	1.61992e-08	8.02669e-09	7.67264e-10	3.36999e-10	3.06118e-11	1.00633e-11	7.49141e-13	2.91446e-13	1.59354e-14	4.4371e-15	2.90522e-16	7.72013e-17	3.39187e-18	8.37581e-19	3.40065e-20	9.03602e-21	3.60553e-22	4.98303e-23	1.91299e-24	5.49057e-25	1.17887e-26	1.48094e-27	6.09205e-29	1.12057e-29	2.00548e-31	2.66237e-32	5.80436e-34	1.20483e-34	2.00452e-36	1.32967e-37	3.04854e-39	6.42662e-40	6.16361e-42	3.95573e-43	9.64816e-45	1.28759e-45	1.07951e-47	7.35244e-49	9.37926e-51	1.31751e-51	2.7195e-53	6.9424e-54	
N39	5.26383e-05	0.000108665	0.000269852	0.000665927	0.00150544	0.00314299	0.00589092	0.0102397	0.0161788	0.0234952	0.0317253	0.0416935	0.0520473	0.0644014	0.0772662	0.0903115	0.099182	0.104024	0.0959212	0.0831394	0.064838	0.0477794	0.0324544	0.0222389	0.0135213	0.00827054	0.004567	0.00247257	0.00123046	0.000663977	0.000330132	0.000183214	9.48445e-05	5.03334e-05	2.35504e-05	1.1516e-05	4.5905e-06	1.90236e-06	6.70406e-07	2.35115e-07	6.93855e-08	2.16055e-08	5.36156e-09	1.41306e-09	3.11876e-10	6.94779e-11	1.29672e-11	2.6141e-12	4.12676e-13	7.05687e-14	1.00857e-14	1.48448e-15	1.80871e-16	2.42922e-17	2.54714e-18	2.95983e-19	2.83928e-20	2.8565e-21	2.38781e-22	2.24905e-23	1.63558e-24	1.35048e-25	9.42617e-27	7.19473e-28	4.85056e-29	3.97208e-30	3.08941e-31	2.87596e-32	2.81048e-33	4.3848e-34	
N40	1.64762e-13	4.40531e-12	1.07395e-10	1.93012e-09	1.82063e-08	1.0093e-07	7.28777e-07	7.08849e-06	4.36532e-05	8.55977e-05	9.1068e-05	0.000195052	0.000347391	0.000503653	0.00182824	0.0112213	0.0565497	0.182376	0.313721	0.261016	0.113035	0.037947	0.0143956	0.00513118	0.001273	0.00020792	2.15882e-05	1.50435e-06	7.67557e-08	3.93688e-09	3.76773e-10	6.29829e-11	1.01475e-11	1.37659e-12	1.49729e-13	1.3465e-14	9.24109e-16	5.10824e-17	2.14868e-18	7.05175e-20	1.76218e-21	3.58605e-23	5.59935e-25	7.39026e-27	7.89081e-29	7.22861e-31	5.49092e-33	3.81501e-35	2.17646e-37	1.17061e-39	5.43964e-42	2.35363e-44	8.84982e-47	3.30038e-49	1.02319e-51	3.16651e-54	8.6183e-57	2.23056e-59	5.08224e-62	1.1764e-64	2.27878e-67	4.54695e-70	8.27148e-73	1.52303e-75	2.71169e-78	5.33472e-81	1.02648e-83	2.09689e-86	4.17449e-89	9.08612e-92	
Schoenoplectus_pungens	0	0	0	0	0	0	0	0	0	0	0	0	0	0	0	0	0	0	0	0	0	0	0	0	0	0	0	0	0	0	0	0	0	0	0	0	0	0	1	0	0	0	0	0	0	0	0	0	0	0	0	0	0	0	0	0	0	0	0	0	0	0	0	0	0	0	0	0	0	0	
N41	8.2528e-17	4.68887e-15	2.6105e-13	9.6278e-12	1.88377e-10	1.79312e-09	2.29274e-08	3.26504e-07	2.81601e-06	7.86354e-06	9.49745e-06	1.85463e-05	4.4696e-05	0.000109021	0.000561025	0.00526086	0.040013	0.169667	0.338251	0.294079	0.118477	0.0278679	0.00492406	0.00064812	5.50496e-05	2.87025e-06	9.2319e-08	1.89279e-09	2.72571e-11	3.62117e-13	6.58122e-15	1.68029e-16	3.96773e-18	7.49132e-20	1.09559e-21	1.23772e-23	1.06214e-25	6.99261e-28	3.49789e-30	1.33663e-32	3.91321e-35	8.95881e-38	1.604e-40	2.30974e-43	2.68662e-46	2.67284e-49	2.22762e-52	2.66237e-55	2.95109e-58	7.87497e-61	1.89274e-63	3.9823e-66	6.45034e-69	1.82721e-71	2.12058e-74	3.06839e-77	5.49891e-80	4.57829e-83	4.51877e-86	5.63007e-89	3.03431e-92	2.27487e-95	1.84827e-98	8.18491e-102	4.3358e-105	4.00951e-108	1.76387e-111	4.07532e-114	9.11946e-117	2.87921e-119	
Schoenoplectus_acutus_var_acutus	0	0	0	0	0	0	0	0	0	0	0	0	0	0	0	0	0	0	1	0	0	0	0	0	0	0	0	0	0	0	0	0	0	0	0	0	0	0	0	0	0	0	0	0	0	0	0	0	0	0	0	0	0	0	0	0	0	0	0	0	0	0	0	0	0	0	0	0	0	0	
N42	2.34381e-18	1.52488e-16	1.00457e-14	4.37083e-13	1.12342e-11	1.72194e-10	2.60215e-09	3.45596e-08	3.06723e-07	1.08319e-06	2.00747e-06	4.35496e-06	1.39714e-05	5.77565e-05	0.000315071	0.00244777	0.0223526	0.126163	0.325106	0.341705	0.149062	0.0294479	0.00310815	0.000203857	8.83786e-06	2.89694e-07	1.211e-08	3.40147e-10	9.89622e-12	3.27295e-13	3.91252e-15	7.21482e-17	9.15728e-19	1.51779e-20	1.12053e-22	2.67439e-24	1.24062e-26	2.3358e-28	7.60302e-31	9.97691e-33	2.29022e-35	2.16394e-37	3.73359e-40	2.70616e-42	3.97047e-45	2.28537e-47	2.73716e-50	1.43574e-52	1.4559e-55	6.18986e-58	6.87742e-61	2.09072e-63	2.15855e-66	1.26977e-68	9.18182e-72	3.24659e-74	6.7687e-77	1.13321e-79	1.09288e-82	5.56289e-85	2.57558e-88	5.41855e-91	7.37983e-94	1.03793e-96	5.39927e-100	1.74568e-102	7.55216e-106	2.57359e-108	4.57765e-111	2.99909e-113	
Schoenoplectus_lacustris	0	0	0	0	0	0	0	0	0	0	0	0	0	0	0	0	0	0	0	0	1	0	0	0	0	0	0	0	0	0	0	0	0	0	0	0	0	0	0	0	0	0	0	0	0	0	0	0	0	0	0	0	0	0	0	0	0	0	0	0	0	0	0	0	0	0	0	0	0	0	
Schoenoplectus_heterochaetus	0	0	0	0	0	0	0	0	0	0	0	0	0	0	0	0	0	0	1	0	0	0	0	0	0	0	0	0	0	0	0	0	0	0	0	0	0	0	0	0	0	0	0	0	0	0	0	0	0	0	0	0	0	0	0	0	0	0	0	0	0	0	0	0	0	0	0	0	0	0	
Actinoscirpus_grossus	0	0	0	0	0	0	0	0	0	0	0	0	0	0	0	0	0	0	0	0	0	0	0	0	0	0	0	0	0	0	0	0	0	0	0	0	0	0	0	0	1	0	0	0	0	0	0	0	0	0	0	0	0	0	0	0	0	0	0	0	0	0	0	0	0	0	0	0	0	0	
N43	0.000478134	0.00106077	0.00281476	0.0071383	0.0158619	0.0309883	0.0518006	0.0769911	0.101141	0.119481	0.126443	0.123765	0.106589	0.0854585	0.0612577	0.0404102	0.0235313	0.0134288	0.00635122	0.00303952	0.00123568	0.000494669	0.0001616	5.77153e-05	1.49109e-05	4.34183e-06	9.56943e-07	2.25023e-07	3.8707e-08	7.92815e-09	1.07473e-09	1.77746e-10	2.05942e-11	2.72773e-12	2.5363e-13	3.03806e-14	2.23622e-15	2.14357e-16	1.42723e-17	1.14702e-18	6.13524e-20	4.4807e-21	1.98063e-22	1.22624e-23	4.95205e-25	2.48439e-26	8.46117e-28	4.22869e-29	1.16075e-30	4.64149e-32	1.24313e-33	4.42851e-35	9.65271e-37	3.20923e-38	6.06349e-40	1.78767e-41	3.13495e-43	7.52375e-45	1.17659e-46	2.96605e-48	3.76706e-50	7.60474e-52	9.98395e-54	1.88544e-55	2.05013e-57	3.75314e-59	4.5016e-61	1.0084e-62	2.20611e-64	8.20756e-66	
N44	0.000151686	0.00034653	0.000975397	0.00269654	0.00667015	0.0145906	0.0276202	0.0464631	0.0694644	0.093224	0.112398	0.12405	0.121968	0.110475	0.0905995	0.0680116	0.0459931	0.0298774	0.0167315	0.00929668	0.00459185	0.00222593	0.000920395	0.00042778	0.000146207	5.89749e-05	1.81275e-05	6.16453e-06	1.51427e-06	4.69391e-07	9.25195e-08	2.3697e-08	4.07312e-09	8.54798e-10	1.19579e-10	2.29937e-11	2.59428e-12	4.08726e-13	4.21982e-14	5.65459e-15	4.78017e-16	5.96727e-17	4.21723e-18	4.52402e-19	3.01412e-20	2.64235e-21	1.50036e-22	1.37861e-23	6.28967e-25	4.58644e-26	2.14657e-27	1.42048e-28	5.31885e-30	3.37632e-31	1.10235e-32	6.29143e-34	1.93346e-35	8.75047e-37	2.42476e-38	1.21895e-39	2.66535e-41	1.03364e-42	2.42265e-44	9.0683e-46	1.691e-47	5.9069e-49	1.19027e-50	5.10734e-52	2.05096e-53	1.73094e-54	
N45	7.12959e-05	0.000165785	0.000488517	0.00143484	0.0037955	0.00888867	0.0180783	0.0327039	0.0528368	0.0768519	0.100539	0.119435	0.126018	0.120999	0.104895	0.08278	0.0591843	0.0400415	0.0238333	0.0136968	0.00710814	0.00351648	0.00152249	0.000708241	0.000252913	0.00010347	3.35392e-05	1.19791e-05	3.12537e-06	1.10224e-06	2.33243e-07	7.19585e-08	1.39833e-08	3.69744e-09	5.91469e-10	1.5288e-10	2.00318e-11	4.35832e-12	5.38124e-13	1.00469e-13	1.02317e-14	1.81277e-15	1.5494e-16	2.37243e-17	1.92648e-18	2.42215e-19	1.67377e-20	2.20617e-21	1.23223e-22	1.29442e-23	7.48357e-25	7.13441e-26	3.27814e-27	3.06276e-28	1.2249e-29	1.03629e-30	4.00606e-32	2.59762e-33	9.12929e-35	7.29122e-36	1.91469e-37	1.10223e-38	3.46624e-40	2.03103e-41	4.63846e-43	2.53449e-44	6.1611e-46	4.20127e-47	2.35596e-48	3.54839e-49	
Scirpus_ficinioides	0	0	0	0	0	0	0	0	0	0	0	0	0	0	0	0	0	0	0	0	0	0	0	0	0	1	0	0	0	0	0	0	0	0	0	0	0	0	0	0	0	0	0	0	0	0	0	0	0	0	0	0	0	0	0	0	0	0	0	0	0	0	0	0	0	0	0	0	0	0	
N46	1.6829e-06	6.36245e-06	3.15216e-05	0.00014321	0.000547409	0.00175982	0.00470106	0.0108232	0.0220611	0.0407913	0.068325	0.103199	0.135617	0.15472	0.150139	0.123356	0.0857479	0.0517915	0.0265406	0.0121451	0.00490864	0.00179361	0.000590001	0.000187752	5.29122e-05	1.48923e-05	3.84429e-06	9.6087e-07	2.12762e-07	4.81372e-08	8.73321e-09	1.6178e-09	2.45505e-10	3.60238e-11	4.20738e-12	5.17296e-13	4.61873e-14	4.41321e-15	3.24854e-16	2.43286e-17	1.38496e-18	8.74431e-20	3.89842e-21	1.96087e-22	7.42035e-24	2.98791e-25	9.05415e-27	3.20594e-28	7.83271e-30	2.25692e-31	4.87611e-33	1.16974e-34	2.07452e-36	4.49762e-38	6.63631e-40	1.21022e-41	1.62151e-43	2.481e-45	2.82233e-47	4.10025e-49	3.89132e-51	4.74376e-53	4.31626e-55	4.64505e-57	3.69932e-59	4.09396e-61	3.69499e-63	4.94148e-65	6.73514e-67	1.24687e-68	
N47	8.79016e-07	3.08799e-06	1.50625e-05	7.01107e-05	0.000280353	0.000953951	0.0027486	0.00684513	0.0150846	0.0300203	0.0541683	0.0883274	0.126411	0.155478	0.160175	0.137024	0.0985049	0.0617213	0.0333223	0.0163767	0.007307	0.00305493	0.00120182	0.000543413	0.000204256	9.61043e-05	3.76653e-05	1.63069e-05	5.00463e-06	2.13243e-06	4.93485e-07	1.68727e-07	3.29924e-08	8.88587e-09	1.31871e-09	3.10599e-10	3.53621e-11	6.60646e-12	6.39558e-13	9.62453e-14	7.37024e-15	9.77936e-16	5.99058e-17	6.53684e-18	3.70441e-19	3.2135e-20	1.50155e-21	1.37616e-22	5.06136e-24	3.57342e-25	1.45478e-26	9.07213e-28	2.80721e-29	1.85963e-30	4.86297e-32	2.8215e-33	7.49081e-35	3.1664e-36	7.50502e-38	4.21426e-39	7.06122e-41	2.70218e-42	5.61544e-44	2.24458e-45	3.23184e-47	1.14635e-48	1.79461e-50	8.05403e-52	2.62587e-53	2.31663e-54	
Isolepis_crassiuscula	0	0	0	0	0	0	0	0	0	0	0	0	0	0	0	0	0	0	0	0	0	0	0	0	0	0	0	0	0	0	0	1	0	0	0	0	0	0	0	0	0	0	0	0	0	0	0	0	0	0	0	0	0	0	0	0	0	0	0	0	0	0	0	0	0	0	0	0	0	0	
N48	5.12949e-08	2.60712e-07	1.78333e-06	1.07802e-05	5.40057e-05	0.000222554	0.000728404	0.00199214	0.00513637	0.0133581	0.0335448	0.0752363	0.138175	0.197321	0.211159	0.166477	0.0966555	0.0420118	0.0136592	0.00344606	0.000684595	0.000109326	1.43331e-05	1.62802e-06	1.53419e-07	1.30445e-08	9.6455e-10	6.34343e-11	3.60233e-12	1.90753e-13	8.32848e-15	3.42223e-16	1.19719e-17	3.86909e-19	1.06193e-20	2.87061e-22	6.32626e-24	1.41705e-25	2.69791e-27	5.16085e-29	8.32909e-31	1.46429e-32	2.03687e-34	3.13053e-36	4.04954e-38	5.41467e-40	6.06544e-42	7.66797e-44	7.4498e-46	8.18319e-48	7.54049e-50	7.29246e-52	5.86859e-54	5.46723e-56	3.87941e-58	3.22025e-60	2.18346e-62	1.62327e-64	9.82522e-67	7.07792e-69	3.80758e-71	2.45507e-73	1.27222e-75	7.54488e-78	3.65319e-80	2.26301e-82	1.25799e-84	9.41934e-87	7.30471e-89	7.33006e-91	
Ficinia_spiralis	0	0	0	0	0	0	0	0	0	0	0	0	0	0	1	0	0	0	0	0	0	0	0	0	0	0	0	0	0	0	0	0	0	0	0	0	0	0	0	0	0	0	0	0	0	0	0	0	0	0	0	0	0	0	0	0	0	0	0	0	0	0	0	0	0	0	0	0	0	0	
Ficinia_nodosa	0	0	0	0	0	0	0	0	0	0	0	0	0	0	1	0	0	0	0	0	0	0	0	0	0	0	0	0	0	0	0	0	0	0	0	0	0	0	0	0	0	0	0	0	0	0	0	0	0	0	0	0	0	0	0	0	0	0	0	0	0	0	0	0	0	0	0	0	0	0	
N49	1.01048e-06	3.3444e-06	1.5264e-05	6.7414e-05	0.000259731	0.000866517	0.00248121	0.00614803	0.0134134	0.0264568	0.0475085	0.0781639	0.115638	0.149694	0.162593	0.145075	0.107406	0.0689751	0.0388101	0.0200657	0.00940702	0.00404081	0.00162324	0.00071378	0.000298916	0.00014875	6.99346e-05	3.35856e-05	1.32873e-05	5.85372e-06	1.79885e-06	6.27142e-07	1.58882e-07	4.33273e-08	8.38647e-09	1.92404e-09	2.86423e-10	5.18143e-11	6.4149e-12	9.29734e-13	9.10991e-14	1.14373e-14	8.99299e-16	9.27819e-17	6.53599e-18	5.53568e-19	3.23758e-20	2.64963e-21	1.27644e-22	8.59605e-24	4.08463e-25	2.37729e-26	9.33784e-28	5.39398e-29	1.79746e-30	8.92137e-32	2.89227e-33	1.19118e-34	3.36009e-36	1.46749e-37	3.37243e-39	1.19939e-40	2.84935e-42	9.38641e-44	1.85712e-45	6.04653e-47	1.31629e-48	5.24521e-50	2.04043e-51	1.44165e-52	
Isolepis_prolifera	0	0	0	0	0	0	0	0	0	0	0	0	0	0	0	0	0	0	0	0	0	0	0	0	0	0	0	0	0	0	0	0	1	0	0	0	0	0	0	0	0	0	0	0	0	0	0	0	0	0	0	0	0	0	0	0	0	0	0	0	0	0	0	0	0	0	0	0	0	0	
Isolepis_setacea	0	0	0	0	0	0	0	0	0	0	0	0	0	1	0	0	0	0	0	0	0	0	0	0	0	0	0	0	0	0	0	0	0	0	0	0	0	0	0	0	0	0	0	0	0	0	0	0	0	0	0	0	0	0	0	0	0	0	0	0	0	0	0	0	0	0	0	0	0	0	
Scirpoides_holoschoenus	0	0	0	0	0	0	0	0	0	0	0	0	0	0	0	0	0	0	0	0	1	0	0	0	0	0	0	0	0	0	0	0	0	0	0	0	0	0	0	0	0	0	0	0	0	0	0	0	0	0	0	0	0	0	0	0	0	0	0	0	0	0	0	0	0	0	0	0	0	0	
N50	2.04037e-05	6.05667e-05	0.000225818	0.000789218	0.00237247	0.00615467	0.0136075	0.0265227	0.0455158	0.0693325	0.0937596	0.114971	0.125499	0.125827	0.114028	0.0936402	0.0685964	0.0463686	0.0269168	0.0144803	0.00680682	0.00290842	0.00106693	0.000381267	0.00010874	3.08184e-05	7.20738e-06	1.60459e-06	2.87392e-07	5.31039e-08	7.29956e-09	1.05344e-09	1.18305e-10	1.33818e-11	1.17074e-12	1.12055e-13	7.67983e-15	5.85221e-16	3.41839e-17	2.11714e-18	9.92379e-20	5.38742e-21	2.05576e-22	9.23504e-24	3.13373e-25	1.16015e-26	3.26957e-28	1.12538e-29	2.61737e-31	7.45777e-33	1.61259e-34	3.94622e-36	7.11624e-38	1.6216e-39	2.49248e-41	4.8929e-43	6.97182e-45	1.1584e-46	1.43278e-48	2.31828e-50	2.4168e-52	3.30327e-54	3.3511e-56	4.13861e-58	3.71703e-60	4.67355e-62	4.78754e-64	7.23916e-66	1.1089e-67	2.42505e-69	
N51	8.57186e-06	2.07908e-05	6.6214e-05	0.000213209	0.000622287	0.00162096	0.00372439	0.00770423	0.0142474	0.0234835	0.0345726	0.0465581	0.0578524	0.0690656	0.0796702	0.0890327	0.0951746	0.0985458	0.09271	0.0830276	0.0676085	0.0510609	0.0342942	0.023158	0.0127562	0.00722725	0.00344132	0.00159446	0.000598442	0.000239045	7.05791e-05	2.26487e-05	5.60911e-06	1.45255e-06	2.87513e-07	6.47295e-08	1.03099e-08	1.90484e-09	2.65346e-10	4.10227e-11	4.72177e-12	6.62632e-13	6.38895e-14	7.64957e-15	6.84359e-16	6.95248e-17	5.32507e-18	5.28529e-19	3.42574e-20	2.87541e-21	1.81573e-22	1.34305e-23	7.1967e-25	5.14854e-26	2.39827e-27	1.50905e-28	6.70289e-30	3.61955e-31	1.42358e-32	7.76497e-34	2.59939e-35	1.20919e-36	4.04419e-38	1.73935e-39	5.13247e-41	2.23781e-42	7.52573e-44	4.03758e-45	2.21795e-46	2.12452e-47	
Cyperus_fuscus	0	0	0	0	0	0	0	0	0	0	0	0	0	0	0	0	0	0	0	0	0	0	0	1	0	0	0	0	0	0	0	0	0	0	0	0	0	0	0	0	0	0	0	0	0	0	0	0	0	0	0	0	0	0	0	0	0	0	0	0	0	0	0	0	0	0	0	0	0	0	
Cyperus_eragrostis	0	0	0	0	0	0	0	0	0	0	0	0	0	0	0	0	0	0	0	0	1	0	0	0	0	0	0	0	0	0	0	0	0	0	0	0	0	0	0	0	0	0	0	0	0	0	0	0	0	0	0	0	0	0	0	0	0	0	0	0	0	0	0	0	0	0	0	0	0	0	
N52	6.97514e-06	2.29385e-05	9.70924e-05	0.00038466	0.00130436	0.00376047	0.00918737	0.0195297	0.0364297	0.060091	0.0878545	0.11474	0.13232	0.136586	0.125509	0.10238	0.0737963	0.0475393	0.0264661	0.013133	0.00569011	0.00216747	0.000714183	0.000218406	5.4857e-05	1.32837e-05	2.763e-06	5.47741e-07	8.91121e-08	1.70255e-08	2.19364e-09	3.62701e-10	4.29592e-11	5.95202e-12	5.50332e-13	7.31215e-14	5.29919e-15	5.76334e-16	3.74742e-17	3.37451e-18	1.76024e-19	1.45339e-20	6.20738e-22	4.34515e-23	1.67996e-24	9.83418e-26	3.187e-27	1.77929e-28	4.81521e-30	2.24791e-31	5.81662e-33	2.36583e-34	5.12721e-36	2.04712e-37	3.79398e-39	1.318e-40	2.44314e-42	6.93766e-44	1.13624e-45	3.78861e-47	4.86014e-49	1.24561e-50	1.91155e-52	4.63716e-54	5.39341e-56	1.38038e-57	1.66653e-59	5.16297e-61	1.49397e-62	9.03574e-64	
N53	6.11561e-09	6.67086e-08	8.67349e-07	8.6332e-06	6.26477e-05	0.000330238	0.00137526	0.00495579	0.0150699	0.0372487	0.0721867	0.109108	0.13264	0.14229	0.138875	0.120928	0.0922045	0.0626515	0.0367141	0.0192362	0.00880372	0.00354509	0.00122633	0.00040166	0.000104114	2.65207e-05	5.528e-06	1.07328e-06	1.62225e-07	2.67312e-08	3.07083e-09	4.06176e-10	3.95516e-11	4.07417e-12	2.91362e-13	2.37341e-14	1.19213e-15	6.9298e-17	2.62766e-18	1.11075e-19	3.0375e-21	1.01982e-22	2.07467e-24	5.36091e-26	9.14877e-28	1.85883e-29	2.54893e-31	4.83845e-33	5.38226e-35	8.30907e-37	8.82892e-39	1.15018e-40	9.83159e-43	1.22585e-44	8.68344e-47	9.17861e-49	6.3474e-51	5.63253e-53	3.46274e-55	3.33478e-57	1.67931e-59	1.29779e-61	6.62845e-64	4.51966e-66	1.81622e-68	1.16595e-70	4.82543e-73	3.54225e-75	2.44956e-77	2.48031e-79	
N54	2.22238e-09	1.99353e-08	2.40526e-07	2.3843e-06	1.80587e-05	0.000104568	0.000481846	0.00186655	0.00598852	0.0155766	0.0326732	0.0552066	0.0756777	0.0905676	0.101781	0.107139	0.101982	0.0917727	0.0695587	0.0567839	0.0445384	0.0405782	0.0270158	0.0350082	0.0157733	0.016802	0.00603333	0.00469207	0.00115447	0.000870233	0.000184102	0.000128495	2.45178e-05	1.32065e-05	1.85234e-06	8.13899e-07	7.78584e-08	2.29692e-08	2.05828e-09	4.25085e-10	2.50292e-11	5.38861e-12	2.26305e-13	3.72807e-14	1.85487e-15	1.51006e-16	5.48438e-18	9.12191e-19	1.58619e-20	1.10416e-21	3.4812e-23	2.91038e-24	3.60844e-26	2.17355e-27	2.98776e-29	2.45064e-30	2.20582e-32	6.91816e-34	7.88092e-36	5.41133e-37	2.871e-39	7.20764e-41	6.48623e-43	3.00672e-44	1.22039e-46	2.497e-48	1.43426e-50	5.73633e-52	4.15586e-54	2.43856e-55	
N55	2.74331e-09	1.8572e-08	1.74677e-07	1.44435e-06	9.66615e-06	5.23483e-05	0.000233506	0.000878818	0.00274473	0.00696583	0.0146912	0.0261591	0.0390697	0.0515912	0.0648328	0.0785613	0.0890924	0.0938542	0.0871524	0.0773787	0.0667082	0.059215	0.0520606	0.0549472	0.041318	0.0356975	0.0210841	0.0142234	0.00637337	0.00544704	0.00267815	0.00288743	0.00149064	0.00139251	0.000540275	0.000443346	0.000123442	7.31399e-05	1.75203e-05	7.64188e-06	1.32507e-06	5.18493e-07	6.6929e-08	2.04268e-08	2.41132e-09	5.33915e-10	4.91393e-11	1.17415e-11	7.57963e-13	1.22047e-13	8.17076e-15	1.15445e-15	5.27648e-17	6.66354e-18	2.54186e-19	2.93269e-20	9.98552e-22	7.33467e-23	2.28323e-24	2.43272e-25	4.81316e-27	2.97899e-28	8.24336e-30	6.15305e-31	9.80835e-33	5.61625e-34	1.02144e-35	8.07815e-37	3.09044e-38	4.99834e-39	
N56	4.38071e-23	1.0166e-20	1.59236e-18	1.68341e-16	1.49659e-14	2.10981e-14	1.29914e-13	2.97156e-12	2.26783e-10	4.89541e-09	3.76711e-10	2.17041e-09	5.48549e-08	4.76263e-09	2.0839e-10	2.22809e-09	1.28002e-07	4.08145e-06	0.000108831	0.000306869	1.1398e-05	2.10179e-07	5.367e-08	8.69882e-07	2.98222e-05	0.000300862	0.000145265	5.1466e-06	7.71175e-08	6.79819e-10	4.76465e-12	1.53659e-12	1.00487e-10	1.34271e-08	1.23919e-06	8.47918e-05	0.00315963	0.06733	0.490417	0.404226	0.0327549	0.00109624	1.63333e-05	1.68135e-07	1.05416e-09	5.14121e-12	1.69916e-14	5.05705e-17	1.02038e-19	1.95624e-22	2.77732e-25	3.69941e-28	3.71521e-31	3.80651e-34	2.82438e-37	2.18537e-40	1.30832e-43	7.86889e-47	3.69735e-50	1.89488e-53	7.10518e-57	2.95514e-60	9.86212e-64	3.51022e-67	1.05063e-70	3.84767e-74	1.29318e-77	5.29828e-81	2.14163e-84	9.07939e-88	
Cyperus_houghtonii	0	0	0	0	0	0	0	0	0	0	0	0	0	0	0	0	0	0	0	0	0	0	0	0	0	0	0	0	0	0	0	0	0	0	0	0	0	0	1	0	0	0	0	0	0	0	0	0	0	0	0	0	0	0	0	0	0	0	0	0	0	0	0	0	0	0	0	0	0	0	
Cyperus_schweinitzii	0	0	0	0	0	0	0	0	0	0	0	0	0	0	0	0	0	0	0	0	0	0	0	0	0	0	0	0	0	0	0	0	0	0	0	0	0	0	0	1	0	0	0	0	0	0	0	0	0	0	0	0	0	0	0	0	0	0	0	0	0	0	0	0	0	0	0	0	0	0	
Lipocarpha_micrantha	0	0	0	0	0	0	0	0	0	0	0	0	0	0	0	0	0	0	0	0	0	0	0	0	0	1	0	0	0	0	0	0	0	0	0	0	0	0	0	0	0	0	0	0	0	0	0	0	0	0	0	0	0	0	0	0	0	0	0	0	0	0	0	0	0	0	0	0	0	0	
Lipocarpha_microcephala	0	0	0	0	0	0	0	0	0	0	0	0	0	0	0	0	0	0	0	0	0	0	1	0	0	0	0	0	0	0	0	0	0	0	0	0	0	0	0	0	0	0	0	0	0	0	0	0	0	0	0	0	0	0	0	0	0	0	0	0	0	0	0	0	0	0	0	0	0	0	
N57	5.84882e-09	6.12779e-08	8.34099e-07	9.02563e-06	7.48397e-05	0.00047231	0.00214817	0.00710983	0.0193886	0.0444388	0.0842382	0.136429	0.176628	0.174784	0.141225	0.0942738	0.0568141	0.032363	0.0167506	0.00788023	0.00323863	0.0011704	0.000394471	0.000124681	3.39771e-05	7.76181e-06	1.4655e-06	2.34462e-07	3.42027e-08	5.36288e-09	6.73698e-10	9.50369e-11	1.25364e-11	1.73655e-12	2.16534e-13	3.62405e-14	3.60708e-15	5.22642e-16	6.0215e-17	1.07549e-17	1.32975e-18	2.42856e-19	2.23408e-20	3.02065e-21	2.17262e-22	2.52415e-23	2.01381e-24	3.58108e-25	3.85472e-26	7.00744e-27	6.49129e-28	8.86467e-29	5.95376e-30	6.38065e-31	3.03176e-32	2.30528e-33	8.97629e-35	4.82649e-36	1.37476e-37	6.84268e-39	1.35212e-40	4.6152e-42	9.41171e-44	2.36524e-45	3.28544e-47	8.72092e-49	1.02605e-50	2.73352e-52	7.54885e-54	3.62705e-55	
N58	8.19647e-06	4.30027e-05	0.000294289	0.00169273	0.00757729	0.0263747	0.070196	0.140049	0.205342	0.219077	0.170575	0.0980591	0.0422676	0.0139561	0.00360344	0.000741081	0.000123476	1.68969e-05	1.91498e-06	1.8151e-07	1.4485e-08	9.77428e-10	5.60407e-11	2.74e-12	1.14096e-13	4.06793e-15	1.24693e-16	3.29878e-18	7.62373e-20	1.56924e-21	2.87844e-23	4.87169e-25	7.74834e-27	1.15521e-28	1.65089e-30	2.35752e-32	3.06622e-34	3.99244e-36	4.98132e-38	5.83687e-40	6.40505e-42	7.03011e-44	6.65135e-46	6.32089e-48	5.47114e-50	4.68612e-52	3.7365e-54	3.15683e-56	2.39962e-58	1.87808e-60	1.31134e-62	8.85726e-65	5.22829e-67	2.96941e-69	1.44433e-71	6.78678e-74	2.76666e-76	1.10397e-78	3.82366e-81	1.40552e-83	4.3661e-86	1.55707e-88	4.95068e-91	1.82348e-93	6.31099e-96	3.06579e-98	1.55631e-100	1.00603e-102	6.51204e-105	4.68707e-107	
Kyllinga_brevifolia	0	0	0	0	0	0	0	0	1	0	0	0	0	0	0	0	0	0	0	0	0	0	0	0	0	0	0	0	0	0	0	0	0	0	0	0	0	0	0	0	0	0	0	0	0	0	0	0	0	0	0	0	0	0	0	0	0	0	0	0	0	0	0	0	0	0	0	0	0	0	
Kyllinga_bulbosa	0	0	0	0	0	0	1	0	0	0	0	0	0	0	0	0	0	0	0	0	0	0	0	0	0	0	0	0	0	0	0	0	0	0	0	0	0	0	0	0	0	0	0	0	0	0	0	0	0	0	0	0	0	0	0	0	0	0	0	0	0	0	0	0	0	0	0	0	0	0	
N59	4.01529e-09	3.20784e-08	3.61315e-07	3.46208e-06	2.60508e-05	0.000152054	0.00068255	0.00240477	0.0070054	0.0170943	0.0347342	0.0590168	0.0799667	0.0890405	0.0825424	0.0640987	0.0450649	0.0357463	0.0243143	0.0238345	0.0178557	0.0235674	0.0171219	0.0443788	0.0259931	0.0589385	0.0292581	0.055033	0.0234719	0.0481329	0.0160673	0.0244045	0.00675727	0.00884284	0.00261907	0.00448812	0.00113038	0.00154145	0.000720177	0.00140271	0.00061081	0.00162689	0.000557777	0.00132484	0.000496539	0.000425004	0.000193611	0.00108871	0.000421556	0.00108251	0.0011202	0.00458214	0.00129342	0.00256713	0.000901133	0.00301386	0.000511806	0.00040264	9.53219e-05	0.000204412	1.60091e-05	7.86029e-06	1.18118e-06	1.30355e-06	6.21458e-08	2.08929e-08	1.49821e-09	1.17403e-09	9.06647e-11	1.19729e-10	
Cyperus_papyrus	0	0	0	0	0	0	0	0	0	0	0	0	0	0	0	0	0	0	0	0	0	0	0	0	0	0	0	0	0	0	0	0	0	0	0	0	0	0	0	0	0	0	0	0	0	0	0	0	0	1	0	0	0	0	0	0	0	0	0	0	0	0	0	0	0	0	0	0	0	0	
Cyperus_longus	0	0	0	0	0	0	0	0	0	0	0	0	0	0	0	0	0	0	0	0	0	0	0	0	0	0	0	0	0	0	0	0	0	0	0	0	0	0	0	0	0	0	0	0	0	0	0	0	0	0	0	0	0	0	0	0	0	0	0	1	0	0	0	0	0	0	0	0	0	0	
N60	3.503e-13	1.3624e-11	4.28328e-10	8.45727e-09	5.47539e-08	8.18787e-07	1.41221e-05	8.76348e-05	3.61188e-05	5.95198e-05	0.000109655	0.000169076	0.00234105	0.0331752	0.230375	0.535075	0.177534	0.0199361	0.0010534	3.22997e-05	6.34418e-07	8.64331e-09	8.56959e-11	6.64767e-13	3.9525e-15	1.96224e-17	7.99677e-20	2.77472e-22	8.09048e-25	2.14287e-27	4.67915e-30	9.49121e-33	1.65533e-35	2.63848e-38	3.62822e-41	4.81395e-44	5.3221e-47	5.75947e-50	5.40988e-53	4.86351e-56	3.79304e-59	2.98307e-62	1.96018e-65	1.31431e-68	7.67486e-72	4.43151e-75	2.22803e-78	1.17257e-81	5.12321e-85	2.35828e-88	9.48478e-92	3.85746e-95	1.36606e-98	5.19653e-102	1.63112e-105	5.52095e-109	1.62891e-112	4.92953e-116	1.30164e-119	3.75956e-123	8.93281e-127	2.34301e-130	5.47752e-134	1.37444e-137	3.23887e-141	8.96998e-145	2.43697e-148	7.5398e-152	2.33959e-155	7.6369e-159	
Cyperus_involucratus	0	0	0	0	0	0	0	0	0	0	0	0	0	0	0	1	0	0	0	0	0	0	0	0	0	0	0	0	0	0	0	0	0	0	0	0	0	0	0	0	0	0	0	0	0	0	0	0	0	0	0	0	0	0	0	0	0	0	0	0	0	0	0	0	0	0	0	0	0	0	
Cyperus_alternifolius	0	0	0	0	0	0	0	0	0	0	0	0	0	0	0	1	0	0	0	0	0	0	0	0	0	0	0	0	0	0	0	0	0	0	0	0	0	0	0	0	0	0	0	0	0	0	0	0	0	0	0	0	0	0	0	0	0	0	0	0	0	0	0	0	0	0	0	0	0	0	
N61	0.000116091	0.000324107	0.00103625	0.00300464	0.00747045	0.0163237	0.0305597	0.0506091	0.0736214	0.0967623	0.115866	0.129131	0.128748	0.116955	0.0933994	0.0650061	0.038507	0.019802	0.0084016	0.00308568	0.000950632	0.000250844	5.56702e-05	1.09903e-05	1.79022e-06	2.63323e-07	3.30471e-08	3.69678e-09	3.53717e-10	3.16226e-11	2.35047e-12	1.65376e-13	1.00327e-14	5.64338e-16	2.74329e-17	1.29977e-18	5.13183e-20	1.99613e-21	6.74959e-23	2.18882e-24	6.16202e-26	1.75042e-27	4.15299e-29	1.00291e-30	2.11134e-32	4.3666e-34	7.88047e-36	1.47551e-37	2.29843e-39	3.73143e-41	5.29862e-43	7.54103e-45	9.35104e-47	1.22775e-48	1.33951e-50	1.55387e-52	1.57195e-54	1.61912e-56	1.45859e-58	1.41793e-60	1.14681e-62	1.01175e-64	8.02841e-67	6.80811e-69	5.47861e-71	5.08066e-73	4.63021e-75	4.68314e-77	4.7365e-79	5.87857e-81	
Schoenoplectus_hallii	0	0	0	0	0	0	0	0	0	0	1	0	0	0	0	0	0	0	0	0	0	0	0	0	0	0	0	0	0	0	0	0	0	0	0	0	0	0	0	0	0	0	0	0	0	0	0	0	0	0	0	0	0	0	0	0	0	0	0	0	0	0	0	0	0	0	0	0	0	0	
N62	1.89035e-05	5.58885e-05	0.000210682	0.000748355	0.00228336	0.00603196	0.0136409	0.026962	0.0458795	0.0677689	0.0888034	0.108873	0.12264	0.130332	0.12403	0.104	0.0728012	0.0463185	0.0222873	0.0104652	0.00386808	0.0014333	0.000380097	0.000133024	2.506e-05	6.8812e-06	1.06857e-06	2.21591e-07	2.44145e-08	4.35161e-09	3.54402e-10	4.91784e-11	3.31555e-12	3.54472e-13	1.86405e-14	1.82878e-15	7.33862e-17	5.55332e-18	2.12319e-19	1.36333e-20	4.03213e-22	2.49046e-23	6.12276e-25	3.34521e-26	8.20227e-28	3.26446e-29	6.96549e-31	3.69144e-32	5.59226e-34	1.97454e-35	3.72033e-37	1.36267e-38	1.7537e-40	5.808e-42	7.07278e-44	2.42161e-45	2.61781e-47	5.87667e-49	6.42577e-51	2.05307e-52	1.54484e-54	3.09232e-56	2.97824e-58	7.13595e-60	4.66554e-62	8.6381e-64	6.38595e-66	1.58572e-67	2.33004e-69	1.08138e-70	
Schoenoplectus_articulatus	0	0	0	0	0	0	0	0	0	0	0	0	0	0	1	0	0	0	0	0	0	0	0	0	0	0	0	0	0	0	0	0	0	0	0	0	0	0	0	0	0	0	0	0	0	0	0	0	0	0	0	0	0	0	0	0	0	0	0	0	0	0	0	0	0	0	0	0	0	0	
N63	1.91513e-13	6.90747e-12	2.19103e-10	4.95353e-09	6.53502e-08	2.69365e-07	2.11291e-06	1.84271e-05	0.00016538	0.000519999	0.000500713	0.000442624	0.000790916	0.00119542	0.00162214	0.00404919	0.0255547	0.122418	0.296455	0.336146	0.166278	0.0389595	0.00452856	0.000338022	1.45726e-05	4.89417e-07	1.11187e-08	2.05617e-10	2.68512e-12	3.26691e-14	2.71069e-16	2.21195e-18	1.31908e-20	7.63791e-23	3.26884e-25	1.49704e-27	4.76317e-30	1.67045e-32	4.39376e-35	1.22527e-37	2.54916e-40	6.21499e-43	1.04836e-45	2.11272e-48	3.21123e-51	5.35084e-54	6.79933e-57	1.07156e-59	1.131e-62	1.48302e-65	1.47879e-68	1.68047e-71	1.40717e-74	1.50765e-77	1.08685e-80	1.01538e-83	6.84708e-87	5.47941e-90	3.24926e-93	2.56304e-96	1.29653e-99	8.75423e-103	4.34918e-106	2.69495e-109	1.1941e-112	7.53128e-116	3.8256e-119	2.94623e-122	2.29868e-125	2.21317e-128	
N64	9.52068e-19	1.5671e-16	2.00093e-14	1.57377e-12	7.6323e-11	3.74201e-10	5.37682e-09	7.57945e-08	1.99464e-06	2.29712e-05	2.82853e-05	1.30806e-05	2.14678e-05	4.65361e-05	5.13768e-05	9.56362e-05	0.000417571	0.0078357	0.0972691	0.423463	0.374426	0.0913071	0.00487623	0.00012187	1.90477e-06	3.17931e-08	5.77275e-10	4.89885e-12	3.40319e-14	2.61276e-16	7.5629e-19	4.06452e-21	1.00778e-23	4.94104e-26	7.78892e-29	3.53363e-31	3.711e-34	1.18055e-36	8.69303e-40	1.90863e-42	9.99048e-46	1.5786e-48	6.05175e-52	7.17133e-55	2.32423e-58	1.99762e-61	5.12121e-65	4.92279e-68	1.10778e-71	9.1019e-75	4.17417e-78	2.3575e-81	7.52811e-85	9.50698e-88	1.66671e-91	1.07766e-94	4.02209e-98	1.39588e-101	2.77665e-105	2.28346e-108	2.40119e-112	9.42887e-116	2.19591e-119	8.65818e-123	8.39657e-127	4.1747e-130	5.03922e-134	3.82713e-137	1.05441e-140	1.11005e-143	
Schoenoplectus_smithii_var_smithii	0	0	0	0	0	0	0	0	0	0	0	0	0	0	0	0	0	0	0	1	0	0	0	0	0	0	0	0	0	0	0	0	0	0	0	0	0	0	0	0	0	0	0	0	0	0	0	0	0	0	0	0	0	0	0	0	0	0	0	0	0	0	0	0	0	0	0	0	0	0	
Schoenoplectiella_hotarui	0	0	0	0	0	0	0	0	0	0	0	0	0	0	0	0	0	0	0	0	0	1	0	0	0	0	0	0	0	0	0	0	0	0	0	0	0	0	0	0	0	0	0	0	0	0	0	0	0	0	0	0	0	0	0	0	0	0	0	0	0	0	0	0	0	0	0	0	0	0	
Schoenoplectus_purshianus_var_purshianus	0	0	0	0	0	0	0	0	0	0	0	0	0	0	0	0	0	0	1	0	0	0	0	0	0	0	0	0	0	0	0	0	0	0	0	0	0	0	0	0	0	0	0	0	0	0	0	0	0	0	0	0	0	0	0	0	0	0	0	0	0	0	0	0	0	0	0	0	0	0	
Fuirena_ciliaris	0	0	0	0	0	0	0	0	0	0	0	0	0	0	0	0	0	0	1	0	0	0	0	0	0	0	0	0	0	0	0	0	0	0	0	0	0	0	0	0	0	0	0	0	0	0	0	0	0	0	0	0	0	0	0	0	0	0	0	0	0	0	0	0	0	0	0	0	0	0	
N65	1.39145e-12	2.27502e-11	3.57308e-10	3.75895e-09	3.28271e-08	2.06323e-07	6.61673e-07	1.59409e-06	4.50734e-06	1.98286e-05	0.000101474	0.000318681	0.000419617	0.000819105	0.00115369	0.000873555	0.000532354	0.000538113	0.00117651	0.00211353	0.00306223	0.00856467	0.036056	0.0850878	0.0894248	0.0610502	0.0527204	0.106533	0.189682	0.205631	0.114314	0.0339774	0.00528126	0.000506416	3.27201e-05	1.65605e-06	7.90858e-08	1.7746e-08	1.05826e-08	5.92703e-09	2.62663e-09	1.00626e-09	2.86425e-10	6.81841e-11	1.18593e-11	1.56715e-12	1.39547e-13	9.14428e-15	3.90231e-16	1.32949e-17	3.3432e-19	6.99564e-21	1.14131e-22	1.69032e-24	1.94996e-26	2.10747e-28	1.88878e-30	1.56481e-32	1.09728e-34	7.56113e-37	4.33506e-39	2.50353e-41	1.30223e-43	6.81137e-46	3.37786e-48	1.75752e-50	8.73454e-53	4.39572e-55	2.11694e-57	1.11656e-59	
Bolboschoenus_planiculmis	0	0	0	0	0	0	0	0	0	0	0	0	0	0	0	0	0	0	0	0	0	0	0	0	0	0	0	1	0	0	0	0	0	0	0	0	0	0	0	0	0	0	0	0	0	0	0	0	0	0	0	0	0	0	0	0	0	0	0	0	0	0	0	0	0	0	0	0	0	0	
Bolboschoenus_fluviatilis	0	0	0	0	0	0	0	0	0	0	0	0	0	0	0	0	0	0	0	0	0	0	0	0	0	0	0	0	0	0	0	0	0	0	0	0	0	0	0	0	0	0	0	0	0	0	1	0	0	0	0	0	0	0	0	0	0	0	0	0	0	0	0	0	0	0	0	0	0	0	
