NODE	1	2	3	4	5	6	7	8	9	10	11	12	13	14	15	16	17	18	19	20	21	22	23	24	25	26	27	28	29	30	31	32	33	34	35	36	37	38	39	40	41	42	43	44	45	46	47	48	49	50	51	52	53	54	55	56	57	58	
N1	6.84473e-34	9.8619e-34	2.04852e-33	5.62232e-33	1.80587e-32	6.16371e-32	2.11519e-31	7.10665e-31	2.31155e-30	7.25837e-30	2.20983e-29	6.6258e-29	2.03003e-28	6.79551e-28	2.67496e-27	1.25515e-26	6.59829e-26	3.6089e-25	1.96095e-24	1.03413e-23	5.26094e-23	2.56867e-22	1.20125e-21	5.376e-21	2.3014e-20	9.42125e-20	3.68731e-19	1.37946e-18	4.9321e-18	1.68501e-17	5.49987e-17	2.92063e-13	2.59019e-12	2.09507e-11	1.54518e-10	1.03893e-09	6.36722e-09	3.55634e-08	1.81008e-07	8.39447e-07	3.54709e-06	1.36561e-05	4.79045e-05	0.000153128	0.000446093	0.00118466	0.00286879	0.00633798	0.0127831	0.0235595	0.0397299	0.0614226	0.0873003	0.114543	0.139568	0.159287	0.172206	0.178544	
N2	3.8478e-28	9.07834e-28	2.98897e-27	1.06227e-26	4.05458e-26	1.75126e-25	9.33381e-25	6.41627e-24	5.3406e-23	4.85205e-22	4.48133e-21	4.06125e-20	3.55263e-19	2.97556e-18	2.37568e-17	1.80313e-16	1.29865e-15	8.86371e-15	5.72748e-14	3.50101e-13	2.02313e-12	1.10461e-11	5.69556e-11	2.77211e-10	1.27306e-09	5.51429e-09	2.252e-08	8.66832e-08	3.14372e-07	1.07387e-06	3.45403e-06	1.04576e-05	2.97943e-05	7.98551e-05	0.000201282	0.000476983	0.00106231	0.00222282	0.00436811	0.00805825	0.0139493	0.0226468	0.0344639	0.0491311	0.0655663	0.0818475	0.0954909	0.104027	0.105708	0.100087	0.0881949	0.0722485	0.0549756	0.0388595	0.0255782	0.0158063	0.00936089	0.00554382	
N3	1.33072e-28	3.32945e-28	1.50594e-27	9.42949e-27	7.88839e-26	8.18766e-25	9.37611e-24	1.08663e-22	1.22172e-21	1.30955e-20	1.32906e-19	1.27351e-18	1.15057e-17	9.79361e-17	7.84948e-16	5.92101e-15	4.20157e-14	2.80349e-13	1.75822e-12	1.03599e-11	5.73281e-11	2.97808e-10	1.45175e-09	6.63851e-09	2.84648e-08	1.14406e-07	4.30857e-07	1.5199e-06	5.02048e-06	1.55232e-05	4.49139e-05	0.000121565	0.000307701	0.000728135	0.00161038	0.00332775	0.00642326	0.0115776	0.0194816	0.0305947	0.0448299	0.0612736	0.0780992	0.0928052	0.102787	0.106081	0.101991	0.0913311	0.076159	0.0591296	0.0427406	0.028766	0.0180371	0.0105546	0.00579131	0.00301739	0.0015405	0.000825923	
N4	2.4688e-16	4.16886e-16	1.27246e-15	5.13847e-15	2.3782e-14	1.16041e-13	5.68491e-13	2.72352e-12	1.25884e-11	5.57565e-11	2.35843e-10	9.50994e-10	3.65199e-09	1.3348e-08	4.64155e-08	1.5351e-07	4.8275e-07	1.4432e-06	4.10069e-06	1.10722e-05	2.84039e-05	6.92181e-05	0.00016021	0.00035215	0.00073498	0.00145639	0.00273963	0.00489182	0.00829042	0.0133346	0.0203539	0.0294823	0.0405232	0.0528519	0.0654074	0.0768071	0.085583	0.0904891	0.0907911	0.0864472	0.0781174	0.0669992	0.0545456	0.0421569	0.0309355	0.0215573	0.0142678	0.00897083	0.00535942	0.00304309	0.00164263	0.000843203	0.000411865	0.000191717	8.54213e-05	3.69143e-05	1.60619e-05	7.72635e-06	
Carex_eburnea	0	0	0	0	0	0	0	0	0	0	0	0	0	0	0	0	0	0	0	0	0	0	0	0	0	0	1	0	0	0	0	0	0	0	0	0	0	0	0	0	0	0	0	0	0	0	0	0	0	0	0	0	0	0	0	0	0	0	
Carex_cruciata	0	0	0	0	0	0	0	0	0	0	0	0	0	0	0	0	0	0	0	0	1	0	0	0	0	0	0	0	0	0	0	0	0	0	0	0	0	0	0	0	0	0	0	0	0	0	0	0	0	0	0	0	0	0	0	0	0	0	
N5	1.7065e-28	4.10542e-28	1.86716e-27	9.55501e-27	4.73367e-26	2.21149e-25	1.0285e-24	6.12048e-24	6.60451e-23	1.06047e-21	1.80139e-20	2.89232e-19	4.28967e-18	5.8484e-17	7.31744e-16	8.39266e-15	8.81483e-14	8.46971e-13	7.43773e-12	5.96371e-11	4.36208e-10	2.90793e-09	1.76527e-08	9.75034e-08	4.89631e-07	2.23378e-06	9.25203e-06	3.47684e-05	0.000118477	0.000365905	0.00102374	0.00259381	0.00594945	0.0123511	0.0232035	0.0394441	0.0606718	0.0844485	0.106379	0.121302	0.125242	0.117125	0.0992536	0.0762518	0.0531369	0.0336084	0.019306	0.0100797	0.00478671	0.00206926	0.000814941	0.000292624	9.58701e-05	2.8681e-05	7.84945e-06	1.981e-06	4.80133e-07	1.36559e-07	
N6	1.3795e-31	5.72464e-31	3.80939e-30	2.62976e-29	1.86334e-28	1.80062e-27	3.24754e-26	8.16295e-25	2.08369e-23	4.94259e-22	1.0709e-20	2.1113e-19	3.78138e-18	6.14477e-17	9.0491e-16	1.20628e-14	1.45393e-13	1.58275e-12	1.5545e-11	1.37602e-10	1.09668e-09	7.86214e-09	5.06537e-08	2.93034e-07	1.52095e-06	7.0774e-06	2.95056e-05	0.000110138	0.000367911	0.00109929	0.00293684	0.00701307	0.0149657	0.028535	0.0486097	0.0739834	0.100612	0.122278	0.132841	0.129045	0.112137	0.0872081	0.0607294	0.0378908	0.0211957	0.0106378	0.00479385	0.00194131	0.00070707	0.000231838	6.85004e-05	1.82596e-05	4.39819e-06	9.5999e-07	1.91103e-07	3.53166e-08	6.42409e-09	1.46111e-09	
N7	2.77697e-32	2.01115e-31	2.50858e-30	3.66457e-29	7.00636e-28	1.802e-26	5.26043e-25	1.50874e-23	4.00979e-22	9.69303e-21	2.11835e-19	4.1749e-18	7.4086e-17	1.1823e-15	1.69482e-14	2.17996e-13	2.5133e-12	2.59461e-11	2.39613e-10	1.97767e-09	1.45753e-08	9.58383e-08	5.61794e-07	2.93369e-06	1.36381e-05	5.64065e-05	0.000207442	0.000678014	0.00196865	0.00507605	0.0116193	0.0236063	0.0425599	0.0680857	0.0966461	0.121732	0.136072	0.135007	0.118926	0.0930413	0.0646722	0.0399579	0.0219561	0.0107356	0.00467413	0.00181332	0.000627306	0.000193671	5.34081e-05	1.31677e-05	2.90543e-06	5.744e-07	1.01899e-07	1.62597e-08	2.34628e-09	3.11304e-10	4.05372e-11	6.98281e-12	
N8	3.49205e-25	2.42328e-24	3.20961e-23	5.27079e-22	8.99475e-21	1.47835e-19	2.27281e-18	3.23121e-17	4.22626e-16	5.07117e-15	5.5717e-14	5.59678e-13	5.13327e-12	4.29383e-11	3.27204e-10	2.2692e-09	1.43083e-08	8.19522e-08	4.26003e-07	2.00805e-06	8.57629e-06	3.31628e-05	0.000116015	0.000366929	0.00104852	0.00270537	0.00629925	0.0132293	0.0250473	0.0427348	0.0656806	0.0909062	0.113277	0.127057	0.128265	0.116533	0.0952847	0.0701242	0.0464568	0.0277119	0.0148884	0.00720703	0.00314475	0.00123754	0.000439476	0.000140927	4.08366e-05	1.07014e-05	2.53827e-06	5.4542e-07	1.06279e-07	1.87998e-08	3.0229e-09	4.42742e-10	5.9347e-11	7.39616e-12	9.14896e-13	1.52321e-13	
Carex_richardsonii	0	0	0	0	0	0	0	0	0	0	0	0	0	0	0	0	0	0	0	0	0	0	0	0	0	1	0	0	0	0	0	0	0	0	0	0	0	0	0	0	0	0	0	0	0	0	0	0	0	0	0	0	0	0	0	0	0	0	
N9	1.57471e-16	5.75911e-16	3.50252e-15	2.46559e-14	1.81116e-13	1.32435e-12	9.3864e-12	6.33571e-11	4.02335e-10	2.38365e-09	1.31009e-08	6.65437e-08	3.11544e-07	1.34194e-06	5.3108e-06	1.92904e-05	6.42555e-05	0.000196138	0.000548317	0.00140311	0.00328498	0.0070336	0.0137677	0.024629	0.0402537	0.0600946	0.0819313	0.101995	0.115926	0.120288	0.113944	0.0985386	0.0778028	0.0560934	0.0369344	0.022215	0.0122089	0.00613284	0.00281683	0.00118347	0.000455041	0.000160203	5.16722e-05	1.52784e-05	4.14398e-06	1.03175e-06	2.35978e-07	4.96181e-08	9.5992e-09	1.71009e-09	2.80788e-10	4.25318e-11	5.94962e-12	7.69802e-13	9.24662e-14	1.04562e-14	1.18964e-15	1.88514e-16	
Carex_capillaris	0	0	0	0	0	0	0	0	1	0	0	0	0	0	0	0	0	0	0	0	0	0	0	0	0	0	0	0	0	0	0	0	0	0	0	0	0	0	0	0	0	0	0	0	0	0	0	0	0	0	0	0	0	0	0	0	0	0	
Carex_baccans	0	0	0	0	0	0	0	0	0	0	0	0	0	0	0	0	0	0	0	0	0	0	1	0	0	0	0	0	0	0	0	0	0	0	0	0	0	0	0	0	0	0	0	0	0	0	0	0	0	0	0	0	0	0	0	0	0	0	
N10	6.09813e-25	2.0487e-24	1.04286e-23	6.08437e-23	3.9161e-22	2.93931e-21	2.813e-20	3.34621e-19	4.34677e-18	5.57324e-17	6.73715e-16	7.54829e-15	7.78859e-14	7.38074e-13	6.41316e-12	5.10319e-11	3.71474e-10	2.47104e-09	1.50056e-08	8.31034e-08	4.19333e-07	1.92606e-06	8.04564e-06	3.05394e-05	0.000105248	0.000329071	0.000932768	0.00239542	0.00556994	0.0117206	0.0223086	0.0383928	0.0597226	0.0839526	0.106626	0.122347	0.126829	0.118789	0.100541	0.0769168	0.0532055	0.0332911	0.0188515	0.00966616	0.00449084	0.00189177	0.000723117	0.000251018	7.92018e-05	2.27355e-05	5.94351e-06	1.41653e-06	3.082e-07	6.13503e-08	1.12334e-08	1.92683e-09	3.32738e-10	7.64132e-11	
Carex_granularis	0	0	0	0	0	0	0	0	0	0	0	0	0	0	0	0	0	0	0	0	1	0	0	0	0	0	0	0	0	0	0	0	0	0	0	0	0	0	0	0	0	0	0	0	0	0	0	0	0	0	0	0	0	0	0	0	0	0	
N11	1.02432e-25	1.80373e-25	6.1338e-25	3.0117e-24	1.71301e-23	1.01299e-22	6.43651e-22	5.13551e-21	5.69374e-20	7.69508e-19	1.0715e-17	1.42154e-16	1.75129e-15	1.98727e-14	2.07042e-13	1.9767e-12	1.72676e-11	1.37816e-10	1.00351e-09	6.65723e-09	4.01794e-08	2.20323e-07	1.09618e-06	4.94205e-06	2.01647e-05	7.4373e-05	0.00024768	0.000743981	0.00201377	0.00490743	0.0107589	0.0212061	0.0375584	0.0597487	0.0853503	0.109465	0.126049	0.130333	0.121042	0.101008	0.0757781	0.0511421	0.0310734	0.0170118	0.00840001	0.00374481	0.00150899	0.000550261	0.000181809	5.44994e-05	1.48417e-05	3.67717e-06	8.30235e-07	1.71246e-07	3.24533e-08	5.7605e-09	1.03185e-09	2.45932e-10	
Carex_pseudocyperus	0	0	0	0	0	0	0	0	0	0	0	0	0	0	0	0	0	0	0	0	0	0	0	0	0	0	0	0	0	0	0	0	1	0	0	0	0	0	0	0	0	0	0	0	0	0	0	0	0	0	0	0	0	0	0	0	0	0	
Carex_oligosperma	0	0	0	0	0	0	0	0	0	0	0	0	0	0	0	0	0	0	0	0	0	0	0	0	0	0	0	0	0	0	0	0	0	0	0	0	0	1	0	0	0	0	0	0	0	0	0	0	0	0	0	0	0	0	0	0	0	0	
N12	5.53063e-21	1.93457e-20	1.50629e-19	1.47099e-18	1.48067e-17	1.43895e-16	1.32078e-15	1.13617e-14	9.13134e-14	6.84601e-13	4.7831e-12	3.11163e-11	1.88342e-10	1.05992e-09	5.54204e-09	2.69054e-08	1.21201e-07	5.06282e-07	1.95994e-06	7.0276e-06	2.33266e-05	7.16398e-05	0.000203474	0.000534223	0.00129605	0.00290435	0.00600982	0.0114799	0.0202383	0.0329221	0.0494096	0.0684071	0.087364	0.10292	0.111847	0.112133	0.103727	0.0885461	0.0697697	0.0507572	0.0341034	0.0211699	0.0121459	0.00644346	0.00316221	0.00143635	0.000604181	0.00023548	8.50918e-05	2.85264e-05	8.87863e-06	2.56783e-06	6.91005e-07	1.7348e-07	4.09159e-08	9.26089e-09	2.15676e-09	6.44145e-10	
Carex_pallescens	0	0	0	0	0	0	0	0	0	0	0	0	0	0	0	0	0	0	0	0	0	0	0	0	0	0	0	0	0	0	0	1	0	0	0	0	0	0	0	0	0	0	0	0	0	0	0	0	0	0	0	0	0	0	0	0	0	0	
Carex_albursina	0	0	0	0	0	0	0	0	0	0	0	0	0	0	0	0	0	0	0	0	0	1	0	0	0	0	0	0	0	0	0	0	0	0	0	0	0	0	0	0	0	0	0	0	0	0	0	0	0	0	0	0	0	0	0	0	0	0	
N13	4.23018e-25	2.23908e-24	2.68389e-23	3.83346e-22	5.4976e-21	7.51577e-20	9.62674e-19	1.14811e-17	1.27161e-16	1.30618e-15	1.24313e-14	1.09535e-13	8.92883e-13	6.7289e-12	4.68499e-11	3.01167e-10	1.78635e-09	9.77062e-09	4.92519e-08	2.28679e-07	9.77461e-07	3.84438e-06	1.3906e-05	4.62414e-05	0.000141299	0.00039661	0.00102225	0.00241871	0.00525214	0.0104644	0.0191265	0.0320656	0.0493039	0.0695242	0.0899075	0.106628	0.115983	0.11572	0.105921	0.0889619	0.0685762	0.0485302	0.0315397	0.0188306	0.0103325	0.00521272	0.00241906	0.00103317	0.000406326	0.000147238	4.91946e-05	1.51697e-05	4.32383e-06	1.14267e-06	2.82048e-07	6.63395e-08	1.58156e-08	4.70141e-09	
Carex_pendula	0	0	0	0	0	0	0	0	0	0	0	0	0	0	0	0	0	0	0	0	0	0	0	0	0	0	0	0	1	0	0	0	0	0	0	0	0	0	0	0	0	0	0	0	0	0	0	0	0	0	0	0	0	0	0	0	0	0	
N14	9.74314e-22	4.04574e-21	3.28443e-20	3.33664e-19	3.57929e-18	3.75821e-17	3.74434e-16	3.49645e-15	3.0446e-14	2.46638e-13	1.85628e-12	1.29683e-11	8.40322e-11	5.04704e-10	2.80786e-09	1.44609e-08	6.89035e-08	3.03576e-07	1.23606e-06	4.64877e-06	1.61417e-05	5.17228e-05	0.00015288	0.000416664	0.00104674	0.00242306	0.00516707	0.0101478	0.0183511	0.0305519	0.0468217	0.0660467	0.0857494	0.102467	0.112702	0.114104	0.106353	0.0912734	0.0721393	0.0525214	0.0352337	0.0217859	0.0124205	0.00653159	0.00316955	0.00141996	0.000587572	0.000224691	7.94504e-05	2.59932e-05	7.87383e-06	2.21039e-06	5.75844e-07	1.39604e-07	3.17224e-08	6.90809e-09	1.55193e-09	4.53011e-10	
Carex_hostiana	0	0	0	0	0	0	0	0	0	0	0	0	0	0	0	0	0	0	0	0	0	0	0	0	0	0	0	1	0	0	0	0	0	0	0	0	0	0	0	0	0	0	0	0	0	0	0	0	0	0	0	0	0	0	0	0	0	0	
Carex_echinochloe	0	0	0	0	0	0	0	0	0	0	0	0	0	0	0	0	0	0	0	0	1	0	0	0	0	0	0	0	0	0	0	0	0	0	0	0	0	0	0	0	0	0	0	0	0	0	0	0	0	0	0	0	0	0	0	0	0	0	
Carex_dissitiflora	0	0	0	0	0	0	0	0	0	0	0	0	0	0	0	0	0	0	1	0	0	0	0	0	0	0	0	0	0	0	0	0	0	0	0	0	0	0	0	0	0	0	0	0	0	0	0	0	0	0	0	0	0	0	0	0	0	0	
N15	1.65071e-39	3.5388e-39	1.44511e-38	7.55766e-38	4.45968e-37	2.91184e-36	2.17129e-35	1.94971e-34	2.19166e-33	3.04992e-32	4.92439e-31	8.51148e-30	1.48127e-28	2.50402e-27	4.03631e-26	6.14848e-25	8.81295e-24	1.1862e-22	1.49782e-21	1.77341e-20	1.9684e-19	2.04784e-18	1.99657e-17	1.82389e-16	1.56072e-15	1.25063e-14	9.38093e-14	6.58409e-13	4.32191e-12	2.65202e-11	1.52049e-10	8.14105e-10	4.06869e-09	1.89714e-08	8.24921e-08	3.3435e-07	1.26266e-06	4.44113e-06	1.45435e-05	4.43279e-05	0.000125718	0.000331693	0.000814013	0.00185802	0.00394457	0.00778958	0.0143105	0.024461	0.0389031	0.0575539	0.0791454	0.101018	0.119385	0.130182	0.130355	0.119102	0.0983775	0.0722779	
N16	3.47769e-31	8.93896e-31	4.33414e-30	2.75043e-29	2.1272e-28	1.96143e-27	2.04612e-26	2.25541e-25	2.49442e-24	2.68806e-23	2.78193e-22	2.74611e-21	2.57716e-20	2.2956e-19	1.939e-18	1.55211e-17	1.17685e-16	8.44906e-16	5.74141e-15	3.69149e-14	2.24498e-13	1.29094e-12	7.01684e-12	3.604e-11	1.74865e-10	8.01241e-10	3.46609e-09	1.41517e-08	5.45195e-08	1.98128e-07	6.79017e-07	2.19402e-06	6.68216e-06	1.91779e-05	5.18542e-05	0.000132057	0.000316687	0.00071496	0.00151918	0.00303743	0.00571293	0.0101054	0.0168061	0.0262706	0.0385858	0.0532337	0.0689581	0.0838388	0.0956254	0.102276	0.10253	0.0963105	0.0847659	0.0699424	0.0541951	0.0395721	0.0273856	0.0180846	
N17	3.63595e-29	9.32917e-29	5.33339e-28	3.98332e-27	3.23236e-26	2.7226e-25	2.37374e-24	2.16804e-23	2.09548e-22	2.13102e-21	2.22785e-20	2.32412e-19	2.35868e-18	2.28854e-17	2.10055e-16	1.81282e-15	1.46596e-14	1.10858e-13	7.82979e-13	5.16068e-12	3.17246e-11	1.81806e-10	9.70871e-10	4.82949e-09	2.2371e-08	9.64677e-08	3.87144e-07	1.44559e-06	5.02109e-06	1.62195e-05	4.87171e-05	0.000136036	0.000353092	0.00085178	0.00190951	0.00397772	0.00769894	0.0138449	0.023131	0.0359039	0.0517759	0.0693683	0.0863484	0.0998672	0.107321	0.107165	0.0994337	0.0857272	0.0686697	0.0510952	0.0353008	0.0226288	0.0134427	0.00738608	0.00374345	0.00174716	0.000760678	0.000340468	
N18	1.2263e-25	1.51751e-25	3.13113e-25	8.13434e-25	2.23889e-24	6.00732e-24	1.51083e-23	3.49482e-23	7.36714e-23	1.40929e-22	2.44479e-22	3.86646e-22	5.71238e-22	8.61207e-22	1.64117e-21	4.68097e-21	1.75313e-20	7.67502e-20	4.4063e-19	3.63782e-18	3.90182e-17	4.39751e-16	4.75368e-15	4.7982e-14	4.48668e-13	3.87461e-12	3.0843e-11	2.25946e-10	1.52086e-09	9.3915e-09	5.31209e-08	2.74793e-07	1.29802e-06	5.59021e-06	2.19177e-05	7.81177e-05	0.000252744	0.000741323	0.00196874	0.00472847	0.0102603	0.020096	0.0355013	0.0565339	0.0811186	0.104853	0.122089	0.128082	0.121113	0.103294	0.0795369	0.0553709	0.0349267	0.0200365	0.0105325	0.00516023	0.0024544	0.00124288	
Uncinia_uncinata	0	0	0	0	0	0	0	0	0	0	0	0	0	0	0	0	0	0	0	0	0	0	0	0	0	0	0	0	0	0	0	0	0	0	0	0	0	0	0	0	0	0	0	1	0	0	0	0	0	0	0	0	0	0	0	0	0	0	
Uncinia_phleoides	0	0	0	0	0	0	0	0	0	0	0	0	0	0	0	0	0	0	0	0	0	0	0	0	0	0	0	0	0	0	0	0	0	0	0	0	0	0	0	0	0	0	0	0	0	0	0	1	0	0	0	0	0	0	0	0	0	0	
N19	1.27215e-28	6.47549e-28	6.77675e-27	8.99332e-26	1.28509e-24	1.83488e-23	2.52647e-22	3.29876e-21	4.05144e-20	4.66165e-19	5.01424e-18	5.03563e-17	4.71755e-16	4.12023e-15	3.35308e-14	2.54148e-13	1.79338e-12	1.1777e-11	7.19483e-11	4.08769e-10	2.15908e-09	1.05989e-08	4.83429e-08	2.04816e-07	8.05839e-07	2.94362e-06	9.98097e-06	3.14076e-05	9.1704e-05	0.000248408	0.000624169	0.00145461	0.00314376	0.0063005	0.0117082	0.0201731	0.032226	0.0477288	0.0655378	0.0834339	0.0984779	0.107768	0.109346	0.10287	0.089731	0.0725692	0.0544104	0.0378147	0.0243537	0.0145278	0.00802162	0.00409573	0.00193134	0.000840064	0.000337124	0.000125743	4.52113e-05	1.80482e-05	
N20	3.83732e-23	1.52424e-22	1.01539e-21	8.40618e-21	7.7113e-20	7.2572e-19	6.70321e-18	5.93888e-17	4.98989e-16	3.95354e-15	2.9453e-14	2.05978e-13	1.35092e-12	8.30335e-12	4.78027e-11	2.57645e-10	1.2995e-09	6.13113e-09	2.70491e-08	1.11546e-07	4.29835e-07	1.5472e-06	5.20069e-06	1.63198e-05	4.77958e-05	0.000130609	0.00033294	0.000791531	0.00175466	0.0036263	0.00698564	0.0125418	0.0209831	0.0327105	0.0475091	0.0642844	0.081031	0.0951476	0.104072	0.106037	0.100639	0.0889749	0.0732761	0.0562155	0.0401746	0.026745	0.0165851	0.00957974	0.00515368	0.00258214	0.00120485	0.000523677	0.000212179	8.03184e-05	2.85821e-05	9.73254e-06	3.3415e-06	1.33951e-06	
Carex_pauciflora	0	0	0	0	0	0	0	0	0	0	0	0	0	0	0	0	0	0	1	0	0	0	0	0	0	0	0	0	0	0	0	0	0	0	0	0	0	0	0	0	0	0	0	0	0	0	0	0	0	0	0	0	0	0	0	0	0	0	
Carex_leptalea_subsp_leptalea	0	0	0	0	0	0	0	0	0	0	0	0	0	0	0	0	0	0	0	0	0	0	0	0	0	1	0	0	0	0	0	0	0	0	0	0	0	0	0	0	0	0	0	0	0	0	0	0	0	0	0	0	0	0	0	0	0	0	
Carex_capitata	0	0	0	0	0	0	0	0	0	0	0	0	0	0	0	0	0	0	0	0	0	0	0	0	1	0	0	0	0	0	0	0	0	0	0	0	0	0	0	0	0	0	0	0	0	0	0	0	0	0	0	0	0	0	0	0	0	0	
N21	1.72909e-21	3.56323e-21	1.55069e-20	9.22762e-20	6.08548e-19	4.06449e-18	2.65193e-17	1.66684e-16	1.00377e-15	5.77834e-15	3.1766e-14	1.66673e-13	8.34341e-13	3.98349e-12	1.81344e-11	7.86951e-11	3.25452e-10	1.28237e-09	4.8131e-09	1.72036e-08	5.8547e-08	1.89663e-07	5.84747e-07	1.71543e-06	4.78757e-06	1.27092e-05	3.20854e-05	7.70217e-05	0.00017578	0.000381343	0.000786311	0.00154082	0.00286908	0.005076	0.00853195	0.0136235	0.0206639	0.0297707	0.0407381	0.0529448	0.0653493	0.0766014	0.0852697	0.0901358	0.0904736	0.0862259	0.0780191	0.0670118	0.0546265	0.0422523	0.0310003	0.0215698	0.0142337	0.00891665	0.00532069	0.0030518	0.00171863	0.000991606	
Kobresia_myosuroides	0	0	0	0	0	0	0	0	0	0	0	0	0	0	0	0	0	0	0	0	0	0	0	0	0	0	0	0	1	0	0	0	0	0	0	0	0	0	0	0	0	0	0	0	0	0	0	0	0	0	0	0	0	0	0	0	0	0	
Kobresia_simpliciuscula	0	0	0	0	0	0	0	0	0	0	0	0	0	0	0	0	0	0	0	0	0	0	0	0	0	0	0	0	0	0	0	0	0	0	1	0	0	0	0	0	0	0	0	0	0	0	0	0	0	0	0	0	0	0	0	0	0	0	
N22	2.54671e-21	3.58166e-21	7.39625e-21	1.74232e-20	4.53081e-20	1.36443e-19	5.19347e-19	2.59609e-18	1.57427e-17	1.03299e-16	6.82259e-16	4.38704e-15	2.70799e-14	1.59473e-13	8.93257e-13	4.75095e-12	2.39678e-11	1.14598e-10	5.18994e-10	2.22514e-09	9.02747e-09	3.46422e-08	1.25692e-07	4.31037e-07	1.3966e-06	4.27402e-06	1.23499e-05	3.3684e-05	8.66923e-05	0.00021048	0.000481938	0.00104041	0.00211711	0.00405971	0.00733427	0.0124804	0.0199994	0.0301735	0.0428513	0.057272	0.0720232	0.0852044	0.0948018	0.0991828	0.0975462	0.09016	0.0782895	0.0638421	0.0488671	0.0350895	0.0236202	0.0148934	0.00879055	0.00485737	0.00252015	0.00124174	0.000600885	0.000309639	
Carex_gibba	0	0	0	0	0	0	0	0	0	0	0	0	0	0	0	0	1	0	0	0	0	0	0	0	0	0	0	0	0	0	0	0	0	0	0	0	0	0	0	0	0	0	0	0	0	0	0	0	0	0	0	0	0	0	0	0	0	0	
N23	8.58809e-27	1.52094e-26	5.03004e-26	2.06372e-25	9.03972e-25	4.40088e-24	2.93978e-23	3.01822e-22	3.86568e-21	5.07238e-20	6.35069e-19	7.44493e-18	8.13107e-17	8.25874e-16	7.79318e-15	6.82625e-14	5.54588e-13	4.17579e-12	2.91176e-11	1.87886e-10	1.12109e-09	6.18124e-09	3.14707e-08	1.47857e-07	6.40627e-07	2.55819e-06	9.40975e-06	3.18646e-05	9.92905e-05	0.000284565	0.000749811	0.00181578	0.00404	0.0082564	0.0154954	0.0267022	0.0422453	0.0613583	0.0818145	0.100154	0.112572	0.116191	0.110149	0.095929	0.0767709	0.0564751	0.0382021	0.023772	0.0136145	0.00718042	0.00348995	0.0015647	0.000648027	0.000248508	8.8676e-05	2.98227e-05	9.85401e-06	3.71233e-06	
N24	3.28843e-24	7.69658e-24	3.55109e-23	2.14567e-22	1.65369e-21	1.60345e-20	1.75441e-19	1.95226e-18	2.09461e-17	2.12115e-16	2.01105e-15	1.77913e-14	1.46617e-13	1.12421e-12	8.01264e-12	5.30374e-11	3.25757e-10	1.85502e-09	9.78568e-09	4.77839e-08	2.15819e-07	9.00946e-07	3.47381e-06	1.23631e-05	4.0588e-05	0.000122848	0.000342618	0.000880079	0.00208124	0.00452956	0.00906968	0.0167042	0.0282932	0.0440667	0.0631084	0.0831035	0.100633	0.112074	0.114817	0.108231	0.0939027	0.075015	0.0552008	0.0374347	0.0234079	0.0135038	0.00719164	0.00353808	0.00160915	0.000677139	0.000263902	9.53771e-05	3.2025e-05	1.00224e-05	2.94348e-06	8.26035e-07	2.34348e-07	8.05049e-08	
Carex_radiata	0	0	0	0	0	0	0	0	0	0	0	0	0	0	0	0	0	0	0	0	0	0	0	0	0	0	0	0	1	0	0	0	0	0	0	0	0	0	0	0	0	0	0	0	0	0	0	0	0	0	0	0	0	0	0	0	0	0	
Carex_macrocephala	0	0	0	0	0	0	0	0	0	0	0	0	0	0	0	0	0	0	0	0	0	0	0	0	0	0	0	0	0	0	0	0	0	0	0	0	1	0	0	0	0	0	0	0	0	0	0	0	0	0	0	0	0	0	0	0	0	0	
N25	1.80948e-27	3.6436e-27	1.13937e-26	4.14667e-26	1.62851e-25	6.60305e-25	2.70401e-24	1.16031e-23	6.72926e-23	7.91561e-22	1.46388e-20	2.83822e-19	5.11763e-18	8.39028e-17	1.24487e-15	1.66874e-14	2.01869e-13	2.20152e-12	2.16233e-11	1.91096e-10	1.51812e-09	1.08318e-08	6.93516e-08	3.98125e-07	2.04763e-06	9.42837e-06	3.884e-05	0.000143057	0.000470856	0.00138419	0.0036329	0.00850951	0.017784	0.0331548	0.0551316	0.0817671	0.108169	0.127651	0.134413	0.126322	0.105999	0.0794505	0.0532227	0.0318829	0.0170911	0.00820446	0.00352978	0.00136222	0.000472036	0.000147031	4.12203e-05	1.04182e-05	2.37924e-06	4.92825e-07	9.33288e-08	1.65186e-08	2.94709e-09	6.9707e-10	
Carex_satsumensis	0	0	0	0	0	0	0	0	0	0	0	0	0	0	0	0	0	0	1	0	0	0	0	0	0	0	0	0	0	0	0	0	0	0	0	0	0	0	0	0	0	0	0	0	0	0	0	0	0	0	0	0	0	0	0	0	0	0	
N26	4.37352e-30	1.26794e-29	7.17315e-29	5.07331e-28	3.79052e-27	2.80933e-26	2.14943e-25	2.09943e-24	3.25451e-23	6.70719e-22	1.42401e-20	2.82573e-19	5.11391e-18	8.38921e-17	1.24484e-15	1.66873e-14	2.01868e-13	2.20152e-12	2.16233e-11	1.91096e-10	1.51812e-09	1.08318e-08	6.93515e-08	3.98125e-07	2.04763e-06	9.42836e-06	3.884e-05	0.000143057	0.000470856	0.00138419	0.0036329	0.00850951	0.017784	0.0331548	0.0551316	0.0817671	0.108169	0.127651	0.134413	0.126322	0.105999	0.0794505	0.0532227	0.0318829	0.0170911	0.00820445	0.00352978	0.00136222	0.000472035	0.000147031	4.12203e-05	1.04182e-05	2.37923e-06	4.92824e-07	9.33286e-08	1.65186e-08	2.94709e-09	6.97069e-10	
Carex_diandra	0	0	0	0	0	0	0	0	0	0	0	0	0	0	0	0	0	0	0	0	0	0	0	0	0	0	0	0	0	1	0	0	0	0	0	0	0	0	0	0	0	0	0	0	0	0	0	0	0	0	0	0	0	0	0	0	0	0	
N27	8.06063e-31	1.59182e-30	3.87626e-30	9.8584e-30	3.43685e-29	2.00886e-28	1.5293e-27	1.39509e-26	2.14916e-25	5.80518e-24	1.80279e-22	5.28277e-21	1.40036e-19	3.32904e-18	7.0757e-17	1.34167e-15	2.26495e-14	3.39734e-13	4.51877e-12	5.31928e-11	5.531e-10	5.07061e-09	4.09109e-08	2.89993e-07	1.80299e-06	9.81716e-06	4.67465e-05	0.000194411	0.000705338	0.00223021	0.00614042	0.0147118	0.0306574	0.0555482	0.087501	0.119837	0.142725	0.147886	0.133389	0.10481	0.0718069	0.04294	0.0224388	0.0102598	0.00411046	0.00144511	0.000446536	0.000121472	2.91413e-05	6.17618e-06	1.15853e-06	1.92707e-07	2.84831e-08	3.75064e-09	4.42013e-10	4.72505e-11	4.86744e-12	6.73615e-13	
N28	9.25784e-33	6.58353e-32	9.65542e-31	1.56763e-29	2.44766e-28	3.56335e-27	4.79862e-26	6.01799e-25	7.31915e-24	9.65934e-23	1.61325e-21	3.41808e-20	7.85331e-19	1.73167e-17	3.48379e-16	6.28381e-15	1.00947e-13	1.43935e-12	1.81691e-11	2.02594e-10	1.99124e-09	1.72165e-08	1.30691e-07	8.69425e-07	5.06006e-06	2.57234e-05	0.000114058	0.00044054	0.00148056	0.0043255	0.0109771	0.0241842	0.0462382	0.0767031	0.110399	0.137891	0.149513	0.14081	0.115265	0.082083	0.0509025	0.0275207	0.012989	0.00535924	0.00193599	0.000613311	0.00017068	4.18012e-05	9.02624e-06	1.72176e-06	2.907e-07	4.35337e-08	5.79561e-09	6.87889e-10	7.31634e-11	7.07135e-12	6.57396e-13	8.04634e-14	
Carex_foenea	0	0	0	0	0	0	0	0	0	0	0	0	0	0	0	0	0	0	0	0	0	0	0	0	0	0	0	0	0	0	0	0	0	0	0	0	0	0	0	0	1	0	0	0	0	0	0	0	0	0	0	0	0	0	0	0	0	0	
N29	1.42147e-32	3.3002e-31	1.61433e-29	7.88043e-28	3.52673e-26	1.43124e-24	5.24939e-23	1.73546e-21	5.15821e-20	1.37466e-18	3.27576e-17	6.96035e-16	1.31495e-14	2.20232e-13	3.26044e-12	4.25417e-11	4.87777e-10	4.90044e-09	4.30154e-08	3.29001e-07	2.18686e-06	1.26018e-05	6.28147e-05	0.000270298	0.00100238	0.00319902	0.0087767	0.020685	0.041862	0.0727458	0.108578	0.139277	0.153674	0.146014	0.119632	0.0846502	0.0518177	0.0274912	0.0126656	0.00507755	0.00177501	0.000542263	0.000145091	3.40775e-05	7.0417e-06	1.28311e-06	2.06643e-07	2.94811e-08	3.73446e-09	4.20983e-10	4.2329e-11	3.80482e-12	3.06444e-13	2.21707e-14	1.44606e-15	8.58497e-17	4.87309e-18	3.79287e-19	
Carex_conferta	0	0	0	0	0	0	0	0	0	0	0	0	0	0	0	0	0	0	0	0	0	0	0	0	0	1	0	0	0	0	0	0	0	0	0	0	0	0	0	0	0	0	0	0	0	0	0	0	0	0	0	0	0	0	0	0	0	0	
Carex_arcta	0	0	0	0	0	0	0	0	0	0	0	0	0	0	0	0	0	0	0	0	0	0	0	0	0	0	1	0	0	0	0	0	0	0	0	0	0	0	0	0	0	0	0	0	0	0	0	0	0	0	0	0	0	0	0	0	0	0	
N30	5.79866e-31	2.92512e-30	2.2648e-29	1.6525e-28	1.07579e-27	6.62881e-27	5.74093e-26	1.2735e-24	4.36499e-23	1.46785e-21	4.46515e-20	1.21493e-18	2.94677e-17	6.35439e-16	1.2151e-14	2.05509e-13	3.06623e-12	4.02534e-11	4.63768e-10	4.67731e-09	4.11911e-08	3.1599e-07	2.10667e-06	1.21791e-05	6.09308e-05	0.000263291	0.000981019	0.00314713	0.0086817	0.020574	0.0418543	0.0730595	0.10941	0.140584	0.155055	0.146893	0.119641	0.0838738	0.0506806	0.0264369	0.0119258	0.00466123	0.00158171	0.000466969	0.000120212	2.70459e-05	5.33038e-06	9.2246e-07	1.4051e-07	1.88836e-08	2.24452e-09	2.3652e-10	2.21504e-11	1.84851e-12	1.38e-13	9.31394e-15	5.98997e-16	5.23148e-17	
N31	1.34419e-34	5.26345e-34	4.70366e-33	1.23752e-31	5.97742e-30	3.20162e-28	1.61637e-26	7.41582e-25	3.06416e-23	1.13589e-21	3.76661e-20	1.11407e-18	2.93059e-17	6.83569e-16	1.4095e-14	2.56124e-13	4.08844e-12	5.71464e-11	6.97168e-10	7.39934e-09	6.81009e-08	5.41794e-07	3.71442e-06	2.18789e-05	0.00011041	0.000476101	0.0017501	0.00547264	0.0145324	0.0327257	0.0624349	0.100859	0.137946	0.159787	0.156869	0.130673	0.0924989	0.0557411	0.0286558	0.0125969	0.00474704	0.00153766	0.000429335	0.000103631	2.1688e-05	3.94724e-06	6.26634e-07	8.70334e-08	1.06074e-08	1.13779e-09	1.07724e-10	9.02824e-12	6.71677e-13	4.44835e-14	2.63078e-15	1.39924e-16	7.01029e-18	4.91461e-19	
Carex_disticha	0	0	0	0	0	0	0	0	0	0	0	0	0	0	0	0	0	0	0	0	0	0	0	0	0	0	0	0	0	0	1	0	0	0	0	0	0	0	0	0	0	0	0	0	0	0	0	0	0	0	0	0	0	0	0	0	0	0	
Carex_chordorrhiza	0	0	0	0	0	0	0	0	0	0	0	0	0	0	0	0	0	0	0	0	0	0	0	0	0	0	0	0	0	0	1	0	0	0	0	0	0	0	0	0	0	0	0	0	0	0	0	0	0	0	0	0	0	0	0	0	0	0	
Carex_deweyana_var_deweyana	0	0	0	0	0	0	0	0	0	0	0	0	0	0	0	0	0	0	0	0	0	0	0	0	0	0	1	0	0	0	0	0	0	0	0	0	0	0	0	0	0	0	0	0	0	0	0	0	0	0	0	0	0	0	0	0	0	0	
