NODE	1	2	3	4	5	6	7	8	9	10	11	12	13	14	15	16	17	18	19	20	21	22	23	24	25	26	27	28	29	30	31	32	33	34	35	36	37	38	39	40	41	42	43	44	45	46	47	48	49	50	51	52	53	54	55	56	57	58	59	60	61	62	63	64	65	66	67	68	69	70	71	
N1	0.17485	0.165627	0.149183	0.12817	0.105296	0.0828785	0.0625889	0.0453945	0.0316385	0.0211959	0.0136494	0.00844761	0.00502338	0.00286918	0.0015735	0.000828266	0.000418328	0.000202656	9.41354e-05	4.19138e-05	1.78826e-05	7.30867e-06	2.86053e-06	1.07183e-06	3.84376e-07	1.31893e-07	4.32928e-08	1.35908e-08	4.07964e-09	1.17078e-09	3.21174e-10	8.42106e-11	2.11014e-11	5.05295e-12	1.15623e-12	2.52813e-13	7.88776e-17	3.52436e-17	1.53935e-17	6.57258e-18	2.74337e-18	1.11944e-18	4.46579e-19	1.74181e-19	6.64245e-20	2.4769e-20	9.03163e-21	3.22057e-21	1.12315e-21	3.83103e-22	1.27821e-22	4.17195e-23	1.33218e-23	4.16223e-24	1.27255e-24	3.80773e-25	1.11524e-25	3.19791e-26	8.97975e-27	2.47007e-27	6.659e-28	1.76066e-28	4.57084e-29	1.16718e-29	2.93988e-30	7.33719e-31	1.82713e-31	4.58752e-32	1.17983e-32	3.22912e-33	1.16608e-33	
N2	0.00545079	0.00644324	0.00810331	0.0106094	0.0140212	0.0184841	0.023881	0.0302124	0.0370651	0.04429	0.0512074	0.0576524	0.0628299	0.0667342	0.0686306	0.0688007	0.0667275	0.0630403	0.057532	0.0510969	0.0437684	0.0364641	0.0292627	0.0228404	0.0171576	0.012543	0.00881999	0.00604198	0.00397948	0.00255697	0.00157913	0.000953012	0.000552571	0.000313684	0.000171007	9.14622e-05	4.69459e-05	2.3691e-05	1.1465e-05	5.46671e-06	2.49712e-06	1.12619e-06	4.86064e-07	2.07541e-07	8.46948e-08	3.42577e-08	1.32282e-08	5.0721e-09	1.85419e-09	6.74298e-10	2.33588e-10	8.0652e-11	2.65078e-11	8.70236e-12	2.72044e-12	8.51776e-13	2.54294e-13	7.631e-14	2.19189e-14	6.35841e-15	1.77677e-15	5.04145e-16	1.3908e-16	3.91176e-17	1.07928e-17	3.03506e-18	8.43313e-19	2.39103e-19	6.92156e-20	2.29949e-20	1.17157e-20	
Chrysitrix_capensis	0	0	0	0	0	0	0	0	0	0	0	0	0	0	0	0	0	0	0	0	0	0	1	0	0	0	0	0	0	0	0	0	0	0	0	0	0	0	0	0	0	0	0	0	0	0	0	0	0	0	0	0	0	0	0	0	0	0	0	0	0	0	0	0	0	0	0	0	0	0	0	
Lepironia_articulata	0	0	0	0	0	0	0	0	0	0	0	0	0	0	0	0	1	0	0	0	0	0	0	0	0	0	0	0	0	0	0	0	0	0	0	0	0	0	0	0	0	0	0	0	0	0	0	0	0	0	0	0	0	0	0	0	0	0	0	0	0	0	0	0	0	0	0	0	0	0	0	
N3	0.13878	0.142045	0.137488	0.126968	0.111292	0.0933441	0.0744328	0.0569073	0.0413885	0.0289148	0.0192145	0.0122914	0.00747372	0.00438731	0.00244512	0.0013213	0.00067655	0.000338088	0.000159651	7.43051e-05	3.25413e-05	1.42445e-05	5.83169e-06	2.43087e-06	9.38437e-07	3.76631e-07	1.38135e-07	5.3735e-08	1.87565e-08	7.05246e-09	2.33728e-09	8.43827e-10	2.63651e-10	9.04208e-11	2.65172e-11	8.59567e-12	2.35244e-12	7.15943e-13	1.82903e-13	5.23567e-14	1.24459e-14	3.33791e-15	7.41542e-16	1.8758e-16	3.88355e-17	9.22458e-18	1.79346e-18	4.04235e-19	7.34754e-20	1.55933e-20	2.67839e-21	5.42755e-22	8.74109e-23	1.66951e-23	2.55531e-24	4.68009e-25	6.72163e-26	1.15824e-26	1.58712e-27	2.6297e-28	3.38659e-29	5.28813e-30	6.5831e-31	1.0075e-31	1.23057e-32	1.89056e-33	2.57197e-34	4.54124e-35	7.88326e-36	1.71734e-36	4.58792e-37	
N4	0.137152	0.14063	0.136555	0.126629	0.111496	0.0939365	0.075205	0.057697	0.042064	0.0294375	0.0195668	0.0125129	0.00759111	0.00444571	0.00246506	0.00132654	0.000673619	0.000334799	0.000156191	7.22825e-05	3.11153e-05	1.35614e-05	5.41891e-06	2.2586e-06	8.42505e-07	3.40817e-07	1.192e-07	4.7377e-08	1.55083e-08	6.06584e-09	1.8511e-09	7.12321e-10	2.00636e-10	7.5285e-11	1.95038e-11	7.15848e-12	1.68856e-12	6.01177e-13	1.29703e-13	4.54391e-14	8.86964e-15	3.01556e-15	5.40892e-16	1.83051e-16	2.96772e-17	9.69468e-18	1.46468e-18	4.81006e-19	6.57212e-20	2.04777e-20	2.66102e-21	8.40585e-22	9.85578e-23	2.88003e-23	3.28478e-24	9.84485e-25	1.00378e-25	2.7018e-26	2.73778e-27	7.68079e-28	6.86043e-29	1.67996e-29	1.52304e-30	3.97327e-31	3.11848e-32	6.91137e-33	5.71514e-34	1.44614e-34	1.42605e-35	5.2574e-36	2.72062e-36	
N5	0.114642	0.119856	0.120601	0.117319	0.109264	0.0978721	0.0834963	0.0683167	0.0530646	0.0395282	0.0278955	0.0189209	0.0121342	0.007514	0.00438795	0.0024946	0.00133165	0.000701595	0.000344658	0.000170866	7.80078e-05	3.71327e-05	1.59597e-05	7.45687e-06	3.04832e-06	1.41311e-06	5.51889e-07	2.53248e-07	9.3877e-08	4.18835e-08	1.46467e-08	6.27709e-09	2.04936e-09	8.30009e-10	2.53037e-10	9.69755e-11	2.73984e-11	9.82498e-12	2.59226e-12	8.80982e-13	2.15104e-13	6.82955e-14	1.5664e-14	4.75904e-15	1.01038e-15	2.86811e-16	5.77514e-17	1.59025e-17	2.96106e-18	7.59317e-19	1.35509e-19	3.41352e-20	5.6137e-21	1.3069e-21	2.07891e-22	4.79468e-23	6.97912e-24	1.4696e-24	2.0811e-25	4.3623e-26	5.62596e-27	1.06895e-27	1.35326e-28	2.5876e-29	3.02333e-30	5.38139e-31	6.88138e-32	1.43619e-32	2.52717e-33	7.10136e-34	2.49876e-34	
Lagenocarpus_guianensis	0	0	0	0	0	0	0	0	0	0	0	0	0	0	0	0	1	0	0	0	0	0	0	0	0	0	0	0	0	0	0	0	0	0	0	0	0	0	0	0	0	0	0	0	0	0	0	0	0	0	0	0	0	0	0	0	0	0	0	0	0	0	0	0	0	0	0	0	0	0	0	
N6	0.105841	0.111576	0.113961	0.113061	0.107695	0.0988027	0.0863578	0.0723796	0.0575466	0.0438553	0.0316278	0.0219161	0.0143379	0.00905908	0.0053857	0.00312089	0.00169168	0.000908195	0.000451539	0.000228428	0.000105066	5.12478e-05	2.20448e-05	1.06392e-05	4.31037e-06	2.08656e-06	7.97771e-07	3.87756e-07	1.38699e-07	6.64987e-08	2.2152e-08	1.03912e-08	3.18747e-09	1.43528e-09	4.07431e-10	1.77538e-10	4.61387e-11	1.90724e-11	4.61313e-12	1.85484e-12	4.10191e-13	1.55048e-13	3.23343e-14	1.20457e-14	2.29083e-15	7.9147e-16	1.44558e-16	5.0182e-17	8.28604e-18	2.61017e-18	4.22241e-19	1.36653e-19	1.96911e-20	5.63007e-21	8.10631e-22	2.43688e-22	3.06069e-23	7.87628e-24	1.00505e-24	2.77889e-25	3.03619e-26	7.00199e-27	7.9072e-28	2.00466e-28	1.89968e-29	3.91205e-30	3.97296e-31	9.65086e-32	1.15843e-32	3.86382e-33	2.10008e-33	
N7	0.0622977	0.0680777	0.0742401	0.0804076	0.0849852	0.0875581	0.0867876	0.0831707	0.0762274	0.0674645	0.0569853	0.0466027	0.0363342	0.0275816	0.0199349	0.014164	0.00955753	0.00644164	0.00410462	0.00267885	0.00163765	0.00106099	0.000633174	0.000415668	0.000244274	0.000162693	9.38745e-05	6.26245e-05	3.50201e-05	2.29217e-05	1.23118e-05	7.82808e-06	4.00123e-06	2.44489e-06	1.19034e-06	7.0179e-07	3.23903e-07	1.83045e-07	8.07396e-08	4.43031e-08	1.85697e-08	9.79154e-09	3.95687e-09	2.04728e-09	7.889e-10	3.92505e-10	1.4724e-10	7.24932e-11	2.59111e-11	1.21905e-11	4.26304e-12	1.98897e-12	6.58713e-13	2.90619e-13	9.42051e-14	4.11643e-14	1.25292e-14	5.12238e-15	1.52418e-15	6.16934e-16	1.71584e-16	6.47414e-17	1.77013e-17	6.68333e-18	1.74349e-18	6.37753e-19	1.84133e-19	7.93171e-20	3.17164e-20	1.97309e-20	1.69514e-20	
Oreobolus_pectinatus	0	0	0	0	0	0	0	0	0	0	0	0	0	0	0	0	0	0	1	0	0	0	0	0	0	0	0	0	0	0	0	0	0	0	0	0	0	0	0	0	0	0	0	0	0	0	0	0	0	0	0	0	0	0	0	0	0	0	0	0	0	0	0	0	0	0	0	0	0	0	0	
N8	0.044551	0.0495895	0.0558807	0.0631592	0.0701177	0.0762013	0.0799316	0.0812488	0.079176	0.074621	0.0672782	0.0587846	0.0490996	0.0399347	0.0310298	0.0236657	0.0172153	0.0124461	0.00855267	0.00595447	0.00391075	0.00267425	0.00170157	0.00116634	0.000725973	0.000503928	0.000307592	0.000215905	0.000128287	8.98448e-05	5.15998e-05	3.57314e-05	1.966e-05	1.33071e-05	7.01492e-06	4.64862e-06	2.33634e-06	1.50357e-06	7.25554e-07	4.57956e-07	2.10888e-07	1.28979e-07	5.74073e-08	3.46249e-08	1.47232e-08	8.57368e-09	3.55094e-09	2.05215e-09	8.10223e-10	4.48704e-10	1.73587e-10	9.58987e-11	3.51514e-11	1.84192e-11	6.64087e-12	3.48567e-12	1.17989e-12	5.80491e-13	1.93772e-13	9.59434e-14	2.98627e-14	1.37598e-14	4.25366e-15	1.9968e-15	5.80567e-16	2.59632e-16	8.32358e-17	4.51403e-17	2.1699e-17	1.9366e-17	2.32632e-17	
N9	0.0235264	0.0264993	0.0306146	0.035987	0.0421498	0.0489604	0.0555157	0.0615763	0.0660071	0.0688948	0.0692241	0.0677676	0.0637755	0.0587049	0.0519076	0.0452041	0.0377605	0.031406	0.0249861	0.0201287	0.0154217	0.0122597	0.00917348	0.00735112	0.00544083	0.00445984	0.00328894	0.00276724	0.00202708	0.0017315	0.0012522	0.00107392	0.000759574	0.000645168	0.000445268	0.0003737	0.000250233	0.000205819	0.000134239	0.000108878	6.87918e-05	5.45421e-05	3.36664e-05	2.64275e-05	1.5799e-05	1.21092e-05	7.10663e-06	5.42661e-06	3.08021e-06	2.28924e-06	1.28206e-06	9.54913e-07	5.15454e-07	3.71465e-07	1.98672e-07	1.441e-07	7.38638e-08	5.14172e-08	2.62085e-08	1.84431e-08	8.99085e-09	6.06195e-09	2.97661e-09	2.06841e-09	1.00197e-09	7.03507e-10	3.97209e-10	3.49463e-10	2.93201e-10	3.77145e-10	5.50515e-10	
N10	0.00723743	0.00828539	0.00987074	0.0121165	0.0149989	0.0186146	0.0228175	0.0276359	0.0327338	0.0380708	0.0431148	0.0478447	0.0516333	0.0546497	0.0563027	0.0570442	0.0563247	0.0548349	0.0520152	0.0487357	0.0444173	0.0400639	0.0350805	0.0305076	0.0257124	0.0216517	0.0176549	0.0145064	0.0115345	0.00933752	0.00730825	0.00588583	0.0045708	0.00368614	0.00285358	0.00230959	0.00178174	0.00144335	0.00110614	0.00089308	0.000676458	0.000541294	0.00040349	0.000318721	0.000232761	0.000180732	0.000129041	9.83563e-05	6.84932e-05	5.11283e-05	3.47422e-05	2.54238e-05	1.6842e-05	1.20665e-05	7.81174e-06	5.49513e-06	3.47689e-06	2.40042e-06	1.49235e-06	1.01797e-06	6.25143e-07	4.24289e-07	2.62944e-07	1.82508e-07	1.18744e-07	8.80793e-08	6.45993e-08	5.45993e-08	4.83085e-08	5.00812e-08	5.89411e-08	
Schoenus_brevifolius	0	0	0	0	0	0	0	0	0	0	0	0	0	0	0	0	0	0	0	0	0	0	0	0	0	0	0	0	0	0	0	0	0	0	0	0	0	0	0	0	0	0	0	0	0	0	0	0	0	0	0	0	0	0	0	0	0	0	0	0	1	0	0	0	0	0	0	0	0	0	0	
Schoenus_nigricans	0	0	0	0	0	0	0	0	0	0	0	0	0	0	0	0	0	0	0	0	0	1	0	0	0	0	0	0	0	0	0	0	0	0	0	0	0	0	0	0	0	0	0	0	0	0	0	0	0	0	0	0	0	0	0	0	0	0	0	0	0	0	0	0	0	0	0	0	0	0	0	
Gahnia_aspera	0	0	0	0	0	0	0	0	0	0	0	0	0	0	0	0	0	0	0	0	0	0	0	0	0	0	0	0	0	0	0	0	0	0	0	0	0	0	0	1	0	0	0	0	0	0	0	0	0	0	0	0	0	0	0	0	0	0	0	0	0	0	0	0	0	0	0	0	0	0	0	
N11	0.0392904	0.0430097	0.0472341	0.0520119	0.0566765	0.0611309	0.0645896	0.0670444	0.0678267	0.0671903	0.0647318	0.0609877	0.0558224	0.0499394	0.0433688	0.0368008	0.0302909	0.0243625	0.0189958	0.0144793	0.0106953	0.00773092	0.00541453	0.00371682	0.002472	0.00161486	0.00102206	0.000637054	0.00038461	0.000229381	0.000132436	7.57915e-05	4.19432e-05	2.30892e-05	1.22704e-05	6.50946e-06	3.3255e-06	1.70145e-06	8.35817e-07	4.12403e-07	1.9466e-07	9.2521e-08	4.19147e-08	1.91633e-08	8.31863e-09	3.65168e-09	1.51694e-09	6.38537e-10	2.53502e-10	1.02186e-10	3.87522e-11	1.49544e-11	5.41527e-12	2.0001e-12	6.92264e-13	2.45066e-13	8.12153e-14	2.76246e-14	8.8124e-15	2.90007e-15	8.99515e-16	2.89955e-16	8.91991e-17	2.87794e-17	9.02137e-18	2.98297e-18	9.78137e-19	3.39861e-19	1.22969e-19	5.31534e-20	3.40953e-20	
Tetraria_capillaris	0	0	0	0	0	0	0	0	0	1	0	0	0	0	0	0	0	0	0	0	0	0	0	0	0	0	0	0	0	0	0	0	0	0	0	0	0	0	0	0	0	0	0	0	0	0	0	0	0	0	0	0	0	0	0	0	0	0	0	0	0	0	0	0	0	0	0	0	0	0	0	
N12	0.0031992	0.00406404	0.00569748	0.00835538	0.0122345	0.0175979	0.0244192	0.0327054	0.0419473	0.0519184	0.0617034	0.070891	0.0779601	0.082314	0.0824209	0.0786686	0.0708844	0.0610013	0.0499142	0.0396346	0.0305495	0.0234558	0.0178536	0.0137312	0.010447	0.00795351	0.00587596	0.00428288	0.00298142	0.00203633	0.00131713	0.000837256	0.000501556	0.000296773	0.000164863	9.10302e-05	4.69843e-05	2.42506e-05	1.16462e-05	5.62301e-06	2.51232e-06	1.13332e-06	4.70798e-07	1.98162e-07	7.642e-08	2.99482e-08	1.0714e-08	3.9061e-09	1.295e-09	4.38729e-10	1.34861e-10	4.24901e-11	1.211e-11	3.54853e-12	9.39486e-13	2.5666e-13	6.32065e-14	1.61265e-14	3.71241e-15	8.90435e-16	1.93111e-16	4.40001e-17	9.18105e-18	2.03943e-18	4.24766e-19	9.54597e-20	2.08372e-20	4.91301e-21	1.17183e-21	3.24424e-22	1.37e-22	
Machaerina_articulata	0	0	0	0	0	0	0	0	0	0	0	1	0	0	0	0	0	0	0	0	0	0	0	0	0	0	0	0	0	0	0	0	0	0	0	0	0	0	0	0	0	0	0	0	0	0	0	0	0	0	0	0	0	0	0	0	0	0	0	0	0	0	0	0	0	0	0	0	0	0	0	
Machaerina_mariscoides	0	0	0	0	0	0	0	0	0	0	0	0	0	0	0	0	0	0	0	0	0	0	0	0	0	0	0	0	0	0	0	0	0	0	0	0	0	0	1	0	0	0	0	0	0	0	0	0	0	0	0	0	0	0	0	0	0	0	0	0	0	0	0	0	0	0	0	0	0	0	0	
N13	0.0943698	0.0996294	0.102239	0.102458	0.0993747	0.0936621	0.0850217	0.074722	0.0630309	0.0513918	0.0401344	0.0302965	0.0218731	0.0152866	0.0102042	0.00661457	0.00408921	0.00246901	0.00141936	0.000804741	0.000433358	0.000233698	0.00011923	6.22242e-05	3.04761e-05	1.5647e-05	7.43694e-06	3.79061e-06	1.75213e-06	8.83048e-07	3.95053e-07	1.94919e-07	8.36224e-08	3.98902e-08	1.63161e-08	7.48027e-09	2.90097e-09	1.27055e-09	4.67378e-10	1.9592e-10	6.82036e-11	2.72833e-11	9.02977e-12	3.4702e-12	1.08974e-12	4.00821e-13	1.20383e-13	4.28271e-14	1.22528e-14	4.18369e-15	1.15279e-15	3.83139e-16	1.0082e-16	3.2157e-17	8.19108e-18	2.55134e-18	6.19891e-19	1.84539e-19	4.34771e-20	1.2645e-20	2.83425e-21	7.85259e-22	1.71717e-22	4.69459e-23	1.0037e-23	2.72784e-24	6.39243e-25	1.96056e-25	5.87351e-26	2.4506e-26	1.57784e-26	
N14	0.0137559	0.0164335	0.0208379	0.0271281	0.034992	0.044226	0.0538978	0.0634608	0.0715376	0.0777107	0.0807053	0.0807771	0.0772201	0.071159	0.0625391	0.0530063	0.0427775	0.0333369	0.0247009	0.0177186	0.012067	0.00798778	0.00501283	0.00307489	0.00178473	0.00101973	0.000549923	0.000294336	0.000148104	7.45834e-05	3.51288e-05	1.66876e-05	7.36327e-06	3.29799e-06	1.36249e-06	5.74444e-07	2.21705e-07	8.77152e-08	3.15798e-08	1.17055e-08	3.92414e-09	1.36e-09	4.24639e-10	1.37687e-10	4.00255e-11	1.21357e-11	3.29105e-12	9.35331e-13	2.36699e-13	6.30503e-14	1.49355e-14	3.74157e-15	8.29812e-16	1.95398e-16	4.07273e-17	9.05203e-18	1.77307e-18	3.71652e-19	6.88143e-20	1.37011e-20	2.40826e-21	4.57928e-22	7.80023e-23	1.45303e-23	2.48168e-24	4.69241e-25	8.52552e-26	1.71968e-26	3.51205e-27	8.38116e-28	2.90913e-28	
N15	0.000270456	0.000402806	0.000713946	0.00134201	0.00249273	0.00447274	0.00761839	0.0123412	0.0189087	0.0276168	0.0383301	0.050905	0.0642855	0.0774586	0.0882455	0.0953052	0.0967027	0.0925724	0.0829337	0.069951	0.0551155	0.0408746	0.0282989	0.0184573	0.0112377	0.00645677	0.00346429	0.00175845	0.000833953	0.000375389	0.000157991	6.33629e-05	2.37759e-05	8.54035e-06	2.87171e-06	9.28957e-07	2.81311e-07	8.23632e-08	2.25637e-08	6.00455e-09	1.49326e-09	3.62226e-10	8.19772e-11	1.81612e-11	3.74577e-12	7.58607e-13	1.42759e-13	2.64555e-14	4.54654e-15	7.71587e-16	1.21273e-16	1.88785e-17	2.71834e-18	3.88921e-19	5.1457e-20	6.79034e-21	8.28919e-22	1.01397e-22	1.15078e-23	1.31715e-24	1.40749e-25	1.53004e-26	1.57294e-27	1.66128e-28	1.68755e-29	1.76954e-30	1.81049e-31	1.89777e-32	1.95534e-33	2.12012e-34	3.4798e-35	
Dulichium_arundinaceum	0	0	0	0	0	0	0	0	0	0	0	0	0	0	0	1	0	0	0	0	0	0	0	0	0	0	0	0	0	0	0	0	0	0	0	0	0	0	0	0	0	0	0	0	0	0	0	0	0	0	0	0	0	0	0	0	0	0	0	0	0	0	0	0	0	0	0	0	0	0	0	
N16	1.12389e-06	2.16673e-06	5.54964e-06	1.53417e-05	4.15666e-05	0.000107483	0.000260717	0.000591617	0.00125116	0.00250438	0.00481086	0.0090207	0.0164294	0.0287359	0.0470434	0.0709965	0.0969688	0.119434	0.131297	0.129279	0.113095	0.088569	0.0615492	0.0384023	0.0212682	0.0106413	0.00473266	0.00192151	0.000694908	0.000233143	6.98234e-05	1.98417e-05	5.03445e-06	1.24499e-06	2.73657e-07	6.01055e-08	1.15985e-08	2.27502e-09	3.86205e-10	6.72801e-11	1.00049e-11	1.53553e-12	1.99444e-13	2.6875e-14	3.04772e-15	3.60557e-16	3.58158e-17	3.73526e-18	3.26207e-19	3.01147e-20	2.32566e-21	1.91323e-22	1.31226e-23	9.66442e-25	5.92687e-26	3.93845e-27	2.16834e-28	1.30548e-29	6.50526e-31	3.58426e-32	1.62481e-33	8.24343e-35	3.46417e-36	1.66266e-37	6.74259e-39	3.23022e-40	1.41683e-41	7.47936e-43	3.8542e-44	2.24359e-45	1.79746e-46	
Blysmus_compressus	0	0	0	0	0	0	0	0	0	0	0	0	0	0	0	0	0	0	0	0	0	1	0	0	0	0	0	0	0	0	0	0	0	0	0	0	0	0	0	0	0	0	0	0	0	0	0	0	0	0	0	0	0	0	0	0	0	0	0	0	0	0	0	0	0	0	0	0	0	0	0	
Blysmus_rufus	0	0	0	0	0	0	0	0	0	0	0	0	0	0	0	0	0	0	0	1	0	0	0	0	0	0	0	0	0	0	0	0	0	0	0	0	0	0	0	0	0	0	0	0	0	0	0	0	0	0	0	0	0	0	0	0	0	0	0	0	0	0	0	0	0	0	0	0	0	0	0	
N17	0.00401029	0.00503735	0.00699984	0.0102844	0.0152311	0.0222501	0.0313308	0.0423841	0.0544678	0.0667715	0.077497	0.0857377	0.0897494	0.0895958	0.0845566	0.0761293	0.0646891	0.0524617	0.0400645	0.029237	0.0200393	0.013161	0.00809603	0.00479683	0.00265336	0.00142548	0.000712043	0.000349703	0.00015871	7.19758e-05	2.99009e-05	1.26556e-05	4.8436e-06	1.92745e-06	6.8269e-07	2.56286e-07	8.40417e-08	2.96792e-08	9.00021e-09	2.97726e-09	8.31613e-10	2.5582e-10	6.56776e-11	1.8716e-11	4.39822e-12	1.15405e-12	2.48157e-13	5.99286e-14	1.17509e-14	2.5999e-15	4.65775e-16	9.46982e-17	1.54508e-17	2.8746e-18	4.29039e-19	7.35077e-20	9.99777e-21	1.56918e-21	1.95898e-22	2.84529e-23	3.24479e-24	4.33365e-25	4.58206e-26	5.75616e-27	5.74024e-28	6.98504e-29	7.34346e-30	9.79791e-31	1.26395e-31	2.07119e-32	5.15588e-33	
N18	0.00263035	0.00325358	0.00440924	0.00630145	0.00912364	0.013149	0.0185074	0.0253413	0.0334342	0.042561	0.0519842	0.0611588	0.0690431	0.0751612	0.0785754	0.0792541	0.0766797	0.0714862	0.0637369	0.0546596	0.0446848	0.0351213	0.026253	0.0189059	0.0129319	0.00856731	0.00538921	0.00331435	0.00193544	0.00112037	0.000615375	0.000340769	0.000178332	9.55995e-05	4.7996e-05	2.49533e-05	1.19874e-05	5.99471e-06	2.733e-06	1.30018e-06	5.57498e-07	2.49946e-07	1.0022e-07	4.21394e-08	1.57451e-08	6.1929e-09	2.15518e-09	7.93428e-10	2.57128e-10	8.86453e-11	2.68063e-11	8.68089e-12	2.45212e-12	7.4696e-13	1.97847e-13	5.69695e-14	1.41743e-14	3.8647e-15	9.09137e-16	2.3661e-16	5.2909e-17	1.32297e-17	2.87483e-18	7.10838e-19	1.56894e-19	4.02642e-20	9.83876e-21	2.79167e-21	8.0235e-22	2.83038e-22	1.54022e-22	
N19	4.63965e-06	8.59528e-06	2.01787e-05	4.99654e-05	0.000120338	0.000275506	0.000591742	0.00120555	0.0023272	0.00424655	0.00717538	0.0111318	0.0156596	0.0201598	0.0240961	0.0279875	0.0329698	0.040786	0.0519084	0.0659324	0.0800665	0.0918697	0.0975509	0.0965358	0.087717	0.0742767	0.0576401	0.0418635	0.0278466	0.0174588	0.0100218	0.00547385	0.0027348	0.00131434	0.000576512	0.000245883	9.528e-05	3.6221e-05	1.24349e-05	4.21567e-06	1.28174e-06	3.86682e-07	1.04022e-07	2.78812e-08	6.63137e-09	1.57794e-09	3.32224e-10	7.02993e-11	1.31264e-11	2.4755e-12	4.11452e-13	6.94521e-14	1.03104e-14	1.56341e-15	2.08357e-16	2.85436e-17	3.42962e-18	4.26416e-19	4.65366e-20	5.29841e-21	5.30216e-22	5.5949e-23	5.2561e-24	5.29438e-25	4.8772e-26	4.90644e-27	4.71616e-28	4.92795e-29	5.04392e-30	5.61829e-31	9.35657e-32	
Scirpus_pendulus	0	0	0	0	0	0	0	0	0	0	0	0	0	0	0	0	0	0	0	1	0	0	0	0	0	0	0	0	0	0	0	0	0	0	0	0	0	0	0	0	0	0	0	0	0	0	0	0	0	0	0	0	0	0	0	0	0	0	0	0	0	0	0	0	0	0	0	0	0	0	0	
N20	1.19942e-13	1.169e-12	1.34218e-11	1.32973e-10	1.22362e-09	1.00033e-08	5.25211e-08	1.05793e-07	1.5722e-07	8.40066e-07	5.45138e-06	2.79983e-05	0.000103988	0.000259442	0.000410108	0.000410734	0.000274383	0.000134239	6.57879e-05	0.000114646	0.000499055	0.00207488	0.00722078	0.0208351	0.0490238	0.0942765	0.145504	0.182028	0.180586	0.145433	0.0924057	0.0484569	0.0201031	0.00711477	0.00200534	0.000502947	0.000100658	1.86073e-05	2.72966e-06	3.79368e-07	4.15322e-08	4.3816e-09	3.632e-10	2.94235e-11	1.87583e-12	1.18429e-13	5.91067e-15	2.95928e-16	1.17594e-17	4.74633e-19	1.52701e-20	5.05193e-22	1.33468e-23	3.66969e-25	8.07574e-27	1.87248e-28	3.47115e-30	6.86276e-32	1.08573e-33	1.85667e-35	2.5323e-37	3.78709e-39	4.54314e-41	6.10795e-43	6.71231e-45	8.593e-47	9.78109e-49	1.34361e-50	1.78263e-52	2.66923e-54	4.85685e-56	
N21	1.77981e-20	6.18509e-19	2.66571e-17	8.68287e-16	2.46518e-14	5.3024e-13	5.27734e-12	1.45832e-11	5.12362e-11	7.16948e-10	1.11064e-08	1.22966e-07	8.37198e-07	3.13159e-06	5.93895e-06	5.58135e-06	2.74422e-06	9.21605e-07	6.30475e-07	1.99403e-06	1.48393e-05	0.000120802	0.000806154	0.00416417	0.0163674	0.0485242	0.107611	0.177688	0.217285	0.196823	0.131786	0.0657327	0.0244101	0.00689233	0.00146791	0.000249138	3.2068e-05	3.7048e-06	3.11162e-07	3.10215e-08	1.87323e-09	1.89117e-10	8.48361e-12	7.51093e-13	2.44638e-14	1.64897e-15	3.90104e-17	1.94361e-18	3.39546e-20	1.2641e-21	1.66516e-23	4.72421e-25	4.7807e-27	1.05261e-28	8.33358e-31	1.45027e-32	9.11784e-35	1.27261e-36	6.45238e-39	7.34083e-41	3.03755e-43	2.84876e-45	9.75743e-48	7.6649e-50	2.19366e-52	1.45453e-54	3.54327e-57	2.05003e-59	4.97462e-62	3.43055e-64	2.57303e-66	
N22	2.08862e-21	4.07417e-20	1.15706e-18	2.89629e-17	6.23992e-16	1.12465e-14	1.37965e-13	9.25817e-13	4.80293e-12	4.35021e-11	4.45489e-10	3.55627e-09	1.9672e-08	6.94304e-08	1.48049e-07	1.97707e-07	1.96417e-07	1.72816e-07	1.51703e-07	2.35002e-07	1.289e-06	1.17355e-05	9.93998e-05	0.000679846	0.00360804	0.0146046	0.0445988	0.101891	0.173015	0.217338	0.201454	0.137752	0.0696352	0.0261407	0.00733444	0.00155127	0.00024967	3.10431e-05	3.02406e-06	2.53999e-07	1.9833e-08	2.77679e-09	3.53147e-10	7.68418e-11	8.69641e-12	1.44097e-12	1.23747e-13	1.50383e-14	9.8559e-16	8.94347e-17	4.52415e-18	3.12154e-19	1.23118e-20	6.56791e-22	2.03813e-23	8.5384e-25	2.10191e-26	7.01825e-28	1.38114e-29	3.72879e-31	5.9088e-33	1.30823e-34	1.68094e-36	3.09547e-38	3.24706e-40	5.04707e-42	4.37447e-44	5.9317e-46	4.85195e-48	7.71497e-50	1.63493e-51	
N23	4.08697e-23	8.7667e-22	2.66402e-20	6.81218e-19	1.43369e-17	2.42603e-16	2.7706e-15	1.80827e-14	1.00997e-13	9.59195e-13	1.03284e-11	9.05581e-11	5.83836e-10	2.6067e-09	7.75946e-09	1.54955e-08	2.15106e-08	2.15793e-08	1.75525e-08	1.98701e-08	8.7718e-08	9.72134e-07	1.15732e-05	0.000113094	0.000849151	0.00478421	0.0199227	0.0605418	0.132762	0.208174	0.231922	0.183043	0.102447	0.0408608	0.0117104	0.00243793	0.000373358	4.26499e-05	3.68587e-06	2.45791e-07	1.2898e-08	6.06912e-10	2.81307e-11	2.78074e-12	2.16622e-13	3.09346e-14	2.06393e-15	2.25789e-16	1.16197e-17	9.51895e-19	3.80851e-20	2.37456e-21	7.46673e-23	3.60271e-24	8.98951e-26	3.40843e-27	6.8061e-29	2.05655e-30	3.31137e-32	8.07916e-34	1.05621e-35	2.10691e-37	2.25058e-39	3.71524e-41	3.26215e-43	4.51198e-45	3.28713e-47	3.90395e-49	2.58798e-51	3.24951e-53	4.62141e-55	
Scirpus_expansus	0	0	0	0	0	0	0	0	0	0	0	0	0	0	0	0	0	0	0	0	0	0	0	0	0	0	0	0	0	0	0	1	0	0	0	0	0	0	0	0	0	0	0	0	0	0	0	0	0	0	0	0	0	0	0	0	0	0	0	0	0	0	0	0	0	0	0	0	0	0	0	
N24	1.94256e-25	4.88011e-24	1.72002e-22	4.94466e-21	1.15431e-19	2.17336e-18	2.64926e-17	1.56881e-16	7.09064e-16	7.51788e-15	1.15153e-13	1.56091e-12	1.65635e-11	1.28804e-10	6.54858e-10	1.87535e-09	2.85437e-09	2.56154e-09	1.59358e-09	9.51436e-10	1.583e-09	1.4942e-08	3.04737e-07	5.60549e-06	7.78462e-05	0.000785807	0.00561776	0.0276883	0.0914508	0.196783	0.269223	0.230775	0.124027	0.0424677	0.0095045	0.00143166	0.000149442	1.11105e-05	6.03159e-07	2.44652e-08	7.56729e-10	1.84075e-11	3.63583e-13	7.74912e-15	1.92628e-16	1.12481e-17	4.08225e-19	2.40757e-20	7.09173e-22	3.15559e-23	7.33759e-25	2.48642e-26	4.6089e-28	1.20997e-29	1.80292e-31	3.72352e-33	4.48993e-35	7.39586e-37	7.25791e-39	9.65723e-41	7.75189e-43	8.43342e-45	5.56362e-47	5.00836e-49	2.72898e-51	2.05954e-53	9.37669e-56	6.12322e-58	2.58381e-60	1.78601e-62	1.35016e-64	
Scirpus_sylvaticus	0	0	0	0	0	0	0	0	0	0	0	0	0	0	0	0	0	0	0	0	0	0	0	0	0	0	0	0	0	0	1	0	0	0	0	0	0	0	0	0	0	0	0	0	0	0	0	0	0	0	0	0	0	0	0	0	0	0	0	0	0	0	0	0	0	0	0	0	0	0	0	
Scirpus_microcarpus	0	0	0	0	0	0	0	0	0	0	0	0	0	0	0	0	0	0	0	0	0	0	0	0	0	0	0	0	0	0	0	1	0	0	0	0	0	0	0	0	0	0	0	0	0	0	0	0	0	0	0	0	0	0	0	0	0	0	0	0	0	0	0	0	0	0	0	0	0	0	0	
Scirpus_maximowiczii	0	0	0	0	0	0	0	0	0	0	0	0	0	0	0	0	0	0	0	0	0	0	0	0	0	0	0	0	0	0	0	1	0	0	0	0	0	0	0	0	0	0	0	0	0	0	0	0	0	0	0	0	0	0	0	0	0	0	0	0	0	0	0	0	0	0	0	0	0	0	0	
N25	3.21561e-22	9.14131e-21	3.46106e-19	1.02869e-17	2.35637e-16	3.929e-15	4.47892e-14	4.39502e-13	5.70146e-12	8.73388e-11	1.12293e-09	9.98618e-09	5.49197e-08	1.71448e-07	2.88002e-07	2.6373e-07	1.57201e-07	1.05946e-07	1.63059e-07	7.46668e-07	6.59816e-06	6.11879e-05	0.000465174	0.00271603	0.0119335	0.039049	0.0944534	0.167954	0.218707	0.208214	0.144954	0.0739962	0.0278209	0.00775921	0.0016182	0.000255282	3.07974e-05	2.89426e-06	2.14817e-07	1.32929e-08	6.95468e-10	4.98831e-11	3.29732e-12	6.90523e-13	5.06138e-14	1.04122e-14	5.87772e-16	9.10491e-17	3.89336e-18	4.5449e-19	1.4881e-20	1.32757e-21	3.36633e-23	2.3258e-24	4.61722e-26	2.50073e-27	3.92569e-29	1.68535e-30	2.11242e-32	7.26599e-34	7.33578e-36	2.04214e-37	1.67536e-39	3.81507e-41	2.56306e-43	4.82227e-45	2.67657e-47	4.22307e-49	2.05275e-51	3.21175e-53	4.63072e-55	
N26	1.9237e-20	2.13616e-19	3.66674e-18	5.72707e-17	7.56447e-16	8.21466e-15	6.94982e-14	4.65042e-13	2.87954e-12	1.88006e-11	1.19062e-10	6.52527e-10	2.99304e-09	1.16865e-08	3.8648e-08	1.00407e-07	1.91918e-07	2.90292e-07	4.63385e-07	1.0277e-06	3.35013e-06	1.7612e-05	0.000117577	0.000719066	0.00355771	0.0137495	0.0409264	0.092971	0.160044	0.207682	0.202513	0.148266	0.0816315	0.0339327	0.0107138	0.0025898	0.00048361	7.0554e-05	8.12978e-06	7.6268e-07	5.99435e-08	5.15772e-09	4.94759e-10	8.83635e-11	1.12393e-11	1.98527e-12	2.07357e-13	2.7956e-14	2.30419e-15	2.37775e-16	1.55731e-17	1.24932e-18	6.55097e-20	4.14583e-21	1.75203e-22	8.86718e-24	3.03852e-25	1.246e-26	3.48247e-28	1.17201e-29	2.68727e-31	7.5186e-33	1.42251e-34	3.35265e-36	5.26734e-38	1.06166e-39	1.40665e-41	2.5253e-43	3.22526e-45	6.67184e-47	1.8396e-48	
Scirpus_polystachyus	0	0	0	0	0	0	0	0	0	0	0	0	0	0	0	0	0	0	0	0	0	0	0	0	0	0	0	0	0	1	0	0	0	0	0	0	0	0	0	0	0	0	0	0	0	0	0	0	0	0	0	0	0	0	0	0	0	0	0	0	0	0	0	0	0	0	0	0	0	0	0	
Scirpus_cyperinus	0	0	0	0	0	0	0	0	0	0	0	0	0	0	0	0	0	0	0	0	0	0	0	0	0	0	0	0	0	0	0	0	1	0	0	0	0	0	0	0	0	0	0	0	0	0	0	0	0	0	0	0	0	0	0	0	0	0	0	0	0	0	0	0	0	0	0	0	0	0	0	
N27	8.15081e-22	1.44772e-20	3.77248e-19	8.54718e-18	1.60134e-16	2.3099e-15	2.35865e-14	1.95684e-13	1.87076e-12	1.81827e-11	1.42339e-10	7.98811e-10	2.95647e-09	6.81337e-09	1.00131e-08	1.11338e-08	1.25975e-08	2.2103e-08	1.03476e-07	1.02445e-06	1.09418e-05	9.75852e-05	0.000683394	0.00368001	0.0150411	0.0461649	0.105426	0.177816	0.220375	0.200203	0.133388	0.0654009	0.0237389	0.00643058	0.00131255	0.000204015	2.44182e-05	2.27654e-06	1.67199e-07	9.81694e-09	4.67222e-10	1.96096e-11	7.86841e-13	5.7723e-14	4.18407e-15	5.32495e-16	3.71463e-17	3.80131e-18	2.12863e-19	1.67272e-20	7.51584e-22	4.59363e-23	1.66555e-24	8.02456e-26	2.35951e-27	9.07419e-29	2.17345e-30	6.75187e-32	1.32301e-33	3.35865e-35	5.40704e-37	1.13476e-38	1.50747e-40	2.64637e-42	2.9148e-44	4.3368e-46	4.00491e-48	5.21298e-50	4.48449e-52	6.35557e-54	1.09913e-55	
N28	6.73737e-24	1.39576e-22	4.08123e-21	9.76885e-20	1.89662e-18	2.73441e-17	2.39607e-16	1.33798e-15	1.18917e-14	1.63871e-13	2.29269e-12	2.87e-11	2.87835e-10	1.8781e-09	6.3532e-09	1.03273e-08	9.2308e-09	5.98419e-09	5.88989e-09	2.55691e-08	3.62891e-07	5.91624e-06	7.6452e-05	0.000731983	0.0050498	0.0244688	0.0810957	0.179086	0.257657	0.238261	0.141638	0.0548886	0.0141866	0.00251117	0.000312663	2.80843e-05	1.86231e-06	9.31411e-08	3.58012e-09	1.08421e-10	2.64242e-12	5.92198e-14	1.31846e-15	5.26229e-17	1.82959e-18	9.74255e-20	3.01721e-21	1.26634e-22	3.11467e-24	1.00627e-25	1.97654e-27	4.9936e-29	7.90643e-31	1.58608e-32	2.04024e-34	3.29485e-36	3.46678e-38	4.56456e-40	3.95241e-42	4.29409e-44	3.07721e-46	2.79105e-48	1.66422e-50	1.27486e-52	6.36069e-55	4.16948e-57	1.76463e-59	1.02564e-61	4.14359e-64	2.6745e-66	2.00361e-68	
Eriophorum_virginicum	0	0	0	0	0	0	0	0	0	0	0	0	0	0	0	0	0	0	0	0	0	0	0	0	0	0	0	0	1	0	0	0	0	0	0	0	0	0	0	0	0	0	0	0	0	0	0	0	0	0	0	0	0	0	0	0	0	0	0	0	0	0	0	0	0	0	0	0	0	0	0	
Eriophorum_gracile	0	0	0	0	0	0	0	0	0	0	0	0	0	0	0	0	0	0	0	0	0	0	0	0	0	0	0	0	0	1	0	0	0	0	0	0	0	0	0	0	0	0	0	0	0	0	0	0	0	0	0	0	0	0	0	0	0	0	0	0	0	0	0	0	0	0	0	0	0	0	0	
Eriophorum_angustifolium_subsp_angustifolium	0	0	0	0	0	0	0	0	0	0	0	0	0	0	0	0	0	0	0	0	0	0	0	0	0	0	0	0	1	0	0	0	0	0	0	0	0	0	0	0	0	0	0	0	0	0	0	0	0	0	0	0	0	0	0	0	0	0	0	0	0	0	0	0	0	0	0	0	0	0	0	
Scirpus_radicans	0	0	0	0	0	0	0	0	0	0	0	0	0	0	0	0	0	0	0	0	0	0	0	0	0	0	0	1	0	0	0	0	0	0	0	0	0	0	0	0	0	0	0	0	0	0	0	0	0	0	0	0	0	0	0	0	0	0	0	0	0	0	0	0	0	0	0	0	0	0	0	
Scirpus_divaricatus	0	0	0	0	0	0	0	0	0	0	0	0	0	1	0	0	0	0	0	0	0	0	0	0	0	0	0	0	0	0	0	0	0	0	0	0	0	0	0	0	0	0	0	0	0	0	0	0	0	0	0	0	0	0	0	0	0	0	0	0	0	0	0	0	0	0	0	0	0	0	0	
N29	0.00350421	0.00437979	0.00606508	0.00893103	0.01335	0.0197679	0.0283148	0.0389738	0.0510119	0.06358	0.0750378	0.0842203	0.0894763	0.0904685	0.086574	0.0789072	0.0679912	0.0558366	0.0432541	0.0319814	0.0222341	0.0148103	0.00923516	0.00556516	0.00311684	0.0017165	0.000866856	0.000445136	0.00020398	0.000101017	4.23672e-05	2.12325e-05	8.21756e-06	4.35752e-06	1.56768e-06	8.94492e-07	2.99559e-07	1.79138e-07	5.60103e-08	3.3841e-08	9.84355e-09	5.78016e-09	1.56996e-09	8.82482e-10	2.22289e-10	1.17198e-10	2.75556e-11	1.36975e-11	2.97349e-12	1.36942e-12	2.77986e-13	1.20985e-13	2.25576e-14	9.03511e-15	1.58576e-15	6.08637e-16	9.73196e-17	3.40647e-17	5.201e-18	1.79562e-18	2.45972e-19	7.61079e-20	1.02318e-20	3.29204e-21	3.86985e-22	1.0864e-22	1.34722e-23	4.5367e-24	7.02199e-25	3.72601e-25	2.92499e-25	
N30	0.00334518	0.00427812	0.0060936	0.00914156	0.013745	0.0202521	0.0287048	0.0389789	0.0503685	0.0620441	0.0726494	0.0811503	0.0862919	0.0876434	0.0847541	0.0782424	0.0686429	0.0573952	0.0454878	0.0343216	0.0244923	0.0166492	0.010688	0.00655538	0.00379308	0.0021108	0.00110716	0.000565523	0.000271872	0.000130034	5.83162e-05	2.68646e-05	1.14818e-05	5.23315e-06	2.1642e-06	9.85332e-07	3.93968e-07	1.76897e-07	6.75617e-08	2.93147e-08	1.05524e-08	4.35097e-09	1.46472e-09	5.69166e-10	1.78378e-10	6.50183e-11	1.89638e-11	6.48514e-12	1.75884e-12	5.63778e-13	1.42537e-13	4.29743e-14	1.01252e-14	2.86948e-15	6.33025e-16	1.69718e-16	3.50268e-17	8.86842e-18	1.72604e-18	4.17262e-19	7.64061e-20	1.75595e-20	3.07198e-21	6.86677e-22	1.16257e-22	2.59246e-23	4.82567e-24	1.25841e-24	3.23911e-25	1.18609e-25	6.75313e-26	
N31	4.71695e-09	1.80665e-08	9.29397e-08	4.56989e-07	1.98748e-06	7.63322e-06	2.61996e-05	8.09338e-05	0.000219516	0.00052111	0.00109194	0.00210703	0.0039119	0.00730858	0.0136702	0.0249765	0.0426733	0.0669925	0.0944175	0.119602	0.134099	0.134261	0.118261	0.0929755	0.0641276	0.03962	0.0214569	0.0104842	0.00449117	0.00175386	0.000600719	0.00018992	5.26256e-05	1.36317e-05	3.08752e-06	6.61076e-07	1.23231e-07	2.191e-08	3.37636e-09	4.99904e-10	6.38794e-11	7.89424e-12	8.39937e-13	8.70018e-14	7.74285e-15	6.75369e-16	5.05885e-17	3.74049e-18	2.37186e-19	1.49533e-20	8.08462e-22	4.37892e-23	2.03043e-24	9.50257e-26	3.80794e-27	1.55246e-28	5.40845e-30	1.93194e-31	5.90874e-33	1.86984e-34	5.07534e-36	1.44099e-37	3.56241e-39	9.36021e-41	2.20156e-42	5.5891e-44	1.32857e-45	3.37933e-47	8.22125e-49	2.06243e-50	6.38018e-52	
N32	5.90969e-10	2.26602e-09	1.23705e-08	6.80606e-08	3.40932e-07	1.52585e-06	6.11674e-06	2.16569e-05	6.63192e-05	0.000175964	0.000416388	0.000929461	0.00206482	0.00462386	0.0101019	0.0206706	0.0384715	0.0641066	0.094725	0.123489	0.141443	0.142077	0.124872	0.0960136	0.0644928	0.0378924	0.0194512	0.00875184	0.00344555	0.00119551	0.000364143	9.90777e-05	2.38349e-05	5.30947e-06	1.06332e-06	2.14882e-07	3.97336e-08	8.27763e-09	1.50669e-09	3.17514e-10	5.35376e-11	1.02483e-11	1.50315e-12	2.47899e-13	3.09956e-14	4.35683e-15	4.63746e-16	5.57025e-17	5.06497e-18	5.22749e-19	4.07969e-20	3.64089e-21	2.44992e-22	1.90206e-23	1.10884e-24	7.53754e-26	3.82302e-27	2.28856e-28	1.01488e-29	5.38739e-31	2.09712e-32	9.92896e-34	3.41658e-35	1.45983e-36	4.5056e-38	1.79294e-39	5.51931e-41	2.44326e-42	1.06583e-43	6.57746e-45	5.65426e-46	
N33	2.91358e-11	1.23531e-10	8.25485e-10	5.60906e-09	3.42849e-08	1.84663e-07	8.78119e-07	3.66776e-06	1.32743e-05	4.16513e-05	0.000115977	0.000300476	0.000762241	0.00193727	0.00483281	0.0113654	0.0243064	0.0462154	0.0770639	0.111889	0.140711	0.152908	0.143163	0.115449	0.0799965	0.0477177	0.0244285	0.0108003	0.00409874	0.00136023	0.000388299	0.000101114	2.27894e-05	5.30845e-06	1.06279e-06	2.67857e-07	5.17643e-08	1.36272e-08	2.35969e-09	5.54431e-10	8.06311e-11	1.58789e-11	1.91158e-12	3.12734e-13	3.12226e-14	4.26089e-15	3.54755e-16	4.06698e-17	2.83972e-18	2.75397e-19	1.62253e-20	1.34143e-21	6.70234e-23	4.75449e-24	2.0271e-25	1.24422e-26	4.54473e-28	2.42673e-29	7.65276e-31	3.59768e-32	9.81532e-34	4.07577e-35	9.76859e-37	3.68331e-38	7.75645e-40	2.66935e-41	5.50524e-43	2.16605e-44	7.46931e-46	4.73972e-47	4.01759e-48	
N34	3.8256e-10	1.06981e-09	4.5777e-09	2.14545e-08	9.70857e-08	4.09262e-07	1.59227e-06	5.71662e-06	1.88944e-05	5.73334e-05	0.000159493	0.000408266	0.000970335	0.00217391	0.00466081	0.00961618	0.0188876	0.0345806	0.057744	0.0865577	0.115284	0.135689	0.140657	0.128277	0.102802	0.0724541	0.0448819	0.0245017	0.0117782	0.00501981	0.00189291	0.000643885	0.000196495	5.70144e-05	1.5396e-05	4.43582e-06	1.21713e-06	3.83295e-07	1.06053e-07	3.25623e-08	8.16214e-09	2.20854e-09	4.77952e-10	1.10914e-10	2.05377e-11	4.08316e-12	6.47923e-13	1.109e-13	1.51362e-14	2.24384e-15	2.64501e-16	3.41769e-17	3.49364e-18	3.95973e-19	3.52494e-20	3.52809e-21	2.74591e-22	2.44298e-23	1.67009e-24	1.33113e-25	8.03005e-27	5.78093e-28	3.10936e-29	2.06216e-30	1.02638e-31	6.7352e-33	3.78641e-34	3.10147e-35	2.60166e-36	2.68721e-37	3.99777e-38	
Carex_eburnea	0	0	0	0	0	0	0	0	0	0	0	0	0	0	0	0	0	0	0	0	0	0	0	0	0	0	1	0	0	0	0	0	0	0	0	0	0	0	0	0	0	0	0	0	0	0	0	0	0	0	0	0	0	0	0	0	0	0	0	0	0	0	0	0	0	0	0	0	0	0	0	
Carex_cruciata	0	0	0	0	0	0	0	0	0	0	0	0	0	0	0	0	0	0	0	0	1	0	0	0	0	0	0	0	0	0	0	0	0	0	0	0	0	0	0	0	0	0	0	0	0	0	0	0	0	0	0	0	0	0	0	0	0	0	0	0	0	0	0	0	0	0	0	0	0	0	0	
N35	1.10294e-15	1.64739e-14	3.46688e-13	6.24548e-12	8.86712e-11	1.00808e-09	9.42579e-09	7.2266e-08	4.41814e-07	2.15972e-06	8.80492e-06	3.11195e-05	9.74469e-05	0.000285133	0.000843405	0.00255878	0.00742279	0.0191347	0.0421084	0.0778788	0.12054	0.156371	0.170152	0.154965	0.117099	0.0726735	0.0365791	0.0148463	0.0048223	0.00126173	0.000264777	4.58502e-05	6.49301e-06	8.17126e-07	8.76434e-08	9.58559e-09	8.94646e-10	9.11921e-11	7.22517e-12	6.11645e-13	3.7953e-14	2.4868e-15	1.18234e-16	5.95418e-18	2.1836e-19	8.55141e-21	2.45038e-22	7.57466e-24	1.71807e-25	4.25325e-27	7.73002e-29	1.55377e-30	2.28767e-32	3.78104e-34	4.55692e-36	6.27011e-38	6.24264e-40	7.23153e-42	6.00534e-44	5.93084e-46	4.14292e-48	3.52784e-50	2.10185e-52	1.5776e-54	8.26114e-57	5.79346e-59	3.21062e-61	2.70402e-63	2.28196e-65	2.41268e-67	2.84152e-69	
N36	3.6479e-17	7.94495e-16	2.38972e-14	5.91701e-13	1.14196e-11	1.73154e-10	1.98368e-09	1.69511e-08	1.13138e-07	6.58648e-07	3.61273e-06	1.81312e-05	8.05849e-05	0.00031943	0.00114149	0.00365684	0.0103093	0.0250134	0.051226	0.0875582	0.125168	0.15209	0.160024	0.145896	0.112455	0.0707466	0.0352868	0.0137188	0.00412652	0.000960177	0.000173292	2.4506e-05	2.73066e-06	2.50883e-07	1.89392e-08	1.56587e-09	1.13393e-10	1.53442e-11	1.17159e-12	1.65743e-13	1.00583e-14	1.10161e-15	5.06651e-17	4.19301e-18	1.472e-19	9.3119e-21	2.52508e-22	1.23859e-23	2.62419e-25	1.01194e-26	1.69308e-28	5.20003e-30	6.93759e-32	1.71807e-33	1.84438e-35	3.72682e-37	3.24586e-39	5.41188e-41	3.8546e-43	5.36413e-45	3.1474e-47	3.69491e-49	1.80097e-51	1.80736e-53	7.37438e-56	6.39931e-58	2.25357e-60	1.85927e-62	1.01052e-64	1.79062e-66	4.17917e-68	
N37	1.17617e-17	3.05565e-16	1.0978e-14	3.17593e-13	7.03452e-12	1.20907e-10	1.54047e-09	1.40914e-08	9.74371e-08	6.00395e-07	3.73971e-06	2.23844e-05	0.000119594	0.000557982	0.00225718	0.00776285	0.0219542	0.0493207	0.0860933	0.117224	0.130638	0.131644	0.1302	0.121693	0.0967101	0.0606475	0.0290531	0.0105214	0.00287614	0.000594917	9.34885e-05	1.12344e-05	1.0385e-06	7.54157e-08	4.34237e-09	2.38973e-10	1.22092e-11	1.27023e-12	8.36846e-14	1.08625e-14	5.77073e-16	5.70031e-17	2.24975e-18	1.63527e-19	4.8161e-21	2.60079e-22	5.77215e-24	2.34669e-25	3.96516e-27	1.23037e-28	1.59885e-30	3.83847e-32	3.87366e-34	7.29224e-36	5.76803e-38	8.62726e-40	5.39507e-42	6.4948e-44	3.23711e-46	3.17711e-48	1.27156e-50	1.03041e-52	3.33579e-55	2.26159e-57	5.96318e-60	3.4279e-62	7.52303e-65	3.96605e-67	1.3187e-69	1.5735e-71	2.40598e-73	
N38	6.11068e-15	6.96473e-14	1.13702e-12	1.73463e-11	2.28511e-10	2.57846e-09	2.50877e-08	2.1056e-07	1.50337e-06	8.9549e-06	4.39911e-05	0.000179158	0.000620301	0.00190195	0.00535836	0.0139082	0.0320652	0.0627656	0.101713	0.136752	0.156018	0.154701	0.133614	0.0980694	0.0590876	0.028421	0.010735	0.00316076	0.000724325	0.000129461	1.81215e-05	1.99897e-06	1.74869e-07	1.2296e-08	7.00235e-10	3.51874e-11	1.57785e-12	1.15748e-13	7.32489e-15	1.01807e-15	6.47205e-17	8.33746e-18	4.47818e-19	4.93533e-20	2.26945e-21	2.14408e-22	8.45462e-24	6.741e-25	2.24351e-26	1.48109e-27	4.09409e-29	2.21592e-30	5.04337e-32	2.23637e-33	4.18021e-35	1.52575e-36	2.3443e-38	7.09635e-40	8.98482e-42	2.27646e-43	2.38225e-45	5.10403e-47	4.42919e-49	8.11656e-51	5.85932e-53	9.29455e-55	5.63113e-57	8.02596e-59	5.40807e-61	1.34514e-62	5.51434e-64	
Carex_richardsonii	0	0	0	0	0	0	0	0	0	0	0	0	0	0	0	0	0	0	0	0	0	0	0	0	0	1	0	0	0	0	0	0	0	0	0	0	0	0	0	0	0	0	0	0	0	0	0	0	0	0	0	0	0	0	0	0	0	0	0	0	0	0	0	0	0	0	0	0	0	0	0	
N39	4.95408e-12	3.82413e-11	4.15204e-10	4.29218e-09	3.86323e-08	2.96541e-07	1.93864e-06	1.07111e-05	4.92586e-05	0.00018724	0.000597451	0.00167482	0.00437559	0.0109315	0.0253579	0.0519878	0.0909417	0.133517	0.163684	0.167476	0.142958	0.101536	0.0596835	0.0288341	0.0113719	0.0036421	0.000944329	0.000198064	3.36451e-05	4.64236e-06	5.22436e-07	4.82093e-08	3.6682e-09	2.32185e-10	1.23069e-11	5.67614e-13	2.32498e-14	1.18237e-15	6.52926e-17	7.31589e-18	5.22598e-19	6.23617e-20	3.94285e-21	4.01253e-22	2.17142e-23	1.86435e-24	8.62706e-26	6.24792e-27	2.46738e-28	1.50795e-29	5.06917e-31	2.61968e-32	7.48184e-34	3.2826e-35	7.9587e-37	2.98171e-38	6.13856e-40	1.97806e-41	3.46168e-43	9.67448e-45	1.44154e-46	3.5262e-48	4.48276e-50	9.69257e-52	1.05387e-53	2.0367e-55	1.92205e-57	3.51676e-59	4.14955e-61	1.34716e-62	6.7072e-64	
Carex_capillaris	0	0	0	0	0	0	0	0	1	0	0	0	0	0	0	0	0	0	0	0	0	0	0	0	0	0	0	0	0	0	0	0	0	0	0	0	0	0	0	0	0	0	0	0	0	0	0	0	0	0	0	0	0	0	0	0	0	0	0	0	0	0	0	0	0	0	0	0	0	0	0	
Carex_baccans	0	0	0	0	0	0	0	0	0	0	0	0	0	0	0	0	0	0	0	0	0	0	1	0	0	0	0	0	0	0	0	0	0	0	0	0	0	0	0	0	0	0	0	0	0	0	0	0	0	0	0	0	0	0	0	0	0	0	0	0	0	0	0	0	0	0	0	0	0	0	0	
N40	3.16878e-16	3.88694e-15	6.97021e-14	1.14043e-12	1.59244e-11	1.91527e-10	1.89056e-09	1.43559e-08	8.46774e-08	4.88766e-07	3.37404e-06	2.48747e-05	0.000170031	0.000994486	0.00468339	0.0168409	0.0443223	0.0831211	0.110318	0.105752	0.0792765	0.0590039	0.0611086	0.0798717	0.0968848	0.0962327	0.0760701	0.0476797	0.0237149	0.00946815	0.00305243	0.000900784	0.000252672	0.000131417	5.48711e-05	3.96291e-05	1.4222e-05	7.88626e-06	2.12727e-06	8.67668e-07	1.75139e-07	5.29439e-08	8.03226e-09	1.82131e-09	2.09063e-10	3.60571e-11	3.15631e-12	4.2041e-13	2.83035e-14	2.95874e-15	1.54528e-16	1.28918e-17	5.26769e-19	3.56758e-20	1.14997e-21	6.43401e-23	1.64893e-24	7.75321e-26	1.59447e-27	6.43573e-29	1.07194e-30	3.79431e-32	5.34182e-34	1.83782e-35	2.35538e-37	8.82598e-39	2.09884e-40	1.62501e-41	1.10176e-42	9.4813e-44	9.33102e-45	
Carex_granularis	0	0	0	0	0	0	0	0	0	0	0	0	0	0	0	0	0	0	0	0	1	0	0	0	0	0	0	0	0	0	0	0	0	0	0	0	0	0	0	0	0	0	0	0	0	0	0	0	0	0	0	0	0	0	0	0	0	0	0	0	0	0	0	0	0	0	0	0	0	0	0	
N41	1.17025e-16	1.21898e-15	2.02039e-14	3.10482e-13	4.10458e-12	4.70442e-11	4.43476e-10	3.19071e-09	1.80401e-08	9.44894e-08	5.55417e-07	3.83807e-06	2.59806e-05	0.00014686	0.000633837	0.00195427	0.00407237	0.00554721	0.00497648	0.0032176	0.00198293	0.00167667	0.00175305	0.00181076	0.00214998	0.00418984	0.0109046	0.0262634	0.0517707	0.0821243	0.103893	0.111309	0.101044	0.100717	0.0897652	0.0977004	0.0736366	0.0601109	0.0310766	0.0168985	0.00585131	0.00213501	0.0005043	0.000126972	2.09911e-05	3.76214e-06	4.4685e-07	5.87653e-08	5.13836e-09	5.10045e-10	3.35581e-11	2.58037e-12	1.30234e-13	7.94279e-15	3.12848e-16	1.54715e-17	4.82772e-19	1.97521e-20	4.95815e-22	1.71604e-23	3.5175e-25	1.05295e-26	1.82268e-28	4.99964e-30	7.98906e-32	2.33217e-33	5.72323e-35	2.57932e-36	1.10854e-37	5.22135e-39	2.87376e-40	
Carex_pseudocyperus	0	0	0	0	0	0	0	0	0	0	0	0	0	0	0	0	0	0	0	0	0	0	0	0	0	0	0	0	0	0	0	0	1	0	0	0	0	0	0	0	0	0	0	0	0	0	0	0	0	0	0	0	0	0	0	0	0	0	0	0	0	0	0	0	0	0	0	0	0	0	0	
Carex_oligosperma	0	0	0	0	0	0	0	0	0	0	0	0	0	0	0	0	0	0	0	0	0	0	0	0	0	0	0	0	0	0	0	0	0	0	0	0	0	1	0	0	0	0	0	0	0	0	0	0	0	0	0	0	0	0	0	0	0	0	0	0	0	0	0	0	0	0	0	0	0	0	0	
N42	1.31671e-13	7.77899e-13	7.3572e-12	7.01628e-11	6.07255e-10	4.65705e-09	3.13175e-08	1.84813e-07	9.75033e-07	4.67892e-06	2.05305e-05	8.28808e-05	0.00030601	0.000997894	0.00273494	0.00607097	0.0108362	0.0161418	0.0221884	0.0322858	0.0517784	0.0830984	0.12041	0.149666	0.15649	0.136764	0.0995871	0.0604545	0.030545	0.0129521	0.00460343	0.00143211	0.00039002	0.000111348	3.046e-05	1.06674e-05	3.07051e-06	1.04225e-06	2.53547e-07	6.95472e-08	1.34565e-08	2.92395e-09	4.50748e-10	7.84703e-11	9.7417e-12	1.37804e-12	1.39276e-13	1.62153e-14	1.3466e-15	1.30462e-16	8.96793e-18	7.30087e-19	4.17784e-20	2.88452e-21	1.38098e-22	8.16674e-24	3.28588e-25	1.68167e-26	5.71987e-28	2.56785e-29	7.42978e-31	2.968e-32	7.43732e-34	2.74204e-35	6.28075e-37	2.3798e-38	7.31136e-40	4.17516e-41	2.39805e-42	1.61879e-43	1.37929e-44	
Carex_pallescens	0	0	0	0	0	0	0	0	0	0	0	0	0	0	0	0	0	0	0	0	0	0	0	0	0	0	0	0	0	0	0	1	0	0	0	0	0	0	0	0	0	0	0	0	0	0	0	0	0	0	0	0	0	0	0	0	0	0	0	0	0	0	0	0	0	0	0	0	0	0	0	
Carex_albursina	0	0	0	0	0	0	0	0	0	0	0	0	0	0	0	0	0	0	0	0	0	1	0	0	0	0	0	0	0	0	0	0	0	0	0	0	0	0	0	0	0	0	0	0	0	0	0	0	0	0	0	0	0	0	0	0	0	0	0	0	0	0	0	0	0	0	0	0	0	0	0	
N43	3.58884e-15	2.88302e-14	3.72818e-13	4.67732e-12	5.1198e-11	4.75559e-10	3.85648e-09	2.82369e-08	1.83489e-07	1.0058e-06	4.44237e-06	1.57113e-05	4.63745e-05	0.000122389	0.000307736	0.0007735	0.0020066	0.00533435	0.0137581	0.0321695	0.0648789	0.109759	0.153579	0.176558	0.166136	0.12778	0.0802045	0.0411504	0.0172398	0.00595467	0.00169294	0.000415133	8.72997e-05	1.92038e-05	3.92698e-06	1.06014e-06	2.2314e-07	5.80022e-08	1.01189e-08	2.09189e-09	2.85122e-10	4.58565e-11	4.88925e-12	6.1753e-13	5.19808e-14	5.21972e-15	3.50147e-16	2.82868e-17	1.52498e-18	1.00206e-19	4.37406e-21	2.36246e-22	8.40331e-24	3.76838e-25	1.09888e-26	4.13515e-28	9.93816e-30	3.17127e-31	6.32337e-33	1.73457e-34	2.88704e-36	6.89768e-38	9.74685e-40	2.09896e-41	2.60489e-43	5.43613e-45	8.1287e-47	2.49349e-48	7.77339e-50	3.10064e-51	1.46772e-52	
Carex_pendula	0	0	0	0	0	0	0	0	0	0	0	0	0	0	0	0	0	0	0	0	0	0	0	0	0	0	0	0	1	0	0	0	0	0	0	0	0	0	0	0	0	0	0	0	0	0	0	0	0	0	0	0	0	0	0	0	0	0	0	0	0	0	0	0	0	0	0	0	0	0	0	
N44	1.5134e-14	1.03052e-13	1.08021e-12	1.1232e-11	1.04758e-10	8.55481e-10	6.09209e-09	3.79415e-08	2.0654e-07	9.78289e-07	4.0259e-06	1.43925e-05	4.46436e-05	0.000121427	0.000302282	0.000743867	0.00193108	0.00523077	0.0137184	0.0323267	0.0653009	0.110333	0.154027	0.176587	0.165757	0.127234	0.0798476	0.0410079	0.0172645	0.00597984	0.0017119	0.000409398	8.28159e-05	1.47151e-05	2.35909e-06	3.84411e-07	5.99835e-08	1.15177e-08	1.78236e-09	4.03465e-10	5.59474e-11	1.34506e-11	1.6076e-12	3.58685e-13	3.60644e-14	6.87822e-15	5.75915e-16	9.16856e-17	6.395e-18	8.49666e-19	4.95727e-20	5.53059e-21	2.71232e-22	2.55959e-23	1.06035e-24	8.52858e-26	2.99829e-27	2.07104e-28	6.20934e-30	3.71436e-31	9.54609e-33	4.98898e-34	1.10773e-35	5.12285e-37	9.93256e-39	4.12519e-40	7.21398e-42	2.87795e-43	6.52284e-45	4.4749e-46	4.78989e-47	
Carex_hostiana	0	0	0	0	0	0	0	0	0	0	0	0	0	0	0	0	0	0	0	0	0	0	0	0	0	0	0	1	0	0	0	0	0	0	0	0	0	0	0	0	0	0	0	0	0	0	0	0	0	0	0	0	0	0	0	0	0	0	0	0	0	0	0	0	0	0	0	0	0	0	0	
Carex_echinochloe	0	0	0	0	0	0	0	0	0	0	0	0	0	0	0	0	0	0	0	0	1	0	0	0	0	0	0	0	0	0	0	0	0	0	0	0	0	0	0	0	0	0	0	0	0	0	0	0	0	0	0	0	0	0	0	0	0	0	0	0	0	0	0	0	0	0	0	0	0	0	0	
Carex_dissitiflora	0	0	0	0	0	0	0	0	0	0	0	0	0	0	0	0	0	0	1	0	0	0	0	0	0	0	0	0	0	0	0	0	0	0	0	0	0	0	0	0	0	0	0	0	0	0	0	0	0	0	0	0	0	0	0	0	0	0	0	0	0	0	0	0	0	0	0	0	0	0	0	
N45	7.28899e-10	2.5369e-09	1.34687e-08	7.33626e-08	3.62165e-07	1.57917e-06	6.09056e-06	2.09293e-05	6.39057e-05	0.000173213	0.000419373	0.000925874	0.00191954	0.0038559	0.00761963	0.0147212	0.0271519	0.0466109	0.0728427	0.102214	0.12738	0.140312	0.135797	0.115521	0.0859547	0.056267	0.0321646	0.0163297	0.00723252	0.00293196	0.00103271	0.000363613	0.000108909	3.94121e-05	1.10423e-05	4.48575e-06	1.17837e-06	4.75058e-07	1.10177e-07	3.954e-08	7.86978e-09	2.43254e-09	4.13624e-10	1.09677e-10	1.59342e-11	3.62639e-12	4.50703e-13	8.82392e-14	9.37753e-15	1.58022e-15	1.43855e-16	2.09488e-17	1.63323e-18	2.05697e-19	1.38043e-20	1.5173e-21	8.75716e-23	8.39173e-24	4.21635e-25	3.60062e-26	1.56392e-27	1.1773e-28	4.56828e-30	3.22682e-31	1.0869e-32	6.89006e-34	2.31564e-35	1.72222e-36	9.17289e-38	1.09158e-38	1.84232e-39	
N46	1.58752e-11	6.51799e-11	4.23397e-10	2.8146e-09	1.69527e-08	9.04869e-08	4.2721e-07	1.78776e-06	6.63847e-06	2.19813e-05	6.57185e-05	0.000182142	0.000477348	0.00117612	0.00266382	0.00549173	0.0104378	0.0187758	0.0324425	0.0533408	0.0811915	0.111437	0.135237	0.143718	0.132858	0.106849	0.0745944	0.0455133	0.0242433	0.0114843	0.00482619	0.00188728	0.000677543	0.000250124	8.83508e-05	3.62714e-05	1.37475e-05	6.17864e-06	2.30717e-06	9.80979e-07	3.24846e-07	1.19462e-07	3.34267e-08	1.03055e-08	2.39858e-09	6.15501e-10	1.18827e-10	2.5422e-11	4.07817e-12	7.30845e-13	9.78082e-14	1.47775e-14	1.65717e-15	2.12495e-16	2.00777e-17	2.20259e-18	1.76228e-19	1.66615e-20	1.13702e-21	9.36469e-23	5.4848e-24	3.97092e-25	2.02647e-26	1.32184e-27	6.07238e-29	3.7906e-30	1.90798e-31	1.4525e-32	1.09831e-33	1.04588e-34	1.37848e-35	
N47	1.03438e-14	7.7873e-14	9.35076e-13	1.08779e-11	1.07816e-10	9.06069e-10	6.82294e-09	4.4556e-08	2.33034e-07	9.29006e-07	2.87029e-06	7.83316e-06	2.31679e-05	8.16786e-05	0.000316652	0.00120216	0.00415389	0.0125481	0.032235	0.0688722	0.120045	0.168212	0.187641	0.166113	0.117076	0.0664974	0.0312355	0.0128888	0.00529958	0.00254265	0.00143215	0.000823294	0.000431943	0.000199038	7.94374e-05	2.7814e-05	8.51356e-06	2.36208e-06	5.83092e-07	1.37698e-07	2.90764e-08	6.22995e-09	1.15856e-09	2.26877e-10	3.65568e-11	6.2763e-12	8.48455e-13	1.22268e-13	1.3555e-14	1.60044e-15	1.44123e-16	1.38373e-17	1.01127e-18	7.90809e-20	4.70789e-21	3.01658e-22	1.47133e-23	7.78481e-25	3.13226e-26	1.38049e-27	4.61587e-29	1.71038e-30	4.79555e-32	1.51237e-33	3.61741e-35	9.98725e-37	2.17595e-38	5.81827e-40	1.41726e-41	4.49919e-43	1.8891e-44	
N48	1.86077e-17	1.47693e-16	1.88363e-15	2.31447e-14	2.4354e-13	2.13403e-12	1.76487e-11	1.43008e-10	9.8638e-10	5.01621e-09	1.55451e-08	2.57142e-08	3.06601e-08	5.05917e-08	1.63205e-07	9.27291e-07	5.91547e-06	3.34099e-05	0.00015536	0.000566853	0.00152411	0.0028078	0.00333841	0.00251175	0.00123018	0.000418433	0.00010627	2.15156e-05	3.82926e-06	8.90187e-07	4.77304e-07	3.91962e-07	4.51056e-07	1.3406e-06	6.36682e-06	2.97174e-05	0.00012166	0.00047193	0.00160585	0.00539928	0.0149011	0.0388166	0.0762311	0.134402	0.171574	0.192193	0.154116	0.108066	0.05442	0.0242084	0.00782601	0.00227874	0.0004896	9.70512e-05	1.44018e-05	2.02246e-06	2.14973e-07	2.21816e-08	1.74459e-09	1.36639e-10	8.18103e-12	5.00848e-13	2.34877e-14	1.16272e-15	4.47408e-17	1.9177e-18	6.93159e-20	3.02845e-21	1.27566e-22	6.18654e-24	3.93002e-25	
Uncinia_uncinata	0	0	0	0	0	0	0	0	0	0	0	0	0	0	0	0	0	0	0	0	0	0	0	0	0	0	0	0	0	0	0	0	0	0	0	0	0	0	0	0	0	0	0	1	0	0	0	0	0	0	0	0	0	0	0	0	0	0	0	0	0	0	0	0	0	0	0	0	0	0	0	
Uncinia_phleoides	0	0	0	0	0	0	0	0	0	0	0	0	0	0	0	0	0	0	0	0	0	0	0	0	0	0	0	0	0	0	0	0	0	0	0	0	0	0	0	0	0	0	0	0	0	0	0	1	0	0	0	0	0	0	0	0	0	0	0	0	0	0	0	0	0	0	0	0	0	0	0	
N49	7.74681e-15	5.25102e-14	5.68512e-13	6.09484e-12	5.77373e-11	4.70705e-10	3.29921e-09	1.97431e-08	9.98242e-08	4.31151e-07	1.6698e-06	6.23915e-06	2.38037e-05	9.36343e-05	0.000368047	0.00137719	0.00467523	0.013838	0.0346632	0.0719449	0.12193	0.167116	0.184204	0.163004	0.116075	0.0670649	0.0320353	0.0131775	0.00504101	0.00197995	0.000829841	0.000349555	0.00013597	4.65621e-05	1.37683e-05	3.51579e-06	7.7824e-07	1.5126e-07	2.60457e-08	4.04415e-09	5.69638e-10	7.39002e-11	8.77659e-12	9.61833e-13	9.55567e-14	8.65845e-15	7.00604e-16	5.11339e-17	3.2989e-18	1.91017e-19	9.7313e-21	4.45243e-22	1.78927e-23	6.49324e-25	2.06644e-26	6.0115e-28	1.52641e-29	3.65088e-31	7.51592e-33	1.60629e-34	2.83952e-36	7.03802e-38	1.24492e-39	4.54481e-41	8.38121e-43	3.5315e-44	6.8066e-46	3.32521e-47	1.34855e-48	8.95663e-50	6.40953e-51	
N50	5.20209e-14	2.85839e-13	2.35616e-12	1.9658e-11	1.50201e-10	1.02738e-09	6.31329e-09	3.53247e-08	1.822e-07	8.72702e-07	3.88859e-06	1.61044e-05	6.21881e-05	0.000226297	0.000782389	0.00254378	0.0075452	0.0197008	0.0440056	0.0825278	0.128488	0.165004	0.174215	0.151127	0.107911	0.0637575	0.0314927	0.0132511	0.00489899	0.00166214	0.000539169	0.000169806	5.07369e-05	1.39275e-05	3.39233e-06	7.31652e-07	1.36533e-07	2.3196e-08	3.38753e-09	5.13989e-10	6.46545e-11	1.13032e-11	1.36414e-12	2.85558e-13	3.16361e-14	6.39004e-15	6.06987e-16	1.05973e-16	8.4689e-18	1.25144e-18	8.41986e-20	1.05791e-20	6.03679e-22	6.53273e-23	3.20366e-24	3.04488e-25	1.31213e-26	1.12574e-27	4.40814e-29	3.52148e-30	1.29773e-31	9.8276e-33	3.45756e-34	2.46412e-35	8.1572e-37	5.35965e-38	1.65089e-39	1.01847e-40	3.5612e-42	2.81374e-43	2.97814e-44	
Carex_pauciflora	0	0	0	0	0	0	0	0	0	0	0	0	0	0	0	0	0	0	1	0	0	0	0	0	0	0	0	0	0	0	0	0	0	0	0	0	0	0	0	0	0	0	0	0	0	0	0	0	0	0	0	0	0	0	0	0	0	0	0	0	0	0	0	0	0	0	0	0	0	0	0	
Carex_leptalea_subsp_leptalea	0	0	0	0	0	0	0	0	0	0	0	0	0	0	0	0	0	0	0	0	0	0	0	0	0	1	0	0	0	0	0	0	0	0	0	0	0	0	0	0	0	0	0	0	0	0	0	0	0	0	0	0	0	0	0	0	0	0	0	0	0	0	0	0	0	0	0	0	0	0	0	
Carex_capitata	0	0	0	0	0	0	0	0	0	0	0	0	0	0	0	0	0	0	0	0	0	0	0	0	1	0	0	0	0	0	0	0	0	0	0	0	0	0	0	0	0	0	0	0	0	0	0	0	0	0	0	0	0	0	0	0	0	0	0	0	0	0	0	0	0	0	0	0	0	0	0	
N51	3.54092e-11	1.05301e-10	4.90298e-10	2.49893e-09	1.22261e-08	5.53108e-08	2.28642e-07	8.66882e-07	3.04416e-06	9.96515e-06	3.01362e-05	8.2552e-05	0.000201051	0.000432761	0.000831811	0.00146334	0.00241714	0.00380277	0.00574381	0.00852658	0.0129629	0.0206973	0.0338498	0.0537732	0.0792094	0.105451	0.125093	0.131793	0.12276	0.101697	0.0746203	0.0494985	0.0294461	0.0166693	0.00873813	0.0048252	0.00249818	0.0014423	0.000725722	0.000395616	0.000176156	8.29583e-05	3.12695e-05	1.23917e-05	3.91692e-06	1.3039e-06	3.46097e-07	9.72441e-08	2.17618e-08	5.19395e-09	9.84739e-10	2.01061e-10	3.24572e-11	5.71001e-12	7.89052e-13	1.20531e-13	1.43315e-14	1.91525e-15	1.97134e-16	2.32561e-17	2.08483e-18	2.1918e-19	1.73354e-20	1.66128e-21	1.20986e-22	1.14096e-23	9.33965e-25	1.07587e-25	1.25504e-26	1.78385e-27	3.76135e-28	
Kobresia_myosuroides	0	0	0	0	0	0	0	0	0	0	0	0	0	0	0	0	0	0	0	0	0	0	0	0	0	0	0	0	1	0	0	0	0	0	0	0	0	0	0	0	0	0	0	0	0	0	0	0	0	0	0	0	0	0	0	0	0	0	0	0	0	0	0	0	0	0	0	0	0	0	0	
Kobresia_simpliciuscula	0	0	0	0	0	0	0	0	0	0	0	0	0	0	0	0	0	0	0	0	0	0	0	0	0	0	0	0	0	0	0	0	0	0	1	0	0	0	0	0	0	0	0	0	0	0	0	0	0	0	0	0	0	0	0	0	0	0	0	0	0	0	0	0	0	0	0	0	0	0	0	
N52	3.49077e-10	1.32096e-09	7.29276e-09	4.13907e-08	2.17038e-07	1.00697e-06	4.15303e-06	1.6085e-05	5.91401e-05	0.000196883	0.000566278	0.00136555	0.00271273	0.00446288	0.00637052	0.00881075	0.0134083	0.0228153	0.0395384	0.0642673	0.0940843	0.122068	0.139211	0.139089	0.121338	0.0924089	0.0613043	0.0355075	0.017918	0.00792635	0.00306423	0.00105056	0.000317439	8.75767e-05	2.17081e-05	5.2213e-06	1.15594e-06	2.66431e-07	5.56606e-08	1.22908e-08	2.33109e-09	4.58644e-10	7.48978e-11	1.25563e-11	1.7291e-12	2.44295e-13	2.83148e-14	3.38041e-15	3.31182e-16	3.36293e-17	2.80159e-18	2.43809e-19	1.73767e-20	1.30583e-21	8.01148e-23	5.23933e-24	2.78306e-25	1.59566e-26	7.38424e-28	3.74256e-29	1.51842e-30	6.86436e-32	2.47123e-33	1.01661e-34	3.37185e-36	1.34461e-37	4.74888e-39	2.15904e-40	9.83667e-42	5.31298e-43	3.90915e-44	
Carex_gibba	0	0	0	0	0	0	0	0	0	0	0	0	0	0	0	0	1	0	0	0	0	0	0	0	0	0	0	0	0	0	0	0	0	0	0	0	0	0	0	0	0	0	0	0	0	0	0	0	0	0	0	0	0	0	0	0	0	0	0	0	0	0	0	0	0	0	0	0	0	0	0	
N53	4.15588e-14	3.33722e-13	4.05578e-12	4.62513e-11	4.46624e-10	3.49295e-09	2.33686e-08	1.47726e-07	8.6749e-07	4.47755e-06	1.87945e-05	5.98556e-05	0.000141068	0.000259556	0.000439436	0.000818967	0.00163799	0.00314291	0.00574425	0.0107688	0.0213423	0.0419876	0.0752173	0.116614	0.152271	0.166409	0.150808	0.114384	0.0718053	0.0384786	0.0171514	0.00694534	0.00236975	0.000833059	0.000241528	7.92095e-05	1.94044e-05	5.39078e-06	1.0392e-06	2.25444e-07	3.32308e-08	5.53053e-09	6.24646e-10	8.03513e-11	7.02951e-12	7.08131e-13	4.86028e-14	3.88954e-15	2.11979e-16	1.36572e-17	5.98201e-19	3.14549e-20	1.11877e-21	4.85772e-23	1.41911e-24	5.1599e-26	1.24868e-27	3.84094e-29	7.80522e-31	2.07069e-32	3.56026e-34	8.22254e-36	1.22838e-37	2.57495e-39	3.41458e-41	6.74102e-43	9.73419e-45	2.36941e-46	5.4344e-48	1.67105e-49	6.13071e-51	
N54	2.24655e-14	1.22481e-13	1.07888e-12	9.37956e-12	7.21755e-11	4.84335e-10	2.79552e-09	1.39478e-08	6.14791e-08	2.54749e-07	1.08781e-06	4.63975e-06	1.76871e-05	5.55386e-05	0.00013817	0.000274956	0.00047852	0.000851696	0.00161325	0.00285131	0.00423557	0.00525796	0.00603426	0.00819986	0.0154942	0.0332752	0.0654444	0.108888	0.149876	0.16986	0.157995	0.12122	0.0765717	0.0407973	0.0183006	0.00758475	0.00282917	0.00116682	0.000426561	0.000175136	5.54463e-05	1.85502e-05	4.56328e-06	1.16654e-06	2.19622e-07	4.301e-08	6.25972e-09	9.53741e-10	1.08809e-10	1.31164e-11	1.18925e-12	1.15274e-13	8.41318e-15	6.65795e-16	3.9579e-17	2.5942e-18	1.26964e-19	6.98563e-21	2.84297e-22	1.33018e-23	4.54292e-25	1.82989e-26	5.29925e-28	1.86743e-29	4.69316e-31	1.51619e-32	3.8084e-34	1.40655e-35	5.25936e-37	2.60242e-38	1.71064e-39	
Carex_radiata	0	0	0	0	0	0	0	0	0	0	0	0	0	0	0	0	0	0	0	0	0	0	0	0	0	0	0	0	1	0	0	0	0	0	0	0	0	0	0	0	0	0	0	0	0	0	0	0	0	0	0	0	0	0	0	0	0	0	0	0	0	0	0	0	0	0	0	0	0	0	0	
Carex_macrocephala	0	0	0	0	0	0	0	0	0	0	0	0	0	0	0	0	0	0	0	0	0	0	0	0	0	0	0	0	0	0	0	0	0	0	0	0	1	0	0	0	0	0	0	0	0	0	0	0	0	0	0	0	0	0	0	0	0	0	0	0	0	0	0	0	0	0	0	0	0	0	0	
N55	1.15884e-17	1.56974e-16	3.70225e-15	8.30701e-14	1.56331e-12	2.28868e-11	2.63714e-10	2.77287e-09	2.82216e-08	2.49042e-07	1.70009e-06	8.40444e-06	2.92261e-05	7.15761e-05	0.000126317	0.000178085	0.00026957	0.000588744	0.00170218	0.00525187	0.0151278	0.0377058	0.0776745	0.129177	0.172072	0.184156	0.159186	0.111464	0.0629241	0.0284263	0.010184	0.00288894	0.000649437	0.000117166	1.70954e-05	2.05987e-06	2.04566e-07	1.71261e-08	1.17859e-09	6.9602e-11	3.33379e-12	1.45406e-13	5.08151e-15	1.87572e-16	5.32895e-18	1.8898e-19	4.57252e-21	1.44917e-22	2.83017e-24	7.32536e-26	1.41611e-27	1.26711e-28	2.23022e-29	6.54141e-30	1.25818e-30	3.43193e-31	6.06779e-32	1.52864e-32	2.4889e-33	5.82276e-34	8.76027e-35	1.91511e-35	2.6784e-36	5.5188e-37	7.24196e-38	1.42596e-38	1.82791e-39	3.70429e-40	5.91544e-41	1.5903e-41	4.98134e-42	
Carex_satsumensis	0	0	0	0	0	0	0	0	0	0	0	0	0	0	0	0	0	0	1	0	0	0	0	0	0	0	0	0	0	0	0	0	0	0	0	0	0	0	0	0	0	0	0	0	0	0	0	0	0	0	0	0	0	0	0	0	0	0	0	0	0	0	0	0	0	0	0	0	0	0	0	
N56	1.15883e-17	1.56973e-16	3.70224e-15	8.30699e-14	1.5633e-12	2.28866e-11	2.63712e-10	2.77286e-09	2.82216e-08	2.49042e-07	1.70008e-06	8.40438e-06	2.92259e-05	7.15753e-05	0.000126316	0.000178084	0.000269569	0.000588743	0.00170218	0.00525186	0.0151277	0.0377058	0.0776744	0.129177	0.172072	0.184156	0.159186	0.111464	0.0629242	0.0284263	0.010184	0.00288895	0.000649438	0.000117166	1.70955e-05	2.05998e-06	2.04566e-07	1.71387e-08	1.17859e-09	7.0398e-11	3.33379e-12	1.74432e-13	5.08151e-15	8.12253e-16	5.32903e-18	8.21799e-18	4.57356e-21	6.25881e-20	2.83307e-24	2.98701e-22	1.11815e-27	8.95842e-25	3.25803e-31	1.72011e-27	1.66222e-34	2.16023e-30	1.68818e-37	1.81048e-33	1.61958e-40	1.03474e-36	1.19745e-43	4.11366e-40	9.13895e-47	1.16467e-43	6.25828e-50	2.39757e-47	3.40576e-53	3.68959e-51	1.43831e-56	4.37547e-55	4.46717e-57	
Carex_diandra	0	0	0	0	0	0	0	0	0	0	0	0	0	0	0	0	0	0	0	0	0	0	0	0	0	0	0	0	0	1	0	0	0	0	0	0	0	0	0	0	0	0	0	0	0	0	0	0	0	0	0	0	0	0	0	0	0	0	0	0	0	0	0	0	0	0	0	0	0	0	0	
N57	6.31406e-21	2.57593e-19	1.33721e-17	5.3273e-16	1.55257e-14	2.96096e-13	4.23828e-12	4.92079e-11	6.67088e-10	8.24266e-09	6.40406e-08	2.84258e-07	8.18368e-07	2.11542e-06	5.5052e-06	1.2392e-05	2.31627e-05	4.44284e-05	0.000158493	0.000897381	0.00453514	0.0172604	0.0478082	0.0957486	0.140231	0.156908	0.147868	0.131654	0.1109	0.0789928	0.0431572	0.01738	0.00509489	0.00110831	0.000179894	2.48363e-05	2.89598e-06	4.50375e-07	5.5526e-08	9.46946e-09	9.3095e-10	1.16128e-10	8.04953e-12	6.98124e-13	3.43032e-14	2.10247e-15	7.454e-17	3.29942e-18	8.58941e-20	2.80572e-21	5.45202e-23	1.3419e-24	1.97594e-26	3.73784e-28	4.22902e-30	6.2658e-32	5.5162e-34	6.51689e-36	4.51661e-38	4.32896e-40	2.38695e-42	1.88647e-44	8.36136e-47	5.54101e-49	1.99506e-51	1.13149e-53	3.50517e-56	1.99011e-58	9.97805e-61	1.01947e-62	1.21865e-64	
N58	1.62256e-21	5.40908e-20	2.45905e-18	9.27427e-17	2.77901e-15	5.76699e-14	8.02257e-13	1.22003e-11	1.82957e-10	1.82367e-09	1.09933e-08	4.89171e-08	1.8161e-07	4.69859e-07	8.0247e-07	1.36658e-06	5.8663e-06	5.29937e-05	0.000485421	0.00334095	0.015604	0.0481085	0.0986927	0.137925	0.135171	0.0985364	0.0670468	0.0661571	0.0848641	0.0933639	0.0765001	0.0457479	0.0200346	0.0064755	0.00155809	0.000282066	3.88402e-05	4.25396e-06	3.90218e-07	5.42049e-08	8.07422e-09	2.73217e-09	4.02795e-10	1.04358e-10	1.09916e-11	1.9507e-12	1.46755e-13	1.81719e-14	9.91302e-16	8.76565e-17	3.52111e-18	2.27392e-19	6.82356e-21	3.28647e-22	7.46485e-24	2.73448e-25	4.7578e-27	1.35046e-28	1.81958e-30	4.07493e-32	4.29406e-34	7.72402e-36	6.42409e-38	9.4487e-40	6.25561e-42	7.66011e-44	4.08552e-46	4.31136e-48	2.2333e-50	3.22596e-52	6.97365e-54	
Carex_foenea	0	0	0	0	0	0	0	0	0	0	0	0	0	0	0	0	0	0	0	0	0	0	0	0	0	0	0	0	0	0	0	0	0	0	0	0	0	0	0	0	1	0	0	0	0	0	0	0	0	0	0	0	0	0	0	0	0	0	0	0	0	0	0	0	0	0	0	0	0	0	0	
N59	1.98296e-21	4.19694e-20	1.26775e-18	3.24556e-17	6.6433e-16	1.02328e-14	1.24914e-13	1.57894e-12	2.09218e-11	2.46097e-10	2.29547e-09	1.51072e-08	6.16405e-08	1.44941e-07	2.13539e-07	2.9291e-07	8.35641e-07	6.47878e-06	6.75141e-05	0.00058413	0.00368563	0.0163645	0.0503526	0.106906	0.159017	0.175539	0.161367	0.13572	0.0997783	0.0573436	0.0241124	0.00728388	0.00158646	0.000252013	2.96026e-05	2.61026e-06	1.75604e-07	9.22347e-09	3.92966e-10	1.48585e-11	5.71895e-13	2.53304e-14	1.16656e-15	5.09626e-17	1.87959e-18	6.01112e-20	1.57171e-21	3.59678e-23	6.71257e-25	1.13841e-26	1.55985e-28	2.12497e-30	2.28652e-32	3.11756e-34	3.22467e-36	6.06054e-38	7.09661e-40	1.55846e-41	1.77026e-43	3.49459e-45	3.46645e-47	5.76187e-49	4.85654e-51	6.75592e-53	4.81539e-55	5.64775e-57	3.45648e-59	3.57271e-61	2.26358e-63	2.64452e-65	3.26209e-67	
Carex_conferta	0	0	0	0	0	0	0	0	0	0	0	0	0	0	0	0	0	0	0	0	0	0	0	0	0	1	0	0	0	0	0	0	0	0	0	0	0	0	0	0	0	0	0	0	0	0	0	0	0	0	0	0	0	0	0	0	0	0	0	0	0	0	0	0	0	0	0	0	0	0	0	
Carex_arcta	0	0	0	0	0	0	0	0	0	0	0	0	0	0	0	0	0	0	0	0	0	0	0	0	0	0	1	0	0	0	0	0	0	0	0	0	0	0	0	0	0	0	0	0	0	0	0	0	0	0	0	0	0	0	0	0	0	0	0	0	0	0	0	0	0	0	0	0	0	0	0	
N60	1.34512e-22	5.35242e-21	2.74037e-19	1.06237e-17	3.29283e-16	8.25753e-15	1.28317e-13	8.20594e-13	3.05923e-12	3.60321e-11	6.05979e-10	8.3562e-09	7.99727e-08	4.54912e-07	1.38452e-06	2.40599e-06	3.27207e-06	4.1884e-06	4.71606e-06	9.18553e-06	6.73563e-05	0.000546627	0.00333747	0.014789	0.0472109	0.108546	0.180831	0.220527	0.198552	0.132013	0.0641875	0.0225398	0.00566002	0.00101978	0.000132404	1.30188e-05	9.8233e-07	7.52544e-08	5.12462e-09	5.33877e-10	3.57994e-11	3.27644e-12	1.62265e-13	1.05451e-14	3.73922e-16	1.73744e-17	4.49537e-19	1.53794e-20	2.97033e-22	7.72048e-24	1.14137e-25	2.33029e-27	2.71671e-29	4.51106e-31	4.29101e-33	5.97478e-35	4.78013e-37	5.67552e-39	3.87562e-41	3.92615e-43	2.28169e-45	1.96041e-47	9.59815e-50	6.98004e-52	2.85638e-54	1.76907e-56	6.12479e-59	3.43175e-61	1.3415e-63	1.09964e-65	1.17666e-67	
N61	1.26299e-23	3.45626e-22	1.32382e-20	4.25355e-19	1.13019e-17	2.39265e-16	3.43572e-15	3.07657e-14	2.93165e-13	4.29728e-12	6.44936e-11	7.76796e-10	6.9566e-09	4.41598e-08	1.86126e-07	4.75941e-07	7.03599e-07	6.38401e-07	4.35603e-07	4.48782e-07	2.07641e-06	2.23366e-05	0.000225108	0.00170467	0.00930604	0.0360745	0.0982483	0.186251	0.243625	0.218092	0.132761	0.0548312	0.0154208	0.00298567	0.000403917	3.9803e-05	2.95817e-06	2.73019e-07	2.51158e-08	6.35196e-09	6.12218e-10	1.2684e-10	8.65834e-12	1.24252e-12	6.06379e-14	6.19199e-15	2.21179e-16	1.65291e-17	4.41369e-19	2.47512e-20	5.03761e-22	2.16934e-23	3.42781e-25	1.15852e-26	1.44612e-28	3.91493e-30	3.92185e-32	8.65885e-34	7.05329e-36	1.28881e-37	8.6195e-40	1.31843e-41	7.28512e-44	9.41664e-46	4.31521e-48	4.7573e-50	1.81977e-52	1.76625e-54	7.71289e-57	1.38196e-58	3.88155e-60	
Carex_disticha	0	0	0	0	0	0	0	0	0	0	0	0	0	0	0	0	0	0	0	0	0	0	0	0	0	0	0	0	0	0	1	0	0	0	0	0	0	0	0	0	0	0	0	0	0	0	0	0	0	0	0	0	0	0	0	0	0	0	0	0	0	0	0	0	0	0	0	0	0	0	0	
Carex_chordorrhiza	0	0	0	0	0	0	0	0	0	0	0	0	0	0	0	0	0	0	0	0	0	0	0	0	0	0	0	0	0	0	1	0	0	0	0	0	0	0	0	0	0	0	0	0	0	0	0	0	0	0	0	0	0	0	0	0	0	0	0	0	0	0	0	0	0	0	0	0	0	0	0	
Carex_deweyana_var_deweyana	0	0	0	0	0	0	0	0	0	0	0	0	0	0	0	0	0	0	0	0	0	0	0	0	0	0	1	0	0	0	0	0	0	0	0	0	0	0	0	0	0	0	0	0	0	0	0	0	0	0	0	0	0	0	0	0	0	0	0	0	0	0	0	0	0	0	0	0	0	0	0	
N62	0.00535575	0.0146504	0.0451314	0.110822	0.196429	0.242438	0.203377	0.11723	0.0472555	0.013773	0.0029758	0.000491743	6.34004e-05	6.53843e-06	5.47107e-07	3.78791e-08	2.19149e-09	1.07641e-10	4.5187e-12	1.64296e-13	5.19602e-15	1.44616e-16	3.55046e-18	7.77178e-20	1.5179e-21	2.67238e-23	4.23804e-25	6.11632e-27	8.01513e-29	9.63995e-31	1.06007e-32	1.07831e-34	1.00894e-36	8.79775e-39	7.09431e-41	5.37034e-43	3.7771e-45	2.51186e-47	1.55831e-49	9.20566e-52	5.08963e-54	2.69746e-56	1.34114e-58	6.43046e-61	2.89607e-63	1.26427e-65	5.186e-68	2.07062e-70	7.76536e-73	2.84431e-75	9.77978e-78	3.29409e-80	1.04095e-82	3.23198e-85	9.41559e-88	2.70429e-90	7.29616e-93	1.94928e-95	4.90867e-98	1.23152e-100	2.93149e-103	7.00866e-106	1.60729e-108	3.73362e-111	8.42499e-114	1.93311e-116	4.34675e-119	9.88344e-122	2.20365e-124	4.90725e-127	1.16489e-129	
Carex_pachygyna	0	0	0	0	0	1	0	0	0	0	0	0	0	0	0	0	0	0	0	0	0	0	0	0	0	0	0	0	0	0	0	0	0	0	0	0	0	0	0	0	0	0	0	0	0	0	0	0	0	0	0	0	0	0	0	0	0	0	0	0	0	0	0	0	0	0	0	0	0	0	0	
Carex_siderosticta	0	0	0	0	0	1	0	0	0	0	0	0	0	0	0	0	0	0	0	0	0	0	0	0	0	0	0	0	0	0	0	0	0	0	0	0	0	0	0	0	0	0	0	0	0	0	0	0	0	0	0	0	0	0	0	0	0	0	0	0	0	0	0	0	0	0	0	0	0	0	0	
N63	1.44919e-06	2.31426e-06	4.61176e-06	9.98865e-06	2.1642e-05	4.56778e-05	9.24518e-05	0.000180161	0.000334646	0.000590407	0.000976251	0.00152225	0.00226093	0.00331185	0.00489974	0.00746556	0.0115741	0.0180534	0.0275698	0.0407315	0.0568611	0.0746624	0.0905074	0.101549	0.103873	0.0978198	0.0837929	0.0665208	0.048579	0.0337633	0.0225071	0.0154061	0.0111892	0.00924418	0.00834542	0.00813436	0.00785428	0.00760148	0.00693314	0.00621363	0.00516911	0.00421568	0.00317051	0.00234021	0.00158521	0.00105569	0.000642852	0.000385692	0.000210886	0.000113896	5.59302e-05	2.72119e-05	1.20104e-05	5.27032e-06	2.0957e-06	8.31965e-07	2.99036e-07	1.07843e-07	3.52837e-08	1.16613e-08	3.51488e-09	1.0803e-09	3.07054e-10	9.00508e-11	2.49457e-11	7.1895e-12	2.00602e-12	5.8355e-13	1.71044e-13	5.68778e-14	2.75197e-14	
Trichophorum_cespitosum	0	0	0	0	0	0	0	0	0	0	0	0	0	0	0	0	0	0	0	0	0	0	0	0	0	0	0	0	0	0	0	0	0	0	0	0	0	0	0	0	0	0	0	0	0	0	0	0	0	0	0	1	0	0	0	0	0	0	0	0	0	0	0	0	0	0	0	0	0	0	0	
Trichophorum_alpinum	0	0	0	0	0	0	0	0	0	0	0	0	0	0	0	0	0	0	0	0	0	0	0	0	0	0	0	0	1	0	0	0	0	0	0	0	0	0	0	0	0	0	0	0	0	0	0	0	0	0	0	0	0	0	0	0	0	0	0	0	0	0	0	0	0	0	0	0	0	0	0	
N64	0.105225	0.109521	0.109572	0.106281	0.0994884	0.0905631	0.079744	0.0684038	0.0568185	0.0460186	0.0360967	0.0276181	0.0204536	0.0147771	0.010324	0.00703814	0.00463452	0.00297998	0.00184874	0.00112167	0.000655914	0.000376106	0.000207664	0.000112893	5.90351e-05	3.05684e-05	1.52068e-05	7.54527e-06	3.58929e-06	1.71719e-06	7.85158e-07	3.64138e-07	1.6058e-07	7.23731e-08	3.08211e-08	1.34973e-08	5.54261e-09	2.35136e-09	9.2887e-10	3.80528e-10	1.44143e-10	5.68135e-11	2.05987e-11	7.79839e-12	2.7012e-12	9.80452e-13	3.24489e-13	1.12988e-13	3.57097e-14	1.19212e-14	3.6038e-15	1.15584e-15	3.34219e-16	1.02956e-16	2.85528e-17	8.47476e-18	2.25505e-18	6.44926e-19	1.65494e-19	4.5898e-20	1.14189e-20	3.09254e-21	7.61528e-22	2.06625e-22	5.22264e-23	1.47348e-23	4.04997e-24	1.24512e-24	3.94912e-25	1.52968e-25	8.98353e-26	
N65	0.0349817	0.0405027	0.0487429	0.0594642	0.0711694	0.0825608	0.0912163	0.0959367	0.0950632	0.0890841	0.0782831	0.0648534	0.0502439	0.0366418	0.0249523	0.0159918	0.00956469	0.00538816	0.00283272	0.00140488	0.000650448	0.000284712	0.000116407	4.5121e-05	1.63462e-05	5.63298e-06	1.81542e-06	5.58737e-07	1.609e-07	4.44439e-08	1.14903e-08	2.86319e-09	6.67693e-10	1.50823e-10	3.18694e-11	6.5555e-12	1.26001e-12	2.36869e-13	4.15517e-14	7.16027e-15	1.14914e-15	1.81873e-16	2.67607e-17	3.89706e-18	5.26492e-19	7.06283e-20	8.7766e-21	1.0864e-21	1.24348e-22	1.42213e-23	1.50255e-24	1.5913e-25	1.55496e-26	1.52801e-27	1.38547e-28	1.26794e-29	1.07085e-30	9.16742e-32	7.26562e-33	5.87105e-34	4.4184e-35	3.4168e-36	2.49405e-37	1.88748e-38	1.37224e-39	1.03858e-40	7.67681e-42	5.85714e-43	4.39512e-44	3.44602e-45	3.96153e-46	
Rhynchospora_albiceps	0	0	0	0	0	0	0	0	0	1	0	0	0	0	0	0	0	0	0	0	0	0	0	0	0	0	0	0	0	0	0	0	0	0	0	0	0	0	0	0	0	0	0	0	0	0	0	0	0	0	0	0	0	0	0	0	0	0	0	0	0	0	0	0	0	0	0	0	0	0	0	
N66	0.00553343	0.00810633	0.0138423	0.0242784	0.0404104	0.0622111	0.0869411	0.110371	0.126029	0.12984	0.119516	0.0987433	0.0725567	0.0477689	0.027925	0.0146495	0.00682633	0.00286692	0.00107115	0.000363286	0.000109834	3.04648e-05	7.54917e-06	1.74266e-06	3.59917e-07	7.0719e-08	1.24292e-08	2.1336e-09	3.26045e-10	5.00139e-11	6.75795e-12	9.37703e-13	1.12753e-13	1.41344e-14	1.51159e-15	1.7021e-16	1.61298e-17	1.62152e-18	1.36129e-19	1.22165e-20	9.08964e-22	7.28582e-23	4.82774e-24	3.4775e-25	2.05794e-26	1.33594e-27	7.11351e-29	4.19993e-30	2.01784e-31	1.08593e-32	4.75295e-34	2.35912e-35	9.42162e-37	4.31179e-38	1.59051e-39	6.80983e-41	2.31701e-42	9.23117e-44	2.93999e-45	1.10893e-46	3.28833e-48	1.16255e-49	3.28692e-51	1.1237e-52	3.09214e-54	1.04972e-55	3.14516e-57	1.17264e-58	4.15843e-60	1.71039e-61	9.26976e-63	
Rhynchospora_rubra	0	0	0	0	0	0	0	0	0	1	0	0	0	0	0	0	0	0	0	0	0	0	0	0	0	0	0	0	0	0	0	0	0	0	0	0	0	0	0	0	0	0	0	0	0	0	0	0	0	0	0	0	0	0	0	0	0	0	0	0	0	0	0	0	0	0	0	0	0	0	0	
Rhynchospora_globosa	0	0	0	0	0	0	0	0	0	0	0	1	0	0	0	0	0	0	0	0	0	0	0	0	0	0	0	0	0	0	0	0	0	0	0	0	0	0	0	0	0	0	0	0	0	0	0	0	0	0	0	0	0	0	0	0	0	0	0	0	0	0	0	0	0	0	0	0	0	0	0	
N67	0.0900446	0.0951985	0.097968	0.0985936	0.0961992	0.0913882	0.0838442	0.0746855	0.0641107	0.0533826	0.0427968	0.0332861	0.0249141	0.0181028	0.0126521	0.00859247	0.00560912	0.00356308	0.00217393	0.00129342	0.000738461	0.000412411	0.000220801	0.000116137	5.84839e-05	2.91005e-05	1.38403e-05	6.5516e-06	2.95667e-06	1.33934e-06	5.76372e-07	2.51233e-07	1.03486e-07	4.35484e-08	1.72095e-08	6.99973e-09	2.65297e-09	1.04094e-09	3.77863e-10	1.42658e-10	4.94554e-11	1.78963e-11	5.91411e-12	2.04711e-12	6.43329e-13	2.12437e-13	6.34677e-14	1.99949e-14	5.67176e-15	1.70238e-15	4.5905e-16	1.31506e-16	3.36879e-17	9.20306e-18	2.24521e-18	5.86761e-19	1.36296e-19	3.40591e-20	7.56935e-21	1.82028e-21	3.88719e-22	9.05016e-23	1.89492e-23	4.38348e-24	9.3393e-25	2.23292e-25	5.16073e-26	1.34056e-26	3.54968e-27	1.13439e-27	5.59893e-28	
N68	2.30546e-05	5.39311e-05	0.00016563	0.00050825	0.0014248	0.00359949	0.00813432	0.0167331	0.0315301	0.0546652	0.0850131	0.116841	0.13821	0.140181	0.120679	0.0905198	0.0612613	0.0407862	0.028311	0.0208897	0.0153134	0.0107212	0.00681928	0.00396399	0.00205037	0.000966445	0.000404335	0.000155017	5.27552e-05	1.65764e-05	4.62465e-06	1.20107e-06	2.7686e-07	5.99022e-08	1.1497e-08	2.08794e-09	3.35956e-10	5.15379e-11	6.99933e-12	9.1284e-13	1.05278e-13	1.1739e-14	1.15742e-15	1.1107e-16	9.42003e-18	7.82578e-19	5.7501e-20	4.16502e-21	2.66789e-22	1.69494e-23	9.53451e-25	5.35221e-26	2.65986e-27	1.3267e-28	5.86876e-30	2.62108e-31	1.0385e-32	4.17875e-34	1.49787e-35	5.49174e-37	1.80312e-38	6.10974e-40	1.88345e-41	6.0621e-43	1.81632e-44	5.72934e-46	1.73085e-47	5.45987e-49	1.67035e-50	5.26487e-52	2.15914e-53	
Rhynchospora_chinensis	0	0	0	0	0	0	0	0	0	0	0	0	0	0	0	0	0	0	0	0	0	0	0	0	0	0	0	0	0	0	1	0	0	0	0	0	0	0	0	0	0	0	0	0	0	0	0	0	0	0	0	0	0	0	0	0	0	0	0	0	0	0	0	0	0	0	0	0	0	0	0	
N69	2.69812e-07	1.03166e-06	5.88872e-06	3.35514e-05	0.000169694	0.000743151	0.00281513	0.00922765	0.0256317	0.058802	0.10881	0.160511	0.187523	0.174079	0.129303	0.0781286	0.0390862	0.0165536	0.00601636	0.00189431	0.000515303	0.000120805	2.42508e-05	4.1672e-06	6.12097e-07	7.71627e-08	8.36433e-09	7.84246e-10	6.37791e-11	4.52742e-12	2.81218e-13	1.53831e-14	7.42251e-16	3.18099e-17	1.21105e-18	4.13098e-20	1.25971e-21	3.47924e-23	8.64319e-25	1.98109e-26	4.11637e-28	8.22216e-30	1.50849e-31	2.89848e-33	5.14494e-35	1.05618e-36	1.90377e-38	4.07743e-40	7.08976e-42	1.44366e-43	2.29571e-45	4.2346e-47	6.03962e-49	9.96843e-51	1.27172e-52	1.87903e-54	2.14802e-56	2.85045e-58	2.92908e-60	3.50549e-62	3.24784e-64	3.51961e-66	2.95267e-68	2.91633e-70	2.24005e-72	2.05757e-74	1.5239e-76	1.40731e-78	1.17588e-80	1.24257e-82	1.53692e-84	
Rhynchospora_capillacea	0	0	0	0	0	0	0	0	0	0	0	0	1	0	0	0	0	0	0	0	0	0	0	0	0	0	0	0	0	0	0	0	0	0	0	0	0	0	0	0	0	0	0	0	0	0	0	0	0	0	0	0	0	0	0	0	0	0	0	0	0	0	0	0	0	0	0	0	0	0	0	
Rhynchospora_alba	0	0	0	0	0	0	0	0	0	0	0	0	1	0	0	0	0	0	0	0	0	0	0	0	0	0	0	0	0	0	0	0	0	0	0	0	0	0	0	0	0	0	0	0	0	0	0	0	0	0	0	0	0	0	0	0	0	0	0	0	0	0	0	0	0	0	0	0	0	0	0	
N70	0.136813	0.140255	0.136213	0.126404	0.11154	0.0942267	0.0757466	0.0582718	0.0426018	0.0297523	0.0197001	0.0124337	0.00742228	0.0042164	0.0022612	0.00115311	0.000554449	0.000253552	0.000109255	4.48235e-05	1.73229e-05	6.3867e-06	2.21817e-06	7.37094e-07	2.30761e-07	6.93946e-08	1.96644e-08	5.37991e-09	1.38687e-09	3.47339e-10	8.19385e-11	1.89163e-11	4.10855e-12	8.80119e-13	1.77018e-13	3.53872e-14	6.61913e-15	1.23906e-15	2.16126e-16	3.79454e-17	6.17636e-18	1.01655e-18	1.5441e-19	2.38075e-20	3.37206e-21	4.8643e-22	6.42499e-23	8.67193e-24	1.06803e-24	1.34855e-25	1.55066e-26	1.83457e-27	1.97115e-28	2.18696e-29	2.2012e-30	2.2972e-31	2.17016e-32	2.13521e-33	1.90355e-34	1.7781e-35	1.50838e-36	1.35228e-37	1.11535e-38	9.85224e-40	8.19864e-41	7.39974e-42	6.50484e-43	6.1615e-44	5.7828e-45	5.87938e-46	9.06807e-47	
Rhynchospora_nervosa	0	0	0	0	1	0	0	0	0	0	0	0	0	0	0	0	0	0	0	0	0	0	0	0	0	0	0	0	0	0	0	0	0	0	0	0	0	0	0	0	0	0	0	0	0	0	0	0	0	0	0	0	0	0	0	0	0	0	0	0	0	0	0	0	0	0	0	0	0	0	0	
Rhynchospora_robusta	0	0	0	0	1	0	0	0	0	0	0	0	0	0	0	0	0	0	0	0	0	0	0	0	0	0	0	0	0	0	0	0	0	0	0	0	0	0	0	0	0	0	0	0	0	0	0	0	0	0	0	0	0	0	0	0	0	0	0	0	0	0	0	0	0	0	0	0	0	0	0	
N71	0.0999884	0.104216	0.104555	0.101857	0.0959263	0.0880494	0.0783673	0.0681761	0.0576288	0.0477254	0.0384549	0.0304192	0.0234289	0.0177507	0.0130979	0.00952801	0.00674912	0.00472576	0.0032206	0.00217734	0.0014315	0.000938098	0.000597159	0.000381268	0.000236019	0.000147651	8.93156e-05	5.50588e-05	3.26736e-05	1.99217e-05	1.16255e-05	7.02111e-06	4.02766e-06	2.4051e-06	1.35391e-06	7.972e-07	4.38977e-07	2.53862e-07	1.36443e-07	7.733e-08	4.04694e-08	2.24213e-08	1.14224e-08	6.1873e-09	3.06542e-09	1.62153e-09	7.82396e-10	4.04894e-10	1.90179e-10	9.61875e-11	4.40864e-11	2.18506e-11	9.7656e-12	4.73526e-12	2.06984e-12	9.85203e-13	4.20711e-13	1.96176e-13	8.22581e-14	3.78206e-14	1.5623e-14	7.11595e-15	2.95616e-15	1.36983e-15	5.93858e-16	2.92342e-16	1.42815e-16	8.12929e-17	5.02032e-17	3.9113e-17	3.91987e-17	
Calyptrocarya_glomerulata	0	0	0	0	0	0	0	0	0	1	0	0	0	0	0	0	0	0	0	0	0	0	0	0	0	0	0	0	0	0	0	0	0	0	0	0	0	0	0	0	0	0	0	0	0	0	0	0	0	0	0	0	0	0	0	0	0	0	0	0	0	0	0	0	0	0	0	0	0	0	0	
Scleria_foliosa	0	0	0	0	0	0	0	0	0	1	0	0	0	0	0	0	0	0	0	0	0	0	0	0	0	0	0	0	0	0	0	0	0	0	0	0	0	0	0	0	0	0	0	0	0	0	0	0	0	0	0	0	0	0	0	0	0	0	0	0	0	0	0	0	0	0	0	0	0	0	0	
N72	5.29593e-10	2.73412e-09	1.82444e-08	1.09458e-07	5.55776e-07	2.51917e-06	1.0016e-05	3.1666e-05	7.38421e-05	0.000127434	0.000208981	0.000541159	0.00205783	0.00786138	0.0255558	0.0677445	0.140213	0.216982	0.235464	0.173612	0.0869743	0.0313728	0.00861264	0.00191587	0.000369321	8.60415e-05	4.60056e-05	4.08008e-05	3.51369e-05	2.65955e-05	1.72493e-05	9.67434e-06	4.62161e-06	1.90043e-06	6.60908e-07	1.96581e-07	4.90485e-08	1.0409e-08	1.84359e-09	2.7782e-10	3.50436e-11	3.79693e-12	3.4823e-13	2.78647e-14	1.91494e-15	1.16769e-16	6.20307e-18	2.96973e-19	1.25407e-20	4.83808e-22	1.66406e-23	5.29123e-25	1.51384e-26	4.0464e-28	9.81625e-30	2.24657e-31	4.70639e-33	9.38945e-35	1.73105e-36	3.0673e-38	5.0744e-40	8.13506e-42	1.23051e-43	1.8136e-45	2.54293e-47	3.47794e-49	4.54644e-51	5.77917e-53	7.0297e-55	8.2954e-57	1.14006e-58	
Cladium_mariscus	0	0	0	0	0	0	0	0	0	0	0	0	0	0	0	0	0	1	0	0	0	0	0	0	0	0	0	0	0	0	0	0	0	0	0	0	0	0	0	0	0	0	0	0	0	0	0	0	0	0	0	0	0	0	0	0	0	0	0	0	0	0	0	0	0	0	0	0	0	0	0	
Cladium_mariscoides	0	0	0	0	0	0	0	0	0	0	0	0	0	0	0	0	0	0	0	0	0	0	0	0	0	0	0	0	0	0	0	0	0	0	0	0	0	0	1	0	0	0	0	0	0	0	0	0	0	0	0	0	0	0	0	0	0	0	0	0	0	0	0	0	0	0	0	0	0	0	0	
