NODE	1	2	3	4	5	6	7	8	9	10	11	12	13	14	15	16	17	18	19	20	21	22	23	24	25	26	27	28	29	30	31	32	33	34	35	36	37	38	39	40	41	42	43	44	45	46	47	48	49	50	51	52	53	54	55	56	57	58	59	60	61	62	
N1	0.286645	0.293586	0.233964	0.127479	0.0456757	0.0107702	0.0016901	0.000176482	1.2064e-005	5.26725e-007	1.43603e-008	2.41099e-010	2.4848e-012	2.88492e-017	1.81587e-018	9.15236e-020	3.73391e-021	1.24718e-022	3.45e-024	8.0092e-026	1.5712e-027	2.62885e-029	3.78271e-031	4.71603e-033	5.12857e-035	4.9023e-037	4.13274e-039	3.08779e-041	2.05399e-043	1.22156e-045	6.52116e-048	3.14047e-050	1.3672e-052	5.39885e-055	1.93995e-057	6.36249e-060	1.91022e-062	5.2698e-065	1.33795e-067	3.13421e-070	6.79052e-073	1.36386e-075	2.54497e-078	4.42482e-081	7.17642e-084	1.0878e-086	1.54385e-089	2.05512e-092	2.57018e-095	3.02661e-098	3.3587e-101	3.51753e-104	3.48144e-107	3.26069e-110	2.89363e-113	2.43742e-116	1.94994e-119	1.48322e-122	1.07386e-125	7.4081e-129	4.87688e-132	3.47136e-135	
N2	0.0412349	0.0874582	0.145082	0.189868	0.186683	0.152031	0.0965678	0.056627	0.0260013	0.0123426	0.00407521	0.00154268	0.000359685	0.000104277	1.76841e-005	3.61765e-006	4.33374e-007	6.28782e-008	6.92218e-009	9.39218e-010	8.47931e-011	7.20426e-012	4.21192e-013	2.42961e-014	1.22264e-015	6.26282e-017	2.42157e-018	8.04117e-020	1.93542e-021	4.36031e-023	9.65798e-025	2.14501e-026	3.73255e-028	5.52499e-030	6.38052e-032	6.91417e-034	7.78649e-036	8.79632e-038	8.22756e-040	6.62347e-042	4.243e-044	2.5914e-046	1.67607e-048	1.10493e-050	6.10624e-053	2.92005e-055	1.11314e-057	3.68949e-060	1.00216e-062	2.6314e-065	5.88913e-068	1.50801e-070	3.07762e-073	8.35192e-076	1.66851e-078	4.86998e-081	9.13706e-084	2.30352e-086	4.14328e-089	1.45585e-091	7.64096e-094	7.22721e-096	
N3	9.64164e-005	0.000211221	0.000428578	0.000975516	0.00233776	0.0056274	0.0129333	0.0239761	0.0370877	0.0473329	0.0373425	0.0307338	0.0464651	0.0932168	0.148362	0.192386	0.160794	0.104229	0.0406263	0.0123735	0.00214555	0.000293719	2.3551e-005	1.60373e-006	6.81123e-008	2.63914e-009	6.80962e-011	1.67258e-012	2.85825e-014	4.75781e-016	5.84539e-018	7.16568e-020	6.6076e-022	6.03804e-024	4.32599e-026	3.09762e-028	1.77118e-030	1.01325e-032	4.75544e-035	2.23124e-037	8.61953e-040	3.31789e-042	1.08768e-044	3.58481e-047	1.00078e-049	2.77588e-052	6.64284e-055	1.57637e-057	3.19764e-060	6.3923e-063	1.09714e-065	1.8621e-068	2.68203e-071	3.88325e-074	4.82586e-077	6.32467e-080	7.0617e-083	8.91157e-086	1.12066e-088	2.12417e-091	5.31055e-094	1.89507e-096	
Dulichium_arundinaceum	0	0	0	0	0	0	0	0	0	0	0	0	0	0	0	1	0	0	0	0	0	0	0	0	0	0	0	0	0	0	0	0	0	0	0	0	0	0	0	0	0	0	0	0	0	0	0	0	0	0	0	0	0	0	0	0	0	0	0	0	0	0	
N4	1.39411e-006	3.62621e-006	6.84721e-006	1.37545e-005	2.83232e-005	5.57744e-005	0.000239207	0.00122305	0.00456675	0.00835023	0.00432487	0.00111374	0.000564383	0.00102814	0.00390922	0.0172866	0.0672974	0.18807	0.296765	0.269081	0.104907	0.0278869	0.00295795	0.000305255	1.22613e-005	5.6782e-007	1.06171e-008	2.51143e-010	2.57795e-012	3.57045e-014	2.30267e-016	2.04964e-018	8.89068e-021	5.30496e-023	1.68656e-025	7.49309e-028	1.93887e-030	6.5078e-033	1.41053e-035	3.72546e-038	7.01759e-041	1.55e-043	2.73154e-046	5.21445e-049	7.56157e-052	1.14139e-054	1.46289e-057	2.08134e-060	2.34635e-063	2.74795e-066	2.6149e-069	2.66834e-072	2.11935e-075	1.86453e-078	1.37455e-081	1.12204e-084	6.58578e-088	4.06651e-091	1.93136e-094	1.30788e-097	1.20684e-100	2.87072e-103	
Blysmus_compressus	0	0	0	0	0	0	0	0	0	0	0	0	0	0	0	0	0	0	0	0	0	1	0	0	0	0	0	0	0	0	0	0	0	0	0	0	0	0	0	0	0	0	0	0	0	0	0	0	0	0	0	0	0	0	0	0	0	0	0	0	0	0	
Blysmus_rufus	0	0	0	0	0	0	0	0	0	0	0	0	0	0	0	0	0	0	0	1	0	0	0	0	0	0	0	0	0	0	0	0	0	0	0	0	0	0	0	0	0	0	0	0	0	0	0	0	0	0	0	0	0	0	0	0	0	0	0	0	0	0	
N5	0.0211496	0.0493444	0.0957708	0.150965	0.181285	0.17434	0.136586	0.0967432	0.0551424	0.0265319	0.00897318	0.00256067	0.000494506	9.60868e-005	1.46002e-005	2.85437e-006	4.0087e-007	6.66004e-008	6.78224e-009	9.03873e-010	6.67528e-011	6.70033e-012	3.65186e-013	2.72337e-014	1.0692e-015	5.51735e-017	1.61245e-018	5.90892e-020	1.19624e-021	2.75399e-023	4.15285e-025	7.26173e-027	8.22277e-029	1.01076e-030	8.77005e-033	7.79572e-035	5.21343e-037	3.56025e-039	1.93515e-041	1.05198e-043	4.3423e-046	1.69403e-048	5.67989e-051	1.87199e-053	5.10047e-056	1.34606e-058	2.92986e-061	5.85919e-064	9.19132e-067	1.33266e-069	1.56134e-072	1.83495e-075	1.69253e-078	1.70614e-081	1.3461e-084	1.34012e-087	8.81954e-091	7.80387e-094	4.49716e-097	4.70317e-100	6.72054e-103	2.80605e-105	
N6	0.00228009	0.00607186	0.0149045	0.0324335	0.0590014	0.090303	0.110913	0.125508	0.131781	0.136836	0.113342	0.0871156	0.0470447	0.0265456	0.00969373	0.00437023	0.00121697	0.000464722	0.000117786	4.32178e-005	1.00358e-005	2.9767e-006	5.63011e-007	1.25598e-007	1.81291e-008	2.87231e-009	3.14804e-010	3.59092e-011	2.77987e-012	2.09477e-013	1.21175e-014	6.99512e-016	2.99339e-017	1.23571e-018	3.98899e-020	1.23691e-021	3.11462e-023	7.65395e-025	1.56826e-026	3.12477e-028	5.06811e-030	7.84624e-032	1.0727e-033	1.44159e-035	1.66435e-037	1.86095e-039	1.78451e-041	1.60059e-043	1.18494e-045	8.15261e-048	4.62444e-050	2.55236e-052	1.14366e-054	5.52583e-057	2.16469e-059	1.0939e-061	4.03039e-064	2.07939e-066	7.9043e-069	5.58883e-071	5.66126e-073	1.22385e-074	
N7	0.000155062	0.000405793	0.0011227	0.00283241	0.00532993	0.00847903	0.0140766	0.0193116	0.0280463	0.03147	0.0298252	0.0472677	0.115557	0.234921	0.210407	0.109045	0.048609	0.0264073	0.0127608	0.0118625	0.0100842	0.0103295	0.0076186	0.00704987	0.0039534	0.00221035	0.000657609	0.000178235	2.39988e-005	2.66348e-006	1.50594e-007	7.42434e-009	2.0865e-010	5.39309e-012	9.13499e-014	1.50061e-015	1.70155e-017	1.8874e-019	1.55671e-021	1.2772e-023	7.83253e-026	4.76215e-028	2.31322e-030	1.13548e-032	4.38912e-035	1.6907e-037	5.37081e-040	1.71509e-042	4.4472e-045	1.1444e-047	2.43797e-050	5.15209e-053	8.74416e-056	1.47771e-058	2.03272e-061	2.96511e-064	3.37425e-067	4.37089e-070	4.83361e-073	8.65079e-076	2.2559e-078	1.05846e-080	
Scirpus_pendulus	0	0	0	0	0	0	0	0	0	0	0	0	0	0	0	0	0	0	0	1	0	0	0	0	0	0	0	0	0	0	0	0	0	0	0	0	0	0	0	0	0	0	0	0	0	0	0	0	0	0	0	0	0	0	0	0	0	0	0	0	0	0	
N8	5.9729e-007	2.83071e-007	3.90886e-007	2.87549e-006	1.56609e-005	4.34913e-005	4.00243e-005	1.02756e-005	8.59005e-006	4.98711e-005	0.000293655	0.000811274	0.00086731	0.00390343	0.00964275	0.000516676	0.000125274	0.000111627	5.88282e-005	1.35555e-005	8.45683e-006	7.23726e-005	0.000424	0.00099234	0.000740272	0.00416491	0.0330418	0.228829	0.380405	0.303437	0.0299442	0.00140868	1.52668e-005	1.58062e-007	5.60458e-010	2.41101e-012	4.09788e-015	9.28373e-018	9.2582e-021	1.25861e-023	8.00301e-027	6.87807e-030	3.11997e-033	1.92475e-036	6.90489e-040	3.02963e-043	8.73335e-047	2.90054e-050	7.08997e-054	1.91348e-057	4.13597e-061	8.96482e-065	1.50078e-068	2.45607e-072	3.34587e-076	4.80379e-080	5.54523e-084	6.72857e-088	6.88325e-092	8.53389e-096	1.40673e-099	4.72369e-103	
N9	9.9663e-010	4.33948e-010	7.67892e-010	2.69308e-009	2.26016e-008	7.92682e-008	7.15213e-008	1.77544e-008	1.76241e-008	4.84375e-008	4.24536e-007	1.57715e-006	5.3738e-006	7.49203e-005	0.000232795	1.61182e-005	1.04612e-006	2.60862e-007	9.71598e-008	1.87826e-008	2.04403e-008	5.85993e-008	5.91445e-007	2.18654e-006	1.18831e-005	0.000152446	0.00360433	0.0849025	0.42658	0.428908	0.0540973	0.00140143	5.86223e-006	2.01075e-008	2.5229e-011	6.43421e-014	5.89121e-017	7.4457e-020	2.68613e-023	1.83251e-026	3.14909e-030	1.88771e-033	2.49436e-037	1.07879e-040	7.26242e-045	2.49292e-048	9.35706e-053	3.46972e-056	9.83414e-061	2.48963e-064	4.81972e-069	1.02973e-072	1.23391e-077	2.05208e-081	2.46788e-086	3.15323e-090	2.66316e-095	1.65973e-099	1.22413e-104	6.25853e-109	6.58087e-114	8.01799e-118	
N10	6.18067e-012	6.80081e-012	3.7775e-012	3.43669e-012	2.7875e-011	2.59754e-010	6.43169e-010	3.56099e-010	8.92197e-011	6.60498e-011	6.20762e-010	9.18714e-009	1.16505e-007	1.21652e-006	9.3042e-006	5.76435e-006	6.29482e-008	4.02357e-009	1.88347e-009	6.30134e-010	1.13692e-010	5.76774e-011	7.21544e-010	1.34838e-008	2.49904e-007	2.35277e-006	7.51484e-005	0.00469498	0.0900681	0.421646	0.423688	0.058827	0.000971558	9.98992e-006	1.30678e-007	6.8158e-010	1.36776e-012	2.96405e-015	2.20422e-017	1.31517e-019	2.90401e-022	2.44876e-025	9.84918e-029	5.21911e-032	1.06318e-034	1.99715e-037	1.51328e-040	4.8888e-044	8.01189e-048	2.77405e-051	1.89653e-054	2.32093e-057	6.99093e-061	4.46658e-064	5.19064e-068	6.50738e-071	4.7117e-075	3.28933e-078	1.81159e-082	4.78158e-086	1.87538e-090	9.00957e-094	
N11	4.79516e-014	5.22308e-014	1.16638e-014	5.55124e-015	4.32094e-014	8.60959e-013	4.71418e-012	3.49795e-012	3.34392e-013	1.25186e-013	1.4627e-012	7.16822e-011	2.06823e-009	2.67926e-008	3.77035e-007	4.59309e-007	5.23879e-009	2.31976e-010	7.71026e-011	1.39127e-011	1.06331e-012	1.47461e-013	2.12034e-012	1.54766e-010	5.92664e-009	6.17402e-008	2.29594e-006	0.000302006	0.0164563	0.226864	0.602652	0.15079	0.00291849	1.38812e-005	3.93369e-008	1.73022e-010	5.04652e-013	6.55621e-016	6.61069e-019	2.74991e-021	1.08848e-023	1.76775e-026	1.19916e-029	3.94497e-033	1.14721e-036	1.53938e-039	2.1583e-042	1.34561e-045	3.74945e-049	5.46008e-053	7.37038e-057	5.39587e-060	3.36557e-063	1.44355e-066	2.08235e-070	1.1846e-073	8.78126e-078	1.01818e-080	5.57446e-085	3.15293e-088	1.22699e-092	6.41691e-096	
Scirpus_expansus	0	0	0	0	0	0	0	0	0	0	0	0	0	0	0	0	0	0	0	0	0	0	0	0	0	0	0	0	0	0	0	1	0	0	0	0	0	0	0	0	0	0	0	0	0	0	0	0	0	0	0	0	0	0	0	0	0	0	0	0	0	0	
N12	2.39066e-016	1.76098e-016	1.0734e-017	3.44985e-018	2.48491e-017	1.2905e-015	1.88866e-014	1.29927e-014	4.50966e-016	1.76911e-016	3.53573e-015	4.77843e-013	2.45723e-011	2.99892e-010	7.09437e-009	1.1648e-008	1.32149e-010	1.0257e-011	5.94077e-012	5.00379e-013	1.14566e-014	1.6999e-015	1.59196e-014	2.95844e-012	2.37774e-010	2.49055e-009	4.93769e-008	1.00056e-005	0.00165326	0.0804429	0.693447	0.22158	0.00285793	8.45125e-006	9.60114e-009	9.29844e-012	1.81523e-014	2.17384e-017	1.12586e-020	5.07175e-024	1.02868e-026	2.00006e-029	1.67467e-032	5.78533e-036	9.31751e-040	1.44356e-043	1.09874e-046	8.63571e-050	3.1156e-053	4.90194e-057	3.77395e-061	2.99545e-065	1.16054e-068	5.07866e-072	9.93847e-076	1.29834e-079	7.7937e-084	3.82339e-087	2.34376e-091	1.26447e-094	6.55147e-099	3.06802e-102	
Scirpus_sylvaticus	0	0	0	0	0	0	0	0	0	0	0	0	0	0	0	0	0	0	0	0	0	0	0	0	0	0	0	0	0	0	1	0	0	0	0	0	0	0	0	0	0	0	0	0	0	0	0	0	0	0	0	0	0	0	0	0	0	0	0	0	0	0	
Scirpus_microcarpus	0	0	0	0	0	0	0	0	0	0	0	0	0	0	0	0	0	0	0	0	0	0	0	0	0	0	0	0	0	0	0	1	0	0	0	0	0	0	0	0	0	0	0	0	0	0	0	0	0	0	0	0	0	0	0	0	0	0	0	0	0	0	
Scirpus_maximowiczii	0	0	0	0	0	0	0	0	0	0	0	0	0	0	0	0	0	0	0	0	0	0	0	0	0	0	0	0	0	0	0	1	0	0	0	0	0	0	0	0	0	0	0	0	0	0	0	0	0	0	0	0	0	0	0	0	0	0	0	0	0	0	
N13	7.39848e-012	1.27107e-011	1.23485e-011	2.77488e-011	2.43351e-010	7.71322e-010	1.12154e-009	6.22516e-010	3.35599e-010	5.39462e-010	5.07589e-009	3.46951e-008	5.49335e-007	9.15482e-006	2.03621e-005	2.22523e-006	8.69857e-008	4.61761e-009	8.66292e-010	5.66815e-010	3.69856e-010	6.80956e-010	7.61821e-009	1.03525e-007	1.81954e-006	4.29541e-005	0.00202094	0.0663934	0.446085	0.433832	0.0505121	0.00107414	4.95785e-006	8.10105e-009	1.26737e-011	5.42785e-014	1.06332e-016	9.89932e-020	1.053e-022	3.1614e-025	6.49047e-028	8.10838e-031	3.73124e-034	8.89084e-038	2.96325e-041	3.01517e-044	2.26198e-047	1.17329e-050	2.1827e-054	3.3998e-058	3.94128e-062	2.69672e-065	7.08601e-069	2.9783e-072	2.35721e-076	1.57931e-079	4.49776e-084	6.15018e-087	1.61636e-091	1.20647e-094	2.04915e-099	1.24482e-102	
N14	6.16406e-014	1.50132e-013	6.22718e-013	1.46123e-012	2.53771e-012	6.75473e-012	1.33542e-011	1.26541e-011	1.86307e-011	4.12186e-011	1.32507e-010	1.41076e-009	3.28384e-008	6.4848e-007	2.88152e-006	8.97348e-007	6.97321e-008	3.15808e-009	2.07279e-010	4.38627e-011	5.55474e-011	1.10031e-010	4.50695e-010	7.05715e-009	2.65419e-007	1.56159e-005	0.000476166	0.0086828	0.134308	0.521966	0.29073	0.04203	0.00176804	1.85179e-005	2.09274e-007	1.93754e-009	7.72652e-012	1.70571e-014	8.13358e-017	8.59625e-019	4.58011e-021	9.17419e-024	8.34905e-027	4.9037e-030	7.11776e-033	2.5561e-035	5.06955e-038	4.09178e-041	1.60265e-044	4.73391e-048	3.24527e-051	6.76223e-054	6.178e-057	5.02999e-060	1.4978e-063	2.42225e-066	5.19744e-070	7.01177e-073	1.02411e-076	5.72803e-080	5.92251e-084	4.22344e-087	
Scirpus_polystachyus	0	0	0	0	0	0	0	0	0	0	0	0	0	0	0	0	0	0	0	0	0	0	0	0	0	0	0	0	0	1	0	0	0	0	0	0	0	0	0	0	0	0	0	0	0	0	0	0	0	0	0	0	0	0	0	0	0	0	0	0	0	0	
Scirpus_cyperinus	0	0	0	0	0	0	0	0	0	0	0	0	0	0	0	0	0	0	0	0	0	0	0	0	0	0	0	0	0	0	0	0	1	0	0	0	0	0	0	0	0	0	0	0	0	0	0	0	0	0	0	0	0	0	0	0	0	0	0	0	0	0	
N15	5.82904e-015	1.13863e-014	5.2459e-014	4.3727e-013	3.74769e-012	4.07865e-012	1.89908e-012	7.2532e-013	1.93747e-012	1.11138e-011	1.21226e-010	5.41837e-010	1.17214e-008	3.60909e-007	5.42171e-007	3.51414e-008	7.05879e-009	3.78393e-010	6.92542e-012	1.31883e-012	7.64166e-012	3.57706e-011	1.90608e-010	2.13328e-009	2.01914e-007	3.39241e-005	0.00302383	0.0937202	0.604016	0.285119	0.0139357	0.000149688	5.44299e-007	8.78433e-010	9.26216e-013	1.93934e-015	4.05861e-018	4.08397e-021	2.54638e-024	4.39213e-027	1.65381e-029	3.36046e-032	2.56228e-035	9.00139e-039	2.10455e-042	1.46202e-045	2.36016e-048	2.17321e-051	7.8788e-055	1.37916e-058	1.6719e-062	6.72622e-066	5.60302e-069	3.2704e-072	6.8931e-076	2.39344e-079	2.87154e-083	3.17916e-086	3.14371e-090	2.23653e-093	1.49789e-097	8.44043e-101	
N16	1.60956e-018	2.13638e-018	2.9626e-017	7.85421e-016	1.34361e-014	1.22642e-014	1.57114e-015	2.54769e-016	1.25874e-015	4.16622e-014	1.61488e-012	8.05115e-012	9.68154e-011	5.36867e-009	1.18739e-008	4.53853e-010	9.70301e-011	1.06939e-011	1.07358e-013	4.3243e-015	1.23693e-014	5.07837e-013	3.84772e-011	4.96691e-010	1.23952e-008	2.9786e-006	0.000618708	0.0442243	0.633342	0.315449	0.00633515	2.83081e-005	4.56279e-008	3.72708e-011	3.83867e-014	5.61068e-017	4.28554e-020	1.75174e-023	1.03893e-026	2.31698e-029	3.53517e-032	2.01792e-035	4.98144e-039	7.04868e-043	1.57212e-046	1.41786e-049	9.32156e-053	2.42381e-056	2.86028e-060	2.07601e-064	2.44199e-068	1.32422e-071	4.37402e-075	9.54127e-079	7.81869e-083	3.12218e-086	1.98457e-090	9.67821e-094	4.06521e-098	8.46869e-102	2.47646e-106	5.2659e-110	
Eriophorum_virginicum	0	0	0	0	0	0	0	0	0	0	0	0	0	0	0	0	0	0	0	0	0	0	0	0	0	0	0	0	1	0	0	0	0	0	0	0	0	0	0	0	0	0	0	0	0	0	0	0	0	0	0	0	0	0	0	0	0	0	0	0	0	0	
Eriophorum_gracile	0	0	0	0	0	0	0	0	0	0	0	0	0	0	0	0	0	0	0	0	0	0	0	0	0	0	0	0	0	1	0	0	0	0	0	0	0	0	0	0	0	0	0	0	0	0	0	0	0	0	0	0	0	0	0	0	0	0	0	0	0	0	
Eriophorum_angustifolium_subsp_angustifolium	0	0	0	0	0	0	0	0	0	0	0	0	0	0	0	0	0	0	0	0	0	0	0	0	0	0	0	0	1	0	0	0	0	0	0	0	0	0	0	0	0	0	0	0	0	0	0	0	0	0	0	0	0	0	0	0	0	0	0	0	0	0	
Scirpus_radicans	0	0	0	0	0	0	0	0	0	0	0	0	0	0	0	0	0	0	0	0	0	0	0	0	0	0	0	1	0	0	0	0	0	0	0	0	0	0	0	0	0	0	0	0	0	0	0	0	0	0	0	0	0	0	0	0	0	0	0	0	0	0	
Scirpus_divaricatus	0	0	0	0	0	0	0	0	0	0	0	0	0	1	0	0	0	0	0	0	0	0	0	0	0	0	0	0	0	0	0	0	0	0	0	0	0	0	0	0	0	0	0	0	0	0	0	0	0	0	0	0	0	0	0	0	0	0	0	0	0	0	
N17	0.0214836	0.0484247	0.0926001	0.145827	0.177898	0.173286	0.138796	0.100262	0.0591343	0.0287991	0.00999314	0.00280883	0.000551151	0.000111466	1.86111e-005	5.07898e-006	7.74857e-007	3.54038e-007	3.78583e-008	2.94656e-008	2.42678e-009	1.64263e-009	1.21236e-010	5.73371e-011	3.68753e-012	1.05537e-012	6.61745e-014	1.32242e-014	8.17983e-016	1.02054e-016	6.5126e-018	6.21324e-019	3.65579e-020	2.70959e-021	1.57613e-022	9.7392e-024	4.6526e-025	2.25476e-026	9.50592e-028	4.17244e-029	1.50066e-030	5.29952e-032	1.63394e-033	4.97275e-035	1.29741e-036	3.50087e-038	8.40866e-040	1.97483e-041	3.82495e-043	7.13636e-045	1.11621e-046	1.67725e-048	1.97755e-050	2.32955e-052	2.1028e-054	2.20279e-056	1.42937e-058	1.50076e-060	7.68049e-063	1.53552e-064	1.59555e-066	5.33255e-067	
N18	4.35607e-007	2.08321e-005	0.000646518	0.00793787	0.148927	0.775216	0.0657622	0.00147449	1.42454e-005	7.52963e-008	2.42452e-010	5.24388e-013	7.90794e-016	8.84729e-019	7.40187e-022	4.91736e-025	2.57415e-028	1.13157e-031	4.06919e-035	1.30463e-038	3.50925e-042	8.84498e-046	1.89071e-049	3.93139e-053	6.87622e-057	1.19371e-060	1.71711e-064	2.4698e-068	2.91877e-072	3.49352e-076	3.43966e-080	3.49475e-084	2.91723e-088	2.53753e-092	1.82666e-096	1.38875e-100	8.77952e-105	5.90841e-109	3.33621e-113	2.00367e-117	1.014e-121	5.43513e-126	2.49005e-130	1.20873e-134	5.01302e-139	2.17747e-143	8.18505e-148	3.21912e-152	1.09465e-156	3.88039e-161	1.19781e-165	3.83972e-170	1.06471e-174	3.05444e-179	7.63095e-184	1.99295e-188	4.52436e-193	1.11347e-197	2.72479e-202	9.19393e-207	4.04115e-211	2.25231e-215	
Carex_pachygyna	0	0	0	0	0	1	0	0	0	0	0	0	0	0	0	0	0	0	0	0	0	0	0	0	0	0	0	0	0	0	0	0	0	0	0	0	0	0	0	0	0	0	0	0	0	0	0	0	0	0	0	0	0	0	0	0	0	0	0	0	0	0	
Carex_siderosticta	0	0	0	0	0	1	0	0	0	0	0	0	0	0	0	0	0	0	0	0	0	0	0	0	0	0	0	0	0	0	0	0	0	0	0	0	0	0	0	0	0	0	0	0	0	0	0	0	0	0	0	0	0	0	0	0	0	0	0	0	0	0	
N19	9.08196e-005	0.000226051	0.000531996	0.00116926	0.0022774	0.00427058	0.00672979	0.00864039	0.0108944	0.0145592	0.0207433	0.0316818	0.0346818	0.0248768	0.0110539	0.00424674	0.00164112	0.00118231	0.00138192	0.00291038	0.00631286	0.0189145	0.0478922	0.126636	0.193439	0.215019	0.116116	0.054843	0.0199344	0.00981719	0.00446246	0.00203514	0.000596519	0.000153149	3.02052e-005	6.93688e-006	1.4231e-006	2.8753e-007	4.23792e-008	5.77851e-009	6.95345e-010	1.12269e-010	2.04963e-011	4.40365e-012	8.47831e-013	1.63259e-013	2.56361e-014	3.635e-015	3.85056e-016	3.44005e-017	2.18396e-018	1.11695e-019	3.88485e-021	1.10764e-022	2.2405e-024	4.1089e-026	5.49407e-028	7.41502e-030	8.70782e-032	1.4436e-033	3.02781e-035	1.13528e-036	
Trichophorum_cespitosum	0	0	0	0	0	0	0	0	0	0	0	0	0	0	0	0	0	0	0	0	0	0	0	0	0	0	0	0	0	0	0	0	0	0	0	0	0	0	0	0	0	0	0	0	0	0	0	0	0	0	0	1	0	0	0	0	0	0	0	0	0	0	
Trichophorum_alpinum	0	0	0	0	0	0	0	0	0	0	0	0	0	0	0	0	0	0	0	0	0	0	0	0	0	0	0	0	1	0	0	0	0	0	0	0	0	0	0	0	0	0	0	0	0	0	0	0	0	0	0	0	0	0	0	0	0	0	0	0	0	0	
N20	0.146051	0.24997	0.271013	0.198326	0.0931976	0.0320041	0.00758099	0.00159869	0.000219149	3.50754e-005	2.97948e-006	4.11218e-007	2.61538e-008	2.70735e-009	1.2625e-010	7.61142e-012	2.13958e-013	7.47155e-015	2.39226e-016	8.08914e-018	1.57968e-019	2.53869e-021	2.72453e-023	2.89314e-025	3.68028e-027	4.04202e-029	3.05116e-031	1.83781e-033	7.78622e-036	3.19099e-038	1.81267e-040	8.83759e-043	3.07046e-045	8.54239e-048	1.80297e-050	3.67862e-053	1.10891e-055	2.86546e-058	5.4977e-061	8.61435e-064	1.03553e-066	1.23888e-069	2.18968e-072	3.40225e-075	3.98544e-078	3.83703e-081	2.85375e-084	1.79216e-087	8.94113e-091	4.47183e-094	1.7783e-097	1.03026e-100	3.71031e-104	2.7364e-107	1.05149e-110	8.70755e-114	3.06675e-117	1.8555e-120	5.38353e-124	3.9187e-127	4.86677e-130	1.35017e-132	
N21	0.187012	0.26832	0.258572	0.173697	0.0792436	0.0259697	0.0059813	0.00105379	0.000134116	1.44021e-005	1.12294e-006	8.63984e-008	4.53371e-009	2.87185e-010	1.06944e-011	6.01817e-013	1.66563e-014	7.67629e-016	1.65544e-017	6.407e-019	1.13821e-020	3.29866e-022	5.12361e-024	1.13216e-025	1.39704e-027	2.26738e-029	2.56851e-031	3.72423e-033	3.58317e-035	3.65431e-037	2.92974e-039	2.62075e-041	1.85971e-043	1.4469e-045	9.26852e-048	5.81849e-050	3.02555e-052	1.63496e-054	8.22026e-057	4.43486e-059	2.02069e-061	8.87029e-064	3.54657e-066	1.47851e-068	5.7976e-071	2.41327e-073	8.8713e-076	3.05122e-078	8.53311e-081	2.22426e-083	4.78145e-086	1.04024e-088	1.81838e-091	3.67688e-094	5.68876e-097	1.30199e-099	1.8068e-102	4.47578e-105	6.02277e-108	1.83951e-110	7.14161e-113	9.61964e-115	
N22	0.274949	0.314263	0.230517	0.121164	0.0445965	0.0119321	0.00223503	0.000310272	3.0448e-005	2.36444e-006	1.3206e-007	6.74068e-009	2.46451e-010	1.0218e-011	2.79878e-013	1.01738e-014	2.16352e-016	6.21531e-018	1.02545e-019	2.3253e-021	3.05755e-023	5.37977e-025	6.09458e-027	8.87853e-029	8.61746e-031	9.95832e-033	8.62281e-035	8.83008e-037	6.70372e-039	5.48114e-041	3.66288e-043	2.63721e-045	1.5079e-047	9.20821e-050	4.76598e-052	2.54425e-054	1.13495e-056	5.15272e-059	2.05519e-061	8.56765e-064	3.07684e-066	1.10017e-068	3.52886e-071	1.13406e-073	3.2474e-076	9.49953e-079	2.50124e-081	6.37657e-084	1.36677e-086	2.73979e-089	4.56376e-092	7.42447e-095	9.95736e-098	1.47026e-100	1.79623e-103	2.94568e-106	3.51891e-109	6.20656e-112	7.86773e-115	1.91775e-117	6.67802e-120	4.81512e-122	
N23	0.235552	0.300059	0.248396	0.143711	0.054914	0.0145128	0.00251252	0.000314026	2.62514e-005	1.77161e-006	8.20112e-008	3.71488e-009	1.14111e-010	4.13567e-012	9.40908e-014	2.69987e-015	4.52106e-017	9.45449e-019	1.25121e-020	2.15738e-022	2.39438e-024	3.13787e-026	2.86598e-028	2.98422e-030	2.36875e-032	2.11781e-034	1.51253e-036	1.13103e-038	6.44421e-041	3.71609e-043	1.91043e-045	1.04661e-047	4.76146e-050	2.14187e-052	8.04078e-055	2.98004e-057	1.0189e-059	3.59436e-062	1.13191e-064	3.47675e-067	9.06105e-070	2.29588e-072	5.59496e-075	1.40041e-077	3.15432e-080	6.86115e-083	1.28679e-085	2.23877e-088	3.2724e-091	4.52754e-094	5.2899e-097	6.3831e-100	6.42361e-103	7.76062e-106	7.61258e-109	1.05156e-111	1.02291e-114	1.41323e-117	1.42292e-120	2.71512e-123	7.554e-126	3.84859e-128	
N24	0.145507	0.251016	0.284335	0.206475	0.0869698	0.0221535	0.00321668	0.000308782	1.77657e-005	8.32205e-007	2.4043e-008	7.75732e-010	1.45432e-011	3.79208e-013	5.19216e-015	9.95584e-017	9.57442e-019	1.22395e-020	9.83748e-023	1.09816e-024	7.69299e-027	6.0377e-029	3.29125e-031	1.95964e-033	9.70831e-036	5.34541e-038	2.37636e-040	1.03238e-042	3.3485e-045	1.06439e-047	3.3339e-050	1.11074e-052	3.05913e-055	7.90218e-058	1.66189e-060	3.35948e-063	6.93575e-066	1.48463e-068	2.80335e-071	4.91988e-074	7.11458e-077	9.84891e-080	1.4328e-082	2.16699e-085	2.90479e-088	3.61147e-091	3.73533e-094	3.45767e-097	2.62958e-100	1.88553e-103	1.12173e-106	7.37111e-110	3.86553e-113	2.85838e-116	1.52322e-119	1.38574e-122	7.29702e-126	6.20734e-129	3.11129e-132	3.29755e-135	5.32146e-138	1.77618e-140	
N25	0.0458272	0.137368	0.270272	0.310723	0.178051	0.050333	0.00684629	0.000553227	2.4847e-005	9.2089e-007	2.02887e-008	5.38234e-010	7.71403e-012	1.59277e-013	1.66236e-015	2.47034e-017	1.82994e-019	1.76364e-021	1.10552e-023	9.74565e-026	5.62342e-028	3.56417e-030	1.58784e-032	7.37752e-035	2.88064e-037	1.26892e-039	4.68515e-042	1.68242e-044	4.49363e-047	1.13948e-049	2.84582e-052	7.74728e-055	1.80817e-057	3.96342e-060	6.9908e-063	1.14848e-065	1.9262e-068	3.44064e-071	5.60831e-074	8.50369e-077	1.05057e-079	1.2081e-082	1.44945e-085	1.86279e-088	2.18696e-091	2.39306e-094	2.14537e-097	1.67935e-100	1.05763e-103	6.20858e-107	3.02667e-110	1.70684e-113	7.76354e-117	5.28283e-120	2.48014e-123	2.06586e-126	9.60099e-130	7.39418e-133	3.23871e-136	2.99091e-139	4.25337e-142	1.2619e-144	
Fimbristylis_autumnalis	0	0	0	0	1	0	0	0	0	0	0	0	0	0	0	0	0	0	0	0	0	0	0	0	0	0	0	0	0	0	0	0	0	0	0	0	0	0	0	0	0	0	0	0	0	0	0	0	0	0	0	0	0	0	0	0	0	0	0	0	0	0	
Fimbristylis_complanata	0	0	0	0	1	0	0	0	0	0	0	0	0	0	0	0	0	0	0	0	0	0	0	0	0	0	0	0	0	0	0	0	0	0	0	0	0	0	0	0	0	0	0	0	0	0	0	0	0	0	0	0	0	0	0	0	0	0	0	0	0	0	
N26	0.000130942	0.00346661	0.0439804	0.303292	0.579474	0.0675287	0.0020978	2.90697e-005	2.04789e-007	9.5846e-010	2.78679e-012	6.99015e-015	1.16257e-017	2.01811e-020	2.26904e-023	2.91421e-026	2.31897e-029	2.14155e-032	1.29271e-035	9.50973e-039	4.68646e-042	2.67219e-045	1.08518e-048	4.91046e-052	1.67398e-055	6.30649e-059	1.90624e-062	6.10941e-066	1.51909e-069	3.82026e-073	8.27766e-077	1.89151e-080	3.63453e-084	7.02826e-088	1.14691e-091	1.84617e-095	2.65002e-099	3.89352e-103	5.15096e-107	6.76951e-111	7.65373e-115	8.39916e-119	8.55735e-123	8.87389e-127	8.35231e-131	7.71853e-135	6.22561e-139	4.69468e-143	2.98417e-147	1.79037e-151	9.13915e-156	4.75505e-160	2.11001e-164	1.07381e-168	4.60406e-173	2.54469e-177	1.07364e-181	5.98564e-186	2.74132e-190	2.20314e-194	2.4734e-198	3.97733e-202	
Fimbristylis_aestivalis	0	0	0	0	1	0	0	0	0	0	0	0	0	0	0	0	0	0	0	0	0	0	0	0	0	0	0	0	0	0	0	0	0	0	0	0	0	0	0	0	0	0	0	0	0	0	0	0	0	0	0	0	0	0	0	0	0	0	0	0	0	0	
Fimbristylis_squarrosa	0	0	0	0	1	0	0	0	0	0	0	0	0	0	0	0	0	0	0	0	0	0	0	0	0	0	0	0	0	0	0	0	0	0	0	0	0	0	0	0	0	0	0	0	0	0	0	0	0	0	0	0	0	0	0	0	0	0	0	0	0	0	
Fimbristylis_ovata	0	0	0	0	1	0	0	0	0	0	0	0	0	0	0	0	0	0	0	0	0	0	0	0	0	0	0	0	0	0	0	0	0	0	0	0	0	0	0	0	0	0	0	0	0	0	0	0	0	0	0	0	0	0	0	0	0	0	0	0	0	0	
N27	0.101742	0.185615	0.246343	0.235552	0.148577	0.0623418	0.016451	0.0029827	0.000359902	3.37637e-005	2.2959e-006	1.41924e-007	6.63241e-009	3.22447e-010	1.15926e-011	4.66038e-013	1.28742e-014	3.9263e-016	8.0477e-018	1.85747e-019	2.86452e-021	4.8525e-023	5.76798e-025	7.50127e-027	7.20042e-029	7.53327e-031	6.1324e-033	5.27254e-035	3.50643e-037	2.4069e-039	1.41818e-041	9.13534e-044	5.19698e-046	3.24894e-048	1.86055e-050	1.1366e-052	6.27539e-055	3.5636e-057	1.77171e-059	8.62714e-062	3.53564e-064	1.39513e-066	4.92351e-069	1.72495e-071	5.29676e-074	1.56904e-076	4.01119e-079	9.63386e-082	1.95326e-084	3.75234e-087	6.12887e-090	9.95216e-093	1.36875e-095	2.02353e-098	2.54374e-101	3.79724e-104	4.55361e-107	6.7991e-110	9.07722e-113	2.00923e-115	6.00672e-118	2.72071e-120	
Bulbostylis_barbata	0	0	0	0	1	0	0	0	0	0	0	0	0	0	0	0	0	0	0	0	0	0	0	0	0	0	0	0	0	0	0	0	0	0	0	0	0	0	0	0	0	0	0	0	0	0	0	0	0	0	0	0	0	0	0	0	0	0	0	0	0	0	
N28	0.0455226	0.0980957	0.169683	0.240461	0.240252	0.144337	0.0477938	0.0115776	0.00186728	0.000348659	5.01018e-005	9.62211e-006	1.21302e-006	2.8878e-007	3.71527e-008	5.63131e-009	3.18947e-010	2.66616e-011	1.7095e-012	1.54863e-013	6.39853e-015	2.84753e-016	1.25452e-017	9.07714e-019	7.28335e-020	1.03218e-020	1.56652e-021	2.25729e-022	1.85286e-023	1.0493e-024	4.22118e-026	1.81164e-027	7.24904e-029	2.70551e-030	7.48179e-032	1.78198e-033	3.55546e-035	6.07877e-037	7.5088e-039	6.91923e-041	4.03837e-043	1.66684e-045	5.1916e-048	1.31647e-050	2.48126e-053	3.74726e-056	4.0556e-059	3.39956e-062	2.03838e-065	1.00754e-068	3.69919e-072	1.34191e-075	3.63907e-079	1.29098e-082	3.10795e-086	1.22373e-089	2.59718e-093	8.91004e-097	1.64342e-100	6.10671e-104	3.19737e-107	3.41414e-110	
N29	0.041744	0.0837004	0.137708	0.195677	0.217544	0.153432	0.0587706	0.0192374	0.00397423	0.00362251	0.000952443	0.00313756	0.00075302	0.00292443	0.00223829	0.00444988	0.00203134	0.00112385	0.000841824	0.00123195	0.00102301	0.00061189	0.000356635	0.000225945	0.000225976	0.000577611	0.00236383	0.0075365	0.0114637	0.00819067	0.00550119	0.00589775	0.00750848	0.0070745	0.0039144	0.00139205	0.000575154	0.000302228	0.000128493	3.17857e-005	3.74155e-006	2.15304e-007	1.12023e-008	6.57614e-010	3.00834e-011	8.43612e-013	1.25775e-014	1.07164e-016	5.07401e-019	1.7351e-021	3.71325e-024	1.99068e-026	4.05206e-029	4.5621e-031	5.57663e-034	9.31924e-036	1.40384e-038	1.25987e-040	1.50801e-043	6.5947e-046	1.66306e-048	1.15914e-049	
Bulbostylis_juncoides	0	0	0	0	0	0	0	0	0	0	0	0	0	0	0	0	0	0	0	0	0	0	0	0	0	0	0	0	0	0	0	0	0	0	0	0	0	0	0	0	0	1	0	0	0	0	0	0	0	0	0	0	0	0	0	0	0	0	0	0	0	0	
Bulbostylis_densa	0	0	0	0	0	0	0	0	0	0	0	0	0	0	0	0	0	0	0	0	0	0	0	0	0	0	0	0	0	0	0	1	0	0	0	0	0	0	0	0	0	0	0	0	0	0	0	0	0	0	0	0	0	0	0	0	0	0	0	0	0	0	
Bulbostylis_hispidula	0	0	0	0	1	0	0	0	0	0	0	0	0	0	0	0	0	0	0	0	0	0	0	0	0	0	0	0	0	0	0	0	0	0	0	0	0	0	0	0	0	0	0	0	0	0	0	0	0	0	0	0	0	0	0	0	0	0	0	0	0	0	
N30	0.0145106	0.0369966	0.0768782	0.129688	0.172697	0.193946	0.168413	0.115438	0.0559257	0.0233608	0.00806947	0.00292899	0.000827539	0.000253494	5.31412e-005	1.1875e-005	1.5823e-006	2.11845e-007	1.72079e-008	1.57314e-009	1.0519e-010	9.4579e-012	7.59792e-013	8.20153e-014	8.07646e-015	1.0157e-015	1.13192e-016	1.39333e-017	1.35806e-018	1.32675e-019	1.08809e-020	9.01729e-022	5.95734e-023	3.71038e-024	1.8318e-025	8.37927e-027	3.19458e-028	1.16036e-029	3.48622e-031	9.57541e-033	2.09881e-034	4.18081e-036	7.22915e-038	1.19635e-039	1.67824e-041	2.16675e-043	2.31076e-045	2.20476e-047	1.70977e-049	1.2155e-051	7.13943e-054	4.11842e-056	1.96791e-058	1.01975e-060	4.36678e-063	2.2558e-065	8.96517e-068	4.4391e-070	1.87238e-072	1.31675e-074	1.26393e-076	2.23234e-078	
Eleocharis_dulcis	0	0	0	0	0	0	0	0	0	0	0	0	0	0	0	0	0	0	0	0	0	0	0	0	0	0	0	0	0	0	0	0	0	0	0	0	0	1	0	0	0	0	0	0	0	0	0	0	0	0	0	0	0	0	0	0	0	0	0	0	0	0	
N31	0.00048276	0.0025905	0.0114653	0.0374345	0.0890568	0.170177	0.24353	0.240083	0.141835	0.0511841	0.0106077	0.00142683	0.000118984	7.35858e-006	3.0596e-007	1.04453e-008	2.63156e-010	6.22653e-012	1.23212e-013	2.47936e-015	3.87834e-017	5.97639e-019	6.79049e-021	8.30637e-023	7.55368e-025	7.77629e-027	6.12641e-029	5.14762e-031	3.35029e-033	2.11292e-035	1.06636e-037	4.9198e-040	1.82153e-042	5.90979e-045	1.55486e-047	3.55039e-050	6.65341e-053	1.09677e-055	1.50644e-058	1.85431e-061	1.92177e-064	1.85339e-067	1.56359e-070	1.34464e-073	1.04493e-076	8.78574e-080	6.70194e-083	5.48701e-086	3.83407e-089	2.78942e-092	1.71352e-095	1.11212e-098	5.90876e-102	3.45393e-105	1.6564e-108	9.41271e-112	4.12696e-115	2.26522e-118	1.04904e-121	8.32001e-125	8.6716e-128	1.28652e-130	
N32	7.98886e-005	0.000368184	0.00179001	0.00714957	0.0204919	0.0429459	0.0774079	0.16066	0.262983	0.263197	0.129073	0.0304315	0.00306533	0.000302678	3.66565e-005	1.24126e-005	3.07463e-006	1.23329e-006	2.50922e-007	6.8587e-008	8.33411e-009	1.23786e-009	8.47569e-011	6.93286e-012	2.67171e-013	1.06545e-014	2.34644e-016	5.47633e-018	7.89242e-020	1.23526e-021	1.3949e-023	1.59269e-025	1.19383e-027	8.99815e-030	5.42497e-032	3.64663e-034	1.83821e-036	9.12302e-039	3.50618e-041	1.37472e-043	4.42713e-046	1.53495e-048	4.60172e-051	1.33571e-053	3.10632e-056	7.08592e-059	1.48099e-061	3.27127e-064	6.29581e-067	1.12741e-069	1.61262e-072	2.06076e-075	2.05812e-078	2.02667e-081	1.63838e-084	1.69603e-087	1.32848e-090	1.54142e-093	1.29324e-096	2.13316e-099	4.93274e-102	2.4685e-104	
Eleocharis_uniglumis	0	0	0	0	0	0	0	0	0	0	0	0	0	0	0	0	0	0	0	0	0	0	0	1	0	0	0	0	0	0	0	0	0	0	0	0	0	0	0	0	0	0	0	0	0	0	0	0	0	0	0	0	0	0	0	0	0	0	0	0	0	0	
Eleocharis_acicularis	0	0	0	0	0	0	0	0	0	1	0	0	0	0	0	0	0	0	0	0	0	0	0	0	0	0	0	0	0	0	0	0	0	0	0	0	0	0	0	0	0	0	0	0	0	0	0	0	0	0	0	0	0	0	0	0	0	0	0	0	0	0	
N33	9.03902e-005	0.000589075	0.00354203	0.0158893	0.0530823	0.13936	0.254955	0.286311	0.176238	0.0585239	0.0103055	0.00104962	6.15899e-005	2.65165e-006	7.07585e-008	2.45026e-009	4.44681e-011	1.59479e-012	2.05734e-014	5.43796e-016	4.8209e-018	8.20176e-020	5.09492e-022	6.03321e-024	2.9674e-026	2.62304e-028	1.18244e-030	7.95074e-033	3.0275e-035	1.53203e-037	5.94051e-040	2.97269e-042	1.02225e-044	3.68249e-047	1.0432e-049	3.41456e-052	8.6399e-055	2.50997e-057	5.99944e-060	1.48809e-062	2.69202e-065	5.33168e-068	9.6771e-071	1.99899e-073	3.23927e-076	5.17231e-079	6.94865e-082	9.95056e-085	1.28147e-087	1.77055e-090	2.08952e-093	2.27023e-096	1.87405e-099	1.41921e-102	8.28361e-106	5.56941e-109	2.69288e-112	2.1254e-115	1.09447e-118	1.31293e-121	2.04997e-124	1.0585e-126	
N34	4.61841e-007	5.39555e-006	6.46932e-005	0.00060306	0.00383124	0.0359114	0.207221	0.463373	0.253262	0.033997	0.00168913	4.03522e-005	5.21477e-007	4.45205e-009	2.4954e-011	1.37553e-013	5.30909e-016	2.65419e-018	7.57773e-021	2.84042e-023	5.5547e-026	1.40983e-028	1.88786e-031	3.40154e-034	3.38868e-037	4.75413e-040	4.02153e-043	4.55663e-046	3.23117e-049	2.88956e-052	1.92649e-055	1.66037e-058	1.03704e-061	7.04619e-065	3.65424e-068	2.15383e-071	9.77421e-075	5.1685e-078	2.22471e-081	1.03399e-084	3.52467e-088	1.30249e-091	4.14036e-095	1.54314e-098	4.5862e-102	1.39783e-105	3.49575e-109	9.27218e-113	2.14708e-116	5.47747e-120	1.22767e-123	2.66609e-127	4.5489e-131	7.22512e-135	9.17046e-139	1.23998e-142	1.33121e-146	1.85595e-150	2.16525e-154	4.70464e-158	1.58047e-161	1.00433e-164	
Eleocharis_mamillata_subsp_mamillata	0	0	0	0	0	0	0	1	0	0	0	0	0	0	0	0	0	0	0	0	0	0	0	0	0	0	0	0	0	0	0	0	0	0	0	0	0	0	0	0	0	0	0	0	0	0	0	0	0	0	0	0	0	0	0	0	0	0	0	0	0	0	
Eleocharis_compressa_var_compressa	0	0	0	0	0	0	0	0	1	0	0	0	0	0	0	0	0	0	0	0	0	0	0	0	0	0	0	0	0	0	0	0	0	0	0	0	0	0	0	0	0	0	0	0	0	0	0	0	0	0	0	0	0	0	0	0	0	0	0	0	0	0	
Eleocharis_flavescens_var_olivacea	0	0	0	0	0	0	0	0	0	1	0	0	0	0	0	0	0	0	0	0	0	0	0	0	0	0	0	0	0	0	0	0	0	0	0	0	0	0	0	0	0	0	0	0	0	0	0	0	0	0	0	0	0	0	0	0	0	0	0	0	0	0	
N35	0.0113562	0.0334081	0.0765579	0.132437	0.161597	0.158276	0.116865	0.099533	0.066023	0.0616719	0.0318646	0.0260528	0.0116815	0.00798122	0.00300991	0.00128309	0.000292745	7.9033e-005	2.33096e-005	6.25531e-006	9.37843e-007	1.02393e-007	7.35923e-009	5.38023e-010	5.38918e-011	4.31959e-012	2.18585e-013	8.03777e-015	2.03066e-016	5.22809e-018	2.01533e-019	6.28365e-021	1.2834e-022	1.91975e-024	2.10441e-026	2.35386e-028	4.26087e-030	6.24483e-032	6.20905e-034	4.66777e-036	2.59908e-038	1.53876e-040	1.45128e-042	1.15129e-044	6.34216e-047	2.65679e-049	8.24201e-052	2.12981e-054	4.50257e-057	1.07127e-059	2.10395e-062	6.20853e-065	1.04674e-067	3.416e-070	6.06266e-073	2.0565e-075	3.25659e-078	7.35009e-081	9.2963e-084	3.01062e-086	1.76187e-088	2.3098e-090	
N36	0.00287828	0.00998308	0.0297354	0.0682814	0.113685	0.146268	0.137784	0.125802	0.0998386	0.0940678	0.0657052	0.0545401	0.0272348	0.0164937	0.0053841	0.0018989	0.000343308	6.5446e-005	9.37357e-006	1.30902e-006	1.09675e-007	6.69346e-009	2.65638e-010	9.03617e-012	2.81545e-013	8.11691e-015	1.66382e-016	2.60713e-018	2.82956e-020	2.75047e-022	2.70173e-024	2.99262e-026	2.49294e-028	1.98393e-030	1.13373e-032	6.8682e-035	4.33043e-037	3.08071e-039	1.53682e-041	7.92153e-044	2.57527e-046	9.94973e-049	3.45471e-051	1.48772e-053	4.2564e-056	1.28053e-058	2.5945e-061	5.57019e-064	8.21236e-067	1.64014e-069	2.00443e-072	4.32524e-075	4.18057e-078	9.01848e-081	7.87541e-084	1.6982e-086	1.41762e-089	2.29075e-092	1.63513e-095	2.45271e-098	4.03427e-101	3.39995e-103	
N37	0.000822818	0.00299812	0.010589	0.0308438	0.0679298	0.115394	0.136951	0.135882	0.119229	0.115581	0.0956029	0.0824913	0.0475519	0.0265974	0.00852286	0.0025577	0.000393456	5.68193e-005	4.48171e-006	3.73658e-007	1.51976e-008	6.19802e-010	1.23161e-011	3.0962e-013	3.78129e-015	7.04254e-017	6.62487e-019	9.0981e-021	5.76058e-023	4.72341e-025	2.34041e-027	1.57265e-029	6.0922e-032	2.86473e-034	8.55125e-037	2.82197e-039	6.93592e-042	1.96207e-044	4.22473e-047	9.89044e-050	1.62835e-052	2.70354e-055	3.95778e-058	6.20765e-061	8.07528e-064	1.06157e-066	1.11951e-069	1.08948e-072	8.25227e-076	6.00121e-079	3.57384e-082	2.2913e-085	1.13753e-088	6.64253e-092	2.9605e-095	1.81715e-098	6.85285e-102	3.66897e-105	1.17071e-108	6.69383e-112	4.3947e-115	1.54451e-117	
N38	0.000435798	0.00174127	0.00679829	0.0215998	0.0515179	0.0938958	0.121782	0.13068	0.119997	0.119387	0.10463	0.100312	0.0615588	0.0431492	0.0136237	0.00730087	0.00105527	0.000484485	3.74736e-005	1.40435e-005	7.31157e-007	1.49432e-007	6.3611e-009	6.4992e-010	1.94173e-011	1.1071e-012	2.97983e-014	1.23707e-015	2.6934e-017	6.40612e-019	1.12887e-020	2.1744e-022	3.35042e-024	5.62144e-026	7.5307e-028	9.16617e-030	9.76251e-032	1.03746e-033	1.06351e-035	1.13683e-037	9.98075e-040	7.80302e-042	5.61867e-044	3.93058e-046	2.58917e-048	1.73738e-050	9.67546e-053	4.67982e-055	1.74441e-057	5.76087e-060	1.50224e-062	3.83913e-065	7.4616e-068	1.61804e-070	2.39346e-073	5.31959e-076	5.63507e-079	1.54618e-081	1.30204e-084	5.1707e-087	8.1197e-090	3.43368e-091	
N39	6.07839e-005	0.000143215	0.000348258	0.000838505	0.0018208	0.00407512	0.0089139	0.0160184	0.0192859	0.0152733	0.0122282	0.0166092	0.0296817	0.0559397	0.0944368	0.148219	0.182578	0.188084	0.123036	0.0607356	0.0166444	0.00405854	0.000740813	0.000180115	3.79435e-005	9.71058e-006	1.76133e-006	3.57268e-007	5.59848e-008	1.1907e-008	2.26676e-009	5.5456e-010	1.04027e-010	2.16274e-011	3.30852e-012	5.30799e-013	6.0863e-014	6.93685e-015	5.67588e-016	4.45355e-017	2.46693e-018	1.27706e-019	4.85424e-021	1.74814e-022	4.61148e-024	1.14754e-025	2.20791e-027	4.11721e-029	5.96776e-031	8.40852e-033	9.46406e-035	1.03793e-036	8.95927e-039	7.56636e-041	5.1375e-043	3.56177e-045	1.93543e-047	1.12564e-049	5.7237e-052	4.31281e-054	4.57185e-056	9.54867e-058	
N40	9.10942e-007	1.03678e-006	3.22219e-007	1.3879e-007	4.24424e-007	2.77368e-006	1.75978e-005	4.39985e-005	0.000292861	0.000150846	6.09067e-006	1.03041e-005	4.40397e-005	4.4278e-005	0.00018372	0.00117521	0.0131989	0.1644	0.64989	0.162192	0.00814803	0.000193967	3.09785e-006	1.25323e-007	6.55848e-009	2.37775e-010	4.22918e-012	3.51233e-014	2.16908e-016	4.70248e-018	1.46552e-019	4.1955e-021	8.68795e-023	2.72147e-024	1.13375e-025	4.16199e-027	1.01351e-028	1.63263e-030	1.35052e-032	4.44055e-035	7.52663e-038	8.21033e-041	5.92791e-044	3.22513e-047	1.2782e-050	4.19917e-054	1.07582e-057	2.55853e-061	5.048e-065	1.02789e-068	1.78782e-072	3.26077e-076	4.92502e-080	7.54982e-084	9.61624e-088	1.24294e-091	1.34556e-095	1.57031e-099	1.97248e-103	3.73467e-107	8.76416e-111	2.27841e-114	
Schoenoplectus_pungens	0	0	0	0	0	0	0	0	0	0	0	0	0	0	0	0	0	0	0	0	0	0	0	0	0	0	0	0	0	0	0	0	0	0	0	0	0	0	1	0	0	0	0	0	0	0	0	0	0	0	0	0	0	0	0	0	0	0	0	0	0	0	
N41	6.1094e-009	4.79898e-009	9.98899e-010	2.95108e-010	1.31042e-009	1.25865e-008	1.52544e-007	7.61968e-007	7.81272e-006	6.22461e-006	9.15847e-008	4.75091e-008	3.05674e-007	7.76049e-007	5.2753e-006	0.000128257	0.00456608	0.120253	0.696945	0.17263	0.00542079	3.53376e-005	9.5502e-008	3.02785e-010	1.257e-012	3.51447e-015	4.57108e-018	3.04261e-021	1.2211e-024	1.11352e-027	1.24325e-030	1.38667e-033	1.22816e-036	1.47484e-039	1.90161e-042	1.93076e-045	1.28211e-048	5.39074e-052	1.20552e-055	1.25183e-059	7.14544e-064	2.60221e-068	6.74078e-073	1.88292e-077	1.03075e-081	5.53156e-086	2.17526e-090	1.70651e-094	2.72994e-098	3.70186e-102	2.85618e-106	1.13477e-110	2.95173e-115	1.55712e-119	1.62216e-123	1.46893e-127	7.72199e-132	2.05957e-136	3.78381e-141	1.81124e-145	5.72785e-149	3.26693e-152	
Schoenoplectus_acutus_var_acutus	0	0	0	0	0	0	0	0	0	0	0	0	0	0	0	0	0	0	1	0	0	0	0	0	0	0	0	0	0	0	0	0	0	0	0	0	0	0	0	0	0	0	0	0	0	0	0	0	0	0	0	0	0	0	0	0	0	0	0	0	0	0	
N42	6.94528e-011	5.6729e-011	1.61605e-011	7.70506e-012	1.91019e-011	1.13085e-010	2.63871e-009	3.64595e-008	6.02324e-007	4.03698e-007	1.38414e-008	1.64777e-009	4.29806e-009	2.91962e-008	7.94456e-007	1.43583e-005	0.00113656	0.0604286	0.645971	0.275252	0.0170918	0.000103191	1.96319e-007	5.41917e-010	4.22468e-012	7.98106e-015	5.7938e-018	5.79965e-021	2.07234e-023	1.17486e-025	2.25342e-028	1.5515e-031	3.71307e-035	1.42359e-037	3.89429e-041	2.06156e-043	3.62289e-047	7.47074e-050	4.19655e-054	3.60822e-057	1.61332e-061	8.59346e-065	1.62255e-068	2.08127e-072	1.005e-076	8.31934e-081	3.21434e-084	2.07487e-087	6.03481e-091	4.44187e-095	1.5491e-099	7.76014e-104	2.2479e-107	9.66531e-111	1.90801e-114	9.46196e-119	2.26134e-123	7.55146e-128	1.63299e-131	5.05252e-135	7.81631e-139	1.35226e-142	
Schoenoplectus_lacustris	0	0	0	0	0	0	0	0	0	0	0	0	0	0	0	0	0	0	0	0	1	0	0	0	0	0	0	0	0	0	0	0	0	0	0	0	0	0	0	0	0	0	0	0	0	0	0	0	0	0	0	0	0	0	0	0	0	0	0	0	0	0	
Schoenoplectus_heterochaetus	0	0	0	0	0	0	0	0	0	0	0	0	0	0	0	0	0	0	1	0	0	0	0	0	0	0	0	0	0	0	0	0	0	0	0	0	0	0	0	0	0	0	0	0	0	0	0	0	0	0	0	0	0	0	0	0	0	0	0	0	0	0	
Actinoscirpus_grossus	0	0	0	0	0	0	0	0	0	0	0	0	0	0	0	0	0	0	0	0	0	0	0	0	0	0	0	0	0	0	0	0	0	0	0	0	0	0	0	0	1	0	0	0	0	0	0	0	0	0	0	0	0	0	0	0	0	0	0	0	0	0	
N43	2.44859e-005	0.00011794	0.000616283	0.00276049	0.00954472	0.025558	0.0513301	0.0821868	0.106198	0.124229	0.132988	0.145023	0.129346	0.103319	0.0533917	0.0247491	0.00655826	0.00176938	0.000245837	4.12629e-005	3.12912e-006	3.18256e-007	1.43727e-008	9.1966e-010	2.53377e-011	9.25398e-013	1.60137e-014	3.79341e-016	4.48791e-018	6.75853e-020	5.88779e-022	6.11682e-024	3.72407e-026	2.63615e-028	1.3356e-030	7.68435e-033	3.03909e-035	1.21577e-037	3.73045e-040	1.23249e-042	3.21358e-045	8.64169e-048	1.90369e-050	4.07888e-053	6.95316e-056	1.21949e-058	1.90474e-061	3.02946e-064	3.85218e-067	4.56918e-070	4.33984e-073	4.02855e-076	2.98153e-079	2.34002e-082	1.49902e-085	1.12472e-088	5.84771e-092	3.85507e-095	1.79217e-098	1.53543e-101	1.78217e-104	5.97781e-107	
N44	5.06538e-006	2.36746e-005	0.000135101	0.000707338	0.00298041	0.00897836	0.0200675	0.0415201	0.0745813	0.108747	0.135942	0.162057	0.164832	0.138323	0.0837705	0.0400308	0.0130476	0.00351115	0.000618275	0.000109373	1.13249e-005	1.65289e-006	1.12509e-007	1.42684e-008	6.47272e-010	5.4333e-011	1.52383e-012	7.81397e-014	1.36134e-015	4.46113e-017	5.69699e-019	1.35109e-020	1.33685e-022	2.26771e-024	1.97333e-026	2.99324e-028	2.58091e-030	3.19592e-032	2.59927e-034	2.66885e-036	1.94572e-038	1.78237e-040	1.42267e-042	1.31934e-044	9.76704e-047	7.81843e-049	5.68861e-051	4.76598e-053	3.33483e-055	2.3624e-057	1.33487e-059	7.2704e-062	2.96391e-064	1.24409e-066	4.3427e-069	1.68664e-071	4.48435e-074	1.26606e-076	2.5696e-079	7.50049e-082	2.75016e-084	4.10686e-086	
N45	2.41244e-006	1.03306e-005	5.77838e-005	0.00032456	0.0015545	0.00506047	0.0108921	0.0221671	0.0480914	0.0919542	0.144604	0.188691	0.188558	0.148254	0.0888369	0.0417558	0.0143712	0.00389059	0.00077371	0.000131188	1.61922e-005	2.00331e-006	1.59069e-007	1.82427e-008	9.00272e-010	1.01302e-010	3.1861e-012	3.3604e-013	9.63863e-015	1.2212e-015	3.91033e-017	4.93788e-018	1.44419e-019	1.44614e-020	3.85326e-022	3.41611e-023	9.07639e-025	7.06791e-026	2.28432e-027	1.80943e-028	7.33356e-030	5.72359e-031	2.93794e-032	2.30229e-033	1.17363e-034	6.59246e-036	2.72883e-037	1.23952e-038	4.40671e-040	1.64747e-041	4.76345e-043	1.25071e-044	2.28011e-046	3.96253e-048	5.70724e-050	8.99289e-052	9.97917e-054	1.07624e-055	8.41548e-058	7.20221e-060	7.37539e-062	4.91062e-063	
Scirpus_ficinioides	0	0	0	0	0	0	0	0	0	0	0	0	0	0	0	0	0	0	0	0	0	0	0	0	0	0	0	0	0	0	0	0	0	0	0	0	0	0	0	0	0	0	0	0	0	0	0	0	0	0	0	1	0	0	0	0	0	0	0	0	0	0	
N46	9.85179e-008	3.90279e-007	1.92107e-006	1.08956e-005	7.03126e-005	0.000354775	0.000923154	0.00149541	0.004267	0.0175101	0.0632905	0.166527	0.280287	0.277677	0.144006	0.0380725	0.00509043	0.000395227	1.94722e-005	7.28091e-007	2.17399e-008	6.31505e-010	1.78501e-011	5.83908e-013	1.84285e-014	7.00966e-016	2.26016e-017	8.60524e-019	2.22902e-020	6.81753e-022	1.21084e-023	2.58618e-025	2.91303e-027	3.91412e-029	2.74104e-031	2.34405e-033	1.05619e-035	5.94686e-038	1.8455e-040	7.26203e-043	1.66895e-045	4.81002e-048	9.18867e-051	2.09254e-053	3.42801e-056	5.82186e-059	7.56398e-062	9.38538e-065	9.19129e-068	8.30254e-071	6.04544e-074	3.97111e-077	2.07905e-080	9.94503e-084	3.9349e-087	1.57742e-090	5.31255e-094	1.96747e-097	6.53299e-101	3.19749e-104	2.47048e-107	3.33552e-110	
N47	5.95066e-008	2.10068e-007	9.69453e-007	5.4673e-006	3.35984e-005	0.000152944	0.000386386	0.000685442	0.00183061	0.00770758	0.0337868	0.115015	0.254898	0.322926	0.19983	0.0550429	0.00707634	0.000580198	3.82005e-005	3.14179e-006	2.45667e-007	8.31495e-008	1.12616e-008	7.0107e-009	8.53533e-010	3.98959e-010	3.17999e-011	9.18789e-012	4.40216e-013	7.33376e-014	2.19545e-015	1.83459e-016	3.19203e-018	1.2714e-019	1.45542e-021	3.57334e-023	3.97945e-025	5.89636e-027	5.09431e-029	4.65008e-031	3.30753e-033	2.78776e-035	2.00066e-037	1.30701e-039	5.89393e-042	2.49073e-044	9.74572e-047	4.68752e-049	1.72993e-051	6.10652e-054	1.63272e-056	4.53525e-059	9.73656e-062	2.64596e-064	6.35279e-067	1.51861e-069	2.26262e-072	3.05331e-075	2.86263e-078	4.11421e-081	7.15019e-084	8.57706e-086	
Isolepis_crassiuscula	0	0	0	0	0	0	0	0	0	0	0	0	0	0	0	0	0	0	0	0	0	0	0	0	0	0	0	0	0	0	0	1	0	0	0	0	0	0	0	0	0	0	0	0	0	0	0	0	0	0	0	0	0	0	0	0	0	0	0	0	0	0	
N48	8.78133e-010	3.94429e-009	1.32117e-008	3.79918e-008	2.96276e-007	3.43906e-006	1.75756e-005	1.69304e-005	1.89788e-005	0.000164365	0.00249212	0.0262233	0.148673	0.380305	0.347385	0.086625	0.00775473	0.000312779	6.6379e-006	8.66179e-008	7.7124e-010	6.51659e-012	4.99907e-014	5.56652e-016	4.37985e-018	4.02902e-020	2.29257e-022	1.31849e-024	4.90408e-027	1.74706e-029	4.19235e-032	9.51351e-035	1.47367e-037	2.2224e-040	2.29511e-043	2.59928e-046	2.10665e-049	2.25544e-052	1.81715e-055	1.81044e-058	1.34917e-061	1.19124e-064	9.35514e-068	8.42079e-071	6.22135e-074	4.41148e-077	2.58993e-080	1.66171e-083	9.45161e-087	6.14886e-090	3.22775e-093	1.81955e-096	7.43089e-100	3.72458e-103	1.47755e-106	7.77607e-110	2.68544e-113	1.1139e-116	3.12613e-120	1.33405e-123	6.08687e-127	6.35962e-130	
Ficinia_spiralis	0	0	0	0	0	0	0	0	0	0	0	0	0	0	1	0	0	0	0	0	0	0	0	0	0	0	0	0	0	0	0	0	0	0	0	0	0	0	0	0	0	0	0	0	0	0	0	0	0	0	0	0	0	0	0	0	0	0	0	0	0	0	
Ficinia_nodosa	0	0	0	0	0	0	0	0	0	0	0	0	0	0	1	0	0	0	0	0	0	0	0	0	0	0	0	0	0	0	0	0	0	0	0	0	0	0	0	0	0	0	0	0	0	0	0	0	0	0	0	0	0	0	0	0	0	0	0	0	0	0	
N49	8.65577e-008	3.44261e-007	1.56827e-006	7.08173e-006	3.20628e-005	0.000126989	0.000358729	0.00088823	0.00241115	0.00764608	0.02705	0.0906705	0.21785	0.315796	0.240124	0.0836969	0.0122607	0.00100029	7.32864e-005	6.21454e-006	4.93261e-007	7.74736e-008	1.09503e-008	4.70018e-009	9.53468e-010	4.24718e-010	7.10497e-011	2.27438e-011	2.47114e-012	4.814e-013	3.12661e-014	3.23622e-015	1.11266e-016	5.37467e-018	9.72652e-020	2.69458e-021	3.80911e-023	6.94419e-025	7.4347e-027	8.06855e-029	6.39806e-031	5.99198e-033	4.9374e-035	3.89614e-037	2.15555e-039	1.06943e-041	4.54729e-044	2.36809e-046	1.00558e-048	4.3063e-051	1.36952e-053	4.41461e-056	1.04039e-058	3.12163e-061	8.35109e-064	2.44674e-066	4.5304e-069	7.92796e-072	9.7421e-075	1.76916e-077	4.21798e-080	3.85238e-082	
Isolepis_prolifera	0	0	0	0	0	0	0	0	0	0	0	0	0	0	0	0	0	0	0	0	0	0	0	0	0	0	0	0	0	0	0	0	1	0	0	0	0	0	0	0	0	0	0	0	0	0	0	0	0	0	0	0	0	0	0	0	0	0	0	0	0	0	
Isolepis_setacea	0	0	0	0	0	0	0	0	0	0	0	0	0	1	0	0	0	0	0	0	0	0	0	0	0	0	0	0	0	0	0	0	0	0	0	0	0	0	0	0	0	0	0	0	0	0	0	0	0	0	0	0	0	0	0	0	0	0	0	0	0	0	
Scirpoides_holoschoenus	0	0	0	0	0	0	0	0	0	0	0	0	0	0	0	0	0	0	0	0	1	0	0	0	0	0	0	0	0	0	0	0	0	0	0	0	0	0	0	0	0	0	0	0	0	0	0	0	0	0	0	0	0	0	0	0	0	0	0	0	0	0	
N50	8.33661e-006	2.91138e-005	0.000108758	0.000402259	0.00133561	0.00395654	0.0111283	0.0278854	0.0583633	0.0893599	0.0897255	0.0774935	0.089153	0.123248	0.142989	0.131566	0.084634	0.0449575	0.0160185	0.00593277	0.00131084	0.000341431	4.47519e-005	7.01097e-006	5.23491e-007	4.75711e-008	2.11902e-009	1.17307e-010	3.3226e-012	1.18237e-013	2.31137e-015	5.74901e-017	8.3026e-019	1.47876e-020	1.712e-022	2.40096e-024	2.29027e-026	2.47731e-028	2.01958e-030	1.83819e-032	1.24616e-034	9.03735e-037	5.27625e-039	3.33252e-041	1.61007e-043	8.23072e-046	3.47941e-048	1.59165e-050	5.68973e-053	2.14364e-055	6.69894e-058	2.23035e-060	5.81457e-063	1.5664e-065	3.40023e-068	7.84878e-071	1.32787e-073	2.46091e-076	3.56113e-079	8.23589e-082	2.76991e-084	2.38641e-086	
N51	1.20387e-006	3.79452e-006	1.30044e-005	4.55401e-005	0.000145513	0.000427757	0.00141541	0.00502825	0.0142315	0.0252362	0.0250116	0.0182481	0.0151246	0.0167151	0.0284304	0.0603463	0.111358	0.163902	0.170999	0.154786	0.0919139	0.0631066	0.0220594	0.00942901	0.00163933	0.000348378	2.99556e-005	3.29441e-006	1.56136e-007	9.92196e-009	2.91089e-010	1.16326e-011	2.27851e-013	6.0688e-015	8.89239e-017	1.77168e-018	2.14225e-020	3.17972e-022	3.22038e-024	3.83661e-026	3.3757e-028	3.33443e-030	2.6287e-032	2.20148e-034	1.37768e-036	9.12691e-039	5.09915e-041	3.19309e-043	1.51827e-045	7.56446e-048	3.04295e-050	1.3579e-052	4.68042e-055	1.78057e-057	5.52126e-060	1.83691e-062	4.30274e-065	1.05341e-067	1.95741e-070	5.45755e-073	2.09476e-075	2.38891e-077	
Cyperus_fuscus	0	0	0	0	0	0	0	0	0	0	0	0	0	0	0	0	0	0	0	0	0	0	0	1	0	0	0	0	0	0	0	0	0	0	0	0	0	0	0	0	0	0	0	0	0	0	0	0	0	0	0	0	0	0	0	0	0	0	0	0	0	0	
Cyperus_eragrostis	0	0	0	0	0	0	0	0	0	0	0	0	0	0	0	0	0	0	0	0	1	0	0	0	0	0	0	0	0	0	0	0	0	0	0	0	0	0	0	0	0	0	0	0	0	0	0	0	0	0	0	0	0	0	0	0	0	0	0	0	0	0	
N52	3.8671e-013	4.28943e-011	1.88222e-009	3.78306e-008	2.43331e-009	9.94665e-009	1.18855e-006	5.05223e-005	9.7356e-007	7.86603e-007	3.4084e-008	2.31226e-007	3.21398e-005	0.00261293	0.0936973	0.878477	0.0249445	0.000182069	5.73462e-007	9.90699e-010	1.03367e-012	7.21783e-016	3.47354e-019	1.24685e-022	3.32041e-026	7.20496e-030	1.21969e-033	1.84901e-037	2.28035e-041	2.80145e-045	2.82275e-049	2.99812e-053	2.51121e-057	2.20941e-061	1.49158e-065	1.05441e-069	5.66836e-074	3.21266e-078	1.38602e-082	6.35432e-087	2.22301e-091	8.35116e-096	2.40718e-100	7.54936e-105	1.81987e-109	4.79303e-114	9.82238e-119	2.21222e-123	3.90963e-128	7.59133e-133	1.17937e-137	2.00402e-142	2.76572e-147	4.11362e-152	5.08007e-157	6.70229e-162	7.43886e-167	8.96042e-172	1.04545e-176	1.67284e-181	3.51959e-186	9.30917e-191	
Cyperus_involucratus	0	0	0	0	0	0	0	0	0	0	0	0	0	0	0	1	0	0	0	0	0	0	0	0	0	0	0	0	0	0	0	0	0	0	0	0	0	0	0	0	0	0	0	0	0	0	0	0	0	0	0	0	0	0	0	0	0	0	0	0	0	0	
Cyperus_alternifolius	0	0	0	0	0	0	0	0	0	0	0	0	0	0	0	1	0	0	0	0	0	0	0	0	0	0	0	0	0	0	0	0	0	0	0	0	0	0	0	0	0	0	0	0	0	0	0	0	0	0	0	0	0	0	0	0	0	0	0	0	0	0	
N53	4.18315e-006	1.92509e-005	9.32815e-005	0.000418728	0.00160331	0.00644592	0.0252651	0.0653632	0.104133	0.134583	0.146177	0.165311	0.165403	0.117335	0.0514957	0.0139161	0.00220449	0.000215545	1.26337e-005	4.96353e-007	1.24823e-008	2.39264e-010	3.1895e-012	3.71693e-014	3.13341e-016	2.50298e-018	1.44521e-020	8.11235e-023	3.29126e-025	1.32469e-027	3.91003e-030	1.17396e-032	2.60847e-035	5.97133e-038	1.0297e-040	1.86758e-043	2.58532e-046	3.82472e-049	4.40793e-052	5.46074e-055	5.3376e-058	5.59603e-061	4.76979e-064	4.37017e-067	3.27544e-070	2.58835e-073	1.71593e-076	1.19646e-079	7.00481e-083	4.27907e-086	2.22662e-089	1.20241e-092	5.45903e-096	2.55931e-099	1.02149e-102	4.2854e-106	1.50683e-109	5.705e-113	2.01269e-116	9.81937e-120	6.40682e-123	6.18068e-126	
Schoenoplectus_hallii	0	0	0	0	0	0	0	0	0	0	1	0	0	0	0	0	0	0	0	0	0	0	0	0	0	0	0	0	0	0	0	0	0	0	0	0	0	0	0	0	0	0	0	0	0	0	0	0	0	0	0	0	0	0	0	0	0	0	0	0	0	0	
N54	2.1189e-006	6.07622e-006	2.04698e-005	9.64482e-005	0.000519038	0.00260012	0.0103338	0.0279051	0.0681428	0.11513	0.102538	0.100061	0.141224	0.177322	0.137398	0.0795139	0.0223429	0.0126092	0.00156352	0.000635712	3.10065e-005	4.83787e-006	1.0233e-007	6.77516e-009	7.39667e-011	2.60453e-012	2.05638e-014	4.16107e-016	2.6209e-018	2.85136e-020	1.4715e-022	1.28786e-024	7.41743e-027	4.90073e-029	2.27149e-031	1.02583e-033	3.31185e-036	1.30686e-038	4.83442e-041	1.84813e-043	4.59442e-046	1.07936e-048	2.17597e-051	5.6373e-054	1.17002e-056	2.5351e-059	4.24264e-062	6.77411e-065	8.50321e-068	1.30113e-070	1.95995e-073	2.91722e-076	3.1554e-079	2.89942e-082	1.9551e-085	1.2694e-088	5.39627e-092	3.32169e-095	1.25235e-098	1.53717e-101	1.59338e-104	1.20312e-106	
Schoenoplectus_articulatus	0	0	0	0	0	0	0	0	0	0	0	0	0	0	1	0	0	0	0	0	0	0	0	0	0	0	0	0	0	0	0	0	0	0	0	0	0	0	0	0	0	0	0	0	0	0	0	0	0	0	0	0	0	0	0	0	0	0	0	0	0	0	
N55	6.26211e-009	1.50997e-008	8.53319e-009	9.03505e-009	3.81632e-008	1.11614e-007	2.11925e-006	1.67008e-005	0.00023904	0.000817615	7.51143e-005	1.30337e-005	2.29614e-005	4.07181e-005	0.000121262	0.000396884	0.00714087	0.10191	0.51099	0.344171	0.0326484	0.00138247	1.16874e-005	7.49378e-008	1.663e-010	3.705e-013	3.42056e-016	3.65297e-019	1.80449e-022	1.12033e-025	3.45372e-029	1.35099e-032	2.79316e-036	7.5974e-040	1.3005e-043	2.93655e-047	4.497e-051	7.41078e-055	8.97311e-059	1.2157e-062	1.34941e-066	1.64317e-070	1.59178e-074	1.53509e-078	1.08753e-082	8.40452e-087	5.643e-091	4.40115e-095	2.48206e-099	1.42643e-103	6.33955e-108	3.28662e-112	1.34006e-116	6.25851e-121	2.29431e-125	8.58995e-130	2.1957e-134	5.74557e-139	1.12913e-143	3.546e-148	1.56916e-152	1.62755e-156	
N56	1.36197e-012	3.05215e-011	2.5295e-011	7.97082e-011	2.43623e-010	7.47169e-011	6.92228e-010	5.87374e-008	2.58553e-006	7.46503e-005	1.26216e-005	1.29731e-007	3.55923e-008	1.0697e-007	2.98244e-007	6.67918e-006	3.33919e-005	0.00109028	0.0681941	0.749774	0.172996	0.00780297	1.21686e-005	2.02228e-008	2.45256e-011	1.79319e-014	4.6876e-018	5.00178e-021	2.59496e-024	1.98068e-027	3.64269e-031	1.78207e-034	1.08836e-038	1.02537e-041	4.60475e-046	2.48318e-049	6.74406e-054	1.75172e-057	2.43884e-062	3.07679e-066	5.54769e-071	4.52223e-075	1.36627e-079	3.14232e-084	4.97062e-089	2.67188e-093	1.75399e-097	8.91669e-102	2.40527e-106	2.919e-111	3.25905e-116	1.09172e-120	4.65257e-125	1.48403e-129	2.57122e-134	1.96864e-139	1.27814e-144	2.94497e-149	8.95484e-154	1.96259e-158	2.74195e-163	1.05823e-167	
Schoenoplectus_smithii_var_smithii	0	0	0	0	0	0	0	0	0	0	0	0	0	0	0	0	0	0	0	1	0	0	0	0	0	0	0	0	0	0	0	0	0	0	0	0	0	0	0	0	0	0	0	0	0	0	0	0	0	0	0	0	0	0	0	0	0	0	0	0	0	0	
Schoenoplectiella_hotarui	0	0	0	0	0	0	0	0	0	0	0	0	0	0	0	0	0	0	0	0	0	1	0	0	0	0	0	0	0	0	0	0	0	0	0	0	0	0	0	0	0	0	0	0	0	0	0	0	0	0	0	0	0	0	0	0	0	0	0	0	0	0	
Schoenoplectus_purshianus_var_purshianus	0	0	0	0	0	0	0	0	0	0	0	0	0	0	0	0	0	0	1	0	0	0	0	0	0	0	0	0	0	0	0	0	0	0	0	0	0	0	0	0	0	0	0	0	0	0	0	0	0	0	0	0	0	0	0	0	0	0	0	0	0	0	
Fuirena_ciliaris	0	0	0	0	0	0	0	0	0	0	0	0	0	0	0	0	0	0	1	0	0	0	0	0	0	0	0	0	0	0	0	0	0	0	0	0	0	0	0	0	0	0	0	0	0	0	0	0	0	0	0	0	0	0	0	0	0	0	0	0	0	0	
N57	8.11814e-007	2.07943e-005	0.000259322	0.00140758	0.00101381	0.000192312	0.000117533	0.000179379	0.00134529	0.00546358	0.00486012	0.00427816	0.00338208	0.00791047	0.00561907	0.00565021	0.00198665	0.00012929	2.96361e-005	0.000154985	0.0014764	0.00813732	0.0183928	0.0373041	0.0219998	0.0231128	0.13757	0.492461	0.203148	0.0120625	0.000295079	3.04053e-005	7.03472e-006	1.13601e-006	7.73339e-008	1.21532e-009	1.02833e-011	4.32229e-013	4.69474e-014	3.90415e-015	1.58363e-016	4.13275e-018	4.16444e-019	4.94963e-020	3.87119e-021	2.12419e-022	5.55631e-024	3.49851e-026	1.05135e-028	2.22041e-031	3.12945e-034	3.6379e-037	3.09664e-040	2.32272e-043	1.34913e-046	7.29027e-050	3.15278e-053	1.36751e-056	5.65554e-060	3.03708e-063	1.95982e-066	1.54005e-069	
Bolboschoenus_planiculmis	0	0	0	0	0	0	0	0	0	0	0	0	0	0	0	0	0	0	0	0	0	0	0	0	0	0	0	1	0	0	0	0	0	0	0	0	0	0	0	0	0	0	0	0	0	0	0	0	0	0	0	0	0	0	0	0	0	0	0	0	0	0	
Bolboschoenus_fluviatilis	0	0	0	0	0	0	0	0	0	0	0	0	0	0	0	0	0	0	0	0	0	0	0	0	0	0	0	0	0	0	0	0	0	0	0	0	0	0	0	0	0	0	0	0	0	0	1	0	0	0	0	0	0	0	0	0	0	0	0	0	0	0	
