NODE	1	2	3	4	5	6	7	8	9	10	11	12	13	14	15	16	17	18	19	20	21	22	23	24	25	26	27	28	29	30	31	32	33	34	35	36	37	38	39	40	41	42	43	44	45	46	47	48	49	50	51	52	53	54	55	56	57	58	59	60	61	62	63	64	65	66	67	68	69	70	
N1	5.08124e-012	5.34463e-012	5.92278e-012	6.90633e-012	8.44315e-012	1.07687e-011	1.42621e-011	1.95662e-011	2.78829e-011	4.18153e-011	6.81209e-011	1.28283e-010	3.08807e-010	1.07387e-009	5.80262e-009	1.84372e-008	4.4237e-008	8.91423e-008	1.5967e-007	2.63104e-007	4.07822e-007	6.03446e-007	8.60456e-007	1.18894e-006	1.59628e-006	2.08376e-006	2.64194e-006	3.24432e-006	3.83675e-006	4.31705e-006	4.49819e-006	4.07099e-006	3.67258e-006	3.33918e-006	3.09218e-006	2.94244e-006	2.89625e-006	2.96101e-006	3.15052e-006	3.49001e-006	4.02209e-006	4.81456e-006	5.97185e-006	7.65158e-006	1.00885e-005	1.36279e-005	1.87669e-005	2.61916e-005	3.67581e-005	5.12502e-005	6.94839e-005	9.80279e-005	0.000144291	0.000221928	0.000356499	0.000596118	0.00103074	0.00182504	0.00326956	0.00584947	0.010316	0.0177205	0.0293426	0.0464375	0.0697763	0.0990706	0.13252	0.16674	0.197055	0.217326	
N2	8.51589e-010	6.25279e-010	6.68078e-010	8.52599e-010	1.15418e-009	1.59245e-009	2.21613e-009	3.10492e-009	4.3806e-009	6.22719e-009	8.92936e-009	1.29612e-008	1.92248e-008	2.97267e-008	4.94047e-008	7.23506e-008	9.84497e-008	1.27573e-007	1.59678e-007	1.94973e-007	2.34093e-007	2.78564e-007	3.31049e-007	3.9577e-007	4.78957e-007	5.89387e-007	7.39134e-007	9.44673e-007	1.22821e-006	1.61775e-006	2.13845e-006	2.7656e-006	3.71599e-006	5.2082e-006	7.61166e-006	1.15472e-005	1.80451e-005	2.87896e-005	4.64945e-005	7.54759e-005	0.000122534	0.000198337	0.000319638	0.000512877	0.000819938	0.00130703	0.00207729	0.00328659	0.00515854	0.00798891	0.0121171	0.0179797	0.0258965	0.0359561	0.0478574	0.0607932	0.0734498	0.0841737	0.0913026	0.0935817	0.0905274	0.0825944	0.0710695	0.0577247	0.0443595	0.0324012	0.0226864	0.0154593	0.0105344	0.00753426	
N3	4.93953e-006	3.30222e-006	3.08214e-006	3.46238e-006	4.19812e-006	5.30385e-006	6.94471e-006	9.40299e-006	1.30654e-005	1.84164e-005	2.60515e-005	3.6749e-005	5.16346e-005	7.24304e-005	0.000101742	0.000144649	0.000208512	0.000305846	0.000460017	0.000717413	0.00116922	0.00198438	0.00344687	0.00598137	0.0101387	0.0165095	0.0255502	0.0373448	0.0513786	0.0664409	0.0807633	0.0924371	0.0989593	0.0992523	0.0933668	0.0824581	0.0684332	0.0534204	0.0392638	0.0271986	0.0177786	0.0109796	0.00641484	0.0035506	0.00186458	0.000930451	0.000441916	0.000200094	8.65206e-005	3.57984e-005	1.42252e-005	5.40782e-006	1.97126e-006	6.90144e-007	2.32344e-007	7.5281e-008	2.34883e-008	7.0596e-009	2.04431e-009	5.7039e-010	1.53334e-010	3.97105e-011	9.90661e-012	2.3804e-012	5.50868e-013	1.22777e-013	2.63624e-014	5.46588e-015	1.11853e-015	2.77647e-016	
Dulichium_arundinaceum	0	0	0	0	0	0	0	0	0	0	0	0	0	0	0	1	0	0	0	0	0	0	0	0	0	0	0	0	0	0	0	0	0	0	0	0	0	0	0	0	0	0	0	0	0	0	0	0	0	0	0	0	0	0	0	0	0	0	0	0	0	0	0	0	0	0	0	0	0	0	
N4	6.31086e-006	4.36205e-006	4.44153e-006	5.73923e-006	8.17175e-006	1.18874e-005	1.69677e-005	2.31768e-005	2.98141e-005	3.58289e-005	4.03085e-005	4.32584e-005	4.64061e-005	5.3944e-005	7.43548e-005	0.000128804	0.000275922	0.000677528	0.00172809	0.00424162	0.0095959	0.019607	0.0358666	0.0585373	0.085156	0.110442	0.127812	0.132158	0.122298	0.101495	0.0757496	0.0510724	0.0309909	0.0169901	0.00844757	0.00382488	0.00158422	0.000603309	0.000212469	6.95824e-005	2.13367e-005	6.16529e-006	1.68804e-006	4.39793e-007	1.0933e-007	2.59713e-008	5.90028e-009	1.28316e-009	2.67566e-010	5.36443e-011	1.03937e-011	1.94495e-012	3.52983e-013	6.22797e-014	1.0686e-014	1.78028e-015	2.87157e-016	4.46824e-017	6.68119e-018	9.56341e-019	1.30576e-019	1.69524e-020	2.08722e-021	2.43224e-022	2.67919e-023	2.78851e-024	2.74342e-025	2.55539e-026	2.27685e-027	2.35885e-028	
Blysmus_compressus	0	0	0	0	0	0	0	0	0	0	0	0	0	0	0	0	0	0	0	0	0	1	0	0	0	0	0	0	0	0	0	0	0	0	0	0	0	0	0	0	0	0	0	0	0	0	0	0	0	0	0	0	0	0	0	0	0	0	0	0	0	0	0	0	0	0	0	0	0	0	
Blysmus_rufus	0	0	0	0	0	0	0	0	0	0	0	0	0	0	0	0	0	0	0	1	0	0	0	0	0	0	0	0	0	0	0	0	0	0	0	0	0	0	0	0	0	0	0	0	0	0	0	0	0	0	0	0	0	0	0	0	0	0	0	0	0	0	0	0	0	0	0	0	0	0	
N5	5.88333e-010	3.72132e-010	3.20606e-010	3.4234e-010	4.05504e-010	5.02714e-010	6.38199e-010	8.23641e-010	1.07773e-009	1.42784e-009	1.91403e-009	2.59777e-009	3.58252e-009	5.06858e-009	7.51958e-009	1.10373e-008	1.62177e-008	2.40082e-008	3.5897e-008	5.42e-008	8.24683e-008	1.26188e-007	1.93727e-007	2.97899e-007	4.58477e-007	7.06305e-007	1.0901e-006	1.68769e-006	2.62424e-006	4.10021e-006	6.4284e-006	1.00574e-005	1.596e-005	2.56155e-005	4.14482e-005	6.74082e-005	0.000109886	0.000179149	0.000291597	0.000473245	0.000765022	0.00123049	0.00196643	0.00311585	0.00488116	0.00753193	0.0113978	0.0168339	0.0241497	0.0335044	0.0447965	0.0572437	0.0697343	0.0807727	0.0887407	0.0922819	0.0906869	0.0841287	0.0736419	0.0608444	0.0475064	0.035133	0.0246984	0.0165877	0.0107117	0.00670241	0.00410124	0.00248769	0.00153998	0.00105099	
N6	1.20741e-008	9.51433e-009	1.13561e-008	1.62045e-008	2.4467e-008	3.76573e-008	5.84388e-008	9.10378e-008	1.41948e-007	2.20958e-007	3.42564e-007	5.27862e-007	8.06969e-007	1.22192e-006	1.83029e-006	2.7189e-006	4.00422e-006	5.85281e-006	8.50616e-006	1.2322e-005	1.78427e-005	2.59092e-005	3.78478e-005	5.57709e-005	8.30495e-005	0.000125024	0.000190024	0.000290763	0.000446164	0.000683727	0.00104269	0.00157844	0.00235876	0.00347678	0.00505244	0.0072374	0.0102158	0.0141947	0.019376	0.0259049	0.0337962	0.0428522	0.0526003	0.0622826	0.0709248	0.0774879	0.0810758	0.0811438	0.0776437	0.0710594	0.0623239	0.052069	0.0415076	0.0316285	0.0230885	0.0161929	0.010951	0.00717373	0.00457552	0.00285685	0.00175477	0.00106412	0.000638097	0.000378173	0.000221055	0.000127129	7.1874e-005	4.01874e-005	2.28835e-005	1.47169e-005	
N7	9.95404e-006	7.61236e-006	8.53616e-006	1.11516e-005	1.49889e-005	1.98719e-005	2.56021e-005	3.18234e-005	3.79888e-005	4.34299e-005	4.75442e-005	5.00834e-005	5.14791e-005	5.31108e-005	5.74825e-005	6.90009e-005	9.38166e-005	0.000141629	0.000228114	0.000377874	0.000625817	0.00101349	0.00157707	0.00232792	0.00323425	0.00422003	0.00519899	0.00615269	0.00724255	0.00892164	0.0119907	0.0175381	0.0264809	0.0393071	0.0554964	0.0732416	0.0896383	0.101417	0.105992	0.102366	0.0914689	0.0757451	0.0582543	0.0417179	0.0279046	0.0174961	0.0103247	0.00575997	0.00305225	0.00154405	0.000750312	0.00034937	0.00015635	6.73311e-005	2.78923e-005	1.10976e-005	4.23119e-006	1.542e-006	5.35849e-007	1.77187e-007	5.56616e-008	1.65932e-008	4.69116e-009	1.25754e-009	3.19696e-010	7.71203e-011	1.76717e-011	3.85943e-012	8.22288e-013	2.10154e-013	
Scirpus_pendulus	0	0	0	0	0	0	0	0	0	0	0	0	0	0	0	0	0	0	0	1	0	0	0	0	0	0	0	0	0	0	0	0	0	0	0	0	0	0	0	0	0	0	0	0	0	0	0	0	0	0	0	0	0	0	0	0	0	0	0	0	0	0	0	0	0	0	0	0	0	0	
N8	3.53956e-007	1.981e-007	1.29831e-007	8.79181e-008	5.7066e-008	3.58101e-008	2.23797e-008	1.39296e-008	8.5155e-009	6.35764e-009	1.45695e-008	7.13958e-008	3.31346e-007	1.2635e-006	3.87952e-006	9.58555e-006	1.89896e-005	3.02459e-005	3.91548e-005	4.22148e-005	3.96735e-005	3.46996e-005	2.97833e-005	2.50044e-005	1.95697e-005	1.39896e-005	1.24079e-005	3.65399e-005	0.000201595	0.00101033	0.00415094	0.0137912	0.0365798	0.0772904	0.129908	0.173772	0.185518	0.158928	0.110127	0.0623554	0.0292141	0.0114845	0.00384341	0.00111004	0.000279878	6.21236e-005	1.22048e-005	2.12932e-006	3.30829e-007	4.59492e-008	5.74502e-009	6.48972e-010	6.69626e-011	6.3849e-012	5.68595e-013	4.76527e-014	3.77028e-015	2.81225e-016	1.96841e-017	1.28508e-018	7.77891e-020	4.34418e-021	2.22991e-022	1.04959e-023	4.52508e-025	1.78705e-026	6.47274e-028	2.1559e-029	6.66542e-031	2.2066e-032	
N9	2.16906e-009	1.01487e-009	5.05115e-010	2.54116e-010	1.20791e-010	5.24375e-011	2.04086e-011	7.58696e-012	4.62809e-012	9.45617e-012	4.60911e-011	3.17433e-010	1.96516e-009	9.36251e-009	3.3239e-008	8.81439e-008	1.75457e-007	2.66434e-007	3.17759e-007	3.10398e-007	2.59312e-007	1.8933e-007	1.19831e-007	6.58815e-008	3.8956e-008	5.85438e-008	3.14056e-007	3.24999e-006	3.46037e-005	0.000293956	0.00187994	0.00891927	0.0310134	0.0791101	0.148317	0.205122	0.210447	0.161394	0.0934005	0.0412468	0.0140796	0.00376936	0.000804793	0.00013987	2.03406e-005	2.57385e-006	2.97725e-007	3.28004e-008	3.4577e-009	3.37428e-010	2.92514e-011	2.17771e-012	1.37331e-013	7.30894e-015	3.29076e-016	1.26177e-017	4.16805e-019	1.21117e-020	3.22178e-022	8.40935e-024	2.33651e-025	7.09409e-027	2.22447e-028	6.6947e-030	1.86784e-031	4.91215e-033	1.29289e-034	3.55495e-036	9.65669e-038	2.53589e-039	
N10	1.17009e-011	4.6266e-012	1.61926e-012	5.83765e-013	2.78109e-013	1.84839e-013	1.41196e-013	1.32783e-013	2.80914e-013	1.52433e-012	1.01649e-011	5.79245e-011	2.566e-010	8.60691e-010	2.17157e-009	4.16194e-009	6.12784e-009	7.1538e-009	7.17041e-009	7.24335e-009	8.49592e-009	1.08635e-008	1.33405e-008	1.6383e-008	3.03573e-008	1.68373e-007	1.84771e-006	2.00766e-005	0.000175716	0.00117843	0.0059516	0.0224425	0.0624267	0.128036	0.193721	0.216742	0.18012	0.111876	0.0523403	0.0186091	0.00507757	0.00107461	0.000178661	2.38803e-005	2.77741e-006	3.7224e-007	8.18893e-008	2.33836e-008	6.17346e-009	1.35925e-009	2.45352e-010	3.61155e-011	4.3457e-012	4.28509e-013	3.47236e-014	2.32002e-015	1.28308e-016	5.90132e-018	2.27269e-019	7.45631e-021	2.25123e-022	8.58222e-024	6.22393e-025	6.34987e-026	6.28001e-027	5.42939e-028	4.00198e-029	2.48536e-030	1.29359e-031	6.47321e-033	
N11	2.20017e-014	7.60987e-015	2.51124e-015	1.10409e-015	6.49076e-016	4.37201e-016	4.96974e-016	2.05259e-015	1.80925e-014	1.59403e-013	1.10379e-012	5.67539e-012	2.14084e-011	5.96135e-011	1.26011e-010	2.16871e-010	3.36466e-010	5.17363e-010	7.93343e-010	1.13322e-009	1.41315e-009	1.50946e-009	1.55585e-009	2.97589e-009	2.3785e-008	3.72761e-007	5.53687e-006	6.41752e-005	0.000553603	0.00348848	0.0158726	0.0517607	0.11963	0.196271	0.229458	0.192395	0.116713	0.0517569	0.0169701	0.00416351	0.000773811	0.000110345	1.22561e-005	1.0903e-006	8.54168e-008	8.09376e-009	1.29096e-009	2.59616e-010	4.78123e-011	7.36416e-012	9.33209e-013	9.67126e-014	8.20883e-015	5.71702e-016	3.27457e-017	1.54691e-018	6.04734e-020	1.96436e-021	5.33315e-023	1.22788e-024	2.55947e-026	6.47023e-028	3.18264e-029	2.39302e-030	1.82132e-031	1.24356e-032	7.37025e-034	3.71358e-035	1.56425e-036	6.16401e-038	
Scirpus_expansus	0	0	0	0	0	0	0	0	0	0	0	0	0	0	0	0	0	0	0	0	0	0	0	0	0	0	0	0	0	0	0	1	0	0	0	0	0	0	0	0	0	0	0	0	0	0	0	0	0	0	0	0	0	0	0	0	0	0	0	0	0	0	0	0	0	0	0	0	0	0	
N12	1.59807e-018	5.30968e-019	2.29049e-019	1.15663e-019	1.02031e-019	4.18417e-019	6.69933e-018	1.33833e-016	2.06401e-015	2.28564e-014	1.79538e-013	1.00705e-012	4.14132e-012	1.30338e-011	3.27343e-011	6.71378e-011	1.11132e-010	1.45319e-010	1.47847e-010	1.16675e-010	7.34192e-011	4.85787e-011	1.0623e-010	1.45145e-009	4.38709e-008	1.15628e-006	2.22845e-005	0.00030144	0.00277462	0.01686	0.0658578	0.162654	0.251732	0.24785	0.158906	0.0681289	0.0200582	0.00415779	0.00062084	6.81848e-005	5.61448e-006	3.53259e-007	1.74429e-008	7.30381e-010	3.43798e-011	2.7097e-012	2.86684e-013	2.82854e-014	2.3347e-015	1.58324e-016	8.8175e-018	4.0275e-019	1.51343e-020	4.69124e-022	1.20295e-023	2.5601e-025	4.53943e-027	6.74242e-029	8.49145e-031	9.53682e-033	1.19963e-034	2.68271e-036	9.69766e-038	3.69502e-039	1.27598e-040	3.86383e-042	1.01268e-043	2.27313e-045	4.33295e-047	7.67276e-049	
Scirpus_sylvaticus	0	0	0	0	0	0	0	0	0	0	0	0	0	0	0	0	0	0	0	0	0	0	0	0	0	0	0	0	0	0	1	0	0	0	0	0	0	0	0	0	0	0	0	0	0	0	0	0	0	0	0	0	0	0	0	0	0	0	0	0	0	0	0	0	0	0	0	0	0	0	
Scirpus_microcarpus	0	0	0	0	0	0	0	0	0	0	0	0	0	0	0	0	0	0	0	0	0	0	0	0	0	0	0	0	0	0	0	1	0	0	0	0	0	0	0	0	0	0	0	0	0	0	0	0	0	0	0	0	0	0	0	0	0	0	0	0	0	0	0	0	0	0	0	0	0	0	
Scirpus_maximowiczii	0	0	0	0	0	0	0	0	0	0	0	0	0	0	0	0	0	0	0	0	0	0	0	0	0	0	0	0	0	0	0	1	0	0	0	0	0	0	0	0	0	0	0	0	0	0	0	0	0	0	0	0	0	0	0	0	0	0	0	0	0	0	0	0	0	0	0	0	0	0	
N13	2.56199e-011	1.12413e-011	4.85171e-012	2.01706e-012	7.70237e-013	2.80447e-013	1.27891e-013	1.12934e-013	2.22905e-013	9.48402e-013	6.11775e-012	3.88074e-011	1.9803e-010	7.65589e-010	2.21077e-009	4.80529e-009	7.92804e-009	1.00964e-008	1.01546e-008	8.27205e-009	5.6041e-009	3.34513e-009	2.21384e-009	2.75031e-009	8.65743e-009	6.46845e-008	7.83092e-007	9.58428e-006	9.52394e-005	0.000718923	0.00403884	0.0167567	0.0508157	0.112734	0.183236	0.218865	0.193012	0.126463	0.0620428	0.0229997	0.00650922	0.00142261	0.000243188	3.29997e-005	3.62218e-006	3.31798e-007	2.7663e-008	2.80984e-009	5.01177e-010	1.19525e-010	2.62993e-011	4.75258e-012	6.90758e-013	8.05539e-014	7.5518e-015	5.71154e-016	3.50104e-017	1.74913e-018	7.17038e-020	2.4315e-021	6.89339e-023	1.66596e-024	3.69027e-026	1.07927e-027	7.86951e-029	9.67515e-030	1.20519e-030	1.30911e-031	1.15289e-032	8.87603e-034	
N14	4.08155e-014	1.67753e-014	8.52645e-015	6.88122e-015	8.22953e-015	1.47725e-014	3.41028e-014	9.19776e-014	3.42145e-013	1.61781e-012	7.2081e-012	2.62217e-011	7.63568e-011	1.86773e-010	4.29283e-010	1.03997e-009	2.58391e-009	5.87695e-009	1.1331e-008	1.82102e-008	2.5888e-008	4.10808e-008	9.83747e-008	3.21583e-007	1.33388e-006	8.31303e-006	6.37378e-005	0.000439116	0.00240676	0.0101493	0.0325689	0.0791899	0.144581	0.198643	0.206025	0.162058	0.0972695	0.0448754	0.0160442	0.00448479	0.000989496	0.000174285	2.49953e-005	3.09676e-006	4.03192e-007	7.58687e-008	1.95083e-008	5.03018e-009	1.13008e-009	2.14034e-010	3.40346e-011	4.52822e-012	5.05273e-013	4.738e-014	3.74167e-015	2.49482e-016	1.40923e-017	6.78498e-019	2.83575e-020	1.10716e-021	5.16302e-023	3.89553e-024	3.99692e-025	4.11538e-026	3.80669e-027	3.07915e-028	2.1605e-029	1.31016e-030	6.87618e-032	3.63629e-033	
Scirpus_polystachyus	0	0	0	0	0	0	0	0	0	0	0	0	0	0	0	0	0	0	0	0	0	0	0	0	0	0	0	0	0	1	0	0	0	0	0	0	0	0	0	0	0	0	0	0	0	0	0	0	0	0	0	0	0	0	0	0	0	0	0	0	0	0	0	0	0	0	0	0	0	0	
Scirpus_cyperinus	0	0	0	0	0	0	0	0	0	0	0	0	0	0	0	0	0	0	0	0	0	0	0	0	0	0	0	0	0	0	0	0	1	0	0	0	0	0	0	0	0	0	0	0	0	0	0	0	0	0	0	0	0	0	0	0	0	0	0	0	0	0	0	0	0	0	0	0	0	0	
N15	1.20664e-014	3.79471e-015	1.0389e-015	3.65426e-016	3.27698e-016	1.17357e-015	9.40501e-015	8.04982e-014	5.66163e-013	3.07123e-012	1.26351e-011	3.92325e-011	9.19723e-011	1.6349e-010	2.22946e-010	2.42354e-010	2.27226e-010	2.1398e-010	2.31275e-010	2.84938e-010	4.32061e-010	1.26203e-009	1.07739e-008	1.57392e-007	2.17801e-006	2.41086e-005	0.000205349	0.00132686	0.00644775	0.0234273	0.0634511	0.128127	0.191841	0.213956	0.178657	0.112384	0.0536331	0.0195693	0.00550475	0.00120417	0.000206694	2.80975e-005	3.05543e-006	2.69612e-007	2.00545e-008	1.4607e-009	1.52074e-010	2.52421e-011	4.58428e-012	7.36846e-013	9.99338e-014	1.1304e-014	1.06654e-015	8.40059e-017	5.53052e-018	3.04837e-019	1.40983e-020	5.48713e-022	1.80568e-023	5.08751e-025	1.29712e-026	3.79811e-028	1.94988e-029	1.5211e-030	1.20709e-031	8.47431e-033	5.10344e-034	2.61124e-035	1.13197e-036	4.74892e-038	
N16	1.44851e-019	7.84607e-020	9.64901e-020	4.92352e-019	7.82605e-018	1.41294e-016	1.95427e-015	1.94797e-014	1.40465e-013	7.69236e-013	3.47677e-012	1.3523e-011	4.31413e-011	1.05382e-010	1.90581e-010	2.55769e-010	2.57502e-010	1.97804e-010	1.20602e-010	7.63743e-011	1.49875e-010	1.76195e-009	4.72162e-008	1.13512e-006	2.03046e-005	0.000259414	0.00229998	0.0137635	0.0542564	0.138724	0.229739	0.249836	0.180997	0.0896292	0.0311051	0.00774257	0.00141175	0.000192171	1.98673e-005	1.58512e-006	9.92562e-008	5.007e-009	2.18606e-010	1.02317e-011	6.85077e-013	5.92446e-014	4.98447e-015	3.62121e-016	2.21058e-017	1.12969e-018	4.84306e-020	1.74027e-021	5.25932e-023	1.3407e-024	2.89155e-026	5.29594e-028	8.28977e-030	1.12921e-031	1.43258e-033	2.10446e-035	4.77348e-037	1.48982e-038	4.82307e-040	1.4423e-041	3.86993e-043	9.23096e-045	1.94477e-046	3.59637e-048	5.81266e-050	9.007e-052	
Eriophorum_virginicum	0	0	0	0	0	0	0	0	0	0	0	0	0	0	0	0	0	0	0	0	0	0	0	0	0	0	0	0	1	0	0	0	0	0	0	0	0	0	0	0	0	0	0	0	0	0	0	0	0	0	0	0	0	0	0	0	0	0	0	0	0	0	0	0	0	0	0	0	0	0	
Eriophorum_gracile	0	0	0	0	0	0	0	0	0	0	0	0	0	0	0	0	0	0	0	0	0	0	0	0	0	0	0	0	0	1	0	0	0	0	0	0	0	0	0	0	0	0	0	0	0	0	0	0	0	0	0	0	0	0	0	0	0	0	0	0	0	0	0	0	0	0	0	0	0	0	
Eriophorum_angustifolium_subsp_angustifolium	0	0	0	0	0	0	0	0	0	0	0	0	0	0	0	0	0	0	0	0	0	0	0	0	0	0	0	0	1	0	0	0	0	0	0	0	0	0	0	0	0	0	0	0	0	0	0	0	0	0	0	0	0	0	0	0	0	0	0	0	0	0	0	0	0	0	0	0	0	0	
Scirpus_radicans	0	0	0	0	0	0	0	0	0	0	0	0	0	0	0	0	0	0	0	0	0	0	0	0	0	0	0	1	0	0	0	0	0	0	0	0	0	0	0	0	0	0	0	0	0	0	0	0	0	0	0	0	0	0	0	0	0	0	0	0	0	0	0	0	0	0	0	0	0	0	
Scirpus_divaricatus	0	0	0	0	0	0	0	0	0	0	0	0	0	1	0	0	0	0	0	0	0	0	0	0	0	0	0	0	0	0	0	0	0	0	0	0	0	0	0	0	0	0	0	0	0	0	0	0	0	0	0	0	0	0	0	0	0	0	0	0	0	0	0	0	0	0	0	0	0	0	
N17	6.40099e-010	3.97563e-010	3.33494e-010	3.47898e-010	4.04746e-010	4.94492e-010	6.19994e-010	7.92019e-010	1.02916e-009	1.36081e-009	1.83378e-009	2.5252e-009	3.56798e-009	5.20617e-009	7.93288e-009	1.22071e-008	1.89559e-008	2.96809e-008	4.67828e-008	7.40559e-008	1.17434e-007	1.86183e-007	2.94705e-007	4.65452e-007	7.33618e-007	1.15477e-006	1.81731e-006	2.86297e-006	4.52031e-006	7.15846e-006	1.13647e-005	1.80209e-005	2.8773e-005	4.62211e-005	7.45461e-005	0.00012043	0.000194467	0.000313304	0.000502867	0.000803143	0.00127503	0.00200966	0.00313983	0.00485178	0.00739267	0.0110656	0.0162011	0.0230936	0.0318975	0.0424911	0.0543393	0.0664244	0.0774257	0.0858366	0.0903036	0.0899876	0.0848247	0.0755751	0.0636327	0.0506608	0.0381924	0.0273315	0.0186351	0.0121677	0.00766226	0.00470167	0.0028601	0.00177919	0.0011902	0.000918961	
N18	1.30888e-009	8.18659e-010	7.0685e-010	7.82126e-010	9.93025e-010	1.36011e-009	1.96196e-009	2.95116e-009	4.59696e-009	7.36228e-009	1.20324e-008	1.9924e-008	3.32207e-008	5.55235e-008	9.28465e-008	1.54068e-007	2.53282e-007	4.1229e-007	6.64411e-007	1.06009e-006	1.67519e-006	2.62355e-006	4.07652e-006	6.29473e-006	9.68167e-006	1.48754e-005	2.29057e-005	3.54563e-005	5.52842e-005	8.68481e-005	0.000137138	0.000216422	0.000341498	0.000535662	0.000830727	0.00126928	0.00190828	0.00282524	0.00412838	0.00596986	0.00855822	0.0121602	0.0170778	0.023588	0.0318402	0.0417289	0.0527821	0.0641203	0.0745385	0.0827301	0.0876248	0.0879404	0.083614	0.0752998	0.0642275	0.0519025	0.0397649	0.0289185	0.019999	0.0131862	0.00831822	0.00504291	0.00295368	0.00168087	0.000934404	0.000509834	0.000274421	0.000147188	8.1095e-005	5.04542e-005	
N19	3.5851e-008	3.27724e-008	4.65884e-008	7.45395e-008	1.15045e-007	1.62816e-007	2.07935e-007	2.38619e-007	2.46481e-007	2.31094e-007	2.00594e-007	1.67666e-007	1.43525e-007	1.33909e-007	1.40665e-007	1.71771e-007	2.56896e-007	4.73397e-007	9.70916e-007	1.9728e-006	3.71974e-006	6.34027e-006	9.69947e-006	1.33588e-005	1.67832e-005	1.97945e-005	2.30634e-005	2.83727e-005	3.8764e-005	5.99178e-005	0.000107154	0.00022916	0.000567202	0.00148504	0.0037735	0.00885199	0.0187192	0.0352995	0.0590639	0.0874963	0.114677	0.133015	0.136679	0.12462	0.101049	0.0730767	0.0473001	0.0275174	0.0144594	0.00690247	0.00301662	0.00120677	0.000444459	0.000151354	4.77773e-005	1.39934e-005	3.80139e-006	9.56749e-007	2.22789e-007	4.794e-008	9.52435e-009	1.74635e-009	2.95532e-010	4.61778e-011	6.66695e-012	8.90205e-013	1.10055e-013	1.26198e-014	1.35792e-015	1.67546e-016	
N20	2.80595e-008	1.98325e-008	1.87804e-008	1.91827e-008	1.88206e-008	1.71501e-008	1.44901e-008	1.15115e-008	8.88867e-009	7.16275e-009	6.89755e-009	9.20817e-009	1.67653e-008	3.53098e-008	7.54259e-008	1.55031e-007	3.00204e-007	5.45576e-007	9.31933e-007	1.49878e-006	2.27255e-006	3.26255e-006	4.48816e-006	6.07417e-006	8.53444e-006	1.38217e-005	2.94157e-005	8.26298e-005	0.000263312	0.000829373	0.00241347	0.00631558	0.0145922	0.0296609	0.0529264	0.082813	0.11357	0.136512	0.143876	0.133052	0.108066	0.0771863	0.0485531	0.0269452	0.0132193	0.00574652	0.00221946	0.000764127	0.000235526	6.54092e-005	1.65527e-005	3.85135e-006	8.43281e-007	1.79485e-007	3.84131e-008	8.41353e-009	1.86641e-009	4.07403e-010	8.50931e-011	1.67446e-011	3.10332e-012	5.49547e-013	9.53641e-014	1.6618e-014	2.92641e-015	5.11335e-016	8.59722e-017	1.35548e-017	2.00058e-018	3.29011e-019	
N21	1.3601e-009	8.23736e-010	6.23826e-010	5.17721e-010	4.25758e-010	3.39093e-010	2.68853e-010	2.25715e-010	2.20655e-010	2.82194e-010	4.98938e-010	1.11453e-009	2.71403e-009	6.522e-009	1.47606e-008	3.11387e-008	6.09694e-008	1.11307e-007	1.91514e-007	3.15817e-007	5.10997e-007	8.35997e-007	1.43291e-006	2.69808e-006	6.02895e-006	1.72e-005	5.99174e-005	0.000221476	0.000777607	0.00245733	0.00683594	0.0165944	0.0347496	0.0627383	0.0976051	0.130812	0.15103	0.150266	0.128917	0.0954574	0.0610774	0.0338203	0.0162367	0.00677387	0.00246328	0.000784331	0.000220391	5.54759e-005	1.28798e-005	2.90169e-006	6.76777e-007	1.68161e-007	4.33802e-008	1.09637e-008	2.58747e-009	5.55189e-010	1.07032e-010	1.84674e-011	2.85345e-012	3.96693e-013	5.02498e-014	5.99186e-015	7.26679e-016	1.01767e-016	1.76037e-017	3.42305e-018	6.50856e-019	1.11284e-019	1.66378e-020	2.60194e-021	
N22	1.80388e-010	1.13927e-010	1.07499e-010	1.41539e-010	2.23197e-010	3.9111e-010	7.46522e-010	1.52882e-009	3.27345e-009	7.12745e-009	1.54712e-008	3.31398e-008	6.99131e-008	1.46324e-007	3.09744e-007	6.86767e-007	1.62009e-006	4.00758e-006	1.00582e-005	2.50539e-005	6.21916e-005	0.00015728	0.000410499	0.00108584	0.00279494	0.00672795	0.014741	0.0289514	0.0505774	0.0783259	0.107436	0.130694	0.140085	0.132517	0.110765	0.0818929	0.0536141	0.0311194	0.0160366	0.00734967	0.00300273	0.00109767	0.000361478	0.000108696	3.06609e-005	8.5098e-006	2.47165e-006	7.79672e-007	2.61275e-007	8.78367e-008	2.82462e-008	8.40681e-009	2.28815e-009	5.67018e-010	1.27903e-010	2.6353e-011	5.00496e-012	8.9413e-013	1.56377e-013	2.84599e-014	5.68491e-015	1.24298e-015	2.81371e-016	6.21357e-017	1.28945e-017	2.46939e-018	4.33252e-019	6.95725e-020	1.03779e-020	1.77302e-021	
Carex_eburnea	0	0	0	0	0	0	0	0	0	0	0	0	0	0	0	0	0	0	0	0	0	0	0	0	0	0	1	0	0	0	0	0	0	0	0	0	0	0	0	0	0	0	0	0	0	0	0	0	0	0	0	0	0	0	0	0	0	0	0	0	0	0	0	0	0	0	0	0	0	0	
Carex_cruciata	0	0	0	0	0	0	0	0	0	0	0	0	0	0	0	0	0	0	0	0	1	0	0	0	0	0	0	0	0	0	0	0	0	0	0	0	0	0	0	0	0	0	0	0	0	0	0	0	0	0	0	0	0	0	0	0	0	0	0	0	0	0	0	0	0	0	0	0	0	0	
N23	2.11524e-012	9.41032e-013	4.79568e-013	2.91361e-013	2.31025e-013	2.8923e-013	5.62348e-013	1.56344e-012	5.69347e-012	2.28625e-011	8.91303e-011	3.19879e-010	1.03425e-009	2.96278e-009	7.38813e-009	1.58665e-008	2.89952e-008	4.5274e-008	6.31504e-008	9.03512e-008	1.65459e-007	4.22691e-007	1.44432e-006	6.44807e-006	3.30835e-005	0.000164829	0.000724601	0.00270407	0.00845048	0.0220527	0.0481511	0.0882061	0.134401	0.169699	0.176298	0.149574	0.103038	0.0574502	0.0259119	0.00947007	0.0028147	0.000684227	0.000137225	2.30345e-005	3.32046e-006	4.29883e-007	5.32611e-008	6.65749e-009	8.38518e-010	1.01319e-010	1.11659e-011	1.08346e-012	9.13661e-014	6.66966e-015	4.21782e-016	2.31948e-017	1.1178e-018	4.79529e-020	1.89185e-021	7.29169e-023	2.96956e-024	1.32765e-025	6.23994e-027	2.8561e-028	1.20452e-029	4.5514e-031	1.52291e-032	4.49573e-034	1.17377e-035	3.07399e-037	
N24	1.32504e-014	7.72176e-015	7.47838e-015	1.18159e-014	2.60277e-014	7.0323e-014	2.09424e-013	6.48932e-013	2.03749e-012	6.27093e-012	1.82483e-011	4.91593e-011	1.21737e-010	2.75934e-010	5.73595e-010	1.13659e-009	2.35194e-009	5.85261e-009	1.9278e-008	8.3006e-008	4.3086e-007	2.41709e-006	1.32576e-005	6.66469e-005	0.000297343	0.00115745	0.00387072	0.010949	0.0259725	0.0518916	0.088616	0.130993	0.165559	0.175119	0.150931	0.103795	0.0562638	0.0239204	0.00797492	0.00209092	0.000433211	7.13885e-005	9.44149e-006	1.01832e-006	9.33685e-008	8.26715e-009	9.18967e-010	1.41619e-010	2.37914e-011	3.596e-012	4.59593e-013	4.87603e-014	4.28996e-015	3.13518e-016	1.9081e-017	9.69953e-019	4.13172e-020	1.48066e-021	4.49196e-023	1.17257e-024	2.79571e-026	7.43798e-028	3.00592e-029	1.74094e-030	1.09717e-031	6.71071e-033	3.85312e-034	2.00202e-035	8.97646e-037	3.75868e-038	
N25	1.81774e-015	1.47718e-015	2.41058e-015	6.9732e-015	2.58368e-014	1.00293e-013	3.74141e-013	1.28521e-012	3.94731e-012	1.06145e-011	2.49582e-011	5.33624e-011	1.13552e-010	2.65217e-010	7.05962e-010	2.16361e-009	7.78878e-009	3.37014e-008	1.75225e-007	1.05644e-006	6.82147e-006	4.25321e-005	0.000234078	0.00107115	0.0039373	0.0114236	0.0260576	0.0473374	0.0713272	0.0959891	0.123586	0.150909	0.160598	0.138717	0.093552	0.0484914	0.0192323	0.00584049	0.00136235	0.000245204	3.4243e-005	3.7353e-006	3.2135e-007	2.23178e-008	1.37435e-009	1.04356e-010	1.35952e-011	2.20888e-012	3.24356e-013	3.94535e-014	3.91328e-015	3.14556e-016	2.05149e-017	1.08728e-018	4.69267e-020	1.65359e-021	4.77206e-023	1.13226e-024	2.22275e-026	3.67697e-028	5.56175e-030	1.05014e-031	3.62072e-033	1.75198e-034	8.60897e-036	3.96339e-037	1.67383e-038	6.28099e-040	2.00231e-041	5.76293e-043	
N26	8.71646e-016	1.04434e-015	2.53126e-015	8.71542e-015	3.66484e-014	1.67371e-013	7.49722e-013	3.13963e-012	1.2554e-011	5.15218e-011	2.27941e-010	1.0461e-009	4.60155e-009	1.84104e-008	6.62859e-008	2.22173e-007	7.30222e-007	2.46982e-006	8.87485e-006	3.47454e-005	0.000145994	0.000605399	0.00225054	0.00707117	0.0183597	0.039401	0.0708425	0.108702	0.14415	0.164845	0.15993	0.128949	0.0842816	0.0441005	0.018332	0.00603189	0.00156984	0.00032359	5.29814e-005	6.91865e-006	7.24347e-007	6.12028e-008	4.21754e-009	2.43757e-010	1.3206e-011	9.55695e-013	1.24693e-013	2.15201e-014	3.69923e-015	5.78589e-016	7.9366e-017	9.28667e-018	9.13003e-019	7.46992e-020	5.05954e-021	2.83069e-022	1.3082e-023	5.00595e-025	1.59803e-026	4.37773e-028	1.15856e-029	4.14488e-031	2.4976e-032	1.92944e-033	1.58673e-034	1.36338e-035	1.19006e-036	9.77724e-038	6.99523e-039	4.74271e-040	
Carex_richardsonii	0	0	0	0	0	0	0	0	0	0	0	0	0	0	0	0	0	0	0	0	0	0	0	0	0	1	0	0	0	0	0	0	0	0	0	0	0	0	0	0	0	0	0	0	0	0	0	0	0	0	0	0	0	0	0	0	0	0	0	0	0	0	0	0	0	0	0	0	0	0	
N27	4.13758e-015	1.15632e-014	6.4602e-014	4.70628e-013	3.68789e-012	2.76901e-011	1.87479e-010	1.11223e-009	5.71961e-009	2.54854e-008	9.89234e-008	3.37276e-007	1.02179e-006	2.81828e-006	7.54913e-006	2.24591e-005	8.10734e-005	0.000324564	0.00124103	0.00416449	0.011877	0.0284976	0.0573888	0.0970082	0.137721	0.16422	0.164315	0.137688	0.0963576	0.0561452	0.027165	0.0109068	0.00360991	0.00098499	0.000221618	4.11543e-005	6.31848e-006	8.04062e-007	8.50873e-008	7.51797e-009	5.57666e-010	3.51044e-011	1.94773e-012	1.12077e-013	9.99112e-015	1.49094e-015	2.50828e-016	3.88783e-017	5.29563e-018	6.26397e-019	6.40763e-020	5.6284e-021	4.23805e-022	2.73153e-023	1.50594e-024	7.10473e-026	2.87487e-027	1.006e-028	3.15136e-030	1.02101e-031	4.88663e-033	3.90609e-034	3.75473e-035	3.57179e-036	3.2225e-037	2.7309e-038	2.1442e-039	1.52466e-040	9.58803e-042	6.07097e-043	
Carex_capillaris	0	0	0	0	0	0	0	0	1	0	0	0	0	0	0	0	0	0	0	0	0	0	0	0	0	0	0	0	0	0	0	0	0	0	0	0	0	0	0	0	0	0	0	0	0	0	0	0	0	0	0	0	0	0	0	0	0	0	0	0	0	0	0	0	0	0	0	0	0	0	
Carex_baccans	0	0	0	0	0	0	0	0	0	0	0	0	0	0	0	0	0	0	0	0	0	0	1	0	0	0	0	0	0	0	0	0	0	0	0	0	0	0	0	0	0	0	0	0	0	0	0	0	0	0	0	0	0	0	0	0	0	0	0	0	0	0	0	0	0	0	0	0	0	0	
N28	5.37291e-014	1.36849e-013	4.46554e-013	1.38071e-012	3.87383e-012	9.65615e-012	2.11698e-011	4.09334e-011	7.11268e-011	1.15231e-010	1.83344e-010	3.06973e-010	6.17235e-010	1.89428e-009	1.0021e-008	7.573e-008	6.26829e-007	4.80283e-006	3.14536e-005	0.000170158	0.000748987	0.00266214	0.00760687	0.0174267	0.0319691	0.0470395	0.0560946	0.0564481	0.0542701	0.0615457	0.085304	0.117867	0.13808	0.129846	0.0965606	0.0566337	0.0262351	0.00963384	0.00282532	0.000680632	0.000157166	5.76838e-005	3.89618e-005	2.83982e-005	1.76789e-005	9.02622e-006	3.75664e-006	1.27319e-006	3.5142e-007	7.90651e-008	1.45457e-008	2.18209e-009	2.67797e-010	2.6986e-011	2.24545e-012	1.56721e-013	9.92182e-015	8.04302e-016	1.29808e-016	2.92248e-017	6.28035e-018	1.17923e-018	1.91128e-019	2.6814e-020	3.29268e-021	3.61638e-022	3.66149e-023	3.50179e-024	3.17098e-025	3.14389e-026	
Carex_granularis	0	0	0	0	0	0	0	0	0	0	0	0	0	0	0	0	0	0	0	0	1	0	0	0	0	0	0	0	0	0	0	0	0	0	0	0	0	0	0	0	0	0	0	0	0	0	0	0	0	0	0	0	0	0	0	0	0	0	0	0	0	0	0	0	0	0	0	0	0	0	
N29	1.60505e-011	3.89465e-011	1.05612e-010	2.44814e-010	4.75703e-010	7.79566e-010	1.13379e-009	1.76051e-009	3.88191e-009	1.132e-008	3.26381e-008	8.36031e-008	2.10425e-007	6.95291e-007	3.16416e-006	1.45964e-005	5.62222e-005	0.000171196	0.000407183	0.000755589	0.00109681	0.00125352	0.0011494	0.000910463	0.000795789	0.00102924	0.00164364	0.00242762	0.00318646	0.00461156	0.0097514	0.0248665	0.055873	0.0992242	0.136012	0.144138	0.121104	0.0877911	0.0662458	0.0600469	0.0578743	0.0495479	0.0348177	0.0196877	0.0089497	0.0032842	0.000978119	0.000237766	4.74508e-005	7.82605e-006	1.07785e-006	1.25387e-007	1.28583e-008	1.30179e-009	1.57722e-010	2.44406e-011	4.13424e-012	6.59318e-013	9.35909e-014	1.16524e-014	1.27189e-015	1.22377e-016	1.04838e-017	8.11732e-019	5.78961e-020	3.87531e-021	2.46054e-022	1.47902e-023	8.34981e-025	5.13204e-026	
Carex_pseudocyperus	0	0	0	0	0	0	0	0	0	0	0	0	0	0	0	0	0	0	0	0	0	0	0	0	0	0	0	0	0	0	0	0	1	0	0	0	0	0	0	0	0	0	0	0	0	0	0	0	0	0	0	0	0	0	0	0	0	0	0	0	0	0	0	0	0	0	0	0	0	0	
Carex_oligosperma	0	0	0	0	0	0	0	0	0	0	0	0	0	0	0	0	0	0	0	0	0	0	0	0	0	0	0	0	0	0	0	0	0	0	0	0	0	1	0	0	0	0	0	0	0	0	0	0	0	0	0	0	0	0	0	0	0	0	0	0	0	0	0	0	0	0	0	0	0	0	
N30	3.48112e-013	5.46993e-013	1.27677e-012	3.21564e-012	8.29978e-012	2.13156e-011	5.36227e-011	1.3552e-010	3.7136e-010	1.16939e-009	4.01789e-009	1.35737e-008	4.25885e-008	1.26438e-007	3.89824e-007	1.38038e-006	5.40131e-006	2.05968e-005	6.99492e-005	0.000203479	0.000500923	0.00104622	0.00189153	0.00313212	0.00530519	0.0101768	0.0213649	0.0434176	0.0781918	0.120057	0.154999	0.167641	0.150559	0.112348	0.069704	0.0359961	0.0155015	0.00558586	0.00169646	0.000442435	0.000104427	2.5304e-005	7.42223e-006	2.64353e-006	9.78717e-007	3.35669e-007	1.02068e-007	2.71794e-008	6.3219e-009	1.28447e-009	2.28424e-010	3.54112e-011	4.79388e-012	5.68715e-013	5.97353e-014	5.73125e-015	5.46085e-016	6.00946e-017	8.37297e-018	1.34388e-018	2.16902e-019	3.29086e-020	4.59793e-021	5.89359e-022	6.93044e-023	7.47231e-024	7.37237e-025	6.6409e-026	5.48973e-027	5.00398e-028	
Carex_pallescens	0	0	0	0	0	0	0	0	0	0	0	0	0	0	0	0	0	0	0	0	0	0	0	0	0	0	0	0	0	0	0	1	0	0	0	0	0	0	0	0	0	0	0	0	0	0	0	0	0	0	0	0	0	0	0	0	0	0	0	0	0	0	0	0	0	0	0	0	0	0	
Carex_albursina	0	0	0	0	0	0	0	0	0	0	0	0	0	0	0	0	0	0	0	0	0	1	0	0	0	0	0	0	0	0	0	0	0	0	0	0	0	0	0	0	0	0	0	0	0	0	0	0	0	0	0	0	0	0	0	0	0	0	0	0	0	0	0	0	0	0	0	0	0	0	
N31	1.59735e-014	1.66177e-014	2.68536e-014	5.23019e-014	1.22456e-013	3.37164e-013	1.04247e-012	3.50973e-012	1.23867e-011	4.36598e-011	1.48427e-010	4.78794e-010	1.45072e-009	4.08368e-009	1.06395e-008	2.62298e-008	6.3348e-008	1.54914e-007	3.87784e-007	9.98115e-007	2.7123e-006	8.12865e-006	2.77336e-005	0.000106551	0.000429355	0.00164699	0.00558405	0.0160585	0.0384143	0.0757948	0.122967	0.164033	0.178552	0.158797	0.115515	0.0688236	0.0336437	0.0135251	0.00448515	0.00123244	0.000283002	5.54825e-005	9.87646e-006	1.85016e-006	4.33276e-007	1.22361e-007	3.48842e-008	9.00044e-009	2.02396e-009	3.92716e-010	6.57061e-011	9.43887e-012	1.1658e-012	1.23947e-013	1.13648e-014	9.0264e-016	6.28886e-017	3.99414e-018	2.5666e-019	1.99446e-020	2.01605e-021	2.31328e-022	2.62027e-023	2.76006e-024	2.64986e-025	2.29688e-026	1.78315e-027	1.23091e-028	7.5609e-030	4.83732e-031	
Carex_pendula	0	0	0	0	0	0	0	0	0	0	0	0	0	0	0	0	0	0	0	0	0	0	0	0	0	0	0	0	1	0	0	0	0	0	0	0	0	0	0	0	0	0	0	0	0	0	0	0	0	0	0	0	0	0	0	0	0	0	0	0	0	0	0	0	0	0	0	0	0	0	
N32	2.60334e-014	3.08164e-014	5.5754e-014	1.18522e-013	3.00947e-013	9.37843e-013	3.39964e-012	1.29238e-011	4.72277e-011	1.57638e-010	4.6949e-010	1.24714e-009	3.04635e-009	7.37167e-009	1.93729e-008	5.66343e-008	1.70781e-007	4.95793e-007	1.36944e-006	3.74841e-006	1.10285e-005	3.7781e-005	0.000148801	0.000603019	0.00225431	0.00730292	0.0199158	0.0451424	0.0845705	0.130642	0.166336	0.174839	0.150829	0.107023	0.0625842	0.0302255	0.0120862	0.00401329	0.00111073	0.000257539	5.04583e-005	8.5059e-006	1.28953e-006	1.95414e-007	3.52761e-008	8.32254e-009	2.30142e-009	6.44808e-010	1.68577e-010	3.95349e-011	8.16501e-012	1.4634e-012	2.26621e-013	3.02616e-014	3.48303e-015	3.45855e-016	2.97127e-017	2.22688e-018	1.4985e-019	1.00517e-020	8.75017e-022	1.18422e-022	2.00168e-023	3.39541e-024	5.43889e-025	8.28834e-026	1.22487e-026	1.74544e-027	2.30976e-028	3.21051e-029	
Carex_hostiana	0	0	0	0	0	0	0	0	0	0	0	0	0	0	0	0	0	0	0	0	0	0	0	0	0	0	0	1	0	0	0	0	0	0	0	0	0	0	0	0	0	0	0	0	0	0	0	0	0	0	0	0	0	0	0	0	0	0	0	0	0	0	0	0	0	0	0	0	0	0	
Carex_echinochloe	0	0	0	0	0	0	0	0	0	0	0	0	0	0	0	0	0	0	0	0	1	0	0	0	0	0	0	0	0	0	0	0	0	0	0	0	0	0	0	0	0	0	0	0	0	0	0	0	0	0	0	0	0	0	0	0	0	0	0	0	0	0	0	0	0	0	0	0	0	0	
Carex_dissitiflora	0	0	0	0	0	0	0	0	0	0	0	0	0	0	0	0	0	0	1	0	0	0	0	0	0	0	0	0	0	0	0	0	0	0	0	0	0	0	0	0	0	0	0	0	0	0	0	0	0	0	0	0	0	0	0	0	0	0	0	0	0	0	0	0	0	0	0	0	0	0	
N33	1.29992e-008	9.9451e-009	1.09632e-008	1.36857e-008	1.68689e-008	1.951e-008	2.08587e-008	2.06889e-008	1.94e-008	1.7771e-008	1.65439e-008	1.61764e-008	1.6941e-008	1.92741e-008	2.42592e-008	3.47194e-008	5.67781e-008	1.02924e-007	1.94737e-007	3.62435e-007	6.39169e-007	1.0544e-006	1.63985e-006	2.46507e-006	3.70931e-006	5.7693e-006	9.4449e-006	1.64203e-005	3.07476e-005	6.34754e-005	0.000146796	0.000374503	0.00099567	0.0026047	0.00640124	0.01434	0.0287685	0.0511714	0.0802604	0.11069	0.134067	0.142591	0.13326	0.109575	0.0794218	0.0508682	0.0288801	0.0145946	0.00660304	0.00269899	0.00101279	0.000354493	0.00011975	4.06772e-005	1.42878e-005	5.15692e-006	1.84691e-006	6.31187e-007	2.0018e-007	5.80158e-008	1.52695e-008	3.65555e-009	8.08379e-010	1.74067e-010	4.15109e-011	1.26346e-011	4.64283e-012	1.70823e-012	5.66407e-013	1.9849e-013	
N34	1.87203e-009	1.11187e-009	8.44453e-010	7.66454e-010	7.58104e-010	7.80514e-010	8.32496e-010	9.3854e-010	1.15972e-009	1.6188e-009	2.52254e-009	4.16326e-009	6.90469e-009	1.12129e-008	1.78765e-008	2.88699e-008	4.87251e-008	8.75762e-008	1.66395e-007	3.25486e-007	6.38767e-007	1.24633e-006	2.45304e-006	5.02641e-006	1.09814e-005	2.5364e-005	5.98817e-005	0.000140094	0.000320998	0.000725028	0.0016344	0.00368343	0.00808956	0.0168269	0.0322204	0.055599	0.0852904	0.115398	0.137131	0.142862	0.130438	0.10446	0.0735056	0.0455733	0.0249959	0.0122012	0.00535137	0.00214353	0.000806741	0.000298628	0.000115126	4.75448e-005	2.07398e-005	9.10897e-006	3.84387e-006	1.51168e-006	5.45186e-007	1.79174e-007	5.37582e-008	1.49088e-008	3.93254e-009	1.03413e-009	2.84398e-010	8.26286e-011	2.4381e-011	6.91556e-012	1.81141e-012	4.29583e-013	9.31421e-014	2.26856e-014	
N35	9.29034e-012	4.71944e-012	3.22265e-012	3.25657e-012	5.79507e-012	1.8084e-011	7.29159e-011	3.05039e-010	1.21507e-009	4.43971e-009	1.45462e-008	4.20685e-008	1.06287e-007	2.33004e-007	4.42191e-007	7.32182e-007	1.06936e-006	1.41953e-006	1.85037e-006	2.79308e-006	5.75266e-006	1.51975e-005	4.29501e-005	0.000116933	0.000298253	0.000723601	0.00173055	0.00417395	0.00995706	0.0223491	0.0450138	0.0789485	0.118053	0.149439	0.159786	0.144428	0.110752	0.0726092	0.0413342	0.0210495	0.0100721	0.00479305	0.00232939	0.00112573	0.000514147	0.000213569	7.94199e-005	2.6514e-005	8.08107e-006	2.3088e-006	6.35947e-007	1.70371e-007	4.41871e-008	1.08749e-008	2.48078e-009	5.1494e-010	9.61962e-011	1.61165e-011	2.43266e-012	3.35883e-013	4.36674e-014	5.56256e-015	7.1706e-016	9.35356e-017	1.19484e-017	1.435e-018	1.57308e-019	1.5524e-020	1.39242e-021	1.3062e-022	
N36	7.89676e-013	2.33277e-012	1.99474e-011	2.07269e-010	1.8965e-009	1.40434e-008	8.21217e-008	3.75709e-007	1.33986e-006	3.72428e-006	8.09167e-006	1.38155e-005	1.86714e-005	2.01319e-005	1.74461e-005	1.23376e-005	7.2457e-006	3.77302e-006	2.24624e-006	2.2376e-006	3.0932e-006	4.32913e-006	6.93445e-006	1.79838e-005	6.13477e-005	0.000188615	0.000460725	0.00087147	0.00127228	0.00143786	0.00126602	0.000877315	0.000481088	0.000214595	8.65974e-005	4.53274e-005	4.14236e-005	4.6632e-005	5.31519e-005	8.22063e-005	0.00023304	0.000858914	0.00310287	0.0101074	0.0282554	0.0649133	0.118935	0.171112	0.192443	0.169777	0.118735	0.0663333	0.0302607	0.0116324	0.0039342	0.00122892	0.000366527	0.000104297	2.75621e-005	6.5646e-006	1.38153e-006	2.54552e-007	4.09702e-008	5.76891e-009	7.13169e-010	7.77727e-011	7.52437e-012	6.50269e-013	5.09099e-014	4.37269e-015	
Uncinia_uncinata	0	0	0	0	0	0	0	0	0	0	0	0	0	0	0	0	0	0	0	0	0	0	0	0	0	0	0	0	0	0	0	0	0	0	0	0	0	0	0	0	0	0	0	1	0	0	0	0	0	0	0	0	0	0	0	0	0	0	0	0	0	0	0	0	0	0	0	0	0	0	
Uncinia_phleoides	0	0	0	0	0	0	0	0	0	0	0	0	0	0	0	0	0	0	0	0	0	0	0	0	0	0	0	0	0	0	0	0	0	0	0	0	0	0	0	0	0	0	0	0	0	0	0	1	0	0	0	0	0	0	0	0	0	0	0	0	0	0	0	0	0	0	0	0	0	0	
N37	2.62585e-013	2.15398e-013	3.36822e-013	8.17656e-013	2.61939e-012	9.82665e-012	3.88623e-011	1.49391e-010	5.28761e-010	1.66881e-009	4.62234e-009	1.11977e-008	2.39134e-008	4.58946e-008	8.16662e-008	1.4117e-007	2.46396e-007	4.49936e-007	8.96057e-007	2.03717e-006	5.3825e-006	1.59637e-005	4.98944e-005	0.000156352	0.000480253	0.00143099	0.00405962	0.0106245	0.0247955	0.0502631	0.0870694	0.127912	0.157655	0.163004	0.141595	0.103743	0.0645955	0.0346378	0.0163506	0.00701305	0.00283042	0.00109844	0.000407919	0.000141444	4.46289e-005	1.26202e-005	3.19041e-006	7.26831e-007	1.51458e-007	2.93441e-008	5.35024e-009	9.14179e-010	1.45155e-010	2.11316e-011	2.78465e-012	3.29198e-013	3.47784e-014	3.28938e-015	2.80885e-016	2.20063e-017	1.61841e-018	1.14366e-019	7.86295e-021	5.22847e-022	3.29966e-023	1.94359e-024	1.07296e-025	5.83255e-027	3.45614e-028	2.73299e-029	
N38	5.79083e-013	9.13129e-013	2.24631e-012	6.13716e-012	1.78507e-011	5.37895e-011	1.60027e-010	4.47605e-010	1.13893e-009	2.60257e-009	5.38842e-009	1.04702e-008	2.02746e-008	4.1355e-008	8.95411e-008	2.00801e-007	4.54774e-007	1.04627e-006	2.52633e-006	6.71354e-006	2.02873e-005	6.82698e-005	0.000239231	0.000814196	0.00255988	0.00719946	0.0177411	0.0377937	0.0690039	0.10742	0.142227	0.160252	0.152742	0.123483	0.0849689	0.0500312	0.0254153	0.0112712	0.00443368	0.00157574	0.000514533	0.000155814	4.37122e-005	1.1262e-005	2.63824e-006	5.58946e-007	1.07462e-007	1.90475e-008	3.21321e-009	5.3985e-010	9.40656e-011	1.69625e-011	3.05756e-012	5.26889e-013	8.40753e-014	1.22412e-014	1.62488e-015	1.98473e-016	2.26691e-017	2.46722e-018	2.60934e-019	2.75494e-020	3.06551e-021	3.94951e-022	6.38011e-023	1.25647e-023	2.68977e-024	5.57411e-025	1.03557e-025	1.98161e-026	
Carex_pauciflora	0	0	0	0	0	0	0	0	0	0	0	0	0	0	0	0	0	0	1	0	0	0	0	0	0	0	0	0	0	0	0	0	0	0	0	0	0	0	0	0	0	0	0	0	0	0	0	0	0	0	0	0	0	0	0	0	0	0	0	0	0	0	0	0	0	0	0	0	0	0	
Carex_leptalea_subsp_leptalea	0	0	0	0	0	0	0	0	0	0	0	0	0	0	0	0	0	0	0	0	0	0	0	0	0	1	0	0	0	0	0	0	0	0	0	0	0	0	0	0	0	0	0	0	0	0	0	0	0	0	0	0	0	0	0	0	0	0	0	0	0	0	0	0	0	0	0	0	0	0	
Carex_capitata	0	0	0	0	0	0	0	0	0	0	0	0	0	0	0	0	0	0	0	0	0	0	0	0	1	0	0	0	0	0	0	0	0	0	0	0	0	0	0	0	0	0	0	0	0	0	0	0	0	0	0	0	0	0	0	0	0	0	0	0	0	0	0	0	0	0	0	0	0	0	
N39	4.06852e-010	3.23206e-010	4.01982e-010	6.01012e-010	9.30924e-010	1.43977e-009	2.24527e-009	3.63203e-009	6.25924e-009	1.15495e-008	2.23646e-008	4.42193e-008	8.79369e-008	1.76712e-007	3.64926e-007	7.87314e-007	1.74573e-006	3.83741e-006	8.06895e-006	1.5877e-005	2.90973e-005	5.03336e-005	8.47579e-005	0.000144439	0.000254959	0.00046181	0.000835195	0.0014841	0.0026158	0.00469313	0.00869479	0.01633	0.0296053	0.0498971	0.0762433	0.104176	0.126435	0.135923	0.129345	0.109028	0.0815609	0.0543454	0.032474	0.0176267	0.00889706	0.0043371	0.00213826	0.00109839	0.000582018	0.000305905	0.00015349	7.12021e-005	3.01491e-005	1.15938e-005	4.04908e-006	1.29051e-006	3.79823e-007	1.05713e-007	2.89703e-008	8.22197e-009	2.49333e-009	7.95647e-010	2.54842e-010	7.83104e-011	2.24382e-011	5.90953e-012	1.42242e-012	3.1304e-013	6.43034e-014	1.52408e-014	
Kobresia_myosuroides	0	0	0	0	0	0	0	0	0	0	0	0	0	0	0	0	0	0	0	0	0	0	0	0	0	0	0	0	1	0	0	0	0	0	0	0	0	0	0	0	0	0	0	0	0	0	0	0	0	0	0	0	0	0	0	0	0	0	0	0	0	0	0	0	0	0	0	0	0	0	
Kobresia_simpliciuscula	0	0	0	0	0	0	0	0	0	0	0	0	0	0	0	0	0	0	0	0	0	0	0	0	0	0	0	0	0	0	0	0	0	0	1	0	0	0	0	0	0	0	0	0	0	0	0	0	0	0	0	0	0	0	0	0	0	0	0	0	0	0	0	0	0	0	0	0	0	0	
N40	1.33518e-008	8.10802e-009	6.47605e-009	6.29923e-009	6.64875e-009	7.09493e-009	7.41867e-009	7.51775e-009	7.41844e-009	7.36427e-009	8.05545e-009	1.13997e-008	2.30319e-008	6.06866e-008	1.80708e-007	5.58525e-007	1.69454e-006	4.86514e-006	1.28912e-005	3.1003e-005	6.69629e-005	0.000129119	0.000221871	0.000341288	0.000478951	0.000647968	0.00095167	0.00172269	0.0037516	0.00854931	0.0184028	0.0358087	0.0615096	0.0927881	0.122611	0.141747	0.143302	0.12671	0.0980565	0.0664824	0.0395486	0.02068	0.00952748	0.00387914	0.00140171	0.000452363	0.000131688	3.51347e-005	8.79956e-006	2.13373e-006	5.16222e-007	1.25357e-007	3.02181e-008	7.05726e-009	1.5603e-009	3.21911e-010	6.16896e-011	1.10256e-011	1.85911e-012	3.00777e-013	4.75086e-014	7.40425e-015	1.13669e-015	1.69744e-016	2.42465e-017	3.26406e-018	4.09905e-019	4.77763e-020	5.2122e-021	6.44927e-022	
Carex_gibba	0	0	0	0	0	0	0	0	0	0	0	0	0	0	0	0	1	0	0	0	0	0	0	0	0	0	0	0	0	0	0	0	0	0	0	0	0	0	0	0	0	0	0	0	0	0	0	0	0	0	0	0	0	0	0	0	0	0	0	0	0	0	0	0	0	0	0	0	0	0	
N41	2.90304e-010	1.7148e-010	1.33819e-010	1.19722e-010	1.108e-010	1.12628e-010	1.65702e-010	4.05526e-010	1.21029e-009	3.46295e-009	8.94238e-009	2.12675e-008	4.96914e-008	1.21379e-007	3.068e-007	7.49243e-007	1.64493e-006	3.12377e-006	5.06195e-006	7.01279e-006	8.47936e-006	9.66382e-006	1.3042e-005	2.70113e-005	7.38488e-005	0.000204897	0.000533499	0.00133509	0.00334891	0.00842814	0.0202543	0.043774	0.0809244	0.125308	0.16099	0.171077	0.150432	0.109738	0.0666988	0.0340001	0.0146909	0.0054799	0.00182105	0.000565121	0.000172036	5.23887e-005	1.55645e-005	4.31375e-006	1.07574e-006	2.36586e-007	4.55746e-008	7.64138e-009	1.11895e-009	1.4409e-010	1.65246e-011	1.72681e-012	1.70803e-013	1.68162e-014	1.71524e-015	1.81526e-016	1.92917e-017	1.98489e-018	1.93236e-019	1.76071e-020	1.49169e-021	1.16605e-022	8.32642e-024	5.37627e-025	3.13151e-026	1.92282e-027	
N42	2.79408e-010	3.1251e-010	4.52608e-010	6.6857e-010	1.11529e-009	2.25994e-009	4.96521e-009	1.02792e-008	1.88402e-008	3.03405e-008	4.40088e-008	6.13415e-008	9.43574e-008	1.90412e-007	4.95536e-007	1.37352e-006	3.49926e-006	7.71873e-006	1.45542e-005	2.4142e-005	3.93074e-005	7.63965e-005	0.000186678	0.000477573	0.00109548	0.00212708	0.0034699	0.00491375	0.00675923	0.0110007	0.0222763	0.0467078	0.086257	0.132509	0.166675	0.17115	0.14366	0.098948	0.0563348	0.0269124	0.0111476	0.00428238	0.00168574	0.000722562	0.000321854	0.000135948	5.12166e-005	1.67612e-005	4.72563e-006	1.14698e-006	2.40547e-007	4.35311e-008	6.83453e-009	9.38247e-010	1.14327e-010	1.2784e-011	1.4063e-012	1.68776e-013	2.34678e-014	3.58684e-015	5.47883e-016	7.86134e-017	1.03129e-017	1.22473e-018	1.31238e-019	1.26809e-020	1.10572e-021	8.72111e-023	6.2832e-024	4.96925e-025	
Carex_radiata	0	0	0	0	0	0	0	0	0	0	0	0	0	0	0	0	0	0	0	0	0	0	0	0	0	0	0	0	1	0	0	0	0	0	0	0	0	0	0	0	0	0	0	0	0	0	0	0	0	0	0	0	0	0	0	0	0	0	0	0	0	0	0	0	0	0	0	0	0	0	
Carex_macrocephala	0	0	0	0	0	0	0	0	0	0	0	0	0	0	0	0	0	0	0	0	0	0	0	0	0	0	0	0	0	0	0	0	0	0	0	0	1	0	0	0	0	0	0	0	0	0	0	0	0	0	0	0	0	0	0	0	0	0	0	0	0	0	0	0	0	0	0	0	0	0	
N43	4.33594e-012	3.06118e-012	2.83916e-012	2.67937e-012	2.35372e-012	2.04158e-012	2.21731e-012	4.22951e-012	1.36094e-011	5.37127e-011	2.14382e-010	8.25737e-010	3.16562e-009	1.2211e-008	4.4495e-008	1.42472e-007	3.80954e-007	8.33959e-007	1.48847e-006	2.17803e-006	2.67757e-006	3.01356e-006	4.02672e-006	9.54965e-006	3.92854e-005	0.000196564	0.000953883	0.00402833	0.0139862	0.0386868	0.0839187	0.142158	0.186611	0.191317	0.154722	0.0997648	0.051767	0.0217538	0.00742925	0.00206722	0.000470704	8.84724e-005	1.39249e-005	1.87018e-006	2.18494e-007	2.25238e-008	2.06401e-009	1.69045e-010	1.2515e-011	8.54421e-013	5.4959e-014	3.32142e-015	1.85293e-016	9.28152e-018	4.07627e-019	1.54759e-020	5.05549e-022	1.42628e-023	3.53407e-025	8.35556e-027	3.14938e-028	4.32644e-029	1.18313e-029	4.28447e-030	1.87381e-030	8.83668e-031	4.07747e-031	1.73774e-031	6.65742e-032	2.47483e-032	
Carex_satsumensis	0	0	0	0	0	0	0	0	0	0	0	0	0	0	0	0	0	0	1	0	0	0	0	0	0	0	0	0	0	0	0	0	0	0	0	0	0	0	0	0	0	0	0	0	0	0	0	0	0	0	0	0	0	0	0	0	0	0	0	0	0	0	0	0	0	0	0	0	0	0	
N44	4.33563e-012	3.06101e-012	2.83902e-012	2.67925e-012	2.35364e-012	2.04152e-012	2.21728e-012	4.22946e-012	1.36092e-011	5.3712e-011	2.14379e-010	8.25725e-010	3.16558e-009	1.22108e-008	4.44944e-008	1.4247e-007	3.80949e-007	8.33946e-007	1.48844e-006	2.17799e-006	2.67753e-006	3.01352e-006	4.02668e-006	9.54962e-006	3.92854e-005	0.000196564	0.000953883	0.00402833	0.0139862	0.0386868	0.0839188	0.142158	0.186611	0.191317	0.154722	0.0997648	0.051767	0.0217538	0.00742925	0.00206722	0.000470703	8.84723e-005	1.39249e-005	1.87019e-006	2.185e-007	2.25265e-008	2.06504e-009	1.69376e-010	1.26033e-011	8.73944e-013	5.85223e-014	3.85483e-015	2.50927e-016	1.59464e-017	9.71883e-019	5.66281e-020	3.37919e-021	2.54783e-022	2.75925e-023	3.50132e-024	4.27664e-025	4.75238e-026	4.81428e-027	4.49022e-028	3.85247e-029	3.00029e-030	2.08205e-031	1.26665e-032	6.719e-034	3.42178e-034	
Carex_diandra	0	0	0	0	0	0	0	0	0	0	0	0	0	0	0	0	0	0	0	0	0	0	0	0	0	0	0	0	0	1	0	0	0	0	0	0	0	0	0	0	0	0	0	0	0	0	0	0	0	0	0	0	0	0	0	0	0	0	0	0	0	0	0	0	0	0	0	0	0	0	
N45	1.45207e-014	9.25403e-015	8.39106e-015	9.90814e-015	1.64356e-014	4.26938e-014	2.35813e-013	2.06324e-012	1.63639e-011	9.92493e-011	4.45601e-010	1.47465e-009	3.62607e-009	6.7797e-009	1.01277e-008	1.32221e-008	1.64886e-008	2.0513e-008	2.64186e-008	4.08322e-008	8.69199e-008	2.28468e-007	8.31393e-007	6.34419e-006	6.34902e-005	0.00052341	0.00319387	0.0140969	0.0446368	0.101171	0.164928	0.196784	0.177277	0.129413	0.0830383	0.0480522	0.0237818	0.00939585	0.00284734	0.000654391	0.000115396	1.64889e-005	2.27167e-006	4.00898e-007	8.9583e-008	1.93622e-008	3.50536e-009	5.12046e-010	6.00019e-011	5.6496e-012	4.29379e-013	2.63519e-014	1.31287e-015	5.33804e-017	1.78291e-018	4.94413e-020	1.16671e-021	2.51532e-023	5.93117e-025	1.89478e-026	7.73808e-028	3.27283e-029	1.28485e-030	4.54057e-032	1.43698e-033	4.06938e-035	1.02731e-036	2.29235e-038	4.47554e-040	8.3769e-042	
N46	6.3287e-016	1.28307e-015	1.02137e-014	1.19022e-013	1.22802e-012	9.88887e-012	5.9774e-011	2.66682e-010	8.71803e-010	2.08523e-009	3.65961e-009	4.74314e-009	4.58734e-009	3.36794e-009	1.95738e-009	1.03731e-009	6.92651e-010	7.83856e-010	2.01022e-009	1.96641e-008	3.36646e-007	5.11262e-006	5.92946e-005	0.000506409	0.0031364	0.0139559	0.0443444	0.10029	0.161414	0.185729	0.155528	0.101612	0.0639774	0.0515545	0.0469866	0.0363946	0.0213673	0.00928569	0.00298705	0.000715738	0.000129112	1.80206e-005	2.22948e-006	4.16163e-007	1.55288e-007	6.33798e-008	2.12599e-008	5.59531e-009	1.14915e-009	1.84295e-010	2.31553e-011	2.27619e-012	1.75831e-013	1.07227e-014	5.18954e-016	2.00549e-017	6.23404e-019	1.57778e-020	3.4057e-022	8.18357e-024	4.18191e-025	3.73195e-026	3.33344e-027	2.61249e-028	1.78068e-029	1.06443e-030	5.61878e-032	2.61076e-033	1.05316e-034	4.09861e-036	
Carex_foenea	0	0	0	0	0	0	0	0	0	0	0	0	0	0	0	0	0	0	0	0	0	0	0	0	0	0	0	0	0	0	0	0	0	0	0	0	0	0	0	0	1	0	0	0	0	0	0	0	0	0	0	0	0	0	0	0	0	0	0	0	0	0	0	0	0	0	0	0	0	0	
N47	3.71159e-017	2.11981e-016	2.90073e-015	3.72068e-014	3.57678e-013	2.4439e-012	1.16292e-011	3.81692e-011	8.64031e-011	1.36683e-010	1.57328e-010	1.47326e-010	1.411e-010	1.61082e-010	1.89756e-010	1.98343e-010	2.02764e-010	4.01739e-010	3.1385e-009	6.09687e-008	1.23203e-006	1.92188e-005	0.000217703	0.00174694	0.00974669	0.0372713	0.0969575	0.172106	0.212342	0.189852	0.132281	0.0785151	0.0412302	0.0185636	0.00675319	0.00190778	0.000412059	6.7947e-005	8.60647e-006	8.48965e-007	6.73318e-008	4.66688e-009	3.36529e-010	2.92212e-011	2.7847e-012	2.44926e-013	1.82194e-014	1.11536e-015	5.58684e-017	2.29398e-018	7.78348e-020	2.20711e-021	5.39885e-023	1.20776e-024	2.66856e-026	6.06911e-028	1.37089e-029	2.88202e-031	5.49406e-033	1.00579e-034	2.07989e-036	5.46787e-038	1.63699e-039	4.78611e-041	1.30152e-042	3.40433e-044	9.10892e-046	2.52048e-047	6.74183e-049	1.78084e-050	
Carex_conferta	0	0	0	0	0	0	0	0	0	0	0	0	0	0	0	0	0	0	0	0	0	0	0	0	0	1	0	0	0	0	0	0	0	0	0	0	0	0	0	0	0	0	0	0	0	0	0	0	0	0	0	0	0	0	0	0	0	0	0	0	0	0	0	0	0	0	0	0	0	0	
Carex_arcta	0	0	0	0	0	0	0	0	0	0	0	0	0	0	0	0	0	0	0	0	0	0	0	0	0	0	1	0	0	0	0	0	0	0	0	0	0	0	0	0	0	0	0	0	0	0	0	0	0	0	0	0	0	0	0	0	0	0	0	0	0	0	0	0	0	0	0	0	0	0	
N48	1.42154e-016	2.22412e-016	5.12225e-016	1.10615e-015	1.92699e-015	3.28593e-015	1.46431e-014	1.30981e-013	9.93948e-013	5.65655e-012	2.50845e-011	9.45627e-011	3.27068e-010	1.02087e-009	2.64961e-009	5.39538e-009	8.49712e-009	1.11683e-008	1.65666e-008	3.74171e-008	9.62641e-008	2.10958e-007	4.57735e-007	2.75549e-006	3.41235e-005	0.00035041	0.00257295	0.0132198	0.0470805	0.115729	0.196754	0.233742	0.195826	0.118413	0.052906	0.0177874	0.00454549	0.00088624	0.000132305	1.53394e-005	1.45792e-006	1.34209e-007	1.549e-008	2.20624e-009	3.02653e-010	3.48456e-011	3.2434e-012	2.42893e-013	1.4705e-014	7.2643e-016	2.96976e-017	1.01771e-018	2.97934e-020	7.57989e-022	1.69815e-023	3.40949e-025	6.53725e-027	1.45242e-028	4.62091e-030	1.84819e-031	7.2852e-033	2.55003e-034	7.73298e-036	2.03468e-037	4.71126e-039	9.83796e-041	1.90671e-042	3.48989e-044	5.99081e-046	1.03739e-047	
N49	5.51153e-018	7.1147e-018	7.63513e-018	6.41959e-018	7.38674e-018	3.55737e-017	4.71231e-016	6.44662e-015	7.07304e-014	6.05878e-013	4.04655e-012	2.10356e-011	8.67127e-011	3.00686e-010	9.34418e-010	2.5928e-009	5.97605e-009	1.07671e-008	1.47661e-008	1.53901e-008	1.27158e-008	1.13727e-008	3.53979e-008	4.99963e-007	8.84033e-006	0.000120437	0.00115845	0.00765031	0.0340365	0.100595	0.196092	0.252707	0.215893	0.12463	0.0497277	0.0140347	0.00286222	0.000429957	4.86384e-005	4.42957e-006	4.58138e-007	9.91842e-008	3.03951e-008	8.07406e-009	1.68327e-009	2.72507e-010	3.43067e-011	3.3718e-012	2.6017e-013	1.58786e-014	7.74553e-016	3.03992e-017	9.71273e-019	2.55558e-020	5.60373e-022	1.05161e-023	1.97851e-025	6.87761e-027	5.14056e-028	4.23881e-029	3.03799e-030	1.82659e-031	9.1517e-033	3.81436e-034	1.32806e-035	3.94295e-037	1.06119e-038	2.90732e-040	8.75908e-042	2.97432e-043	
Carex_disticha	0	0	0	0	0	0	0	0	0	0	0	0	0	0	0	0	0	0	0	0	0	0	0	0	0	0	0	0	0	0	1	0	0	0	0	0	0	0	0	0	0	0	0	0	0	0	0	0	0	0	0	0	0	0	0	0	0	0	0	0	0	0	0	0	0	0	0	0	0	0	
Carex_chordorrhiza	0	0	0	0	0	0	0	0	0	0	0	0	0	0	0	0	0	0	0	0	0	0	0	0	0	0	0	0	0	0	1	0	0	0	0	0	0	0	0	0	0	0	0	0	0	0	0	0	0	0	0	0	0	0	0	0	0	0	0	0	0	0	0	0	0	0	0	0	0	0	
Carex_deweyana_var_deweyana	0	0	0	0	0	0	0	0	0	0	0	0	0	0	0	0	0	0	0	0	0	0	0	0	0	0	1	0	0	0	0	0	0	0	0	0	0	0	0	0	0	0	0	0	0	0	0	0	0	0	0	0	0	0	0	0	0	0	0	0	0	0	0	0	0	0	0	0	0	0	
N50	0.000129934	0.000294355	0.00145178	0.0075194	0.0307039	0.0885248	0.173475	0.231511	0.215212	0.143597	0.0708995	0.0266406	0.00780926	0.00182449	0.0003456	5.41492e-005	7.1078e-006	7.90828e-007	7.53688e-008	6.21061e-009	4.45869e-010	2.81159e-011	1.56794e-012	7.77993e-014	3.4537e-015	1.37866e-016	4.97184e-018	1.62685e-019	4.84954e-021	1.32197e-022	3.30724e-024	7.62402e-026	1.61993e-027	3.18576e-029	5.81938e-031	9.90571e-033	1.57598e-034	2.35033e-036	3.29488e-038	4.34777e-040	5.41902e-042	6.39624e-044	7.16558e-046	7.63464e-048	7.75078e-050	7.51019e-052	6.95577e-054	6.16565e-056	5.23621e-058	4.2643e-060	3.33391e-062	2.49713e-064	1.79472e-066	1.23893e-068	8.2199e-071	5.2439e-073	3.21783e-075	1.89986e-077	1.07959e-079	5.9061e-082	3.11164e-084	1.57933e-086	7.72531e-089	3.64331e-091	1.65734e-093	7.27573e-096	3.08402e-098	1.26292e-100	4.99987e-103	2.02847e-105	
Carex_pachygyna	0	0	0	0	0	1	0	0	0	0	0	0	0	0	0	0	0	0	0	0	0	0	0	0	0	0	0	0	0	0	0	0	0	0	0	0	0	0	0	0	0	0	0	0	0	0	0	0	0	0	0	0	0	0	0	0	0	0	0	0	0	0	0	0	0	0	0	0	0	0	
Carex_siderosticta	0	0	0	0	0	1	0	0	0	0	0	0	0	0	0	0	0	0	0	0	0	0	0	0	0	0	0	0	0	0	0	0	0	0	0	0	0	0	0	0	0	0	0	0	0	0	0	0	0	0	0	0	0	0	0	0	0	0	0	0	0	0	0	0	0	0	0	0	0	0	
N51	5.7121e-006	4.10382e-006	4.24063e-006	5.18747e-006	6.61591e-006	8.39979e-006	1.04943e-005	1.29379e-005	1.5927e-005	1.99625e-005	2.61184e-005	3.66122e-005	5.61674e-005	9.55208e-005	0.000180539	0.000313843	0.000517638	0.000816695	0.00123377	0.00178332	0.00246578	0.00326753	0.00416899	0.00516288	0.0062772	0.00759157	0.00923365	0.0113474	0.0140364	0.0172925	0.0209044	0.0242619	0.0276373	0.0310419	0.0346024	0.0384915	0.0427961	0.0473848	0.0518453	0.0555343	0.0577568	0.057976	0.0559949	0.0520272	0.0466339	0.0405605	0.0345428	0.0291458	0.024677	0.0211785	0.0184813	0.0165516	0.0150223	0.0136011	0.0121104	0.01049	0.00877337	0.00705002	0.00542597	0.00399175	0.00280355	0.00187837	0.00120005	0.000730968	0.000424579	0.000235345	0.000124755	6.36484e-005	3.20253e-005	1.78462e-005	
Trichophorum_cespitosum	0	0	0	0	0	0	0	0	0	0	0	0	0	0	0	0	0	0	0	0	0	0	0	0	0	0	0	0	0	0	0	0	0	0	0	0	0	0	0	0	0	0	0	0	0	0	0	0	0	0	0	1	0	0	0	0	0	0	0	0	0	0	0	0	0	0	0	0	0	0	
Trichophorum_alpinum	0	0	0	0	0	0	0	0	0	0	0	0	0	0	0	0	0	0	0	0	0	0	0	0	0	0	0	0	1	0	0	0	0	0	0	0	0	0	0	0	0	0	0	0	0	0	0	0	0	0	0	0	0	0	0	0	0	0	0	0	0	0	0	0	0	0	0	0	0	0	
N52	6.3039e-012	6.35231e-012	1.00485e-011	1.80241e-011	3.30731e-011	6.0471e-011	1.0918e-010	1.93947e-010	3.39177e-010	5.87769e-010	1.02513e-009	1.84936e-009	3.57663e-009	7.62766e-009	1.79006e-008	3.34063e-008	5.50936e-008	8.36152e-008	1.19226e-007	1.61731e-007	2.10495e-007	2.64517e-007	3.22555e-007	3.83296e-007	4.45556e-007	5.08502e-007	5.7185e-007	6.35984e-007	7.01818e-007	7.69891e-007	8.37415e-007	8.89809e-007	9.68641e-007	1.08873e-006	1.27174e-006	1.55128e-006	1.98136e-006	2.65096e-006	3.70932e-006	5.41063e-006	8.1941e-006	1.28293e-005	2.06807e-005	3.41835e-005	5.76837e-005	9.88724e-005	0.000171145	0.000297275	0.000514599	0.000880613	0.00147286	0.00247029	0.0041492	0.006939	0.0114486	0.0184307	0.0286283	0.0424646	0.0596111	0.078586	0.0966448	0.110218	0.115935	0.11191	0.0986642	0.0791061	0.0574907	0.0378649	0.0228114	0.0130332	
N53	5.64517e-010	5.63924e-010	8.43422e-010	1.37698e-009	2.24838e-009	3.60383e-009	5.63982e-009	8.59555e-009	1.274e-008	1.83523e-008	2.56977e-008	3.50089e-008	4.64871e-008	6.03521e-008	7.70189e-008	9.61102e-008	1.17447e-007	1.4086e-007	1.66215e-007	1.93446e-007	2.22608e-007	2.53964e-007	2.88119e-007	3.26239e-007	3.70413e-007	4.24242e-007	4.93843e-007	5.89619e-007	7.29475e-007	9.44824e-007	1.29182e-006	1.87187e-006	2.88146e-006	4.69478e-006	8.03099e-006	1.42773e-005	2.61006e-005	4.85811e-005	9.12526e-005	0.000171637	0.000321078	0.000593752	0.00107948	0.00191977	0.00332428	0.00558109	0.00905025	0.0141278	0.021172	0.0303977	0.0417746	0.0546043	0.0678276	0.0799469	0.0892808	0.0943332	0.0941791	0.0887358	0.0788119	0.0659094	0.0518425	0.038312	0.0265726	0.0172808	0.01053	0.00601285	0.00322509	0.00163909	0.000811647	0.000426241	
N54	7.20928e-008	4.70407e-008	4.21333e-008	4.53358e-008	5.21179e-008	6.08292e-008	7.09573e-008	8.25159e-008	9.58905e-008	1.11907e-007	1.32071e-007	1.59028e-007	1.97386e-007	2.55124e-007	3.45913e-007	4.97555e-007	7.57929e-007	1.21565e-006	2.03601e-006	3.52966e-006	6.28333e-006	1.14077e-005	2.09958e-005	3.89559e-005	7.24732e-005	0.000134473	0.000247571	0.000450026	0.000804114	0.00140703	0.00240424	0.00400612	0.00645017	0.0100217	0.0149986	0.021586	0.0298323	0.0395429	0.0502206	0.0610599	0.0710203	0.0789767	0.0839236	0.0851826	0.082555	0.0763719	0.0674258	0.056803	0.0456686	0.0350637	0.0257676	0.0180181	0.0120022	0.00762096	0.00461513	0.00266716	0.00147216	0.000776967	0.000392723	0.000190533	8.89906e-005	4.01686e-005	1.76063e-005	7.53504e-006	3.16729e-006	1.31507e-006	5.42384e-007	2.24273e-007	9.60146e-008	4.86986e-008	
N55	3.53903e-006	3.01792e-006	3.88689e-006	5.7549e-006	8.78491e-006	1.34542e-005	2.05503e-005	3.12867e-005	4.75379e-005	7.22626e-005	0.000110241	0.000169328	0.00026247	0.000410705	0.000646987	0.00102946	0.00164451	0.00262032	0.00413661	0.00642824	0.00977518	0.0144708	0.020762	0.0287627	0.038355	0.0491054	0.0602342	0.0706707	0.0792091	0.0847469	0.0865549	0.0845154	0.0783647	0.069052	0.057835	0.046045	0.0348469	0.0250709	0.0171499	0.0111569	0.0069048	0.00406706	0.00228131	0.00121953	0.000621907	0.000302929	0.000141175	6.30832e-005	2.71052e-005	1.12436e-005	4.53213e-006	1.77431e-006	6.79144e-007	2.55822e-007	9.53768e-008	3.53344e-008	1.30265e-008	4.77286e-009	1.73186e-009	6.19329e-010	2.17148e-010	7.42943e-011	2.47067e-011	7.96249e-012	2.48181e-012	7.47241e-013	2.17326e-013	6.12859e-014	1.72103e-014	5.78904e-015	
N56	0.000223172	0.000164608	0.00017668	0.000225076	0.000303557	0.000419537	0.000592018	0.000855841	0.00127108	0.00193804	0.00301758	0.00475323	0.00748372	0.0116237	0.0175786	0.0258069	0.036442	0.0491659	0.0630593	0.0766037	0.0878906	0.0950586	0.0967774	0.0926512	0.0833537	0.0704386	0.0559006	0.0416608	0.0291617	0.0191806	0.0118666	0.006925	0.00379182	0.00195157	0.000945622	0.000432082	0.000186533	7.6259e-005	2.96081e-005	1.09512e-005	3.87505e-006	1.31786e-006	4.32885e-007	1.37999e-007	4.2877e-008	1.30259e-008	3.87696e-009	1.13153e-009	3.23952e-010	9.10285e-011	2.51736e-011	6.82945e-012	1.82335e-012	4.80397e-013	1.25131e-013	3.22331e-014	8.19889e-015	2.05249e-015	5.03307e-016	1.20235e-016	2.78257e-017	6.20651e-018	1.32844e-018	2.71944e-019	5.31218e-020	9.89046e-021	1.75513e-021	2.97537e-022	4.91074e-023	9.72613e-024	
N57	0.00485971	0.00337157	0.00336984	0.00415299	0.00563466	0.00804739	0.0118568	0.0177142	0.0263379	0.0382457	0.0533405	0.070486	0.0873319	0.100639	0.107121	0.10567	0.0963036	0.0809584	0.0627379	0.044816	0.0294986	0.0179116	0.010043	0.00520601	0.00249869	0.00111254	0.000460649	0.000177925	6.43658e-005	2.19204e-005	7.07391e-006	2.18329e-006	6.4585e-007	1.8455e-007	5.12508e-008	1.38799e-008	3.66879e-009	9.457e-010	2.3752e-010	5.69687e-011	1.32126e-011	2.97485e-012	6.521e-013	1.39597e-013	2.92584e-014	6.00931e-015	1.20778e-015	2.36718e-016	4.50308e-017	8.27478e-018	1.46498e-018	2.4816e-019	4.01994e-020	6.22954e-021	9.25014e-022	1.32027e-022	1.81967e-023	2.43516e-024	3.18158e-025	4.07499e-026	5.12394e-027	6.31393e-028	7.59047e-029	8.84993e-030	9.94773e-031	1.07263e-031	1.10555e-032	1.08747e-033	1.02955e-034	1.14155e-035	
Fimbristylis_autumnalis	0	0	0	0	1	0	0	0	0	0	0	0	0	0	0	0	0	0	0	0	0	0	0	0	0	0	0	0	0	0	0	0	0	0	0	0	0	0	0	0	0	0	0	0	0	0	0	0	0	0	0	0	0	0	0	0	0	0	0	0	0	0	0	0	0	0	0	0	0	0	
Fimbristylis_complanata	0	0	0	0	1	0	0	0	0	0	0	0	0	0	0	0	0	0	0	0	0	0	0	0	0	0	0	0	0	0	0	0	0	0	0	0	0	0	0	0	0	0	0	0	0	0	0	0	0	0	0	0	0	0	0	0	0	0	0	0	0	0	0	0	0	0	0	0	0	0	
N58	0.010817	0.00945412	0.01484	0.0309829	0.0646424	0.115419	0.165583	0.1873	0.167053	0.118399	0.0674104	0.0311955	0.0118721	0.003757	0.00099745	0.000225509	4.37922e-005	7.36824e-006	1.0836e-006	1.40525e-007	1.59354e-008	1.60928e-009	1.4623e-010	1.20482e-011	9.06308e-013	6.26525e-014	4.00477e-015	2.38025e-016	1.32193e-017	6.8894e-019	3.38194e-020	1.57055e-021	6.90017e-023	2.88087e-024	1.14749e-025	4.37462e-027	1.59981e-028	5.61793e-030	1.89378e-031	5.63812e-033	1.5944e-034	4.33783e-036	1.13264e-037	2.82554e-039	6.71348e-041	1.51702e-042	3.25931e-044	6.66221e-046	1.29713e-047	2.40936e-049	4.27944e-051	7.26143e-053	1.18033e-054	1.84148e-056	2.7609e-058	3.98057e-060	5.51984e-062	7.36027e-064	9.43222e-066	1.16132e-067	1.37312e-069	1.55844e-071	1.69728e-073	1.77362e-075	1.77862e-077	1.71248e-079	1.58418e-081	1.40952e-083	1.20824e-085	1.0863e-087	
Fimbristylis_aestivalis	0	0	0	0	1	0	0	0	0	0	0	0	0	0	0	0	0	0	0	0	0	0	0	0	0	0	0	0	0	0	0	0	0	0	0	0	0	0	0	0	0	0	0	0	0	0	0	0	0	0	0	0	0	0	0	0	0	0	0	0	0	0	0	0	0	0	0	0	0	0	
Fimbristylis_squarrosa	0	0	0	0	1	0	0	0	0	0	0	0	0	0	0	0	0	0	0	0	0	0	0	0	0	0	0	0	0	0	0	0	0	0	0	0	0	0	0	0	0	0	0	0	0	0	0	0	0	0	0	0	0	0	0	0	0	0	0	0	0	0	0	0	0	0	0	0	0	0	
Fimbristylis_ovata	0	0	0	0	1	0	0	0	0	0	0	0	0	0	0	0	0	0	0	0	0	0	0	0	0	0	0	0	0	0	0	0	0	0	0	0	0	0	0	0	0	0	0	0	0	0	0	0	0	0	0	0	0	0	0	0	0	0	0	0	0	0	0	0	0	0	0	0	0	0	
N59	0.000644735	0.000467622	0.000491038	0.000615458	0.000821356	0.0011264	0.00157488	0.00223968	0.00322947	0.00469669	0.00684159	0.00990448	0.0141354	0.0197281	0.0267071	0.0351179	0.044612	0.0545539	0.0640608	0.0721249	0.0777851	0.080344	0.0794928	0.0753745	0.0685396	0.0598192	0.0501551	0.0404363	0.0313782	0.0234614	0.0169279	0.0118213	0.00794654	0.00515015	0.00322144	0.00194642	0.00113691	0.00064252	0.000351685	0.000186619	9.61513e-005	4.81836e-005	2.35323e-005	1.12265e-005	5.24453e-006	2.40487e-006	1.08468e-006	4.81922e-007	2.11061e-007	9.11198e-008	3.8809e-008	1.6187e-008	6.60101e-009	2.62557e-009	1.01583e-009	3.81251e-010	1.38453e-010	4.85437e-011	1.64018e-011	5.33246e-012	1.66625e-012	4.99993e-013	1.44e-013	3.97938e-014	1.05513e-014	2.68496e-015	6.56173e-016	1.54516e-016	3.59418e-017	1.01269e-017	
Bulbostylis_barbata	0	0	0	0	1	0	0	0	0	0	0	0	0	0	0	0	0	0	0	0	0	0	0	0	0	0	0	0	0	0	0	0	0	0	0	0	0	0	0	0	0	0	0	0	0	0	0	0	0	0	0	0	0	0	0	0	0	0	0	0	0	0	0	0	0	0	0	0	0	0	
N60	0.00679913	0.00482956	0.00506328	0.00674628	0.00992169	0.0149488	0.0222328	0.0319126	0.0435043	0.0556994	0.0665876	0.0743549	0.0780766	0.0779505	0.0748831	0.0703634	0.0647247	0.0579366	0.0501222	0.0418683	0.0339784	0.0271151	0.0214287	0.0167123	0.0127151	0.00933564	0.00659871	0.00452749	0.00306081	0.00206478	0.0013928	0.000932239	0.00060758	0.000383686	0.000236062	0.000143708	8.8387e-005	5.58698e-005	3.64401e-005	2.36687e-005	1.52073e-005	9.49796e-006	5.67962e-006	3.21997e-006	1.72123e-006	8.64844e-007	4.07516e-007	1.79642e-007	7.38851e-008	2.82801e-008	1.00654e-008	3.3079e-009	1.00358e-009	2.81215e-010	7.28981e-011	1.75373e-011	3.93358e-012	8.27251e-013	1.64048e-013	3.08135e-014	5.49263e-015	9.28037e-016	1.48051e-016	2.21827e-017	3.10489e-018	4.04209e-019	4.88045e-020	5.46153e-021	5.72451e-022	6.87268e-023	
N61	0.00574552	0.00382339	0.00363331	0.00435486	0.00578123	0.00791207	0.0107457	0.0141516	0.0178411	0.0214896	0.0249719	0.028518	0.0325451	0.0371365	0.0415352	0.0445821	0.0447582	0.0413718	0.0350296	0.0273148	0.0199196	0.0139628	0.00971307	0.00687502	0.00500254	0.00375411	0.00293261	0.0024212	0.0021344	0.00201854	0.00206525	0.00229783	0.00270616	0.00324768	0.00385411	0.00450002	0.0052877	0.00651306	0.00875952	0.0104074	0.0121995	0.0144043	0.0173502	0.0215298	0.0273075	0.0344277	0.0416965	0.0471853	0.0490014	0.0462372	0.0395033	0.030309	0.0208822	0.0129296	0.00719478	0.00359943	0.00162014	0.000656718	0.000239907	7.91225e-005	2.36033e-005	6.38473e-006	1.57594e-006	3.66994e-007	9.75857e-008	4.79689e-008	4.02827e-008	3.4065e-008	2.4184e-008	1.64479e-008	
Bulbostylis_juncoides	0	0	0	0	0	0	0	0	0	0	0	0	0	0	0	0	0	0	0	0	0	0	0	0	0	0	0	0	0	0	0	0	0	0	0	0	0	0	0	0	0	1	0	0	0	0	0	0	0	0	0	0	0	0	0	0	0	0	0	0	0	0	0	0	0	0	0	0	0	0	
Bulbostylis_densa	0	0	0	0	0	0	0	0	0	0	0	0	0	0	0	0	0	0	0	0	0	0	0	0	0	0	0	0	0	0	0	1	0	0	0	0	0	0	0	0	0	0	0	0	0	0	0	0	0	0	0	0	0	0	0	0	0	0	0	0	0	0	0	0	0	0	0	0	0	0	
Bulbostylis_hispidula	0	0	0	0	1	0	0	0	0	0	0	0	0	0	0	0	0	0	0	0	0	0	0	0	0	0	0	0	0	0	0	0	0	0	0	0	0	0	0	0	0	0	0	0	0	0	0	0	0	0	0	0	0	0	0	0	0	0	0	0	0	0	0	0	0	0	0	0	0	0	
N62	4.07095e-007	3.06314e-007	3.44648e-007	4.65931e-007	6.64606e-007	9.58923e-007	1.38583e-006	2.00624e-006	2.91856e-006	4.28196e-006	6.35294e-006	9.54149e-006	1.45007e-005	2.22866e-005	3.47024e-005	5.39196e-005	8.33777e-005	0.000128293	0.000196725	0.000301338	0.000462102	0.000710082	0.00109211	0.00167556	0.00255181	0.00383609	0.00566151	0.00816514	0.0114649	0.0156261	0.0206094	0.0261737	0.0322162	0.0385079	0.0447601	0.0506472	0.0558301	0.0599818	0.0628164	0.0641213	0.0637877	0.061832	0.0583999	0.0537503	0.04822	0.0421799	0.0359904	0.0299667	0.0243562	0.0193306	0.014991	0.0113657	0.00843475	0.00613352	0.00437457	0.00306264	0.00210565	0.00142157	0.000941784	0.000611536	0.000388609	0.000241269	0.000146121	8.62137e-005	4.95108e-005	2.76648e-005	1.50501e-005	8.0005e-006	4.23241e-006	2.46558e-006	
Eleocharis_dulcis	0	0	0	0	0	0	0	0	0	0	0	0	0	0	0	0	0	0	0	0	0	0	0	0	0	0	0	0	0	0	0	0	0	0	0	0	0	1	0	0	0	0	0	0	0	0	0	0	0	0	0	0	0	0	0	0	0	0	0	0	0	0	0	0	0	0	0	0	0	0	
N63	1.94018e-006	1.41487e-006	1.50566e-006	1.92182e-006	2.60512e-006	3.5995e-006	5.02627e-006	7.11721e-006	1.03162e-005	1.55148e-005	2.45678e-005	4.13491e-005	7.3752e-005	0.000137114	0.000259439	0.000492354	0.000920176	0.00167343	0.00293985	0.00496856	0.00806029	0.01254	0.0187018	0.0267273	0.0365828	0.0479146	0.0599775	0.0716458	0.0815456	0.0883142	0.090941	0.0891019	0.0824424	0.0720645	0.0595141	0.0464361	0.0342358	0.0238564	0.0157179	0.00979588	0.00577866	0.00322871	0.0017098	0.00085876	0.000409344	0.000185289	7.96824e-005	3.25681e-005	1.26551e-005	4.67694e-006	1.64718e-006	5.50024e-007	1.74263e-007	5.23887e-008	1.49401e-008	4.03974e-009	1.03517e-009	2.51268e-010	5.77579e-011	1.25733e-011	2.59329e-012	5.07306e-013	9.42914e-014	1.66947e-014	2.82539e-015	4.58951e-016	7.18888e-017	1.09223e-017	1.64375e-018	3.01227e-019	
N64	1.69626e-005	1.31745e-005	1.52798e-005	2.1462e-005	3.35375e-005	5.76222e-005	0.000107917	0.000214648	0.000437021	0.000879099	0.00170012	0.00310355	0.00528805	0.00835759	0.0122198	0.0166956	0.0214684	0.0263565	0.0315466	0.0376654	0.0455355	0.0556472	0.0675581	0.0796152	0.0892665	0.0939235	0.091987	0.0835118	0.070172	0.054584	0.0393734	0.026441	0.0164663	0.00955134	0.00518654	0.00265184	0.00128484	0.000593802	0.000263366	0.000112462	4.63799e-005	1.84824e-005	7.11037e-006	2.63758e-006	9.42987e-007	3.25238e-007	1.08481e-007	3.51135e-008	1.10694e-008	3.40827e-009	1.02766e-009	3.01663e-010	8.60613e-011	2.37912e-011	6.3529e-012	1.63442e-012	4.04423e-013	9.6148e-014	2.19472e-014	4.80697e-015	1.00935e-015	2.02951e-016	3.90245e-017	7.1663e-018	1.25539e-018	2.09651e-019	3.33766e-020	5.07381e-021	7.48756e-022	1.32007e-022	
Eleocharis_uniglumis	0	0	0	0	0	0	0	0	0	0	0	0	0	0	0	0	0	0	0	0	0	0	0	1	0	0	0	0	0	0	0	0	0	0	0	0	0	0	0	0	0	0	0	0	0	0	0	0	0	0	0	0	0	0	0	0	0	0	0	0	0	0	0	0	0	0	0	0	0	0	
Eleocharis_acicularis	0	0	0	0	0	0	0	0	0	1	0	0	0	0	0	0	0	0	0	0	0	0	0	0	0	0	0	0	0	0	0	0	0	0	0	0	0	0	0	0	0	0	0	0	0	0	0	0	0	0	0	0	0	0	0	0	0	0	0	0	0	0	0	0	0	0	0	0	0	0	
N65	1.92169e-006	1.38801e-006	1.48117e-006	1.958e-006	2.87832e-006	4.60227e-006	8.06886e-006	1.55823e-005	3.27388e-005	7.28274e-005	0.000166045	0.000376755	0.000831463	0.00175566	0.0035062	0.00662552	0.0117808	0.0196483	0.0306776	0.0447819	0.0610599	0.0777136	0.0922775	0.102181	0.105484	0.101494	0.0910076	0.0760488	0.0592289	0.0430088	0.0291449	0.0184798	0.0109061	0.0060005	0.00308129	0.00147814	0.000663028	0.000278353	0.000109487	4.03962e-005	1.40003e-005	4.56537e-006	1.40361e-006	4.07905e-007	1.12412e-007	2.94957e-008	7.40529e-009	1.78928e-009	4.18729e-010	9.55288e-011	2.14024e-011	4.70355e-012	1.01686e-012	2.16537e-013	4.54527e-014	9.41904e-015	1.93373e-015	3.95668e-016	8.13134e-017	1.68994e-017	3.55984e-018	7.5608e-019	1.59938e-019	3.31641e-020	6.63676e-021	1.26573e-021	2.2807e-022	3.86788e-023	6.26024e-024	1.19031e-024	
N66	3.65266e-006	4.23349e-006	1.15933e-005	4.75649e-005	0.000206376	0.00081708	0.00280501	0.00820753	0.020349	0.0426752	0.0757185	0.113818	0.14525	0.157734	0.145974	0.116279	0.0799537	0.0476328	0.0246875	0.0111786	0.00443941	0.00155307	0.000480596	0.000132081	3.23683e-005	7.10204e-006	1.40104e-006	2.49604e-007	4.03537e-008	5.95245e-009	8.06124e-010	1.01087e-010	1.17765e-011	1.28603e-012	1.32784e-013	1.30578e-014	1.22935e-015	1.11106e-016	9.64653e-018	7.98564e-019	6.3214e-020	4.7872e-021	3.47259e-022	2.41938e-023	1.62497e-024	1.05615e-025	6.66078e-027	4.07986e-028	2.4244e-029	1.39401e-030	7.73754e-032	4.12023e-033	2.10216e-034	1.02668e-035	4.79846e-037	2.14712e-038	9.20637e-040	3.78672e-041	1.49544e-042	5.67322e-044	2.06747e-045	7.2341e-047	2.42832e-048	7.81262e-050	2.40704e-051	7.09758e-053	2.00248e-054	5.40664e-056	1.4e-057	3.96411e-059	
Eleocharis_mamillata_subsp_mamillata	0	0	0	0	0	0	0	1	0	0	0	0	0	0	0	0	0	0	0	0	0	0	0	0	0	0	0	0	0	0	0	0	0	0	0	0	0	0	0	0	0	0	0	0	0	0	0	0	0	0	0	0	0	0	0	0	0	0	0	0	0	0	0	0	0	0	0	0	0	0	
Eleocharis_compressa_var_compressa	0	0	0	0	0	0	0	0	1	0	0	0	0	0	0	0	0	0	0	0	0	0	0	0	0	0	0	0	0	0	0	0	0	0	0	0	0	0	0	0	0	0	0	0	0	0	0	0	0	0	0	0	0	0	0	0	0	0	0	0	0	0	0	0	0	0	0	0	0	0	
Eleocharis_flavescens_var_olivacea	0	0	0	0	0	0	0	0	0	1	0	0	0	0	0	0	0	0	0	0	0	0	0	0	0	0	0	0	0	0	0	0	0	0	0	0	0	0	0	0	0	0	0	0	0	0	0	0	0	0	0	0	0	0	0	0	0	0	0	0	0	0	0	0	0	0	0	0	0	0	
N67	5.85442e-011	4.53701e-011	5.19369e-011	7.0152e-011	9.97758e-011	1.44966e-010	2.14536e-010	3.2414e-010	4.99952e-010	7.8397e-010	1.24216e-009	1.98079e-009	3.18997e-009	5.27834e-009	9.28367e-009	1.42638e-008	2.03953e-008	2.78942e-008	3.70453e-008	4.82627e-008	6.21926e-008	7.99061e-008	1.03131e-007	1.34579e-007	1.78366e-007	2.40552e-007	3.29906e-007	4.59059e-007	6.46233e-007	9.16841e-007	1.29872e-006	1.77878e-006	2.57173e-006	3.93186e-006	6.29296e-006	1.03655e-005	1.72656e-005	2.86799e-005	4.70794e-005	7.60277e-005	0.000120716	0.000189029	0.00029375	0.000456898	0.00071764	0.00114526	0.00185797	0.00304577	0.00499019	0.00806417	0.0126793	0.0193227	0.0282938	0.0395612	0.0525871	0.0662381	0.0788652	0.0885945	0.0937812	0.0934831	0.087767	0.0777062	0.0650574	0.0517486	0.0393883	0.0289723	0.0208521	0.0149095	0.0108183	0.00829395	
N68	4.0606e-011	2.86483e-011	2.94747e-011	3.78587e-011	5.4019e-011	8.16006e-011	1.27816e-010	2.04584e-010	3.30265e-010	5.31867e-010	8.47838e-010	1.33246e-009	2.06593e-009	3.18511e-009	4.98619e-009	7.43625e-009	1.08244e-008	1.55989e-008	2.24476e-008	3.23956e-008	4.68983e-008	6.79336e-008	9.80401e-008	1.40359e-007	1.98771e-007	2.78373e-007	3.86768e-007	5.36933e-007	7.52721e-007	1.07766e-006	1.58352e-006	2.3528e-006	3.7307e-006	6.16093e-006	1.03392e-005	1.73279e-005	2.87234e-005	4.69333e-005	7.57052e-005	0.000121223	0.000194383	0.000315315	0.000521662	0.000882358	0.00151787	0.00262545	0.00450306	0.007559	0.0122886	0.0191985	0.0286693	0.0405935	0.0543535	0.0686749	0.0817451	0.0915644	0.0964528	0.0955377	0.089025	0.0781313	0.0647045	0.050696	0.0376968	0.0266891	0.0180416	0.0116698	0.00724222	0.00434608	0.00258832	0.00165395	
N69	1.12572e-011	7.55641e-012	7.28682e-012	9.0217e-012	1.27253e-011	1.91689e-011	2.98819e-011	4.73748e-011	7.56033e-011	1.2079e-010	1.92879e-010	3.08235e-010	4.95117e-010	8.07303e-010	1.3687e-009	2.24349e-009	3.61805e-009	5.7697e-009	9.09273e-009	1.41286e-008	2.16021e-008	3.2478e-008	4.80567e-008	7.0173e-008	1.01615e-007	1.46992e-007	2.14462e-007	3.19101e-007	4.89139e-007	7.76711e-007	1.27209e-006	2.09952e-006	3.64637e-006	6.48047e-006	1.15753e-005	2.06052e-005	3.64837e-005	6.44096e-005	0.000113967	0.000203308	0.000367073	0.000670203	0.00122942	0.00224174	0.00401366	0.00697591	0.0116599	0.0186111	0.0282295	0.0405665	0.0551539	0.0704101	0.0843539	0.0947799	0.0998331	0.0985614	0.091219	0.0791838	0.0645278	0.0494283	0.0356508	0.0242664	0.0156351	0.00957616	0.00560978	0.00317105	0.00175132	0.00096254	0.000545363	0.000349136	
N70	9.82296e-012	6.43888e-012	6.02251e-012	7.28732e-012	1.01305e-011	1.51048e-011	2.33478e-011	3.67617e-011	5.84335e-011	9.3411e-011	1.50077e-010	2.42565e-010	3.95067e-010	6.50229e-010	1.08918e-009	1.80483e-009	2.95103e-009	4.75035e-009	7.51511e-009	1.16749e-008	1.78182e-008	2.67694e-008	3.97399e-008	5.86399e-008	8.67151e-008	1.29809e-007	1.98801e-007	3.14162e-007	5.14188e-007	8.69114e-007	1.50299e-006	2.61797e-006	4.63088e-006	8.23792e-006	1.46538e-005	2.60326e-005	4.63049e-005	8.28814e-005	0.000150076	0.000275666	0.000512537	0.00095733	0.00177638	0.00323481	0.00571709	0.00971857	0.0157829	0.0243687	0.0356529	0.0493182	0.0644089	0.0789836	0.090913	0.0981777	0.0994408	0.0944606	0.0841711	0.070393	0.0553008	0.040864	0.0284561	0.0187243	0.0116879	0.00696151	0.00399284	0.00224135	0.00127377	0.000785515	0.00057719	0.000531487	
N71	8.89871e-007	7.57174e-007	9.59127e-007	1.38063e-006	2.04254e-006	3.04319e-006	4.56407e-006	6.91079e-006	1.05856e-005	1.63946e-005	2.55901e-005	4.0036e-005	6.23751e-005	9.61953e-005	0.000146372	0.000217462	0.000314914	0.000445181	0.000616996	0.000843925	0.0011481	0.00156437	0.00214319	0.00295084	0.00406586	0.00557293	0.00755663	0.0100976	0.0132709	0.0171391	0.0217239	0.0269184	0.0327502	0.0390103	0.0453151	0.0511523	0.0559828	0.0593696	0.0610826	0.0611355	0.0597409	0.0572089	0.0538398	0.0498574	0.0454041	0.0405812	0.0355026	0.0303265	0.0252518	0.0204876	0.0162186	0.0124729	0.0093313	0.00679824	0.00482565	0.00333708	0.00224658	0.00147075	0.000935136	0.000576771	0.000344741	0.000199541	0.000111795	6.06155e-005	3.18084e-005	1.61629e-005	7.96727e-006	3.83501e-006	1.85219e-006	1.01521e-006	
N72	0.000126688	0.000107408	0.000128213	0.000166304	0.000197857	0.000199824	0.000166674	0.000114092	6.42407e-005	2.99467e-005	1.17071e-005	4.10565e-006	2.1379e-006	3.81763e-006	1.20685e-005	4.92146e-005	0.000241576	0.0011652	0.00478989	0.0158726	0.041589	0.0857737	0.139329	0.178961	0.182933	0.150043	0.0997133	0.0543514	0.0247922	0.00993597	0.00398338	0.00197973	0.00126639	0.000860397	0.000535156	0.000289051	0.000133778	5.29548e-005	1.79524e-005	5.22313e-006	1.30845e-006	2.83197e-007	5.31545e-008	8.68624e-009	1.24099e-009	1.55671e-010	1.72197e-011	1.68692e-012	1.46988e-013	1.14417e-014	7.99947e-016	5.02359e-017	2.84801e-018	1.46422e-019	6.85574e-021	2.93541e-022	1.15398e-023	4.18198e-025	1.40256e-026	4.36996e-028	1.26952e-029	3.45048e-031	8.80047e-033	2.11176e-034	4.77759e-036	1.02072e-037	2.0619e-039	3.94224e-041	7.16752e-043	1.40345e-044	
Schoenoplectus_pungens	0	0	0	0	0	0	0	0	0	0	0	0	0	0	0	0	0	0	0	0	0	0	0	0	0	0	0	0	0	0	0	0	0	0	0	0	0	0	1	0	0	0	0	0	0	0	0	0	0	0	0	0	0	0	0	0	0	0	0	0	0	0	0	0	0	0	0	0	0	0	
N73	6.52042e-006	4.95059e-006	4.91521e-006	5.02561e-006	4.46881e-006	3.1889e-006	1.77559e-006	7.69355e-007	2.64483e-007	7.83849e-008	2.6498e-008	1.671e-008	3.94519e-008	2.96821e-007	2.92711e-006	2.90817e-005	0.000249237	0.00166802	0.00831091	0.0302048	0.0793162	0.150783	0.208485	0.211436	0.159142	0.0903132	0.0395792	0.0140044	0.00437348	0.00137666	0.000468421	0.000160047	4.9053e-005	1.27236e-005	2.73793e-006	4.87065e-007	7.17836e-008	8.7986e-009	9.00814e-010	7.73762e-011	5.60105e-012	3.43191e-013	1.78776e-014	7.95217e-016	3.03355e-017	9.96743e-019	2.83298e-020	6.99502e-022	1.50692e-023	2.84503e-025	4.73391e-027	6.95341e-029	9.08573e-031	1.07243e-032	1.18641e-034	1.33628e-036	1.73039e-038	2.69931e-040	4.61961e-042	7.73475e-044	1.19149e-045	1.65027e-047	2.04333e-049	2.27313e-051	2.33877e-053	2.47353e-055	3.34249e-057	6.13415e-059	1.19746e-060	2.2141e-062	
Schoenoplectus_acutus_var_acutus	0	0	0	0	0	0	0	0	0	0	0	0	0	0	0	0	0	0	1	0	0	0	0	0	0	0	0	0	0	0	0	0	0	0	0	0	0	0	0	0	0	0	0	0	0	0	0	0	0	0	0	0	0	0	0	0	0	0	0	0	0	0	0	0	0	0	0	0	0	0	
N74	9.11077e-007	5.38736e-007	3.6912e-007	2.53472e-007	1.51032e-007	7.17737e-008	2.64073e-008	7.66522e-009	1.97517e-009	6.73924e-010	6.60291e-010	2.13086e-009	1.67526e-008	2.71481e-007	4.5947e-006	6.08488e-005	0.000587305	0.00401898	0.0191575	0.062888	0.141469	0.218504	0.233605	0.175196	0.0938275	0.036718	0.0108345	0.00252451	0.000495877	8.8018e-005	1.45794e-005	2.20237e-006	2.8822e-007	3.16271e-008	2.87491e-009	2.1775e-010	1.41188e-011	8.3139e-013	4.85276e-014	2.94454e-015	1.79694e-016	1.01693e-017	5.02871e-019	2.11828e-020	7.58121e-022	2.3381e-023	6.42304e-025	1.66146e-026	4.3164e-028	1.16842e-029	3.29998e-031	9.8528e-033	3.30066e-034	1.26591e-035	5.12096e-037	1.96715e-038	6.73512e-040	1.99921e-041	5.09166e-043	1.10914e-044	2.06686e-046	3.30318e-048	4.55631e-050	5.52461e-052	6.29731e-054	8.42487e-056	1.778e-057	5.04814e-059	1.3767e-060	3.43176e-062	
Schoenoplectus_lacustris	0	0	0	0	0	0	0	0	0	0	0	0	0	0	0	0	0	0	0	0	1	0	0	0	0	0	0	0	0	0	0	0	0	0	0	0	0	0	0	0	0	0	0	0	0	0	0	0	0	0	0	0	0	0	0	0	0	0	0	0	0	0	0	0	0	0	0	0	0	0	
Schoenoplectus_heterochaetus	0	0	0	0	0	0	0	0	0	0	0	0	0	0	0	0	0	0	1	0	0	0	0	0	0	0	0	0	0	0	0	0	0	0	0	0	0	0	0	0	0	0	0	0	0	0	0	0	0	0	0	0	0	0	0	0	0	0	0	0	0	0	0	0	0	0	0	0	0	0	
Actinoscirpus_grossus	0	0	0	0	0	0	0	0	0	0	0	0	0	0	0	0	0	0	0	0	0	0	0	0	0	0	0	0	0	0	0	0	0	0	0	0	0	0	0	0	1	0	0	0	0	0	0	0	0	0	0	0	0	0	0	0	0	0	0	0	0	0	0	0	0	0	0	0	0	0	
N75	7.58998e-012	5.6853e-012	6.67019e-012	1.01671e-011	1.73876e-011	3.12322e-011	5.71513e-011	1.04657e-010	1.89491e-010	3.36379e-010	5.82133e-010	9.78704e-010	1.5957e-009	2.52169e-009	3.86738e-009	5.7818e-009	8.46491e-009	1.22324e-008	1.76319e-008	2.56685e-008	3.82229e-008	5.88273e-008	9.40924e-008	1.56313e-007	2.68137e-007	4.70795e-007	8.38669e-007	1.50601e-006	2.71908e-006	4.94513e-006	9.11146e-006	1.71412e-005	3.29862e-005	6.50798e-005	0.000131169	0.000267671	0.000546161	0.00109922	0.00215472	0.00407005	0.00734609	0.0125895	0.0203907	0.0311084	0.0445973	0.0599801	0.0755951	0.0892273	0.0986207	0.102134	0.0992988	0.0900381	0.0762366	0.0603384	0.0446902	0.031024	0.0202326	0.0124387	0.00724566	0.00402766	0.00215641	0.00112401	0.000576233	0.000292543	0.00014726	7.31926e-005	3.56936e-005	1.70639e-005	8.21467e-006	4.55109e-006	
N76	3.16565e-011	2.86337e-011	3.96718e-011	6.29005e-011	1.02412e-010	1.6655e-010	2.68697e-010	4.29597e-010	6.81478e-010	1.07497e-009	1.69071e-009	2.65893e-009	4.19338e-009	6.64922e-009	1.06304e-008	1.72199e-008	2.83221e-008	4.74102e-008	8.09195e-008	1.40977e-007	2.50825e-007	4.55776e-007	8.45609e-007	1.60099e-006	3.09042e-006	6.07327e-006	1.21224e-005	2.44902e-005	4.98394e-005	0.000101584	0.000206079	0.00041361	0.000810679	0.00154311	0.00283701	0.0050137	0.00848261	0.0136939	0.0210371	0.0306908	0.0424544	0.0556221	0.0689686	0.0808931	0.0897172	0.0940655	0.0932132	0.0872848	0.0772346	0.0646145	0.0512078	0.0381968	0.0268584	0.0178424	0.0112359	0.00674162	0.00388344	0.00217149	0.00119697	0.000663459	0.000377981	0.000225339	0.000141457	9.26639e-005	6.20681e-005	4.15285e-005	2.72344e-005	1.73798e-005	1.10263e-005	7.70701e-006	
N77	6.08287e-011	5.31714e-011	7.0663e-011	1.08113e-010	1.71306e-010	2.73833e-010	4.38683e-010	7.02918e-010	1.12635e-009	1.80801e-009	2.92051e-009	4.78998e-009	8.09972e-009	1.44471e-008	2.79329e-008	5.36028e-008	1.0315e-007	2.00361e-007	3.93909e-007	7.83557e-007	1.57377e-006	3.18342e-006	6.47017e-006	1.31874e-005	2.69022e-005	5.47932e-005	0.000111026	0.000222715	0.000439549	0.000847255	0.00158156	0.00282966	0.00486434	0.00801548	0.0126307	0.0189993	0.0272474	0.0372286	0.0484451	0.0600399	0.0708828	0.0797455	0.0855278	0.0874752	0.0853291	0.0793733	0.0703687	0.0593975	0.0476599	0.0362698	0.0260977	0.0178632	0.0116778	0.00733269	0.00445818	0.00265391	0.0015696	0.00093811	0.000575779	0.00036654	0.000242185	0.00016513	0.000115663	8.34685e-005	6.25468e-005	4.86689e-005	3.85845e-005	3.01604e-005	2.2727e-005	1.7527e-005	
Scirpus_ficinioides	0	0	0	0	0	0	0	0	0	0	0	0	0	0	0	0	0	0	0	0	0	0	0	0	0	0	0	0	0	0	0	0	0	0	0	0	0	0	0	0	0	0	0	0	0	0	0	0	0	0	0	1	0	0	0	0	0	0	0	0	0	0	0	0	0	0	0	0	0	0	
N78	3.52408e-009	3.71137e-009	5.81608e-009	9.8311e-009	1.66237e-008	2.78234e-008	4.61043e-008	7.57394e-008	1.235e-007	2.00161e-007	3.2329e-007	5.22888e-007	8.53235e-007	1.41781e-006	2.4221e-006	4.3236e-006	8.10287e-006	1.59254e-005	3.25543e-005	6.82425e-005	0.000144176	0.000301602	0.000614844	0.00120582	0.00225368	0.00399018	0.00667385	0.010546	0.0157853	0.0224845	0.0306637	0.0403191	0.0509706	0.0621449	0.0730713	0.0826364	0.0894682	0.0922046	0.0899129	0.0824971	0.0708787	0.0568081	0.0423608	0.029343	0.0188736	0.0112808	0.00627838	0.003265	0.00159473	0.000736854	0.000325426	0.0001378	5.64459e-005	2.24961e-005	8.73233e-006	3.28853e-006	1.19245e-006	4.12548e-007	1.34978e-007	4.14538e-008	1.18839e-008	3.16862e-009	7.84412e-010	1.80314e-010	3.85619e-011	7.7009e-012	1.4439e-012	2.56242e-013	4.41599e-014	9.14384e-015	
N79	2.52826e-008	2.44e-008	3.58377e-008	5.91261e-008	9.98505e-008	1.687e-007	2.82634e-007	4.6713e-007	7.59841e-007	1.21793e-006	1.93571e-006	3.0891e-006	5.04248e-006	8.58871e-006	1.54592e-005	2.96029e-005	5.94829e-005	0.000122915	0.00025568	0.000524811	0.00104468	0.00198862	0.0035833	0.00607379	0.00966012	0.0144306	0.0203353	0.0272348	0.0350087	0.0436515	0.0532596	0.0638811	0.0745601	0.0840723	0.090673	0.0926178	0.088859	0.0795728	0.0662132	0.0510452	0.0363941	0.0239791	0.0146019	0.00822609	0.00429603	0.00208674	0.000947476	0.000405018	0.000164596	6.43878e-005	2.46119e-005	9.24085e-006	3.43258e-006	1.26227e-006	4.5715e-007	1.61753e-007	5.55045e-008	1.83963e-008	5.89653e-009	1.84338e-009	5.72262e-010	1.81404e-010	6.05072e-011	2.15142e-011	7.99979e-012	2.9817e-012	1.06691e-012	3.56222e-013	1.11582e-013	3.91773e-014	
Isolepis_crassiuscula	0	0	0	0	0	0	0	0	0	0	0	0	0	0	0	0	0	0	0	0	0	0	0	0	0	0	0	0	0	0	0	1	0	0	0	0	0	0	0	0	0	0	0	0	0	0	0	0	0	0	0	0	0	0	0	0	0	0	0	0	0	0	0	0	0	0	0	0	0	0	
N80	3.10324e-007	2.4611e-007	2.76062e-007	3.35226e-007	3.95976e-007	4.58043e-007	5.68101e-007	8.96331e-007	2.08089e-006	6.77121e-006	2.56473e-005	9.71644e-005	0.000340972	0.00107337	0.00299254	0.00740804	0.0162283	0.0314303	0.0538229	0.0815405	0.109373	0.13002	0.137133	0.128482	0.107073	0.0794866	0.0526455	0.031161	0.0165128	0.00784913	0.0033543	0.00129395	0.000449281	0.000140856	3.99776e-005	1.02963e-005	2.41207e-006	5.15238e-007	1.00615e-007	1.80135e-008	2.96644e-009	4.51059e-010	6.3618e-011	8.36904e-012	1.0337e-012	1.20798e-013	1.34665e-014	1.44369e-015	1.49825e-016	1.51154e-017	1.48649e-018	1.41849e-019	1.3131e-020	1.17953e-021	1.03013e-022	8.77868e-024	7.33286e-025	6.02503e-026	4.87309e-027	3.86824e-028	2.99516e-029	2.24486e-030	1.61647e-031	1.11139e-032	7.26386e-034	4.50096e-035	2.64105e-036	1.46782e-037	7.76854e-039	4.63589e-040	
Ficinia_spiralis	0	0	0	0	0	0	0	0	0	0	0	0	0	0	1	0	0	0	0	0	0	0	0	0	0	0	0	0	0	0	0	0	0	0	0	0	0	0	0	0	0	0	0	0	0	0	0	0	0	0	0	0	0	0	0	0	0	0	0	0	0	0	0	0	0	0	0	0	0	0	
Ficinia_nodosa	0	0	0	0	0	0	0	0	0	0	0	0	0	0	1	0	0	0	0	0	0	0	0	0	0	0	0	0	0	0	0	0	0	0	0	0	0	0	0	0	0	0	0	0	0	0	0	0	0	0	0	0	0	0	0	0	0	0	0	0	0	0	0	0	0	0	0	0	0	0	
N81	2.26973e-007	2.13478e-007	3.06744e-007	4.97203e-007	8.21643e-007	1.35079e-006	2.19791e-006	3.54996e-006	5.74376e-006	9.43003e-006	1.5889e-005	2.75919e-005	4.91949e-005	8.94029e-005	0.000164615	0.00030832	0.000584016	0.00110644	0.00206264	0.00371787	0.00638367	0.0103314	0.0156619	0.0221855	0.029395	0.0366001	0.0432074	0.0490184	0.0543525	0.059856	0.0660415	0.0728246	0.0785869	0.0816197	0.0803532	0.0741444	0.0636535	0.0506228	0.037211	0.0252616	0.0158444	0.00919497	0.00495049	0.00248337	0.00116828	0.000520217	0.000221945	9.20151e-005	3.75644e-005	1.52298e-005	6.14552e-006	2.4371e-006	9.41008e-007	3.5075e-007	1.25601e-007	4.32377e-008	1.44089e-008	4.70998e-009	1.53578e-009	5.06682e-010	1.69777e-010	5.72139e-011	1.90294e-011	6.12233e-012	1.87471e-012	5.40442e-013	1.45816e-013	3.68247e-014	8.90666e-015	2.52046e-015	
Isolepis_prolifera	0	0	0	0	0	0	0	0	0	0	0	0	0	0	0	0	0	0	0	0	0	0	0	0	0	0	0	0	0	0	0	0	1	0	0	0	0	0	0	0	0	0	0	0	0	0	0	0	0	0	0	0	0	0	0	0	0	0	0	0	0	0	0	0	0	0	0	0	0	0	
Isolepis_setacea	0	0	0	0	0	0	0	0	0	0	0	0	0	1	0	0	0	0	0	0	0	0	0	0	0	0	0	0	0	0	0	0	0	0	0	0	0	0	0	0	0	0	0	0	0	0	0	0	0	0	0	0	0	0	0	0	0	0	0	0	0	0	0	0	0	0	0	0	0	0	
Scirpoides_holoschoenus	0	0	0	0	0	0	0	0	0	0	0	0	0	0	0	0	0	0	0	0	1	0	0	0	0	0	0	0	0	0	0	0	0	0	0	0	0	0	0	0	0	0	0	0	0	0	0	0	0	0	0	0	0	0	0	0	0	0	0	0	0	0	0	0	0	0	0	0	0	0	
N82	2.93118e-010	2.61536e-010	3.48424e-010	5.1615e-010	7.65866e-010	1.11215e-009	1.5783e-009	2.20452e-009	3.07227e-009	4.35357e-009	6.3993e-009	9.89063e-009	1.60982e-008	2.73235e-008	4.76572e-008	8.49248e-008	1.53084e-007	2.77266e-007	5.02445e-007	9.10016e-007	1.65258e-006	3.03113e-006	5.66769e-006	1.08861e-005	2.15394e-005	4.37945e-005	9.09468e-005	0.000191377	0.000404334	0.000848798	0.00175064	0.00350869	0.0067093	0.0121425	0.0206561	0.0328522	0.048655	0.0669112	0.0852734	0.100575	0.10969	0.110571	0.103003	0.0886833	0.0705926	0.0519809	0.0354358	0.0223888	0.0131307	0.00716573	0.00365552	0.00173818	0.000774207	0.000324977	0.000129507	4.9428e-005	1.82388e-005	6.56361e-006	2.31752e-006	8.04251e-007	2.73548e-007	9.06427e-008	2.90501e-008	8.94458e-009	2.63213e-009	7.37746e-010	1.96673e-010	4.99974e-011	1.24178e-011	3.64957e-012	
N83	1.10339e-008	1.09667e-008	1.64248e-008	2.71243e-008	4.54742e-008	7.65186e-008	1.29537e-007	2.21548e-007	3.83911e-007	6.73991e-007	1.19444e-006	2.12239e-006	3.74884e-006	6.52378e-006	1.1098e-005	1.85227e-005	3.0354e-005	4.91416e-005	7.93913e-005	0.000129526	0.000215709	0.000369139	0.000649506	0.00116818	0.00212347	0.00384382	0.00682149	0.0117015	0.0191826	0.0298053	0.0436631	0.060158	0.0771946	0.0922115	0.102493	0.105979	0.101944	0.0912492	0.0760388	0.0590359	0.0427536	0.02893	0.0183375	0.0109289	0.00615794	0.00330573	0.00170806	0.000859783	0.000426718	0.000210719	0.000104018	5.08384e-005	2.44473e-005	1.14944e-005	5.26613e-006	2.35337e-006	1.03116e-006	4.46308e-007	1.92044e-007	8.23079e-008	3.49859e-008	1.46136e-008	5.93246e-009	2.31697e-009	8.63882e-010	3.05964e-010	1.02713e-010	3.27855e-011	1.02448e-011	3.79333e-012	
Cyperus_fuscus	0	0	0	0	0	0	0	0	0	0	0	0	0	0	0	0	0	0	0	0	0	0	0	1	0	0	0	0	0	0	0	0	0	0	0	0	0	0	0	0	0	0	0	0	0	0	0	0	0	0	0	0	0	0	0	0	0	0	0	0	0	0	0	0	0	0	0	0	0	0	
Cyperus_eragrostis	0	0	0	0	0	0	0	0	0	0	0	0	0	0	0	0	0	0	0	0	1	0	0	0	0	0	0	0	0	0	0	0	0	0	0	0	0	0	0	0	0	0	0	0	0	0	0	0	0	0	0	0	0	0	0	0	0	0	0	0	0	0	0	0	0	0	0	0	0	0	
N84	4.07641e-010	3.53046e-010	4.49914e-010	6.37311e-010	9.13012e-010	1.30585e-009	1.88061e-009	2.76608e-009	4.21535e-009	6.72411e-009	1.12587e-008	1.96894e-008	3.56081e-008	6.58626e-008	1.23498e-007	2.35588e-007	4.57435e-007	9.07599e-007	1.84813e-006	3.87134e-006	8.3322e-006	1.83333e-005	4.09069e-005	9.16625e-005	0.000204174	0.000447684	0.00095757	0.00198148	0.00393664	0.00745768	0.0133931	0.0227019	0.0358919	0.052762	0.0718937	0.0905779	0.105324	0.112896	0.111476	0.101372	0.0849056	0.0655231	0.0466184	0.0306038	0.0185557	0.0104034	0.00540103	0.00260097	0.00116452	0.000486391	0.000190696	7.01378e-005	2.43976e-005	8.11441e-006	2.61577e-006	8.29387e-007	2.61799e-007	8.26971e-008	2.60615e-008	8.12992e-009	2.49607e-009	7.57208e-010	2.31238e-010	7.31832e-011	2.44591e-011	8.51283e-012	2.96033e-012	9.87483e-013	3.14272e-013	1.1396e-013	
N85	1.26333e-009	1.27058e-009	2.02734e-009	3.65935e-009	6.58812e-009	1.13982e-008	1.87571e-008	2.95151e-008	4.56151e-008	7.36239e-008	1.35887e-007	3.03654e-007	7.93923e-007	2.24014e-006	6.37187e-006	1.75851e-005	4.57648e-005	0.000110786	0.000248561	0.000517956	0.00100722	0.00183946	0.00318288	0.00528418	0.00855032	0.013672	0.0216894	0.0337889	0.0506484	0.0714596	0.0932549	0.111391	0.120227	0.117217	0.103498	0.083163	0.0611812	0.0414547	0.0259891	0.015114	0.00815725	0.00408166	0.00189029	0.000809236	0.000320362	0.000117669	4.03983e-005	1.31212e-005	4.09382e-006	1.24493e-006	3.72482e-007	1.08791e-007	3.07239e-008	8.28993e-009	2.11698e-009	5.0961e-010	1.15976e-010	2.52217e-011	5.33827e-012	1.12375e-012	2.38884e-013	5.12114e-014	1.08723e-014	2.22897e-015	4.31486e-016	7.76315e-017	1.28578e-017	1.95226e-018	2.7483e-019	4.38465e-020	
N86	4.85219e-010	5.05295e-010	8.31453e-010	1.58293e-009	3.24906e-009	7.23777e-009	1.76195e-008	4.60502e-008	1.24682e-007	3.37409e-007	8.88941e-007	2.24246e-006	5.3598e-006	1.20422e-005	2.52632e-005	4.96708e-005	9.1689e-005	0.000160322	0.000269803	0.000446414	0.000742374	0.00126084	0.00219772	0.00390587	0.00697766	0.0123101	0.0210502	0.0342517	0.052141	0.073232	0.0939911	0.109762	0.11559	0.110232	0.0959391	0.0769789	0.0575315	0.0404034	0.0269043	0.017288	0.011167	0.00776354	0.00611533	0.00530529	0.00466748	0.00388518	0.00294699	0.00200319	0.00121226	0.000652197	0.000312934	0.000133713	5.15398e-005	1.84671e-005	6.54273e-006	2.50489e-006	1.09038e-006	5.16109e-007	2.4388e-007	1.0837e-007	4.40311e-008	1.61911e-008	5.38297e-009	1.6307e-009	4.60958e-010	1.27899e-010	3.72155e-011	1.15904e-011	3.68626e-012	1.3387e-012	
N87	2.27877e-009	3.39744e-009	7.68818e-009	1.84986e-008	4.4675e-008	1.07419e-007	2.5745e-007	6.16269e-007	1.46956e-006	3.45656e-006	7.89692e-006	1.72403e-005	3.54912e-005	6.82797e-005	0.00012215	0.000204516	0.000321579	0.000478696	0.000683489	0.000955023	0.00134284	0.0019615	0.00305043	0.00506808	0.00879918	0.0153701	0.0259734	0.0411589	0.0598981	0.0791126	0.0944162	0.102058	0.0998792	0.089741	0.0755075	0.0608285	0.0477372	0.0367406	0.0277336	0.0206922	0.0157223	0.0127636	0.0113974	0.0109289	0.0106309	0.00997478	0.00875029	0.00705494	0.005179	0.0034447	0.00207429	0.00112336	0.000549601	0.000245885	0.000103511	4.34364e-005	1.97508e-005	1.02716e-005	5.91461e-006	3.48567e-006	1.97923e-006	1.05151e-006	5.18489e-007	2.38928e-007	1.0495e-007	4.51409e-008	1.93403e-008	8.18594e-009	3.38981e-009	1.59116e-009	
N88	3.36289e-006	3.12451e-006	2.17995e-006	8.82467e-007	2.11138e-007	3.21351e-008	3.32785e-009	2.47144e-010	1.37042e-011	5.85533e-013	1.99422e-014	9.61917e-016	1.36095e-015	6.92041e-014	5.86695e-012	3.60408e-010	1.48818e-008	3.80374e-007	5.32339e-006	3.35316e-005	6.99714e-005	4.83677e-005	1.50418e-005	2.55965e-006	2.69374e-007	1.90257e-008	9.55824e-010	3.5687e-011	1.05687e-012	8.93072e-014	3.63165e-013	2.72851e-011	2.16491e-009	1.30637e-007	5.76649e-006	0.000177189	0.00351668	0.0400363	0.214904	0.39843	0.253825	0.0750392	0.0124672	0.00131301	9.51897e-005	5.05109e-006	2.05975e-007	6.71769e-009	1.80977e-010	4.12685e-012	8.10149e-014	1.37863e-015	2.04595e-017	2.65616e-019	3.02331e-021	3.0246e-023	2.66794e-025	2.08274e-027	1.445e-029	8.9499e-032	4.97156e-034	2.48847e-036	1.12769e-038	4.64841e-041	1.75103e-043	6.05495e-046	1.93023e-048	5.69507e-051	1.56068e-053	4.17424e-056	
Cyperus_houghtonii	0	0	0	0	0	0	0	0	0	0	0	0	0	0	0	0	0	0	0	0	0	0	0	0	0	0	0	0	0	0	0	0	0	0	0	0	0	0	1	0	0	0	0	0	0	0	0	0	0	0	0	0	0	0	0	0	0	0	0	0	0	0	0	0	0	0	0	0	0	0	
Cyperus_schweinitzii	0	0	0	0	0	0	0	0	0	0	0	0	0	0	0	0	0	0	0	0	0	0	0	0	0	0	0	0	0	0	0	0	0	0	0	0	0	0	0	1	0	0	0	0	0	0	0	0	0	0	0	0	0	0	0	0	0	0	0	0	0	0	0	0	0	0	0	0	0	0	
Lipocarpha_micrantha	0	0	0	0	0	0	0	0	0	0	0	0	0	0	0	0	0	0	0	0	0	0	0	0	0	1	0	0	0	0	0	0	0	0	0	0	0	0	0	0	0	0	0	0	0	0	0	0	0	0	0	0	0	0	0	0	0	0	0	0	0	0	0	0	0	0	0	0	0	0	
Lipocarpha_microcephala	0	0	0	0	0	0	0	0	0	0	0	0	0	0	0	0	0	0	0	0	0	0	1	0	0	0	0	0	0	0	0	0	0	0	0	0	0	0	0	0	0	0	0	0	0	0	0	0	0	0	0	0	0	0	0	0	0	0	0	0	0	0	0	0	0	0	0	0	0	0	
N89	2.91067e-010	2.80896e-010	4.21702e-010	7.47573e-010	1.47704e-009	3.27587e-009	8.09365e-009	2.16466e-008	6.08432e-008	1.76505e-007	5.27448e-007	1.68111e-006	6.41551e-006	3.29974e-005	0.000201172	0.000549422	0.00121516	0.00245369	0.00470259	0.00863689	0.0151751	0.0253517	0.0399513	0.0588764	0.0804514	0.101158	0.116339	0.121904	0.116162	0.100432	0.0775917	0.049404	0.031431	0.0199518	0.0123788	0.00735984	0.00414046	0.00218912	0.00108474	0.000503671	0.000219413	8.98188e-005	3.46086e-005	1.25835e-005	4.33902e-006	1.43224e-006	4.5918e-007	1.45673e-007	4.66468e-008	1.53299e-008	5.19754e-009	1.93954e-009	7.73357e-010	3.18654e-010	1.32059e-010	5.41355e-011	2.17342e-011	8.4715e-012	3.17665e-012	1.14071e-012	3.96519e-013	1.38662e-013	5.18154e-014	2.13555e-014	9.30682e-015	3.96334e-015	1.55289e-015	5.44151e-016	1.70776e-016	5.39274e-017	
N90	1.06872e-007	1.60957e-007	4.90928e-007	2.05426e-006	9.54014e-006	4.31821e-005	0.000178301	0.000651999	0.0020851	0.00580137	0.0140144	0.0293776	0.053443	0.0843861	0.115573	0.138316	0.14475	0.132718	0.106867	0.0757805	0.0474666	0.0263503	0.0130112	0.00573677	0.00226778	0.000807088	0.000259663	7.58138e-005	2.01579e-005	4.89548e-006	1.08871e-006	2.22523e-007	4.16869e-008	7.17533e-009	1.13688e-009	1.66115e-010	2.2431e-011	2.80676e-012	3.26614e-013	3.55173e-014	3.63314e-015	3.52701e-016	3.28679e-017	2.98042e-018	2.6671e-019	2.38273e-020	2.13795e-021	1.92558e-022	1.73152e-023	1.54346e-024	1.35614e-025	1.1643e-026	9.7286e-028	7.87152e-029	6.1302e-030	4.56461e-031	3.22764e-032	2.15329e-033	1.34746e-034	7.86897e-036	4.26979e-037	2.14459e-038	9.93807e-040	4.23645e-041	1.65688e-042	5.93138e-044	1.93993e-045	5.79215e-047	1.58543e-048	4.64993e-050	
Kyllinga_brevifolia	0	0	0	0	0	0	0	0	1	0	0	0	0	0	0	0	0	0	0	0	0	0	0	0	0	0	0	0	0	0	0	0	0	0	0	0	0	0	0	0	0	0	0	0	0	0	0	0	0	0	0	0	0	0	0	0	0	0	0	0	0	0	0	0	0	0	0	0	0	0	
Kyllinga_bulbosa	0	0	0	0	0	0	1	0	0	0	0	0	0	0	0	0	0	0	0	0	0	0	0	0	0	0	0	0	0	0	0	0	0	0	0	0	0	0	0	0	0	0	0	0	0	0	0	0	0	0	0	0	0	0	0	0	0	0	0	0	0	0	0	0	0	0	0	0	0	0	
N91	9.90842e-011	1.07884e-010	1.98816e-010	4.46736e-010	1.1011e-009	2.87743e-009	7.87436e-009	2.25066e-008	6.6949e-008	2.0503e-007	6.38599e-007	2.02557e-006	6.71191e-006	2.41548e-005	9.57513e-005	0.000291157	0.000750326	0.00170605	0.00349201	0.00650681	0.01111	0.0174463	0.0252342	0.0336132	0.0411809	0.0463255	0.0478046	0.0452984	0.0395736	0.0320932	0.024297	0.0170211	0.0117845	0.00804693	0.00534164	0.00338839	0.00203077	0.00114999	0.000627229	0.000348511	0.000220445	0.000177638	0.000179972	0.000205701	0.000245275	0.000296932	0.000362282	0.000440236	0.000520538	0.000581254	0.000593861	0.000569297	0.000523042	0.000489391	0.000519314	0.000689477	0.00113293	0.00208962	0.00394758	0.00720637	0.0122785	0.0191207	0.0268831	0.0339693	0.0389135	0.0421961	0.0483826	0.0662849	0.10371	0.160679	
Cyperus_papyrus	0	0	0	0	0	0	0	0	0	0	0	0	0	0	0	0	0	0	0	0	0	0	0	0	0	0	0	0	0	0	0	0	0	0	0	0	0	0	0	0	0	0	0	0	0	0	0	0	0	1	0	0	0	0	0	0	0	0	0	0	0	0	0	0	0	0	0	0	0	0	
Cyperus_longus	0	0	0	0	0	0	0	0	0	0	0	0	0	0	0	0	0	0	0	0	0	0	0	0	0	0	0	0	0	0	0	0	0	0	0	0	0	0	0	0	0	0	0	0	0	0	0	0	0	0	0	0	0	0	0	0	0	0	0	1	0	0	0	0	0	0	0	0	0	0	
N92	1.96659e-008	5.11887e-009	1.1001e-009	1.90534e-010	2.55606e-011	2.91757e-012	1.51836e-012	4.2224e-011	2.23187e-009	9.43152e-008	2.98526e-006	6.79597e-005	0.00105778	0.0105409	0.0617977	0.194273	0.3039	0.253933	0.125011	0.0394278	0.00850177	0.00131851	0.000152985	1.37028e-005	9.71857e-007	5.57373e-008	2.63095e-009	1.03768e-010	3.46515e-012	9.91167e-014	2.45422e-015	5.31498e-017	1.01265e-018	1.71364e-020	2.59864e-022	3.56126e-024	4.44646e-026	5.09726e-028	5.40403e-030	5.32126e-032	4.8994e-034	4.2377e-036	3.45536e-038	2.6631e-040	1.94398e-042	1.34607e-044	8.85045e-047	5.529e-049	3.28227e-051	1.85115e-053	9.91594e-056	5.02884e-058	2.41539e-060	1.09849e-062	4.72859e-065	1.92615e-067	7.42442e-070	2.70865e-072	9.35812e-075	3.06414e-077	9.51817e-080	2.80835e-082	7.88139e-085	2.10701e-087	5.37451e-090	1.31017e-092	3.05728e-095	6.83942e-098	1.46893e-100	3.16553e-103	
Cyperus_involucratus	0	0	0	0	0	0	0	0	0	0	0	0	0	0	0	1	0	0	0	0	0	0	0	0	0	0	0	0	0	0	0	0	0	0	0	0	0	0	0	0	0	0	0	0	0	0	0	0	0	0	0	0	0	0	0	0	0	0	0	0	0	0	0	0	0	0	0	0	0	0	
Cyperus_alternifolius	0	0	0	0	0	0	0	0	0	0	0	0	0	0	0	1	0	0	0	0	0	0	0	0	0	0	0	0	0	0	0	0	0	0	0	0	0	0	0	0	0	0	0	0	0	0	0	0	0	0	0	0	0	0	0	0	0	0	0	0	0	0	0	0	0	0	0	0	0	0	
N93	4.6426e-007	3.47147e-007	3.96142e-007	5.69277e-007	9.07909e-007	1.5205e-006	2.6109e-006	4.55019e-006	7.99671e-006	1.40536e-005	2.44314e-005	4.16089e-005	6.91493e-005	0.000112754	0.000183581	0.000309434	0.000553926	0.00105719	0.00209898	0.00417452	0.00804257	0.0146722	0.0250022	0.0394926	0.0575839	0.0773411	0.095594	0.108708	0.113767	0.10965	0.0974676	0.0801422	0.0606399	0.0423153	0.0272762	0.0162641	0.00898303	0.00460222	0.0021903	0.000969844	0.000400229	0.000154213	5.55898e-005	1.87862e-005	5.96502e-006	1.78367e-006	5.0346e-007	1.34455e-007	3.40522e-008	8.19731e-009	1.88264e-009	4.11283e-010	8.5667e-011	1.70407e-011	3.24064e-012	5.89588e-013	1.02665e-013	1.71144e-014	2.73163e-015	4.1748e-016	6.10973e-017	8.56232e-018	1.14909e-018	1.47682e-019	1.81774e-020	2.14292e-021	2.42015e-022	2.62117e-023	2.75584e-024	3.41855e-025	
Schoenoplectus_hallii	0	0	0	0	0	0	0	0	0	0	1	0	0	0	0	0	0	0	0	0	0	0	0	0	0	0	0	0	0	0	0	0	0	0	0	0	0	0	0	0	0	0	0	0	0	0	0	0	0	0	0	0	0	0	0	0	0	0	0	0	0	0	0	0	0	0	0	0	0	0	
N94	6.34859e-007	4.98793e-007	6.06365e-007	9.09456e-007	1.4772e-006	2.47072e-006	4.1585e-006	6.96782e-006	1.16233e-005	1.94921e-005	3.32898e-005	5.8243e-005	0.000103741	0.000186032	0.000334856	0.000617212	0.00118467	0.00236984	0.00481739	0.00957999	0.0180318	0.0314367	0.0501534	0.0727716	0.0957652	0.114182	0.123342	0.120777	0.107304	0.0866136	0.0636471	0.042735	0.0260898	0.0145234	0.00739506	0.00345777	0.0014925	0.00059904	0.000225809	8.09519e-005	2.79992e-005	9.46416e-006	3.14923e-006	1.03081e-006	3.29401e-007	1.01724e-007	3.00999e-008	8.49805e-009	2.29218e-009	5.94953e-010	1.50651e-010	3.75579e-011	9.33019e-012	2.31776e-012	5.71921e-013	1.38338e-013	3.23309e-014	7.21486e-015	1.52542e-015	3.04521e-016	5.74899e-017	1.035e-017	1.80869e-018	3.15188e-019	5.62219e-020	1.03255e-020	1.90667e-021	3.40642e-022	5.76647e-023	1.11425e-023	
Schoenoplectus_articulatus	0	0	0	0	0	0	0	0	0	0	0	0	0	0	1	0	0	0	0	0	0	0	0	0	0	0	0	0	0	0	0	0	0	0	0	0	0	0	0	0	0	0	0	0	0	0	0	0	0	0	0	0	0	0	0	0	0	0	0	0	0	0	0	0	0	0	0	0	0	0	
N95	1.84229e-006	1.78718e-006	2.37037e-006	2.82056e-006	2.55136e-006	1.69917e-006	8.40635e-007	3.1548e-007	9.37406e-008	2.75436e-008	1.70084e-008	2.3097e-008	8.52101e-008	1.19289e-006	1.72705e-005	0.000191687	0.00156073	0.00907737	0.0368182	0.102151	0.191637	0.24298	0.210508	0.127235	0.0550795	0.0175605	0.00423808	0.000794938	0.000118875	1.45312e-005	1.48822e-006	1.30893e-007	1.00488e-008	6.84257e-010	4.17129e-011	2.2838e-012	1.12269e-013	4.9519e-015	1.96213e-016	6.95601e-018	2.22975e-019	6.52317e-021	1.76073e-022	4.43695e-024	1.05489e-025	2.38216e-027	5.11625e-029	1.0415e-030	1.99743e-032	3.58655e-034	6.00361e-036	9.31867e-038	1.34169e-039	1.79456e-041	2.23577e-043	2.60437e-045	2.84957e-047	2.94301e-049	2.88223e-051	2.68625e-053	2.38743e-055	2.02398e-057	1.63478e-059	1.25537e-061	9.14345e-064	6.30301e-066	4.10597e-068	2.52552e-070	1.46686e-072	8.62074e-075	
N96	3.63613e-008	3.34363e-008	3.19463e-008	2.0496e-008	8.00714e-009	2.02471e-009	4.0434e-010	8.69005e-011	2.09772e-011	4.64879e-012	1.61867e-012	4.17952e-012	2.91919e-011	1.44527e-009	9.04742e-008	3.96453e-006	0.000113399	0.00199789	0.0201662	0.106771	0.272412	0.331193	0.194723	0.0604568	0.0108542	0.00121385	8.96687e-005	4.58663e-006	1.69223e-007	4.72889e-009	1.12994e-010	3.27742e-012	1.51455e-013	8.00271e-015	3.64064e-016	1.32814e-017	3.84925e-019	8.88537e-021	1.64191e-022	2.43938e-024	2.93648e-026	2.88522e-028	2.3317e-030	1.5628e-032	8.77634e-035	4.21788e-037	1.885e-039	1.06762e-041	1.09813e-043	1.5297e-045	2.048e-047	2.39106e-049	2.39027e-051	2.03594e-053	1.47356e-055	9.04735e-058	4.70854e-060	2.07768e-062	7.78436e-065	2.48296e-067	6.76921e-070	1.58813e-072	3.27528e-075	6.59582e-078	1.89569e-080	1.02543e-082	6.81152e-085	4.07184e-087	2.0241e-089	8.58753e-092	
Schoenoplectus_smithii_var_smithii	0	0	0	0	0	0	0	0	0	0	0	0	0	0	0	0	0	0	0	1	0	0	0	0	0	0	0	0	0	0	0	0	0	0	0	0	0	0	0	0	0	0	0	0	0	0	0	0	0	0	0	0	0	0	0	0	0	0	0	0	0	0	0	0	0	0	0	0	0	0	
Schoenoplectiella_hotarui	0	0	0	0	0	0	0	0	0	0	0	0	0	0	0	0	0	0	0	0	0	1	0	0	0	0	0	0	0	0	0	0	0	0	0	0	0	0	0	0	0	0	0	0	0	0	0	0	0	0	0	0	0	0	0	0	0	0	0	0	0	0	0	0	0	0	0	0	0	0	
Schoenoplectus_purshianus_var_purshianus	0	0	0	0	0	0	0	0	0	0	0	0	0	0	0	0	0	0	1	0	0	0	0	0	0	0	0	0	0	0	0	0	0	0	0	0	0	0	0	0	0	0	0	0	0	0	0	0	0	0	0	0	0	0	0	0	0	0	0	0	0	0	0	0	0	0	0	0	0	0	
Fuirena_ciliaris	0	0	0	0	0	0	0	0	0	0	0	0	0	0	0	0	0	0	1	0	0	0	0	0	0	0	0	0	0	0	0	0	0	0	0	0	0	0	0	0	0	0	0	0	0	0	0	0	0	0	0	0	0	0	0	0	0	0	0	0	0	0	0	0	0	0	0	0	0	0	
N97	2.7921e-008	3.2916e-008	1.13524e-007	6.77378e-007	4.21435e-006	2.24494e-005	9.56548e-005	0.000316743	0.000803873	0.001556	0.00230226	0.0026246	0.00233245	0.00163691	0.00091841	0.000420058	0.000158881	5.12449e-005	1.62541e-005	8.48035e-006	9.99542e-006	2.33056e-005	0.000111786	0.000637407	0.00309728	0.0118828	0.0352542	0.0801499	0.139261	0.185568	0.191373	0.154919	0.0992239	0.0511048	0.0215004	0.00751358	0.00225192	0.000667148	0.000322386	0.000314326	0.000357741	0.000364935	0.000317862	0.000233985	0.000144852	7.51488e-005	3.26113e-005	1.18434e-005	3.61132e-006	9.29992e-007	2.04026e-007	3.82564e-008	6.18946e-009	8.71562e-010	1.07666e-010	1.17526e-011	1.14108e-012	9.91363e-014	7.74915e-015	5.47739e-016	3.51719e-017	2.06044e-018	1.10551e-019	5.45213e-021	2.47986e-022	1.04351e-023	4.07412e-025	1.47998e-026	5.03033e-028	1.85201e-029	
Bolboschoenus_planiculmis	0	0	0	0	0	0	0	0	0	0	0	0	0	0	0	0	0	0	0	0	0	0	0	0	0	0	0	1	0	0	0	0	0	0	0	0	0	0	0	0	0	0	0	0	0	0	0	0	0	0	0	0	0	0	0	0	0	0	0	0	0	0	0	0	0	0	0	0	0	0	
Bolboschoenus_fluviatilis	0	0	0	0	0	0	0	0	0	0	0	0	0	0	0	0	0	0	0	0	0	0	0	0	0	0	0	0	0	0	0	0	0	0	0	0	0	0	0	0	0	0	0	0	0	0	1	0	0	0	0	0	0	0	0	0	0	0	0	0	0	0	0	0	0	0	0	0	0	0	
