NODE	1	2	3	4	5	6	7	8	9	10	11	12	13	14	15	16	17	18	19	20	21	22	23	24	25	26	27	28	29	30	31	32	33	34	35	36	37	38	39	40	41	42	43	44	45	46	47	48	49	50	51	52	53	54	55	56	57	58	
N1	1.712e-30	1.14147e-29	1.4464e-28	1.8076e-27	1.99076e-26	1.81133e-25	1.26301e-24	7.46185e-24	4.56242e-23	2.9096e-22	1.6997e-21	7.92708e-21	2.68546e-20	6.4695e-20	1.20263e-19	2.0207e-19	3.55845e-19	7.17261e-19	1.71579e-18	4.89711e-18	1.58988e-17	5.33095e-17	3.5429e-13	2.77853e-12	1.60501e-11	6.62984e-11	1.95266e-10	4.19719e-10	6.93363e-10	9.4932e-10	1.17371e-09	1.39117e-09	1.65624e-09	2.05922e-09	2.76273e-09	4.10018e-09	6.82495e-09	1.27757e-08	2.6804e-08	6.29223e-08	1.65824e-07	4.91929e-07	1.62672e-06	5.8225e-06	2.159e-05	7.92048e-05	0.000276531	0.000892968	0.00261607	0.00686782	0.0160363	0.0331726	0.0607199	0.0984929	0.142233	0.184431	0.217526	0.236625	
N2	1.30759e-32	9.76805e-32	1.97874e-30	4.7589e-29	1.07475e-27	2.10851e-26	3.50221e-25	5.13068e-24	6.91471e-23	8.37103e-22	8.5253e-21	6.83345e-20	4.15954e-19	1.96994e-18	7.97624e-18	3.10612e-17	1.25745e-16	5.43283e-16	2.48014e-15	1.14699e-14	5.05755e-14	2.01452e-13	7.00596e-13	2.09944e-12	5.45673e-12	1.26378e-11	2.73026e-11	5.79916e-11	1.25994e-10	2.84595e-10	6.65298e-10	1.60788e-09	4.04685e-09	1.06917e-08	2.96499e-08	8.55256e-08	2.53539e-07	7.65807e-07	2.34757e-06	7.28191e-06	2.26854e-05	6.99593e-05	0.000209512	0.000597521	0.00159605	0.00394244	0.00892255	0.0183774	0.0342678	0.0575903	0.0868561	0.117022	0.140154	0.148429	0.13828	0.112854	0.0805334	0.050264	
N3	1.56001e-27	5.99e-27	5.52145e-26	6.3439e-25	7.55895e-24	8.65644e-23	9.32537e-22	9.18773e-21	7.94219e-20	5.85824e-19	3.72234e-18	2.17425e-17	1.27571e-16	7.80311e-16	4.85239e-15	2.9493e-14	1.69863e-13	9.04937e-13	4.37148e-12	1.88518e-11	7.18362e-11	2.41065e-10	7.16624e-10	1.92331e-09	4.83061e-09	1.19457e-08	3.05326e-08	8.24132e-08	2.32872e-07	6.75184e-07	1.97013e-06	5.72484e-06	1.64343e-05	4.61855e-05	0.000125724	0.000327914	0.000811363	0.00188877	0.0041094	0.00831339	0.0155754	0.0269396	0.0429081	0.0628043	0.0843315	0.103729	0.116722	0.120017	0.112638	0.0963882	0.0751267	0.053277	0.0343431	0.0201115	0.0107092	0.00521806	0.00238706	0.00112581	
N4	1.43841e-17	2.88301e-17	1.60132e-16	1.26923e-15	1.04323e-14	8.05633e-14	5.60196e-13	3.37282e-12	1.74088e-11	8.16344e-11	3.80037e-10	1.81488e-09	8.54061e-09	3.71158e-08	1.40704e-07	4.46616e-07	1.15723e-06	2.42537e-06	4.14525e-06	5.954e-06	7.6418e-06	9.7519e-06	1.43301e-05	2.73303e-05	6.75276e-05	0.000193319	0.000567993	0.00158684	0.0040598	0.00935608	0.0192836	0.0354483	0.0580546	0.0847167	0.110192	0.127897	0.132595	0.123004	0.102243	0.0763361	0.0512792	0.0310948	0.0170547	0.00849918	0.00385757	0.00160513	0.000613899	0.000217895	7.19124e-05	2.23591e-05	6.53888e-06	1.82687e-06	4.82911e-07	1.22831e-07	2.94691e-08	6.82106e-09	1.51669e-09	4.10956e-10	
Carex_pulicaris	0	0	0	0	0	0	0	0	0	0	0	0	0	0	0	0	0	0	0	0	0	0	0	0	0	0	0	0	0	1	0	0	0	0	0	0	0	0	0	0	0	0	0	0	0	0	0	0	0	0	0	0	0	0	0	0	0	0	
Carex_peregrina	0	0	0	0	0	0	0	0	0	0	0	0	0	0	0	0	0	0	0	0	0	0	0	0	0	0	0	0	0	0	1	0	0	0	0	0	0	0	0	0	0	0	0	0	0	0	0	0	0	0	0	0	0	0	0	0	0	0	
N5	5.24447e-25	2.3773e-24	2.25073e-23	2.49311e-22	2.87577e-21	3.24626e-20	3.4044e-19	3.23408e-18	2.79325e-17	2.21568e-16	1.61902e-15	1.08319e-14	6.56724e-14	3.58702e-13	1.76829e-12	7.93288e-12	3.27732e-11	1.26299e-10	4.60174e-10	1.61012e-09	5.49965e-09	1.85415e-08	6.1724e-08	2.01316e-07	6.37693e-07	1.95157e-06	5.75874e-06	1.63651e-05	4.46879e-05	0.000116822	0.000290958	0.000687874	0.00153949	0.00325389	0.00647827	0.0121099	0.0211717	0.0344703	0.0520398	0.0725591	0.0931135	0.109664	0.118274	0.116615	0.104989	0.0862374	0.0645939	0.0441088	0.0274598	0.015589	0.00807502	0.00382047	0.00165387	0.000657111	0.000241035	8.27146e-05	2.76109e-05	1.0451e-05	
Carex_microglochin	0	0	0	0	0	0	0	0	0	0	0	0	0	0	0	0	0	0	0	0	0	0	0	0	0	0	0	1	0	0	0	0	0	0	0	0	0	0	0	0	0	0	0	0	0	0	0	0	0	0	0	0	0	0	0	0	0	0	
N6	1.92038e-23	1.4737e-22	2.13955e-21	3.28033e-20	4.87338e-19	6.45795e-18	7.5376e-17	8.4064e-16	8.8349e-15	8.10573e-14	6.22946e-13	3.92323e-12	2.02952e-11	9.04519e-11	3.82035e-10	1.67846e-09	7.77795e-09	3.61562e-08	1.61506e-07	6.81163e-07	2.68824e-06	9.80922e-06	3.26253e-05	9.77481e-05	0.000262068	0.000628003	0.00135053	0.00263134	0.00471812	0.0079537	0.0129022	0.0204777	0.0318597	0.0479538	0.0684214	0.0907879	0.110455	0.122102	0.121994	0.109844	0.0890067	0.0648695	0.0425227	0.0250783	0.0133137	0.00636703	0.00274532	0.00106849	0.000375944	0.000119851	3.47413e-05	9.2113e-06	2.25581e-06	5.18433e-07	1.14348e-07	2.4928e-08	5.6202e-09	1.60577e-09	
Schoenoxiphium_ludwigii	0	0	0	0	0	0	0	0	0	0	0	0	0	0	0	0	1	0	0	0	0	0	0	0	0	0	0	0	0	0	0	0	0	0	0	0	0	0	0	0	0	0	0	0	0	0	0	0	0	0	0	0	0	0	0	0	0	0	
N7	4.97408e-23	2.88972e-22	4.0979e-21	7.13104e-20	1.20535e-18	1.83411e-17	2.48447e-16	3.01675e-15	3.23902e-14	2.97824e-13	2.28589e-12	1.47465e-11	8.42286e-11	4.61337e-10	2.57383e-09	1.47304e-08	8.37344e-08	4.52842e-07	2.24252e-06	9.8826e-06	3.80295e-05	0.000126374	0.00036079	0.000884581	0.00186953	0.00343418	0.00556371	0.00815469	0.0112826	0.0155845	0.0223321	0.0332856	0.0497958	0.0714355	0.094987	0.114807	0.124903	0.121757	0.106146	0.0827044	0.0575924	0.0358569	0.0199703	0.00995673	0.00444731	0.00178154	0.000640609	0.00020719	6.03356e-05	1.59349e-05	3.8451e-06	9.04809e-07	2.38381e-07	9.61932e-08	5.21501e-08	3.04743e-08	1.59467e-08	8.75009e-09	
N8	4.87196e-19	2.05528e-18	2.49384e-17	3.48459e-16	4.38543e-15	4.8798e-14	4.8996e-13	4.09767e-12	2.48091e-11	9.74075e-11	2.95214e-10	1.08238e-09	5.91387e-09	3.96483e-08	2.59295e-07	1.45617e-06	6.47339e-06	2.13116e-05	4.95738e-05	8.02811e-05	9.22465e-05	7.86221e-05	5.26181e-05	2.95772e-05	1.56738e-05	1.0429e-05	1.36837e-05	3.94582e-05	0.000166824	0.000712837	0.00267079	0.00843895	0.0221922	0.0483915	0.0871223	0.129799	0.159638	0.163741	0.139859	0.102169	0.0637211	0.0360614	0.0182884	0.00914992	0.00420828	0.00193854	0.00078789	0.000306855	0.000102072	3.16276e-05	8.32675e-06	2.02266e-06	4.19048e-07	8.00206e-08	1.30822e-08	1.97973e-09	2.60651e-10	4.0221e-11	
Schoenoxiphium_burkei	0	0	0	0	0	0	0	0	0	0	0	0	0	0	0	0	0	0	0	0	0	0	0	0	0	0	0	0	0	0	0	0	0	0	1	0	0	0	0	0	0	0	0	0	0	0	0	0	0	0	0	0	0	0	0	0	0	0	
Schoenoxiphium_filiforme	0	0	0	0	0	0	0	0	0	0	0	0	0	0	0	0	0	0	0	0	0	0	0	0	0	0	0	0	0	0	0	0	0	0	0	1	0	0	0	0	0	0	0	0	0	0	0	0	0	0	0	0	0	0	0	0	0	0	
N9	1.10011e-15	2.84091e-15	1.59678e-14	1.22862e-13	1.03123e-12	8.38446e-12	6.27511e-11	4.23205e-10	2.54528e-09	1.36255e-08	6.54224e-08	2.86085e-07	1.15874e-06	4.3984e-06	1.56903e-05	5.23502e-05	0.00016209	0.000462652	0.0012128	0.00291638	0.00643277	0.0130118	0.0241031	0.0407822	0.0628104	0.0877304	0.110752	0.126021	0.12899	0.118615	0.0979291	0.0725797	0.0483002	0.0288763	0.0155204	0.00750606	0.00326954	0.00128406	0.000455179	0.000145808	4.22574e-05	1.10947e-05	2.64259e-06	5.72025e-07	1.12781e-07	2.03276e-08	3.36865e-09	5.19091e-10	7.57912e-11	1.0844e-11	1.58282e-12	2.45044e-13	4.01481e-14	6.81162e-15	1.1418e-15	1.86044e-16	2.91234e-17	5.46825e-18	
Schoenoxiphium_ecklonii	0	0	0	0	0	0	0	0	0	0	0	0	0	0	0	0	0	1	0	0	0	0	0	0	0	0	0	0	0	0	0	0	0	0	0	0	0	0	0	0	0	0	0	0	0	0	0	0	0	0	0	0	0	0	0	0	0	0	
Schoenoxiphium_sparteum	0	0	0	0	0	0	0	0	0	0	0	0	0	0	0	1	0	0	0	0	0	0	0	0	0	0	0	0	0	0	0	0	0	0	0	0	0	0	0	0	0	0	0	0	0	0	0	0	0	0	0	0	0	0	0	0	0	0	
N10	1.62494e-29	1.2511e-28	1.78052e-27	2.6991e-26	4.18398e-25	5.33158e-24	4.56155e-23	5.52199e-22	9.01536e-21	1.35978e-19	1.59661e-18	1.28387e-17	6.54294e-17	2.19342e-16	6.17454e-16	2.16132e-15	1.25125e-14	1.03342e-13	8.95467e-13	6.98087e-12	4.61871e-11	2.52734e-10	1.12892e-09	4.09382e-09	1.20593e-08	2.90464e-08	5.80086e-08	9.88536e-08	1.543e-07	2.5158e-07	4.37638e-07	8.09192e-07	1.58205e-06	3.31289e-06	7.63254e-06	1.95762e-05	5.43951e-05	0.000155338	0.000434087	0.00114833	0.00282038	0.00636098	0.0130903	0.0244845	0.0415197	0.0637194	0.0883862	0.110703	0.1251	0.127469	0.117056	0.0968578	0.0722311	0.0486114	0.0296439	0.0165697	0.00876608	0.00478374	
Kobresia_fragilis	0	0	0	0	0	0	0	0	0	0	0	0	0	0	0	0	0	0	0	0	0	0	0	0	0	0	0	0	1	0	0	0	0	0	0	0	0	0	0	0	0	0	0	0	0	0	0	0	0	0	0	0	0	0	0	0	0	0	
N11	1.09628e-30	8.74555e-30	1.38188e-28	2.46411e-27	4.49442e-26	7.62558e-25	1.22038e-23	1.99333e-22	3.05664e-21	3.95471e-20	3.92781e-19	2.78958e-18	1.41671e-17	5.88548e-17	2.76803e-16	1.89193e-15	1.59133e-14	1.32129e-13	9.87521e-13	6.40336e-12	3.52872e-11	1.63102e-10	6.2772e-10	2.00735e-09	5.34723e-09	1.19497e-08	2.2681e-08	3.73371e-08	5.56215e-08	8.19085e-08	1.32225e-07	2.71325e-07	7.47126e-07	2.47054e-06	8.62123e-06	2.9588e-05	9.66645e-05	0.000295463	0.000835522	0.00216826	0.00513269	0.0110338	0.02147	0.0377257	0.0597554	0.0852074	0.109267	0.125906	0.130277	0.120989	0.100831	0.0754302	0.0507172	0.0307504	0.0169414	0.00863194	0.00424458	0.00225174	
Kobresia_simpliciuscula	0	0	0	0	0	0	0	0	0	0	0	0	0	0	0	0	0	0	0	0	0	0	0	0	0	0	0	0	0	0	0	0	0	0	1	0	0	0	0	0	0	0	0	0	0	0	0	0	0	0	0	0	0	0	0	0	0	0	
N12	2.41684e-35	1.24698e-33	1.22809e-31	1.04344e-29	6.47567e-28	1.9106e-26	5.0146e-25	2.06137e-23	6.72168e-22	1.29906e-20	1.34501e-19	7.91819e-19	3.08421e-18	1.28409e-17	1.09315e-16	1.48507e-15	1.97403e-14	2.12431e-13	1.74033e-12	1.06788e-11	4.94769e-11	1.76839e-10	4.99693e-10	1.1436e-09	2.18629e-09	3.66486e-09	5.83574e-09	1.01172e-08	2.28409e-08	7.26238e-08	2.89773e-07	1.28542e-06	5.76679e-06	2.46227e-05	9.66221e-05	0.000341689	0.00107695	0.00300729	0.00742024	0.0161718	0.0311676	0.053227	0.0807197	0.108869	0.130627	0.139264	0.131589	0.109834	0.0807033	0.0520489	0.029407	0.0145455	0.00630437	0.00240132	0.000808813	0.000244521	6.96421e-05	2.28368e-05	
N13	3.4559e-25	1.30865e-24	8.49876e-24	7.35988e-23	7.49326e-22	7.94604e-21	8.12103e-20	7.67285e-19	6.54589e-18	4.97809e-17	3.36501e-16	2.03668e-15	1.11929e-14	5.65614e-14	2.64119e-13	1.13861e-12	4.53924e-12	1.69434e-11	6.07817e-11	2.16852e-10	7.89928e-10	2.94439e-09	1.09993e-08	4.00801e-08	1.39801e-07	4.64226e-07	1.47701e-06	4.5634e-06	1.3864e-05	4.15326e-05	0.000121348	0.000340217	0.00090037	0.00221916	0.00504501	0.0105109	0.0199864	0.0345946	0.0544178	0.0777052	0.100643	0.118154	0.125657	0.120985	0.105398	0.0830305	0.0591191	0.0380304	0.0220989	0.0116022	0.00550969	0.00237436	0.000936796	0.000346129	0.00012604	4.94139e-05	2.29889e-05	1.40343e-05	
Carex_pauciflora	0	0	0	0	0	0	0	0	0	0	0	0	0	0	0	0	0	0	0	0	0	0	1	0	0	0	0	0	0	0	0	0	0	0	0	0	0	0	0	0	0	0	0	0	0	0	0	0	0	0	0	0	0	0	0	0	0	0	
Carex_backii	0	0	0	0	0	0	0	0	0	0	0	0	0	0	0	0	0	0	0	0	0	0	0	0	0	0	0	0	0	0	0	0	1	0	0	0	0	0	0	0	0	0	0	0	0	0	0	0	0	0	0	0	0	0	0	0	0	0	
N14	7.24554e-37	3.08074e-35	2.4368e-33	1.77159e-31	1.03285e-29	4.26159e-28	1.37634e-26	4.71901e-25	1.40086e-23	3.11426e-22	5.20662e-21	6.61911e-20	5.99224e-19	4.13257e-18	3.28988e-17	3.48021e-16	3.6096e-15	3.07933e-14	2.07422e-13	1.1169e-12	5.0099e-12	1.98303e-11	7.34452e-11	2.65701e-10	9.49234e-10	3.25657e-09	1.0261e-08	2.92406e-08	8.11004e-08	2.5886e-07	9.73702e-07	4.0301e-06	1.67962e-05	6.63065e-05	0.00023941	0.000775417	0.00222936	0.00566118	0.0126811	0.025092	0.0440043	0.0686987	0.0958835	0.119965	0.13455	0.134869	0.120173	0.094573	0.0653292	0.0394129	0.0206951	0.00944221	0.00374504	0.00129718	0.000400258	0.000119831	4.51321e-05	2.93045e-05	
N15	7.57936e-23	2.09507e-22	1.20308e-21	9.66418e-21	8.91107e-20	8.34386e-19	7.46216e-18	6.21949e-17	4.83474e-16	3.55615e-15	2.4984e-14	1.66499e-13	1.03221e-12	5.82567e-12	2.94634e-11	1.32762e-10	5.36461e-10	1.98292e-09	6.92429e-09	2.37488e-08	8.27594e-08	2.97688e-07	1.09706e-06	4.04405e-06	1.44938e-05	4.92936e-05	0.000156356	0.000457396	0.0012256	0.00299587	0.0066647	0.013475	0.0247418	0.0412395	0.0623855	0.085647	0.106708	0.120658	0.123826	0.115343	0.0975273	0.0748603	0.0521691	0.0330122	0.0189729	0.00990701	0.00470278	0.00203139	0.000799807	0.000287891	9.52423e-05	2.92363e-05	8.46298e-06	2.36933e-06	6.62911e-07	1.91815e-07	5.98682e-08	2.38913e-08	
Carex_rupestris	0	0	0	0	0	0	0	0	0	0	0	0	0	0	0	0	0	0	0	0	0	0	0	0	1	0	0	0	0	0	0	0	0	0	0	0	0	0	0	0	0	0	0	0	0	0	0	0	0	0	0	0	0	0	0	0	0	0	
Carex_obtusata	0	0	0	0	0	0	0	0	0	0	0	0	0	0	0	0	0	0	0	0	0	0	0	0	0	1	0	0	0	0	0	0	0	0	0	0	0	0	0	0	0	0	0	0	0	0	0	0	0	0	0	0	0	0	0	0	0	0	
N16	5.5329e-35	1.59568e-33	7.18355e-32	3.23361e-30	1.27059e-28	4.4462e-27	1.36364e-25	3.29772e-24	5.47276e-23	6.5172e-22	6.73427e-21	6.75527e-20	6.57913e-19	6.73485e-18	6.95077e-17	6.49905e-16	5.33302e-15	3.85348e-14	2.47337e-13	1.4323e-12	7.71662e-12	3.99681e-11	1.98152e-10	8.97414e-10	3.57632e-09	1.27763e-08	4.43531e-08	1.63412e-07	6.49267e-07	2.64743e-06	1.04608e-05	3.89704e-05	0.000134411	0.000422947	0.00120074	0.00305297	0.00692479	0.0139989	0.0252694	0.0409253	0.0599365	0.0801915	0.0990222	0.113556	0.12078	0.118062	0.104608	0.0828325	0.0579343	0.0354979	0.0189681	0.00884656	0.00366811	0.00148193	0.000765435	0.000617897	0.000611771	0.000636687	
Carex_nardina	0	0	0	0	0	0	0	0	0	0	0	0	0	0	0	0	0	0	0	0	0	0	0	0	0	0	0	0	0	0	0	0	0	1	0	0	0	0	0	0	0	0	0	0	0	0	0	0	0	0	0	0	0	0	0	0	0	0	
N17	6.20701e-34	8.50659e-33	2.73431e-31	9.7694e-30	3.21078e-28	9.31966e-27	2.32732e-25	4.88278e-24	8.83061e-23	1.43356e-21	2.19622e-20	3.29947e-19	4.68299e-18	5.73343e-17	5.6941e-16	4.56287e-15	3.02836e-14	1.74079e-13	9.19775e-13	4.72126e-12	2.40274e-11	1.19338e-10	5.70974e-10	2.69015e-09	1.30829e-08	6.69282e-08	3.45684e-07	1.69112e-06	7.4877e-06	2.94193e-05	0.000102738	0.000319426	0.000885912	0.00219646	0.00487919	0.00973361	0.0174823	0.0283616	0.0417671	0.0562983	0.0703569	0.0829068	0.0935901	0.101839	0.10585	0.10292	0.0914244	0.0727597	0.0511945	0.0316173	0.0171264	0.00822675	0.00365489	0.00168398	0.000961073	0.000709951	0.000590251	0.000523117	
N18	3.93709e-23	1.56231e-22	1.369e-21	1.62439e-20	2.06515e-19	2.51569e-18	2.79396e-17	2.75991e-16	2.42421e-15	1.94103e-14	1.45908e-13	1.03741e-12	6.83691e-12	4.04219e-11	2.08278e-10	9.19362e-10	3.46921e-09	1.13587e-08	3.33205e-08	9.15251e-08	2.46032e-07	6.69824e-07	1.89511e-06	5.66676e-06	1.78078e-05	5.6882e-05	0.000176823	0.00051659	0.00138834	0.00339442	0.00751315	0.0150315	0.027191	0.0445233	0.0660894	0.0890578	0.109061	0.12144	0.122946	0.113102	0.0944521	0.071529	0.0490809	0.0305054	0.0171851	0.00879266	0.00410168	0.00175523	0.000694751	0.000256766	8.9324e-05	2.93597e-05	9.09152e-06	2.63008e-06	7.03116e-07	1.72774e-07	4.00064e-08	1.06975e-08	
Carex_capillacea	0	0	0	0	0	0	0	0	0	0	0	0	0	0	0	0	0	0	0	0	0	0	0	0	0	0	0	0	0	1	0	0	0	0	0	0	0	0	0	0	0	0	0	0	0	0	0	0	0	0	0	0	0	0	0	0	0	0	
Carex_leptalea	0	0	0	0	0	0	0	0	0	0	0	0	0	0	0	0	0	0	0	0	0	0	0	0	0	1	0	0	0	0	0	0	0	0	0	0	0	0	0	0	0	0	0	0	0	0	0	0	0	0	0	0	0	0	0	0	0	0	
N19	1.18466e-31	8.51012e-31	2.30583e-29	8.80332e-28	3.60156e-26	1.4467e-24	2.85033e-23	5.77095e-22	1.38117e-20	3.67764e-19	9.31746e-18	1.38146e-16	7.99074e-16	2.13424e-15	4.80666e-15	1.50868e-14	8.12501e-14	6.66889e-13	6.99914e-12	8.00874e-11	8.70422e-10	7.94875e-09	5.464e-08	2.60984e-07	8.33565e-07	1.78744e-06	2.68782e-06	3.06209e-06	2.94152e-06	2.69064e-06	2.23853e-06	1.76329e-06	1.39793e-06	1.2169e-06	1.31135e-06	1.99889e-06	4.41733e-06	1.23363e-05	3.80847e-05	0.000122904	0.000402772	0.00128337	0.00376861	0.00975902	0.0216733	0.0407374	0.0646086	0.0872618	0.102414	0.108791	0.108899	0.106317	0.0989327	0.0856903	0.0658879	0.0454234	0.0286072	0.019342	
Uncinia_phleoides	0	0	0	0	0	0	0	0	0	0	0	0	0	0	0	0	0	0	0	0	0	0	0	0	0	0	0	0	0	0	0	0	0	0	0	0	0	0	0	0	0	0	0	0	0	0	0	1	0	0	0	0	0	0	0	0	0	0	
N20	2.62553e-31	1.31226e-30	2.81921e-29	9.80667e-28	3.41954e-26	1.02474e-24	2.56925e-23	5.88142e-22	1.27977e-20	2.46053e-19	3.67133e-18	3.68805e-17	2.29515e-16	9.48568e-16	3.33893e-15	1.37643e-14	8.14144e-14	6.86799e-13	7.17943e-12	7.80412e-11	7.63849e-10	6.10541e-09	3.7342e-08	1.67494e-07	5.38691e-07	1.23908e-06	2.07391e-06	2.62305e-06	2.6665e-06	2.35054e-06	1.84637e-06	1.34372e-06	9.73135e-07	8.02716e-07	9.13836e-07	1.60729e-06	3.989e-06	1.17782e-05	3.72834e-05	0.000122013	0.000403341	0.00129129	0.0037992	0.00984077	0.0218425	0.041017	0.0649972	0.0877353	0.10299	0.109442	0.10959	0.106752	0.0989691	0.0851576	0.065081	0.0445473	0.0279316	0.0184189	
Uncinia_filiformis	0	0	0	0	0	0	0	0	0	0	0	0	0	0	0	0	0	0	0	0	0	0	0	0	0	0	0	0	0	0	0	0	0	0	0	0	0	0	0	0	0	0	0	1	0	0	0	0	0	0	0	0	0	0	0	0	0	0	
Uncinia_uncinata	0	0	0	0	0	0	0	0	0	0	0	0	0	0	0	0	0	0	0	0	0	0	0	0	0	0	0	0	0	0	0	0	0	0	0	0	0	0	0	0	0	0	0	1	0	0	0	0	0	0	0	0	0	0	0	0	0	0	
N21	1.25696e-28	4.01052e-28	2.55429e-27	2.30231e-26	2.5035e-25	2.88074e-24	3.23542e-23	3.40981e-22	3.29119e-21	2.84138e-20	2.15026e-19	1.41732e-18	8.2571e-18	4.38887e-17	2.20024e-16	1.05877e-15	4.88167e-15	2.12523e-14	8.56248e-14	3.12926e-13	1.0202e-12	2.93289e-12	7.39204e-12	1.63436e-11	3.19488e-11	5.61712e-11	9.15436e-11	1.45211e-10	2.40668e-10	4.51663e-10	1.01131e-09	2.70961e-09	8.3519e-09	2.81426e-08	9.93253e-08	3.55961e-07	1.26671e-06	4.40003e-06	1.47135e-05	4.6828e-05	0.000140534	0.000394757	0.00103188	0.00249871	0.00558504	0.0114886	0.0216911	0.037492	0.0591593	0.0849463	0.110574	0.129893	0.136981	0.128924	0.107663	0.0794283	0.0518061	0.0302354	
N22	6.49572e-28	3.55329e-26	3.27571e-24	2.52895e-22	1.01509e-20	3.8582e-19	1.93065e-17	5.37992e-16	4.99097e-15	1.11003e-14	1.7471e-14	4.37567e-14	6.07339e-13	1.65473e-11	3.20011e-10	3.80558e-09	2.53048e-08	8.63673e-08	1.45089e-07	1.25034e-07	6.68233e-08	3.51451e-08	2.61309e-08	2.16478e-08	1.77109e-08	3.85678e-08	3.79294e-07	4.01408e-06	3.4735e-05	0.000240008	0.00131204	0.00563707	0.0189334	0.0495367	0.100723	0.159102	0.195404	0.187146	0.140305	0.0828164	0.0387175	0.014448	0.00433423	0.00105468	0.000209729	3.44222e-05	4.69653e-06	5.38687e-07	5.22823e-08	4.35094e-09	3.12083e-10	1.96071e-11	1.08096e-12	5.32963e-14	2.33782e-15	9.31821e-17	3.33234e-18	1.27349e-19	
N23	2.63106e-27	4.74456e-26	1.5946e-24	5.1205e-23	1.36005e-21	2.84103e-20	4.31667e-19	5.00517e-18	6.14362e-17	1.03496e-15	1.93957e-14	3.15764e-13	3.94835e-12	3.51742e-11	2.11579e-10	8.30718e-10	2.11116e-09	3.60813e-09	4.76188e-09	6.20922e-09	8.89912e-09	1.27275e-08	1.96487e-08	5.71711e-08	3.81169e-07	3.09759e-06	2.28724e-05	0.000142931	0.000737759	0.00310829	0.0106152	0.0292508	0.064825	0.115277	0.164246	0.18738	0.171206	0.125421	0.0738177	0.0350068	0.0134263	0.00418303	0.00106394	0.000222122	3.82834e-05	5.47989e-06	6.5542e-07	6.59096e-08	5.60775e-09	4.07333e-10	2.65013e-11	2.6454e-12	1.10532e-12	7.05259e-13	3.80945e-13	1.65275e-13	5.70264e-14	1.8828e-14	
Carex_maritima	0	0	0	0	0	0	0	0	0	0	0	0	0	0	0	0	0	0	0	0	0	0	0	0	0	0	0	0	0	1	0	0	0	0	0	0	0	0	0	0	0	0	0	0	0	0	0	0	0	0	0	0	0	0	0	0	0	0	
N24	5.28534e-24	3.70698e-23	5.89483e-22	1.12292e-20	2.02244e-19	3.16169e-18	4.14875e-17	4.60991e-16	4.49626e-15	3.88575e-14	2.87012e-13	1.71677e-12	7.94424e-12	2.77812e-11	7.43034e-11	1.62784e-10	3.4195e-10	8.90753e-10	3.59638e-09	2.17704e-08	1.60546e-07	1.2034e-06	8.2595e-06	4.93562e-05	0.000250949	0.00107389	0.0038459	0.0114878	0.0285577	0.0589941	0.101169	0.143936	0.169848	0.166249	0.135038	0.0910982	0.0511028	0.023876	0.00930981	0.00303701	0.000831203	0.000191476	3.72564e-05	6.14624e-06	8.63137e-07	1.0362e-07	1.06807e-08	9.5153e-10	7.46104e-11	5.96708e-12	8.74644e-13	3.18669e-13	1.32201e-13	4.98674e-14	1.5797e-14	4.26111e-15	9.71563e-16	2.35273e-16	
Carex_conferta	0	0	0	0	0	0	0	0	0	0	0	0	0	0	0	0	0	0	0	0	0	0	0	0	0	1	0	0	0	0	0	0	0	0	0	0	0	0	0	0	0	0	0	0	0	0	0	0	0	0	0	0	0	0	0	0	0	0	
Carex_cephalophora	0	0	0	0	0	0	0	0	0	0	0	0	0	0	0	0	0	0	0	0	0	0	0	1	0	0	0	0	0	0	0	0	0	0	0	0	0	0	0	0	0	0	0	0	0	0	0	0	0	0	0	0	0	0	0	0	0	0	
N25	1.77313e-35	3.9844e-33	1.14689e-30	2.35032e-28	2.20053e-26	9.55827e-25	1.20837e-22	9.86551e-21	3.00291e-19	2.3096e-18	8.2294e-18	2.49885e-17	3.41516e-16	1.60019e-14	4.88714e-13	7.93822e-12	6.263e-11	2.29346e-10	4.09881e-10	4.40736e-10	3.84021e-10	3.49901e-10	4.56912e-10	7.34847e-10	1.16012e-09	4.58066e-09	6.83109e-08	1.08038e-06	1.35738e-05	0.000129614	0.000925816	0.00490854	0.0192371	0.0556192	0.118588	0.186653	0.217372	0.187952	0.121203	0.0586055	0.0213787	0.00592338	0.00125554	0.000205151	2.60426e-05	2.59011e-06	2.03458e-07	1.2805e-08	6.51545e-10	3.02123e-11	1.31748e-12	1.31455e-13	1.39522e-14	3.04848e-15	5.07444e-16	8.21267e-17	9.60449e-18	1.00217e-18	
N26	2.89164e-29	3.98826e-28	1.2486e-26	4.33603e-25	1.38186e-23	3.84677e-22	8.69476e-21	1.46149e-19	1.81767e-18	2.05684e-17	2.54093e-16	3.07107e-15	3.06823e-14	2.30013e-13	1.22467e-12	4.50799e-12	1.16145e-11	2.25705e-11	3.92853e-11	8.114e-11	2.47053e-10	1.11023e-09	7.80297e-09	7.90224e-08	8.40239e-07	7.79514e-06	5.95121e-05	0.000367049	0.00181345	0.00713643	0.0222674	0.0548843	0.106545	0.162551	0.194658	0.182906	0.13494	0.078293	0.0358208	0.0129707	0.0037341	0.000859267	0.000158999	2.38125e-05	2.90613e-06	2.91054e-07	2.40919e-08	1.66173e-09	9.75085e-11	6.03765e-12	1.09389e-12	5.31666e-13	2.52931e-13	1.02351e-13	3.39619e-14	9.25657e-15	2.06868e-15	4.67344e-16	
Carex_echinata	0	0	0	0	0	0	0	0	0	0	0	0	0	0	0	0	0	0	0	0	0	0	0	0	0	1	0	0	0	0	0	0	0	0	0	0	0	0	0	0	0	0	0	0	0	0	0	0	0	0	0	0	0	0	0	0	0	0	
N27	4.14838e-36	2.6301e-34	5.26633e-32	1.2724e-29	1.36612e-27	2.9109e-25	5.20099e-23	1.51566e-21	5.50587e-21	9.40563e-20	6.04083e-18	4.05863e-16	2.31337e-14	7.96813e-13	1.11826e-11	5.36784e-11	9.18486e-11	6.81794e-11	3.1442e-11	1.79034e-11	4.88016e-11	8.27821e-10	2.46327e-08	6.50255e-07	1.26236e-05	0.000170871	0.00157621	0.00977227	0.0403791	0.110851	0.202621	0.248297	0.20614	0.117458	0.0465983	0.0130648	0.00262763	0.000384657	4.15619e-05	3.35913e-06	2.05641e-07	9.65369e-09	3.51411e-10	1.0065e-11	2.29782e-13	4.42792e-15	7.81151e-17	1.84609e-18	5.58629e-20	2.18664e-21	7.10737e-23	2.17483e-24	5.27195e-26	1.1422e-27	2.48937e-29	2.28927e-30	5.56048e-31	1.33026e-31	
N28	6.00688e-31	2.32821e-29	1.68901e-27	1.0108e-25	4.78629e-24	1.69823e-22	3.5092e-21	3.31218e-20	4.08419e-19	1.0155e-17	2.8486e-16	7.09294e-15	1.42885e-13	1.88591e-12	1.26844e-11	4.19228e-11	7.83694e-11	9.78665e-11	1.00351e-10	1.85268e-10	2.3033e-09	7.03751e-08	1.90097e-06	3.70845e-05	0.000496868	0.00441432	0.0251643	0.0895894	0.196501	0.266911	0.228828	0.127004	0.0468761	0.0118081	0.00207983	0.000261936	2.40777e-05	1.6463e-06	8.52039e-08	3.39231e-09	1.05462e-10	2.60427e-12	5.20219e-14	9.71344e-16	2.039e-17	1.33632e-18	6.32881e-20	5.97507e-21	2.58566e-22	1.96311e-23	8.01081e-25	5.10812e-26	2.16503e-27	1.14055e-28	4.46205e-30	1.73482e-31	5.1409e-33	1.52606e-34	
Carex_pairae	0	0	0	0	0	0	0	0	0	0	0	0	0	0	0	0	0	0	0	0	0	0	0	0	0	0	0	1	0	0	0	0	0	0	0	0	0	0	0	0	0	0	0	0	0	0	0	0	0	0	0	0	0	0	0	0	0	0	
Carex_divulsa	0	0	0	0	0	0	0	0	0	0	0	0	0	0	0	0	0	0	0	0	0	0	0	0	0	0	0	1	0	0	0	0	0	0	0	0	0	0	0	0	0	0	0	0	0	0	0	0	0	0	0	0	0	0	0	0	0	0	
N29	2.25667e-31	1.11682e-30	1.06018e-29	1.11926e-28	2.35589e-27	1.33075e-25	6.11029e-24	1.46366e-22	3.31538e-21	1.52721e-19	9.25709e-18	4.71286e-16	1.61694e-14	3.16629e-13	3.05463e-12	1.34224e-11	2.76367e-11	3.0043e-11	2.13891e-11	1.79929e-11	6.26637e-11	1.02207e-09	2.87353e-08	7.35061e-07	1.39471e-05	0.000185142	0.0016788	0.0102515	0.0417905	0.113333	0.204832	0.248323	0.204004	0.115025	0.045148	0.0125207	0.00249016	0.000360385	3.84891e-05	3.07447e-06	1.86019e-07	8.63115e-09	3.1061e-10	8.83742e-12	1.99968e-13	1.05945e-14	2.47191e-16	5.70476e-16	1.10009e-17	2.752e-17	3.83163e-19	7.90524e-19	8.01921e-21	1.37163e-20	1.0306e-22	1.48461e-22	6.90824e-24	1.2323e-23	
Carex_lamprocarpa	0	0	0	0	0	0	0	0	0	0	0	0	0	0	0	0	0	0	0	0	0	0	0	0	0	0	0	0	1	0	0	0	0	0	0	0	0	0	0	0	0	0	0	0	0	0	0	0	0	0	0	0	0	0	0	0	0	0	
Carex_otrubae	0	0	0	0	0	0	0	0	0	0	0	0	0	0	0	0	0	0	0	0	0	0	0	0	0	0	0	0	1	0	0	0	0	0	0	0	0	0	0	0	0	0	0	0	0	0	0	0	0	0	0	0	0	0	0	0	0	0	
N30	4.56496e-38	6.47597e-36	1.48718e-33	2.84372e-31	2.7553e-29	3.00584e-27	3.81018e-25	3.12773e-23	1.03262e-21	9.55317e-21	3.93734e-20	4.08406e-19	1.23781e-17	3.70473e-16	7.58616e-15	9.04074e-14	5.79482e-13	2.01471e-12	4.61508e-12	1.06829e-11	2.71937e-11	5.73586e-11	1.00541e-10	2.46366e-10	1.34232e-09	1.09936e-08	1.15959e-07	1.41884e-06	1.60485e-05	0.000145744	0.00100853	0.0052225	0.0200906	0.0572258	0.120544	0.187849	0.216947	0.186245	0.119343	0.057374	0.0208163	0.00573741	0.00120983	0.000196632	2.48225e-05	2.45372e-06	1.91542e-07	1.22066e-08	6.81205e-10	1.06265e-10	1.84657e-11	1.27276e-11	3.67776e-12	2.69155e-12	1.42564e-12	7.56155e-13	2.90283e-13	9.96205e-14	
N31	1.17197e-27	1.65826e-26	5.72874e-25	1.99829e-23	6.01223e-22	1.58899e-20	3.59118e-19	6.07361e-18	6.46698e-17	4.59839e-16	3.66436e-15	4.54453e-14	7.05737e-13	1.0441e-11	1.27645e-10	1.17408e-09	7.47142e-09	3.10253e-08	8.31003e-08	1.48752e-07	1.89846e-07	1.86698e-07	1.58055e-07	1.51647e-07	2.84113e-07	1.33756e-06	1.01634e-05	7.70452e-05	0.000487628	0.00245859	0.00972123	0.0298922	0.0710906	0.130348	0.184112	0.200639	0.169314	0.111244	0.0572899	0.023304	0.00754823	0.00196405	0.000414065	7.16541e-05	1.03389e-05	1.3366e-06	1.77639e-07	3.477e-08	8.68375e-09	2.46465e-09	5.97344e-10	1.33564e-10	2.481e-11	4.14013e-12	5.80108e-13	7.27582e-14	7.79519e-15	9.245e-16	
Carex_ovalis	0	0	0	0	0	0	0	0	0	0	0	0	0	0	0	0	0	0	0	0	0	0	0	0	0	0	0	0	0	0	0	0	1	0	0	0	0	0	0	0	0	0	0	0	0	0	0	0	0	0	0	0	0	0	0	0	0	0	
Carex_xerantica	0	0	0	0	0	0	0	0	0	0	0	0	0	0	0	0	0	0	0	0	0	0	0	0	0	0	0	0	0	0	0	0	0	1	0	0	0	0	0	0	0	0	0	0	0	0	0	0	0	0	0	0	0	0	0	0	0	0	
N32	4.18363e-34	9.51304e-33	4.35525e-31	2.15914e-29	9.57244e-28	3.66007e-26	1.16337e-24	2.8431e-23	5.07498e-22	7.34429e-21	1.07731e-19	1.69226e-18	2.49304e-17	3.02566e-16	2.82478e-15	2.01639e-14	1.16551e-13	5.8194e-13	2.47296e-12	8.49279e-12	2.38023e-11	6.10585e-11	1.84578e-10	9.18454e-10	8.06613e-09	9.34891e-08	1.08268e-06	1.0877e-05	8.91454e-05	0.000579644	0.00294683	0.0116073	0.0351976	0.0817886	0.145182	0.196547	0.202908	0.159962	0.096574	0.0448374	0.0160945	0.00449474	0.000983504	0.000169893	2.33528e-05	2.57513e-06	2.29758e-07	1.67844e-08	1.03527e-09	6.78758e-11	9.36851e-12	5.65365e-12	4.98869e-12	5.72433e-12	5.60232e-12	4.52081e-12	2.80812e-12	1.59852e-12	
Carex_chordorrhiza	0	0	0	0	0	0	0	0	0	0	0	0	0	0	0	0	0	0	0	0	0	0	0	0	0	0	0	0	0	0	1	0	0	0	0	0	0	0	0	0	0	0	0	0	0	0	0	0	0	0	0	0	0	0	0	0	0	0	
N33	5.16393e-34	7.69421e-32	1.88749e-29	3.43048e-27	1.53358e-25	2.45751e-23	2.71699e-21	8.74163e-20	2.354e-19	5.09209e-19	1.58727e-17	1.08737e-15	6.58773e-14	2.49017e-12	4.4093e-11	3.00727e-10	7.5935e-10	7.93611e-10	4.26559e-10	1.72771e-10	1.22188e-10	3.21361e-10	3.015e-09	6.01865e-08	1.25714e-06	2.04307e-05	0.000239166	0.00196227	0.0111041	0.0428782	0.112366	0.199854	0.24257	0.202924	0.118552	0.0490998	0.0146451	0.00319594	0.000518129	6.33212e-05	5.91391e-06	4.27661e-07	2.42357e-08	1.09109e-09	3.95824e-11	1.2055e-12	3.34653e-14	1.11493e-15	4.92068e-17	2.68426e-18	1.31218e-19	5.84266e-21	2.14288e-22	6.9091e-24	1.8492e-25	4.34619e-27	8.58013e-29	1.68924e-30	
Carex_marina	0	0	0	0	0	0	0	0	0	0	0	0	0	0	0	0	0	0	0	0	0	0	0	0	0	0	0	0	0	0	1	0	0	0	0	0	0	0	0	0	0	0	0	0	0	0	0	0	0	0	0	0	0	0	0	0	0	0	
N34	9.42033e-34	4.85775e-32	4.73243e-30	4.06817e-28	2.77241e-26	1.50435e-24	5.91662e-23	1.54694e-21	3.29628e-20	8.97845e-19	3.351e-17	1.21598e-15	3.2856e-14	5.63128e-13	5.36784e-12	2.60977e-11	6.43238e-11	8.73114e-11	7.83309e-11	6.96858e-11	1.11326e-10	4.21591e-10	4.53177e-09	9.66981e-08	2.05136e-06	3.29359e-05	0.000374232	0.00293647	0.0156808	0.0564549	0.136453	0.221644	0.243417	0.182607	0.0948222	0.0345982	0.00901181	0.00170248	0.000236912	2.46473e-05	1.94416e-06	1.17832e-07	5.55661e-09	2.06505e-10	6.13065e-12	1.4986e-13	3.1756e-15	1.08435e-16	4.22462e-18	1.19293e-18	5.51049e-20	1.82271e-20	6.77081e-22	1.90524e-22	1.02278e-23	3.37772e-24	7.31128e-25	1.82208e-25	
Carex_canescens	0	0	0	0	0	0	0	0	0	0	0	0	0	0	0	0	0	0	0	0	0	0	0	0	0	0	0	1	0	0	0	0	0	0	0	0	0	0	0	0	0	0	0	0	0	0	0	0	0	0	0	0	0	0	0	0	0	0	
Carex_lachenalii	0	0	0	0	0	0	0	0	0	0	0	0	0	0	0	0	0	0	0	0	0	0	0	0	0	0	0	0	0	0	1	0	0	0	0	0	0	0	0	0	0	0	0	0	0	0	0	0	0	0	0	0	0	0	0	0	0	0	
N35	1.98445e-24	2.78011e-23	7.56784e-22	2.1874e-20	4.47668e-19	5.9265e-18	1.31638e-16	2.88028e-15	4.10177e-14	2.40563e-13	7.62209e-13	1.89575e-12	4.55186e-12	2.83268e-11	3.53065e-10	3.94807e-09	3.26489e-08	1.826e-07	6.53931e-07	1.53287e-06	2.69592e-06	4.34788e-06	6.9757e-06	1.04324e-05	1.37657e-05	1.61061e-05	1.81269e-05	2.71902e-05	8.30336e-05	0.000361291	0.00149103	0.00524575	0.015383	0.0373026	0.0744296	0.12176	0.162933	0.178182	0.159336	0.116748	0.0703281	0.0349874	0.0144513	0.00498534	0.00144534	0.00035442	7.39721e-05	1.32242e-05	2.03726e-06	2.7215e-07	3.17136e-08	3.24567e-09	2.9371e-10	2.37148e-11	1.72482e-12	1.14809e-13	7.18947e-15	5.07415e-16	
N36	2.42237e-14	4.27088e-14	1.8837e-13	1.24664e-12	9.32054e-12	6.94703e-11	4.89625e-10	3.18081e-09	1.88138e-08	1.01349e-07	5.0202e-07	2.31249e-06	9.9541e-06	3.98591e-05	0.000146838	0.000491454	0.00147866	0.00396988	0.00946683	0.0200002	0.037388	0.0618209	0.0904325	0.117097	0.134324	0.136643	0.123408	0.0990753	0.0707991	0.0450956	0.0256388	0.0130304	0.00592847	0.00241831	0.000885727	0.000291732	8.65353e-05	2.31553e-05	5.59742e-06	1.22486e-06	2.43037e-07	4.38822e-08	7.23402e-09	1.10004e-09	1.56188e-10	2.14692e-11	2.9631e-12	4.40859e-13	7.04656e-14	1.21735e-14	2.0781e-15	3.5067e-16	5.47844e-17	8.17671e-18	1.11243e-18	1.43968e-19	1.71496e-20	2.43407e-21	
Carex_livida	0	0	0	0	0	0	0	0	0	0	0	0	0	0	0	1	0	0	0	0	0	0	0	0	0	0	0	0	0	0	0	0	0	0	0	0	0	0	0	0	0	0	0	0	0	0	0	0	0	0	0	0	0	0	0	0	0	0	
Carex_panicea	0	0	0	0	0	0	0	0	0	0	0	0	0	0	0	1	0	0	0	0	0	0	0	0	0	0	0	0	0	0	0	0	0	0	0	0	0	0	0	0	0	0	0	0	0	0	0	0	0	0	0	0	0	0	0	0	0	0	
N37	6.51097e-33	1.07306e-30	2.72255e-28	5.26826e-26	6.07965e-24	1.23214e-22	7.72126e-21	5.41089e-19	3.08607e-17	8.6684e-16	5.9993e-15	1.58873e-14	2.82623e-14	1.35842e-13	2.87303e-12	5.83378e-11	9.9411e-10	1.42323e-08	1.4951e-07	9.82261e-07	3.7748e-06	8.78151e-06	1.36915e-05	1.62748e-05	1.65944e-05	1.57322e-05	1.4354e-05	1.41435e-05	3.02464e-05	0.000159892	0.00088355	0.00399154	0.0142677	0.0400006	0.0874619	0.148468	0.194972	0.19761	0.154415	0.0930689	0.0433469	0.0156527	0.00440178	0.000969483	0.000168253	2.3182e-05	2.5517e-06	2.26771e-07	1.63244e-08	9.76123e-10	4.7819e-11	2.14941e-12	8.13765e-14	4.70134e-15	3.37729e-16	4.37447e-17	4.49776e-18	4.428e-19	
N38	7.99648e-27	1.01464e-25	2.27089e-24	5.44352e-23	1.27224e-21	2.83274e-20	6.2552e-19	1.41297e-17	3.08176e-16	5.89777e-15	9.28255e-14	1.17334e-12	1.20085e-11	1.02648e-10	7.60814e-10	4.97955e-09	2.83882e-08	1.36476e-07	5.35626e-07	1.67515e-06	4.12006e-06	7.98131e-06	1.24542e-05	1.66956e-05	2.35957e-05	5.38276e-05	0.000200999	0.000810877	0.00291971	0.00896944	0.023227	0.0504024	0.0912149	0.137048	0.170209	0.174029	0.145948	0.100091	0.0560083	0.0255417	0.00949219	0.00287806	0.000713605	0.000145181	2.43392e-05	3.37917e-06	3.90658e-07	3.78272e-08	3.08653e-09	2.13801e-10	1.2965e-11	1.06364e-12	4.51249e-13	3.53664e-13	2.40927e-13	1.3313e-13	5.95577e-14	2.5503e-14	
Carex_fuliginosa	0	0	0	0	0	0	0	0	0	0	0	0	0	0	0	0	0	0	0	1	0	0	0	0	0	0	0	0	0	0	0	0	0	0	0	0	0	0	0	0	0	0	0	0	0	0	0	0	0	0	0	0	0	0	0	0	0	0	
N39	8.88622e-21	4.85741e-20	5.01722e-19	6.5072e-18	8.85934e-17	1.14298e-15	1.32657e-14	1.35077e-13	1.19141e-12	9.05958e-12	5.9549e-11	3.41242e-10	1.72343e-09	7.74192e-09	3.11111e-08	1.12401e-07	3.69672e-07	1.14408e-06	3.55096e-06	1.18419e-05	4.27941e-05	0.000157374	0.000548356	0.00173264	0.0048614	0.0119976	0.0259204	0.0488786	0.0802684	0.114565	0.14185	0.152089	0.140965	0.112765	0.077742	0.0461333	0.0235409	0.0103227	0.00388874	0.00125875	0.000350313	8.39169e-05	1.73303e-05	3.09182e-06	4.77663e-07	6.40833e-08	7.48929e-09	7.66127e-10	6.95801e-11	6.27693e-12	9.53922e-13	3.76529e-13	1.8563e-13	8.46779e-14	3.30007e-14	1.10748e-14	3.20868e-15	9.97502e-16	
Carex_glacialis	0	0	0	0	0	0	0	0	0	0	0	0	0	0	0	0	1	0	0	0	0	0	0	0	0	0	0	0	0	0	0	0	0	0	0	0	0	0	0	0	0	0	0	0	0	0	0	0	0	0	0	0	0	0	0	0	0	0	
N40	3.4002e-14	8.60379e-14	4.34472e-13	2.93783e-12	2.23135e-11	1.70627e-10	1.23869e-09	8.28771e-09	5.02469e-08	2.7357e-07	1.33592e-06	5.88511e-06	2.36046e-05	8.6828e-05	0.000293245	0.00090455	0.00252674	0.00633816	0.0141844	0.0281981	0.0496653	0.0773895	0.106611	0.12981	0.139709	0.132941	0.111888	0.0833314	0.0549522	0.0321065	0.0166318	0.00764468	0.0031204	0.0011321	0.00036542	0.000105048	2.69235e-05	6.15991e-06	1.25954e-06	2.30569e-07	3.78301e-08	5.58346e-09	7.42172e-10	9.01934e-11	1.00844e-11	1.13881e-12	1.36245e-13	2.3224e-14	4.53428e-15	1.12571e-15	2.49603e-16	5.75668e-17	1.14258e-17	2.20785e-18	3.68741e-19	5.84189e-20	8.14412e-21	1.33622e-21	
Carex_pilulifera	0	0	0	0	0	0	0	0	1	0	0	0	0	0	0	0	0	0	0	0	0	0	0	0	0	0	0	0	0	0	0	0	0	0	0	0	0	0	0	0	0	0	0	0	0	0	0	0	0	0	0	0	0	0	0	0	0	0	
Carex_humilis	0	0	0	0	0	0	0	0	0	0	0	0	0	0	0	0	0	1	0	0	0	0	0	0	0	0	0	0	0	0	0	0	0	0	0	0	0	0	0	0	0	0	0	0	0	0	0	0	0	0	0	0	0	0	0	0	0	0	
N41	1.06705e-33	1.7324e-31	3.04604e-29	5.05966e-27	6.40103e-25	3.80371e-24	2.08586e-22	2.67651e-20	2.39866e-18	9.09819e-17	4.97247e-16	8.13115e-16	1.10052e-15	2.6716e-15	1.004e-13	5.57445e-12	2.39916e-10	6.95588e-09	1.17939e-07	1.04534e-06	4.60608e-06	1.03617e-05	1.33713e-05	1.2643e-05	1.19091e-05	1.15709e-05	9.76467e-06	6.98588e-06	7.73882e-06	3.75164e-05	0.000266589	0.00157271	0.00718052	0.0249854	0.065754	0.130189	0.193198	0.214371	0.17768	0.11006	0.0510439	0.0177874	0.00467748	0.000938698	0.000144612	1.96286e-05	2.32285e-06	7.18231e-07	1.20017e-07	5.9615e-08	7.8358e-09	2.91164e-09	2.87094e-10	8.27068e-11	9.40255e-12	2.68764e-12	5.16896e-13	1.15773e-13	
Carex_atrofusca	0	0	0	0	0	0	0	0	0	0	0	0	0	0	0	0	0	0	1	0	0	0	0	0	0	0	0	0	0	0	0	0	0	0	0	0	0	0	0	0	0	0	0	0	0	0	0	0	0	0	0	0	0	0	0	0	0	0	
N42	1.0718e-40	5.90486e-38	3.76882e-35	1.69565e-32	4.20558e-30	2.81242e-28	2.85464e-26	6.02022e-24	7.65349e-22	3.77473e-20	6.87831e-19	4.28169e-18	1.15759e-17	4.00787e-17	1.33453e-15	1.05266e-13	5.85059e-12	1.89019e-10	3.45762e-09	3.76851e-08	2.68295e-07	1.29765e-06	4.14144e-06	8.52013e-06	1.13959e-05	1.02076e-05	6.50153e-06	3.53049e-06	3.07303e-06	1.12245e-05	8.85299e-05	0.000652217	0.00370093	0.0156015	0.0483882	0.109979	0.182837	0.222211	0.197545	0.128668	0.0615606	0.0217188	0.00567501	0.00111557	0.000166354	2.56352e-05	3.51833e-06	2.05269e-06	3.14529e-07	2.19881e-07	2.258e-08	1.17197e-08	8.14306e-10	3.09553e-10	1.84768e-11	6.33093e-12	1.11168e-12	3.45118e-13	
N43	6.70127e-38	6.75046e-36	1.09071e-33	1.83344e-31	2.39077e-29	1.48842e-27	1.38233e-25	1.8167e-23	1.86374e-21	1.08046e-19	2.94338e-18	4.31897e-17	4.07443e-16	4.51115e-15	1.34799e-13	4.79745e-12	1.27687e-10	2.32226e-09	2.75464e-08	2.07219e-07	9.8608e-07	3.04886e-06	6.42147e-06	9.60902e-06	1.03923e-05	8.2363e-06	5.2908e-06	4.21209e-06	8.71733e-06	4.77884e-05	0.000325506	0.00187003	0.00833092	0.0282407	0.0722662	0.138844	0.199492	0.213784	0.170659	0.101497	0.0450455	0.0149661	0.00374207	0.00071118	0.000105269	1.31866e-05	1.71531e-06	3.05842e-07	6.12742e-08	1.23389e-08	1.92369e-09	2.74719e-10	3.00811e-11	3.54687e-12	5.76461e-13	1.71348e-13	5.33176e-14	1.59075e-14	
N44	2.34219e-23	1.81399e-22	2.04197e-21	2.86894e-20	4.54777e-19	7.32867e-18	1.11651e-16	1.54441e-15	1.90441e-14	2.07625e-13	1.9866e-12	1.65232e-11	1.1825e-10	7.22087e-10	3.74381e-09	1.64688e-08	6.16717e-08	1.97768e-07	5.46103e-07	1.30147e-06	2.67743e-06	4.81153e-06	8.12684e-06	1.62347e-05	4.83518e-05	0.00018211	0.000677089	0.00225912	0.00659103	0.0166609	0.0362789	0.0676993	0.107717	0.145401	0.165677	0.1586	0.127001	0.084756	0.0470114	0.0216387	0.00826392	0.00262227	0.000693483	0.000153613	2.8716e-05	4.58369e-06	6.36888e-07	7.95493e-08	9.38432e-09	1.12741e-09	1.75235e-10	6.84425e-11	5.50022e-11	4.58524e-11	3.31078e-11	2.01565e-11	1.05016e-11	5.68269e-12	
N45	6.23088e-17	9.38173e-15	1.91475e-12	2.41475e-10	2.06851e-08	1.90102e-06	3.81858e-05	9.87893e-05	0.00172575	0.0211267	0.118753	0.344768	0.450499	0.0594104	0.00344903	0.000126221	3.23197e-06	6.33795e-08	5.83231e-09	7.40863e-09	8.48563e-09	7.33733e-09	4.63108e-09	2.02367e-09	5.56934e-10	7.90689e-11	3.09535e-12	6.28918e-14	8.14655e-16	7.44443e-18	5.09363e-20	2.71677e-22	1.16146e-24	4.06999e-27	1.18779e-29	2.93243e-32	6.18673e-35	1.13168e-37	1.80808e-40	2.57367e-43	3.2884e-46	3.90828e-49	4.34995e-52	4.78179e-55	5.09154e-58	5.47909e-61	5.58827e-64	5.58752e-67	5.1033e-70	4.44975e-73	3.48739e-76	2.58569e-79	1.71648e-82	1.07749e-85	6.04723e-89	3.2187e-92	1.52628e-95	7.05134e-99	
Carex_capillaris	0	0	0	0	0	0	0	0	1	0	0	0	0	0	0	0	0	0	0	0	0	0	0	0	0	0	0	0	0	0	0	0	0	0	0	0	0	0	0	0	0	0	0	0	0	0	0	0	0	0	0	0	0	0	0	0	0	0	
Carex_halleriana	0	0	0	0	0	0	0	0	0	0	0	0	0	0	0	0	0	0	0	0	0	0	0	0	0	1	0	0	0	0	0	0	0	0	0	0	0	0	0	0	0	0	0	0	0	0	0	0	0	0	0	0	0	0	0	0	0	0	
Carex_baccans	0	0	0	0	0	0	0	0	0	0	0	0	0	0	0	0	0	0	0	0	0	0	1	0	0	0	0	0	0	0	0	0	0	0	0	0	0	0	0	0	0	0	0	0	0	0	0	0	0	0	0	0	0	0	0	0	0	0	
N46	5.25092e-33	2.82271e-31	2.17779e-29	1.69187e-27	1.12175e-25	4.92002e-24	2.81154e-22	1.63962e-20	7.40895e-19	2.12418e-17	2.98622e-16	1.98965e-15	8.69139e-15	6.57626e-14	1.3505e-12	2.91794e-11	4.98889e-10	6.39112e-09	5.87883e-08	3.72328e-07	1.57137e-06	4.3487e-06	7.93277e-06	9.85774e-06	9.02907e-06	7.11637e-06	5.86389e-06	5.91199e-06	1.29154e-05	7.31778e-05	0.000452192	0.00229493	0.00918818	0.0287065	0.0695178	0.129822	0.18626	0.204852	0.172591	0.111497	0.0553672	0.021219	0.00630997	0.00146746	0.00026959	4.05937e-05	5.24791e-06	9.52496e-07	1.89018e-07	1.05732e-07	2.54987e-08	1.70269e-08	7.49638e-09	7.8182e-09	6.81215e-09	5.4215e-09	3.28827e-09	1.85404e-09	
Carex_echinochloe	0	0	0	0	0	0	0	0	0	0	0	0	0	0	0	0	0	0	0	0	1	0	0	0	0	0	0	0	0	0	0	0	0	0	0	0	0	0	0	0	0	0	0	0	0	0	0	0	0	0	0	0	0	0	0	0	0	0	
N47	1.33479e-35	1.29515e-33	2.47219e-31	3.97858e-29	4.05439e-27	2.69376e-25	2.43305e-23	1.84411e-21	7.89131e-20	1.35429e-18	7.99185e-18	2.58885e-17	1.44766e-16	2.69131e-15	8.01727e-14	1.99851e-12	3.48704e-11	3.98521e-10	2.8758e-09	1.29413e-08	3.68699e-08	6.94043e-08	9.23416e-08	9.62462e-08	9.45126e-08	1.13911e-07	2.01113e-07	6.17946e-07	3.52818e-06	2.54196e-05	0.00016995	0.00094603	0.0042244	0.0148941	0.0411239	0.0885085	0.148109	0.192512	0.194429	0.15281	0.0937002	0.0449864	0.016984	0.0050737	0.00120739	0.000236386	3.97333e-05	9.1879e-06	2.68441e-06	1.89201e-06	8.82389e-07	6.7517e-07	3.75948e-07	2.31628e-07	1.08177e-07	4.39849e-08	1.38274e-08	4.44699e-09	
N48	4.45287e-29	3.92902e-28	6.72502e-27	1.51494e-25	3.66937e-24	8.76181e-23	1.98864e-21	4.10696e-20	7.3592e-19	1.12455e-17	1.51093e-16	1.87556e-15	2.18734e-14	2.32242e-13	2.12841e-12	1.60292e-11	9.56827e-11	4.42567e-10	1.57089e-09	4.29741e-09	9.25784e-09	1.64396e-08	2.61851e-08	4.35082e-08	9.46393e-08	3.17219e-07	1.5083e-06	8.33392e-06	4.59229e-05	0.000230904	0.00101002	0.00374688	0.0116191	0.0298476	0.063124	0.109424	0.154999	0.17907	0.16861	0.129449	0.0811577	0.0416586	0.0175698	0.00611658	0.00176831	0.000428712	8.90741e-05	1.69506e-05	3.56316e-06	1.11724e-06	5.18454e-07	3.01201e-07	2.1889e-07	2.24957e-07	2.69991e-07	3.03731e-07	2.91162e-07	2.70672e-07	
Carex_pendula	0	0	0	0	0	0	0	0	0	0	0	0	0	0	0	0	0	0	0	0	0	0	0	0	0	0	0	0	0	1	0	0	0	0	0	0	0	0	0	0	0	0	0	0	0	0	0	0	0	0	0	0	0	0	0	0	0	0	
N49	3.18322e-23	4.70988e-22	1.65075e-20	5.30105e-19	1.36528e-17	2.99522e-16	5.01197e-15	5.2569e-14	4.32147e-13	2.58121e-12	1.30063e-11	1.04679e-10	1.2804e-09	1.3051e-08	8.61737e-08	3.48814e-07	8.60761e-07	1.28008e-06	1.22634e-06	1.14824e-06	2.01243e-06	4.65137e-06	9.27287e-06	1.48217e-05	2.10819e-05	5.24644e-05	0.000319626	0.00199881	0.00951962	0.03328	0.0849742	0.158347	0.215275	0.213554	0.154833	0.0825451	0.0327186	0.0097985	0.00225501	0.000406601	5.83966e-05	6.83454e-06	6.63805e-07	5.58286e-08	4.20071e-09	3.08625e-10	2.23484e-11	1.67903e-12	1.18535e-13	8.02668e-15	4.76312e-16	2.60184e-17	1.22826e-18	5.30957e-20	1.98833e-21	6.84854e-23	2.05233e-24	6.56877e-26	
Carex_hostiana	0	0	0	0	0	0	0	0	0	0	0	0	0	0	0	0	0	0	0	0	0	0	0	0	0	0	0	1	0	0	0	0	0	0	0	0	0	0	0	0	0	0	0	0	0	0	0	0	0	0	0	0	0	0	0	0	0	0	
Carex_viridula	0	0	0	0	0	0	0	0	0	0	0	0	0	0	0	0	0	0	0	0	0	0	0	0	0	0	0	0	0	0	0	0	0	0	1	0	0	0	0	0	0	0	0	0	0	0	0	0	0	0	0	0	0	0	0	0	0	0	
N50	5.18861e-33	2.69834e-31	2.66169e-29	2.22986e-27	1.40465e-25	6.66765e-24	2.86631e-22	1.01315e-20	2.30822e-19	3.02509e-18	2.44998e-17	1.51044e-16	9.23114e-16	7.774e-15	9.8487e-14	1.25565e-12	1.25733e-11	9.4222e-11	5.4217e-10	2.51639e-09	9.79118e-09	3.23601e-08	9.09816e-08	2.22178e-07	5.01963e-07	1.13096e-06	2.59455e-06	6.11953e-06	1.71096e-05	6.74755e-05	0.00032264	0.00146816	0.00566821	0.0178394	0.0450778	0.0908236	0.145427	0.184812	0.186421	0.149432	0.0953858	0.0486256	0.0198678	0.00653472	0.00173949	0.000377774	6.79693e-05	1.06784e-05	1.71602e-06	4.45905e-07	1.99915e-07	1.248e-07	7.32231e-08	3.96781e-08	1.76219e-08	6.54133e-09	1.97915e-09	6.10571e-10	
N51	1.40956e-26	8.7244e-26	1.25204e-24	2.24877e-23	3.97568e-22	6.39267e-21	9.27369e-20	1.1945e-18	1.30586e-17	1.16741e-16	8.73483e-16	6.06462e-15	4.44114e-14	3.67713e-13	3.351e-12	3.08229e-11	2.62095e-10	1.92847e-09	1.17294e-08	5.72732e-08	2.21305e-07	6.7675e-07	1.66303e-06	3.39832e-06	6.14427e-06	1.08098e-05	2.03761e-05	4.27316e-05	9.97225e-05	0.000265433	0.000802437	0.00252617	0.00745126	0.0192824	0.0424679	0.078596	0.121595	0.156944	0.168939	0.15175	0.113902	0.0715783	0.0377528	0.0167635	0.00628768	0.00200497	0.00054879	0.000139763	4.24364e-05	2.95184e-05	2.90987e-05	3.16344e-05	2.85951e-05	2.32478e-05	1.56348e-05	9.18722e-06	4.65814e-06	2.55285e-06	
Carex_punctata	0	0	0	0	0	0	0	0	0	0	0	0	0	0	0	0	0	0	0	0	0	0	0	0	0	0	0	0	0	0	0	0	0	1	0	0	0	0	0	0	0	0	0	0	0	0	0	0	0	0	0	0	0	0	0	0	0	0	
Carex_hochstetteriana	0	0	0	0	0	0	0	0	0	0	0	0	0	0	0	0	0	0	0	0	0	0	0	0	0	0	0	0	0	0	0	0	0	0	0	0	0	1	0	0	0	0	0	0	0	0	0	0	0	0	0	0	0	0	0	0	0	0	
N52	4.11006e-30	1.23341e-28	7.18228e-27	4.2964e-25	1.84486e-23	6.52641e-22	2.88977e-20	1.02516e-18	2.20359e-17	2.19524e-16	1.08668e-15	5.502e-15	5.78032e-14	8.4409e-13	1.18451e-11	1.37876e-10	1.22682e-09	7.93025e-09	3.6285e-08	1.17474e-07	2.76719e-07	5.04919e-07	7.99961e-07	1.3433e-06	3.06302e-06	1.00842e-05	4.1437e-05	0.000183039	0.000777065	0.00293539	0.00943978	0.0252691	0.0556865	0.100466	0.147951	0.177574	0.173591	0.138223	0.0897067	0.0475103	0.0205702	0.00729757	0.00212737	0.000511363	0.000101792	1.68849e-05	2.36173e-06	2.87287e-07	3.3212e-08	4.44475e-09	8.10698e-10	1.83229e-10	4.34113e-11	1.00856e-11	2.20766e-12	4.42429e-13	7.91913e-14	1.53929e-14	
Carex_comans	0	0	0	0	0	0	0	0	0	0	0	0	0	0	0	0	0	0	0	1	0	0	0	0	0	0	0	0	0	0	0	0	0	0	0	0	0	0	0	0	0	0	0	0	0	0	0	0	0	0	0	0	0	0	0	0	0	0	
N53	5.98575e-28	6.45284e-27	1.48883e-25	4.15556e-24	1.11279e-22	2.65671e-21	5.52458e-20	9.66071e-19	1.37871e-17	1.6328e-16	1.72616e-15	1.78172e-14	1.86769e-13	1.90765e-12	1.75599e-11	1.36374e-10	8.57565e-10	4.28655e-09	1.70719e-08	5.54785e-08	1.5445e-07	3.98028e-07	1.03848e-06	2.87293e-06	8.27725e-06	2.45362e-05	7.82722e-05	0.000278543	0.00103824	0.0036338	0.0110762	0.0283708	0.0601546	0.104913	0.150098	0.175973	0.16905	0.133158	0.0861084	0.0457973	0.0200798	0.00727846	0.00218816	0.000547989	0.000114798	2.05355e-05	3.18654e-06	6.18862e-07	1.38332e-07	9.98175e-08	3.32492e-08	2.76525e-08	9.79397e-09	8.34137e-09	4.94996e-09	4.0318e-09	2.50665e-09	1.66087e-09	
Carex_extensa	0	0	0	0	0	0	0	0	0	0	0	0	0	0	0	0	0	0	0	0	0	0	0	0	0	0	0	0	0	1	0	0	0	0	0	0	0	0	0	0	0	0	0	0	0	0	0	0	0	0	0	0	0	0	0	0	0	0	
Carex_distans	0	0	0	0	0	0	0	0	0	0	0	0	0	0	0	0	0	0	0	0	0	0	0	0	0	0	0	0	0	0	0	0	0	0	1	0	0	0	0	0	0	0	0	0	0	0	0	0	0	0	0	0	0	0	0	0	0	0	
N54	8.62899e-38	1.17982e-35	2.70861e-33	5.15021e-31	6.87603e-29	5.23712e-27	4.44311e-25	3.91202e-23	2.23885e-21	6.65873e-20	9.39818e-19	7.6943e-18	4.9935e-17	4.0549e-16	8.63375e-15	2.47852e-13	5.53645e-12	8.59553e-11	8.87519e-10	5.92683e-09	2.53274e-08	7.03529e-08	1.34741e-07	2.01963e-07	2.85671e-07	4.38348e-07	7.28658e-07	1.26765e-06	2.80887e-06	1.20593e-05	7.67418e-05	0.000466473	0.00234221	0.00933301	0.029038	0.0699348	0.129753	0.18506	0.202903	0.171319	0.111756	0.0565739	0.0223464	0.00693519	0.00170542	0.000341966	5.9042e-05	1.44411e-05	4.84504e-06	4.1607e-06	2.36766e-06	2.6397e-06	2.42178e-06	2.49529e-06	2.00818e-06	1.34677e-06	7.03609e-07	3.61451e-07	
N55	3.39522e-26	2.38812e-25	3.07386e-24	5.29068e-23	9.94562e-22	1.80329e-20	2.9689e-19	4.29208e-18	5.36445e-17	5.83756e-16	5.66456e-15	5.0037e-14	4.0217e-13	2.87756e-12	1.77773e-11	9.22876e-11	3.95522e-10	1.39139e-09	4.05035e-09	1.00013e-08	2.19206e-08	4.58351e-08	1.01623e-07	2.69466e-07	9.03712e-07	3.62897e-06	1.57941e-05	6.84596e-05	0.000278542	0.00102358	0.00331623	0.00933244	0.0225941	0.0467476	0.0822571	0.12264	0.154507	0.164173	0.146978	0.110854	0.0704898	0.0378519	0.017207	0.0066438	0.00218864	0.000619571	0.000153164	3.48631e-05	8.7649e-06	3.46854e-06	2.22743e-06	1.72824e-06	1.38519e-06	1.10312e-06	8.3714e-07	5.87325e-07	3.79018e-07	2.61487e-07	
Carex_scirpoidea	0	0	0	0	0	0	0	0	0	0	0	0	0	0	0	0	0	0	0	0	0	0	0	0	0	0	0	0	0	0	1	0	0	0	0	0	0	0	0	0	0	0	0	0	0	0	0	0	0	0	0	0	0	0	0	0	0	0	
Carex_debilis	0	0	0	0	0	0	0	0	0	0	0	0	0	0	0	0	0	0	0	0	0	0	0	0	0	0	1	0	0	0	0	0	0	0	0	0	0	0	0	0	0	0	0	0	0	0	0	0	0	0	0	0	0	0	0	0	0	0	
N56	7.40815e-32	1.64184e-30	7.92783e-29	3.92288e-27	1.66512e-25	5.86213e-24	1.81599e-22	4.83043e-21	9.93707e-20	1.39504e-18	1.25629e-17	8.2934e-17	5.67872e-16	5.21916e-15	5.81847e-14	6.41385e-13	6.17805e-12	4.92372e-11	3.21384e-10	1.74469e-09	7.97493e-09	3.03443e-08	9.39466e-08	2.34699e-07	4.81913e-07	8.55818e-07	1.45948e-06	2.89894e-06	8.16103e-06	3.16369e-05	0.000140602	0.00061892	0.00246434	0.00840283	0.0237735	0.0548401	0.102176	0.153039	0.183937	0.17743	0.137586	0.0859999	0.0434886	0.0178701	0.00599843	0.00165673	0.000381395	7.69542e-05	1.63674e-05	7.03826e-06	5.8776e-06	7.15959e-06	8.1206e-06	8.80259e-06	7.89096e-06	5.95053e-06	3.68384e-06	2.29721e-06	
N57	2.84823e-24	2.72084e-23	6.40811e-22	1.62237e-20	3.5768e-19	6.22225e-18	1.08186e-16	1.82646e-15	2.6433e-14	2.9053e-13	2.01144e-12	8.15037e-12	2.35977e-11	8.70468e-11	6.04587e-10	4.8043e-09	3.30428e-08	1.93758e-07	1.01459e-06	4.86434e-06	2.04253e-05	6.95316e-05	0.000182446	0.000364712	0.000562763	0.00068622	0.000679048	0.000569794	0.000487624	0.000745127	0.0021587	0.00670157	0.0180633	0.04083	0.0769328	0.120619	0.157227	0.170348	0.153445	0.115016	0.0718368	0.0374739	0.0163728	0.00602627	0.00188419	0.000514016	0.000128588	3.36342e-05	1.00862e-05	3.55242e-06	1.23511e-06	4.06774e-07	1.16259e-07	2.98283e-08	6.57048e-09	1.29888e-09	2.25328e-10	4.45606e-11	
Carex_grayi	0	0	0	0	0	0	0	0	0	0	0	0	0	0	0	0	0	0	0	0	0	0	0	0	0	1	0	0	0	0	0	0	0	0	0	0	0	0	0	0	0	0	0	0	0	0	0	0	0	0	0	0	0	0	0	0	0	0	
N58	1.11449e-25	1.25831e-24	3.53911e-23	1.00522e-21	2.42396e-20	4.8872e-19	9.09502e-18	1.50111e-16	1.9283e-15	1.60391e-14	7.69314e-14	2.75527e-13	1.31505e-12	1.16061e-11	1.46149e-10	1.86672e-09	2.04549e-08	1.75527e-07	1.09167e-06	4.61892e-06	1.28899e-05	2.39557e-05	3.09294e-05	2.9391e-05	2.17614e-05	1.32331e-05	7.19887e-06	4.55198e-06	5.61497e-06	1.73498e-05	9.17629e-05	0.000501582	0.00232527	0.00870995	0.0260008	0.0614635	0.114586	0.168071	0.193778	0.175852	0.125901	0.0716544	0.0325879	0.0122863	0.00389311	0.00130744	0.000432273	0.000223523	8.72864e-05	4.66031e-05	1.66754e-05	7.51068e-06	2.48787e-06	9.08846e-07	2.55873e-07	6.89515e-08	1.47e-08	3.52276e-09	
Carex_saxatilis	0	0	0	0	0	0	0	0	0	0	0	0	0	0	0	0	0	0	0	0	0	0	0	0	0	0	0	0	0	0	0	0	0	0	0	0	0	0	1	0	0	0	0	0	0	0	0	0	0	0	0	0	0	0	0	0	0	0	
N59	9.26005e-45	6.71065e-41	4.17277e-37	2.40713e-33	8.12124e-31	3.63562e-31	1.21505e-27	4.1838e-24	8.41519e-21	5.58538e-21	3.03565e-23	9.75158e-26	2.81595e-27	3.74534e-24	1.32225e-20	3.09677e-17	4.46464e-14	3.41379e-11	1.28221e-09	1.77964e-11	1.07585e-13	4.06546e-16	1.07432e-18	2.10106e-21	3.12147e-24	3.56713e-27	5.68013e-30	1.2278e-29	4.46262e-26	2.74734e-22	1.24116e-18	3.96449e-15	8.52876e-12	1.15429e-08	8.85891e-06	0.00322312	0.374466	0.608379	0.013822	0.000100321	3.45479e-07	6.76243e-10	8.36465e-13	7.03663e-16	4.25815e-19	1.9592e-22	7.24502e-26	2.35221e-29	7.27571e-33	2.37369e-36	7.78733e-40	2.49511e-43	6.96654e-47	1.70228e-50	3.43698e-54	5.922e-58	8.39763e-62	1.02926e-65	
Carex_membranacea	0	0	0	0	0	0	0	0	0	0	0	0	0	0	0	0	0	0	0	0	0	0	0	0	0	0	0	0	0	0	0	0	0	0	0	0	0	1	0	0	0	0	0	0	0	0	0	0	0	0	0	0	0	0	0	0	0	0	
Carex_rostrata	0	0	0	0	0	0	0	0	0	0	0	0	0	0	0	0	0	0	0	0	0	0	0	0	0	0	0	0	0	0	0	0	0	0	0	0	1	0	0	0	0	0	0	0	0	0	0	0	0	0	0	0	0	0	0	0	0	0	
N60	4.61562e-30	1.69232e-28	1.27377e-26	8.19625e-25	4.02558e-23	1.60909e-21	5.3066e-20	1.1823e-18	1.47376e-17	1.38703e-16	1.46775e-15	1.28688e-14	8.61669e-14	6.68231e-13	7.47734e-12	8.06997e-11	6.50869e-10	3.67865e-09	1.44622e-08	4.14833e-08	1.04481e-07	3.13442e-07	1.1189e-06	3.69652e-06	9.98486e-06	2.15831e-05	3.77417e-05	5.5474e-05	8.0499e-05	0.000178453	0.000662092	0.00262396	0.0089258	0.024869	0.0562147	0.102809	0.151956	0.181461	0.175133	0.136739	0.0865056	0.0444423	0.0185947	0.0063617	0.00178957	0.000419084	8.40005e-05	1.57693e-05	3.27548e-06	8.90862e-07	2.75756e-07	8.47449e-08	2.27909e-08	5.40656e-09	1.08625e-09	1.90515e-10	2.8751e-11	4.73009e-12	
N61	1.89467e-26	1.48065e-25	2.63749e-24	5.8052e-23	1.27837e-21	2.6531e-20	5.0214e-19	8.46864e-18	1.29381e-16	1.86366e-15	2.53439e-14	3.08969e-13	3.15523e-12	2.5512e-11	1.57439e-10	7.31641e-10	2.60167e-09	7.47019e-09	1.89645e-08	4.69381e-08	1.21258e-07	3.39377e-07	1.01756e-06	3.05364e-06	8.72424e-06	2.48084e-05	7.95684e-05	0.000297826	0.00114484	0.00398417	0.0118395	0.0294266	0.0607421	0.103853	0.146905	0.171844	0.166233	0.133032	0.0881456	0.0484156	0.0220824	0.00838201	0.00265556	0.00070502	0.000157802	3.00967e-05	4.99556e-06	7.53217e-07	1.11073e-07	1.73619e-08	2.92631e-09	5.03779e-10	8.48867e-11	1.48227e-11	3.15203e-12	8.54485e-13	2.47809e-13	8.06191e-14	
Carex_rariflora	0	0	0	0	0	0	0	0	0	0	0	0	0	0	0	0	0	0	0	0	0	0	0	0	0	1	0	0	0	0	0	0	0	0	0	0	0	0	0	0	0	0	0	0	0	0	0	0	0	0	0	0	0	0	0	0	0	0	
Carex_magellanica	0	0	0	0	0	0	0	0	0	0	0	0	0	0	0	0	0	0	0	0	0	0	0	0	0	0	0	0	1	0	0	0	0	0	0	0	0	0	0	0	0	0	0	0	0	0	0	0	0	0	0	0	0	0	0	0	0	0	
N62	1.98123e-27	2.60145e-26	8.03657e-25	2.49892e-23	6.51981e-22	1.34707e-20	2.7007e-19	4.96477e-18	7.19788e-17	7.33441e-16	4.81947e-15	2.22354e-14	9.50492e-14	6.15443e-13	7.91406e-12	1.19418e-10	1.51896e-09	1.47438e-08	1.03084e-07	4.92343e-07	1.54819e-06	3.20517e-06	4.57085e-06	4.92561e-06	4.70337e-06	4.92011e-06	6.07943e-06	7.75479e-06	9.34538e-06	1.43377e-05	5.40746e-05	0.00030742	0.00155305	0.00631985	0.0203917	0.0518507	0.103436	0.161334	0.196318	0.186237	0.137856	0.0798568	0.0363557	0.0131181	0.00378113	0.000905651	0.000187584	4.68596e-05	1.46852e-05	7.57328e-06	3.32604e-06	1.54953e-06	5.62281e-07	1.88262e-07	4.99843e-08	1.16525e-08	2.21647e-09	4.58832e-10	
Carex_shimidzensis	0	0	0	0	0	0	0	0	0	0	0	0	0	0	0	0	0	0	0	0	0	0	0	0	0	0	0	0	0	0	0	0	0	1	0	0	0	0	0	0	0	0	0	0	0	0	0	0	0	0	0	0	0	0	0	0	0	0	
N63	1.61445e-38	9.63143e-36	6.52447e-33	3.36272e-30	9.29341e-28	1.43051e-27	1.98254e-25	7.05738e-23	1.59641e-20	1.0858e-18	1.43769e-18	2.1657e-19	2.06009e-20	5.07013e-20	6.12043e-18	9.72257e-16	1.27465e-13	1.09957e-11	4.4293e-10	5.34379e-09	1.41949e-08	9.71291e-09	2.47309e-09	3.35119e-10	3.27075e-11	2.81063e-12	2.32537e-13	2.6551e-14	1.75072e-14	5.75018e-13	5.02452e-11	3.47736e-09	1.69541e-07	5.59789e-06	0.000121029	0.00165401	0.0137713	0.067388	0.188024	0.294	0.25817	0.130015	0.0388061	0.00713503	0.000839996	6.62795e-05	3.67636e-06	1.67604e-07	7.7051e-09	5.45433e-10	3.92623e-11	2.79285e-12	1.48202e-13	6.54358e-15	2.164e-16	5.78856e-18	1.18412e-19	2.17554e-21	
N64	6.57843e-42	2.06864e-39	8.08916e-37	2.35723e-34	3.80162e-32	2.89522e-31	4.11402e-29	8.80013e-27	1.63827e-24	1.1191e-22	3.08787e-22	2.42839e-22	1.30144e-22	1.60426e-21	2.30454e-19	3.6218e-17	3.79119e-15	2.22821e-13	5.32364e-12	2.61865e-11	2.43829e-11	6.48825e-12	6.95176e-13	3.91607e-14	1.68395e-15	1.51838e-16	2.89203e-17	1.39905e-17	2.30971e-16	5.27494e-15	3.11092e-13	4.44497e-11	5.18586e-09	3.99478e-07	1.91005e-05	0.000532498	0.00803645	0.060439	0.211278	0.339138	0.258881	0.0990595	0.0201437	0.00230769	0.000157317	6.70665e-06	1.86991e-07	3.55587e-09	4.81778e-11	4.95215e-13	5.15515e-15	2.4586e-16	3.29982e-17	3.754e-18	3.20059e-19	2.01052e-20	9.17756e-22	3.36154e-23	
Carex_nigra	0	0	0	0	0	0	0	0	0	0	0	0	0	0	0	0	0	0	0	0	0	0	0	0	0	0	0	0	0	0	0	0	0	0	0	0	0	0	0	0	1	0	0	0	0	0	0	0	0	0	0	0	0	0	0	0	0	0	
N65	3.78379e-48	3.31587e-45	3.23688e-42	2.34117e-39	8.60573e-37	1.42376e-35	5.05109e-33	1.82941e-30	4.07835e-28	1.71128e-26	2.38565e-26	1.65152e-26	2.38229e-26	2.6935e-24	9.48312e-22	2.21821e-19	3.05577e-17	2.06495e-15	4.15067e-14	9.50372e-14	3.61288e-14	4.21948e-15	2.15179e-16	6.00793e-18	1.2926e-19	4.61381e-21	4.04757e-22	8.57594e-22	2.43102e-19	1.43156e-16	6.44036e-14	1.96912e-11	3.88725e-09	4.68059e-07	3.2039e-05	0.00114131	0.0189624	0.129808	0.334741	0.337822	0.145365	0.0290517	0.00291412	0.00015737	4.87269e-06	9.14719e-08	1.09324e-09	8.68111e-12	4.75449e-14	1.85819e-16	5.43953e-19	1.95877e-21	8.77476e-23	9.26455e-24	7.87091e-25	4.90005e-26	2.14683e-27	6.90467e-29	
Carex_aquatilis_var_minor	0	0	0	0	0	0	0	0	0	0	0	0	0	0	0	0	0	0	0	0	0	0	0	0	0	0	0	0	0	0	0	0	0	0	0	0	0	1	0	0	0	0	0	0	0	0	0	0	0	0	0	0	0	0	0	0	0	0	
N66	7.81728e-52	6.64729e-49	6.41118e-46	4.64554e-43	1.53345e-40	1.29626e-38	7.51838e-36	3.85658e-33	1.15231e-30	4.15023e-29	8.24017e-29	7.59678e-29	2.86802e-28	6.37848e-26	1.97811e-23	3.85594e-21	4.20763e-19	2.10597e-17	2.72893e-16	3.28552e-16	7.63581e-17	6.07757e-18	2.24141e-19	5.10864e-21	5.04326e-22	2.33613e-22	9.90911e-23	5.49521e-22	2.20712e-19	1.65159e-16	8.98967e-14	3.27058e-11	7.53991e-09	1.03139e-06	7.69327e-05	0.00280218	0.0431564	0.23637	0.406513	0.245291	0.0590912	0.00635257	0.000335559	9.47442e-06	1.53806e-07	1.52776e-09	9.78645e-12	4.22592e-14	1.27698e-16	2.78882e-19	4.90362e-22	8.49129e-24	1.24267e-24	1.47383e-25	1.30561e-26	8.43114e-28	3.82722e-29	1.25608e-30	
Carex_aquatilis_var_aquatilis	0	0	0	0	0	0	0	0	0	0	0	0	0	0	0	0	0	0	0	0	0	0	0	0	0	0	0	0	0	0	0	0	0	0	0	0	0	1	0	0	0	0	0	0	0	0	0	0	0	0	0	0	0	0	0	0	0	0	
N67	1.41219e-59	1.49453e-55	1.27294e-51	9.24498e-48	2.75199e-44	7.27147e-44	9.20085e-41	3.36595e-37	5.94824e-34	2.11257e-32	2.29226e-33	1.88014e-34	1.11553e-34	4.04653e-32	6.01307e-29	5.95101e-26	3.35258e-23	7.04334e-21	1.44688e-19	3.24716e-20	7.9295e-22	3.04266e-23	3.43492e-24	3.81762e-25	3.62601e-26	2.99613e-27	1.55317e-27	3.38286e-26	1.52031e-22	5.51764e-19	1.31174e-15	1.92552e-12	1.61535e-09	6.96784e-07	0.000132699	0.00882918	0.143306	0.515647	0.290576	0.0397008	0.00177515	3.16914e-05	2.61459e-07	1.11584e-09	2.6917e-12	3.93808e-15	3.69853e-18	2.33542e-21	1.03079e-24	3.48024e-28	5.53844e-31	8.45505e-33	1.12658e-34	1.12662e-36	8.35098e-39	4.50842e-41	1.72781e-43	4.72469e-46	
Carex_paleacea	0	0	0	0	0	0	0	0	0	0	0	0	0	0	0	0	0	0	0	0	0	0	0	0	0	0	0	0	0	0	0	0	0	0	0	1	0	0	0	0	0	0	0	0	0	0	0	0	0	0	0	0	0	0	0	0	0	0	
N68	2.93964e-58	3.91996e-57	1.02931e-54	2.48094e-51	2.65608e-48	4.58572e-46	6.40074e-43	5.59061e-40	1.74153e-37	2.67881e-36	2.01694e-36	2.41426e-36	1.66278e-35	1.28581e-32	1.40709e-29	8.37766e-27	2.2679e-24	2.01635e-22	2.13807e-21	6.60694e-22	3.76415e-23	2.879e-24	4.35537e-25	5.69414e-26	2.3077e-26	2.52121e-26	2.27041e-26	4.23119e-26	4.41952e-23	1.75033e-19	4.68584e-16	7.80553e-13	7.48776e-10	3.72317e-07	8.25492e-05	0.00650925	0.130679	0.534147	0.291191	0.0359716	0.00139758	2.12265e-05	1.47672e-07	5.30612e-10	1.08033e-12	1.34021e-15	1.07336e-18	5.81555e-22	2.21513e-25	6.14705e-29	1.52135e-31	9.04005e-32	4.48452e-32	1.67729e-32	4.64043e-33	9.20051e-34	1.23887e-34	1.09287e-35	
Carex_aquatilis	0	0	0	0	0	0	0	0	0	0	0	0	0	0	0	0	0	0	0	0	0	0	0	0	0	0	0	0	0	0	0	0	0	0	0	0	0	1	0	0	0	0	0	0	0	0	0	0	0	0	0	0	0	0	0	0	0	0	
Carex_recta	0	0	0	0	0	0	0	0	0	0	0	0	0	0	0	0	0	0	0	0	0	0	0	0	0	0	0	0	0	0	0	0	0	0	0	0	0	1	0	0	0	0	0	0	0	0	0	0	0	0	0	0	0	0	0	0	0	0	
N69	2.20208e-38	2.32215e-36	4.42951e-34	7.33889e-32	8.932e-30	7.78953e-28	5.84877e-26	3.09623e-24	8.62819e-23	7.88732e-22	1.63903e-21	2.28805e-21	2.07156e-20	8.4065e-19	5.8517e-17	3.64014e-15	1.56689e-13	4.02643e-12	5.20786e-11	2.85661e-10	6.00642e-10	5.08454e-10	2.06878e-10	4.85516e-11	7.46761e-12	8.2914e-13	8.8825e-14	3.10127e-14	1.567e-13	2.85147e-12	1.37225e-10	7.86265e-09	3.36248e-07	9.82536e-06	0.000188855	0.00230605	0.0172804	0.0769678	0.198649	0.292909	0.247119	0.121415	0.0357716	0.00654672	0.000772094	6.09492e-05	3.34937e-06	1.36293e-07	4.57187e-09	1.60562e-10	6.68225e-12	3.0364e-13	1.60797e-14	6.34471e-15	5.93096e-15	4.28183e-15	2.17305e-15	8.67036e-16	
Carex_kiotensis	0	0	0	0	0	0	0	0	0	0	0	0	0	0	0	0	0	0	0	0	0	0	0	0	0	0	0	0	0	0	0	0	0	0	0	0	1	0	0	0	0	0	0	0	0	0	0	0	0	0	0	0	0	0	0	0	0	0	
Carex_heterolepis	0	0	0	0	0	0	0	0	0	0	0	0	0	0	0	0	0	0	0	0	0	0	0	0	0	0	0	0	0	0	0	0	0	0	0	0	0	0	0	1	0	0	0	0	0	0	0	0	0	0	0	0	0	0	0	0	0	0	
