NODE	1	2	3	4	5	6	7	8	9	10	11	12	13	14	15	16	17	18	19	20	21	22	23	24	25	26	27	28	29	30	31	32	33	34	35	36	37	38	39	40	41	42	43	44	45	46	47	48	49	50	51	52	53	54	55	56	57	58	59	60	61	62	63	64	65	66	67	68	69	70	
N1	0.145535	0.175318	0.202499	0.194123	0.14557	0.0837874	0.0368933	0.0124062	0.00316523	0.00060612	8.61239e-005	8.99393e-006	6.85624e-007	3.79827e-008	1.5209e-009	4.46242e-011	9.64128e-013	3.43e-017	3.75726e-018	3.5879e-019	2.98994e-020	2.1853e-021	1.40751e-022	8.02408e-024	4.06507e-025	1.83663e-026	7.42409e-028	2.69271e-029	8.78746e-031	2.59148e-032	6.90718e-034	1.66775e-035	3.65619e-037	7.2942e-039	1.32724e-040	2.20758e-042	3.36383e-044	4.70602e-046	6.05794e-048	7.19975e-050	7.90519e-052	8.03505e-054	7.57533e-056	6.63713e-058	5.41411e-060	4.11926e-062	2.92824e-064	1.9481e-066	1.21489e-068	7.11952e-071	3.9226e-073	2.03484e-075	9.9522e-078	4.59539e-080	2.00584e-082	8.2866e-085	3.24401e-087	1.20478e-089	4.24954e-092	1.42609e-094	4.55459e-097	1.38573e-099	4.02023e-102	1.11319e-104	2.94457e-107	7.44704e-110	1.80226e-112	4.17727e-115	9.29222e-118	2.29213e-120	
N2	0.0352937	0.0580819	0.0898317	0.125953	0.146535	0.151298	0.129926	0.102887	0.0676542	0.0439394	0.0236505	0.013824	0.00620657	0.00315518	0.00111943	0.000463903	0.000125957	4.19261e-005	9.39117e-006	2.92949e-006	6.65261e-007	1.89049e-007	3.76787e-008	8.15954e-009	1.20458e-009	1.81246e-010	1.95108e-011	2.26246e-012	1.91299e-013	2.05789e-014	2.06384e-015	2.06928e-016	1.51346e-017	1.01544e-018	5.29755e-020	2.5288e-021	9.4308e-023	3.38386e-024	1.08113e-025	4.23672e-027	1.77572e-028	6.81428e-030	2.08826e-031	5.69423e-033	1.25446e-034	2.50382e-036	4.15019e-038	6.68374e-040	9.71999e-042	1.72596e-043	3.43433e-045	6.30276e-047	9.45068e-049	1.26575e-050	1.42458e-052	1.44343e-054	1.23886e-056	9.78327e-059	6.69718e-061	4.57853e-063	2.81346e-065	1.99368e-067	1.23625e-069	9.52097e-072	5.62537e-074	4.43809e-076	3.19225e-078	3.81153e-080	5.11471e-082	9.95254e-084	
N3	0.000150155	0.00025086	0.000464604	0.00107096	0.00240773	0.00519437	0.0115472	0.0226115	0.0344427	0.0439711	0.0424126	0.0352363	0.0353582	0.058481	0.0974534	0.144593	0.156684	0.14209	0.0906394	0.0491962	0.018314	0.00585573	0.00128561	0.000250107	3.37772e-005	4.17437e-006	3.68116e-007	3.07436e-008	1.86741e-009	1.11339e-010	5.01705e-012	2.25289e-013	7.69089e-015	2.63845e-016	7.07579e-018	1.9186e-019	4.08432e-021	8.81233e-023	1.53618e-024	2.76911e-026	4.09362e-028	6.2095e-030	7.82294e-032	1.01036e-033	1.08148e-035	1.17785e-037	1.08319e-039	1.01543e-041	8.04736e-044	6.58652e-046	4.72607e-048	3.47905e-050	2.20789e-052	1.42698e-054	8.06774e-057	4.61366e-059	2.28767e-061	1.13903e-063	4.96777e-066	2.19088e-068	8.38298e-071	3.27187e-073	1.12828e-075	4.14327e-078	1.4052e-080	5.64794e-083	2.46416e-085	1.32415e-087	7.5239e-090	5.19146e-092	
Dulichium_arundinaceum	0	0	0	0	0	0	0	0	0	0	0	0	0	0	0	1	0	0	0	0	0	0	0	0	0	0	0	0	0	0	0	0	0	0	0	0	0	0	0	0	0	0	0	0	0	0	0	0	0	0	0	0	0	0	0	0	0	0	0	0	0	0	0	0	0	0	0	0	0	0	
N4	4.59005e-006	5.14297e-006	6.60333e-006	1.37046e-005	3.41352e-005	7.58635e-005	0.000291191	0.00145186	0.00522254	0.00999835	0.00780965	0.00296957	0.00120122	0.00119381	0.0030891	0.0141876	0.0541035	0.144768	0.240539	0.262244	0.160369	0.0695248	0.0167524	0.00365381	0.000432843	5.42622e-005	3.53741e-006	2.62e-007	1.01307e-008	4.71177e-010	1.18813e-011	3.71898e-013	6.48337e-015	1.41737e-016	1.79248e-018	2.86187e-020	2.69139e-022	3.22369e-024	2.39422e-026	2.34929e-028	1.49038e-030	1.22911e-032	7.17242e-035	5.10472e-037	2.56358e-039	1.45496e-041	6.28782e-044	3.10428e-046	1.13718e-048	4.9279e-051	1.76297e-053	7.48654e-056	2.3896e-058	8.44768e-061	2.3818e-063	7.33056e-066	1.68677e-068	4.28827e-071	8.95897e-074	2.22711e-076	4.3074e-079	9.7444e-082	1.81878e-084	3.77668e-087	5.89058e-090	9.99454e-093	1.4617e-095	3.03727e-098	8.02828e-101	3.34011e-103	
Blysmus_compressus	0	0	0	0	0	0	0	0	0	0	0	0	0	0	0	0	0	0	0	0	0	1	0	0	0	0	0	0	0	0	0	0	0	0	0	0	0	0	0	0	0	0	0	0	0	0	0	0	0	0	0	0	0	0	0	0	0	0	0	0	0	0	0	0	0	0	0	0	0	0	
Blysmus_rufus	0	0	0	0	0	0	0	0	0	0	0	0	0	0	0	0	0	0	0	1	0	0	0	0	0	0	0	0	0	0	0	0	0	0	0	0	0	0	0	0	0	0	0	0	0	0	0	0	0	0	0	0	0	0	0	0	0	0	0	0	0	0	0	0	0	0	0	0	0	0	
N5	0.0205735	0.035989	0.0613004	0.0960026	0.126679	0.145037	0.139533	0.124306	0.0975716	0.0714503	0.04281	0.0232797	0.00976238	0.00389902	0.00121585	0.000416972	0.000118502	4.01955e-005	1.03585e-005	3.22339e-006	6.85109e-007	1.82155e-007	3.12988e-008	7.02169e-009	9.43052e-010	1.63924e-010	1.69027e-011	2.29984e-012	1.72793e-013	1.79702e-014	1.16999e-015	1.02497e-016	5.20811e-018	3.27125e-019	1.33162e-020	6.25624e-022	1.86396e-023	6.14215e-025	1.4063e-026	3.92867e-028	8.58411e-030	2.12585e-031	4.04623e-033	8.22942e-035	1.25446e-036	1.91199e-038	2.29241e-040	2.74774e-042	2.55067e-044	2.61127e-046	2.65286e-048	2.8231e-050	2.47006e-052	2.17978e-054	1.63087e-056	1.17682e-058	6.94425e-061	3.89778e-063	1.84644e-065	8.68114e-068	3.39364e-070	1.39412e-072	4.86674e-075	1.94074e-077	5.86553e-080	2.12275e-082	6.26463e-085	3.14542e-087	2.14319e-089	2.53402e-091	
N6	0.00350273	0.00695891	0.014232	0.0275487	0.0464153	0.0700154	0.0886842	0.103001	0.109252	0.116968	0.112357	0.103431	0.0766262	0.0552431	0.0306969	0.0185153	0.00835432	0.00455348	0.00184868	0.00101598	0.000412669	0.000223918	8.48115e-005	4.01603e-005	1.24392e-005	4.50067e-006	1.08089e-006	2.97368e-007	5.32993e-008	1.12175e-008	1.75248e-009	3.16692e-010	4.00744e-011	5.52282e-012	5.72872e-013	6.18645e-014	4.88084e-015	3.90861e-016	2.45136e-017	1.68546e-018	9.75482e-020	5.98323e-021	3.03148e-022	1.58286e-023	6.645e-025	2.76028e-026	9.46809e-028	3.20903e-029	8.95148e-031	2.639e-032	7.41921e-034	2.15857e-035	5.41015e-037	1.36216e-038	2.99156e-040	6.38191e-042	1.15952e-043	2.0109e-045	3.00396e-047	4.35836e-049	5.38596e-051	6.69398e-053	7.1449e-055	8.39679e-057	8.18287e-059	1.0075e-060	1.23298e-062	2.56674e-064	6.44116e-066	2.49349e-067	
N7	0.000217074	0.000252018	0.000330927	0.000663556	0.0016794	0.00491208	0.0127775	0.020999	0.0250692	0.0256828	0.0270183	0.0411942	0.0821309	0.162038	0.1959	0.144303	0.0701882	0.0396591	0.0244984	0.0175543	0.0107533	0.0113588	0.0137282	0.0193559	0.017675	0.0156298	0.00843218	0.00429673	0.00128109	0.000353907	5.76788e-005	8.78289e-006	8.07704e-007	7.23895e-008	4.24704e-009	2.53006e-010	1.01391e-011	4.15771e-013	1.22085e-014	3.75486e-016	8.42165e-018	1.96111e-019	3.48451e-021	6.54114e-023	9.36444e-025	1.40786e-026	1.68771e-028	2.11366e-030	2.07622e-032	2.13049e-034	1.82079e-036	1.61866e-038	1.16873e-040	8.81273e-043	5.63843e-045	3.76846e-047	2.09854e-049	1.19544e-051	5.78597e-054	2.84761e-056	1.16293e-058	4.8092e-061	1.67811e-063	6.12419e-066	1.86419e-068	6.48721e-071	2.29143e-073	1.19114e-075	7.33953e-078	6.03128e-080	
Scirpus_pendulus	0	0	0	0	0	0	0	0	0	0	0	0	0	0	0	0	0	0	0	1	0	0	0	0	0	0	0	0	0	0	0	0	0	0	0	0	0	0	0	0	0	0	0	0	0	0	0	0	0	0	0	0	0	0	0	0	0	0	0	0	0	0	0	0	0	0	0	0	0	0	
N8	4.54903e-007	3.38011e-007	1.76621e-007	9.10662e-008	3.85247e-007	5.74272e-007	4.75221e-006	2.069e-005	6.62377e-005	0.000177877	0.000271998	0.000198336	0.000373154	0.00342954	0.0108876	0.002105	0.000120671	3.19979e-005	6.66418e-005	0.000116061	0.000152251	0.000109692	3.64812e-005	2.79781e-005	0.000331023	0.00396627	0.0260899	0.138755	0.287236	0.382044	0.121062	0.021211	0.00105982	4.56124e-005	7.76209e-007	1.40059e-008	1.1428e-010	1.06621e-012	4.93462e-015	2.73556e-017	7.81173e-020	2.78132e-022	5.40496e-025	1.39382e-027	2.0488e-030	3.99604e-033	4.85384e-036	7.32952e-039	7.1537e-042	7.93849e-045	6.15553e-048	5.41567e-051	3.49595e-054	2.71294e-057	1.75203e-060	1.31494e-063	7.64019e-067	4.60608e-070	2.21177e-073	1.06861e-076	3.89381e-080	1.48302e-083	4.70691e-087	1.77987e-090	5.28918e-094	1.87842e-097	5.94268e-101	2.56253e-104	1.27917e-107	8.83847e-111	
N9	1.16694e-009	6.11354e-010	1.36194e-010	4.37605e-011	6.83282e-011	2.10897e-010	3.99247e-009	4.27805e-008	1.20306e-007	4.27904e-007	6.33399e-007	4.82915e-007	2.66486e-006	6.29281e-005	0.000365001	6.19594e-005	1.22302e-006	1.53269e-007	1.36162e-007	2.9449e-007	3.58806e-007	1.67709e-007	4.44296e-008	1.25796e-007	2.16439e-006	0.000117866	0.00344987	0.0530875	0.266616	0.471285	0.182582	0.0217346	0.000618351	9.68943e-006	5.61915e-008	4.79664e-010	1.27533e-012	7.26951e-015	9.33494e-018	3.67739e-020	3.17212e-023	1.27469e-025	9.31388e-029	2.38055e-031	8.91187e-035	1.65054e-037	3.33491e-041	5.66168e-044	6.51888e-048	9.33822e-051	7.88598e-055	9.4439e-058	6.78566e-062	4.98082e-065	3.14787e-069	1.71193e-072	7.74916e-077	2.86017e-080	1.05599e-084	3.48729e-088	1.12498e-092	2.65862e-096	1.58094e-100	2.40854e-104	1.47171e-108	1.24155e-112	6.67402e-117	4.56066e-121	3.69264e-125	1.57103e-128	
N10	8.76524e-012	5.61774e-012	1.19717e-012	3.08173e-013	2.47039e-013	1.12503e-012	1.1843e-011	1.87213e-010	3.59518e-010	2.02165e-009	7.46924e-009	2.22135e-008	8.73967e-008	1.44963e-006	1.59443e-005	1.47628e-005	5.44865e-007	7.38643e-009	8.60007e-010	1.58066e-009	2.90443e-009	2.71728e-009	2.72043e-009	2.73484e-009	1.82764e-008	1.8038e-006	0.000137453	0.00500037	0.0700253	0.335404	0.442173	0.137234	0.00976269	0.000225932	2.31778e-006	2.87317e-008	1.28684e-009	4.50507e-011	7.3282e-013	5.67798e-015	2.07436e-017	4.1795e-020	5.53927e-023	1.24401e-025	7.09632e-028	5.78414e-030	4.1242e-032	1.98434e-034	5.07163e-037	8.48447e-040	7.36275e-043	1.74951e-045	1.49169e-048	7.45802e-051	4.84574e-054	1.74119e-056	7.44173e-060	1.67828e-062	5.17209e-066	6.62104e-069	1.26633e-072	9.49533e-076	1.21507e-079	6.94246e-083	7.52971e-087	4.41587e-090	2.10183e-093	1.80388e-096	1.217e-099	1.33545e-102	
N11	7.9957e-014	5.20048e-014	8.5501e-015	1.24145e-015	7.89035e-016	4.03531e-015	4.81812e-014	8.57004e-013	1.48295e-012	1.48853e-011	1.42236e-010	6.28077e-010	2.31904e-009	4.95887e-008	8.4757e-007	1.34152e-006	5.77613e-008	7.08262e-010	3.52755e-011	2.20424e-011	3.26467e-011	5.11361e-011	6.02192e-011	5.20565e-011	3.28729e-010	5.2292e-008	7.97568e-006	0.000601953	0.018631	0.193981	0.517215	0.248751	0.0203373	0.000468066	4.17111e-006	1.8185e-008	8.3042e-011	1.91312e-012	4.17403e-014	4.50126e-016	2.26615e-018	5.67312e-021	7.72333e-024	6.42745e-027	4.90276e-030	1.77647e-032	1.57588e-034	1.0147e-036	3.82677e-039	8.07962e-042	8.90927e-045	6.56382e-048	3.04895e-051	7.66194e-054	4.64465e-057	2.0675e-059	8.74011e-063	2.70392e-065	8.11229e-069	1.51084e-071	2.87613e-075	3.12689e-078	3.74571e-082	2.78395e-085	2.40954e-089	1.23452e-092	1.04385e-096	6.3789e-100	3.72138e-103	4.47457e-106	
Scirpus_expansus	0	0	0	0	0	0	0	0	0	0	0	0	0	0	0	0	0	0	0	0	0	0	0	0	0	0	0	0	0	0	0	1	0	0	0	0	0	0	0	0	0	0	0	0	0	0	0	0	0	0	0	0	0	0	0	0	0	0	0	0	0	0	0	0	0	0	0	0	0	0	
N12	4.71727e-016	2.63475e-016	2.02687e-017	1.06071e-018	6.66107e-019	3.73681e-018	4.88274e-017	1.56889e-015	4.66889e-015	1.40247e-013	3.17092e-012	1.1935e-011	2.53465e-011	6.92817e-010	2.22963e-008	4.64735e-008	1.34489e-009	1.54557e-011	1.26219e-012	1.12493e-012	1.06896e-012	1.59883e-012	1.7203e-012	1.05858e-012	5.52415e-012	8.05953e-010	2.60835e-007	4.52246e-005	0.00344898	0.0913453	0.563115	0.323724	0.0180594	0.00026034	1.43446e-006	3.75991e-009	5.65191e-012	1.38841e-014	1.65775e-016	1.49103e-018	6.61082e-021	1.39469e-023	1.48239e-026	8.96741e-030	3.45019e-033	1.35359e-036	3.69707e-039	1.78848e-041	5.75308e-044	1.10332e-046	1.1511e-049	6.4124e-053	1.96915e-056	6.71061e-060	2.09133e-063	4.78789e-066	1.82841e-069	3.61583e-072	1.01851e-075	1.3081e-078	2.39156e-082	1.8017e-085	1.90395e-089	9.42132e-093	6.73568e-097	2.13613e-100	1.12457e-104	2.89174e-108	5.38557e-112	4.53109e-115	
Scirpus_sylvaticus	0	0	0	0	0	0	0	0	0	0	0	0	0	0	0	0	0	0	0	0	0	0	0	0	0	0	0	0	0	0	1	0	0	0	0	0	0	0	0	0	0	0	0	0	0	0	0	0	0	0	0	0	0	0	0	0	0	0	0	0	0	0	0	0	0	0	0	0	0	0	
Scirpus_microcarpus	0	0	0	0	0	0	0	0	0	0	0	0	0	0	0	0	0	0	0	0	0	0	0	0	0	0	0	0	0	0	0	1	0	0	0	0	0	0	0	0	0	0	0	0	0	0	0	0	0	0	0	0	0	0	0	0	0	0	0	0	0	0	0	0	0	0	0	0	0	0	
Scirpus_maximowiczii	0	0	0	0	0	0	0	0	0	0	0	0	0	0	0	0	0	0	0	0	0	0	0	0	0	0	0	0	0	0	0	1	0	0	0	0	0	0	0	0	0	0	0	0	0	0	0	0	0	0	0	0	0	0	0	0	0	0	0	0	0	0	0	0	0	0	0	0	0	0	
N13	8.89786e-012	3.64656e-012	9.31967e-013	5.84324e-013	5.68168e-013	3.52523e-012	7.54872e-011	6.71796e-010	1.79206e-009	5.61203e-009	9.37489e-009	3.51271e-008	4.33273e-007	9.9098e-006	4.05286e-005	8.22075e-006	2.91213e-007	1.73826e-008	3.27439e-009	3.70469e-009	3.48656e-009	2.32111e-009	4.33069e-009	1.42334e-008	5.09492e-007	4.59435e-005	0.00220539	0.0446043	0.276651	0.478552	0.179154	0.0182186	0.000504494	5.30697e-006	2.4528e-008	7.18891e-011	2.95716e-013	6.11521e-015	9.58936e-017	8.61519e-019	3.30184e-021	6.74747e-024	6.38347e-027	1.1004e-029	2.02512e-032	5.75473e-035	1.10391e-037	4.76563e-040	1.25732e-042	2.26995e-045	1.89691e-048	1.35572e-051	3.92002e-055	1.48563e-057	4.12923e-061	2.27857e-063	3.83207e-067	1.59857e-069	2.28595e-073	5.84821e-076	5.20923e-080	7.43638e-083	3.91628e-087	4.28931e-090	1.75502e-094	1.03261e-097	5.47936e-102	3.37266e-105	1.42275e-108	1.55534e-111	
N14	5.72941e-014	3.86845e-014	1.66842e-014	2.05837e-014	5.44996e-014	1.78229e-013	1.39686e-012	1.00993e-011	2.15187e-011	1.14079e-010	8.19063e-010	8.38216e-009	1.04452e-007	8.24786e-007	3.6168e-006	2.3482e-006	2.43973e-007	1.15779e-008	8.73265e-010	1.61331e-010	1.38058e-010	4.98305e-010	3.09357e-009	4.66634e-008	5.36466e-007	7.10736e-006	0.000279878	0.00806855	0.0961622	0.376097	0.383124	0.122488	0.0132882	0.00047072	7.11027e-006	6.58526e-008	1.54603e-009	7.42896e-011	2.06182e-012	2.80521e-014	1.88982e-016	7.03088e-019	1.59976e-021	2.65781e-024	9.02751e-027	1.27527e-028	1.69309e-030	1.48942e-032	7.61292e-035	2.29166e-037	3.79439e-040	7.40199e-043	1.05374e-045	6.75396e-048	1.01585e-050	5.40801e-053	5.66839e-056	1.98232e-058	1.42885e-061	2.941e-064	1.33205e-067	1.62613e-070	4.85269e-074	4.37455e-077	9.46898e-081	7.55596e-084	3.06422e-087	4.62641e-090	6.46654e-093	1.26894e-095	
Scirpus_polystachyus	0	0	0	0	0	0	0	0	0	0	0	0	0	0	0	0	0	0	0	0	0	0	0	0	0	0	0	0	0	1	0	0	0	0	0	0	0	0	0	0	0	0	0	0	0	0	0	0	0	0	0	0	0	0	0	0	0	0	0	0	0	0	0	0	0	0	0	0	0	0	
Scirpus_cyperinus	0	0	0	0	0	0	0	0	0	0	0	0	0	0	0	0	0	0	0	0	0	0	0	0	0	0	0	0	0	0	0	0	1	0	0	0	0	0	0	0	0	0	0	0	0	0	0	0	0	0	0	0	0	0	0	0	0	0	0	0	0	0	0	0	0	0	0	0	0	0	
N15	1.15252e-014	2.16347e-015	4.21859e-016	6.41552e-016	1.85325e-015	3.06345e-014	9.68322e-013	8.13771e-012	4.00148e-011	7.03292e-011	8.61652e-011	8.72446e-010	4.10903e-008	8.86421e-007	1.73761e-006	1.6904e-007	9.67231e-009	3.18068e-009	1.10036e-009	1.29808e-010	1.38883e-011	4.67969e-012	5.9734e-011	1.0699e-008	1.64357e-006	0.000140799	0.00572616	0.0912657	0.428008	0.395575	0.0751418	0.00405722	8.03485e-005	7.14273e-007	3.29641e-009	8.85414e-012	1.85005e-014	1.47948e-016	2.54e-018	2.59917e-020	1.31021e-022	3.39156e-025	4.90285e-028	4.40923e-031	3.04571e-034	4.80595e-037	3.32492e-039	2.28359e-041	1.01642e-043	2.69432e-046	3.79617e-049	3.17197e-052	1.64029e-055	2.12445e-058	1.64684e-061	6.76119e-064	4.50785e-067	1.36198e-069	6.6588e-073	1.29221e-075	3.95588e-079	4.43632e-082	8.4478e-086	6.31225e-089	8.4557e-093	4.38688e-096	4.7046e-100	2.59907e-103	1.53302e-106	2.27316e-109	
N16	4.06008e-018	3.20826e-019	3.99507e-020	2.38504e-019	3.12324e-018	3.91607e-017	2.33925e-015	3.58391e-014	4.55904e-013	1.5846e-012	1.41354e-012	8.86141e-012	6.03805e-010	2.12734e-008	5.05818e-008	2.17513e-009	8.004e-011	2.64106e-011	2.60893e-011	5.66804e-012	9.10105e-013	5.06668e-013	2.7953e-012	4.08578e-010	1.29055e-007	2.29012e-005	0.0019076	0.0600537	0.488553	0.412653	0.0359959	0.000807088	6.79925e-006	2.67415e-008	5.66895e-011	7.76872e-014	2.04725e-016	1.82745e-018	1.16639e-020	3.81693e-023	6.41764e-026	6.06532e-029	3.52934e-032	1.40672e-035	7.76754e-039	2.46503e-041	9.35845e-044	2.39567e-046	3.64086e-049	3.19336e-052	1.54568e-055	7.14057e-059	2.4288e-062	4.10409e-065	1.66471e-068	2.79206e-071	8.13044e-075	9.1963e-078	1.84669e-081	1.2381e-084	1.58687e-088	6.3937e-092	5.45092e-096	1.57824e-099	9.77598e-104	2.3087e-107	1.96635e-111	7.95021e-115	3.14344e-118	1.81162e-121	
Eriophorum_virginicum	0	0	0	0	0	0	0	0	0	0	0	0	0	0	0	0	0	0	0	0	0	0	0	0	0	0	0	0	1	0	0	0	0	0	0	0	0	0	0	0	0	0	0	0	0	0	0	0	0	0	0	0	0	0	0	0	0	0	0	0	0	0	0	0	0	0	0	0	0	0	
Eriophorum_gracile	0	0	0	0	0	0	0	0	0	0	0	0	0	0	0	0	0	0	0	0	0	0	0	0	0	0	0	0	0	1	0	0	0	0	0	0	0	0	0	0	0	0	0	0	0	0	0	0	0	0	0	0	0	0	0	0	0	0	0	0	0	0	0	0	0	0	0	0	0	0	
Eriophorum_angustifolium_subsp_angustifolium	0	0	0	0	0	0	0	0	0	0	0	0	0	0	0	0	0	0	0	0	0	0	0	0	0	0	0	0	1	0	0	0	0	0	0	0	0	0	0	0	0	0	0	0	0	0	0	0	0	0	0	0	0	0	0	0	0	0	0	0	0	0	0	0	0	0	0	0	0	0	
Scirpus_radicans	0	0	0	0	0	0	0	0	0	0	0	0	0	0	0	0	0	0	0	0	0	0	0	0	0	0	0	1	0	0	0	0	0	0	0	0	0	0	0	0	0	0	0	0	0	0	0	0	0	0	0	0	0	0	0	0	0	0	0	0	0	0	0	0	0	0	0	0	0	0	
Scirpus_divaricatus	0	0	0	0	0	0	0	0	0	0	0	0	0	1	0	0	0	0	0	0	0	0	0	0	0	0	0	0	0	0	0	0	0	0	0	0	0	0	0	0	0	0	0	0	0	0	0	0	0	0	0	0	0	0	0	0	0	0	0	0	0	0	0	0	0	0	0	0	0	0	
N17	0.0211469	0.036078	0.0603914	0.0934581	0.123802	0.141911	0.137973	0.124156	0.100251	0.0744285	0.0455534	0.0245277	0.0103123	0.0040397	0.00127712	0.000465471	0.000141067	6.00374e-005	1.57834e-005	8.46483e-006	1.60038e-006	1.17424e-006	1.63968e-007	1.47001e-007	1.70823e-008	1.2927e-008	1.39494e-009	8.26601e-010	7.52967e-011	3.19295e-011	2.79005e-012	9.81108e-013	8.00738e-014	2.07877e-014	2.07091e-015	4.28781e-016	4.11924e-017	5.76042e-018	5.22561e-019	6.15104e-020	5.09021e-021	5.03464e-022	4.26619e-023	4.49417e-024	3.71259e-025	3.32122e-026	2.53335e-027	1.94312e-028	1.18013e-029	7.36886e-031	4.51199e-032	2.88161e-033	1.6208e-034	1.05008e-035	6.36124e-037	3.95828e-038	2.05284e-039	1.03933e-040	4.5896e-042	1.99541e-043	7.2505e-045	2.62162e-046	7.98065e-048	2.53568e-049	6.04686e-051	1.60415e-052	3.09677e-054	9.05304e-056	3.80771e-057	1.57438e-057	
N18	4.64804e-006	0.000129798	0.00223056	0.0186112	0.188542	0.635023	0.14509	0.0100502	0.00031359	5.56206e-006	6.12183e-008	4.65241e-010	2.49641e-012	1.01874e-014	3.14401e-017	7.88245e-020	1.56967e-022	2.66714e-025	3.71744e-028	4.62406e-031	4.80573e-034	4.60118e-037	3.72389e-040	2.85572e-043	1.85522e-046	1.16456e-049	6.19196e-053	3.22954e-056	1.4238e-059	6.24374e-063	2.31361e-066	8.58968e-070	2.69124e-073	8.54071e-077	2.29746e-080	6.33682e-084	1.48202e-087	3.59055e-091	7.42971e-095	1.6096e-098	2.97085e-102	5.72963e-106	9.4691e-110	1.63904e-113	2.42795e-117	3.76867e-121	5.05371e-125	7.12132e-129	8.66402e-133	1.10875e-136	1.23523e-140	1.43957e-144	1.45381e-148	1.53199e-152	1.41282e-156	1.36202e-160	1.14604e-164	1.00814e-168	7.82281e-173	6.36617e-177	4.53985e-181	3.38674e-185	2.25778e-189	1.6125e-193	1.08337e-197	8.37402e-202	6.87016e-206	6.55961e-210	6.5291e-214	6.84698e-218	
Carex_pachygyna	0	0	0	0	0	1	0	0	0	0	0	0	0	0	0	0	0	0	0	0	0	0	0	0	0	0	0	0	0	0	0	0	0	0	0	0	0	0	0	0	0	0	0	0	0	0	0	0	0	0	0	0	0	0	0	0	0	0	0	0	0	0	0	0	0	0	0	0	0	0	
Carex_siderosticta	0	0	0	0	0	1	0	0	0	0	0	0	0	0	0	0	0	0	0	0	0	0	0	0	0	0	0	0	0	0	0	0	0	0	0	0	0	0	0	0	0	0	0	0	0	0	0	0	0	0	0	0	0	0	0	0	0	0	0	0	0	0	0	0	0	0	0	0	0	0	
N19	0.00067715	0.000881447	0.00113032	0.00150304	0.00205206	0.00298625	0.00398546	0.00518232	0.00724842	0.0118949	0.019732	0.0300741	0.0311701	0.02112	0.0098413	0.00458958	0.00234859	0.00183938	0.00188689	0.00323489	0.00675157	0.0186596	0.0440917	0.103292	0.157825	0.195481	0.142174	0.0891872	0.0405813	0.0214491	0.00980739	0.00479534	0.00168985	0.000583061	0.000162172	5.78378e-005	2.13151e-005	9.25113e-006	3.18591e-006	1.08149e-006	2.85903e-007	8.24831e-008	2.36663e-008	8.7587e-009	2.96434e-009	1.02356e-009	2.7926e-010	7.16332e-011	1.3964e-011	2.535e-012	3.58284e-013	4.6282e-014	4.54594e-015	4.05922e-016	2.82549e-017	1.79175e-018	8.87574e-020	4.01711e-021	1.45634e-022	4.92255e-024	1.33384e-025	3.43562e-027	7.29457e-029	1.55577e-030	2.85439e-032	5.95376e-034	1.29398e-035	3.47584e-037	9.77856e-039	3.85567e-040	
Trichophorum_cespitosum	0	0	0	0	0	0	0	0	0	0	0	0	0	0	0	0	0	0	0	0	0	0	0	0	0	0	0	0	0	0	0	0	0	0	0	0	0	0	0	0	0	0	0	0	0	0	0	0	0	0	0	1	0	0	0	0	0	0	0	0	0	0	0	0	0	0	0	0	0	0	
Trichophorum_alpinum	0	0	0	0	0	0	0	0	0	0	0	0	0	0	0	0	0	0	0	0	0	0	0	0	0	0	0	0	1	0	0	0	0	0	0	0	0	0	0	0	0	0	0	0	0	0	0	0	0	0	0	0	0	0	0	0	0	0	0	0	0	0	0	0	0	0	0	0	0	0	
N20	0.0923167	0.144827	0.191348	0.206268	0.167829	0.109971	0.0546733	0.0229729	0.00718657	0.00206243	0.00042427	0.000101064	1.55014e-005	3.41291e-006	4.08485e-007	7.34006e-008	6.26166e-009	8.06612e-010	4.98729e-011	5.51247e-012	3.55652e-013	3.23264e-014	1.80055e-015	1.13787e-016	4.40997e-018	1.71586e-019	4.52889e-021	1.28715e-022	2.32072e-024	6.32704e-026	2.0106e-027	5.60071e-029	1.05182e-030	1.78609e-032	2.34362e-034	2.73312e-036	2.39383e-038	1.90338e-040	1.29514e-042	1.23431e-044	1.63945e-046	1.67642e-048	1.31463e-050	9.0255e-053	4.974e-055	2.41567e-057	9.43726e-060	3.41034e-062	1.05773e-064	4.61232e-067	2.95063e-069	1.46534e-071	5.68452e-074	1.94492e-076	5.54283e-079	1.38885e-081	2.87757e-084	5.27961e-087	8.08582e-090	1.18863e-092	1.52887e-095	2.49267e-098	3.31096e-101	6.97645e-104	8.68666e-107	1.84444e-109	2.25955e-112	6.96099e-115	2.55839e-117	1.56809e-119	
N21	0.134502	0.178651	0.201687	0.190932	0.142585	0.0866931	0.0415354	0.0164775	0.005171	0.00139571	0.000298586	6.02785e-005	9.48529e-006	1.65836e-006	2.07774e-007	3.45249e-008	3.4828e-009	5.17383e-010	4.08916e-011	5.26363e-012	3.31796e-013	3.54535e-014	1.9505e-015	1.81742e-016	8.89941e-018	6.25305e-019	2.62821e-020	1.44766e-021	4.5431e-023	1.8806e-024	5.64958e-026	2.48392e-027	7.22073e-029	2.7318e-030	7.91161e-032	2.4751e-033	5.45717e-035	1.21091e-036	2.11208e-038	4.12432e-040	7.02925e-042	1.46e-043	2.86567e-045	6.40683e-047	1.18253e-048	2.13642e-050	3.22015e-052	4.6079e-054	5.3405e-056	6.35454e-058	7.70903e-060	1.07399e-061	1.40798e-063	1.9896e-065	2.45511e-067	2.84425e-069	2.71777e-071	2.36368e-073	1.72258e-075	1.17171e-077	6.6755e-080	3.80977e-082	1.8693e-084	1.09035e-086	4.99388e-089	3.16344e-091	1.5802e-093	1.64779e-095	2.39111e-097	6.58561e-099	
N22	0.235141	0.252959	0.212211	0.149524	0.0854339	0.0413111	0.0161947	0.00537999	0.00144002	0.000332163	6.15883e-005	1.03273e-005	1.38235e-006	1.83878e-007	1.90631e-008	2.21757e-009	1.88152e-010	1.91413e-011	1.31359e-012	1.13433e-013	6.30147e-015	4.50013e-016	2.08274e-017	1.26786e-018	4.99428e-020	2.48801e-021	8.41141e-023	3.48052e-024	9.5769e-026	3.24255e-027	8.29552e-029	2.6908e-030	6.31318e-032	1.79419e-033	3.9973e-035	9.94463e-037	1.83758e-038	3.56648e-040	5.48625e-042	9.38031e-044	1.34043e-045	2.16461e-047	3.03994e-049	4.76176e-051	6.18259e-053	8.22331e-055	9.1873e-057	1.01696e-058	9.27547e-061	8.79674e-063	7.91093e-065	7.6996e-067	6.75173e-069	6.31333e-071	5.29845e-073	4.41057e-075	3.13831e-077	2.12876e-079	1.24162e-081	6.97196e-084	3.33522e-086	1.59823e-088	6.65413e-091	3.09615e-093	1.21374e-095	6.12348e-098	3.06405e-100	2.69353e-102	2.93243e-104	4.64156e-106	
N23	0.23255	0.253718	0.214955	0.152462	0.0856581	0.0402346	0.0146671	0.00447006	0.00103839	0.000209255	3.21677e-005	4.6614e-006	5.0595e-007	5.71571e-008	4.65054e-009	4.27112e-010	2.64717e-011	1.93153e-012	9.32425e-014	5.73483e-015	2.41069e-016	1.25829e-017	4.52813e-019	1.91162e-020	5.52537e-022	1.78276e-023	4.15128e-025	1.10931e-026	2.14068e-028	5.25234e-030	1.15579e-031	2.83499e-033	5.23591e-035	9.79406e-037	1.4682e-038	2.18948e-040	2.59001e-042	3.1144e-044	3.25586e-046	4.07762e-048	5.18642e-050	6.66819e-052	7.18208e-054	7.41476e-056	6.36712e-058	5.22656e-060	3.66089e-062	2.55608e-064	1.58782e-066	1.15076e-068	9.1135e-071	7.13615e-073	4.76486e-075	3.00059e-077	1.63908e-079	8.41191e-082	3.7446e-084	1.58166e-086	5.88142e-089	2.17592e-091	7.13113e-094	2.53922e-096	7.97075e-099	3.02946e-101	9.322e-104	3.86003e-106	1.51726e-108	1.01342e-110	7.80729e-113	8.29951e-115	
N24	0.178718	0.224508	0.226022	0.184454	0.111404	0.052168	0.0172931	0.0044841	0.000810647	0.000124121	1.33847e-005	1.42352e-006	1.02417e-007	8.38369e-009	4.32046e-010	2.77198e-011	1.01815e-012	4.88575e-014	1.34963e-015	5.58436e-017	1.50715e-018	5.28906e-020	1.21041e-021	3.15593e-023	5.40667e-025	9.98827e-027	1.31261e-028	1.99761e-030	2.15026e-032	3.34594e-034	5.41509e-036	8.53222e-038	9.66355e-040	1.02641e-041	8.72485e-044	7.03836e-046	4.51287e-048	2.86788e-050	1.65979e-052	1.30193e-054	1.21853e-056	9.85085e-059	6.29725e-061	3.63428e-063	1.72497e-065	7.6104e-068	2.83308e-070	1.04728e-072	3.53089e-075	1.5934e-077	9.07457e-080	4.4225e-082	1.73143e-084	6.0711e-087	1.81687e-089	4.97552e-092	1.17499e-094	2.59061e-097	5.00571e-100	9.70585e-103	1.69185e-105	3.48494e-108	6.07999e-111	1.43809e-113	2.36909e-116	5.84887e-119	1.09411e-121	4.29651e-124	2.01473e-126	1.37062e-128	
N25	0.0865866	0.151948	0.221319	0.241871	0.175834	0.0877807	0.027529	0.00614268	0.000877839	0.000103121	8.11969e-006	6.5949e-007	3.44489e-008	2.14734e-009	7.91159e-011	3.6849e-012	9.31643e-014	3.11633e-015	5.86146e-017	1.75394e-018	3.54087e-020	9.27829e-022	1.61714e-023	3.08676e-025	3.92984e-027	5.17313e-029	4.91291e-031	5.29641e-033	4.11898e-035	4.8636e-037	6.31547e-039	7.65175e-041	6.68532e-043	5.35693e-045	3.44096e-047	2.04218e-049	9.67447e-052	4.44872e-054	1.91325e-056	1.17875e-058	9.23867e-061	5.97677e-063	3.03824e-065	1.37127e-067	5.08023e-070	1.71974e-072	4.86926e-075	1.3575e-077	3.49904e-080	1.28618e-082	6.21195e-085	2.48945e-087	7.94562e-090	2.24521e-092	5.37239e-095	1.15788e-097	2.13052e-100	3.60727e-103	5.31762e-106	7.94232e-109	1.08942e-111	1.89815e-114	2.78933e-117	5.79744e-120	7.98479e-123	1.67745e-125	2.55014e-128	8.36042e-131	3.24816e-133	1.82882e-135	
Fimbristylis_autumnalis	0	0	0	0	1	0	0	0	0	0	0	0	0	0	0	0	0	0	0	0	0	0	0	0	0	0	0	0	0	0	0	0	0	0	0	0	0	0	0	0	0	0	0	0	0	0	0	0	0	0	0	0	0	0	0	0	0	0	0	0	0	0	0	0	0	0	0	0	0	0	
Fimbristylis_complanata	0	0	0	0	1	0	0	0	0	0	0	0	0	0	0	0	0	0	0	0	0	0	0	0	0	0	0	0	0	0	0	0	0	0	0	0	0	0	0	0	0	0	0	0	0	0	0	0	0	0	0	0	0	0	0	0	0	0	0	0	0	0	0	0	0	0	0	0	0	0	
N26	0.000819553	0.00980094	0.0710211	0.300798	0.463174	0.139602	0.0140653	0.000700537	1.87042e-005	3.40296e-007	3.97655e-009	3.85961e-011	2.56651e-013	1.62067e-015	7.05648e-018	3.1667e-020	9.51403e-023	3.10796e-025	6.87116e-028	1.80992e-030	3.38979e-033	7.47916e-036	1.18088e-038	2.07305e-041	2.58004e-044	3.4236e-047	3.37118e-050	3.66288e-053	3.00445e-056	2.99779e-059	2.67813e-062	2.6139e-065	1.98139e-068	1.49696e-071	9.14997e-075	5.47722e-078	2.65097e-081	1.29646e-084	5.62303e-088	2.86247e-091	1.46716e-094	7.63379e-098	3.3754e-101	1.42234e-104	5.02396e-108	1.68649e-111	4.86326e-115	1.39904e-118	3.64133e-122	1.09036e-125	3.46099e-129	1.1011e-132	3.02453e-136	7.83749e-140	1.76175e-143	3.70889e-147	6.77719e-151	1.17641e-154	1.80614e-158	2.78717e-162	3.8646e-166	5.90453e-170	8.1128e-174	1.3297e-177	1.84377e-181	3.33399e-185	6.10353e-189	1.67339e-192	5.0527e-196	1.73283e-199	
Fimbristylis_aestivalis	0	0	0	0	1	0	0	0	0	0	0	0	0	0	0	0	0	0	0	0	0	0	0	0	0	0	0	0	0	0	0	0	0	0	0	0	0	0	0	0	0	0	0	0	0	0	0	0	0	0	0	0	0	0	0	0	0	0	0	0	0	0	0	0	0	0	0	0	0	0	
Fimbristylis_squarrosa	0	0	0	0	1	0	0	0	0	0	0	0	0	0	0	0	0	0	0	0	0	0	0	0	0	0	0	0	0	0	0	0	0	0	0	0	0	0	0	0	0	0	0	0	0	0	0	0	0	0	0	0	0	0	0	0	0	0	0	0	0	0	0	0	0	0	0	0	0	0	
Fimbristylis_ovata	0	0	0	0	1	0	0	0	0	0	0	0	0	0	0	0	0	0	0	0	0	0	0	0	0	0	0	0	0	0	0	0	0	0	0	0	0	0	0	0	0	0	0	0	0	0	0	0	0	0	0	0	0	0	0	0	0	0	0	0	0	0	0	0	0	0	0	0	0	0	
N27	0.200099	0.225566	0.201848	0.155946	0.101764	0.0611012	0.0316659	0.0146031	0.00530513	0.00163064	0.000379285	7.7226e-005	1.18709e-005	1.7196e-006	1.89238e-007	2.12662e-008	1.80291e-009	1.63442e-010	1.10084e-011	8.27475e-013	4.58072e-014	2.8031e-015	1.25217e-016	6.06698e-018	2.11946e-019	7.85771e-021	2.16176e-022	6.42514e-024	1.43314e-025	3.64401e-027	7.75548e-029	1.82737e-030	3.43786e-032	6.92597e-034	1.19226e-035	2.23111e-037	3.61768e-039	6.38266e-041	1.00161e-042	1.77916e-044	2.91251e-046	4.94789e-048	7.13009e-050	1.00596e-051	1.17693e-053	1.32679e-055	1.26933e-057	1.2044e-059	9.9784e-062	8.89469e-064	7.69925e-066	6.77643e-068	5.18815e-070	3.84283e-072	2.47366e-074	1.517e-076	8.03483e-079	4.07648e-081	1.81295e-083	8.00697e-086	3.10329e-088	1.25645e-090	4.51252e-093	1.81825e-095	6.47524e-098	2.89259e-100	1.37043e-102	8.86732e-105	6.16616e-107	5.35549e-109	
Bulbostylis_barbata	0	0	0	0	1	0	0	0	0	0	0	0	0	0	0	0	0	0	0	0	0	0	0	0	0	0	0	0	0	0	0	0	0	0	0	0	0	0	0	0	0	0	0	0	0	0	0	0	0	0	0	0	0	0	0	0	0	0	0	0	0	0	0	0	0	0	0	0	0	0	
N28	0.195898	0.226545	0.186288	0.125745	0.0833267	0.0635125	0.050093	0.0378894	0.0193422	0.0082074	0.00231574	0.000648731	0.00013622	3.97972e-005	9.04292e-006	2.80474e-006	4.49017e-007	8.70051e-008	8.86105e-009	1.43996e-009	1.42037e-010	1.63078e-011	1.1196e-012	1.09831e-013	9.70329e-015	1.38518e-015	2.31012e-016	5.63643e-017	8.77478e-018	1.59311e-018	2.36688e-019	2.90698e-020	2.37564e-021	2.12254e-022	1.73688e-023	1.29564e-024	6.48642e-026	2.61088e-027	7.58559e-029	2.37421e-030	7.30365e-032	1.64387e-033	2.43948e-035	2.74164e-037	2.13747e-039	1.31706e-041	5.91162e-044	2.27221e-046	6.93242e-049	2.48165e-051	1.04188e-053	3.5668e-056	9.20089e-059	2.00226e-061	3.47954e-064	5.18361e-067	6.23539e-070	6.55818e-073	5.68399e-076	4.62738e-079	3.20451e-082	2.48869e-085	1.5955e-088	1.36484e-091	7.87343e-095	6.66425e-098	4.03667e-101	5.06617e-104	7.43072e-107	1.49621e-109	
N29	0.198278	0.214601	0.159992	0.0931717	0.0516821	0.0375024	0.0358849	0.0361422	0.0222862	0.0177762	0.00610246	0.008951	0.00267842	0.0066446	0.0027203	0.00718744	0.00241344	0.00337303	0.000611971	0.00124395	0.00155689	0.00158234	0.00102318	0.000786665	0.000566391	0.000453499	0.000454715	0.000696741	0.000569681	0.00109343	0.00898215	0.0136122	0.0139677	0.0144826	0.0139609	0.0102809	0.0046597	0.00141559	0.000261892	9.47504e-005	0.000181911	5.88406e-005	1.17422e-005	1.54628e-006	1.25208e-007	6.73516e-009	2.25093e-010	5.55896e-012	8.59662e-014	3.11034e-015	6.11591e-016	2.47698e-017	7.17633e-019	1.58639e-020	2.48157e-022	2.88351e-024	2.34784e-026	1.48756e-028	6.60027e-031	2.93154e-033	9.2653e-036	1.04901e-037	3.61774e-040	6.63579e-042	1.77536e-044	3.00014e-046	4.44653e-049	1.00624e-050	4.91787e-053	4.84925e-054	
Bulbostylis_juncoides	0	0	0	0	0	0	0	0	0	0	0	0	0	0	0	0	0	0	0	0	0	0	0	0	0	0	0	0	0	0	0	0	0	0	0	0	0	0	0	0	0	1	0	0	0	0	0	0	0	0	0	0	0	0	0	0	0	0	0	0	0	0	0	0	0	0	0	0	0	0	
Bulbostylis_densa	0	0	0	0	0	0	0	0	0	0	0	0	0	0	0	0	0	0	0	0	0	0	0	0	0	0	0	0	0	0	0	1	0	0	0	0	0	0	0	0	0	0	0	0	0	0	0	0	0	0	0	0	0	0	0	0	0	0	0	0	0	0	0	0	0	0	0	0	0	0	
Bulbostylis_hispidula	0	0	0	0	1	0	0	0	0	0	0	0	0	0	0	0	0	0	0	0	0	0	0	0	0	0	0	0	0	0	0	0	0	0	0	0	0	0	0	0	0	0	0	0	0	0	0	0	0	0	0	0	0	0	0	0	0	0	0	0	0	0	0	0	0	0	0	0	0	0	
N30	0.0168964	0.0312587	0.0556823	0.0898643	0.121463	0.149102	0.155574	0.142066	0.100702	0.0631478	0.0342916	0.0201621	0.0104149	0.00564761	0.00234426	0.000989418	0.000288559	8.4323e-005	1.64122e-005	3.41731e-006	4.99744e-007	8.49839e-008	1.17059e-008	2.1643e-009	3.64229e-010	8.01475e-011	1.50422e-011	3.33399e-012	5.79955e-013	1.19121e-013	2.08134e-014	3.95128e-015	5.75648e-016	8.35922e-017	9.54056e-018	1.05463e-018	9.09146e-020	7.70809e-021	5.46778e-022	4.23168e-023	2.99134e-024	2.12004e-025	1.24519e-026	6.91183e-028	3.1173e-029	1.31244e-030	4.59786e-032	1.55848e-033	4.56224e-035	1.43349e-036	4.40564e-038	1.34728e-039	3.51541e-041	8.63378e-043	1.80841e-044	3.51928e-046	5.82443e-048	9.04469e-050	1.21615e-051	1.60663e-053	1.85232e-055	2.23997e-057	2.39139e-059	2.89494e-061	3.03495e-063	4.00478e-065	5.48529e-067	1.04345e-068	2.16457e-070	6.51593e-072	
Eleocharis_dulcis	0	0	0	0	0	0	0	0	0	0	0	0	0	0	0	0	0	0	0	0	0	0	0	0	0	0	0	0	0	0	0	0	0	0	0	0	0	1	0	0	0	0	0	0	0	0	0	0	0	0	0	0	0	0	0	0	0	0	0	0	0	0	0	0	0	0	0	0	0	0	
N31	0.00143781	0.00422578	0.0127646	0.0331649	0.0678515	0.117681	0.169772	0.20431	0.182159	0.122098	0.0574122	0.0205722	0.00528191	0.00108495	0.000162972	2.03698e-005	1.93869e-006	1.64768e-007	1.15853e-008	7.98073e-010	4.56477e-011	2.5399e-012	1.11235e-013	4.94179e-015	1.70514e-016	6.30835e-018	1.8194e-019	5.59167e-021	1.33846e-022	3.28882e-024	6.46856e-026	1.22805e-027	1.86754e-029	2.62185e-031	2.98028e-033	3.06629e-035	2.57097e-037	1.95817e-039	1.23938e-041	7.34827e-044	3.68737e-046	1.78528e-048	7.40736e-051	3.06727e-053	1.08013e-055	3.90123e-058	1.20448e-060	3.96174e-063	1.08923e-065	3.33757e-068	8.95404e-071	2.7271e-073	6.85856e-076	1.92262e-078	4.46486e-081	1.12827e-083	2.26888e-086	4.94612e-089	8.66423e-092	1.71908e-094	2.66443e-097	4.92253e-100	7.10436e-103	1.26925e-105	1.70854e-108	2.96446e-111	4.46076e-114	9.8073e-117	2.2717e-119	6.7725e-122	
N32	0.000481396	0.00128088	0.00356252	0.00887745	0.0188542	0.0340838	0.0562889	0.109069	0.192551	0.249782	0.197559	0.0952115	0.0256309	0.00534351	0.000909698	0.000287895	0.000114796	6.98743e-005	2.61692e-005	1.16293e-005	2.73957e-006	7.59749e-007	1.09995e-007	1.94521e-008	1.79775e-009	2.00674e-010	1.27359e-011	9.33045e-013	3.91323e-014	1.82744e-015	5.52675e-017	2.03002e-018	4.80972e-020	1.46088e-021	3.30218e-023	8.69783e-025	1.55122e-026	2.84635e-028	3.84131e-030	5.38904e-032	5.49383e-034	6.19416e-036	5.86634e-038	6.8533e-040	6.4897e-042	6.64318e-044	5.56761e-046	4.53173e-048	2.88318e-050	1.76934e-052	9.32034e-055	5.18283e-057	2.60452e-059	1.52239e-061	8.31996e-064	4.69654e-066	2.22955e-068	9.93287e-071	3.69744e-073	1.27239e-075	3.61502e-078	9.7497e-081	2.22623e-083	5.43264e-086	1.12046e-088	2.98558e-091	8.05155e-094	3.98272e-096	2.5361e-098	2.2756e-100	
Eleocharis_uniglumis	0	0	0	0	0	0	0	0	0	0	0	0	0	0	0	0	0	0	0	0	0	0	0	1	0	0	0	0	0	0	0	0	0	0	0	0	0	0	0	0	0	0	0	0	0	0	0	0	0	0	0	0	0	0	0	0	0	0	0	0	0	0	0	0	0	0	0	0	0	0	
Eleocharis_acicularis	0	0	0	0	0	0	0	0	0	1	0	0	0	0	0	0	0	0	0	0	0	0	0	0	0	0	0	0	0	0	0	0	0	0	0	0	0	0	0	0	0	0	0	0	0	0	0	0	0	0	0	0	0	0	0	0	0	0	0	0	0	0	0	0	0	0	0	0	0	0	
N33	0.000440462	0.00155311	0.00600406	0.0196462	0.0504429	0.1068	0.179466	0.229494	0.20586	0.128084	0.0532504	0.0154349	0.00302857	0.000446122	4.53936e-005	4.16866e-006	2.64662e-007	2.11364e-008	1.01658e-009	7.63117e-011	2.74742e-012	1.60176e-013	4.17423e-015	1.84596e-016	3.61865e-018	1.22808e-019	1.98184e-021	5.37787e-023	7.29966e-025	1.49211e-026	1.71891e-028	2.8264e-030	2.61961e-032	3.53277e-034	3.35076e-036	4.84344e-038	4.56731e-040	5.40086e-042	4.80732e-044	4.7734e-046	3.18797e-048	2.31168e-050	1.31902e-052	9.64143e-055	5.17648e-057	3.63009e-059	2.17748e-061	1.48195e-063	7.4399e-066	3.79866e-068	1.58709e-070	6.77446e-073	2.28565e-075	8.79718e-078	3.20098e-080	1.41198e-082	5.36975e-085	2.14909e-087	7.31143e-090	2.3781e-092	6.23687e-095	1.53243e-097	3.09889e-100	6.23361e-103	9.9059e-106	1.78837e-108	2.85448e-111	9.16376e-114	4.91409e-116	4.68459e-118	
N34	2.75074e-006	2.7203e-005	0.00027831	0.00197241	0.00931347	0.048301	0.183638	0.356865	0.286792	0.0962284	0.0151893	0.00132255	6.75225e-005	2.3353e-006	5.3808e-008	1.04895e-009	1.4914e-011	2.2792e-013	2.43288e-015	3.00504e-017	2.32359e-019	2.08978e-021	1.14591e-023	7.63349e-026	3.09937e-028	1.6042e-030	5.23179e-033	2.21979e-035	6.00903e-038	2.03279e-040	4.58746e-043	1.2736e-045	2.34417e-048	5.56489e-051	9.91745e-054	2.43925e-056	4.30558e-059	9.19169e-062	1.47875e-064	2.62583e-067	3.30015e-070	4.49492e-073	4.71868e-076	6.04526e-079	5.94078e-082	7.47487e-085	7.89525e-088	9.57572e-091	8.886e-094	8.48717e-097	6.54195e-100	5.166e-103	3.27331e-106	2.31796e-109	1.51701e-112	1.20561e-115	8.4648e-119	6.31487e-122	4.01911e-125	2.47496e-128	1.24947e-131	5.97219e-135	2.38177e-138	9.4497e-142	3.11123e-145	1.17747e-148	4.68927e-152	3.38394e-155	3.30768e-158	4.12043e-161	
Eleocharis_mamillata_subsp_mamillata	0	0	0	0	0	0	0	1	0	0	0	0	0	0	0	0	0	0	0	0	0	0	0	0	0	0	0	0	0	0	0	0	0	0	0	0	0	0	0	0	0	0	0	0	0	0	0	0	0	0	0	0	0	0	0	0	0	0	0	0	0	0	0	0	0	0	0	0	0	0	
Eleocharis_compressa_var_compressa	0	0	0	0	0	0	0	0	1	0	0	0	0	0	0	0	0	0	0	0	0	0	0	0	0	0	0	0	0	0	0	0	0	0	0	0	0	0	0	0	0	0	0	0	0	0	0	0	0	0	0	0	0	0	0	0	0	0	0	0	0	0	0	0	0	0	0	0	0	0	
Eleocharis_flavescens_var_olivacea	0	0	0	0	0	0	0	0	0	1	0	0	0	0	0	0	0	0	0	0	0	0	0	0	0	0	0	0	0	0	0	0	0	0	0	0	0	0	0	0	0	0	0	0	0	0	0	0	0	0	0	0	0	0	0	0	0	0	0	0	0	0	0	0	0	0	0	0	0	0	
N35	0.012262	0.0276249	0.0571871	0.0997661	0.134538	0.155676	0.142877	0.125259	0.0860871	0.065241	0.0371279	0.0281302	0.0134755	0.00872722	0.0033257	0.0018121	0.000538514	0.000238127	6.06046e-005	2.97985e-005	1.10728e-005	4.07671e-006	9.44019e-007	1.97969e-007	2.70305e-008	3.41324e-009	3.01254e-010	2.95251e-011	2.21298e-012	2.93818e-013	4.33509e-014	4.32333e-015	2.90374e-016	1.58321e-017	6.63242e-019	2.37015e-020	6.64347e-022	1.76919e-023	5.00293e-025	2.42394e-026	1.42528e-027	5.24644e-029	1.37709e-030	2.97764e-032	5.04186e-034	7.52368e-036	9.02543e-038	1.09546e-039	1.33526e-041	2.85277e-043	7.60632e-045	1.31335e-046	1.66411e-048	1.74272e-050	1.48945e-052	1.1034e-054	6.82597e-057	3.83211e-059	1.86366e-061	9.9438e-064	5.17691e-066	3.96704e-068	2.13387e-070	1.68097e-072	7.3238e-075	5.30233e-077	2.3446e-079	2.56038e-081	3.33858e-083	7.8819e-085	
N36	0.00390103	0.0102863	0.0262329	0.0564956	0.0942592	0.132699	0.149799	0.150935	0.1221	0.0962744	0.0623288	0.0447572	0.0244125	0.0150811	0.00620736	0.00297756	0.000859645	0.000302332	6.6317e-005	2.00976e-005	4.25341e-006	9.54563e-007	1.41582e-007	1.89378e-008	1.68074e-009	1.33556e-010	7.44138e-012	4.21339e-013	1.70619e-014	9.12525e-016	4.5956e-017	2.33794e-018	7.90064e-020	2.57324e-021	6.19216e-023	1.52632e-024	2.65476e-026	5.13639e-028	7.40247e-030	1.70677e-031	4.06056e-033	9.22311e-035	1.41016e-036	2.28841e-038	2.5357e-040	3.07489e-042	2.53706e-044	2.56644e-046	1.663e-048	1.76645e-050	1.99891e-052	2.18516e-054	1.68616e-056	1.30375e-058	7.91472e-061	4.67765e-063	2.18347e-065	1.01753e-067	3.88386e-070	1.66934e-072	5.82942e-075	2.66583e-077	8.66784e-080	4.04257e-082	1.08481e-084	4.63192e-087	1.08982e-089	5.78986e-092	3.90133e-094	7.72477e-096	
N37	0.0011661	0.00346439	0.0107946	0.0289054	0.0596059	0.101458	0.138227	0.161026	0.149225	0.125113	0.0873577	0.0623642	0.0359612	0.0212436	0.00886893	0.00379818	0.00104357	0.000306822	5.56255e-005	1.21782e-005	1.59859e-006	2.48576e-007	2.17838e-008	2.24049e-009	1.20272e-010	8.23769e-012	2.91091e-013	1.58878e-014	3.73099e-016	1.61123e-017	3.7141e-019	1.43982e-020	2.60362e-022	6.76988e-024	1.0247e-025	1.96413e-027	2.14509e-029	2.85771e-031	2.43963e-033	3.04564e-035	3.02142e-037	3.63734e-039	3.12242e-041	3.06882e-043	2.11704e-045	1.53221e-047	8.23263e-050	4.64255e-052	1.8891e-054	9.27332e-057	5.12736e-059	2.82988e-061	1.2417e-063	5.43032e-066	1.97556e-068	6.73287e-071	1.84643e-073	4.72083e-076	1.01378e-078	2.16355e-081	3.85293e-084	7.38284e-087	1.18884e-089	2.25849e-092	3.03871e-095	5.14693e-098	6.22017e-101	1.32836e-103	4.03432e-106	3.31262e-108	
N38	0.00078429	0.00236666	0.00772425	0.0219523	0.0484786	0.0879562	0.128782	0.159852	0.155909	0.134011	0.0958457	0.0702059	0.0416713	0.0260189	0.0109724	0.00534705	0.00141865	0.000570649	8.99925e-005	3.74381e-005	3.68834e-006	1.58267e-006	1.15485e-007	4.46394e-008	2.75194e-009	6.61881e-010	3.40909e-011	5.53169e-012	1.93991e-013	2.12799e-014	8.23836e-016	8.10814e-017	3.04014e-018	2.10692e-019	8.69172e-021	4.50559e-022	1.46376e-023	5.24387e-025	1.39942e-026	4.40513e-028	1.43972e-029	4.92914e-031	1.52876e-032	5.01828e-034	1.29852e-035	3.10516e-037	5.99009e-039	1.0536e-040	1.44612e-042	1.98306e-044	3.50484e-046	5.78639e-048	8.61934e-050	1.31473e-051	1.70402e-053	2.00298e-055	1.90081e-057	1.62693e-059	1.15848e-061	7.83172e-064	4.39905e-066	2.52461e-068	1.18603e-070	6.28963e-073	2.33742e-075	1.12887e-077	3.31203e-080	1.94774e-082	1.25637e-084	8.11746e-086	
N39	0.000138304	0.000239943	0.000471806	0.00102021	0.00215006	0.00469468	0.010208	0.0193739	0.0267443	0.0256337	0.0187983	0.0161294	0.0195491	0.0323737	0.0562049	0.0971386	0.136638	0.171016	0.152876	0.116424	0.0575473	0.0246172	0.00713991	0.00210044	0.00051399	0.000170684	5.4641e-005	2.18774e-005	7.0863e-006	2.73964e-006	8.95007e-007	3.57559e-007	1.14024e-007	4.09364e-008	1.11279e-008	3.27767e-009	7.07915e-010	1.59736e-010	2.67598e-011	4.58123e-012	5.70696e-013	7.10901e-014	6.66239e-015	6.38737e-016	4.62499e-017	3.45283e-018	2.02243e-019	1.2111e-020	5.60487e-022	2.61544e-023	9.77175e-025	3.67986e-026	1.10879e-027	3.43994e-029	8.97157e-031	2.44897e-032	5.57532e-034	1.29778e-035	2.55135e-037	5.03032e-039	8.19832e-041	1.32363e-042	1.80023e-044	2.50334e-046	2.98295e-048	4.05567e-050	5.84957e-052	1.16066e-053	2.61817e-055	8.60595e-057	
N40	1.14385e-007	1.79467e-008	2.99789e-009	2.12314e-008	2.35498e-007	3.57552e-007	5.51214e-006	6.68773e-005	0.000432919	0.000457374	3.28596e-005	1.16158e-006	1.61243e-007	2.17919e-006	5.14497e-005	0.00117773	0.018464	0.159967	0.500495	0.284704	0.0326379	0.0014669	3.50295e-005	1.0387e-006	1.06527e-007	1.28994e-008	1.0255e-009	6.02184e-011	2.07444e-012	4.87943e-014	7.82212e-016	2.69873e-017	2.42298e-018	2.4817e-019	1.88482e-020	1.14968e-021	4.76144e-023	1.39508e-024	2.4222e-026	2.48582e-028	1.50978e-030	6.39348e-033	1.85893e-035	4.21607e-038	7.08032e-041	1.00176e-043	1.10217e-046	1.1002e-049	8.81532e-053	6.88066e-056	4.3991e-059	2.87437e-062	1.53433e-065	8.65464e-069	4.08485e-072	2.08672e-075	8.87583e-079	3.9878e-082	1.48831e-085	5.70641e-089	1.774e-092	5.67415e-096	1.51645e-099	4.46776e-103	1.19104e-106	3.9742e-110	1.38986e-113	5.62447e-117	2.19359e-120	8.77894e-124	
Schoenoplectus_pungens	0	0	0	0	0	0	0	0	0	0	0	0	0	0	0	0	0	0	0	0	0	0	0	0	0	0	0	0	0	0	0	0	0	0	0	0	0	0	1	0	0	0	0	0	0	0	0	0	0	0	0	0	0	0	0	0	0	0	0	0	0	0	0	0	0	0	0	0	0	0	
N41	1.89315e-010	2.19841e-011	4.41207e-012	3.32467e-011	8.16234e-010	1.13318e-009	4.32919e-008	1.48465e-006	2.0253e-005	2.82278e-005	1.15605e-006	1.72005e-008	1.55813e-009	2.80924e-008	2.65935e-006	0.000199688	0.00786427	0.125657	0.526261	0.308401	0.0308017	0.000755144	6.87709e-006	3.91697e-008	3.85027e-010	5.79782e-012	5.90307e-014	3.88333e-016	1.47984e-018	3.60468e-021	6.40391e-024	2.24615e-026	1.38537e-028	8.20523e-031	3.53327e-033	1.11531e-035	2.38734e-038	3.4492e-041	3.06876e-044	1.67707e-047	5.70865e-051	1.31991e-054	2.14376e-058	2.60223e-062	2.46672e-066	2.91957e-070	1.02246e-073	5.2989e-077	1.90712e-080	4.39731e-084	6.39979e-088	6.9101e-092	5.64556e-096	1.13606e-099	4.04106e-103	2.23353e-106	8.26767e-110	2.42234e-113	4.49352e-117	5.53518e-121	4.27687e-125	2.51686e-129	1.12755e-133	1.28188e-137	2.64507e-141	9.31452e-145	1.8987e-148	5.05947e-152	2.13022e-155	1.74799e-158	
Schoenoplectus_acutus_var_acutus	0	0	0	0	0	0	0	0	0	0	0	0	0	0	0	0	0	0	1	0	0	0	0	0	0	0	0	0	0	0	0	0	0	0	0	0	0	0	0	0	0	0	0	0	0	0	0	0	0	0	0	0	0	0	0	0	0	0	0	0	0	0	0	0	0	0	0	0	0	0	
N42	9.96517e-013	1.29683e-013	6.39894e-014	4.61943e-013	8.70422e-012	3.39933e-011	1.24041e-009	7.35008e-008	1.5064e-006	2.49873e-006	1.8794e-007	2.57305e-009	3.4552e-010	2.91775e-009	2.52588e-007	3.72274e-005	0.00268097	0.0713824	0.470461	0.393208	0.0605378	0.00167329	1.49145e-005	5.8046e-008	1.29976e-010	1.09514e-012	4.07627e-014	8.9948e-016	8.4685e-018	3.17161e-020	5.19465e-023	3.14312e-025	5.37507e-028	1.06565e-029	1.14176e-032	1.48987e-034	9.05827e-038	6.72345e-040	2.61423e-043	7.5051e-046	1.58879e-049	2.44764e-052	3.3149e-056	3.58071e-059	4.03724e-063	5.48966e-066	7.80549e-069	1.38406e-071	1.24127e-074	4.76138e-078	8.93388e-082	1.03082e-085	8.09897e-090	1.95237e-093	1.43954e-096	3.30126e-099	4.40713e-102	4.33112e-105	2.13337e-108	4.62063e-112	4.91282e-116	3.36144e-120	1.54907e-124	2.95191e-128	9.49493e-132	1.26382e-134	1.10855e-137	7.04026e-141	2.61603e-144	1.42554e-147	
Schoenoplectus_lacustris	0	0	0	0	0	0	0	0	0	0	0	0	0	0	0	0	0	0	0	0	1	0	0	0	0	0	0	0	0	0	0	0	0	0	0	0	0	0	0	0	0	0	0	0	0	0	0	0	0	0	0	0	0	0	0	0	0	0	0	0	0	0	0	0	0	0	0	0	0	0	
Schoenoplectus_heterochaetus	0	0	0	0	0	0	0	0	0	0	0	0	0	0	0	0	0	0	1	0	0	0	0	0	0	0	0	0	0	0	0	0	0	0	0	0	0	0	0	0	0	0	0	0	0	0	0	0	0	0	0	0	0	0	0	0	0	0	0	0	0	0	0	0	0	0	0	0	0	0	
Actinoscirpus_grossus	0	0	0	0	0	0	0	0	0	0	0	0	0	0	0	0	0	0	0	0	0	0	0	0	0	0	0	0	0	0	0	0	0	0	0	0	0	0	0	0	1	0	0	0	0	0	0	0	0	0	0	0	0	0	0	0	0	0	0	0	0	0	0	0	0	0	0	0	0	0	
N43	8.17236e-005	0.000303379	0.00131776	0.00506262	0.0153273	0.0370973	0.0720083	0.118303	0.159299	0.178829	0.157835	0.118035	0.070564	0.0385458	0.0168547	0.00717969	0.00234337	0.000776647	0.000180387	4.63993e-005	7.464e-006	1.47601e-006	1.66651e-007	2.55101e-008	2.05002e-009	2.24847e-010	1.29396e-011	9.9156e-013	3.87087e-014	1.99308e-015	5.59782e-017	2.16402e-018	4.50326e-020	1.2915e-021	2.25532e-023	5.15828e-025	7.10438e-027	1.1423e-028	1.23232e-030	1.54722e-032	1.3084e-034	1.3085e-036	1.01918e-038	9.7523e-041	6.9598e-043	5.44561e-045	3.38599e-047	2.13459e-049	1.00832e-051	4.84743e-054	1.98297e-056	8.95604e-059	3.36599e-061	1.44551e-063	5.46652e-066	2.18096e-068	7.00871e-071	2.212e-073	5.81092e-076	1.51226e-078	3.22081e-081	7.1044e-084	1.35744e-086	2.89201e-089	4.8911e-092	9.51271e-095	1.61194e-097	4.47333e-100	1.78342e-102	1.21448e-104	
N44	3.80311e-005	0.000120426	0.000465911	0.0017372	0.00569982	0.0151092	0.0312011	0.0579949	0.0995717	0.146545	0.169208	0.160418	0.122759	0.0851264	0.0472113	0.0286855	0.0131684	0.00862208	0.00333961	0.00206983	0.000578764	0.000263209	4.8784e-005	1.52838e-005	1.89018e-006	3.94526e-007	3.55178e-008	5.01351e-009	3.24216e-010	2.87013e-011	1.33391e-012	8.52082e-014	2.84385e-015	1.44293e-016	5.08137e-018	2.86867e-019	1.03033e-020	4.67845e-022	1.64764e-023	6.79023e-025	1.99215e-026	6.93082e-028	2.05303e-029	8.90214e-031	3.01547e-032	1.40031e-033	5.51666e-035	2.27514e-036	6.70525e-038	1.85157e-039	3.97304e-041	8.29571e-043	1.33825e-044	2.49809e-046	4.45655e-048	9.35922e-050	1.59309e-051	2.59364e-053	3.34719e-055	3.8434e-057	3.40668e-059	2.71094e-061	1.72512e-063	1.07885e-065	5.21626e-068	2.87527e-070	1.36102e-072	1.23515e-074	1.80386e-076	5.19163e-078	
N45	3.01886e-005	9.20418e-005	0.000327113	0.00111105	0.00349007	0.00921416	0.0187008	0.0333762	0.0616084	0.111836	0.167507	0.193593	0.162053	0.108045	0.0593918	0.0338103	0.0174889	0.0101721	0.00466859	0.00233873	0.000782448	0.00028529	6.11969e-005	1.55301e-005	1.97681e-006	3.63587e-007	2.96623e-008	4.62839e-009	2.95564e-010	4.20184e-011	2.54641e-012	3.77807e-013	2.23508e-014	3.53421e-015	2.54926e-016	5.30022e-017	4.80346e-018	1.00834e-018	1.11311e-019	2.37203e-020	2.45582e-021	4.51921e-022	4.5876e-023	8.86287e-024	8.19775e-025	1.33569e-025	1.3684e-026	1.95768e-027	1.63775e-028	1.49095e-029	9.35815e-031	6.27381e-032	2.8352e-033	1.49204e-034	6.61773e-036	3.65752e-037	1.53821e-038	6.7888e-040	2.34005e-041	7.4232e-043	1.71919e-044	3.72351e-046	6.56692e-048	1.20772e-049	1.66869e-051	2.55088e-053	3.24064e-055	6.00622e-057	1.63809e-058	1.32719e-059	
Scirpus_ficinioides	0	0	0	0	0	0	0	0	0	0	0	0	0	0	0	0	0	0	0	0	0	0	0	0	0	0	0	0	0	0	0	0	0	0	0	0	0	0	0	0	0	0	0	0	0	0	0	0	0	0	0	1	0	0	0	0	0	0	0	0	0	0	0	0	0	0	0	0	0	0	
N46	9.63236e-007	3.10271e-006	1.24889e-005	5.04789e-005	0.000211041	0.000834286	0.00220637	0.00382162	0.00756436	0.0219922	0.0636927	0.1456	0.231677	0.248632	0.168021	0.0766893	0.0227974	0.00521257	0.000846573	0.000119201	1.28602e-005	1.3575e-006	1.28343e-007	1.37457e-008	1.38845e-009	1.57064e-010	1.53243e-011	1.59096e-012	1.23948e-013	1.00613e-014	5.56317e-016	3.31337e-017	1.25338e-018	5.35176e-020	1.4391e-021	4.67873e-023	9.42877e-025	2.31419e-026	3.63274e-028	6.65602e-030	7.71931e-032	1.00157e-033	8.78808e-036	8.64845e-038	5.98524e-040	4.58557e-042	2.64561e-044	1.59152e-046	7.21271e-049	3.18037e-051	1.07843e-053	3.47345e-056	8.65046e-059	2.0924e-061	4.07904e-064	8.35491e-067	1.41244e-069	2.66081e-072	4.29498e-075	7.65635e-078	1.10578e-080	1.64676e-083	1.99213e-086	2.47815e-089	2.47044e-092	2.8154e-095	3.46443e-098	7.03211e-101	1.72961e-103	4.89328e-106	
N47	7.10163e-007	2.13295e-006	7.50293e-006	2.656e-005	9.73484e-005	0.000342195	0.000924237	0.00190118	0.00419185	0.0122864	0.0382997	0.102221	0.202905	0.271053	0.220873	0.107024	0.0307377	0.00602843	0.000891826	0.000149458	2.33981e-005	8.70457e-006	2.13081e-006	1.60577e-006	3.9473e-007	2.6239e-007	4.42088e-008	2.0282e-008	2.24509e-009	6.70438e-010	5.14538e-011	9.68495e-012	5.26965e-013	5.91362e-014	2.18042e-015	1.54049e-016	3.84037e-018	1.93367e-019	4.37743e-021	2.06817e-022	5.53533e-024	1.94202e-025	4.61119e-027	1.08333e-028	1.59107e-030	2.35002e-032	2.65575e-034	4.34771e-036	4.54671e-038	7.60391e-040	1.05873e-041	1.65304e-043	1.57779e-045	1.4746e-047	1.02859e-049	7.80058e-052	3.72687e-054	2.38207e-056	1.45224e-058	1.38598e-060	9.10894e-063	6.66792e-065	3.78986e-067	2.01479e-069	7.42391e-072	2.59332e-074	7.02927e-077	2.64373e-079	1.67554e-081	3.1585e-083	
Isolepis_crassiuscula	0	0	0	0	0	0	0	0	0	0	0	0	0	0	0	0	0	0	0	0	0	0	0	0	0	0	0	0	0	0	0	1	0	0	0	0	0	0	0	0	0	0	0	0	0	0	0	0	0	0	0	0	0	0	0	0	0	0	0	0	0	0	0	0	0	0	0	0	0	0	
N48	2.79268e-009	1.95781e-008	1.46698e-007	8.49556e-007	4.77859e-006	2.89566e-005	0.000106854	0.000143349	0.00015934	0.000737239	0.00615098	0.0386703	0.146904	0.304401	0.311429	0.1503	0.0359024	0.00468209	0.000359426	1.84815e-005	6.68976e-007	2.29495e-008	6.82588e-010	2.44761e-011	6.40215e-013	1.75414e-014	3.27443e-016	6.03412e-018	7.7723e-020	9.67031e-022	8.59953e-024	7.34498e-026	4.55333e-028	2.77022e-030	1.22575e-032	5.57078e-035	1.81661e-037	6.60857e-040	1.72792e-042	5.85518e-045	1.51706e-047	5.4699e-050	1.59536e-052	5.44724e-055	1.40529e-057	3.78429e-060	7.92121e-063	1.88402e-065	3.45249e-068	8.30809e-071	1.60176e-073	4.0045e-076	7.08069e-079	1.47949e-081	2.23104e-084	3.92821e-087	4.75503e-090	7.15686e-093	7.80888e-096	1.16325e-098	1.19448e-101	1.63729e-104	1.61765e-107	1.99341e-110	1.70457e-113	1.72764e-116	1.36139e-119	1.55545e-122	2.08499e-125	4.45648e-128	
Ficinia_spiralis	0	0	0	0	0	0	0	0	0	0	0	0	0	0	1	0	0	0	0	0	0	0	0	0	0	0	0	0	0	0	0	0	0	0	0	0	0	0	0	0	0	0	0	0	0	0	0	0	0	0	0	0	0	0	0	0	0	0	0	0	0	0	0	0	0	0	0	0	0	0	
Ficinia_nodosa	0	0	0	0	0	0	0	0	0	0	0	0	0	0	1	0	0	0	0	0	0	0	0	0	0	0	0	0	0	0	0	0	0	0	0	0	0	0	0	0	0	0	0	0	0	0	0	0	0	0	0	0	0	0	0	0	0	0	0	0	0	0	0	0	0	0	0	0	0	0	
N49	1.49919e-006	4.47195e-006	1.46937e-005	4.361e-005	0.000117784	0.000309195	0.000778387	0.0018359	0.00423663	0.0116883	0.0340031	0.0861388	0.172995	0.254016	0.242495	0.137725	0.0437875	0.00845062	0.0011541	0.000166587	2.71037e-005	7.79748e-006	1.91203e-006	9.37386e-007	3.21751e-007	2.03535e-007	6.36328e-008	3.04498e-008	6.40868e-009	2.02914e-009	2.79626e-010	5.62242e-011	5.03929e-012	6.17019e-013	3.49033e-014	2.60519e-015	9.29369e-017	4.65556e-018	1.27483e-019	5.71992e-021	1.69273e-022	6.5716e-024	1.80883e-025	4.94528e-027	8.95487e-029	1.57944e-030	2.04871e-032	3.34074e-034	3.72586e-036	6.40233e-038	8.91087e-040	1.52928e-041	1.6616e-043	1.8603e-045	1.51072e-047	1.31341e-049	7.35641e-052	5.11835e-054	2.96839e-056	2.79967e-058	1.85467e-060	1.52014e-062	9.57958e-065	6.04784e-067	2.66437e-069	1.14836e-071	3.94342e-074	1.93294e-076	1.40959e-078	2.11722e-080	
Isolepis_prolifera	0	0	0	0	0	0	0	0	0	0	0	0	0	0	0	0	0	0	0	0	0	0	0	0	0	0	0	0	0	0	0	0	1	0	0	0	0	0	0	0	0	0	0	0	0	0	0	0	0	0	0	0	0	0	0	0	0	0	0	0	0	0	0	0	0	0	0	0	0	0	
Isolepis_setacea	0	0	0	0	0	0	0	0	0	0	0	0	0	1	0	0	0	0	0	0	0	0	0	0	0	0	0	0	0	0	0	0	0	0	0	0	0	0	0	0	0	0	0	0	0	0	0	0	0	0	0	0	0	0	0	0	0	0	0	0	0	0	0	0	0	0	0	0	0	0	
Scirpoides_holoschoenus	0	0	0	0	0	0	0	0	0	0	0	0	0	0	0	0	0	0	0	0	1	0	0	0	0	0	0	0	0	0	0	0	0	0	0	0	0	0	0	0	0	0	0	0	0	0	0	0	0	0	0	0	0	0	0	0	0	0	0	0	0	0	0	0	0	0	0	0	0	0	
N50	1.11313e-005	3.92067e-005	0.000173973	0.000779392	0.00293883	0.00941146	0.0289393	0.0796658	0.164316	0.231469	0.209279	0.130549	0.0675524	0.0373114	0.0206249	0.01043	0.00427648	0.00157952	0.00047315	0.000139949	3.06954e-005	6.97046e-006	1.03045e-006	1.64754e-007	1.54706e-008	1.61113e-009	9.56023e-011	6.44573e-012	2.4813e-013	1.10347e-014	2.87626e-016	8.70521e-018	1.56601e-019	3.30959e-021	4.33602e-023	6.90337e-025	6.94609e-027	8.58745e-029	7.2239e-031	7.37157e-033	5.08389e-035	3.99565e-037	2.2741e-039	1.47441e-041	6.77509e-044	3.58852e-046	1.48116e-048	7.20731e-051	2.59161e-053	1.04424e-055	3.30472e-058	1.13405e-060	2.89878e-063	7.99075e-066	1.77912e-068	4.49343e-071	8.90522e-074	2.00441e-076	3.77428e-079	7.81215e-082	1.27022e-084	2.15035e-087	2.96983e-090	4.26974e-093	4.79963e-096	5.83187e-099	6.41234e-102	1.05138e-104	2.25218e-107	7.06604e-110	
N51	1.0013e-005	2.35382e-005	6.74026e-005	0.000215713	0.000672187	0.00191985	0.00559122	0.0167394	0.0413484	0.0697578	0.0730552	0.0520216	0.0326027	0.0235353	0.0206279	0.0257424	0.0354481	0.0581787	0.0743544	0.117259	0.109112	0.116588	0.0646808	0.0410121	0.0131438	0.0050238	0.000988282	0.00024329	3.19646e-005	5.24924e-006	4.87558e-007	5.40433e-008	3.44245e-009	2.61974e-010	1.27336e-011	8.65878e-013	3.94546e-014	2.44661e-015	1.10529e-016	5.60511e-018	1.85577e-019	6.31698e-021	1.53593e-022	4.2174e-024	7.80409e-026	1.89787e-027	3.75132e-029	9.91901e-031	1.84516e-032	3.74731e-034	5.76879e-036	8.97032e-038	1.00534e-039	1.17126e-041	1.12388e-043	1.37374e-045	1.44972e-047	1.89267e-049	2.11552e-051	2.38406e-053	2.10312e-055	1.73128e-057	1.14483e-059	7.19469e-062	3.55957e-064	1.84664e-066	9.02953e-069	8.07138e-071	1.11689e-072	2.51097e-074	
Cyperus_fuscus	0	0	0	0	0	0	0	0	0	0	0	0	0	0	0	0	0	0	0	0	0	0	0	1	0	0	0	0	0	0	0	0	0	0	0	0	0	0	0	0	0	0	0	0	0	0	0	0	0	0	0	0	0	0	0	0	0	0	0	0	0	0	0	0	0	0	0	0	0	0	
Cyperus_eragrostis	0	0	0	0	0	0	0	0	0	0	0	0	0	0	0	0	0	0	0	0	1	0	0	0	0	0	0	0	0	0	0	0	0	0	0	0	0	0	0	0	0	0	0	0	0	0	0	0	0	0	0	0	0	0	0	0	0	0	0	0	0	0	0	0	0	0	0	0	0	0	
N52	4.00123e-006	1.60867e-005	8.76976e-005	0.000463417	0.00201503	0.00775033	0.0269598	0.074577	0.151668	0.222103	0.22355	0.154683	0.0792807	0.0347704	0.0138336	0.00526108	0.00194495	0.000720208	0.000233726	6.27798e-005	1.24414e-005	1.92135e-006	2.13255e-007	1.91009e-008	1.21739e-009	6.86543e-011	2.69659e-012	1.25161e-013	3.68041e-015	2.04344e-016	5.09262e-018	2.95015e-019	5.68046e-021	2.83066e-022	4.32999e-024	1.76106e-025	2.16062e-027	6.75953e-029	6.82487e-031	1.68186e-032	1.34419e-034	2.54197e-036	1.648e-038	2.67645e-040	1.48568e-042	1.99638e-044	1.07028e-046	1.21924e-048	6.16208e-051	5.28303e-053	2.41012e-055	1.62843e-057	6.23959e-060	3.56442e-062	1.50057e-064	9.2187e-067	4.18502e-069	2.21322e-071	9.55478e-074	4.27479e-076	1.41829e-078	4.73495e-081	1.33134e-083	4.54524e-086	1.24601e-088	4.28342e-091	1.31406e-093	5.13412e-096	2.49202e-098	2.55457e-100	
N53	3.17369e-006	1.17312e-005	4.5117e-005	0.000178981	0.000876581	0.00319394	0.0129378	0.0566433	0.186746	0.346825	0.261727	0.0926522	0.0245233	0.00670166	0.00290026	0.00186998	0.0012034	0.000637031	0.000244586	6.58656e-005	1.11646e-005	1.33788e-006	1.05172e-007	8.98931e-009	6.13745e-010	7.07972e-011	4.61291e-012	4.24965e-013	1.64782e-014	8.93711e-016	2.10983e-017	7.62698e-019	1.26398e-020	3.14159e-022	3.44731e-024	5.31785e-026	3.56517e-028	3.28854e-030	1.36891e-032	8.03884e-035	2.22983e-037	8.82159e-040	1.86187e-042	5.57219e-045	9.95841e-048	2.34705e-050	3.96909e-053	8.46839e-056	1.34663e-058	2.7142e-061	4.79152e-064	1.09463e-066	1.93966e-069	4.03629e-072	6.83499e-075	1.25945e-077	1.62107e-080	2.16356e-083	2.24251e-086	2.61288e-089	2.16378e-092	2.06068e-095	1.57797e-098	1.39242e-101	8.66093e-105	5.92083e-108	3.28687e-111	2.35798e-114	1.99686e-117	2.76193e-120	
N54	6.67051e-007	2.68461e-006	1.3147e-005	7.23158e-005	0.000397863	0.00170153	0.0068788	0.0280561	0.0916693	0.175245	0.148552	0.0651858	0.0214959	0.00752264	0.00339856	0.00440136	0.00434693	0.0295612	0.0287045	0.144934	0.0593529	0.120907	0.0211384	0.0261324	0.00386869	0.00481531	0.000875924	0.000615929	0.000115395	3.2e-005	4.45613e-006	8.08545e-007	6.82897e-008	7.9027e-009	7.39447e-010	2.00705e-010	2.15882e-011	2.44381e-012	1.60808e-013	7.65006e-015	1.84036e-016	3.40823e-018	4.07129e-020	6.8404e-022	6.31762e-024	1.58918e-025	3.5098e-027	6.52391e-029	7.21159e-031	5.84274e-033	3.20079e-035	1.35415e-037	3.90871e-040	1.14606e-042	4.35273e-045	3.60284e-047	2.56698e-049	1.55507e-051	6.46937e-054	1.98224e-056	4.22818e-059	6.99634e-062	8.55764e-065	9.3346e-068	7.26515e-071	7.93668e-074	5.70901e-077	1.67182e-079	5.21604e-082	7.93022e-084	
N55	7.67107e-007	2.92648e-006	1.38889e-005	7.45016e-005	0.000393544	0.00176991	0.00629509	0.0202719	0.0604635	0.115829	0.109897	0.0606342	0.0272337	0.0129528	0.0062277	0.00534041	0.00617411	0.0228381	0.0498923	0.141613	0.126853	0.124026	0.0471315	0.0266745	0.0107665	0.00868308	0.00351038	0.00237073	0.000896543	0.000594209	0.000273324	0.000183345	5.91779e-005	3.53375e-005	9.65575e-006	1.11275e-005	2.21362e-006	1.33029e-006	2.91122e-007	9.24807e-008	7.51442e-009	8.38302e-010	3.37667e-011	4.14461e-012	8.31733e-014	6.44616e-015	1.79617e-016	1.57005e-017	5.01734e-019	1.89557e-020	3.94798e-022	7.04631e-024	6.844e-026	7.29857e-028	6.15615e-030	1.30467e-031	2.70042e-033	7.24495e-035	1.37448e-036	1.98646e-038	1.81075e-040	1.21292e-042	5.47541e-045	2.31101e-047	7.55458e-050	3.80609e-052	1.91407e-054	2.22219e-056	3.0426e-058	1.15012e-059	
N56	9.04503e-011	2.42662e-012	1.06081e-013	2.37626e-012	4.08819e-011	2.07336e-011	1.64211e-009	2.18936e-007	9.19065e-006	1.0106e-005	2.11321e-007	1.43643e-009	1.30879e-011	6.90527e-011	4.05434e-010	1.7598e-010	1.63303e-008	1.81853e-006	0.000124514	0.000555175	5.21626e-006	2.27145e-008	5.23968e-011	1.96298e-013	1.70243e-013	2.41183e-011	2.93315e-009	1.81757e-007	3.34864e-006	1.79711e-006	2.2619e-008	1.18793e-010	2.60328e-012	2.08671e-011	5.39464e-009	1.39644e-006	0.000183971	0.0177145	0.490139	0.48152	0.00964968	8.019e-005	2.58237e-007	6.03484e-010	7.16192e-013	7.54793e-016	4.61333e-019	2.81842e-022	1.05085e-025	4.0988e-029	1.02516e-032	2.67801e-036	4.52173e-040	7.94195e-044	9.34766e-048	1.20752e-051	1.08146e-055	1.16111e-059	9.71941e-064	9.67421e-068	7.4171e-072	5.75432e-076	3.45339e-080	1.96221e-084	8.76153e-089	4.01471e-093	1.90458e-097	1.34902e-101	1.16334e-105	1.07326e-109	
Cyperus_houghtonii	0	0	0	0	0	0	0	0	0	0	0	0	0	0	0	0	0	0	0	0	0	0	0	0	0	0	0	0	0	0	0	0	0	0	0	0	0	0	1	0	0	0	0	0	0	0	0	0	0	0	0	0	0	0	0	0	0	0	0	0	0	0	0	0	0	0	0	0	0	0	
Cyperus_schweinitzii	0	0	0	0	0	0	0	0	0	0	0	0	0	0	0	0	0	0	0	0	0	0	0	0	0	0	0	0	0	0	0	0	0	0	0	0	0	0	0	1	0	0	0	0	0	0	0	0	0	0	0	0	0	0	0	0	0	0	0	0	0	0	0	0	0	0	0	0	0	0	
Lipocarpha_micrantha	0	0	0	0	0	0	0	0	0	0	0	0	0	0	0	0	0	0	0	0	0	0	0	0	0	1	0	0	0	0	0	0	0	0	0	0	0	0	0	0	0	0	0	0	0	0	0	0	0	0	0	0	0	0	0	0	0	0	0	0	0	0	0	0	0	0	0	0	0	0	
Lipocarpha_microcephala	0	0	0	0	0	0	0	0	0	0	0	0	0	0	0	0	0	0	0	0	0	0	1	0	0	0	0	0	0	0	0	0	0	0	0	0	0	0	0	0	0	0	0	0	0	0	0	0	0	0	0	0	0	0	0	0	0	0	0	0	0	0	0	0	0	0	0	0	0	0	
N57	1.71768e-006	6.48826e-006	3.34902e-005	0.000194713	0.00116315	0.00704921	0.0374222	0.134882	0.275875	0.292589	0.165443	0.0607392	0.0175088	0.00455664	0.00145926	0.000591444	0.000295494	0.00013461	4.37375e-005	9.52353e-006	1.44428e-006	1.7402e-007	1.91926e-008	1.95065e-009	1.50144e-010	9.03968e-012	4.29915e-013	2.00043e-014	8.49291e-016	4.2882e-017	1.2837e-018	4.9341e-020	8.92294e-022	5.59556e-023	2.0685e-024	4.08327e-025	2.76447e-026	5.01734e-027	2.1912e-028	2.17706e-029	6.35759e-031	5.56325e-032	1.85383e-033	2.22044e-034	9.82328e-036	1.25747e-036	4.75755e-038	4.12909e-039	1.36293e-040	6.6207e-042	1.75779e-043	6.1138e-045	1.31399e-046	3.37477e-048	5.35857e-050	1.48962e-051	3.28156e-053	7.58979e-055	1.103e-056	1.12112e-058	6.77836e-061	2.81664e-063	7.54358e-066	1.78656e-068	3.42329e-071	1.0937e-073	3.86572e-076	1.58295e-078	6.25656e-081	3.43444e-083	
N58	2.32944e-007	3.65379e-006	6.39692e-005	0.000774722	0.00643288	0.041261	0.164442	0.324935	0.299497	0.12973	0.0288102	0.00370487	0.000319355	2.23652e-005	1.46546e-006	8.89286e-008	4.42763e-009	1.68028e-010	4.71632e-012	9.8555e-014	1.55221e-015	1.90274e-017	1.86623e-019	1.49443e-021	9.78725e-024	5.2497e-026	2.30831e-028	8.49776e-031	2.67252e-033	7.60279e-036	1.96628e-038	5.22257e-041	1.30057e-043	4.26849e-046	1.16988e-048	4.85779e-051	1.32256e-053	5.21639e-056	1.22655e-058	3.93684e-061	7.57953e-064	1.99049e-066	3.34924e-069	7.85478e-072	1.29586e-074	2.76599e-077	4.40551e-080	7.85419e-083	1.07315e-085	1.4932e-088	1.62745e-091	1.75722e-094	1.51482e-097	1.31232e-100	9.1887e-104	6.86211e-107	4.27322e-110	3.10028e-113	1.92979e-116	1.44248e-119	9.21123e-123	6.68887e-126	4.13321e-129	2.76913e-132	1.60003e-135	1.09547e-138	9.47268e-142	1.39424e-144	2.44517e-147	4.51065e-150	
Kyllinga_brevifolia	0	0	0	0	0	0	0	0	1	0	0	0	0	0	0	0	0	0	0	0	0	0	0	0	0	0	0	0	0	0	0	0	0	0	0	0	0	0	0	0	0	0	0	0	0	0	0	0	0	0	0	0	0	0	0	0	0	0	0	0	0	0	0	0	0	0	0	0	0	0	
Kyllinga_bulbosa	0	0	0	0	0	0	1	0	0	0	0	0	0	0	0	0	0	0	0	0	0	0	0	0	0	0	0	0	0	0	0	0	0	0	0	0	0	0	0	0	0	0	0	0	0	0	0	0	0	0	0	0	0	0	0	0	0	0	0	0	0	0	0	0	0	0	0	0	0	0	
N59	9.85487e-007	3.45549e-006	1.83898e-005	0.000126714	0.000921805	0.00621299	0.0333298	0.117664	0.236914	0.25396	0.152878	0.0613208	0.0180064	0.00531731	0.0016687	0.00155688	0.000730716	0.00337777	0.0014621	0.0062762	0.00177795	0.00582401	0.00149983	0.00653185	0.00192263	0.0056641	0.0020247	0.00407521	0.00341339	0.00269377	0.000838112	0.000184111	1.70908e-005	3.91769e-006	1.82514e-006	1.17354e-005	3.08593e-005	0.00011095	0.000209498	0.000246314	0.000151881	8.75267e-005	4.31054e-005	6.41716e-005	6.1036e-005	0.000362692	0.00192964	0.00736935	0.0138224	0.0148266	0.00982453	0.00534992	0.00220061	0.000903085	0.000562556	0.000931008	0.00114145	0.000973073	0.00044319	0.000109182	1.34663e-005	9.29017e-007	3.67824e-008	1.1909e-009	2.77093e-011	1.23247e-012	2.7037e-014	2.49513e-015	1.42965e-016	7.96802e-017	
Cyperus_papyrus	0	0	0	0	0	0	0	0	0	0	0	0	0	0	0	0	0	0	0	0	0	0	0	0	0	0	0	0	0	0	0	0	0	0	0	0	0	0	0	0	0	0	0	0	0	0	0	0	0	1	0	0	0	0	0	0	0	0	0	0	0	0	0	0	0	0	0	0	0	0	
Cyperus_longus	0	0	0	0	0	0	0	0	0	0	0	0	0	0	0	0	0	0	0	0	0	0	0	0	0	0	0	0	0	0	0	0	0	0	0	0	0	0	0	0	0	0	0	0	0	0	0	0	0	0	0	0	0	0	0	0	0	0	0	1	0	0	0	0	0	0	0	0	0	0	
N60	6.12e-014	9.08857e-012	6.89197e-010	3.07918e-008	1.66249e-007	2.47405e-006	2.28375e-005	0.000449012	1.63959e-005	2.13981e-007	3.19853e-008	2.67705e-006	0.000209997	0.00891568	0.160063	0.774757	0.054446	0.00110421	9.87892e-006	5.71145e-008	1.99659e-010	5.57412e-013	1.01532e-015	1.6141e-018	1.73254e-021	1.73291e-024	1.2081e-027	8.31342e-031	4.07321e-034	2.0524e-037	7.47943e-041	2.86116e-044	7.95392e-048	2.37566e-051	5.29587e-055	1.32573e-058	2.53043e-062	5.54104e-066	9.55163e-070	1.83835e-073	2.7158e-077	4.27387e-081	5.26075e-085	6.93612e-089	7.13348e-093	8.1117e-097	7.53757e-101	7.95483e-105	6.74842e-109	6.28357e-113	4.75123e-117	3.80058e-121	2.41855e-125	1.62405e-129	9.06039e-134	5.58395e-138	2.90201e-142	1.69432e-146	8.59785e-151	4.69764e-155	2.1362e-159	9.88094e-164	3.84294e-168	1.51905e-172	5.10831e-177	1.91009e-181	7.50588e-186	4.08979e-190	2.59096e-194	1.84484e-198	
Cyperus_involucratus	0	0	0	0	0	0	0	0	0	0	0	0	0	0	0	1	0	0	0	0	0	0	0	0	0	0	0	0	0	0	0	0	0	0	0	0	0	0	0	0	0	0	0	0	0	0	0	0	0	0	0	0	0	0	0	0	0	0	0	0	0	0	0	0	0	0	0	0	0	0	
Cyperus_alternifolius	0	0	0	0	0	0	0	0	0	0	0	0	0	0	0	1	0	0	0	0	0	0	0	0	0	0	0	0	0	0	0	0	0	0	0	0	0	0	0	0	0	0	0	0	0	0	0	0	0	0	0	0	0	0	0	0	0	0	0	0	0	0	0	0	0	0	0	0	0	0	
N61	1.45094e-005	4.74466e-005	0.000216178	0.000955463	0.00321686	0.0099354	0.0287394	0.0655666	0.100444	0.120188	0.124455	0.12875	0.135027	0.127588	0.0885394	0.0454433	0.0158878	0.00413493	0.000735828	0.000103116	1.00074e-005	8.06661e-007	4.59911e-008	2.3075e-009	8.32116e-011	2.76264e-012	6.71281e-014	1.55586e-015	2.67133e-017	4.50249e-019	5.71441e-021	7.24648e-023	6.97886e-025	6.85768e-027	5.22663e-029	4.15435e-031	2.57898e-033	1.6858e-035	8.77408e-038	4.84222e-040	2.12295e-042	9.78731e-045	3.65379e-047	1.44578e-049	4.64029e-052	1.58416e-054	4.49229e-057	1.3562e-059	3.37672e-062	8.88031e-065	1.96217e-067	4.5432e-070	8.77304e-073	1.77908e-075	3.08798e-078	5.67633e-081	8.88854e-084	1.46431e-086	2.08524e-089	3.10081e-092	3.91756e-095	5.10502e-098	5.7453e-101	6.80478e-104	7.1635e-107	8.66432e-110	1.1091e-112	1.80285e-115	3.1909e-118	6.67327e-121	
Schoenoplectus_hallii	0	0	0	0	0	0	0	0	0	0	1	0	0	0	0	0	0	0	0	0	0	0	0	0	0	0	0	0	0	0	0	0	0	0	0	0	0	0	0	0	0	0	0	0	0	0	0	0	0	0	0	0	0	0	0	0	0	0	0	0	0	0	0	0	0	0	0	0	0	0	
N62	5.69038e-006	1.45535e-005	5.2484e-005	0.000238266	0.000976056	0.00363567	0.0124236	0.0317592	0.0639074	0.102484	0.107504	0.0879188	0.0949285	0.132716	0.14083	0.115789	0.0566083	0.0333555	0.0088479	0.00500556	0.000726939	0.000250736	1.87656e-005	3.65113e-006	1.54339e-007	1.81447e-008	5.15644e-010	3.93881e-011	8.74431e-013	4.16786e-014	7.51591e-016	2.30956e-017	2.96547e-019	6.03119e-021	6.92897e-023	1.53603e-024	1.96514e-026	3.6544e-028	5.04071e-030	7.37939e-032	6.64147e-034	5.92e-036	3.95224e-038	3.21185e-040	1.66761e-042	1.3176e-044	9.71371e-047	9.01751e-049	5.57308e-051	3.47621e-053	1.69903e-055	7.90798e-058	2.61847e-060	9.11263e-063	2.96362e-065	1.34938e-067	5.43521e-070	2.54789e-072	1.00883e-074	3.71702e-077	1.05713e-079	2.68083e-082	5.38814e-085	1.00645e-087	1.41372e-090	2.10401e-093	2.43403e-096	5.78422e-099	2.73915e-101	3.4807e-103	
Schoenoplectus_articulatus	0	0	0	0	0	0	0	0	0	0	0	0	0	0	1	0	0	0	0	0	0	0	0	0	0	0	0	0	0	0	0	0	0	0	0	0	0	0	0	0	0	0	0	0	0	0	0	0	0	0	0	0	0	0	0	0	0	0	0	0	0	0	0	0	0	0	0	0	0	0	
N63	1.09292e-008	3.14019e-009	1.12878e-009	2.98189e-009	4.19919e-008	2.25422e-008	2.50936e-007	1.29773e-005	0.000364622	0.00156434	0.000284295	1.00198e-005	1.09674e-006	8.35753e-007	8.815e-006	0.000344307	0.00770192	0.089105	0.386727	0.405883	0.0973929	0.0102854	0.000306292	6.26601e-006	5.40344e-008	4.20821e-010	1.60483e-012	6.33716e-015	1.32448e-017	3.11207e-020	4.09648e-023	6.27874e-026	5.58034e-029	5.79173e-032	3.60996e-035	2.71569e-038	1.27166e-041	7.80274e-045	3.4242e-048	2.0271e-051	8.58314e-055	4.1101e-058	1.44893e-061	5.33287e-065	1.36933e-068	3.83899e-072	8.28314e-076	2.29323e-079	4.64275e-083	1.198e-086	2.39577e-090	5.39837e-094	8.53357e-098	1.41255e-101	1.76815e-105	2.4757e-109	2.55171e-113	3.2733e-117	3.57953e-121	4.96501e-125	5.3186e-129	6.12502e-133	5.58426e-137	5.06555e-141	3.475e-145	2.42145e-149	1.47391e-153	1.34763e-157	1.73407e-161	3.14936e-165	
N64	1.37494e-011	6.49387e-012	1.11531e-012	3.5383e-012	6.63578e-011	3.93476e-011	9.97835e-011	2.24225e-008	3.48518e-006	0.000108609	4.03801e-005	3.48523e-007	3.57695e-009	4.05953e-010	1.52712e-009	4.46903e-008	1.16079e-005	0.00145605	0.0621136	0.603667	0.301057	0.0313358	0.000205714	4.78132e-007	6.97594e-010	3.15766e-012	1.49887e-014	5.31317e-017	7.33568e-020	1.18676e-022	5.6147e-026	1.82881e-028	5.65954e-032	1.53495e-034	2.99914e-038	5.10209e-041	6.69324e-045	6.21118e-048	5.51384e-052	2.35421e-055	1.21974e-059	3.4122e-063	1.21829e-067	3.0413e-071	1.93077e-075	6.54092e-079	1.54964e-082	3.06558e-086	3.5479e-090	2.30645e-094	8.97113e-099	2.75954e-103	8.10027e-108	1.30579e-111	2.63333e-115	5.87698e-119	8.48653e-123	8.86406e-127	5.47477e-131	1.96568e-135	4.14818e-140	7.34575e-145	1.31124e-149	1.76097e-153	1.30939e-157	1.66802e-161	1.44601e-165	9.78739e-170	4.71637e-174	5.36522e-178	
Schoenoplectus_smithii_var_smithii	0	0	0	0	0	0	0	0	0	0	0	0	0	0	0	0	0	0	0	1	0	0	0	0	0	0	0	0	0	0	0	0	0	0	0	0	0	0	0	0	0	0	0	0	0	0	0	0	0	0	0	0	0	0	0	0	0	0	0	0	0	0	0	0	0	0	0	0	0	0	
Schoenoplectiella_hotarui	0	0	0	0	0	0	0	0	0	0	0	0	0	0	0	0	0	0	0	0	0	1	0	0	0	0	0	0	0	0	0	0	0	0	0	0	0	0	0	0	0	0	0	0	0	0	0	0	0	0	0	0	0	0	0	0	0	0	0	0	0	0	0	0	0	0	0	0	0	0	
Schoenoplectus_purshianus_var_purshianus	0	0	0	0	0	0	0	0	0	0	0	0	0	0	0	0	0	0	1	0	0	0	0	0	0	0	0	0	0	0	0	0	0	0	0	0	0	0	0	0	0	0	0	0	0	0	0	0	0	0	0	0	0	0	0	0	0	0	0	0	0	0	0	0	0	0	0	0	0	0	
Fuirena_ciliaris	0	0	0	0	0	0	0	0	0	0	0	0	0	0	0	0	0	0	1	0	0	0	0	0	0	0	0	0	0	0	0	0	0	0	0	0	0	0	0	0	0	0	0	0	0	0	0	0	0	0	0	0	0	0	0	0	0	0	0	0	0	0	0	0	0	0	0	0	0	0	
N65	1.05755e-007	4.12015e-007	4.70696e-006	3.27117e-005	0.000191955	0.00144921	0.00480071	0.00294536	0.000576117	7.98816e-005	0.000173979	0.00119894	0.00243547	0.00800215	0.00730026	0.00427515	0.00347607	0.00201305	0.000354236	7.89677e-005	0.000106659	0.00135754	0.0198229	0.0756168	0.0841599	0.161396	0.341377	0.236109	0.0377143	0.00280458	0.000114744	1.61207e-005	8.83991e-006	4.27425e-006	1.24589e-006	2.47671e-007	2.36781e-008	9.41984e-010	1.89292e-011	4.63538e-013	7.54048e-014	2.3191e-014	5.25925e-015	9.95991e-016	1.23922e-016	1.12071e-017	5.2553e-019	1.06905e-020	1.13015e-022	8.7754e-025	4.62481e-027	2.05238e-029	6.7347e-032	1.97747e-034	4.54772e-037	9.69155e-040	1.65685e-042	2.67582e-045	3.56234e-048	4.56251e-051	4.84892e-054	5.0233e-057	4.46037e-060	4.03168e-063	3.34042e-066	3.07032e-069	2.90828e-072	3.05084e-075	3.19861e-078	3.55802e-081	
Bolboschoenus_planiculmis	0	0	0	0	0	0	0	0	0	0	0	0	0	0	0	0	0	0	0	0	0	0	0	0	0	0	0	1	0	0	0	0	0	0	0	0	0	0	0	0	0	0	0	0	0	0	0	0	0	0	0	0	0	0	0	0	0	0	0	0	0	0	0	0	0	0	0	0	0	0	
Bolboschoenus_fluviatilis	0	0	0	0	0	0	0	0	0	0	0	0	0	0	0	0	0	0	0	0	0	0	0	0	0	0	0	0	0	0	0	0	0	0	0	0	0	0	0	0	0	0	0	0	0	0	1	0	0	0	0	0	0	0	0	0	0	0	0	0	0	0	0	0	0	0	0	0	0	0	
