NODE	1	2	3	4	5	6	7	8	9	10	11	12	13	14	15	16	17	18	19	20	21	22	23	24	25	26	27	28	29	30	31	32	33	34	35	36	37	38	39	40	41	42	43	44	45	46	47	48	49	50	51	52	53	54	55	56	57	58	59	60	61	62	63	64	65	66	
N1	0.120043	0.118405	0.11502	0.109659	0.10215	0.0925325	0.0811409	0.0685957	0.0557085	0.0433315	0.0321994	0.022811	0.0153795	0.0098541	0.00599292	0.00345581	0.00188778	0.000976059	0.000477303	0.000220598	9.62977e-05	3.96811e-05	1.54268e-05	5.65565e-06	1.95446e-06	6.36426e-07	1.95214e-07	5.63898e-08	1.53362e-08	3.92631e-09	9.46096e-10	2.14545e-10	4.57823e-11	9.19274e-12	1.73678e-12	3.0874e-13	8.64101e-17	3.42803e-17	1.31922e-17	4.92484e-18	1.78357e-18	6.26659e-19	2.13618e-19	7.06542e-20	2.26757e-20	7.06214e-21	2.13453e-21	6.2617e-22	1.78298e-22	4.92843e-23	1.32257e-23	3.4461e-24	8.71931e-25	2.14258e-25	5.11389e-26	1.18577e-26	2.67168e-27	5.85127e-28	1.24642e-28	2.58548e-29	5.23548e-30	1.04046e-30	2.05273e-31	4.11996e-32	8.92619e-33	2.6902e-33	
N2	0.0300088	0.0336936	0.0381826	0.0434352	0.048939	0.0544578	0.0592921	0.063244	0.0656589	0.0666069	0.0656573	0.0632411	0.0591792	0.0541785	0.0482004	0.0420317	0.0356231	0.0296624	0.0240009	0.0191365	0.0148175	0.0113517	0.00843758	0.00624047	0.00447155	0.00321257	0.00223134	0.00156859	0.00106207	0.000735203	0.000487421	0.000333512	0.000216767	0.000146515	9.32044e-05	6.20216e-05	3.84601e-05	2.50618e-05	1.50934e-05	9.59336e-06	5.59114e-06	3.45354e-06	1.94522e-06	1.16668e-06	6.34205e-07	3.68823e-07	1.9369e-07	1.09385e-07	5.5484e-08	3.04097e-08	1.49367e-08	7.96913e-09	3.79215e-09	1.9693e-09	9.1292e-10	4.648e-10	2.11393e-10	1.06554e-10	4.88929e-11	2.53432e-11	1.24552e-11	7.1477e-12	4.24032e-12	3.08546e-12	2.60823e-12	2.89668e-12	
N3	0.00618973	0.00733498	0.00915322	0.0118057	0.0153593	0.0199289	0.0254249	0.0318061	0.0387207	0.0459444	0.0528825	0.059229	0.0642972	0.0678853	0.0694318	0.0690248	0.066416	0.0620639	0.0560758	0.0491656	0.0416396	0.0342035	0.0271202	0.0208525	0.0154699	0.0111307	0.00772535	0.00520255	0.00337927	0.00213127	0.00129646	0.000766488	0.000437087	0.000242542	0.000129823	6.77202e-05	3.40761e-05	1.67393e-05	7.93237e-06	3.67695e-06	1.64407e-06	7.20656e-07	3.04661e-07	1.26564e-07	5.0693e-08	2.00023e-08	7.60679e-09	2.85739e-09	1.03415e-09	3.7077e-10	1.281e-10	4.39929e-11	1.45767e-11	4.82175e-12	1.54386e-12	4.96274e-13	1.55321e-13	4.91159e-14	1.52446e-14	4.80461e-15	1.49808e-15	4.75733e-16	1.51702e-16	5.10989e-17	1.98543e-17	1.17363e-17	
Blysmus_compressus	0	0	0	0	0	0	0	0	0	0	0	0	0	0	0	0	0	0	0	0	0	1	0	0	0	0	0	0	0	0	0	0	0	0	0	0	0	0	0	0	0	0	0	0	0	0	0	0	0	0	0	0	0	0	0	0	0	0	0	0	0	0	0	0	0	0	
Dulichium_arundinaceum	0	0	0	0	0	0	0	0	0	0	0	0	0	0	0	1	0	0	0	0	0	0	0	0	0	0	0	0	0	0	0	0	0	0	0	0	0	0	0	0	0	0	0	0	0	0	0	0	0	0	0	0	0	0	0	0	0	0	0	0	0	0	0	0	0	0	
N4	0.000696988	0.000884218	0.00123691	0.0018299	0.00274973	0.00411617	0.00603066	0.00862162	0.0119378	0.0160586	0.0208967	0.0264391	0.0324001	0.038676	0.0447725	0.050566	0.0554231	0.0593485	0.0617092	0.0627919	0.0620765	0.0601783	0.0567011	0.052496	0.0472252	0.0418232	0.0359493	0.030477	0.0250317	0.0203241	0.0159523	0.0124159	0.00931804	0.00696158	0.00500093	0.00359244	0.00247267	0.00170986	0.00112837	0.000751402	0.00047523	0.000304451	0.000184348	0.000113437	6.56398e-05	3.87047e-05	2.13688e-05	1.20531e-05	6.33897e-06	3.41449e-06	1.71005e-06	8.79716e-07	4.19815e-07	2.06551e-07	9.43463e-08	4.46935e-08	1.97542e-08	9.14825e-09	4.01831e-09	1.88186e-09	8.62408e-10	4.31384e-10	2.2174e-10	1.29246e-10	8.60169e-11	7.69491e-11	
N5	3.00214e-06	4.20438e-06	6.91832e-06	1.24177e-05	2.2941e-05	4.24621e-05	7.72351e-05	0.000137444	0.000237523	0.000398994	0.000649174	0.00102757	0.00158275	0.00238803	0.00352928	0.00512851	0.00729869	0.010176	0.0138083	0.0182148	0.0231821	0.0284426	0.0334229	0.0376943	0.0406756	0.0423238	0.0425863	0.0420906	0.0412138	0.040755	0.0408255	0.0417702	0.0430502	0.0445925	0.0454913	0.045803	0.0447213	0.0427591	0.0393604	0.0354472	0.0306366	0.0259708	0.0210916	0.0168679	0.0129017	0.00976003	0.00704591	0.00505107	0.0034456	0.00234193	0.00151027	0.000973386	0.000593978	0.000363542	0.000210787	0.000123268	6.86661e-05	3.89394e-05	2.13217e-05	1.20522e-05	6.72977e-06	3.95182e-06	2.37618e-06	1.56439e-06	1.15784e-06	1.08592e-06	
Trichophorum_cespitosum	0	0	0	0	0	0	0	0	0	0	0	0	0	0	0	0	0	0	0	0	0	0	0	0	0	0	0	0	0	0	0	0	0	0	0	0	0	0	0	0	0	0	0	0	0	0	0	0	0	0	0	1	0	0	0	0	0	0	0	0	0	0	0	0	0	0	
N6	7.46267e-17	1.10764e-15	1.95864e-14	2.94059e-13	3.55245e-12	3.61807e-11	2.86417e-10	1.3766e-09	8.66407e-09	3.9126e-08	7.47985e-08	1.75114e-07	1.09764e-06	6.8135e-06	2.41785e-05	4.72372e-05	5.83785e-05	5.12861e-05	5.12224e-05	0.000123127	0.000284242	0.000450558	0.000523003	0.000463629	0.000316872	0.000184031	0.00025861	0.00140458	0.00718227	0.0266378	0.0710195	0.138235	0.198839	0.213724	0.171887	0.103315	0.0458926	0.0148896	0.00347154	0.000580511	7.07e-05	6.46502e-06	4.55799e-07	2.54906e-08	1.15322e-09	4.31202e-11	1.35017e-12	3.59908e-14	8.23934e-16	1.64198e-17	2.86548e-19	4.432e-21	6.10126e-23	7.56361e-25	8.47323e-27	8.68421e-29	8.17152e-31	7.1545e-33	5.84892e-35	4.52394e-37	3.31606e-39	2.32613e-41	1.55781e-43	1.00041e-45	6.13192e-48	4.15019e-50	
Trichophorum_pumilum	0	0	0	0	0	0	0	0	0	0	0	0	0	0	0	0	0	0	0	0	0	0	0	0	0	0	0	0	0	0	0	0	0	0	0	0	0	0	1	0	0	0	0	0	0	0	0	0	0	0	0	0	0	0	0	0	0	0	0	0	0	0	0	0	0	0	
Trichophorum_alpinum	0	0	0	0	0	0	0	0	0	0	0	0	0	0	0	0	0	0	0	0	0	0	0	0	0	0	0	0	1	0	0	0	0	0	0	0	0	0	0	0	0	0	0	0	0	0	0	0	0	0	0	0	0	0	0	0	0	0	0	0	0	0	0	0	0	0	
N7	9.90198e-10	3.81527e-09	1.7616e-08	7.90986e-08	3.25346e-07	1.20658e-06	4.1611e-06	1.34418e-05	3.86935e-05	9.64432e-05	0.000206956	0.000395073	0.000715474	0.0013299	0.00259214	0.00512343	0.00979008	0.0176608	0.0296355	0.0461114	0.0660845	0.0872269	0.10546	0.11693	0.118325	0.10954	0.0923683	0.0711941	0.0499467	0.0320411	0.0187133	0.0100074	0.00487667	0.00218059	0.000889739	0.000334041	0.000114632	3.63165e-05	1.05362e-05	2.83275e-06	6.98783e-07	1.60424e-07	3.38545e-08	6.68024e-09	1.21374e-09	2.07254e-10	3.26364e-11	4.857e-12	6.6748e-13	8.72241e-14	1.05411e-14	1.21983e-15	1.30832e-16	1.35505e-17	1.30649e-18	1.22954e-19	1.08615e-20	9.48814e-22	7.88108e-23	6.55085e-24	5.24867e-25	4.23262e-26	3.3409e-27	2.70499e-28	2.29843e-29	2.51526e-30	
Scirpus_radicans	0	0	0	0	0	0	0	0	0	0	0	0	0	0	0	0	0	0	0	0	0	0	0	0	0	0	0	1	0	0	0	0	0	0	0	0	0	0	0	0	0	0	0	0	0	0	0	0	0	0	0	0	0	0	0	0	0	0	0	0	0	0	0	0	0	0	
N8	5.98146e-11	2.20403e-10	1.09017e-09	5.59289e-09	2.7295e-08	1.22809e-07	5.10932e-07	1.94904e-06	6.59552e-06	1.94796e-05	5.0556e-05	0.000119838	0.000273794	0.00062686	0.00143192	0.00317896	0.00668606	0.0131381	0.0238826	0.0399492	0.0611044	0.0851771	0.10768	0.12325	0.127261	0.118534	0.0993113	0.0749478	0.0508149	0.031039	0.0170293	0.00842989	0.00374912	0.00150865	0.000545543	0.000179291	5.2923e-05	1.42991e-05	3.46131e-06	7.76188e-07	1.54862e-07	2.92488e-08	4.83628e-09	7.88375e-10	1.08686e-10	1.59246e-11	1.84402e-12	2.57439e-13	2.52822e-14	3.5527e-15	2.99478e-16	4.2894e-17	3.13529e-18	4.40815e-19	2.81424e-20	3.70364e-21	2.07255e-22	2.47139e-23	1.21759e-24	1.29898e-25	5.67019e-27	5.45226e-28	2.33126e-29	2.48213e-30	2.21627e-31	4.57708e-32	
N9	5.56373e-11	1.38017e-10	4.98011e-10	1.9722e-09	7.64401e-09	2.7913e-08	9.45703e-08	2.98568e-07	8.8599e-07	2.47783e-06	6.42873e-06	1.51301e-05	3.1626e-05	5.82601e-05	9.55845e-05	0.00014491	0.000214044	0.000324017	0.000522155	0.000928958	0.00184129	0.00389187	0.00818537	0.0162809	0.0297604	0.0493883	0.073891	0.0994815	0.120189	0.130379	0.126728	0.110581	0.0864498	0.0607608	0.0383053	0.021786	0.0111442	0.00517538	0.00217191	0.000836048	0.000292904	9.55626e-05	2.86268e-05	8.13419e-06	2.1367e-06	5.40853e-07	1.26542e-07	2.87403e-08	5.98985e-09	1.21202e-09	2.23121e-10	3.9823e-11	6.43235e-12	1.00803e-12	1.42865e-13	1.97253e-14	2.47376e-15	3.04794e-16	3.45048e-17	3.89098e-18	4.11469e-19	4.40213e-20	4.52187e-21	4.73421e-22	5.02221e-23	8.33037e-24	
Scirpus_mitsukurianus	0	0	0	0	0	0	0	0	0	0	0	0	0	0	0	0	0	0	0	0	0	0	0	0	0	0	0	0	0	0	0	0	0	1	0	0	0	0	0	0	0	0	0	0	0	0	0	0	0	0	0	0	0	0	0	0	0	0	0	0	0	0	0	0	0	0	
Scirpus_polystachyus	0	0	0	0	0	0	0	0	0	0	0	0	0	0	0	0	0	0	0	0	0	0	0	0	0	0	0	0	0	1	0	0	0	0	0	0	0	0	0	0	0	0	0	0	0	0	0	0	0	0	0	0	0	0	0	0	0	0	0	0	0	0	0	0	0	0	
N10	1.14353e-11	4.02842e-11	2.14862e-10	1.22703e-09	6.67365e-09	3.33165e-08	1.50686e-07	6.13315e-07	2.23208e-06	7.28861e-06	2.16708e-05	6.01504e-05	0.000159644	0.000410422	0.00101917	0.00241653	0.0053953	0.0112093	0.0214536	0.0375332	0.0596252	0.0855879	0.110532	0.128061	0.13275	0.122955	0.101591	0.0748583	0.0491452	0.0287645	0.0149982	0.0069782	0.0028941	0.00107328	0.000355099	0.000105467	2.79551e-05	6.70454e-06	1.43204e-06	2.82056e-07	4.89832e-08	8.26145e-09	1.18669e-09	1.90133e-10	2.33903e-11	4.21394e-12	4.63079e-13	9.90735e-14	9.76641e-15	2.17363e-15	1.88658e-16	3.89362e-17	2.94964e-18	5.40829e-19	3.57739e-20	5.76964e-21	3.3414e-22	4.73735e-23	2.41132e-24	3.01399e-25	1.35426e-26	1.50327e-27	6.29501e-29	7.03844e-30	5.38286e-31	1.31081e-31	
N11	1.98692e-12	6.53468e-12	3.42744e-11	1.97377e-10	1.09307e-09	5.59961e-09	2.62838e-08	1.13095e-07	4.42639e-07	1.55612e-06	4.87368e-06	1.36857e-05	3.52149e-05	8.5926e-05	0.000205634	0.000491817	0.00117014	0.00271262	0.00597472	0.0122538	0.0230775	0.0395881	0.0615389	0.0864603	0.109554	0.1251	0.12858	0.118971	0.0990031	0.0741659	0.049967	0.0303386	0.0165791	0.00818912	0.00364814	0.00147906	0.000543555	0.000184684	5.75343e-05	1.71285e-05	4.7662e-06	1.33068e-06	3.50365e-07	9.53205e-08	2.38358e-08	6.10688e-09	1.38748e-09	3.17883e-10	6.33271e-11	1.26281e-11	2.17492e-12	3.74594e-13	5.56275e-14	8.27976e-15	1.06227e-15	1.37197e-16	1.52828e-17	1.72613e-18	1.68913e-19	1.69926e-20	1.50876e-21	1.4161e-22	1.23157e-23	1.17244e-24	1.13405e-25	1.8146e-26	
N12	9.79283e-12	2.60062e-11	1.03272e-10	4.52267e-10	1.94002e-09	7.85707e-09	2.97543e-08	1.05447e-07	3.49716e-07	1.08203e-06	3.10881e-06	8.29603e-06	2.07386e-05	4.94604e-05	0.000115206	0.000267377	0.000622453	0.00143971	0.00324056	0.0069374	0.0138566	0.0254773	0.0427455	0.0651048	0.0897259	0.111695	0.125435	0.127016	0.11591	0.0953395	0.0706644	0.047233	0.0284649	0.0154951	0.00761491	0.00339327	0.00136884	0.000505759	0.000170359	5.41408e-05	1.59932e-05	4.81859e-06	1.38979e-06	4.54913e-07	1.37893e-07	4.83538e-08	1.43555e-08	4.78592e-09	1.28998e-09	3.84713e-10	9.17362e-11	2.41181e-11	5.06489e-12	1.17344e-12	2.17285e-13	4.45032e-14	7.28768e-15	1.32616e-15	1.93309e-16	3.16175e-17	4.20163e-18	6.42828e-19	8.50139e-20	1.36603e-20	2.27044e-21	7.08222e-22	
Eriophorum_brachyantherum	0	0	0	0	0	0	0	0	0	0	0	0	0	0	0	0	0	0	0	0	0	0	0	0	0	0	0	0	1	0	0	0	0	0	0	0	0	0	0	0	0	0	0	0	0	0	0	0	0	0	0	0	0	0	0	0	0	0	0	0	0	0	0	0	0	0	
Eriophorum_chamissonis	0	0	0	0	0	0	0	0	0	0	0	0	0	0	0	0	0	0	0	0	0	0	0	0	0	0	0	0	0	1	0	0	0	0	0	0	0	0	0	0	0	0	0	0	0	0	0	0	0	0	0	0	0	0	0	0	0	0	0	0	0	0	0	0	0	0	
N13	1.02265e-11	2.77241e-11	1.1093e-10	4.86472e-10	2.09143e-09	8.50332e-09	3.23566e-08	1.15202e-07	3.83959e-07	1.19781e-06	3.49931e-06	9.62071e-06	2.51484e-05	6.34063e-05	0.000156285	0.000379262	0.000903285	0.00208616	0.00459541	0.00950077	0.0181948	0.0319759	0.0512429	0.0745859	0.0983493	0.117308	0.126438	0.123091	0.108191	0.085869	0.0615322	0.039837	0.0233006	0.0123325	0.00590479	0.00256779	0.0010128	0.000366482	0.000121064	3.78866e-05	1.10293e-05	3.34243e-06	9.68887e-07	3.36729e-07	1.05664e-07	4.09605e-08	1.27217e-08	4.73915e-09	1.3418e-09	4.49527e-10	1.13196e-10	3.36145e-11	7.49718e-12	1.97237e-12	3.89935e-13	9.11198e-14	1.60002e-14	3.33363e-15	5.22052e-16	9.7766e-17	1.39009e-17	2.42051e-18	3.41855e-19	6.31942e-20	1.19556e-20	4.52216e-21	
Eriophorum_angustifolium	0	0	0	0	0	0	0	0	0	0	0	0	0	0	0	0	0	0	0	0	0	0	0	0	0	0	0	0	1	0	0	0	0	0	0	0	0	0	0	0	0	0	0	0	0	0	0	0	0	0	0	0	0	0	0	0	0	0	0	0	0	0	0	0	0	0	
Eriophorum_vaginatum	0	0	0	0	0	0	0	0	0	0	0	0	0	0	0	0	0	0	0	0	0	0	0	0	0	0	0	0	1	0	0	0	0	0	0	0	0	0	0	0	0	0	0	0	0	0	0	0	0	0	0	0	0	0	0	0	0	0	0	0	0	0	0	0	0	0	
N14	1.76545e-13	9.4502e-13	7.88175e-12	6.68579e-11	5.14517e-10	3.49492e-09	2.08448e-08	1.08969e-07	5.00637e-07	2.04635e-06	7.58529e-06	2.60277e-05	8.37052e-05	0.000252675	0.000712465	0.00186684	0.00452364	0.0100809	0.0205119	0.0378015	0.062583	0.0924096	0.120957	0.139685	0.141796	0.1262	0.0982826	0.066905	0.0397758	0.020653	0.0093635	0.00371069	0.00128531	0.000390126	0.000103709	2.42905e-05	4.99994e-06	9.1976e-07	1.49845e-07	2.28049e-08	3.13801e-09	4.54639e-10	6.05125e-11	9.75989e-12	1.32036e-12	2.18683e-13	2.71629e-14	4.02763e-15	4.3128e-16	5.46681e-17	4.97741e-18	5.36196e-19	4.15384e-20	3.81571e-21	2.52433e-22	1.98769e-23	1.129e-24	7.75252e-26	4.21526e-27	4.81256e-28	1.12394e-28	5.04057e-29	1.8942e-29	9.76694e-30	5.15385e-30	4.58985e-30	
N15	2.28799e-10	5.1436e-10	1.68289e-09	6.18324e-09	2.25731e-08	7.84021e-08	2.55269e-07	7.78584e-07	2.22574e-06	5.95208e-06	1.4785e-05	3.39098e-05	7.17339e-05	0.000141274	0.000264232	0.000483043	0.000887481	0.0016654	0.0031803	0.00606332	0.0112502	0.0198687	0.0328471	0.0503202	0.0709573	0.0918118	0.108717	0.117766	0.116527	0.105427	0.087098	0.0658754	0.0455337	0.0289234	0.0168377	0.00909224	0.00453225	0.00214072	0.000947853	0.000413744	0.000172536	7.4001e-05	3.01948e-05	1.27828e-05	4.98064e-06	1.98064e-06	7.04455e-07	2.52449e-07	7.98784e-08	2.53569e-08	7.07749e-09	1.98312e-09	4.87904e-10	1.20888e-10	2.62792e-11	5.78263e-12	1.11616e-12	2.19833e-13	3.81172e-14	6.8459e-15	1.10202e-15	1.89431e-16	3.07231e-17	5.58771e-18	1.10485e-18	3.83296e-19	
Scirpus_sylvaticus	0	0	0	0	0	0	0	0	0	0	0	0	0	0	0	0	0	0	0	0	0	0	0	0	0	0	0	0	0	0	1	0	0	0	0	0	0	0	0	0	0	0	0	0	0	0	0	0	0	0	0	0	0	0	0	0	0	0	0	0	0	0	0	0	0	0	
Scirpus_microcarpus	0	0	0	0	0	0	0	0	0	0	0	0	0	0	0	0	0	0	0	0	0	0	0	0	0	0	0	0	0	0	0	1	0	0	0	0	0	0	0	0	0	0	0	0	0	0	0	0	0	0	0	0	0	0	0	0	0	0	0	0	0	0	0	0	0	0	
N16	1.05598e-13	4.51629e-13	3.29511e-12	2.73174e-11	2.21261e-10	1.64863e-09	1.10267e-08	6.56756e-08	3.47945e-07	1.64428e-06	6.96576e-06	2.66224e-05	9.23772e-05	0.000292631	0.000849454	0.0022627	0.00552261	0.0122998	0.02484	0.0451451	0.0732453	0.105272	0.133113	0.147234	0.141798	0.118494	0.0856963	0.053544	0.0288678	0.0134218	0.00537947	0.00185904	0.000553985	0.000142506	3.16517e-05	6.08787e-06	1.01364e-06	1.47533e-07	1.86945e-08	2.14715e-09	2.17879e-10	2.3078e-11	2.17046e-12	2.82918e-13	2.73221e-14	4.17442e-15	3.66373e-16	5.19773e-17	3.83691e-18	4.63492e-19	2.83512e-20	2.85752e-21	1.46102e-22	1.5301e-23	4.17311e-24	7.12603e-24	6.93368e-24	1.12729e-23	9.19756e-24	1.25249e-23	8.6021e-24	1.00431e-23	6.27885e-24	7.36334e-24	7.03499e-24	1.39221e-23	
Scirpus_expansus	0	0	0	0	0	0	0	0	0	0	0	0	0	0	0	0	0	0	0	0	0	0	0	0	0	0	0	0	0	0	0	1	0	0	0	0	0	0	0	0	0	0	0	0	0	0	0	0	0	0	0	0	0	0	0	0	0	0	0	0	0	0	0	0	0	0	
N17	1.13432e-13	4.80345e-13	3.45367e-12	2.83353e-11	2.28113e-10	1.69562e-09	1.13505e-08	6.78182e-08	3.60869e-07	1.71257e-06	7.27604e-06	2.7836e-05	9.65318e-05	0.00030534	0.000884707	0.00235164	0.00572536	0.0127123	0.0255774	0.0462813	0.0747146	0.106794	0.134238	0.147542	0.141149	0.117124	0.0840818	0.052128	0.0278755	0.0128491	0.0051033	0.00174669	0.00051524	0.000131108	2.87884e-05	5.46866e-06	8.98722e-07	1.28899e-07	1.60817e-08	1.81571e-09	1.80146e-10	1.90623e-11	1.69452e-12	2.50798e-13	2.01928e-14	4.60954e-15	2.67637e-16	8.16136e-17	2.98143e-18	1.18728e-18	2.66159e-20	1.34831e-20	1.96769e-22	1.15468e-22	1.21716e-24	7.6141e-25	8.76594e-27	1.90278e-26	1.09737e-27	5.4068e-27	3.15427e-28	1.38255e-27	7.0161e-29	2.70294e-28	2.12152e-29	1.56393e-28	
N18	4.42376e-10	1.02078e-09	3.43569e-09	1.29773e-08	4.88899e-08	1.76289e-07	5.99682e-07	1.91704e-06	5.7418e-06	1.61023e-05	4.23858e-05	0.000105563	0.000251378	0.000577992	0.00128801	0.0027721	0.00570582	0.0110977	0.0201606	0.0339041	0.052431	0.0742541	0.0960189	0.1132	0.121507	0.11871	0.105481	0.085279	0.0626961	0.0419639	0.0255545	0.0141936	0.00718291	0.00332988	0.00141143	0.000553934	0.000200562	6.90543e-05	2.23971e-05	7.29304e-06	2.29682e-06	7.67626e-07	2.44962e-07	8.29858e-08	2.55696e-08	8.15251e-09	2.29125e-09	6.57029e-10	1.64346e-10	4.17919e-11	9.24759e-12	2.08249e-12	4.07763e-13	8.15288e-14	1.41601e-14	2.52438e-15	3.90458e-16	6.24791e-17	8.68545e-18	1.26709e-18	1.62896e-19	2.26719e-20	2.93119e-21	4.33472e-22	6.87794e-23	1.96314e-23	
Scirpus_ancistrochaetus	0	0	0	0	0	0	0	0	0	0	0	0	0	0	0	0	0	0	0	0	0	0	0	0	0	0	1	0	0	0	0	0	0	0	0	0	0	0	0	0	0	0	0	0	0	0	0	0	0	0	0	0	0	0	0	0	0	0	0	0	0	0	0	0	0	0	
N19	1.00816e-29	4.17652e-29	2.61445e-26	1.29708e-24	2.24678e-21	2.92458e-18	1.23142e-16	3.19279e-19	8.6082e-20	3.08833e-17	4.60459e-14	4.04087e-11	1.58461e-08	1.9698e-08	6.51687e-11	1.02841e-13	9.57097e-17	7.27672e-20	1.0328e-20	2.88498e-18	7.26455e-15	1.26606e-11	1.42644e-08	9.3886e-06	0.00302443	0.323356	0.622107	0.0512468	0.00025605	4.8625e-07	4.84846e-10	2.95516e-13	1.20097e-16	3.45824e-20	7.33804e-24	1.18817e-27	1.49831e-31	1.51045e-35	1.22916e-39	8.28697e-44	4.63318e-48	2.22055e-52	9.28987e-57	5.9991e-60	3.77617e-59	2.27972e-58	2.98334e-59	2.31882e-61	1.68377e-63	1.24359e-65	8.45927e-68	5.8247e-70	3.65919e-72	2.32289e-74	1.34143e-76	7.84449e-79	4.5973e-81	2.30487e-81	5.79294e-81	5.09569e-81	4.71577e-83	2.41034e-85	1.19191e-87	6.21303e-90	3.19204e-92	1.6962e-94	
Scirpus_georgianus	0	0	0	0	0	0	0	0	0	0	0	0	0	0	0	0	0	0	0	0	0	0	0	0	0	1	0	0	0	0	0	0	0	0	0	0	0	0	0	0	0	0	0	0	0	0	0	0	0	0	0	0	0	0	0	0	0	0	0	0	0	0	0	0	0	0	
N20	1.12455e-41	5.10649e-42	5.33829e-38	2.33338e-35	7.481e-31	1.15029e-26	7.09124e-24	3.03067e-27	1.91457e-28	1.0364e-24	3.68223e-20	5.87738e-16	2.73554e-12	9.57685e-12	1.91947e-15	1.27667e-19	4.00756e-24	1.21086e-28	2.30607e-30	3.37382e-28	3.04576e-23	2.01384e-18	7.52328e-14	1.39306e-09	1.02791e-05	0.0192758	0.87295	0.107716	4.73819e-05	5.20076e-09	2.26835e-13	4.90558e-18	6.00128e-23	4.56124e-28	2.27194e-33	1.21367e-38	1.79123e-43	4.99749e-46	3.00996e-50	6.33009e-53	2.50618e-57	3.49448e-60	9.16314e-65	8.73106e-68	1.49566e-72	9.9363e-76	1.06647e-80	4.99085e-84	3.06737e-89	1.00658e-92	2.87405e-98	6.26904e-102	3.44515e-108	1.2585e-112	4.63948e-119	7.82467e-124	2.01696e-130	1.95791e-135	3.53073e-142	2.16508e-147	2.69772e-154	1.08963e-159	9.33571e-167	4.63681e-172	1.99781e-176	1.16038e-180	
Scirpus_hattorianus	0	0	0	0	0	0	0	0	0	0	0	0	0	0	0	0	0	0	0	0	0	0	0	0	0	0	0	1	0	0	0	0	0	0	0	0	0	0	0	0	0	0	0	0	0	0	0	0	0	0	0	0	0	0	0	0	0	0	0	0	0	0	0	0	0	0	
Scirpus_flaccidifolius	0	0	0	0	0	0	0	0	0	0	0	0	0	0	0	0	0	0	0	0	0	0	0	0	0	0	1	0	0	0	0	0	0	0	0	0	0	0	0	0	0	0	0	0	0	0	0	0	0	0	0	0	0	0	0	0	0	0	0	0	0	0	0	0	0	0	
N21	1.34357e-13	6.03042e-13	4.39117e-12	3.5584e-11	2.80853e-10	2.04463e-09	1.3421e-08	7.87669e-08	4.12486e-07	1.93027e-06	8.1021e-06	3.06727e-05	0.000105387	0.000330499	0.000949625	0.00250282	0.00604016	0.0132907	0.0264988	0.0475219	0.0760671	0.107874	0.13464	0.147074	0.139975	0.115671	0.0827849	0.0512237	0.0273696	0.0126203	0.00502034	0.00172313	0.0005104	0.00013059	2.88731e-05	5.53219e-06	9.17858e-07	1.33915e-07	1.68399e-08	2.15436e-09	2.02049e-10	6.63319e-11	3.48249e-12	6.82407e-12	2.27604e-13	7.04803e-13	1.92847e-14	5.63242e-14	1.32383e-15	3.41297e-15	6.95505e-17	1.56618e-16	2.77834e-18	5.45132e-18	8.44738e-20	1.4428e-19	1.95983e-21	2.91219e-21	3.48023e-23	4.49771e-23	4.74666e-25	5.3363e-25	5.00408e-27	4.96123e-27	6.13121e-29	1.37326e-28	
N22	7.24542e-11	3.00204e-10	1.82986e-09	1.11227e-08	6.13652e-08	3.0255e-07	1.30607e-06	4.86781e-06	1.61722e-05	5.25073e-05	0.000183236	0.000694474	0.00259843	0.00866541	0.024306	0.0558967	0.104007	0.155508	0.185983	0.177738	0.135825	0.0833246	0.0412411	0.0165904	0.00546434	0.0014867	0.000336753	6.4078e-05	1.03173e-05	1.4177e-06	1.67288e-07	1.70883e-08	1.51861e-09	1.18343e-10	8.11651e-12	4.9408e-13	2.67526e-14	1.30173e-15	5.69386e-17	2.27064e-18	8.23636e-20	2.7754e-21	8.62516e-23	2.55016e-24	7.04857e-26	1.89762e-27	4.80295e-29	1.19924e-30	2.79639e-32	6.4318e-34	1.36534e-35	2.84651e-37	5.43261e-39	1.01643e-40	1.73716e-42	2.9177e-44	4.49308e-46	6.84934e-48	9.67771e-50	1.37096e-51	1.83554e-53	2.5005e-55	3.29218e-57	4.42717e-59	5.82566e-61	9.48058e-63	
Scirpus_pendulus	0	0	0	0	0	0	0	0	0	0	0	0	0	0	0	0	0	0	0	1	0	0	0	0	0	0	0	0	0	0	0	0	0	0	0	0	0	0	0	0	0	0	0	0	0	0	0	0	0	0	0	0	0	0	0	0	0	0	0	0	0	0	0	0	0	0	
Scirpus_fontinalis	0	0	0	0	0	0	0	0	0	0	0	0	0	0	0	0	0	1	0	0	0	0	0	0	0	0	0	0	0	0	0	0	0	0	0	0	0	0	0	0	0	0	0	0	0	0	0	0	0	0	0	0	0	0	0	0	0	0	0	0	0	0	0	0	0	0	
N23	3.04774e-10	9.85427e-10	4.29391e-09	1.95296e-08	8.64606e-08	3.62542e-07	1.42147e-06	5.18318e-06	1.75318e-05	5.48953e-05	0.000158663	0.000422025	0.00103106	0.00231451	0.00478804	0.00917539	0.0163819	0.0273644	0.0427909	0.0624242	0.0844094	0.10501	0.119363	0.123294	0.115272	0.0972942	0.0740155	0.0507086	0.0312737	0.017367	0.00868503	0.00391657	0.00159304	0.00058704	0.000195963	6.04537e-05	1.72372e-05	5.02679e-06	1.47095e-06	5.7446e-07	2.17989e-07	1.12524e-07	4.52516e-08	2.27398e-08	8.38744e-09	3.77606e-09	1.24545e-09	4.97836e-10	1.46316e-10	5.19828e-11	1.36038e-11	4.30592e-12	1.00313e-12	2.83665e-13	5.88307e-14	1.49092e-14	2.75339e-15	6.27547e-16	1.03282e-16	2.12745e-17	3.13778e-18	5.94489e-19	8.31806e-20	1.6579e-20	3.35832e-21	1.62675e-21	
Scirpus_orientalis	0	0	0	0	0	0	0	0	0	0	0	0	0	1	0	0	0	0	0	0	0	0	0	0	0	0	0	0	0	0	0	0	0	0	0	0	0	0	0	0	0	0	0	0	0	0	0	0	0	0	0	0	0	0	0	0	0	0	0	0	0	0	0	0	0	0	
N24	1.6713e-15	1.02988e-14	9.04798e-14	7.60368e-13	5.72362e-12	3.79888e-11	2.02176e-10	7.95827e-10	2.71225e-09	1.25853e-08	7.45443e-08	4.2757e-07	2.08853e-06	8.11712e-06	2.30957e-05	4.34649e-05	4.97482e-05	3.4253e-05	1.53219e-05	5.26806e-06	2.11478e-06	2.26145e-06	8.14837e-06	4.78743e-05	0.000272223	0.00131736	0.00526086	0.0171291	0.0448359	0.0934865	0.1531	0.195802	0.193333	0.147854	0.0871162	0.0402217	0.0145437	0.00424896	0.000999966	0.000198156	3.25807e-05	4.69911e-06	5.74105e-07	6.33783e-08	5.97229e-09	5.16739e-10	3.81911e-11	2.61561e-12	1.53176e-13	8.38096e-15	3.93477e-16	1.74149e-17	6.64634e-19	2.41462e-20	7.60821e-22	2.30694e-23	6.11166e-25	1.57952e-26	3.61418e-28	8.2304e-30	1.70378e-31	3.60613e-33	7.2165e-35	1.49784e-36	3.02124e-38	7.89201e-40	
Scirpus_cyperinus	0	0	0	0	0	0	0	0	0	0	0	0	0	0	0	0	0	0	0	0	0	0	0	0	0	0	0	0	0	0	0	0	1	0	0	0	0	0	0	0	0	0	0	0	0	0	0	0	0	0	0	0	0	0	0	0	0	0	0	0	0	0	0	0	0	0	
Scirpus_atrocinctus	0	0	0	0	0	0	0	0	0	0	0	0	0	0	0	0	0	0	0	0	0	0	0	0	0	0	0	0	0	0	0	0	0	1	0	0	0	0	0	0	0	0	0	0	0	0	0	0	0	0	0	0	0	0	0	0	0	0	0	0	0	0	0	0	0	0	
N25	0.102797	0.108863	0.110862	0.109209	0.103678	0.0952728	0.0842872	0.0720423	0.0590894	0.0466803	0.0352473	0.0255638	0.0176541	0.0116916	0.00734759	0.00442867	0.00252479	0.00138416	0.000715266	0.000357912	0.000168075	7.75555e-05	3.33777e-05	1.45172e-05	5.82677e-06	2.47536e-06	9.51445e-07	4.10372e-07	1.54291e-07	6.83165e-08	2.51296e-08	1.11717e-08	3.94639e-09	1.70254e-09	5.68537e-10	2.33506e-10	7.28594e-11	2.81387e-11	8.18966e-12	2.9772e-12	8.04697e-13	2.74084e-13	6.91119e-14	2.22572e-14	5.21248e-15	1.57752e-15	3.46649e-16	1.00382e-16	2.05444e-17	5.62162e-18	1.09304e-18	2.91893e-19	5.31427e-20	1.34749e-20	2.37556e-21	6.00994e-22	9.95046e-23	2.37866e-23	3.88869e-24	9.44452e-25	1.49139e-25	3.58417e-26	6.90456e-27	2.13728e-27	6.94043e-28	4.48726e-28	
N26	0.106483	0.112303	0.1135	0.110629	0.103705	0.0939658	0.0819997	0.0692267	0.0563079	0.0443207	0.0336053	0.024659	0.017423	0.0119148	0.0078419	0.00499734	0.00306372	0.00182011	0.00103995	0.000576595	0.000307397	0.000159368	7.94354e-05	3.86222e-05	1.8051e-05	8.2646e-06	3.63655e-06	1.57635e-06	6.563e-07	2.71055e-07	1.0739e-07	4.25388e-08	1.61222e-08	6.15712e-09	2.24051e-09	8.27257e-10	2.89289e-10	1.03199e-10	3.4633e-11	1.19044e-11	3.82186e-12	1.2607e-12	3.86047e-13	1.21826e-13	3.5483e-14	1.06829e-14	2.95597e-15	8.48412e-16	2.22812e-16	6.09214e-17	1.51993e-17	3.96495e-18	9.40727e-19	2.34484e-19	5.31569e-20	1.27423e-20	2.78497e-21	6.49777e-22	1.40285e-22	3.28171e-23	7.31026e-24	1.78982e-24	4.35515e-25	1.18554e-25	3.66155e-26	1.86015e-26	
N27	0.120985	0.12629	0.125192	0.118775	0.1077	0.0939308	0.0786082	0.0634735	0.0492943	0.0370075	0.0267535	0.0187171	0.0126148	0.00823363	0.00517708	0.00315435	0.00185106	0.00105339	0.000577189	0.00030703	0.000157206	7.82678e-05	3.74969e-05	1.75077e-05	7.86356e-06	3.453e-06	1.45806e-06	6.04451e-07	2.4082e-07	9.46949e-08	3.57525e-08	1.34065e-08	4.81862e-09	1.73186e-09	5.95039e-10	2.05816e-10	6.77772e-11	2.26024e-11	7.14079e-12	2.29566e-12	6.9511e-13	2.1498e-13	6.22827e-14	1.84883e-14	5.11338e-15	1.45307e-15	3.83128e-16	1.04093e-16	2.61331e-17	6.78067e-18	1.62149e-18	4.02147e-19	9.16782e-20	2.17647e-20	4.75084e-21	1.08635e-21	2.29147e-22	5.11008e-23	1.06623e-23	2.38578e-24	5.12854e-25	1.19824e-25	2.79109e-26	7.19387e-27	2.09938e-27	1.00889e-27	
N28	0.0761245	0.0833356	0.089903	0.0951229	0.0974539	0.0964454	0.0914107	0.083109	0.0720567	0.0597994	0.04726	0.0357415	0.0257323	0.0177409	0.0116471	0.0073335	0.00439998	0.00253759	0.00139578	0.000740039	0.000374454	0.000183209	8.55554e-05	3.87657e-05	1.6753e-05	7.05243e-06	2.82748e-06	1.10946e-06	4.13654e-07	1.51803e-07	5.27735e-08	1.8175e-08	5.90467e-09	1.91298e-09	5.81632e-10	1.77441e-10	5.04811e-11	1.44854e-11	3.85154e-12	1.03748e-12	2.57267e-13	6.48732e-14	1.498e-14	3.53039e-15	7.5803e-16	1.66712e-16	3.3289e-17	6.83496e-18	1.26933e-18	2.43341e-19	4.21119e-20	7.55659e-21	1.22082e-21	2.05483e-22	3.11648e-23	4.95637e-24	7.12443e-25	1.08394e-25	1.5136e-26	2.26981e-27	3.21308e-28	4.94605e-29	7.45857e-30	1.22191e-30	2.14101e-31	6.28557e-32	
Bulbostylis_barbata	0	0	0	0	1	0	0	0	0	0	0	0	0	0	0	0	0	0	0	0	0	0	0	0	0	0	0	0	0	0	0	0	0	0	0	0	0	0	0	0	0	0	0	0	0	0	0	0	0	0	0	0	0	0	0	0	0	0	0	0	0	0	0	0	0	0	
N29	0.0169423	0.0220827	0.0309212	0.0432129	0.0577559	0.073041	0.0865859	0.0966385	0.101114	0.0996027	0.0915117	0.0786161	0.0626107	0.0467472	0.0327256	0.0220279	0.0143208	0.00923482	0.00582415	0.00364107	0.00217801	0.00127055	0.000692925	0.000367687	0.000180094	8.68487e-05	3.83222e-05	1.69662e-05	6.79619e-06	2.78502e-06	1.01752e-06	3.86392e-07	1.2851e-07	4.49095e-08	1.35339e-08	4.32015e-09	1.17288e-09	3.39509e-10	8.28749e-11	2.17225e-11	4.75957e-12	1.12767e-12	2.22426e-13	4.78402e-14	8.50109e-15	1.66054e-15	2.67441e-16	4.78126e-17	6.98707e-18	1.14304e-18	1.52861e-19	2.31263e-20	2.83016e-21	3.94897e-22	4.47258e-23	5.83671e-24	6.1165e-25	7.44674e-26	7.41235e-27	8.72693e-28	8.61503e-29	1.0312e-29	1.14241e-30	1.53373e-31	2.13243e-32	5.08194e-33	
Bulbostylis_densa	0	0	0	0	0	0	0	0	0	0	0	0	0	0	0	0	0	0	0	0	0	0	0	0	0	0	0	0	0	0	0	1	0	0	0	0	0	0	0	0	0	0	0	0	0	0	0	0	0	0	0	0	0	0	0	0	0	0	0	0	0	0	0	0	0	0	
Bulbostylis_hispidula	0	0	0	0	1	0	0	0	0	0	0	0	0	0	0	0	0	0	0	0	0	0	0	0	0	0	0	0	0	0	0	0	0	0	0	0	0	0	0	0	0	0	0	0	0	0	0	0	0	0	0	0	0	0	0	0	0	0	0	0	0	0	0	0	0	0	
N30	0.153951	0.157955	0.151318	0.136318	0.115183	0.0917417	0.0686119	0.0483895	0.0320408	0.0200055	0.0117225	0.00647706	0.0033571	0.0016411	0.000752255	0.000325412	0.000131959	5.05542e-05	1.81536e-05	6.16922e-06	1.9651e-06	5.9386e-07	1.68235e-07	4.53721e-08	1.14717e-08	2.77393e-09	6.28826e-10	1.37139e-10	2.80281e-11	5.5508e-12	1.02928e-12	1.86485e-13	3.1571e-14	5.26809e-15	8.18787e-16	1.26485e-16	1.81126e-17	2.59663e-18	3.43205e-19	4.56846e-20	5.57251e-21	6.87823e-22	7.7396e-23	8.84966e-24	9.17825e-25	9.70993e-26	9.28552e-27	9.09357e-28	8.02072e-29	7.27354e-30	5.92933e-31	4.99173e-32	3.76822e-33	2.95195e-34	2.07489e-35	1.52343e-36	1.00635e-37	7.01187e-39	4.46077e-40	3.04055e-41	1.94758e-42	1.3575e-43	9.25913e-45	6.88939e-46	5.39414e-47	6.299e-48	
Abildgaardia_ovata	0	0	0	0	0	0	0	0	0	1	0	0	0	0	0	0	0	0	0	0	0	0	0	0	0	0	0	0	0	0	0	0	0	0	0	0	0	0	0	0	0	0	0	0	0	0	0	0	0	0	0	0	0	0	0	0	0	0	0	0	0	0	0	0	0	0	
N31	0.177596	0.17896	0.165665	0.142129	0.112869	0.0834767	0.057308	0.0366966	0.0218152	0.0120956	0.00621929	0.00298117	0.00132307	0.000547341	0.000209284	7.46501e-05	2.45662e-05	7.5591e-06	2.14151e-06	5.70015e-07	1.39294e-07	3.22681e-08	6.83257e-09	1.39352e-09	2.5777e-10	4.71902e-11	7.72976e-12	1.30741e-12	1.93093e-13	3.11238e-14	4.21938e-15	6.60432e-16	8.27417e-17	1.24826e-17	1.44046e-18	2.05462e-19	2.16194e-20	2.85322e-21	2.72591e-22	3.30187e-23	2.84931e-24	3.14182e-25	2.45723e-26	2.47912e-27	1.75224e-28	1.60992e-29	1.03662e-30	8.78158e-32	5.12666e-33	3.97277e-34	2.13075e-35	1.54274e-36	7.52869e-38	5.01232e-39	2.27464e-40	1.44246e-41	5.97302e-43	3.49608e-44	1.3707e-45	7.86078e-47	2.8756e-48	1.5931e-49	6.73274e-51	4.71367e-52	3.24298e-53	4.20789e-54	
Fimbristylis_littoralis	0	0	0	0	1	0	0	0	0	0	0	0	0	0	0	0	0	0	0	0	0	0	0	0	0	0	0	0	0	0	0	0	0	0	0	0	0	0	0	0	0	0	0	0	0	0	0	0	0	0	0	0	0	0	0	0	0	0	0	0	0	0	0	0	0	0	
N32	0.185541	0.185951	0.170285	0.143753	0.111677	0.0803404	0.0532871	0.0327617	0.0185494	0.00973095	0.00468881	0.00209291	0.000855265	0.000324277	0.000112143	3.61733e-05	1.05914e-05	2.92851e-06	7.29785e-07	1.76282e-07	3.78906e-08	8.29432e-09	1.57735e-09	3.30089e-10	5.72621e-11	1.18913e-11	1.91182e-12	3.90588e-13	5.75081e-14	1.1076e-14	1.47135e-15	2.6004e-16	3.07455e-17	4.89084e-18	5.15506e-19	7.4206e-20	6.93405e-21	8.95539e-22	7.50629e-23	8.88387e-24	6.62311e-25	7.07293e-26	4.79896e-27	4.81912e-28	2.92201e-29	2.66341e-30	1.50629e-31	1.34158e-32	6.79965e-34	5.47902e-35	2.67128e-36	2.18147e-37	9.48048e-39	6.86121e-40	2.93724e-41	2.19205e-42	8.23666e-44	5.28789e-45	1.97773e-46	1.31771e-47	4.33539e-49	2.51697e-50	9.54739e-52	6.90317e-53	4.20947e-54	5.60618e-55	
Fimbristylis_complanata	0	0	0	0	1	0	0	0	0	0	0	0	0	0	0	0	0	0	0	0	0	0	0	0	0	0	0	0	0	0	0	0	0	0	0	0	0	0	0	0	0	0	0	0	0	0	0	0	0	0	0	0	0	0	0	0	0	0	0	0	0	0	0	0	0	0	
N33	0.177797	0.179652	0.166954	0.143705	0.114116	0.0840131	0.056977	0.0357824	0.0206315	0.011005	0.00536779	0.00242522	0.000997543	0.000382417	0.00013275	4.36508e-05	1.28867e-05	3.73766e-06	9.57977e-07	2.59157e-07	5.98026e-08	1.61579e-08	3.47825e-09	9.63032e-10	1.93234e-10	5.2421e-11	9.6039e-12	2.44145e-12	3.9975e-13	9.22609e-14	1.3491e-14	2.8389e-15	3.67824e-16	6.96764e-17	8.12108e-18	1.4265e-18	1.47847e-19	2.35105e-20	2.23943e-21	3.43096e-22	2.92209e-23	4.0617e-24	3.29419e-25	4.64352e-26	3.36629e-27	4.2314e-28	3.02944e-29	4.00095e-30	2.51547e-31	2.84531e-32	1.79684e-33	2.15793e-34	1.17363e-35	1.17181e-36	6.45281e-38	6.88312e-39	3.22161e-40	2.80413e-41	1.33371e-42	1.25119e-43	5.08806e-45	3.9538e-46	1.82177e-47	1.77546e-48	1.30208e-49	2.55643e-50	
Fimbristylis_ferruginea	0	0	0	0	1	0	0	0	0	0	0	0	0	0	0	0	0	0	0	0	0	0	0	0	0	0	0	0	0	0	0	0	0	0	0	0	0	0	0	0	0	0	0	0	0	0	0	0	0	0	0	0	0	0	0	0	0	0	0	0	0	0	0	0	0	0	
N34	0.118464	0.129245	0.136855	0.138006	0.129363	0.111759	0.0877757	0.0627022	0.0403413	0.0235036	0.0122805	0.00581436	0.00246455	0.000951743	0.00032896	0.000104793	2.98851e-05	8.02063e-06	1.92607e-06	4.50226e-07	9.3656e-08	1.98222e-08	3.6716e-09	7.22027e-10	1.20294e-10	2.18973e-11	3.25972e-12	5.40096e-13	7.09605e-14	1.05284e-14	1.2166e-15	1.61393e-16	1.63811e-17	1.9398e-18	1.74444e-19	1.86686e-20	1.49177e-21	1.44252e-22	1.04047e-23	9.27575e-25	6.04179e-26	4.92672e-27	2.95997e-28	2.26741e-29	1.24535e-30	8.76068e-32	4.50777e-33	3.01027e-34	1.41784e-35	8.64838e-37	3.83727e-38	2.23083e-39	9.01863e-41	4.76077e-42	1.81753e-43	9.18571e-45	3.18416e-46	1.45785e-47	4.81087e-49	2.14011e-50	6.61789e-52	2.81126e-53	9.69781e-55	4.77528e-56	2.22476e-57	1.84446e-58	
Fimbristylis_dichotoma	0	0	0	0	1	0	0	0	0	0	0	0	0	0	0	0	0	0	0	0	0	0	0	0	0	0	0	0	0	0	0	0	0	0	0	0	0	0	0	0	0	0	0	0	0	0	0	0	0	0	0	0	0	0	0	0	0	0	0	0	0	0	0	0	0	0	
N35	0.00455768	0.00993838	0.0247527	0.0551789	0.101818	0.152933	0.184939	0.179905	0.138715	0.0848473	0.040765	0.0155621	0.00468824	0.0011388	0.000221163	3.55171e-05	4.63928e-06	5.18875e-07	4.80159e-08	3.98041e-09	2.76286e-10	1.81219e-11	9.95668e-13	5.44241e-14	2.44995e-15	1.13894e-16	4.25319e-18	1.68184e-19	5.21579e-21	1.74632e-22	4.52274e-24	1.29005e-25	2.80904e-27	6.86782e-29	1.2754e-30	2.71798e-32	4.34454e-34	8.12262e-36	1.13865e-37	1.90837e-39	2.36067e-41	3.5435e-43	3.95387e-45	5.45175e-47	5.47303e-49	6.83378e-51	6.31732e-53	7.35389e-55	6.16067e-57	6.49564e-59	5.05716e-61	5.00618e-63	3.52885e-65	3.15646e-67	2.07707e-69	1.75549e-71	1.04488e-73	7.9843e-76	4.48264e-78	3.29377e-80	1.7343e-82	1.22081e-84	7.11985e-87	5.73924e-89	4.35607e-91	4.75617e-93	
Fimbristylis_velata	0	0	0	0	0	0	0	0	0	0	0	1	0	0	0	0	0	0	0	0	0	0	0	0	0	0	0	0	0	0	0	0	0	0	0	0	0	0	0	0	0	0	0	0	0	0	0	0	0	0	0	0	0	0	0	0	0	0	0	0	0	0	0	0	0	0	
Fimbristylis_squarrosa	0	0	0	0	1	0	0	0	0	0	0	0	0	0	0	0	0	0	0	0	0	0	0	0	0	0	0	0	0	0	0	0	0	0	0	0	0	0	0	0	0	0	0	0	0	0	0	0	0	0	0	0	0	0	0	0	0	0	0	0	0	0	0	0	0	0	
N36	0.080313	0.0867356	0.0914995	0.0943981	0.0944916	0.0918834	0.0861953	0.0782421	0.0683137	0.057642	0.0467262	0.036618	0.0275561	0.0200741	0.0140395	0.00952712	0.00620526	0.00393519	0.00239417	0.0014255	0.000813352	0.000457533	0.00024613	0.000131942	6.73823e-05	3.48034e-05	1.70206e-05	8.57952e-06	4.05308e-06	2.01467e-06	9.25175e-07	4.5556e-07	2.03395e-07	9.87527e-08	4.26902e-08	2.02669e-08	8.42082e-09	3.86819e-09	1.53715e-09	6.79389e-10	2.56924e-10	1.08639e-10	3.90799e-11	1.58181e-11	5.40024e-12	2.08679e-12	6.78076e-13	2.51307e-13	7.76034e-14	2.75197e-14	8.12239e-15	2.77873e-15	7.82632e-16	2.57492e-16	6.99062e-17	2.24321e-17	5.87684e-18	1.84099e-18	4.79376e-19	1.53001e-19	4.1781e-20	1.45351e-20	4.85017e-21	2.08834e-21	9.56345e-22	6.47891e-22	
Eleocharis_dulcis	0	0	0	0	0	0	0	0	0	0	0	0	0	0	0	0	0	0	0	0	0	0	0	0	0	0	0	0	0	0	0	0	0	0	0	0	0	1	0	0	0	0	0	0	0	0	0	0	0	0	0	0	0	0	0	0	0	0	0	0	0	0	0	0	0	0	
N37	0.109081	0.115019	0.116186	0.11312	0.10582	0.0955179	0.0828557	0.069298	0.0556281	0.0429877	0.0318272	0.0226468	0.0154116	0.0100665	0.00627922	0.00375665	0.00214399	0.00117349	0.000612289	0.000306577	0.000146271	6.70648e-05	2.92943e-05	1.23254e-05	4.9401e-06	1.91371e-06	7.06193e-07	2.53046e-07	8.63489e-08	2.87827e-08	9.12893e-09	2.84833e-09	8.43887e-10	2.4783e-10	6.88634e-11	1.91094e-11	4.98953e-12	1.30995e-12	3.21407e-13	7.97846e-14	1.8366e-14	4.30183e-15	9.27493e-16	2.04648e-16	4.12588e-17	8.56255e-18	1.61361e-18	3.14959e-19	5.547e-20	1.01814e-20	1.67787e-21	2.90021e-22	4.47685e-23	7.29414e-24	1.05852e-24	1.63339e-25	2.24394e-26	3.31142e-27	4.40391e-28	6.40092e-29	8.64959e-30	1.3024e-30	1.91541e-31	3.14928e-32	5.57022e-33	1.62775e-33	
N38	0.090173	0.0961123	0.0990872	0.0993281	0.0964156	0.0910074	0.0831219	0.0737761	0.0632811	0.052716	0.0423813	0.0330865	0.0248916	0.0181935	0.012794	0.00875459	0.00575316	0.00369136	0.00227009	0.00137202	0.000792891	0.000455604	0.00024954	0.000138489	7.28609e-05	3.98743e-05	2.04783e-05	1.12656e-05	5.7089e-06	3.17467e-06	1.58737e-06	8.84446e-07	4.3196e-07	2.37102e-07	1.11971e-07	5.98289e-08	2.70833e-08	1.39586e-08	6.04193e-09	3.00124e-09	1.23841e-09	5.91152e-10	2.33208e-10	1.07539e-10	4.05004e-11	1.80005e-11	6.51461e-12	2.81785e-12	9.77963e-13	4.09685e-13	1.37809e-13	5.67176e-14	1.83973e-14	7.35816e-15	2.33539e-15	9.25057e-16	2.8443e-16	1.09705e-16	3.3601e-17	1.31418e-17	4.14079e-18	1.72215e-18	6.70038e-19	3.6438e-19	2.30733e-19	2.35506e-19	
Eleocharis_tuberculosa	0	0	0	0	0	0	0	0	0	0	0	0	0	0	1	0	0	0	0	0	0	0	0	0	0	0	0	0	0	0	0	0	0	0	0	0	0	0	0	0	0	0	0	0	0	0	0	0	0	0	0	0	0	0	0	0	0	0	0	0	0	0	0	0	0	0	
Eleocharis_quinqueflora	0	0	0	0	0	0	0	0	0	1	0	0	0	0	0	0	0	0	0	0	0	0	0	0	0	0	0	0	0	0	0	0	0	0	0	0	0	0	0	0	0	0	0	0	0	0	0	0	0	0	0	0	0	0	0	0	0	0	0	0	0	0	0	0	0	0	
N39	0.112124	0.118413	0.119845	0.116765	0.108977	0.0977302	0.0837573	0.0688177	0.0539113	0.0404227	0.028847	0.0196856	0.0127678	0.00791651	0.0046593	0.00262239	0.00139913	0.000714621	0.000345496	0.000160272	7.02553e-05	2.96758e-05	1.18211e-05	4.57139e-06	1.66259e-06	5.94218e-07	1.98955e-07	6.66821e-08	2.07969e-08	6.65371e-09	1.95903e-09	6.07898e-10	1.70512e-10	5.15878e-11	1.38043e-11	4.04846e-12	1.02671e-12	2.88077e-13	6.87348e-14	1.82638e-14	4.07122e-15	1.01591e-15	2.11089e-16	4.9383e-17	9.53976e-18	2.08664e-18	3.75498e-19	7.70569e-20	1.2903e-20	2.48062e-21	3.88268e-22	7.04053e-23	1.02872e-23	1.7554e-24	2.41243e-25	3.91628e-26	5.05586e-27	7.79255e-28	9.64617e-29	1.45853e-29	1.80891e-30	2.86604e-31	4.24341e-32	8.41949e-33	1.81754e-33	6.19723e-34	
Eleocharis_confervoides	0	0	0	0	0	0	0	0	0	0	0	0	0	0	0	0	0	0	1	0	0	0	0	0	0	0	0	0	0	0	0	0	0	0	0	0	0	0	0	0	0	0	0	0	0	0	0	0	0	0	0	0	0	0	0	0	0	0	0	0	0	0	0	0	0	0	
N40	0.134987	0.140152	0.137422	0.128138	0.113332	0.0955302	0.0764402	0.058272	0.0421172	0.0289545	0.018832	0.0116279	0.00677638	0.00374314	0.00194726	0.000959364	0.000444293	0.000194888	8.02259e-05	3.13254e-05	1.14608e-05	3.99037e-06	1.2997e-06	4.05342e-07	1.18012e-07	3.32449e-08	8.71618e-09	2.24831e-09	5.36789e-10	1.29125e-10	2.84675e-11	6.51017e-12	1.34103e-12	2.94863e-13	5.70309e-14	1.20482e-14	2.17946e-15	4.37516e-16	7.35352e-17	1.38744e-17	2.15163e-18	3.77898e-19	5.3933e-20	8.78946e-21	1.15148e-21	1.7351e-22	2.09026e-23	2.91931e-24	3.23097e-25	4.17506e-26	4.26345e-27	5.12753e-28	4.82581e-29	5.38944e-30	4.70769e-31	4.93046e-32	3.99014e-33	3.90704e-34	2.97763e-35	2.79863e-36	2.07339e-37	1.96888e-38	1.6618e-39	1.86845e-40	2.17542e-41	4.57189e-42	
N41	0.117648	0.125297	0.128353	0.126213	0.117778	0.104084	0.0862861	0.0671526	0.0486943	0.0329961	0.0207493	0.0121638	0.00659893	0.00333363	0.00155509	0.000675547	0.000270518	0.000101031	3.47376e-05	1.11778e-05	3.30809e-06	9.21723e-07	2.36031e-07	5.74256e-08	1.28259e-08	2.75577e-09	5.42307e-10	1.042e-10	1.82419e-11	3.16448e-12	4.95916e-13	7.79622e-14	1.09412e-14	1.55399e-15	1.94703e-16	2.4854e-17	2.76721e-18	3.15702e-19	3.11682e-20	3.17554e-21	2.79226e-22	2.61766e-23	2.39973e-24	3.68049e-25	9.71716e-26	3.96394e-26	1.54872e-26	6.78783e-27	2.61526e-27	1.12207e-27	4.21528e-28	1.77544e-28	6.50205e-29	2.68436e-29	9.64883e-30	3.93653e-30	1.39314e-30	5.63528e-31	2.01112e-31	8.32165e-32	3.13288e-32	1.3906e-32	6.01411e-33	3.04352e-33	1.61754e-33	1.19201e-33	
Eleocharis_geniculata	0	0	0	0	1	0	0	0	0	0	0	0	0	0	0	0	0	0	0	0	0	0	0	0	0	0	0	0	0	0	0	0	0	0	0	0	0	0	0	0	0	0	0	0	0	0	0	0	0	0	0	0	0	0	0	0	0	0	0	0	0	0	0	0	0	0	
N42	0.11726	0.124945	0.1281	0.126099	0.1178	0.10422	0.0864766	0.0673639	0.0488741	0.0331426	0.0208439	0.0122274	0.00663065	0.00335233	0.0015619	0.00067949	0.000271392	0.000101697	3.47827e-05	1.12868e-05	3.3035e-06	9.40541e-07	2.34954e-07	6.04492e-08	1.27342e-08	3.1509e-09	5.39162e-10	1.44899e-10	1.8402e-11	6.43294e-12	5.25759e-13	2.86857e-13	1.32141e-14	1.21222e-14	3.12024e-16	4.58348e-16	7.34057e-18	1.45097e-17	1.70915e-19	3.86461e-19	3.71121e-21	8.29695e-21	7.02633e-23	1.5083e-22	1.12944e-24	2.17502e-24	1.50763e-26	2.76021e-26	1.69386e-28	2.68685e-28	1.57623e-30	2.5042e-30	1.25961e-32	1.63428e-32	8.34943e-35	1.22708e-34	4.93984e-37	5.13455e-37	2.39627e-39	3.61461e-39	1.11189e-41	8.73061e-42	4.07398e-44	7.16686e-44	3.19174e-46	1.03135e-45	
Eleocharis_multicaulis	0	0	0	0	0	0	0	0	0	1	0	0	0	0	0	0	0	0	0	0	0	0	0	0	0	0	0	0	0	0	0	0	0	0	0	0	0	0	0	0	0	0	0	0	0	0	0	0	0	0	0	0	0	0	0	0	0	0	0	0	0	0	0	0	0	0	
N43	0.107365	0.115619	0.120716	0.121589	0.116494	0.105883	0.0903267	0.0724923	0.0542357	0.0380743	0.0248119	0.0151839	0.00858656	0.00458171	0.00224377	0.00105099	0.000446109	0.00018756	6.95952e-05	2.78358e-05	9.25422e-06	3.91153e-06	1.21719e-06	5.91772e-07	1.76254e-07	9.36843e-08	2.63717e-08	1.40001e-08	3.62726e-09	1.80532e-09	4.29835e-10	2.00199e-10	4.31813e-11	1.83777e-11	3.65439e-12	1.47546e-12	2.6394e-13	9.66826e-14	1.62381e-14	5.92409e-15	8.822e-16	2.86518e-16	4.18853e-17	1.50018e-17	1.88483e-18	5.69708e-19	7.62106e-20	2.89245e-20	3.14133e-21	9.03012e-22	1.12608e-22	4.36369e-23	4.17153e-24	1.11096e-24	1.26486e-25	4.63696e-26	3.91262e-27	9.35138e-28	9.46038e-29	3.14307e-29	2.35225e-30	5.06791e-31	4.84723e-32	1.61759e-32	2.61801e-33	1.9619e-33	
Eleocharis_flavescens	0	0	0	0	0	0	0	0	0	0	0	0	0	0	1	0	0	0	0	0	0	0	0	0	0	0	0	0	0	0	0	0	0	0	0	0	0	0	0	0	0	0	0	0	0	0	0	0	0	0	0	0	0	0	0	0	0	0	0	0	0	0	0	0	0	0	
Eleocharis_atropurpurea	0	0	0	0	1	0	0	0	0	0	0	0	0	0	0	0	0	0	0	0	0	0	0	0	0	0	0	0	0	0	0	0	0	0	0	0	0	0	0	0	0	0	0	0	0	0	0	0	0	0	0	0	0	0	0	0	0	0	0	0	0	0	0	0	0	0	
N44	0.129252	0.134983	0.133754	0.126476	0.113647	0.0974132	0.0791958	0.0612768	0.0448188	0.0311109	0.0203361	0.0125853	0.00730692	0.00401164	0.00205936	0.00100043	0.000453075	0.000194892	7.79377e-05	2.98479e-05	1.05944e-05	3.65635e-06	1.1648e-06	3.69839e-07	1.07571e-07	3.22382e-08	8.72261e-09	2.51655e-09	6.39169e-10	1.77475e-10	4.21362e-11	1.10959e-11	2.4314e-12	5.95869e-13	1.19413e-13	2.69737e-14	4.90968e-15	1.01513e-15	1.67868e-16	3.18517e-17	4.77743e-18	8.3037e-19	1.13602e-19	1.8248e-20	2.27511e-21	3.36919e-22	3.86734e-23	5.3573e-24	5.64723e-25	7.26651e-26	7.14445e-27	8.71824e-28	7.93365e-29	9.03006e-30	7.76168e-31	8.46097e-32	6.75726e-33	6.86473e-34	5.25802e-35	5.20876e-36	3.88534e-37	3.83595e-38	3.28997e-39	3.7675e-40	4.32488e-41	8.8903e-42	
N45	0.0849627	0.0919727	0.097392	0.100848	0.101097	0.0980162	0.0910545	0.0811336	0.0687822	0.0556648	0.0426694	0.0311533	0.0214789	0.0141009	0.00872365	0.00514831	0.00285898	0.00152137	0.000761028	0.000367828	0.000166956	7.42062e-05	3.09238e-05	1.28629e-05	4.99444e-06	1.98026e-06	7.26012e-07	2.77712e-07	9.66126e-08	3.56165e-08	1.17135e-08	4.12424e-09	1.27101e-09	4.22467e-10	1.21241e-10	3.7818e-11	1.00606e-11	2.93237e-12	7.23619e-13	1.9754e-13	4.52116e-14	1.15558e-14	2.46547e-15	5.93953e-16	1.18244e-16	2.68314e-17	5.024e-18	1.08389e-18	1.90809e-19	3.89798e-20	6.51489e-21	1.27442e-21	2.0135e-22	3.73578e-23	5.64125e-24	1.00654e-24	1.44233e-25	2.44847e-26	3.41062e-27	5.70085e-28	7.9728e-29	1.3656e-29	2.1649e-30	4.24295e-31	8.90397e-32	3.39264e-32	
Eleocharis_gracilis	0	0	0	0	0	0	0	0	0	1	0	0	0	0	0	0	0	0	0	0	0	0	0	0	0	0	0	0	0	0	0	0	0	0	0	0	0	0	0	0	0	0	0	0	0	0	0	0	0	0	0	0	0	0	0	0	0	0	0	0	0	0	0	0	0	0	
Eleocharis_congesta	0	0	0	0	0	0	0	0	0	1	0	0	0	0	0	0	0	0	0	0	0	0	0	0	0	0	0	0	0	0	0	0	0	0	0	0	0	0	0	0	0	0	0	0	0	0	0	0	0	0	0	0	0	0	0	0	0	0	0	0	0	0	0	0	0	0	
N46	0.117848	0.124228	0.125243	0.121268	0.112114	0.0992293	0.0834886	0.0669786	0.0508394	0.0366746	0.024922	0.0160649	0.00971605	0.00557521	0.0029904	0.00152718	0.000726161	0.000331806	0.00014047	5.82763e-05	2.22244e-05	8.61444e-06	3.02561e-06	1.14363e-06	3.80219e-07	1.45153e-07	4.64393e-08	1.79277e-08	5.47362e-09	2.07026e-09	5.93634e-10	2.14146e-10	5.68025e-11	1.91589e-11	4.68785e-12	1.47742e-12	3.31643e-13	9.69759e-14	2.01067e-14	5.5244e-15	1.0524e-15	2.69264e-16	4.7834e-17	1.16918e-17	1.91757e-18	4.39126e-19	6.83333e-20	1.53268e-20	2.21317e-21	4.65664e-22	6.51749e-23	1.37533e-23	1.78424e-24	3.49237e-25	4.45994e-26	8.85125e-27	1.03641e-27	1.86897e-28	2.16945e-29	3.98985e-30	4.29424e-31	7.38207e-32	9.31789e-33	2.00886e-33	4.19045e-34	1.91611e-34	
N47	4.02157e-07	3.34192e-06	3.34321e-05	0.000280522	0.00188567	0.0103383	0.0437657	0.129316	0.244871	0.280894	0.188436	0.0765065	0.0197536	0.00344866	0.000424873	3.87156e-05	2.67876e-06	1.45796e-07	6.33229e-09	2.25921e-10	6.66003e-12	1.66564e-13	3.53048e-15	6.51292e-17	1.03785e-18	1.47074e-20	1.82679e-22	2.0568e-24	2.05217e-26	1.88877e-28	1.55278e-30	1.19661e-32	8.2767e-35	5.44339e-37	3.22065e-39	1.83427e-41	9.39704e-44	4.68184e-46	2.09586e-48	9.2043e-51	3.62451e-53	1.4108e-55	4.91668e-58	1.70562e-60	5.28783e-63	1.64254e-65	4.55637e-68	1.2746e-70	3.17955e-73	8.04791e-76	1.8166e-78	4.18699e-81	8.59973e-84	1.81507e-86	3.42266e-89	6.68376e-92	1.17184e-94	2.14961e-97	3.60009e-100	6.401e-103	1.06884e-105	1.91635e-108	3.3375e-111	6.16919e-114	1.11967e-116	2.2546e-119	
Eleocharis_acicularis_f_longiseta	0	0	0	0	0	0	0	0	0	1	0	0	0	0	0	0	0	0	0	0	0	0	0	0	0	0	0	0	0	0	0	0	0	0	0	0	0	0	0	0	0	0	0	0	0	0	0	0	0	0	0	0	0	0	0	0	0	0	0	0	0	0	0	0	0	0	
Eleocharis_acicularis	0	0	0	0	0	0	0	0	0	1	0	0	0	0	0	0	0	0	0	0	0	0	0	0	0	0	0	0	0	0	0	0	0	0	0	0	0	0	0	0	0	0	0	0	0	0	0	0	0	0	0	0	0	0	0	0	0	0	0	0	0	0	0	0	0	0	
N48	0.0430412	0.0529388	0.0686655	0.0887125	0.108597	0.123029	0.126412	0.117288	0.0972771	0.0722484	0.0476945	0.0281203	0.0147064	0.00687285	0.00284903	0.00105833	0.000349122	0.000103705	2.74078e-05	6.56903e-06	1.40401e-06	2.7484e-07	4.80922e-08	7.81052e-09	1.13584e-09	1.55882e-10	1.91579e-11	2.26412e-12	2.38785e-13	2.46565e-14	2.25559e-15	2.05059e-16	1.63408e-17	1.30852e-18	9.09157e-20	6.40503e-21	3.87811e-22	2.40011e-23	1.26883e-24	6.91422e-26	3.19892e-27	1.53849e-28	6.26354e-30	2.67542e-31	9.62505e-33	3.66529e-34	1.17398e-35	4.0185e-37	1.15076e-38	3.55134e-40	9.17149e-42	2.57553e-43	6.01711e-45	1.53918e-46	3.28644e-48	7.74684e-50	1.51919e-51	3.31525e-53	6.13087e-55	1.28146e-56	2.34166e-58	4.92777e-60	9.75186e-62	2.19475e-63	4.83533e-65	1.45873e-66	
N49	0.0161051	0.0216627	0.0324018	0.0493344	0.0716271	0.0963297	0.117474	0.129361	0.12733	0.11227	0.0878992	0.0614808	0.0380425	0.0210769	0.0103163	0.00456383	0.00178439	0.000644685	0.000206237	6.37624e-05	1.74405e-05	4.94389e-06	1.21641e-06	3.31291e-07	7.43362e-08	1.90596e-08	3.80581e-09	8.80618e-10	1.52575e-10	3.10472e-11	4.63624e-12	8.28598e-13	1.06561e-13	1.67442e-14	1.87349e-15	2.63071e-16	2.57174e-17	3.23407e-18	2.8199e-19	3.26918e-20	2.5498e-21	2.70134e-22	1.94881e-23	1.96889e-24	1.29764e-25	1.20297e-26	7.53345e-28	6.75571e-29	3.85168e-30	3.11319e-31	1.69102e-32	1.32117e-33	6.43897e-35	4.46766e-36	2.07107e-37	1.39343e-38	5.7485e-40	3.4147e-41	1.34593e-42	7.84699e-44	2.80137e-45	1.49414e-46	5.85564e-48	3.65628e-49	2.04986e-50	2.32687e-51	
Eleocharis_montevidensis	0	0	0	0	0	0	0	0	0	1	0	0	0	0	0	0	0	0	0	0	0	0	0	0	0	0	0	0	0	0	0	0	0	0	0	0	0	0	0	0	0	0	0	0	0	0	0	0	0	0	0	0	0	0	0	0	0	0	0	0	0	0	0	0	0	0	
Eleocharis_tenuis	0	0	0	0	0	0	0	0	0	0	0	1	0	0	0	0	0	0	0	0	0	0	0	0	0	0	0	0	0	0	0	0	0	0	0	0	0	0	0	0	0	0	0	0	0	0	0	0	0	0	0	0	0	0	0	0	0	0	0	0	0	0	0	0	0	0	
N50	0.0347819	0.0451527	0.0633275	0.0883489	0.115144	0.135821	0.141537	0.129113	0.101943	0.0696037	0.040824	0.020641	0.00894778	0.00334962	0.00107567	0.000300012	7.18935e-05	1.51361e-05	2.74323e-06	4.47081e-07	6.28083e-08	8.31927e-09	9.4744e-10	1.10486e-10	1.08339e-11	1.1927e-12	1.03971e-13	1.07248e-14	8.14806e-16	7.46044e-17	4.81631e-18	3.79324e-19	2.05757e-20	1.37988e-21	6.31063e-23	3.63046e-24	1.40396e-25	6.95237e-27	2.3007e-28	9.98458e-30	2.8344e-31	1.07859e-32	2.6807e-34	9.23878e-36	2.00678e-37	6.19375e-39	1.22128e-40	3.57617e-42	6.29229e-44	1.66917e-45	2.77965e-47	7.25939e-49	1.08226e-50	2.51466e-52	3.61689e-54	8.32833e-56	1.05416e-57	2.10139e-59	2.57328e-61	5.0981e-63	5.5315e-65	9.72603e-67	1.18897e-68	2.49512e-70	4.46729e-72	1.41979e-73	
N51	0.0245861	0.0364365	0.0599208	0.0946246	0.132651	0.159867	0.161985	0.137005	0.0958071	0.0554697	0.0264828	0.0104976	0.00344812	0.000949215	0.000218436	4.27449e-05	7.06933e-06	1.01569e-06	1.24946e-07	1.38132e-08	1.3271e-09	1.20789e-10	9.65439e-12	7.77846e-13	5.43011e-14	3.98195e-15	2.43403e-16	1.58868e-17	8.32161e-19	4.70804e-20	2.08972e-21	1.0183e-22	3.83022e-24	1.61359e-25	5.19016e-27	1.91503e-28	5.3147e-30	1.73399e-31	4.21977e-33	1.24122e-34	2.67776e-36	7.14691e-38	1.39954e-39	3.47343e-41	6.21265e-43	1.42292e-44	2.38279e-46	5.16322e-48	7.98496e-50	1.58978e-51	2.31777e-53	4.36646e-55	5.82242e-57	9.96832e-59	1.24785e-60	2.02269e-62	2.29612e-64	3.37055e-66	3.60698e-68	5.08386e-70	5.06919e-72	6.80423e-74	7.43271e-76	1.14298e-77	1.64908e-79	3.696e-81	
Eleocharis_erythropoda	0	0	0	0	0	0	0	0	1	0	0	0	0	0	0	0	0	0	0	0	0	0	0	0	0	0	0	0	0	0	0	0	0	0	0	0	0	0	0	0	0	0	0	0	0	0	0	0	0	0	0	0	0	0	0	0	0	0	0	0	0	0	0	0	0	0	
Eleocharis_palustris	0	0	0	0	1	0	0	0	0	0	0	0	0	0	0	0	0	0	0	0	0	0	0	0	0	0	0	0	0	0	0	0	0	0	0	0	0	0	0	0	0	0	0	0	0	0	0	0	0	0	0	0	0	0	0	0	0	0	0	0	0	0	0	0	0	0	
N52	0.0172256	0.0251083	0.0415114	0.0681435	0.102213	0.135188	0.153989	0.150187	0.124234	0.0873775	0.0518751	0.0261704	0.0111142	0.00402684	0.00122577	0.000322834	7.13619e-05	1.42015e-05	2.37141e-06	3.91741e-07	5.3555e-08	8.32401e-09	9.9571e-10	1.47591e-10	1.50456e-11	1.94473e-12	1.61818e-13	1.73582e-14	1.15999e-15	1.02037e-16	5.51456e-18	4.03805e-19	1.77277e-20	1.08554e-21	3.95334e-23	2.09677e-24	6.35299e-26	2.90214e-27	7.6441e-29	3.23391e-30	7.33331e-32	2.73447e-33	5.78199e-35	2.14043e-36	3.94895e-38	1.2547e-39	2.23892e-41	7.17296e-43	1.08386e-44	2.84348e-46	4.15718e-48	1.10146e-49	1.33877e-51	2.85568e-53	3.37165e-55	7.34903e-57	7.18524e-59	1.25358e-60	1.19934e-62	2.17429e-64	1.73868e-66	2.56306e-68	2.21146e-70	3.91366e-72	4.94928e-74	1.42063e-75	
N53	1.32324e-06	8.26029e-06	6.39152e-05	0.0004228	0.0022545	0.00985444	0.0345413	0.0896658	0.15595	0.169406	0.125217	0.0970674	0.0961113	0.0908433	0.0672403	0.0382223	0.0162052	0.00532707	0.00130067	0.000255122	3.72132e-05	4.66413e-06	4.36991e-07	3.78298e-08	2.41825e-09	1.50076e-10	6.76765e-12	3.07832e-13	1.00678e-14	3.44325e-16	8.44055e-18	2.24559e-19	4.25013e-21	9.04347e-23	1.36612e-24	2.40596e-26	2.97241e-28	4.41079e-30	4.61086e-32	5.96335e-34	5.35288e-36	6.0316e-38	4.80013e-40	4.86932e-42	3.4119e-44	3.04234e-46	1.9282e-48	1.56853e-50	8.75734e-53	6.25017e-55	3.17269e-57	2.08653e-59	9.30809e-62	5.37943e-64	2.19698e-66	1.18571e-68	4.26359e-71	2.03075e-73	6.77422e-76	3.07735e-78	9.31549e-81	3.92459e-83	1.28897e-85	6.23196e-88	2.75514e-90	1.79381e-92	
Eleocharis_acuta	0	0	0	0	0	0	0	0	0	1	0	0	0	0	0	0	0	0	0	0	0	0	0	0	0	0	0	0	0	0	0	0	0	0	0	0	0	0	0	0	0	0	0	0	0	0	0	0	0	0	0	0	0	0	0	0	0	0	0	0	0	0	0	0	0	0	
Eleocharis_pallens	0	0	0	0	0	0	0	0	0	0	0	0	0	0	0	0	0	0	0	1	0	0	0	0	0	0	0	0	0	0	0	0	0	0	0	0	0	0	0	0	0	0	0	0	0	0	0	0	0	0	0	0	0	0	0	0	0	0	0	0	0	0	0	0	0	0	
N54	0.0178734	0.0269123	0.0464737	0.0788837	0.119755	0.155712	0.16913	0.152022	0.112129	0.0678357	0.0335439	0.0136146	0.00452676	0.00124365	0.000281451	5.33185e-05	8.38352e-06	1.13246e-06	1.28183e-07	1.32386e-08	1.15621e-09	1.04843e-10	7.87139e-12	7.18702e-13	4.86982e-14	4.32511e-15	2.52529e-16	1.98028e-17	9.59466e-19	6.36447e-20	2.54591e-21	1.42586e-22	4.72157e-24	2.24103e-25	6.22124e-27	2.55215e-28	5.96809e-30	2.12341e-31	4.28805e-33	1.37933e-34	2.40585e-36	6.8987e-38	1.09813e-39	3.0733e-41	4.34076e-43	1.09189e-44	1.50765e-46	3.96446e-48	4.78599e-50	1.07574e-51	1.30471e-53	3.11394e-55	3.17354e-57	6.14454e-59	6.32362e-61	1.30747e-62	1.11006e-64	1.81819e-66	1.56618e-68	2.77141e-70	1.97576e-72	2.78846e-74	2.21861e-76	3.89252e-78	4.67911e-80	1.29974e-81	
Eleocharis_cylindrostachys	0	0	0	0	0	0	0	0	0	1	0	0	0	0	0	0	0	0	0	0	0	0	0	0	0	0	0	0	0	0	0	0	0	0	0	0	0	0	0	0	0	0	0	0	0	0	0	0	0	0	0	0	0	0	0	0	0	0	0	0	0	0	0	0	0	0	
N55	0.0342795	0.0528596	0.091486	0.145656	0.189863	0.19276	0.149009	0.0874277	0.0389697	0.0133174	0.00351297	0.000724699	0.000117736	1.52994e-05	1.59705e-06	1.36785e-07	9.59268e-09	5.72761e-10	2.86088e-11	1.31112e-12	5.16358e-14	2.14732e-15	7.60609e-17	3.19669e-18	1.03283e-19	4.03657e-21	1.10982e-22	3.71542e-24	8.4234e-26	2.36924e-27	4.43336e-29	1.05743e-30	1.64418e-32	3.36121e-34	4.40498e-36	7.89281e-38	8.79665e-40	1.39499e-41	1.3614e-43	1.99782e-45	1.72812e-47	2.33546e-49	1.90626e-51	2.56471e-53	1.93698e-55	2.39763e-57	1.79425e-59	2.24226e-61	1.50681e-63	1.64155e-65	1.07725e-67	1.17013e-69	6.66586e-72	6.1548e-74	3.39967e-76	3.14734e-78	1.4959e-80	1.16983e-82	5.41377e-85	4.30771e-87	1.72888e-89	1.18155e-91	5.11136e-94	4.13705e-96	2.59238e-98	3.16246e-100	
Eleocharis_obtusa	0	0	0	0	1	0	0	0	0	0	0	0	0	0	0	0	0	0	0	0	0	0	0	0	0	0	0	0	0	0	0	0	0	0	0	0	0	0	0	0	0	0	0	0	0	0	0	0	0	0	0	0	0	0	0	0	0	0	0	0	0	0	0	0	0	0	
Eleocharis_engelmannii	0	0	0	0	1	0	0	0	0	0	0	0	0	0	0	0	0	0	0	0	0	0	0	0	0	0	0	0	0	0	0	0	0	0	0	0	0	0	0	0	0	0	0	0	0	0	0	0	0	0	0	0	0	0	0	0	0	0	0	0	0	0	0	0	0	0	
N56	0.070685	0.0768141	0.0820254	0.0861585	0.0882642	0.0882437	0.085388	0.0801626	0.0724518	0.0633389	0.0531282	0.0430673	0.0334115	0.0250704	0.017959	0.0124777	0.00825301	0.00532663	0.00326163	0.00197192	0.00112573	0.000647732	0.000349396	0.000196062	0.000101742	5.70759e-05	2.89298e-05	1.64117e-05	8.13396e-06	4.61329e-06	2.21375e-06	1.23154e-06	5.64057e-07	3.02018e-07	1.31045e-07	6.70716e-08	2.73874e-08	1.33046e-08	5.12021e-09	2.37142e-09	8.57319e-10	3.76893e-10	1.28886e-10	5.43994e-11	1.7529e-11	7.05193e-12	2.16863e-12	8.47525e-13	2.46831e-13	9.22672e-14	2.59465e-14	9.53251e-15	2.54653e-15	8.92976e-16	2.32423e-16	8.05694e-17	1.98704e-17	6.5257e-18	1.58321e-18	5.20826e-19	1.24573e-19	4.1535e-20	1.19911e-20	5.12413e-21	2.41182e-21	2.01985e-21	
N57	0.0458441	0.0506512	0.0558139	0.0612886	0.0664035	0.0709062	0.0739561	0.0753938	0.0745601	0.071714	0.0666354	0.0600696	0.0521789	0.0439319	0.0355775	0.0279313	0.0210597	0.0154134	0.0108185	0.00739187	0.00483657	0.00309628	0.00189528	0.00114448	0.000659404	0.000379341	0.000207506	0.000115119	6.03315e-05	3.26148e-05	1.64808e-05	8.72278e-06	4.25111e-06	2.19497e-06	1.02717e-06	5.13507e-07	2.29106e-07	1.09894e-07	4.65017e-08	2.12847e-08	8.50362e-09	3.69647e-09	1.39296e-09	5.74872e-10	2.03985e-10	7.97654e-11	2.67021e-11	9.92124e-12	3.13078e-12	1.10356e-12	3.29576e-13	1.10775e-13	3.12795e-14	1.00011e-14	2.68746e-15	8.2439e-16	2.11053e-16	6.21977e-17	1.55307e-17	4.55023e-18	1.16713e-18	3.6361e-19	1.10507e-19	4.2993e-20	1.99853e-20	1.5585e-20	
N58	0.0345501	0.0384584	0.0429743	0.0481211	0.0534276	0.05872	0.0633039	0.0669729	0.0690205	0.0694637	0.0678295	0.0645356	0.0594403	0.0533135	0.0462254	0.0390551	0.0318589	0.0253691	0.0194774	0.0146462	0.0105984	0.00755601	0.00517045	0.00352178	0.00229306	0.00151138	0.000946072	0.0006147	0.000374866	0.000244868	0.000147279	9.79435e-05	5.8336e-05	3.93796e-05	2.31241e-05	1.56484e-05	8.96858e-06	5.98652e-06	3.32401e-06	2.16748e-06	1.15804e-06	7.31478e-07	3.75562e-07	2.29639e-07	1.12922e-07	6.6563e-08	3.14286e-08	1.79397e-08	8.10978e-09	4.46459e-09	1.94349e-09	1.04129e-09	4.34737e-10	2.25259e-10	9.11176e-11	4.63683e-11	1.80685e-11	8.95183e-12	3.44385e-12	1.72992e-12	6.83391e-13	3.7305e-13	1.90225e-13	1.4723e-13	1.31706e-13	1.74779e-13	
N59	0.0050777	0.00591865	0.00718909	0.00899429	0.0113714	0.0144126	0.0180773	0.0223941	0.0271813	0.0323841	0.0376604	0.0429068	0.0476573	0.0518462	0.0549741	0.0571288	0.0578818	0.0575536	0.0558342	0.0532575	0.049596	0.0455009	0.0407609	0.0360379	0.0310912	0.0265197	0.0220441	0.0181556	0.0145469	0.0115842	0.00895769	0.00691396	0.0051707	0.00388044	0.0028142	0.00206007	0.001452	0.00103884	0.000712397	0.00049831	0.000332234	0.000226794	0.000146743	9.75044e-05	6.10601e-05	3.93649e-05	2.38072e-05	1.48593e-05	8.66219e-06	5.22481e-06	2.93489e-06	1.71126e-06	9.26949e-07	5.23375e-07	2.74732e-07	1.51333e-07	7.78922e-08	4.25653e-08	2.21242e-08	1.24623e-08	6.91807e-09	4.28372e-09	2.76679e-09	2.07289e-09	1.76644e-09	1.88727e-09	
Actinoscirpus_grossus	0	0	0	0	0	0	0	0	0	0	0	0	0	0	0	0	0	0	0	0	0	0	0	0	0	0	0	0	0	0	0	0	0	0	0	0	0	0	0	0	1	0	0	0	0	0	0	0	0	0	0	0	0	0	0	0	0	0	0	0	0	0	0	0	0	0	
N60	4.63102e-07	1.04151e-06	3.06764e-06	9.3768e-06	2.74148e-05	7.51248e-05	0.000190841	0.000451594	0.000999774	0.0020967	0.00417	0.00786639	0.0139241	0.0230086	0.035175	0.0497284	0.0647531	0.0779897	0.0869732	0.090731	0.0892137	0.0839952	0.0763725	0.0677275	0.058324	0.0485599	0.0385182	0.0289013	0.0202575	0.0132391	0.00800254	0.00448514	0.00231707	0.00110882	0.000488874	0.000199873	7.53406e-05	2.63878e-05	8.53154e-06	2.56965e-06	7.15482e-07	1.86146e-07	4.4841e-08	1.01276e-08	2.12134e-09	4.18187e-10	7.65878e-11	1.32572e-11	2.13601e-12	3.26865e-13	4.66732e-14	6.36655e-15	8.13247e-16	9.99551e-17	1.15694e-17	1.29994e-18	1.38669e-19	1.44965e-20	1.45235e-21	1.43557e-22	1.36915e-23	1.2882e-24	1.17112e-25	1.04651e-26	9.35351e-28	1.2471e-28	
N61	2.74039e-08	6.0396e-08	1.90952e-07	6.76703e-07	2.39003e-06	8.05953e-06	2.54255e-05	7.45682e-05	0.000203532	0.000523688	0.00128462	0.00300961	0.00664838	0.0136176	0.0253915	0.0424718	0.0628845	0.0817874	0.0931184	0.0935326	0.084639	0.072242	0.0619982	0.0565663	0.0546898	0.0534985	0.0501404	0.0438019	0.034926	0.0254615	0.0167636	0.0101313	0.00551547	0.00280642	0.00128402	0.000571814	0.000227772	9.48187e-05	3.45249e-05	1.41945e-05	4.8285e-06	1.93064e-06	5.9907e-07	2.20359e-07	6.04746e-08	1.96987e-08	4.7108e-09	1.34038e-09	2.78288e-10	6.90227e-11	1.24631e-11	2.70257e-12	4.25639e-13	8.09911e-14	1.11733e-14	1.87534e-15	2.27411e-16	3.38094e-17	3.6258e-18	4.81936e-19	4.64409e-20	5.69641e-21	5.45524e-22	7.23341e-23	9.74292e-24	2.68202e-24	
Schoenoplectus_lacustris	0	0	0	0	0	0	0	0	0	0	0	0	0	0	0	0	0	0	0	0	1	0	0	0	0	0	0	0	0	0	0	0	0	0	0	0	0	0	0	0	0	0	0	0	0	0	0	0	0	0	0	0	0	0	0	0	0	0	0	0	0	0	0	0	0	0	
Schoenoplectus_pungens	0	0	0	0	0	0	0	0	0	0	0	0	0	0	0	0	0	0	0	0	0	0	0	0	0	0	0	0	0	0	0	0	0	0	0	0	0	0	1	0	0	0	0	0	0	0	0	0	0	0	0	0	0	0	0	0	0	0	0	0	0	0	0	0	0	0	
N62	3.34407e-17	8.8381e-16	2.60414e-14	6.33712e-13	1.00142e-11	8.99057e-11	1.72347e-09	2.81174e-08	2.83607e-07	1.23396e-06	1.32968e-06	4.29498e-07	2.24369e-07	1.78637e-06	3.02809e-05	0.000407165	0.00388185	0.0248952	0.100954	0.241015	0.313973	0.214289	0.0800892	0.0177154	0.00249138	0.00023706	1.60006e-05	7.97993e-07	3.02903e-08	8.99796e-10	2.13155e-11	4.11037e-13	6.52953e-15	8.68865e-17	9.75317e-19	9.37765e-21	7.74601e-23	5.58529e-25	3.5113e-27	1.96209e-29	9.68296e-32	4.33191e-34	1.73233e-36	6.43038e-39	2.15803e-41	6.91116e-44	2.01738e-46	5.76979e-49	1.50417e-51	3.90786e-54	9.17724e-57	2.16107e-59	4.55356e-62	9.63506e-65	1.81491e-67	3.44175e-70	5.82589e-73	9.99435e-76	1.5507e-78	2.46696e-81	3.63848e-84	5.56026e-87	8.09257e-90	1.2125e-92	1.74901e-95	2.72726e-98	
Schoenoplectus_validus	0	0	0	0	0	0	0	0	0	0	0	0	0	0	0	0	0	0	0	0	1	0	0	0	0	0	0	0	0	0	0	0	0	0	0	0	0	0	0	0	0	0	0	0	0	0	0	0	0	0	0	0	0	0	0	0	0	0	0	0	0	0	0	0	0	0	
N63	6.72142e-23	5.30015e-21	4.85524e-19	3.35848e-17	1.37404e-15	2.87579e-14	1.29629e-12	4.53326e-11	8.66647e-10	6.12744e-09	7.15216e-09	1.92881e-09	6.62839e-10	5.89842e-09	3.27345e-07	1.46506e-05	0.00041617	0.00691864	0.0611837	0.252911	0.410218	0.218123	0.0455302	0.00444626	0.000231232	7.04308e-06	1.34956e-07	1.72154e-09	1.52787e-11	1.00823e-13	5.16952e-16	4.00203e-18	2.86113e-20	6.55602e-22	4.57867e-24	8.4705e-26	4.2598e-28	5.62122e-30	2.05257e-32	1.96658e-34	5.29116e-37	3.7438e-39	7.53178e-42	4.00355e-44	6.12378e-47	2.49527e-49	2.9536e-52	9.43606e-55	8.78848e-58	2.25099e-60	1.67437e-63	3.51153e-66	2.11322e-69	3.69789e-72	1.8209e-75	2.70557e-78	1.10062e-81	1.40966e-84	4.80168e-88	5.48689e-91	1.58294e-94	1.69669e-97	8.06646e-101	2.80524e-103	1.07034e-105	4.64896e-108	
Schoenoplectus_triqueter	0	0	0	0	0	0	0	0	0	0	0	0	0	0	0	0	0	0	0	0	1	0	0	0	0	0	0	0	0	0	0	0	0	0	0	0	0	0	0	0	0	0	0	0	0	0	0	0	0	0	0	0	0	0	0	0	0	0	0	0	0	0	0	0	0	0	
Schoenoplectus_tabernaemontani	0	0	0	0	0	0	0	0	0	0	0	0	0	0	0	0	0	0	0	0	1	0	0	0	0	0	0	0	0	0	0	0	0	0	0	0	0	0	0	0	0	0	0	0	0	0	0	0	0	0	0	0	0	0	0	0	0	0	0	0	0	0	0	0	0	0	
N64	0.00347731	0.00427693	0.00566524	0.00781745	0.0108704	0.0150044	0.0202466	0.0266388	0.0339238	0.0418954	0.0499452	0.0576854	0.0643135	0.0695097	0.0725576	0.0734481	0.0717766	0.0679656	0.0620277	0.0547618	0.0464978	0.0381335	0.0300225	0.0228092	0.0166146	0.0116768	0.00786228	0.00511028	0.00318091	0.00191332	0.00110191	0.000614204	0.000327759	0.000169622	8.40348e-05	4.04758e-05	1.86601e-05	8.38742e-06	3.60745e-06	1.5175e-06	6.10439e-07	2.40941e-07	9.08574e-08	3.37237e-08	1.19421e-08	4.17474e-09	1.39011e-09	4.58198e-10	1.43602e-10	4.4668e-11	1.31945e-11	3.8797e-12	1.08304e-12	3.02107e-13	8.01819e-14	2.13825e-14	5.45724e-15	1.41008e-15	3.52438e-16	8.98929e-17	2.24664e-17	5.75717e-18	1.46917e-18	3.93873e-19	1.18434e-19	5.5697e-20	
N65	0.0028428	0.00358101	0.00496435	0.00728621	0.0108757	0.0161306	0.0232975	0.0325116	0.0434563	0.0555594	0.0676425	0.0784561	0.0864163	0.0904648	0.089765	0.084513	0.0753193	0.0636234	0.0508319	0.0384722	0.0275281	0.0186564	0.0119513	0.00725258	0.0041601	0.00226143	0.00116214	0.000566385	0.000261016	0.0001142	4.72631e-05	1.85988e-05	6.92627e-06	2.4579e-06	8.25889e-07	2.65265e-07	8.07259e-08	2.35883e-08	6.53561e-09	1.74997e-09	4.44648e-10	1.10169e-10	2.59162e-11	6.01434e-12	1.32436e-12	2.91516e-13	6.07087e-14	1.27952e-14	2.53554e-15	5.13167e-16	9.68152e-17	1.87552e-17	3.35748e-18	6.19138e-19	1.04911e-19	1.83787e-20	2.95901e-21	4.9592e-22	7.71996e-23	1.26567e-23	1.97277e-24	3.27208e-25	5.3043e-26	9.17649e-27	1.69721e-27	5.21818e-28	
Schoenoplectiella_articulata	0	0	0	0	0	0	0	0	0	0	0	0	0	0	1	0	0	0	0	0	0	0	0	0	0	0	0	0	0	0	0	0	0	0	0	0	0	0	0	0	0	0	0	0	0	0	0	0	0	0	0	0	0	0	0	0	0	0	0	0	0	0	0	0	0	0	
Schoenoplectiella_senegalensis	0	0	0	0	0	0	0	0	0	0	0	0	0	1	0	0	0	0	0	0	0	0	0	0	0	0	0	0	0	0	0	0	0	0	0	0	0	0	0	0	0	0	0	0	0	0	0	0	0	0	0	0	0	0	0	0	0	0	0	0	0	0	0	0	0	0	
N66	3.99972e-12	2.98908e-11	2.87608e-10	2.46445e-09	1.78441e-08	1.07075e-07	5.13781e-07	2.06925e-06	7.73826e-06	2.87018e-05	0.000102816	0.000331508	0.000898241	0.00200509	0.00370892	0.00585659	0.00813865	0.0105304	0.0134768	0.0179418	0.0248469	0.0356868	0.0522459	0.0761772	0.104475	0.129744	0.140055	0.13058	0.103046	0.0695481	0.0395093	0.0192455	0.00789566	0.00279854	0.000837905	0.000219019	4.85437e-05	9.50807e-06	1.58513e-06	2.36508e-07	3.01238e-08	3.47537e-09	3.43006e-10	3.09966e-11	2.39944e-12	1.71689e-13	1.0539e-14	6.0319e-16	2.96619e-17	1.37113e-18	5.45911e-20	2.05988e-21	6.71397e-23	2.0918e-24	5.6578e-26	1.47764e-27	3.3779e-29	7.55601e-31	1.50464e-32	2.98475e-34	5.41611e-36	9.9499e-38	1.72127e-39	3.00511e-41	5.00511e-43	1.02523e-44	
N67	4.28787e-12	1.84826e-11	1.23572e-10	8.45578e-10	5.33695e-09	3.05636e-08	1.58244e-07	7.37756e-07	3.10656e-06	1.20235e-05	4.33502e-05	0.000144357	0.000433718	0.00114776	0.00262883	0.00518034	0.00884455	0.0133185	0.0180343	0.0223392	0.0260744	0.0308005	0.0402803	0.0585564	0.0858283	0.115465	0.135664	0.136494	0.116674	0.0845786	0.0519358	0.0270669	0.011967	0.0045125	0.00144801	0.000401773	9.53676e-05	2.07516e-05	3.93905e-06	8.94031e-07	1.77491e-07	6.15115e-08	1.34848e-08	5.0971e-09	9.95483e-10	3.23878e-10	5.31599e-11	1.43869e-11	1.97204e-12	4.4396e-13	5.09253e-14	9.58706e-15	9.23574e-16	1.46304e-16	1.18919e-17	1.59646e-18	1.0998e-19	1.25978e-20	7.39201e-22	7.27943e-23	3.65809e-24	3.12921e-25	1.39201e-26	1.12193e-27	6.4788e-29	1.11138e-29	
Schoenoplectiella_juncoides	0	0	0	0	0	0	0	0	0	0	0	0	0	0	0	0	0	0	0	0	0	0	0	0	0	0	0	0	0	0	0	0	0	0	0	0	1	0	0	0	0	0	0	0	0	0	0	0	0	0	0	0	0	0	0	0	0	0	0	0	0	0	0	0	0	0	
Schoenoplectiella_hotarui	0	0	0	0	0	0	0	0	0	0	0	0	0	0	0	0	0	0	0	0	0	1	0	0	0	0	0	0	0	0	0	0	0	0	0	0	0	0	0	0	0	0	0	0	0	0	0	0	0	0	0	0	0	0	0	0	0	0	0	0	0	0	0	0	0	0	
N68	2.39059e-14	1.88769e-13	2.31777e-12	2.74411e-11	2.85603e-10	2.57126e-09	1.8411e-08	9.69531e-08	4.43895e-07	2.31944e-06	1.30122e-05	6.93518e-05	0.000317988	0.00114768	0.00304833	0.00574888	0.00774794	0.00805087	0.00774855	0.00877174	0.012698	0.0214912	0.0380082	0.0646853	0.100037	0.13546	0.156343	0.15149	0.121756	0.0809094	0.0441894	0.0199156	0.00736566	0.00226365	0.000571723	0.00012253	2.16246e-05	3.4357e-06	4.49087e-07	6.15759e-08	6.73214e-09	9.6274e-10	9.58549e-11	1.37864e-11	1.19535e-12	1.51216e-13	1.09765e-14	1.16036e-15	6.99235e-17	6.10995e-18	3.05279e-19	2.2016e-20	9.1149e-22	5.43392e-23	1.86744e-24	9.24974e-26	2.6468e-27	1.09603e-28	2.6257e-30	9.17011e-32	1.85472e-33	5.55683e-35	1.00705e-36	2.90267e-38	6.73917e-40	3.26942e-41	
Schoenoplectiella_mucronata	0	0	0	0	0	0	0	0	0	0	0	0	0	0	0	0	0	0	0	0	1	0	0	0	0	0	0	0	0	0	0	0	0	0	0	0	0	0	0	0	0	0	0	0	0	0	0	0	0	0	0	0	0	0	0	0	0	0	0	0	0	0	0	0	0	0	
N69	1.23414e-14	7.94459e-14	8.28026e-13	8.64811e-12	8.17245e-11	6.84065e-10	5.02942e-09	3.27156e-08	1.92946e-07	1.05778e-06	5.33943e-06	2.36388e-05	8.69388e-05	0.000255045	0.000585177	0.00106732	0.00166333	0.0024606	0.00359268	0.00495138	0.00638755	0.00857883	0.013865	0.0263185	0.0502118	0.0862861	0.127108	0.157493	0.161909	0.138372	0.0969781	0.0579252	0.0282846	0.0138583	0.00551063	0.00338168	0.00132074	0.000944045	0.000311877	0.00018616	4.78741e-05	2.23004e-05	4.46734e-06	1.63596e-06	2.59033e-07	7.56954e-08	9.6113e-09	2.27058e-09	2.33824e-10	4.50938e-11	3.79745e-12	6.02573e-13	4.17282e-14	5.48394e-15	3.13898e-16	3.44332e-17	1.63537e-18	1.50749e-19	5.97796e-21	4.68484e-22	1.55555e-23	1.04417e-24	3.01855e-26	1.95948e-27	9.35307e-29	1.7248e-29	
Schoenoplectiella_lineolata	0	0	0	0	0	0	0	0	0	0	0	0	0	0	0	0	0	0	0	0	0	0	0	0	0	0	0	0	0	1	0	0	0	0	0	0	0	0	0	0	0	0	0	0	0	0	0	0	0	0	0	0	0	0	0	0	0	0	0	0	0	0	0	0	0	0	
Schoenoplectiella_wallichii	0	0	0	0	0	0	0	0	0	0	0	0	0	0	0	0	0	0	0	0	0	0	0	0	0	0	0	0	0	0	0	0	0	0	0	1	0	0	0	0	0	0	0	0	0	0	0	0	0	0	0	0	0	0	0	0	0	0	0	0	0	0	0	0	0	0	
N70	0.0445255	0.04902	0.0537137	0.0586274	0.0632265	0.0673528	0.0703209	0.0719871	0.0717702	0.0698039	0.0658425	0.060413	0.0536161	0.0462289	0.0384861	0.0311266	0.0242719	0.0184077	0.0134399	0.0095698	0.00654777	0.00439266	0.00282398	0.00179778	0.0010916	0.000667799	0.000386291	0.000231614	0.000129123	7.77733e-05	4.23001e-05	2.61821e-05	1.39893e-05	8.97339e-06	4.71053e-06	3.11167e-06	1.59432e-06	1.06572e-06	5.30289e-07	3.53658e-07	1.69827e-07	1.11334e-07	5.15776e-08	3.3095e-08	1.47252e-08	9.16265e-09	3.92971e-09	2.38132e-09	9.79352e-10	5.72968e-10	2.27746e-10	1.30217e-10	4.96195e-11	2.73748e-11	1.01449e-11	5.52719e-12	1.96529e-12	1.03559e-12	3.63647e-13	1.94598e-13	6.75974e-14	3.74264e-14	1.60683e-14	1.2928e-14	1.15053e-14	1.79193e-14	
N71	0.0186806	0.0210009	0.0239172	0.0275238	0.0316527	0.0362946	0.0411173	0.0460204	0.0505387	0.0545618	0.0575943	0.0596344	0.0602757	0.0597125	0.0577001	0.0546349	0.0504297	0.0456112	0.040187	0.0346986	0.0291628	0.0240279	0.0192559	0.0151405	0.0115711	0.00868923	0.00633889	0.00455427	0.00317719	0.0021901	0.00146524	0.000972793	0.0006264	0.000402352	0.000250375	0.000156314	9.43502e-05	5.74622e-05	3.3732e-05	2.00819e-05	1.14746e-05	6.67628e-06	3.71049e-06	2.10646e-06	1.13638e-06	6.27747e-07	3.28029e-07	1.75914e-07	8.88564e-08	4.61658e-08	2.25229e-08	1.13335e-08	5.34222e-09	2.60663e-09	1.19175e-09	5.67242e-10	2.54078e-10	1.19646e-10	5.3824e-11	2.58944e-11	1.22773e-11	6.3983e-12	3.48462e-12	2.21095e-12	1.65132e-12	1.62887e-12	
Schoenoplectus_litoralis	0	0	0	0	0	0	0	0	0	0	0	0	0	0	0	0	0	0	0	1	0	0	0	0	0	0	0	0	0	0	0	0	0	0	0	0	0	0	0	0	0	0	0	0	0	0	0	0	0	0	0	0	0	0	0	0	0	0	0	0	0	0	0	0	0	0	
N72	1.18708e-13	8.86294e-13	9.47596e-12	9.81455e-11	9.36857e-10	6.61746e-09	2.92073e-08	1.599e-07	9.14103e-07	5.35084e-06	2.60857e-05	7.66708e-05	0.000116338	0.000127083	0.000203545	0.000529726	0.00171063	0.00598769	0.0194518	0.0528788	0.112906	0.183346	0.219683	0.19255	0.123029	0.0585517	0.0211509	0.0059872	0.00135365	0.000257302	4.78517e-05	1.30611e-05	5.70735e-06	2.71497e-06	1.13354e-06	4.01934e-07	1.19012e-07	2.98203e-08	6.25217e-09	1.115e-09	1.66853e-10	2.13477e-11	2.29754e-12	2.12552e-13	1.65854e-14	1.11948e-15	6.39773e-17	3.188e-18	1.35244e-19	5.05241e-21	1.61914e-22	4.62303e-24	1.14319e-25	2.55195e-27	4.99279e-29	8.94575e-31	1.42506e-32	2.10987e-34	2.82282e-36	3.55439e-38	4.1043e-40	4.48865e-42	4.54374e-44	4.35105e-46	3.88061e-48	3.93023e-50	
Bolboschoenus_maritimus	0	0	0	0	0	0	0	0	0	0	0	0	0	0	0	0	0	0	0	1	0	0	0	0	0	0	0	0	0	0	0	0	0	0	0	0	0	0	0	0	0	0	0	0	0	0	0	0	0	0	0	0	0	0	0	0	0	0	0	0	0	0	0	0	0	0	
N73	6.94127e-14	4.41851e-13	4.47095e-12	4.37182e-11	3.70742e-10	2.6753e-09	1.69469e-08	9.70237e-08	4.89888e-07	2.09711e-06	7.12067e-06	1.76696e-05	3.39795e-05	6.788e-05	0.000160819	0.000412196	0.00120058	0.00412676	0.0142647	0.0424117	0.0995381	0.175876	0.225451	0.206303	0.134639	0.0642238	0.0229762	0.0064223	0.00141566	0.000272049	4.93746e-05	1.95679e-05	8.57562e-06	1.65504e-05	5.30148e-06	2.44399e-05	5.24463e-06	2.40265e-05	3.76655e-06	1.30923e-05	1.51198e-06	3.85886e-06	3.28847e-07	6.14139e-07	3.85815e-08	5.25624e-08	2.44448e-09	2.44122e-09	8.45512e-11	6.2259e-11	1.62817e-12	8.98083e-13	1.79896e-14	7.52823e-15	1.17878e-16	3.83058e-17	4.75237e-19	1.20888e-19	1.22002e-21	2.53592e-22	2.06774e-24	3.3968e-25	2.41656e-27	3.87539e-28	4.94182e-30	2.97944e-30	
Bolboschoenus_fluviatilis	0	0	0	0	0	0	0	0	0	0	0	0	0	0	0	0	0	0	0	0	0	0	0	0	0	0	0	0	0	0	0	0	0	0	0	0	0	0	0	0	0	0	0	0	0	0	1	0	0	0	0	0	0	0	0	0	0	0	0	0	0	0	0	0	0	0	
Bolboschoenus_planiculmis	0	0	0	0	0	0	0	0	0	0	0	0	0	0	0	0	0	0	0	0	0	0	0	0	0	0	0	1	0	0	0	0	0	0	0	0	0	0	0	0	0	0	0	0	0	0	0	0	0	0	0	0	0	0	0	0	0	0	0	0	0	0	0	0	0	0	
N74	1.47086e-05	2.60815e-05	5.78863e-05	0.000135611	0.000310138	0.000676832	0.0013924	0.00270753	0.00496508	0.00863678	0.0142192	0.0222551	0.0329833	0.0464185	0.0616723	0.0774477	0.091257	0.100979	0.104176	0.10041	0.0898542	0.0749251	0.0578922	0.0416523	0.0277541	0.0172284	0.00990691	0.00531345	0.0026417	0.00122707	0.000528867	0.00021341	7.99971e-05	2.81446e-05	9.21013e-06	2.8367e-06	8.13747e-07	2.20385e-07	5.56666e-08	1.3319e-08	2.97592e-09	6.32069e-10	1.25518e-10	2.37808e-11	4.217e-12	7.16104e-13	1.13936e-13	1.74263e-14	2.49997e-15	3.46163e-16	4.50325e-17	5.68013e-18	6.74895e-19	7.81726e-20	8.56919e-21	9.21792e-22	9.4505e-23	9.57653e-24	9.33179e-25	9.03671e-26	8.47963e-27	7.91148e-28	7.18537e-29	6.50742e-30	6.04888e-31	8.2975e-32	
Fuirena_umbellata	0	0	0	0	0	0	0	0	0	0	0	0	0	0	0	0	0	0	0	0	0	0	0	0	0	1	0	0	0	0	0	0	0	0	0	0	0	0	0	0	0	0	0	0	0	0	0	0	0	0	0	0	0	0	0	0	0	0	0	0	0	0	0	0	0	0	
N75	1.02843e-06	2.17501e-06	6.21213e-06	1.91359e-05	5.75818e-05	0.000163369	0.000429621	0.0010443	0.00234836	0.00492321	0.00966287	0.0177874	0.0305278	0.0485172	0.0707757	0.094266	0.114021	0.124986	0.12379	0.110727	0.0892749	0.0649103	0.0425029	0.0250945	0.0133454	0.00640555	0.00277202	0.00108475	0.000383306	0.000122823	3.56046e-05	9.3967e-06	2.2481e-06	4.92503e-07	9.79993e-08	1.80219e-08	3.01516e-09	4.73811e-10	6.77987e-11	9.38167e-12	1.18017e-12	1.50534e-13	1.72747e-14	2.12882e-15	2.29186e-16	2.76453e-17	2.78819e-18	3.20577e-19	2.96933e-20	3.1495e-21	2.63688e-22	2.53337e-23	1.90407e-24	1.6465e-25	1.11026e-26	8.64379e-28	5.24067e-29	3.68621e-30	2.02467e-31	1.30323e-32	6.68323e-34	4.13195e-35	2.20679e-36	1.47335e-37	9.69419e-39	1.08086e-39	
Fuirena_simplex	0	0	0	0	0	0	0	0	0	0	0	0	0	0	1	0	0	0	0	0	0	0	0	0	0	0	0	0	0	0	0	0	0	0	0	0	0	0	0	0	0	0	0	0	0	0	0	0	0	0	0	0	0	0	0	0	0	0	0	0	0	0	0	0	0	0	
N76	9.98021e-10	3.52217e-09	1.82854e-08	9.77435e-08	4.83951e-07	2.16766e-06	8.71981e-06	3.11342e-05	9.71506e-05	0.000265127	0.00064795	0.00150937	0.00358923	0.00873827	0.0203332	0.0423874	0.0763089	0.116954	0.151337	0.165038	0.151114	0.116358	0.0751452	0.0408991	0.0187115	0.00726441	0.00238339	0.000672451	0.000161698	3.4249e-05	6.25823e-06	1.05099e-06	1.5445e-07	2.21927e-08	2.7963e-09	3.63484e-10	4.02904e-11	4.69383e-12	4.4892e-13	4.51738e-14	3.64832e-15	3.10728e-16	2.10685e-17	1.51583e-18	8.65947e-20	5.29341e-21	2.56658e-22	1.34459e-23	5.57465e-25	2.52368e-26	9.01796e-28	3.55997e-29	1.10362e-30	3.82748e-32	1.03754e-33	3.1923e-35	7.61654e-37	2.09669e-38	4.47046e-40	1.12854e-41	2.2487e-43	5.6032e-45	1.24524e-46	3.65713e-48	1.08195e-49	4.82345e-51	
Fuirena_ciliaris	0	0	0	0	0	0	0	0	0	0	0	0	0	0	0	0	0	0	1	0	0	0	0	0	0	0	0	0	0	0	0	0	0	0	0	0	0	0	0	0	0	0	0	0	0	0	0	0	0	0	0	0	0	0	0	0	0	0	0	0	0	0	0	0	0	0	
N77	1.20164e-16	1.97137e-15	4.48494e-14	9.00893e-13	1.41391e-11	1.64625e-10	2.04145e-09	2.58512e-08	2.51796e-07	1.58596e-06	5.03888e-06	6.1745e-06	3.24694e-06	1.83053e-06	5.91008e-06	5.82053e-05	0.000550526	0.00394658	0.020364	0.0729752	0.174459	0.267091	0.251906	0.144171	0.0508946	0.0115852	0.00176702	0.000191081	1.50223e-05	9.28135e-07	4.49741e-08	1.96715e-09	7.15028e-11	2.66023e-12	7.96437e-14	2.49414e-15	5.89558e-17	1.44859e-18	2.63136e-20	5.00323e-22	7.03946e-24	1.0508e-25	1.16552e-27	1.39288e-29	1.23901e-31	1.20714e-33	8.74429e-36	7.06108e-38	4.21922e-40	2.86455e-42	1.42894e-44	8.273e-47	3.48008e-49	1.73917e-51	6.24252e-54	2.73564e-56	8.46806e-59	3.29955e-61	9.03124e-64	3.25672e-66	8.46147e-69	3.15935e-71	1.05054e-73	5.11796e-76	2.45492e-78	1.45095e-80	
Fuirena_breviseta	0	0	0	0	0	0	0	0	0	0	0	0	0	0	0	0	0	0	0	0	0	0	1	0	0	0	0	0	0	0	0	0	0	0	0	0	0	0	0	0	0	0	0	0	0	0	0	0	0	0	0	0	0	0	0	0	0	0	0	0	0	0	0	0	0	0	
N78	1.62189e-28	7.02541e-26	2.82468e-23	6.97082e-21	1.39834e-18	4.11204e-17	2.63124e-17	3.32942e-15	4.81837e-13	4.14694e-11	1.56032e-09	2.21131e-09	1.42297e-10	4.83226e-12	1.48581e-13	1.22607e-12	3.06686e-10	5.5177e-08	6.22648e-06	0.000405409	0.0134613	0.184794	0.671563	0.123615	0.00603196	0.000122021	1.2635e-06	7.58502e-09	2.86728e-11	7.2793e-14	1.30206e-16	1.8243e-19	2.16395e-22	3.86596e-25	6.42605e-28	1.75825e-30	2.58818e-33	5.34751e-36	5.78074e-39	8.58571e-42	6.88469e-45	7.52688e-48	4.54815e-51	3.74431e-54	1.72657e-57	1.09265e-60	3.88686e-64	1.92897e-67	5.34771e-71	2.12339e-74	4.63403e-78	1.50218e-81	2.60635e-85	7.03441e-89	9.79733e-93	2.24319e-96	2.53112e-100	5.00033e-104	4.61584e-108	8.01196e-112	6.17985e-116	1.00473e-119	1.0128e-123	3.18421e-127	1.16561e-130	4.82764e-134	
Fuirena_pumila	0	0	0	0	0	0	0	0	0	0	0	0	0	0	0	0	0	0	0	0	0	0	1	0	0	0	0	0	0	0	0	0	0	0	0	0	0	0	0	0	0	0	0	0	0	0	0	0	0	0	0	0	0	0	0	0	0	0	0	0	0	0	0	0	0	0	
Fuirena_scirpoidea	0	0	0	0	0	0	0	0	0	0	0	0	0	0	0	0	0	0	0	0	0	0	1	0	0	0	0	0	0	0	0	0	0	0	0	0	0	0	0	0	0	0	0	0	0	0	0	0	0	0	0	0	0	0	0	0	0	0	0	0	0	0	0	0	0	0	
N79	0.00581086	0.00699512	0.00896011	0.0119146	0.0159715	0.0212782	0.0277234	0.0352171	0.0432594	0.0515038	0.0591206	0.0657215	0.070416	0.0730978	0.0731289	0.0709147	0.06624	0.0599978	0.0523116	0.0442604	0.0360279	0.0285001	0.0216841	0.0160713	0.0114556	0.00798089	0.00534753	0.00351734	0.00222454	0.0013883	0.000832504	0.000495474	0.000282856	0.000161212	8.78845e-05	4.80943e-05	2.50662e-05	1.31749e-05	6.56133e-06	3.30749e-06	1.57044e-06	7.56925e-07	3.41751e-07	1.57025e-07	6.72193e-08	2.93525e-08	1.18911e-08	4.92661e-09	1.88585e-09	7.40314e-10	2.67804e-10	9.96814e-11	3.4107e-11	1.20561e-11	3.91999e-12	1.32446e-12	4.13285e-13	1.35223e-13	4.1462e-14	1.35113e-14	4.23495e-15	1.43068e-15	4.84549e-16	1.83501e-16	8.09692e-17	5.51286e-17	
N80	0.00259786	0.00316298	0.0041409	0.00568201	0.00793169	0.011089	0.0152683	0.0205983	0.0269931	0.0343641	0.0422884	0.0504213	0.0580346	0.0646889	0.0695842	0.0724933	0.0728603	0.0709363	0.0665955	0.0605834	0.0531125	0.0451529	0.036968	0.029391	0.0224883	0.0167493	0.0119972	0.00839802	0.00564845	0.00373551	0.0023707	0.00149274	0.000899961	0.000545011	0.000314786	0.000185451	0.000103481	5.98814e-05	3.24816e-05	1.85542e-05	9.79962e-06	5.51659e-06	2.83058e-06	1.56146e-06	7.74527e-07	4.15506e-07	1.98357e-07	1.02881e-07	4.70702e-08	2.34842e-08	1.02759e-08	4.92083e-09	2.05486e-09	9.42353e-10	3.75702e-10	1.6524e-10	6.30103e-11	2.66946e-11	9.88257e-12	4.1358e-12	1.56259e-12	6.95375e-13	3.07538e-13	1.72104e-13	1.13648e-13	1.10566e-13	
N81	2.15118e-05	3.17568e-05	5.62148e-05	0.000108011	0.000210501	0.000404454	0.000752019	0.00134883	0.00232155	0.00385203	0.00615918	0.00953552	0.0142331	0.0204583	0.0280717	0.036668	0.0452529	0.0527929	0.0580662	0.0606646	0.0605541	0.0587678	0.0562204	0.0540642	0.0524839	0.0515148	0.0503336	0.0485236	0.04536	0.0410014	0.0354156	0.0293483	0.0231156	0.0174453	0.0124946	0.00858821	0.00560093	0.00351603	0.00209464	0.00120581	0.000658815	0.000349354	0.000175786	8.62325e-05	4.01024e-05	1.82574e-05	7.86712e-06	3.33041e-06	1.33142e-06	5.2447e-07	1.9469e-07	7.1414e-08	2.46543e-08	8.43981e-09	2.72236e-09	8.75303e-10	2.66544e-10	8.15395e-11	2.38812e-11	7.09319e-12	2.04776e-12	6.04679e-13	1.77413e-13	5.49489e-14	1.90922e-14	1.00434e-14	
Scirpoides_holoschoenus	0	0	0	0	0	0	0	0	0	0	0	0	0	0	0	0	0	0	0	0	1	0	0	0	0	0	0	0	0	0	0	0	0	0	0	0	0	0	0	0	0	0	0	0	0	0	0	0	0	0	0	0	0	0	0	0	0	0	0	0	0	0	0	0	0	0	
Scirpoides_holoschoenus_subsp_thunbergii	0	0	0	0	0	0	0	0	0	0	0	0	0	0	0	0	0	0	0	0	0	0	0	0	0	0	0	0	0	0	0	0	0	0	0	0	0	0	0	0	0	1	0	0	0	0	0	0	0	0	0	0	0	0	0	0	0	0	0	0	0	0	0	0	0	0	
N82	3.17061e-07	7.54725e-07	2.31289e-06	7.28074e-06	2.18571e-05	6.13839e-05	0.000159247	0.00037903	0.000818935	0.00161976	0.00298846	0.0053235	0.00932469	0.016079	0.0267313	0.0421222	0.0617386	0.0834992	0.103082	0.115965	0.118155	0.109398	0.0919151	0.0707851	0.0502539	0.0335535	0.0213767	0.0133539	0.0082735	0.00516158	0.00320745	0.00198155	0.00118972	0.000694007	0.000384984	0.000204731	0.00010223	4.86929e-05	2.16192e-05	9.15575e-06	3.59725e-06	1.35191e-06	4.69589e-07	1.56671e-07	4.81259e-08	1.42604e-08	3.87439e-09	1.01926e-09	2.44764e-10	5.70963e-11	1.21104e-11	2.50279e-12	4.69005e-13	8.59454e-14	1.42807e-14	2.33315e-15	3.47177e-16	5.124e-17	6.97293e-18	9.52507e-19	1.22337e-19	1.59122e-20	1.9826e-21	2.50143e-22	3.20637e-23	6.46332e-24	
N83	1.63935e-06	2.89655e-06	6.56766e-06	1.62466e-05	4.0427e-05	9.78e-05	0.000226397	0.000499303	0.00104785	0.00209576	0.00399597	0.00726241	0.0125509	0.0205638	0.0318059	0.0462605	0.0630116	0.0801307	0.0948589	0.104361	0.106552	0.100963	0.0888005	0.0726497	0.0554014	0.0395711	0.0265857	0.0169412	0.0102952	0.00603287	0.00341677	0.00189073	0.00101472	0.000533728	0.000269774	0.000133316	6.23943e-05	2.86171e-05	1.22538e-05	5.21369e-06	2.04091e-06	8.17149e-07	2.95385e-07	1.14153e-07	3.87268e-08	1.47868e-08	4.76611e-09	1.80673e-09	5.53515e-10	2.05257e-10	5.933e-11	2.11179e-11	5.72163e-12	1.93138e-12	4.89904e-13	1.56304e-13	3.72371e-14	1.12527e-14	2.54344e-15	7.38149e-16	1.64955e-16	4.91077e-17	1.28212e-17	4.71248e-18	1.949e-18	1.43202e-18	
Cyperus_fuscus	0	0	0	0	0	0	0	0	0	0	0	0	0	0	0	0	0	0	0	0	0	0	0	1	0	0	0	0	0	0	0	0	0	0	0	0	0	0	0	0	0	0	0	0	0	0	0	0	0	0	0	0	0	0	0	0	0	0	0	0	0	0	0	0	0	0	
Cyperus_eragrostis	0	0	0	0	0	0	0	0	0	0	0	0	0	0	0	0	0	0	0	0	1	0	0	0	0	0	0	0	0	0	0	0	0	0	0	0	0	0	0	0	0	0	0	0	0	0	0	0	0	0	0	0	0	0	0	0	0	0	0	0	0	0	0	0	0	0	
N84	2.95653e-08	7.48056e-08	2.57058e-07	9.47198e-07	3.41761e-06	1.16363e-05	3.74188e-05	0.000112887	0.000308116	0.000733027	0.00148768	0.00266335	0.00457462	0.00804863	0.0144371	0.0255316	0.0430514	0.0674417	0.0957749	0.121136	0.134417	0.130186	0.109939	0.0820778	0.05534	0.0351995	0.0220582	0.0142803	0.0095921	0.00670457	0.00469307	0.00332773	0.00227054	0.00157486	0.00101527	0.000698032	0.00042651	0.000306094	0.000180887	0.000138547	7.85815e-05	6.06714e-05	3.18544e-05	2.30811e-05	1.08898e-05	7.11506e-06	2.97637e-06	1.72821e-06	6.37408e-07	3.27224e-07	1.06321e-07	4.82706e-08	1.38068e-08	5.5433e-09	1.39881e-09	4.98513e-10	1.11055e-10	3.51885e-11	6.96554e-12	1.98392e-12	3.53063e-13	9.28822e-14	1.65608e-14	5.00299e-15	1.59181e-15	1.21909e-15	
N85	1.13443e-11	6.93783e-11	7.00212e-10	7.27978e-09	7.00944e-08	5.96245e-07	4.28344e-06	2.74035e-05	0.000168342	0.000961504	0.00466429	0.0179731	0.0528276	0.11598	0.18765	0.222415	0.192513	0.122001	0.0568651	0.0196736	0.00510094	0.00100383	0.000151693	1.78449e-05	1.65334e-06	1.22264e-07	7.29389e-09	3.55458e-10	1.42845e-11	4.78937e-13	1.35059e-14	3.23883e-16	6.64904e-18	1.1807e-19	1.8228e-21	2.47025e-23	2.94868e-25	3.16793e-27	5.9148e-29	1.90087e-29	1.07878e-29	5.78232e-30	2.85474e-30	1.26067e-30	4.78061e-31	1.53158e-31	4.08935e-32	9.18922e-33	1.74815e-33	2.89393e-34	4.24549e-35	5.7203e-36	7.19041e-37	8.6702e-38	1.00446e-38	1.14003e-39	1.26099e-40	1.38845e-41	1.51455e-42	1.67834e-43	1.87814e-44	2.16682e-45	2.54224e-46	3.05785e-47	3.70345e-48	4.99077e-49	
Cyperus_alternifolius	0	0	0	0	0	0	0	0	0	0	0	0	0	0	0	1	0	0	0	0	0	0	0	0	0	0	0	0	0	0	0	0	0	0	0	0	0	0	0	0	0	0	0	0	0	0	0	0	0	0	0	0	0	0	0	0	0	0	0	0	0	0	0	0	0	0	
N86	1.0537e-11	6.25371e-11	6.28223e-10	6.4856e-09	6.10649e-08	5.08141e-07	3.73095e-06	2.51456e-05	0.000159877	0.000928048	0.00455903	0.017762	0.0526645	0.116288	0.188675	0.22355	0.192841	0.121401	0.056034	0.0191324	0.00487922	0.000941195	0.000138888	1.59117e-05	1.42788e-06	1.02779e-07	5.85803e-09	2.96284e-10	1.06528e-11	6.7836e-13	1.09501e-14	3.09439e-15	1.7039e-17	1.43433e-17	5.16275e-20	4.29945e-20	1.21465e-22	8.14085e-23	1.85956e-25	9.99126e-26	1.87518e-28	8.15077e-29	1.27525e-31	4.53081e-32	5.98267e-35	1.75234e-35	1.9761e-38	4.81869e-39	4.68466e-42	9.57328e-43	8.11123e-46	1.40708e-46	1.04316e-49	1.53261e-50	1.01444e-53	1.32948e-54	7.61727e-58	8.15835e-59	4.62369e-62	6.29974e-63	2.4953e-66	1.71183e-67	1.44456e-70	4.40521e-71	4.6037e-74	2.15599e-74	
Cyperus_difformis	0	0	0	0	0	0	0	0	0	0	0	0	0	0	0	1	0	0	0	0	0	0	0	0	0	0	0	0	0	0	0	0	0	0	0	0	0	0	0	0	0	0	0	0	0	0	0	0	0	0	0	0	0	0	0	0	0	0	0	0	0	0	0	0	0	0	
Cyperus_involucratus	0	0	0	0	0	0	0	0	0	0	0	0	0	0	0	1	0	0	0	0	0	0	0	0	0	0	0	0	0	0	0	0	0	0	0	0	0	0	0	0	0	0	0	0	0	0	0	0	0	0	0	0	0	0	0	0	0	0	0	0	0	0	0	0	0	0	
N87	5.77976e-09	1.20206e-08	3.56416e-08	1.21336e-07	4.22183e-07	1.42549e-06	4.55035e-06	1.36053e-05	3.78332e-05	9.73985e-05	0.000231225	0.000508558	0.00104401	0.00201809	0.00369105	0.00641739	0.0105842	0.0164632	0.0238401	0.0318263	0.0387578	0.0430679	0.0436483	0.0409207	0.0356687	0.0296589	0.0235447	0.0186297	0.0144405	0.0118745	0.0096155	0.00906429	0.00808683	0.00961537	0.00968254	0.0143065	0.0153163	0.0244232	0.0254465	0.0391523	0.0376489	0.0531774	0.0461385	0.0587827	0.0455357	0.0519316	0.0357863	0.0364905	0.022292	0.0202773	0.0109914	0.00895159	0.00429467	0.00312566	0.00133477	0.000878071	0.000332973	0.000197615	6.7905e-05	3.77654e-05	1.19023e-05	6.39572e-06	2.25021e-06	1.69605e-06	1.42342e-06	2.45114e-06	
Kyllingiella_microcephala	0	0	0	0	0	0	0	0	0	0	0	0	0	0	0	0	0	0	0	0	0	0	0	0	0	0	0	0	0	0	0	0	0	0	0	0	0	0	0	0	0	0	0	0	0	0	0	0	0	1	0	0	0	0	0	0	0	0	0	0	0	0	0	0	0	0	
N88	5.1837e-09	1.02793e-08	2.85489e-08	9.05292e-08	2.93218e-07	9.23646e-07	2.76595e-06	7.80829e-06	2.06931e-05	5.14432e-05	0.00011994	0.000262672	0.000541379	0.00105358	0.00194021	0.00338205	0.00556231	0.00859828	0.0124522	0.0169015	0.0215497	0.0259378	0.0295531	0.0319445	0.0326544	0.0315589	0.0287326	0.0248805	0.0205741	0.0167688	0.0136006	0.0116599	0.0104892	0.0106643	0.0114838	0.0139798	0.017147	0.0225853	0.028348	0.036464	0.0433475	0.0514645	0.0557741	0.0596555	0.0579639	0.0553305	0.0478554	0.040647	0.0311939	0.0235773	0.0160392	0.0108164	0.00652594	0.00394789	0.0021186	0.00116216	0.00055834	0.000283053	0.000123768	6.04705e-05	2.5521e-05	1.39318e-05	8.11127e-06	7.93261e-06	9.6517e-06	1.53085e-05	
Cyperus_cuspidatus	0	0	0	0	0	0	0	0	0	0	0	0	0	0	0	0	0	0	0	0	0	0	0	0	0	0	0	0	0	0	0	0	0	0	0	0	0	0	0	0	0	0	0	0	0	0	0	0	0	0	0	0	0	0	0	1	0	0	0	0	0	0	0	0	0	0	
Cyperus_cyperoides	0	0	0	0	0	0	0	0	0	0	0	0	0	0	0	0	0	0	0	0	0	0	0	0	0	0	0	0	0	0	0	0	0	0	0	0	0	0	0	0	1	0	0	0	0	0	0	0	0	0	0	0	0	0	0	0	0	0	0	0	0	0	0	0	0	0	
N89	0.00337523	0.00402798	0.0051045	0.00674978	0.00909094	0.012311	0.0165001	0.0217688	0.0280167	0.0351499	0.0427618	0.0505291	0.0577787	0.0640956	0.0687304	0.0714261	0.0716442	0.0695696	0.0651213	0.0590079	0.0515396	0.0436556	0.0357007	0.028423	0.0219099	0.0165323	0.0121136	0.00873984	0.00613156	0.00425934	0.00287372	0.00193083	0.00125563	0.000819375	0.000514955	0.000328321	0.000200315	0.00012566	7.47748e-05	4.63542e-05	2.69346e-05	1.64711e-05	9.31642e-06	5.58286e-06	3.05476e-06	1.77816e-06	9.35703e-07	5.25475e-07	2.64702e-07	1.42733e-07	6.87081e-08	3.55327e-08	1.63417e-08	8.10982e-09	3.57518e-09	1.71128e-09	7.28118e-10	3.39612e-10	1.42299e-10	6.6569e-11	2.88481e-11	1.43929e-11	7.10277e-12	4.14585e-12	2.65306e-12	2.34964e-12	
Scirpus_ficinioides	0	0	0	0	0	0	0	0	0	0	0	0	0	0	0	0	0	0	0	0	0	0	0	0	0	0	0	0	0	0	0	0	0	0	0	0	0	0	0	0	0	0	0	0	0	0	0	0	0	0	0	1	0	0	0	0	0	0	0	0	0	0	0	0	0	0	
N90	0.000341764	0.000549352	0.00103519	0.0020029	0.00376382	0.00676216	0.0114798	0.0183831	0.0276139	0.0390094	0.0518314	0.0652068	0.077796	0.088362	0.0952175	0.097206	0.0934039	0.0843057	0.0710962	0.0560092	0.0410659	0.028058	0.0178122	0.0105287	0.0057792	0.00295381	0.00140203	0.000620086	0.000254814	9.76871e-05	3.48254e-05	1.16019e-05	3.59828e-06	1.04509e-06	2.82958e-07	7.19234e-08	1.70664e-08	3.81256e-09	7.96199e-10	1.57016e-10	2.89815e-11	5.06702e-12	8.29925e-13	1.29148e-13	1.8837e-14	2.61787e-15	3.41053e-16	4.24548e-17	4.95375e-18	5.53932e-19	5.80689e-20	5.85468e-21	5.53959e-22	5.06634e-23	4.36241e-24	3.65809e-25	2.90806e-26	2.27523e-27	1.70669e-28	1.27413e-29	9.22713e-31	6.68214e-32	4.71757e-33	3.31482e-34	2.32612e-35	2.39162e-36	
N91	0.00114119	0.00167245	0.0028369	0.00499672	0.0086246	0.014257	0.0223176	0.0329834	0.0459406	0.0603458	0.0747359	0.0873033	0.0961002	0.0996083	0.097036	0.0887218	0.075979	0.0608643	0.045531	0.0317826	0.0206775	0.0125351	0.00707513	0.00371887	0.00181922	0.000828801	0.000351415	0.000138847	5.10714e-05	1.75272e-05	5.60224e-06	1.67484e-06	4.66554e-07	1.22202e-07	2.98373e-08	6.93728e-09	1.50433e-09	3.20859e-10	6.38382e-11	1.34569e-11	2.61846e-12	6.03026e-13	1.21081e-13	3.08497e-14	6.23611e-15	1.6153e-15	3.12066e-16	7.69619e-17	1.3829e-17	3.16796e-18	5.24968e-19	1.11037e-19	1.69379e-20	3.30623e-21	4.64421e-22	8.37731e-23	1.08433e-23	1.81038e-24	2.16391e-25	3.35983e-26	3.75438e-27	5.56883e-28	6.36674e-29	1.04276e-29	1.73528e-30	6.20426e-31	
Isolepis_marginata	0	0	0	1	0	0	0	0	0	0	0	0	0	0	0	0	0	0	0	0	0	0	0	0	0	0	0	0	0	0	0	0	0	0	0	0	0	0	0	0	0	0	0	0	0	0	0	0	0	0	0	0	0	0	0	0	0	0	0	0	0	0	0	0	0	0	
N92	0.00069596	0.000998498	0.00169781	0.00311867	0.00576416	0.0103406	0.0175939	0.0281781	0.0421802	0.0589925	0.0767968	0.0931027	0.104752	0.109453	0.10587	0.0949162	0.0786466	0.0603504	0.0427683	0.0280733	0.0170153	0.0095626	0.00496388	0.00239429	0.00106748	0.000443871	0.000170823	6.16977e-05	2.06684e-05	6.56667e-06	1.94139e-06	5.53533e-07	1.47413e-07	3.87388e-08	9.51949e-09	2.36348e-09	5.44923e-10	1.28918e-10	2.78888e-11	6.22384e-12	1.24821e-12	2.58422e-13	4.74672e-14	9.00987e-15	1.50477e-15	2.6041e-16	3.94586e-17	6.22227e-18	8.5557e-19	1.231e-19	1.53936e-20	2.02754e-21	2.31126e-22	2.79579e-23	2.91764e-24	3.26069e-25	3.13456e-26	3.26712e-27	2.94956e-28	2.95228e-29	2.64057e-30	2.71662e-31	2.68759e-32	3.09729e-33	3.74531e-34	7.70157e-35	
Desmoschoenus_spiralis	0	0	0	0	0	0	0	0	0	0	0	0	0	0	1	0	0	0	0	0	0	0	0	0	0	0	0	0	0	0	0	0	0	0	0	0	0	0	0	0	0	0	0	0	0	0	0	0	0	0	0	0	0	0	0	0	0	0	0	0	0	0	0	0	0	0	
Ficinia_nodosa	0	0	0	0	0	0	0	0	0	0	0	0	0	0	1	0	0	0	0	0	0	0	0	0	0	0	0	0	0	0	0	0	0	0	0	0	0	0	0	0	0	0	0	0	0	0	0	0	0	0	0	0	0	0	0	0	0	0	0	0	0	0	0	0	0	0	
N93	5.25933e-07	1.18476e-06	3.60372e-06	1.15289e-05	3.53148e-05	0.000101047	0.00026681	0.000651418	0.0014646	0.00303899	0.00579549	0.0102201	0.0166926	0.025572	0.0369093	0.0508263	0.0665087	0.0829513	0.0970038	0.106488	0.1076	0.101138	0.0865156	0.0690368	0.0498379	0.0340659	0.020981	0.0125842	0.00675585	0.0036662	0.00175269	0.000875362	0.000374288	0.000170201	6.42593e-05	2.59867e-05	8.52e-06	3.00494e-06	8.47601e-07	2.58636e-07	6.24979e-08	1.64511e-08	3.41049e-09	7.77089e-10	1.38374e-10	2.73446e-11	4.20515e-12	7.26327e-13	9.66836e-14	1.46308e-14	1.70069e-15	2.28222e-16	2.32193e-17	2.76575e-18	2.49758e-19	2.68969e-20	2.15957e-21	2.09869e-22	1.54211e-23	1.4082e-24	9.9014e-26	8.98945e-27	7.21601e-28	7.47518e-29	7.68906e-30	1.32681e-30	
N94	3.29064e-07	5.87854e-07	1.40254e-06	3.75816e-06	1.01965e-05	2.67789e-05	6.67012e-05	0.00015676	0.000346534	0.000720295	0.00140461	0.00257263	0.00443572	0.0072536	0.0113369	0.0170959	0.02498	0.0354262	0.04846	0.0635265	0.0788872	0.0922618	0.100593	0.102288	0.0961554	0.0843208	0.0681898	0.0520752	0.0367389	0.0252893	0.0161517	0.0107239	0.00656796	0.00450338	0.00272869	0.00191907	0.00111729	0.000757189	0.00040629	0.000253387	0.000122498	6.89649e-05	2.98026e-05	1.50716e-05	5.80837e-06	2.63746e-06	9.07142e-07	3.70828e-07	1.13914e-07	4.20109e-08	1.15595e-08	3.86544e-09	9.54066e-10	2.90025e-10	6.45753e-11	1.80053e-11	3.62444e-12	9.29686e-13	1.71686e-13	4.15357e-14	7.2703e-15	1.76601e-15	3.65158e-16	1.16639e-16	4.25842e-17	2.96291e-17	
Isolepis_crassiuscula	0	0	0	0	0	0	0	0	0	0	0	0	0	0	0	0	0	0	0	0	0	0	0	0	0	0	0	0	0	0	0	1	0	0	0	0	0	0	0	0	0	0	0	0	0	0	0	0	0	0	0	0	0	0	0	0	0	0	0	0	0	0	0	0	0	0	
Isolepis_fluitans	0	0	0	0	0	0	0	0	0	0	0	0	0	0	0	0	0	0	0	0	0	0	0	0	0	0	0	0	0	1	0	0	0	0	0	0	0	0	0	0	0	0	0	0	0	0	0	0	0	0	0	0	0	0	0	0	0	0	0	0	0	0	0	0	0	0	
N95	7.15153e-08	1.69934e-07	5.84796e-07	2.19778e-06	7.96485e-06	2.66992e-05	8.15863e-05	0.000226961	0.000574723	0.00132905	0.00281579	0.00550233	0.00998363	0.0169583	0.0270988	0.0408582	0.0579962	0.0772264	0.0958106	0.110147	0.116512	0.11294	0.0997734	0.0802118	0.0584648	0.0386924	0.0231894	0.0126448	0.00625572	0.00283198	0.00116711	0.000444052	0.000154207	5.00329e-05	1.48073e-05	4.16396e-06	1.06195e-06	2.64301e-07	5.89454e-08	1.33649e-08	2.65901e-09	5.65091e-10	1.01923e-10	2.04484e-11	3.3414e-12	6.20463e-13	9.06387e-14	1.51782e-14	1.95693e-15	2.90628e-16	3.28798e-17	4.30604e-18	4.2715e-19	4.93348e-20	4.30371e-21	4.40064e-22	3.38943e-23	3.08312e-24	2.11465e-25	1.73326e-26	1.08884e-27	8.42696e-29	5.4588e-30	4.57938e-31	3.80009e-32	5.62238e-33	
N96	2.93831e-07	6.14202e-07	1.78554e-06	5.70956e-06	1.7956e-05	5.33009e-05	0.000147082	0.000375993	0.000888496	0.00194092	0.00392456	0.00738352	0.0130112	0.0216253	0.0339916	0.0504301	0.0701323	0.0906821	0.108126	0.118182	0.117844	0.106917	0.0880582	0.0657902	0.0445354	0.0273261	0.0151862	0.00765493	0.00349715	0.00145219	0.000547356	0.000188343	5.898e-05	1.70208e-05	4.49249e-06	1.11742e-06	2.56893e-07	5.85849e-08	1.25446e-08	2.89147e-09	6.19625e-10	1.50435e-10	3.1966e-11	7.65818e-12	1.52073e-12	3.36104e-13	6.01879e-14	1.19427e-14	1.90704e-15	3.37668e-16	4.80122e-17	7.59409e-18	9.62851e-19	1.36444e-19	1.54634e-20	1.97061e-21	2.00178e-22	2.30421e-23	2.1092e-24	2.21418e-25	1.86294e-26	1.84983e-27	1.56634e-28	1.67512e-29	1.84547e-30	3.90567e-31	
Isolepis_setacea	0	0	0	0	0	0	0	0	0	0	0	0	0	1	0	0	0	0	0	0	0	0	0	0	0	0	0	0	0	0	0	0	0	0	0	0	0	0	0	0	0	0	0	0	0	0	0	0	0	0	0	0	0	0	0	0	0	0	0	0	0	0	0	0	0	0	
Isolepis_cernua	0	0	0	0	0	0	0	0	0	0	0	0	0	0	0	0	0	0	0	0	0	0	0	0	0	0	1	0	0	0	0	0	0	0	0	0	0	0	0	0	0	0	0	0	0	0	0	0	0	0	0	0	0	0	0	0	0	0	0	0	0	0	0	0	0	0	
N97	3.886e-08	8.60239e-08	2.7436e-07	9.75507e-07	3.42071e-06	1.13151e-05	3.47255e-05	9.86632e-05	0.00025978	0.000635026	0.0014372	0.00299865	0.00573702	0.010048	0.0161524	0.0240875	0.033861	0.0457119	0.0598726	0.0759673	0.0920642	0.104899	0.110641	0.10715	0.0945311	0.0759679	0.0553328	0.0367528	0.022117	0.012255	0.00617215	0.00294081	0.00128538	0.000565452	0.000230479	0.000103184	4.16355e-05	1.92528e-05	7.47898e-06	3.30694e-06	1.16805e-06	4.65486e-07	1.45306e-07	5.11244e-08	1.39916e-08	4.3303e-09	1.03866e-09	2.83331e-10	5.96548e-11	1.43887e-11	2.66641e-12	5.71123e-13	9.3375e-14	1.78299e-14	2.58086e-15	4.4176e-16	5.67717e-17	8.75163e-18	1.00576e-18	1.41522e-19	1.48978e-20	2.01036e-21	2.25478e-22	3.61889e-23	6.35071e-24	2.22938e-24	
Isolepis_prolifera	0	0	0	0	0	0	0	0	0	0	0	0	0	0	0	0	0	0	0	0	0	0	0	0	0	0	0	0	0	0	0	0	1	0	0	0	0	0	0	0	0	0	0	0	0	0	0	0	0	0	0	0	0	0	0	0	0	0	0	0	0	0	0	0	0	0	
Isolepis_aucklandica	0	0	0	0	0	0	0	0	0	0	0	0	0	0	0	0	0	0	0	0	1	0	0	0	0	0	0	0	0	0	0	0	0	0	0	0	0	0	0	0	0	0	0	0	0	0	0	0	0	0	0	0	0	0	0	0	0	0	0	0	0	0	0	0	0	0	
