NODE	1	2	3	4	5	6	7	8	9	10	11	12	13	14	15	16	17	18	19	20	21	22	23	24	25	26	27	28	29	30	31	32	33	34	35	36	37	38	39	40	41	42	43	44	45	46	47	48	49	50	51	52	53	54	55	56	57	58	
N1	3.28309e-030	1.9837e-029	2.27446e-028	2.61724e-027	2.68269e-026	2.3119e-025	1.58568e-024	9.4186e-024	5.65239e-023	3.42131e-022	1.87072e-021	8.23004e-021	2.69325e-020	6.47585e-020	1.23757e-019	2.17254e-019	3.99565e-019	8.31861e-019	2.03174e-018	5.82956e-018	1.8603e-017	6.02149e-017	4.14418e-013	3.00469e-012	1.6297e-011	6.45397e-011	1.86463e-010	4.01759e-010	6.75806e-010	9.48782e-010	1.20726e-009	1.47615e-009	1.81657e-009	2.33799e-009	3.2459e-009	4.96704e-009	8.46726e-009	1.61073e-008	3.41539e-008	8.08796e-008	2.14989e-007	6.41521e-007	2.11607e-006	7.46091e-006	2.69184e-005	9.5262e-005	0.000319583	0.000991746	0.00280062	0.00712233	0.0162109	0.0329183	0.0595974	0.0963659	0.139777	0.183229	0.219234	0.2413	
N2	4.18593e-032	2.94105e-031	5.33672e-030	1.14952e-028	2.34189e-027	4.19387e-026	6.4618e-025	8.83945e-024	1.10489e-022	1.23176e-021	1.1571e-020	8.65936e-020	5.02454e-019	2.32407e-018	9.36798e-018	3.66777e-017	1.50087e-016	6.56378e-016	3.00492e-015	1.36988e-014	5.87673e-014	2.27141e-013	7.72164e-013	2.29669e-012	6.05387e-012	1.45709e-011	3.33536e-011	7.53544e-011	1.71712e-010	3.97659e-010	9.34388e-010	2.23681e-009	5.51632e-009	1.41784e-008	3.81702e-008	1.07276e-007	3.12423e-007	9.363e-007	2.86973e-006	8.91795e-006	2.7711e-005	8.45344e-005	0.000248312	0.000690383	0.00179237	0.00430186	0.0094757	0.0190508	0.0348044	0.0575482	0.0857766	0.114764	0.137203	0.145878	0.137321	0.114045	0.0833942	0.0535814	
N3	4.26127e-027	1.56362e-026	1.34632e-025	1.44446e-024	1.61844e-023	1.75924e-022	1.81224e-021	1.72221e-020	1.44898e-019	1.04745e-018	6.53629e-018	3.73424e-017	2.13587e-016	1.28064e-015	7.86895e-015	4.73833e-014	2.69924e-013	1.41863e-012	6.74824e-012	2.86348e-011	1.07348e-010	3.54188e-010	1.03249e-009	2.69819e-009	6.51194e-009	1.52175e-008	3.64154e-008	9.28408e-008	2.53231e-007	7.22949e-007	2.0998e-006	6.09202e-006	1.74315e-005	4.86541e-005	0.000131076	0.000337482	0.000823256	0.00188913	0.0040547	0.00810383	0.0150299	0.0257975	0.0408906	0.0597489	0.0803653	0.0993801	0.112862	0.117592	0.112299	0.0982082	0.0785747	0.057462	0.0383784	0.0234017	0.0130444	0.00669239	0.00324239	0.00161592	
N4	3.74911e-017	7.10797e-017	3.57656e-016	2.58414e-015	1.96125e-014	1.4101e-013	9.20376e-013	5.2873e-012	2.66365e-011	1.23449e-010	5.61863e-010	2.56259e-009	1.13179e-008	4.59057e-008	1.63036e-007	4.89619e-007	1.21694e-006	2.487e-006	4.22344e-006	6.1634e-006	8.25919e-006	1.13242e-005	1.81093e-005	3.67097e-005	9.1752e-005	0.000254939	0.000713201	0.0018902	0.00460287	0.0101565	0.0201799	0.0360139	0.057667	0.0828544	0.106839	0.123762	0.12889	0.120864	0.102164	0.0780093	0.0538824	0.0337625	0.019223	0.00998407	0.00473929	0.00206763	0.000830743	0.000309904	0.000107504	3.50723e-005	1.07505e-005	3.14004e-006	8.67745e-007	2.30527e-007	5.79396e-008	1.4081e-008	3.31752e-009	9.6147e-010	
Carex_pulicaris	0	0	0	0	0	0	0	0	0	0	0	0	0	0	0	0	0	0	0	0	0	0	0	0	0	0	0	0	0	1	0	0	0	0	0	0	0	0	0	0	0	0	0	0	0	0	0	0	0	0	0	0	0	0	0	0	0	0	
Carex_peregrina	0	0	0	0	0	0	0	0	0	0	0	0	0	0	0	0	0	0	0	0	0	0	0	0	0	0	0	0	0	0	1	0	0	0	0	0	0	0	0	0	0	0	0	0	0	0	0	0	0	0	0	0	0	0	0	0	0	0	
N5	1.64378e-024	6.88424e-024	5.94425e-023	5.99503e-022	6.29347e-021	6.51044e-020	6.34061e-019	5.64347e-018	4.55666e-017	3.36257e-016	2.29677e-015	1.46007e-014	8.58803e-014	4.63706e-013	2.29127e-012	1.03734e-011	4.31505e-011	1.65459e-010	5.88215e-010	1.96178e-009	6.25589e-009	1.94894e-008	6.0218e-008	1.8511e-007	5.62776e-007	1.67828e-006	4.87682e-006	1.37418e-005	3.73905e-005	9.78071e-005	0.000244744	0.000583442	0.0013202	0.00282527	0.00569638	0.0107766	0.0190503	0.0313407	0.0478091	0.0674114	0.0876269	0.104789	0.1151	0.115983	0.107126	0.0906433	0.0702359	0.0498315	0.0323736	0.0192633	0.0105038	0.00525329	0.00241343	0.00102124	0.000400131	0.00014701	5.26322e-005	2.12414e-005	
Carex_microglochin	0	0	0	0	0	0	0	0	0	0	0	0	0	0	0	0	0	0	0	0	0	0	0	0	0	0	0	1	0	0	0	0	0	0	0	0	0	0	0	0	0	0	0	0	0	0	0	0	0	0	0	0	0	0	0	0	0	0	
N6	4.76544e-023	3.33041e-022	4.4098e-021	6.18782e-020	8.44213e-019	1.05014e-017	1.17169e-016	1.22203e-015	1.1728e-014	9.84253e-014	7.08343e-013	4.3256e-012	2.24715e-011	1.03472e-010	4.54928e-010	2.02255e-009	9.04253e-009	3.90275e-008	1.58286e-007	6.01466e-007	2.15341e-006	7.25834e-006	2.2793e-005	6.57746e-005	0.00017267	0.000410897	0.000889349	0.00176842	0.00328275	0.00580176	0.00993541	0.0166207	0.0270254	0.0420864	0.0616849	0.0838302	0.104515	0.118728	0.122395	0.114244	0.0964431	0.0736007	0.0507757	0.0316742	0.0178742	0.00913039	0.00422509	0.00177302	0.000675656	0.000234293	7.41598e-005	2.15373e-005	5.78594e-006	1.45686e-006	3.50254e-007	8.2566e-008	2.00309e-008	6.15961e-009	
Schoenoxiphium_ludwigii	0	0	0	0	0	0	0	0	0	0	0	0	0	0	0	0	1	0	0	0	0	0	0	0	0	0	0	0	0	0	0	0	0	0	0	0	0	0	0	0	0	0	0	0	0	0	0	0	0	0	0	0	0	0	0	0	0	0	
N7	1.05186e-022	5.58819e-022	7.11138e-021	1.11633e-019	1.7217e-018	2.41723e-017	3.03996e-016	3.43329e-015	3.44646e-014	2.99947e-013	2.21776e-012	1.40284e-011	7.92801e-011	4.26075e-010	2.27766e-009	1.21992e-008	6.42363e-008	3.23037e-007	1.50518e-006	6.3293e-006	2.35538e-005	7.66177e-005	0.0002165	0.000530828	0.00113321	0.00212446	0.00355346	0.00545032	0.00800187	0.0118177	0.0180143	0.0281295	0.0434664	0.0639794	0.0872744	0.10858	0.122185	0.123868	0.112925	0.0925191	0.0681173	0.0450805	0.0268296	0.0143685	0.0069289	0.00301159	0.00118069	0.000418306	0.000134047	3.91019e-005	1.04477e-005	2.69505e-006	7.48886e-007	2.96184e-007	1.59129e-007	9.60374e-008	5.34614e-008	3.17313e-008	
N8	7.84328e-019	2.9863e-018	3.19141e-017	4.01676e-016	4.64631e-015	4.79811e-014	4.4518e-013	3.45776e-012	1.99898e-011	8.00673e-011	2.67167e-010	1.07991e-009	5.97563e-009	3.79021e-008	2.29469e-007	1.19275e-006	4.95221e-006	1.54758e-005	3.49154e-005	5.61025e-005	6.52387e-005	5.71194e-005	3.97547e-005	2.36622e-005	1.38583e-005	1.09514e-005	1.7191e-005	5.30158e-005	0.000216431	0.000867128	0.00305139	0.00913521	0.0230055	0.0485703	0.085662	0.126392	0.155725	0.161359	0.140489	0.10466	0.0666946	0.0379161	0.0191795	0.0093207	0.00420444	0.00190288	0.000783547	0.000313124	0.000109134	3.56302e-005	9.99472e-006	2.59107e-006	5.77262e-007	1.18606e-007	2.10047e-008	3.44495e-009	4.9646e-010	8.47561e-011	
Schoenoxiphium_burkei	0	0	0	0	0	0	0	0	0	0	0	0	0	0	0	0	0	0	0	0	0	0	0	0	0	0	0	0	0	0	0	0	0	0	1	0	0	0	0	0	0	0	0	0	0	0	0	0	0	0	0	0	0	0	0	0	0	0	
Schoenoxiphium_filiforme	0	0	0	0	0	0	0	0	0	0	0	0	0	0	0	0	0	0	0	0	0	0	0	0	0	0	0	0	0	0	0	0	0	0	0	1	0	0	0	0	0	0	0	0	0	0	0	0	0	0	0	0	0	0	0	0	0	0	
N9	9.38255e-016	2.28012e-015	1.1848e-014	8.39653e-014	6.52708e-013	4.96166e-012	3.50631e-011	2.25469e-010	1.30446e-009	6.76281e-009	3.15792e-008	1.3469e-007	5.34203e-007	1.99948e-006	7.10676e-006	2.39285e-005	7.57667e-005	0.00022388	0.000613781	0.00155561	0.00363612	0.00782114	0.01544	0.0278871	0.0459239	0.0687254	0.093192	0.114243	0.126401	0.126094	0.113352	0.0918134	0.0670218	0.0441125	0.0261949	0.0140451	0.00680551	0.00298295	0.0011839	0.000425935	0.000139064	4.12541e-005	1.11348e-005	2.73905e-006	6.15358e-007	1.2669e-007	2.40246e-008	4.23744e-009	7.06041e-010	1.14244e-010	1.85652e-011	3.14365e-012	5.5819e-013	1.0282e-013	1.88668e-014	3.39409e-015	5.92537e-016	1.26048e-016	
Schoenoxiphium_ecklonii	0	0	0	0	0	0	0	0	0	0	0	0	0	0	0	0	0	1	0	0	0	0	0	0	0	0	0	0	0	0	0	0	0	0	0	0	0	0	0	0	0	0	0	0	0	0	0	0	0	0	0	0	0	0	0	0	0	0	
Schoenoxiphium_sparteum	0	0	0	0	0	0	0	0	0	0	0	0	0	0	0	0	0	1	0	0	0	0	0	0	0	0	0	0	0	0	0	0	0	0	0	0	0	0	0	0	0	0	0	0	0	0	0	0	0	0	0	0	0	0	0	0	0	0	
N10	5.50912e-029	4.02211e-028	5.43819e-027	7.87224e-026	1.14923e-024	1.39918e-023	1.30862e-022	1.68181e-021	2.55894e-020	3.46231e-019	3.61575e-018	2.60911e-017	1.22521e-016	3.94526e-016	1.14428e-015	4.61102e-015	3.02776e-014	2.4633e-013	1.95037e-012	1.36415e-011	8.11222e-011	4.02507e-010	1.64971e-009	5.56271e-009	1.54496e-008	3.55705e-008	6.87956e-008	1.14918e-007	1.77578e-007	2.87389e-007	4.99876e-007	9.40766e-007	1.92896e-006	4.37584e-006	1.10429e-005	3.02335e-005	8.5633e-005	0.000239608	0.000641032	0.00160728	0.00373287	0.00797451	0.0156019	0.0278744	0.0453847	0.0672404	0.0905437	0.110708	0.122814	0.123531	0.112598	0.0929755	0.0695563	0.0471978	0.0291578	0.0165798	0.00894538	0.00496139	
Kobresia_fragilis	0	0	0	0	0	0	0	0	0	0	0	0	0	0	0	0	0	0	0	0	0	0	0	0	0	0	0	0	1	0	0	0	0	0	0	0	0	0	0	0	0	0	0	0	0	0	0	0	0	0	0	0	0	0	0	0	0	0	
N11	6.85809e-030	5.02729e-029	7.20982e-028	1.15965e-026	1.90314e-025	2.96401e-024	4.42823e-023	6.55357e-022	8.90831e-021	1.01617e-019	8.97061e-019	5.82506e-018	2.86842e-017	1.2818e-016	7.03505e-016	5.12728e-015	4.08609e-014	3.0806e-013	2.07294e-012	1.21238e-011	6.06402e-011	2.56687e-010	9.14334e-010	2.73724e-009	6.90733e-009	1.48035e-008	2.73138e-008	4.44908e-008	6.75707e-008	1.07256e-007	2.03571e-007	5.08264e-007	1.5665e-006	5.23843e-006	1.75038e-005	5.62692e-005	0.000170858	0.000484595	0.00127348	0.00308143	0.00683197	0.0138276	0.0254756	0.0426327	0.0646968	0.0889157	0.110553	0.124244	0.126122	0.11558	0.0955965	0.0713784	0.0481656	0.0294586	0.0164399	0.00850195	0.00423436	0.0022543	
Kobresia_simpliciuscula	0	0	0	0	0	0	0	0	0	0	0	0	0	0	0	0	0	0	0	0	0	0	0	0	0	0	0	0	0	0	0	0	0	0	1	0	0	0	0	0	0	0	0	0	0	0	0	0	0	0	0	0	0	0	0	0	0	0	
N12	5.84231e-034	2.2263e-032	1.68826e-030	1.16835e-028	6.13197e-027	1.70533e-025	4.1471e-024	1.43137e-022	4.03434e-021	7.32835e-020	7.88272e-019	5.03018e-018	2.06374e-017	8.46017e-017	6.3522e-016	7.12398e-015	7.86875e-014	7.25717e-013	5.31344e-012	3.06595e-011	1.41457e-010	5.33694e-010	1.67536e-009	4.40566e-009	9.73386e-009	1.83693e-008	3.13269e-008	5.48112e-008	1.17864e-007	3.40016e-007	1.19103e-006	4.56549e-006	1.76604e-005	6.53356e-005	0.000223892	0.000697706	0.00195665	0.00491045	0.0110007	0.0219909	0.0392617	0.0626932	0.0896469	0.114843	0.131702	0.134939	0.123162	0.099809	0.0715868	0.0453256	0.0252911	0.0124294	0.00538365	0.00205997	0.000700023	0.000214255	6.20127e-005	2.0744e-005	
N13	1.27096e-023	4.469e-023	2.59351e-022	1.94702e-021	1.71111e-020	1.58637e-019	1.44069e-018	1.22707e-017	9.54846e-017	6.68326e-016	4.18633e-015	2.36139e-014	1.2162e-013	5.7991e-013	2.58085e-012	1.07531e-011	4.20958e-011	1.56335e-010	5.60518e-010	1.98146e-009	7.00127e-009	2.46473e-008	8.49613e-008	2.81299e-007	8.84663e-007	2.64259e-006	7.56496e-006	2.1021e-005	5.72491e-005	0.000152843	0.000395735	0.00097987	0.00228927	0.00499203	0.0100809	0.0187518	0.0320162	0.0500577	0.0715583	0.0934211	0.111286	0.12087	0.119611	0.107775	0.0883638	0.0658859	0.0446532	0.0274975	0.0153832	0.00782007	0.00361597	0.00152522	0.000591186	0.000214374	7.56604e-005	2.7931e-005	1.18879e-005	6.66238e-006	
Carex_pauciflora	0	0	0	0	0	0	0	0	0	0	0	0	0	0	0	0	0	0	1	0	0	0	0	0	0	0	0	0	0	0	0	0	0	0	0	0	0	0	0	0	0	0	0	0	0	0	0	0	0	0	0	0	0	0	0	0	0	0	
Carex_backii	0	0	0	0	0	0	0	0	0	0	0	0	0	0	0	0	0	0	0	0	0	0	0	0	0	0	0	0	0	0	0	0	1	0	0	0	0	0	0	0	0	0	0	0	0	0	0	0	0	0	0	0	0	0	0	0	0	0	
N14	1.14122e-035	4.15605e-034	2.84578e-032	1.82896e-030	9.60827e-029	3.70128e-027	1.12918e-025	3.4853e-024	9.24118e-023	1.86763e-021	2.87454e-020	3.35105e-019	2.80044e-018	1.83258e-017	1.37642e-016	1.33022e-015	1.27642e-014	1.04538e-013	7.06486e-013	3.99038e-012	1.94696e-011	8.53325e-011	3.47203e-010	1.3352e-009	4.83261e-009	1.60423e-008	4.74666e-008	1.25537e-007	3.2191e-007	9.32637e-007	3.1144e-006	1.131e-005	4.1348e-005	0.000143958	0.000461923	0.00134109	0.00348838	0.00809283	0.0167296	0.030865	0.0509803	0.0756639	0.101206	0.122129	0.132757	0.129481	0.112683	0.0869804	0.0592292	0.0354274	0.01856	0.00850458	0.00341044	0.00120333	0.000383461	0.000123838	5.50256e-005	4.24513e-005	
N15	9.95749e-022	2.5703e-021	1.33273e-020	9.50884e-020	7.78079e-019	6.49478e-018	5.20416e-017	3.90441e-016	2.73754e-015	1.81137e-014	1.13865e-013	6.7667e-013	3.74843e-012	1.90554e-011	8.79315e-011	3.67403e-010	1.40107e-009	4.96964e-009	1.68623e-008	5.64572e-008	1.91087e-007	6.59295e-007	2.29729e-006	7.91882e-006	2.63858e-005	8.33345e-005	0.00024595	0.000671959	0.00168944	0.0038947	0.0082145	0.0158305	0.0278534	0.0447231	0.065515	0.087547	0.106709	0.118632	0.120292	0.111252	0.0938481	0.0722108	0.0506841	0.0324556	0.018965	0.0101164	0.00492918	0.00219617	0.00089637	0.000336229	0.000116557	3.7708e-005	1.15681e-005	3.44778e-006	1.02874e-006	3.1719e-007	1.05466e-007	4.47719e-008	
Carex_rupestris	0	0	0	0	0	0	0	0	0	0	0	0	0	0	0	0	0	0	0	0	0	0	0	0	1	0	0	0	0	0	0	0	0	0	0	0	0	0	0	0	0	0	0	0	0	0	0	0	0	0	0	0	0	0	0	0	0	0	
Carex_obtusata	0	0	0	0	0	0	0	0	0	0	0	0	0	0	0	0	0	0	0	0	0	0	0	0	0	1	0	0	0	0	0	0	0	0	0	0	0	0	0	0	0	0	0	0	0	0	0	0	0	0	0	0	0	0	0	0	0	0	
N16	6.18802e-034	1.56361e-032	6.21009e-031	2.47376e-029	8.81451e-028	2.80857e-026	7.76644e-025	1.71262e-023	2.70037e-022	3.22619e-021	3.46148e-020	3.58434e-019	3.56447e-018	3.64561e-017	3.70444e-016	3.39291e-015	2.70005e-014	1.86447e-013	1.12994e-012	6.15771e-012	3.1325e-011	1.53141e-010	7.11044e-010	3.0009e-009	1.11929e-008	3.77304e-008	1.23706e-007	4.26289e-007	1.56938e-006	5.90936e-006	2.15302e-005	7.38079e-005	0.000233983	0.000677324	0.00177431	0.00418265	0.00885024	0.0168129	0.0287609	0.0445597	0.0630496	0.0822631	0.0997794	0.112857	0.11855	0.114476	0.100302	0.0787571	0.0548732	0.0336955	0.0181732	0.00863011	0.00369454	0.00158721	0.000902771	0.000783779	0.000805921	0.000863419	
Carex_nardina	0	0	0	0	0	0	0	0	0	0	0	0	0	0	0	0	0	0	0	0	0	0	0	0	0	0	0	0	0	0	0	0	0	1	0	0	0	0	0	0	0	0	0	0	0	0	0	0	0	0	0	0	0	0	0	0	0	0	
N17	8.02338e-033	1.0029e-031	2.89649e-030	9.43758e-029	2.86678e-027	7.74733e-026	1.81403e-024	3.6106e-023	6.23368e-022	9.67216e-021	1.40622e-019	1.95945e-018	2.51688e-017	2.76817e-016	2.48808e-015	1.82871e-014	1.13123e-013	6.16454e-013	3.12822e-012	1.54585e-011	7.52391e-011	3.55848e-010	1.62832e-009	7.39e-009	3.44967e-008	1.66322e-007	7.94493e-007	3.56364e-006	1.4462e-005	5.22542e-005	0.000168537	0.000486234	0.0012574	0.00292102	0.00610986	0.0115363	0.0197215	0.0306499	0.0435759	0.0572273	0.0703839	0.0823655	0.0928282	0.100866	0.104373	0.100763	0.0888778	0.0704481	0.0496338	0.030911	0.0170328	0.00842177	0.0039204	0.00193376	0.00118059	0.000902057	0.000757343	0.000675604	
N18	2.87011e-022	1.03902e-021	8.10261e-021	8.51058e-020	9.64844e-019	1.05789e-017	1.06787e-016	9.70327e-016	7.9305e-015	5.93826e-014	4.15914e-013	2.73407e-012	1.65778e-011	9.03022e-011	4.31923e-010	1.7916e-009	6.4517e-009	2.04985e-008	5.92285e-008	1.6174e-007	4.33185e-007	1.17231e-006	3.27974e-006	9.59226e-006	2.90031e-005	8.78104e-005	0.000256669	0.000704242	0.00178292	0.00412759	0.00870311	0.0166934	0.0291356	0.0463176	0.067147	0.0888645	0.107437	0.118684	0.119757	0.1103	0.0926385	0.0708834	0.0493807	0.03132	0.018103	0.00955768	0.00462798	0.00206773	0.00085901	0.000334564	0.000122942	4.27185e-005	1.39845e-005	4.27894e-006	1.21202e-006	3.16757e-007	7.85698e-008	2.2636e-008	
Carex_capillacea	0	0	0	0	0	0	0	0	0	0	0	0	0	0	0	0	0	0	0	0	0	0	0	0	0	0	0	0	0	1	0	0	0	0	0	0	0	0	0	0	0	0	0	0	0	0	0	0	0	0	0	0	0	0	0	0	0	0	
Carex_leptalea	0	0	0	0	0	0	0	0	0	0	0	0	0	0	0	0	0	0	0	0	0	0	0	0	0	1	0	0	0	0	0	0	0	0	0	0	0	0	0	0	0	0	0	0	0	0	0	0	0	0	0	0	0	0	0	0	0	0	
N19	9.0835e-031	5.64427e-030	1.27045e-028	4.07379e-027	1.39167e-025	4.59505e-024	8.77121e-023	1.67994e-021	3.61639e-020	8.45442e-019	1.84104e-017	2.39054e-016	1.29577e-015	3.49635e-015	8.58698e-015	3.03791e-014	1.74056e-013	1.41007e-012	1.38104e-011	1.42519e-010	1.37707e-009	1.11795e-008	6.91297e-008	3.03142e-007	9.10501e-007	1.87873e-006	2.76923e-006	3.1342e-006	3.02546e-006	2.80721e-006	2.38999e-006	1.94612e-006	1.61598e-006	1.5002e-006	1.75898e-006	2.90232e-006	6.60701e-006	1.81755e-005	5.45227e-005	0.000170592	0.000538228	0.00163411	0.00454489	0.0111582	0.0236411	0.0427875	0.0660274	0.087675	0.101983	0.10778	0.107128	0.103594	0.0957169	0.083131	0.0648764	0.0460307	0.0301859	0.0212897	
Uncinia_phleoides	0	0	0	0	0	0	0	0	0	0	0	0	0	0	0	0	0	0	0	0	0	0	0	0	0	0	0	0	0	0	0	0	0	0	0	0	0	0	0	0	0	0	0	0	0	0	0	1	0	0	0	0	0	0	0	0	0	0	
N20	1.24504e-030	7.07699e-030	1.48186e-028	4.50806e-027	1.3641e-025	3.61493e-024	8.19779e-023	1.69253e-021	3.25893e-020	5.48715e-019	7.22027e-018	6.58249e-017	3.91237e-016	1.6473e-015	6.25558e-015	2.82293e-014	1.75087e-013	1.44931e-012	1.40424e-011	1.36912e-010	1.19038e-009	8.49221e-009	4.69633e-008	1.9388e-007	5.85575e-007	1.29081e-006	2.10968e-006	2.64824e-006	2.70656e-006	2.41876e-006	1.94605e-006	1.4732e-006	1.13798e-006	1.03354e-006	1.30742e-006	2.44743e-006	6.09142e-006	1.74913e-005	5.35777e-005	0.000169697	0.000539389	0.001644	0.00457941	0.0112447	0.0238122	0.043062	0.0664041	0.0881301	0.102533	0.108385	0.107765	0.10399	0.0957717	0.0826662	0.0641573	0.0452119	0.0295288	0.0203072	
Uncinia_filiformis	0	0	0	0	0	0	0	0	0	0	0	0	0	0	0	0	0	0	0	0	0	0	0	0	0	0	0	0	0	0	0	0	0	0	0	0	0	0	0	0	0	0	0	1	0	0	0	0	0	0	0	0	0	0	0	0	0	0	
Uncinia_uncinata	0	0	0	0	0	0	0	0	0	0	0	0	0	0	0	0	0	0	0	0	0	0	0	0	0	0	0	0	0	0	0	0	0	0	0	0	0	0	0	0	0	0	0	1	0	0	0	0	0	0	0	0	0	0	0	0	0	0	
N21	4.09343e-028	1.32884e-027	8.08592e-027	6.71324e-026	6.63229e-025	6.93991e-024	7.13052e-023	6.91047e-022	6.16206e-021	4.95004e-020	3.52567e-019	2.21883e-018	1.25051e-017	6.47627e-017	3.16058e-016	1.47109e-015	6.51096e-015	2.70566e-014	1.03828e-013	3.61986e-013	1.13142e-012	3.14235e-012	7.72703e-012	1.68645e-011	3.29948e-011	5.90304e-011	9.99221e-011	1.68714e-010	3.04812e-010	6.30324e-010	1.53572e-009	4.34043e-009	1.36534e-008	4.57848e-008	1.58179e-007	5.49159e-007	1.88075e-006	6.26267e-006	2.00381e-005	6.10099e-005	0.000175365	0.00047285	0.00119001	0.00278409	0.00603531	0.0120889	0.0223163	0.037869	0.0589056	0.0837242	0.10833	0.127047	0.134388	0.127539	0.108044	0.0814172	0.0546283	0.032955	
N22	1.82505e-027	8.62393e-026	6.88942e-024	4.71613e-022	1.85022e-020	6.87122e-019	2.9587e-017	7.16661e-016	6.19976e-015	1.53647e-014	2.77918e-014	7.63643e-014	1.09411e-012	2.59743e-011	4.38876e-010	4.65164e-009	2.8367e-008	9.23097e-008	1.54834e-007	1.39967e-007	8.30531e-008	5.02857e-008	4.04363e-008	3.42793e-008	2.94821e-008	7.47117e-008	6.86209e-007	6.45564e-006	5.00736e-005	0.000313705	0.00157445	0.00629411	0.0199486	0.0499734	0.098743	0.153841	0.1891	0.183836	0.141785	0.0871807	0.0429494	0.0170668	0.00550346	0.00145162	0.000315202	5.6849e-005	8.56979e-006	1.09078e-006	1.17898e-007	1.09522e-008	8.78395e-010	6.17254e-011	3.80699e-012	2.09761e-013	1.02824e-014	4.57606e-016	1.83114e-017	7.93792e-019	
N23	8.5847e-027	1.34265e-025	3.93119e-024	1.11702e-022	2.67288e-021	5.12785e-020	7.52362e-019	9.1067e-018	1.1933e-016	1.9655e-015	3.35905e-014	4.89333e-013	5.48219e-012	4.42815e-011	2.4629e-010	9.17655e-010	2.28808e-009	4.0134e-009	5.73366e-009	8.22572e-009	1.25179e-008	1.88234e-008	3.17646e-008	1.0183e-007	6.59205e-007	4.91246e-006	3.30769e-005	0.000189469	0.000904265	0.00355894	0.0114798	0.0302234	0.0647566	0.112684	0.159038	0.181949	0.168762	0.127023	0.0777154	0.0387453	0.01579	0.00527996	0.00145485	0.000331885	6.29956e-005	1.00015e-005	1.33535e-006	1.50763e-007	1.44745e-008	1.19106e-009	8.70613e-011	8.38855e-012	2.98095e-012	1.90835e-012	1.07153e-012	4.87681e-013	1.78231e-013	6.35028e-014	
Carex_maritima	0	0	0	0	0	0	0	0	0	0	0	0	0	0	0	0	0	0	0	0	0	0	0	0	0	0	0	0	0	1	0	0	0	0	0	0	0	0	0	0	0	0	0	0	0	0	0	0	0	0	0	0	0	0	0	0	0	0	
N24	1.90111e-023	1.20363e-022	1.6878e-021	2.84559e-020	4.58379e-019	6.48403e-018	7.80977e-017	8.05044e-016	7.27656e-015	5.78672e-014	3.926e-013	2.17427e-012	9.48244e-012	3.2127e-011	8.65742e-011	2.01678e-010	4.81065e-010	1.48154e-009	6.73491e-009	4.14949e-008	2.90157e-007	2.00168e-006	1.25643e-005	6.89182e-005	0.000324061	0.00129385	0.00436382	0.0123944	0.0295841	0.0592577	0.0995073	0.139997	0.164975	0.162843	0.13469	0.0934167	0.0543879	0.0266186	0.010971	0.00381612	0.00112302	0.000280387	5.95767e-005	1.0809e-005	1.68043e-006	2.24698e-007	2.59426e-008	2.60132e-009	2.29874e-010	1.99508e-011	2.70291e-012	8.97303e-013	3.7566e-013	1.4706e-013	4.87269e-014	1.3843e-014	3.35357e-015	8.78748e-016	
Carex_conferta	0	0	0	0	0	0	0	0	0	0	0	0	0	0	0	0	0	0	0	0	0	0	0	0	0	1	0	0	0	0	0	0	0	0	0	0	0	0	0	0	0	0	0	0	0	0	0	0	0	0	0	0	0	0	0	0	0	0	
Carex_cephalophora	0	0	0	0	0	0	0	0	0	0	0	0	0	0	0	0	0	0	0	0	0	0	0	1	0	0	0	0	0	0	0	0	0	0	0	0	0	0	0	0	0	0	0	0	0	0	0	0	0	0	0	0	0	0	0	0	0	0	
N25	5.43165e-035	1.01651e-032	2.51676e-030	4.52574e-028	3.96064e-026	1.92806e-024	2.15379e-022	1.52588e-020	4.2233e-019	3.41966e-018	1.33063e-017	4.21358e-017	6.36993e-016	2.56545e-014	6.71452e-013	9.61614e-012	6.97624e-011	2.48937e-010	4.66703e-010	5.62918e-010	5.60596e-010	5.89154e-010	8.45376e-010	1.36626e-009	2.21437e-009	9.8644e-009	1.35449e-007	1.86699e-006	2.05813e-005	0.000174895	0.00113012	0.00551524	0.0202537	0.0558686	0.115712	0.180089	0.211008	0.186664	0.12514	0.063867	0.0249434	0.00749789	0.0017455	0.000316789	4.51283e-005	5.08375e-006	4.56089e-007	3.29937e-008	1.93881e-009	1.01228e-010	4.814e-012	4.44422e-013	4.89127e-014	1.12673e-014	2.0365e-015	3.58155e-016	4.59192e-017	5.37546e-018	
N26	1.03921e-028	1.29902e-027	3.61837e-026	1.12446e-024	3.23322e-023	8.13776e-022	1.6806e-020	2.65557e-019	3.24647e-018	3.66308e-017	4.31304e-016	4.79039e-015	4.38837e-014	3.06199e-013	1.55503e-012	5.6413e-012	1.49109e-011	3.11189e-011	6.07741e-011	1.42318e-010	4.68197e-010	2.19934e-009	1.56661e-008	1.4874e-007	1.42558e-006	1.18975e-005	8.23857e-005	0.000465732	0.00213296	0.00787337	0.023329	0.0553014	0.1046	0.157558	0.188785	0.17987	0.136347	0.0823429	0.0397094	0.0153392	0.00476488	0.00119576	0.000243689	4.05581e-005	5.54587e-006	6.26908e-007	5.89569e-008	4.64643e-009	3.11955e-010	2.0736e-011	3.15238e-012	1.43672e-012	7.03158e-013	2.96971e-013	1.03346e-013	2.97274e-014	7.07303e-015	1.73458e-015	
Carex_echinata	0	0	0	0	0	0	0	0	0	0	0	0	0	0	0	0	0	0	0	0	0	0	0	0	0	1	0	0	0	0	0	0	0	0	0	0	0	0	0	0	0	0	0	0	0	0	0	0	0	0	0	0	0	0	0	0	0	0	
N27	2.43039e-035	1.30973e-033	2.15686e-031	4.09217e-029	4.38047e-027	7.68525e-025	1.10344e-022	2.94231e-021	1.36855e-020	2.83243e-019	1.59826e-017	9.10345e-016	4.36301e-014	1.26671e-012	1.56831e-011	7.09934e-011	1.21406e-010	9.34926e-011	4.63492e-011	3.26584e-011	1.22875e-010	2.16665e-009	5.59314e-008	1.24283e-006	2.05034e-005	0.000240179	0.00195899	0.0109959	0.0421765	0.110256	0.196766	0.241059	0.204498	0.121446	0.0511151	0.0154466	0.00339592	0.000550284	6.65583e-005	6.08278e-006	4.24898e-007	2.29459e-008	9.67938e-010	3.23219e-011	8.64365e-013	1.93803e-014	3.88121e-016	9.46166e-018	2.93566e-019	1.21184e-020	4.33147e-022	1.46465e-023	3.95756e-025	9.50663e-027	1.97476e-028	8.4084e-030	1.56492e-030	3.85622e-031	
N28	2.35205e-030	7.6494e-029	4.74849e-027	2.49389e-025	1.04849e-023	3.33645e-022	6.49475e-021	6.82438e-020	9.59595e-019	2.31124e-017	5.99397e-016	1.39074e-014	2.59587e-013	3.15699e-012	2.00633e-011	6.46126e-011	1.19781e-010	1.50639e-010	1.65631e-010	3.95831e-010	5.57749e-009	1.50125e-007	3.44954e-006	5.77034e-005	0.000672575	0.00529645	0.0274007	0.091067	0.192301	0.258987	0.225913	0.130407	0.0509975	0.0138285	0.00265793	0.000369636	3.79075e-005	2.91771e-006	1.71314e-007	7.7904e-009	2.78243e-010	7.92899e-012	1.83183e-013	3.8161e-015	8.26163e-017	4.7419e-018	2.34729e-019	2.28921e-020	1.083e-021	8.64789e-023	3.86473e-024	2.60625e-025	1.19746e-026	6.68556e-028	2.80655e-029	1.16388e-030	3.71603e-032	1.20299e-033	
Carex_pairae	0	0	0	0	0	0	0	0	0	0	0	0	0	0	0	0	0	0	0	0	0	0	0	0	0	0	0	1	0	0	0	0	0	0	0	0	0	0	0	0	0	0	0	0	0	0	0	0	0	0	0	0	0	0	0	0	0	0	
Carex_divulsa	0	0	0	0	0	0	0	0	0	0	0	0	0	0	0	0	0	0	0	0	0	0	0	0	0	0	0	1	0	0	0	0	0	0	0	0	0	0	0	0	0	0	0	0	0	0	0	0	0	0	0	0	0	0	0	0	0	0	
N29	4.32107e-031	1.94985e-030	1.69946e-029	1.92944e-028	5.96439e-027	3.5633e-025	1.53826e-023	3.87321e-022	1.00105e-020	4.47211e-019	2.33622e-017	9.99245e-016	2.8981e-014	4.90735e-013	4.25876e-012	1.76813e-011	3.59848e-011	4.01975e-011	3.13141e-011	3.37287e-011	1.55419e-010	2.61991e-009	6.44675e-008	1.39326e-006	2.25126e-005	0.000259053	0.00207977	0.01151	0.043591	0.112642	0.198871	0.241147	0.202529	0.119079	0.0496143	0.0148392	0.00322816	0.000517499	6.19118e-005	5.5959e-006	3.86585e-007	2.06472e-008	8.61545e-010	2.85656e-011	7.56592e-013	3.5266e-014	8.47889e-016	1.66887e-015	3.42043e-017	8.69812e-017	1.30124e-018	2.7394e-018	3.02208e-020	5.28129e-020	4.37155e-022	6.44628e-022	3.30158e-023	6.19663e-023	
Carex_lamprocarpa	0	0	0	0	0	0	0	0	0	0	0	0	0	0	0	0	0	0	0	0	0	0	0	0	0	0	0	0	1	0	0	0	0	0	0	0	0	0	0	0	0	0	0	0	0	0	0	0	0	0	0	0	0	0	0	0	0	0	
Carex_otrubae	0	0	0	0	0	0	0	0	0	0	0	0	0	0	0	0	0	0	0	0	0	0	0	0	0	0	0	0	1	0	0	0	0	0	0	0	0	0	0	0	0	0	0	0	0	0	0	0	0	0	0	0	0	0	0	0	0	0	
N30	1.81212e-037	2.11731e-035	4.15947e-033	6.96349e-031	6.58952e-029	6.79298e-027	7.36394e-025	5.12626e-023	1.49219e-021	1.35363e-020	6.36076e-020	7.7643e-019	2.1982e-017	5.7471e-016	1.02807e-014	1.1015e-013	6.674e-013	2.36941e-012	6.12875e-012	1.62045e-011	4.27863e-011	9.09252e-011	1.67422e-010	4.63435e-010	2.64583e-009	2.14338e-008	2.17247e-007	2.41838e-006	2.42935e-005	0.000196839	0.0012327	0.00587474	0.0211693	0.057506	0.117629	0.181218	0.210565	0.184985	0.123295	0.0626142	0.0243494	0.00729167	0.00169171	0.000306048	4.34638e-005	4.88033e-006	4.36492e-007	3.18903e-008	1.99359e-009	2.5596e-010	4.27004e-011	2.91392e-011	8.92866e-012	6.76986e-012	3.7516e-012	2.09729e-012	8.56289e-013	3.19494e-013	
N31	5.51674e-027	6.80008e-026	2.0279e-024	6.21405e-023	1.66949e-021	3.94536e-020	7.96186e-019	1.22389e-017	1.25629e-016	9.46837e-016	8.16404e-015	9.96237e-014	1.40599e-012	1.84748e-011	2.00694e-010	1.65688e-009	9.64428e-009	3.75825e-008	9.69677e-008	1.70767e-007	2.17736e-007	2.1741e-007	1.93885e-007	2.12301e-007	4.71411e-007	2.353e-006	1.67032e-005	0.000114014	0.000651547	0.0029999	0.0109799	0.0317196	0.0719934	0.128042	0.178324	0.194714	0.167192	0.113401	0.0611003	0.0263229	0.00913082	0.00256995	0.000591355	0.000112524	1.79432e-005	2.53708e-006	3.53813e-007	6.64583e-008	1.62105e-008	4.67171e-009	1.18431e-009	2.78906e-010	5.4969e-011	9.76024e-012	1.46281e-012	1.9684e-013	2.27789e-014	2.96196e-015	
Carex_ovalis	0	0	0	0	0	0	0	0	0	0	0	0	0	0	0	0	0	0	0	0	0	0	0	0	0	0	0	0	0	0	0	0	1	0	0	0	0	0	0	0	0	0	0	0	0	0	0	0	0	0	0	0	0	0	0	0	0	0	
Carex_xerantica	0	0	0	0	0	0	0	0	0	0	0	0	0	0	0	0	0	0	0	0	0	0	0	0	0	0	0	0	0	0	0	0	0	1	0	0	0	0	0	0	0	0	0	0	0	0	0	0	0	0	0	0	0	0	0	0	0	0	
N32	1.62692e-033	3.30428e-032	1.33319e-030	5.89787e-029	2.36876e-027	8.25552e-026	2.40516e-024	5.49633e-023	9.55241e-022	1.39306e-020	2.01945e-019	2.98075e-018	4.02561e-017	4.51354e-016	4.01754e-015	2.86494e-014	1.71384e-013	8.80019e-013	3.75268e-012	1.2896e-011	3.70328e-011	1.01747e-010	3.4559e-010	1.90462e-009	1.6763e-008	1.79362e-007	1.8609e-006	1.67018e-005	0.000123202	0.000729176	0.0034183	0.0125906	0.0362325	0.0811335	0.140983	0.189831	0.198027	0.16022	0.100776	0.0494493	0.0190138	0.00575974	0.00138286	0.000264869	4.07529e-005	5.07312e-006	5.14835e-007	4.3026e-008	3.03084e-009	2.10907e-010	2.56185e-011	1.36119e-011	1.16794e-011	1.33995e-011	1.33193e-011	1.10661e-011	7.1532e-012	4.31928e-012	
Carex_chordorrhiza	0	0	0	0	0	0	0	0	0	0	0	0	0	0	0	0	0	0	0	0	0	0	0	0	0	0	0	0	0	0	1	0	0	0	0	0	0	0	0	0	0	0	0	0	0	0	0	0	0	0	0	0	0	0	0	0	0	0	
N33	2.4785e-033	2.96091e-031	6.09397e-029	9.45085e-027	4.69644e-025	6.43141e-023	6.02628e-021	1.69677e-019	4.91397e-019	1.35414e-018	4.39373e-017	2.61618e-015	1.33505e-013	4.24192e-012	6.5025e-011	4.06132e-010	9.97373e-010	1.05872e-009	5.9171e-010	2.57343e-010	2.15643e-010	6.93894e-010	7.11464e-009	1.30217e-007	2.3376e-006	3.26755e-005	0.00033393	0.00243717	0.0125303	0.0449773	0.112202	0.194537	0.235479	0.200656	0.121708	0.053228	0.0170172	0.00403298	0.000718304	9.74295e-005	1.01909e-005	8.3201e-007	5.36163e-008	2.76191e-009	1.1521e-010	4.02698e-012	1.25771e-013	4.37678e-015	1.93978e-016	1.08987e-017	5.71386e-019	2.76546e-020	1.11176e-021	3.9418e-023	1.16527e-024	3.03297e-026	6.6607e-028	1.47572e-029	
Carex_marina	0	0	0	0	0	0	0	0	0	0	0	0	0	0	0	0	0	0	0	0	0	0	0	0	0	0	0	0	0	0	1	0	0	0	0	0	0	0	0	0	0	0	0	0	0	0	0	0	0	0	0	0	0	0	0	0	0	0	
N34	4.95457e-033	2.14747e-031	1.78263e-029	1.34268e-027	8.20681e-026	4.04958e-024	1.49634e-022	3.9126e-021	8.71689e-020	2.37659e-018	8.03242e-017	2.5108e-015	5.83018e-014	8.7255e-013	7.47708e-012	3.39636e-011	8.14214e-011	1.11763e-010	1.07162e-010	1.11147e-010	2.10605e-010	9.20932e-010	1.05384e-008	2.03691e-007	3.70388e-006	5.12083e-005	0.000509315	0.0035681	0.0173883	0.0584798	0.135249	0.215284	0.237045	0.182107	0.098717	0.0382519	0.0107428	0.00221767	0.000341215	3.96604e-005	3.5275e-006	2.4305e-007	1.31251e-008	5.62143e-010	1.93355e-011	5.48028e-013	1.33281e-014	4.45099e-016	1.703e-017	4.3837e-018	2.17239e-019	7.29663e-020	2.9366e-021	8.48473e-022	4.88399e-023	1.66496e-023	3.75247e-024	9.92871e-025	
Carex_canescens	0	0	0	0	0	0	0	0	0	0	0	0	0	0	0	0	0	0	0	0	0	0	0	0	0	0	0	1	0	0	0	0	0	0	0	0	0	0	0	0	0	0	0	0	0	0	0	0	0	0	0	0	0	0	0	0	0	0	
Carex_lachenalii	0	0	0	0	0	0	0	0	0	0	0	0	0	0	0	0	0	0	0	0	0	0	0	0	0	0	0	0	0	0	1	0	0	0	0	0	0	0	0	0	0	0	0	0	0	0	0	0	0	0	0	0	0	0	0	0	0	0	
N35	7.33298e-024	9.10584e-023	2.16895e-021	5.53272e-020	1.03674e-018	1.41845e-017	2.95111e-016	5.73384e-015	7.25551e-014	3.95665e-013	1.17797e-012	2.81398e-012	7.36266e-012	5.25567e-011	6.19078e-010	6.28657e-009	4.73714e-008	2.45047e-007	8.30707e-007	1.88258e-006	3.20808e-006	4.92539e-006	7.47563e-006	1.06959e-005	1.3627e-005	1.55195e-005	1.7837e-005	3.14833e-005	0.000109304	0.000465225	0.00180687	0.00598709	0.0166651	0.038721	0.0747832	0.119688	0.158425	0.173295	0.156724	0.117385	0.0730202	0.0378689	0.0164475	0.00601352	0.00186085	0.000490128	0.000110497	2.14443e-005	3.60216e-006	5.2672e-007	6.74071e-008	7.59683e-009	7.58524e-010	6.76482e-011	5.43402e-012	3.99006e-013	2.75368e-014	2.14994e-015	
N36	6.80509e-014	1.17959e-013	4.93915e-013	3.07766e-012	2.16983e-011	1.52804e-010	1.01853e-009	6.26915e-009	3.52431e-008	1.80918e-007	8.53778e-007	3.73333e-006	1.51764e-005	5.71663e-005	0.000197916	0.000623855	0.00177564	0.00453597	0.0103592	0.0211025	0.0382984	0.0618996	0.0891016	0.114276	0.13067	0.133325	0.1215	0.0989998	0.0722063	0.0471984	0.0276838	0.0145895	0.00691713	0.00295448	0.00113834	0.000396204	0.000124736	3.55768e-005	9.20478e-006	2.16457e-006	4.63345e-007	9.05881e-008	1.6224e-008	2.68623e-009	4.15327e-010	6.18023e-011	9.11589e-012	1.41852e-012	2.34197e-013	4.17238e-014	7.43033e-015	1.32045e-015	2.19236e-016	3.4934e-017	5.0977e-018	7.09107e-019	9.13121e-020	1.41853e-020	
Carex_livida	0	0	0	0	0	0	0	0	0	0	0	0	0	0	0	1	0	0	0	0	0	0	0	0	0	0	0	0	0	0	0	0	0	0	0	0	0	0	0	0	0	0	0	0	0	0	0	0	0	0	0	0	0	0	0	0	0	0	
Carex_panicea	0	0	0	0	0	0	0	0	0	0	0	0	0	0	0	1	0	0	0	0	0	0	0	0	0	0	0	0	0	0	0	0	0	0	0	0	0	0	0	0	0	0	0	0	0	0	0	0	0	0	0	0	0	0	0	0	0	0	
N37	3.09213e-032	3.8274e-030	7.81698e-028	1.25822e-025	1.22311e-023	2.74769e-022	1.70423e-020	1.09861e-018	5.48645e-017	1.32795e-015	8.59465e-015	2.18962e-014	3.95337e-014	2.40212e-013	4.98197e-012	9.46729e-011	1.50932e-009	1.97486e-008	1.87193e-007	1.1274e-006	4.08762e-006	9.18917e-006	1.39851e-005	1.61376e-005	1.56967e-005	1.39523e-005	1.21373e-005	1.33767e-005	3.8936e-005	0.000212788	0.00109734	0.00462301	0.0155671	0.0415945	0.0877554	0.14562	0.189483	0.192957	0.153645	0.0956998	0.0467004	0.0179048	0.00541355	0.0012971	0.000247566	3.78859e-005	4.67388e-006	4.6917e-007	3.84327e-008	2.62342e-009	1.47658e-010	7.47108e-012	3.19908e-013	1.86685e-014	1.39257e-015	1.88893e-016	2.13028e-017	2.35621e-018	
N38	3.74054e-026	4.07117e-025	7.88998e-024	1.67271e-022	3.53661e-021	7.32403e-020	1.52387e-018	3.20218e-017	6.39138e-016	1.11681e-014	1.62092e-013	1.91967e-012	1.87111e-011	1.53944e-010	1.09815e-009	6.85889e-009	3.69969e-008	1.67764e-007	6.22535e-007	1.85224e-006	4.37011e-006	8.19088e-006	1.24731e-005	1.66498e-005	2.51374e-005	6.45942e-005	0.000246952	0.000959551	0.00329655	0.00969937	0.0242139	0.0510263	0.0903798	0.134011	0.165705	0.170258	0.144906	0.101896	0.0590894	0.0282305	0.0111115	0.00360663	0.000967285	0.00021497	3.97334e-005	6.13398e-006	7.9469e-007	8.6844e-008	8.0481e-009	6.36603e-010	4.40125e-011	3.63967e-012	1.28156e-012	1.00128e-012	7.07566e-013	4.08908e-013	1.93192e-013	8.87982e-014	
Carex_fuliginosa	0	0	0	0	0	0	0	0	0	0	0	0	0	0	0	0	0	0	0	1	0	0	0	0	0	0	0	0	0	0	0	0	0	0	0	0	0	0	0	0	0	0	0	0	0	0	0	0	0	0	0	0	0	0	0	0	0	0	
N39	3.67725e-020	1.8235e-019	1.66736e-018	1.91069e-017	2.31786e-016	2.69341e-015	2.84401e-014	2.65848e-013	2.17179e-012	1.54323e-011	9.55533e-011	5.18911e-010	2.49244e-009	1.06695e-008	4.09644e-008	1.42287e-007	4.55926e-007	1.40543e-006	4.44457e-006	1.51321e-005	5.45174e-005	0.000194875	0.000652044	0.00197476	0.00532673	0.0127001	0.0266563	0.0491245	0.0793246	0.11203	0.138146	0.148496	0.138934	0.112982	0.0797573	0.0488244	0.0258972	0.0118957	0.00473111	0.00162948	0.00048629	0.000125871	2.82969e-005	5.53467e-006	9.43819e-007	1.40663e-007	1.83714e-008	2.11166e-009	2.16127e-010	2.14479e-011	3.11829e-012	1.11948e-012	5.54032e-013	2.62062e-013	1.06828e-013	3.77844e-014	1.16484e-014	3.9152e-015	
Carex_glacialis	0	0	0	0	0	0	0	0	0	0	0	0	0	0	0	0	1	0	0	0	0	0	0	0	0	0	0	0	0	0	0	0	0	0	0	0	0	0	0	0	0	0	0	0	0	0	0	0	0	0	0	0	0	0	0	0	0	0	
N40	1.02028e-013	2.4781e-013	1.16306e-012	7.20079e-012	5.0054e-011	3.52476e-010	2.3723e-009	1.48005e-008	8.41709e-008	4.32719e-007	2.00834e-006	8.45024e-006	3.24408e-005	0.000114171	0.000368439	0.00108568	0.00290215	0.00699172	0.0151017	0.0291392	0.0501131	0.076714	0.10446	0.126492	0.13621	0.130458	0.111168	0.0843173	0.0569509	0.0342752	0.018392	0.00880544	0.00376421	0.001438	0.000491334	0.000150298	4.12009e-005	1.01332e-005	2.23833e-006	4.44775e-007	7.95851e-008	1.28658e-008	1.8809e-009	2.5183e-010	3.10265e-011	3.78333e-012	4.75858e-013	7.99621e-014	1.57246e-014	3.97637e-015	9.25549e-016	2.24281e-016	4.72158e-017	9.67366e-018	1.72391e-018	2.91885e-019	4.38603e-020	7.85882e-021	
Carex_pilulifera	0	0	0	0	0	0	0	0	1	0	0	0	0	0	0	0	0	0	0	0	0	0	0	0	0	0	0	0	0	0	0	0	0	0	0	0	0	0	0	0	0	0	0	0	0	0	0	0	0	0	0	0	0	0	0	0	0	0	
Carex_humilis	0	0	0	0	0	0	0	0	0	0	0	0	0	0	0	0	0	1	0	0	0	0	0	0	0	0	0	0	0	0	0	0	0	0	0	0	0	0	0	0	0	0	0	0	0	0	0	0	0	0	0	0	0	0	0	0	0	0	
N41	4.03188e-033	5.70709e-031	8.79223e-029	1.2603e-026	1.34956e-024	8.35815e-024	4.99596e-022	5.5461e-020	4.27925e-018	1.39883e-016	7.36168e-016	1.16473e-015	1.51553e-015	5.14074e-015	2.10519e-013	1.02518e-011	3.80495e-010	9.49093e-009	1.40515e-007	1.12166e-006	4.62541e-006	1.00669e-005	1.27146e-005	1.13924e-005	9.69346e-006	8.77118e-006	7.40974e-006	5.93671e-006	9.66555e-006	5.38161e-005	0.000354713	0.0019236	0.00815897	0.0267215	0.0671325	0.128791	0.188071	0.208624	0.175654	0.112304	0.0546079	0.0202559	0.00575258	0.00126221	0.000214932	3.11752e-005	3.82685e-006	9.69406e-007	1.64073e-007	8.12537e-008	1.1697e-008	4.55348e-009	5.00957e-010	1.53689e-010	1.99559e-011	6.13866e-012	1.2988e-012	3.16506e-013	
Carex_atrofusca	0	0	0	0	0	0	0	0	0	0	0	0	0	0	0	0	0	0	1	0	0	0	0	0	0	0	0	0	0	0	0	0	0	0	0	0	0	0	0	0	0	0	0	0	0	0	0	0	0	0	0	0	0	0	0	0	0	0	
N42	4.12922e-040	1.84003e-037	9.81497e-035	3.75777e-032	8.00343e-030	5.79561e-028	6.62572e-026	1.20341e-023	1.26711e-021	5.31998e-020	8.67932e-019	5.23172e-018	1.52043e-017	7.382e-017	2.84921e-015	1.90592e-013	8.76583e-012	2.38895e-010	3.78054e-009	3.64208e-008	2.3287e-007	1.0332e-006	3.11166e-006	6.20472e-006	8.23433e-006	7.51217e-006	5.10784e-006	3.29961e-006	3.91837e-006	1.69151e-005	0.000126373	0.000846069	0.00439303	0.017199	0.0503652	0.109944	0.178616	0.215861	0.194155	0.13015	0.0651655	0.0244511	0.00690063	0.00148247	0.000243839	3.75495e-005	5.04392e-006	2.34931e-006	3.83878e-007	2.67505e-007	3.05394e-008	1.634e-008	1.28183e-009	5.11354e-010	3.54608e-011	1.30747e-011	2.60553e-012	8.89229e-013	
N43	3.19384e-037	2.71161e-035	3.61113e-033	5.04934e-031	5.63928e-029	3.55345e-027	3.32329e-025	3.81316e-023	3.3285e-021	1.65004e-019	3.98273e-018	5.35976e-017	5.03247e-016	6.71771e-015	2.06355e-013	6.5023e-012	1.51822e-010	2.44465e-009	2.60658e-008	1.79645e-007	7.98991e-007	2.34944e-006	4.76931e-006	6.96615e-006	7.48871e-006	6.08721e-006	4.29979e-006	4.33039e-006	1.19823e-005	7.04698e-005	0.000446865	0.00234928	0.00966711	0.0306791	0.0745792	0.13823	0.194677	0.20786	0.168075	0.102935	0.0478124	0.0168888	0.00455645	0.000946241	0.000153907	2.07005e-005	2.65939e-006	4.27249e-007	8.32443e-008	1.73053e-008	2.94395e-009	4.57468e-010	5.6557e-011	7.53626e-012	1.39354e-012	4.40238e-013	1.44658e-013	4.67806e-014	
N44	7.63448e-023	5.48592e-022	5.60719e-021	7.00881e-020	9.83435e-019	1.41099e-017	1.93278e-016	2.4271e-015	2.73692e-014	2.74185e-013	2.41968e-012	1.86419e-011	1.24285e-010	7.12107e-010	3.49286e-009	1.46602e-008	5.27898e-008	1.63765e-007	4.39295e-007	1.02145e-006	2.07262e-006	3.80263e-006	7.18693e-006	1.78684e-005	6.14478e-005	0.00023323	0.000832618	0.0026498	0.00739621	0.017977	0.0378534	0.0687289	0.107111	0.142637	0.161596	0.155109	0.125671	0.0856795	0.0490421	0.0235375	0.00947112	0.0031989	0.000909186	0.000218324	4.45552e-005	7.79499e-006	1.18499e-006	1.60006e-007	1.98896e-008	2.43492e-009	3.76109e-010	1.45894e-010	1.18517e-010	1.00868e-010	7.47928e-011	4.70865e-011	2.56423e-011	1.46941e-011	
N45	1.36478e-016	1.75328e-014	3.08634e-012	3.58386e-010	2.95153e-008	2.4047e-006	4.23754e-005	0.000116245	0.00209308	0.0239098	0.12674	0.349159	0.43303	0.0609672	0.00378691	0.000148485	4.0849e-006	8.80953e-008	1.11391e-008	1.406e-008	1.5408e-008	1.27675e-008	7.73927e-009	3.25782e-009	8.68259e-010	1.21031e-010	5.06888e-012	1.11717e-013	1.57817e-015	1.57783e-017	1.18398e-019	6.93988e-022	3.26668e-024	1.26264e-026	4.07166e-029	1.11254e-031	2.60207e-034	5.28292e-037	9.37872e-040	1.48257e-042	2.10124e-045	2.75349e-048	3.35674e-051	3.98775e-054	4.5578e-057	5.22233e-060	5.69473e-063	6.09714e-066	6.00912e-069	5.66772e-072	4.83157e-075	3.90026e-078	2.82988e-081	1.94158e-084	1.19503e-087	6.97197e-091	3.63719e-094	1.85029e-097	
Carex_capillaris	0	0	0	0	0	0	0	0	1	0	0	0	0	0	0	0	0	0	0	0	0	0	0	0	0	0	0	0	0	0	0	0	0	0	0	0	0	0	0	0	0	0	0	0	0	0	0	0	0	0	0	0	0	0	0	0	0	0	
Carex_halleriana	0	0	0	0	0	0	0	0	0	0	0	0	0	0	0	0	0	0	0	0	0	0	0	0	0	1	0	0	0	0	0	0	0	0	0	0	0	0	0	0	0	0	0	0	0	0	0	0	0	0	0	0	0	0	0	0	0	0	
Carex_baccans	0	0	0	0	0	0	0	0	0	0	0	0	0	0	0	0	0	0	0	0	0	0	1	0	0	0	0	0	0	0	0	0	0	0	0	0	0	0	0	0	0	0	0	0	0	0	0	0	0	0	0	0	0	0	0	0	0	0	
N46	1.76376e-032	8.40204e-031	5.75384e-029	3.95591e-027	2.35653e-025	1.03147e-023	5.46399e-022	2.78858e-020	1.09592e-018	2.74022e-017	3.47703e-016	2.21549e-015	1.03218e-014	9.68146e-014	1.95192e-012	3.7763e-011	5.75645e-010	6.59491e-009	5.46148e-008	3.15221e-007	1.23423e-006	3.24087e-006	5.75887e-006	7.19578e-006	6.90182e-006	5.93471e-006	5.41548e-006	6.53118e-006	1.93592e-005	0.000112329	0.000634471	0.0029385	0.0108542	0.0316879	0.0726897	0.130442	0.182536	0.198808	0.168433	0.111086	0.0571524	0.0230155	0.00728776	0.00182614	0.000365022	5.95466e-005	8.159e-006	1.24828e-006	2.12225e-007	9.97221e-008	2.59127e-008	1.85383e-008	9.56179e-009	1.04678e-008	9.46383e-009	7.73764e-009	4.86902e-009	2.89656e-009	
Carex_echinochloe	0	0	0	0	0	0	0	0	0	0	0	0	0	0	0	0	0	0	0	0	1	0	0	0	0	0	0	0	0	0	0	0	0	0	0	0	0	0	0	0	0	0	0	0	0	0	0	0	0	0	0	0	0	0	0	0	0	0	
N47	5.90975e-035	4.44662e-033	6.96001e-031	9.52664e-029	8.87e-027	6.0422e-025	4.73756e-023	2.94185e-021	1.03233e-019	1.539e-018	9.18877e-018	3.77964e-017	2.7452e-016	5.21705e-015	1.33787e-013	2.79767e-012	4.14145e-011	4.11116e-010	2.66209e-009	1.11832e-008	3.10566e-008	5.9538e-008	8.47046e-008	1.01421e-007	1.24848e-007	1.88107e-007	3.78391e-007	1.25695e-006	7.08495e-006	4.65071e-005	0.000277298	0.00138038	0.0055687	0.0179677	0.0460455	0.0933463	0.149369	0.188492	0.187628	0.147506	0.0917798	0.045332	0.0178381	0.00562063	0.00142574	0.000297496	5.24289e-005	1.07499e-005	2.771e-006	1.80108e-006	8.80925e-007	6.88605e-007	3.98481e-007	2.50847e-007	1.20879e-007	5.09091e-008	1.68017e-008	5.7869e-009	
N48	1.59793e-028	1.32333e-027	2.08814e-026	4.32778e-025	9.71628e-024	2.15858e-022	4.54454e-021	8.70403e-020	1.46238e-018	2.13415e-017	2.76768e-016	3.28704e-015	3.5871e-014	3.4928e-013	2.90846e-012	1.99414e-011	1.09584e-010	4.75454e-010	1.62464e-009	4.42437e-009	9.8919e-009	1.91441e-008	3.49876e-008	6.95893e-008	1.81584e-007	6.79608e-007	3.26895e-006	1.70784e-005	8.60836e-005	0.000391371	0.00154761	0.00521835	0.0148307	0.0352627	0.069783	0.114512	0.155414	0.174172	0.161078	0.122973	0.0775972	0.0405571	0.0176098	0.00637624	0.00193482	0.000495749	0.000108931	2.14814e-005	4.36793e-006	1.22853e-006	5.37083e-007	3.10434e-007	2.23223e-007	2.20663e-007	2.5543e-007	2.82214e-007	2.70237e-007	2.54903e-007	
Carex_pendula	0	0	0	0	0	0	0	0	0	0	0	0	0	0	0	0	0	0	0	0	0	0	0	0	0	0	0	0	1	0	0	0	0	0	0	0	0	0	0	0	0	0	0	0	0	0	0	0	0	0	0	0	0	0	0	0	0	0	
N49	1.15791e-022	1.46359e-021	4.40694e-020	1.24632e-018	2.89127e-017	5.69724e-016	8.65749e-015	8.84026e-014	7.19914e-013	4.21204e-012	2.19027e-011	1.81765e-010	2.0329e-009	1.84448e-008	1.10629e-007	4.16335e-007	9.74323e-007	1.41448e-006	1.40141e-006	1.5017e-006	2.85364e-006	6.37895e-006	1.20974e-005	1.86386e-005	2.72389e-005	7.66722e-005	0.000452708	0.00257599	0.011264	0.0367214	0.0887936	0.159069	0.211054	0.207538	0.151586	0.0827379	0.0340798	0.0107451	0.00263204	0.000509824	7.92646e-005	1.01071e-005	1.07466e-006	9.90888e-008	8.14723e-009	6.45618e-010	4.97887e-011	3.94222e-012	2.9448e-013	2.11921e-014	1.34674e-015	7.9063e-017	4.02951e-018	1.88367e-019	7.65227e-021	2.86148e-022	9.34165e-024	3.29228e-025	
Carex_hostiana	0	0	0	0	0	0	0	0	0	0	0	0	0	0	0	0	0	0	0	0	0	0	0	0	0	0	0	1	0	0	0	0	0	0	0	0	0	0	0	0	0	0	0	0	0	0	0	0	0	0	0	0	0	0	0	0	0	0	
Carex_viridula	0	0	0	0	0	0	0	0	0	0	0	0	0	0	0	0	0	0	0	0	0	0	0	0	0	0	0	0	0	0	0	0	0	0	1	0	0	0	0	0	0	0	0	0	0	0	0	0	0	0	0	0	0	0	0	0	0	0	
N50	1.73612e-032	7.7009e-031	6.54953e-029	4.79174e-027	2.69702e-025	1.17442e-023	4.49253e-022	1.37886e-020	2.77871e-019	3.37926e-018	2.72049e-017	1.76808e-016	1.1632e-015	1.04383e-014	1.29406e-013	1.56512e-012	1.53271e-011	1.17323e-010	7.09316e-010	3.44589e-009	1.36547e-008	4.48463e-008	1.24939e-007	3.0813e-007	7.18993e-007	1.67152e-006	3.88293e-006	9.27331e-006	2.67041e-005	0.000104667	0.000469066	0.00196054	0.00697147	0.0204096	0.0485628	0.0933572	0.144579	0.180163	0.180654	0.145904	0.0950788	0.0501134	0.0214287	0.00746108	0.00212465	0.000498026	9.71584e-005	1.6406e-005	2.69553e-006	6.73486e-007	3.03157e-007	2.01693e-007	1.24439e-007	7.09502e-008	3.30624e-008	1.29873e-008	4.1949e-009	1.40731e-009	
N51	4.53355e-026	2.61909e-025	3.41678e-024	5.62304e-023	9.26407e-022	1.40926e-020	1.94868e-019	2.40773e-018	2.5634e-017	2.29157e-016	1.76484e-015	1.27835e-014	9.63698e-014	7.92503e-013	6.89159e-012	5.88661e-011	4.59438e-010	3.10024e-009	1.73953e-008	7.91464e-008	2.88521e-007	8.43969e-007	2.01474e-006	4.0744e-006	7.45382e-006	1.35117e-005	2.62318e-005	5.5958e-005	0.000132321	0.000354586	0.00105025	0.00314914	0.00875273	0.0213979	0.0448917	0.0799598	0.120368	0.152862	0.16371	0.147924	0.112894	0.0728917	0.0398984	0.0185628	0.00736177	0.0025033	0.00073599	0.000200359	6.16107e-005	3.91121e-005	3.69056e-005	3.99575e-005	3.64636e-005	3.02175e-005	2.08419e-005	1.26806e-005	6.72721e-006	3.89678e-006	
Carex_punctata	0	0	0	0	0	0	0	0	0	0	0	0	0	0	0	0	0	0	0	0	0	0	0	0	0	0	0	0	0	0	0	0	0	1	0	0	0	0	0	0	0	0	0	0	0	0	0	0	0	0	0	0	0	0	0	0	0	0	
Carex_hochstetteriana	0	0	0	0	0	0	0	0	0	0	0	0	0	0	0	0	0	0	0	0	0	0	0	0	0	0	0	0	0	0	0	0	0	0	0	0	0	1	0	0	0	0	0	0	0	0	0	0	0	0	0	0	0	0	0	0	0	0	
N52	1.53846e-029	4.04115e-028	2.08965e-026	1.1224e-024	4.581e-023	1.61503e-021	6.47151e-020	2.05436e-018	4.0075e-017	3.82466e-016	1.9709e-015	1.11745e-014	1.21565e-013	1.68641e-012	2.18253e-011	2.32237e-010	1.89495e-009	1.13725e-008	4.92469e-008	1.54432e-007	3.61047e-007	6.68724e-007	1.09485e-006	1.92066e-006	4.55175e-006	1.5195e-005	6.13428e-005	0.000258472	0.00102844	0.00362659	0.0109357	0.027681	0.0582664	0.101493	0.145915	0.172911	0.168796	0.13575	0.089993	0.0492309	0.0222584	0.00833388	0.00259038	0.000670405	0.00014501	2.6359e-005	4.06902e-006	5.48134e-007	6.95716e-008	9.89985e-009	1.86514e-009	4.382e-010	1.0898e-010	2.66078e-011	6.11868e-012	1.29483e-012	2.47398e-013	5.25129e-014	
Carex_comans	0	0	0	0	0	0	0	0	0	0	0	0	0	0	0	0	0	0	0	1	0	0	0	0	0	0	0	0	0	0	0	0	0	0	0	0	0	0	0	0	0	0	0	0	0	0	0	0	0	0	0	0	0	0	0	0	0	0	
N53	2.68275e-027	2.64333e-026	5.44596e-025	1.36506e-023	3.32644e-022	7.29901e-021	1.40399e-019	2.29807e-018	3.13214e-017	3.61543e-016	3.75765e-015	3.77236e-014	3.74738e-013	3.54344e-012	2.99265e-011	2.14072e-010	1.25471e-009	5.9423e-009	2.28485e-008	7.31411e-008	2.04799e-007	5.39996e-007	1.44327e-006	4.02035e-006	1.15043e-005	3.40103e-005	0.000108651	0.000379275	0.00134592	0.00442286	0.012671	0.0307448	0.0623856	0.105279	0.147395	0.171037	0.164483	0.131166	0.0868266	0.0477858	0.0219091	0.00838875	0.00268981	0.000725056	0.000164891	3.2206e-005	5.46584e-006	1.07559e-006	2.36155e-007	1.56093e-007	5.40714e-008	4.5231e-008	1.69634e-008	1.46975e-008	9.02553e-009	7.52301e-009	4.84626e-009	3.37892e-009	
Carex_extensa	0	0	0	0	0	0	0	0	0	0	0	0	0	0	0	0	0	0	0	0	0	0	0	0	0	0	0	0	0	1	0	0	0	0	0	0	0	0	0	0	0	0	0	0	0	0	0	0	0	0	0	0	0	0	0	0	0	0	
Carex_distans	0	0	0	0	0	0	0	0	0	0	0	0	0	0	0	0	0	0	0	0	0	0	0	0	0	0	0	0	0	0	0	0	0	0	1	0	0	0	0	0	0	0	0	0	0	0	0	0	0	0	0	0	0	0	0	0	0	0	
N54	3.83273e-037	4.27286e-035	8.25074e-033	1.34875e-030	1.5953e-028	1.17687e-026	9.18748e-025	6.89164e-023	3.40133e-021	9.14595e-020	1.26014e-018	1.0541e-017	6.91841e-017	5.97858e-016	1.23209e-014	3.06295e-013	5.90897e-012	8.05494e-011	7.47229e-010	4.61443e-009	1.88896e-008	5.24937e-008	1.06128e-007	1.78032e-007	2.92058e-007	5.11436e-007	9.24655e-007	1.69891e-006	4.06616e-006	1.81103e-005	0.0001087	0.000607182	0.00281064	0.010433	0.0306363	0.070649	0.127422	0.179411	0.197198	0.169444	0.114127	0.0604812	0.0253355	0.00843756	0.00224925	0.000488433	8.905e-005	1.8218e-005	5.01151e-006	4.01856e-006	2.63737e-006	3.26708e-006	3.29541e-006	3.54318e-006	2.97445e-006	2.08576e-006	1.15385e-006	6.39068e-007	
N55	1.04753e-025	6.78213e-025	7.83377e-024	1.19483e-022	1.9996e-021	3.25828e-020	4.86707e-019	6.45628e-018	7.50139e-017	7.67052e-016	7.02233e-015	5.83582e-014	4.39152e-013	2.93809e-012	1.70557e-011	8.41164e-011	3.48074e-010	1.20695e-009	3.55048e-009	9.12148e-009	2.15137e-008	5.02327e-008	1.27888e-007	3.84911e-007	1.38219e-006	5.57917e-006	2.34424e-005	9.61544e-005	0.000367508	0.00126866	0.00387691	0.0103555	0.0239759	0.0478358	0.0818924	0.119907	0.1498	0.15942	0.144396	0.111299	0.0730499	0.0408808	0.0195465	0.00800674	0.00281994	0.000858626	0.000228691	5.53746e-005	1.40438e-005	5.22991e-006	3.264e-006	2.57067e-006	2.1001e-006	1.69607e-006	1.30405e-006	9.33008e-007	6.21464e-007	4.46884e-007	
Carex_scirpoidea	0	0	0	0	0	0	0	0	0	0	0	0	0	0	0	0	0	0	0	0	0	0	0	0	0	0	0	0	0	0	1	0	0	0	0	0	0	0	0	0	0	0	0	0	0	0	0	0	0	0	0	0	0	0	0	0	0	0	
Carex_debilis	0	0	0	0	0	0	0	0	0	0	0	0	0	0	0	0	0	0	0	0	0	0	0	0	0	0	1	0	0	0	0	0	0	0	0	0	0	0	0	0	0	0	0	0	0	0	0	0	0	0	0	0	0	0	0	0	0	0	
N56	2.42685e-031	4.65672e-030	1.92988e-028	8.31082e-027	3.12094e-025	9.87853e-024	2.73719e-022	6.46995e-021	1.19167e-019	1.54173e-018	1.35096e-017	9.27152e-017	6.79846e-016	6.37385e-015	6.84116e-014	7.12906e-013	6.57282e-012	5.17015e-011	3.44813e-010	1.94912e-009	9.21288e-009	3.55227e-008	1.09721e-007	2.71991e-007	5.55875e-007	9.94548e-007	1.75399e-006	3.71456e-006	1.10443e-005	4.31711e-005	0.000186298	0.000779202	0.00292185	0.00939041	0.0252178	0.0557953	0.100929	0.14868	0.178084	0.173445	0.137538	0.088999	0.0471372	0.02051	0.00736352	0.00219401	0.000547676	0.000118722	2.56367e-005	9.90917e-006	7.85344e-006	9.42037e-006	1.06392e-005	1.1579e-005	1.05305e-005	8.15759e-006	5.26142e-006	3.46901e-006	
N57	8.7095e-024	7.61618e-023	1.62111e-021	3.74374e-020	7.65517e-019	1.28414e-017	2.10091e-016	3.25765e-015	4.30225e-014	4.30858e-013	2.7736e-012	1.08668e-011	3.23398e-011	1.30468e-010	8.99923e-010	6.684e-009	4.33399e-008	2.44492e-007	1.2457e-006	5.7672e-006	2.30706e-005	7.46267e-005	0.000187541	0.000363194	0.000548843	0.000661611	0.000653924	0.000560702	0.00052603	0.000909792	0.00261951	0.00769875	0.0196893	0.0426173	0.0776647	0.118978	0.153112	0.165496	0.150284	0.114747	0.0737553	0.0399928	0.0183388	0.00714871	0.00238601	0.0006974	0.000185693	5.00773e-005	1.49431e-005	5.20179e-006	1.83555e-006	6.26266e-007	1.88097e-007	5.11042e-008	1.19985e-008	2.5399e-009	4.75586e-010	1.02922e-010	
Carex_grayi	0	0	0	0	0	0	0	0	0	0	0	0	0	0	0	0	0	0	0	0	0	0	0	0	0	1	0	0	0	0	0	0	0	0	0	0	0	0	0	0	0	0	0	0	0	0	0	0	0	0	0	0	0	0	0	0	0	0	
N58	3.84488e-025	3.78135e-024	9.22409e-023	2.31685e-021	5.041e-020	9.35258e-019	1.58592e-017	2.36873e-016	2.77632e-015	2.17722e-014	1.05822e-013	4.18628e-013	2.2572e-012	2.03525e-011	2.36634e-010	2.69615e-009	2.62605e-008	2.01703e-007	1.13962e-006	4.47809e-006	1.19042e-005	2.15721e-005	2.76463e-005	2.63993e-005	1.98346e-005	1.24221e-005	7.23673e-006	5.31882e-006	7.89514e-006	2.6621e-005	0.000134828	0.000675881	0.00287765	0.010005	0.0280724	0.0632174	0.113867	0.163725	0.187791	0.172026	0.126093	0.0744365	0.0355359	0.0141265	0.0047205	0.0015807	0.000512131	0.000246361	9.75572e-005	5.27787e-005	1.99962e-005	9.37436e-006	3.29702e-006	1.2601e-006	3.75457e-007	1.06728e-007	2.43259e-008	6.31678e-009	
Carex_saxatilis	0	0	0	0	0	0	0	0	0	0	0	0	0	0	0	0	0	0	0	0	0	0	0	0	0	0	0	0	0	0	0	0	0	0	0	0	0	0	1	0	0	0	0	0	0	0	0	0	0	0	0	0	0	0	0	0	0	0	
N59	2.75293e-044	1.57675e-040	8.17246e-037	3.80696e-033	1.06499e-030	7.23825e-031	2.13306e-027	6.01145e-024	9.92017e-021	6.31717e-021	3.68744e-023	1.2815e-025	5.66967e-027	7.85604e-024	2.29237e-020	4.48661e-017	5.46736e-014	3.56618e-011	1.20485e-009	1.87902e-011	1.28034e-013	5.47192e-016	1.63079e-018	3.58694e-021	9.03595e-024	3.09661e-026	1.34874e-028	9.43943e-029	1.87427e-025	9.33692e-022	3.45596e-018	9.14169e-015	1.64449e-011	1.87702e-008	1.22371e-005	0.00380439	0.379666	0.601283	0.0151122	0.000121968	4.69748e-007	1.03533e-009	1.45291e-012	1.39719e-015	9.73134e-019	5.1742e-022	2.21175e-025	8.24369e-029	2.90803e-032	1.08157e-035	4.12123e-039	1.56815e-042	5.32307e-046	1.61456e-049	4.13306e-053	9.21965e-057	1.72971e-060	2.87234e-064	
Carex_membranacea	0	0	0	0	0	0	0	0	0	0	0	0	0	0	0	0	0	0	0	0	0	0	0	0	0	0	0	0	0	0	0	0	0	0	0	0	0	1	0	0	0	0	0	0	0	0	0	0	0	0	0	0	0	0	0	0	0	0	
Carex_rostrata	0	0	0	0	0	0	0	0	0	0	0	0	0	0	0	0	0	0	0	0	0	0	0	0	0	0	0	0	0	0	0	0	0	0	0	0	1	0	0	0	0	0	0	0	0	0	0	0	0	0	0	0	0	0	0	0	0	0	
N60	1.59436e-029	5.02949e-028	3.30802e-026	1.89686e-024	8.51526e-023	3.11466e-021	9.2248e-020	1.86262e-018	2.26518e-017	2.23731e-016	2.33913e-015	1.96151e-014	1.31857e-013	1.06626e-012	1.14796e-011	1.13857e-010	8.49811e-010	4.52991e-009	1.72252e-008	4.96666e-008	1.32126e-007	4.16231e-007	1.46481e-006	4.63947e-006	1.20076e-005	2.50293e-005	4.26431e-005	6.24949e-005	9.58372e-005	0.000230352	0.000839491	0.00311936	0.00996601	0.0263562	0.057218	0.101717	0.147926	0.175942	0.171197	0.136394	0.0890951	0.0478096	0.0211276	0.00771615	0.00234034	0.000595948	0.000130386	2.63521e-005	5.63922e-006	1.5138e-006	4.70658e-007	1.49557e-007	4.2386e-008	1.07023e-008	2.30584e-009	4.36494e-010	7.17087e-011	1.30566e-011	
N61	6.78992e-026	4.9207e-025	7.98797e-024	1.61829e-022	3.32305e-021	6.46823e-020	1.1523e-018	1.83916e-017	2.65895e-016	3.57663e-015	4.45855e-014	4.92999e-013	4.57151e-012	3.39178e-011	1.95437e-010	8.67798e-010	3.03172e-009	8.80796e-009	2.31273e-008	5.95688e-008	1.59292e-007	4.54408e-007	1.35283e-006	3.96378e-006	1.11501e-005	3.203e-005	0.000104249	0.000382005	0.00139458	0.00458068	0.0129192	0.030752	0.061395	0.102552	0.143166	0.166966	0.16267	0.132445	0.0901831	0.0514116	0.0245754	0.00986984	0.00333903	0.000954964	0.000232138	4.84081e-005	8.81374e-006	1.45043e-006	2.29022e-007	3.72908e-008	6.46834e-009	1.15869e-009	2.06558e-010	3.82738e-011	8.45433e-012	2.34111e-012	7.02971e-013	2.43359e-013	
Carex_rariflora	0	0	0	0	0	0	0	0	0	0	0	0	0	0	0	0	0	0	0	0	0	0	0	0	0	1	0	0	0	0	0	0	0	0	0	0	0	0	0	0	0	0	0	0	0	0	0	0	0	0	0	0	0	0	0	0	0	0	
Carex_magellanica	0	0	0	0	0	0	0	0	0	0	0	0	0	0	0	0	0	0	0	0	0	0	0	0	0	0	0	0	1	0	0	0	0	0	0	0	0	0	0	0	0	0	0	0	0	0	0	0	0	0	0	0	0	0	0	0	0	0	
N62	6.32024e-027	7.36412e-026	2.01073e-024	5.62105e-023	1.34863e-021	2.65515e-020	4.97699e-019	8.47401e-018	1.15936e-016	1.1531e-015	7.68364e-015	3.64953e-014	1.62993e-013	1.12951e-012	1.39347e-011	1.87799e-010	2.12365e-009	1.85095e-008	1.17924e-007	5.23364e-007	1.56674e-006	3.16837e-006	4.52786e-006	5.03804e-006	5.14864e-006	5.80741e-006	7.39995e-006	9.40023e-006	1.14857e-005	1.96377e-005	7.79518e-005	0.000412304	0.00191547	0.00724137	0.0219792	0.0532721	0.102709	0.157062	0.190146	0.182141	0.138152	0.0831803	0.0398963	0.0153538	0.00477176	0.00123566	0.000274739	6.7739e-005	2.03368e-005	1.00677e-005	4.54841e-006	2.19025e-006	8.33335e-007	2.92714e-007	8.22014e-008	2.03541e-008	4.15488e-009	9.37927e-010	
Carex_shimidzensis	0	0	0	0	0	0	0	0	0	0	0	0	0	0	0	0	0	0	0	0	0	0	0	0	0	0	0	0	0	0	0	0	0	1	0	0	0	0	0	0	0	0	0	0	0	0	0	0	0	0	0	0	0	0	0	0	0	0	
N63	4.89672e-038	2.36629e-035	1.34326e-032	5.79819e-030	1.33996e-027	2.88649e-027	4.22561e-025	1.24907e-022	2.33363e-020	1.29369e-018	1.77301e-018	2.86888e-019	3.19124e-020	1.23404e-019	1.39975e-017	1.92756e-015	2.17096e-013	1.58984e-011	5.46072e-010	5.90035e-009	1.53779e-008	1.09892e-008	2.98261e-009	4.28216e-010	4.3503e-011	3.87652e-012	3.48683e-013	5.02862e-014	5.31142e-014	2.02745e-012	1.48101e-010	8.44347e-009	3.42044e-007	9.50285e-006	0.000175612	0.00209137	0.0155371	0.0698018	0.184833	0.284351	0.254568	0.134947	0.0435524	0.00884922	0.00117132	0.000105171	6.67697e-006	3.39409e-007	1.64028e-008	1.13671e-009	8.50117e-011	6.46283e-012	3.73632e-013	1.80668e-014	6.58791e-016	1.95228e-017	4.45096e-019	9.24577e-021	
N64	1.94613e-041	5.13094e-039	1.72072e-036	4.32924e-034	6.12629e-032	6.08181e-031	8.79834e-029	1.73755e-026	2.87252e-024	1.67627e-022	4.59343e-022	3.69854e-022	2.28604e-022	3.91187e-021	5.24238e-019	6.9288e-017	6.06736e-015	2.99711e-013	6.09928e-012	2.79153e-011	2.63984e-011	7.47425e-012	8.7434e-013	5.48912e-014	2.82498e-015	3.19684e-016	6.55938e-017	4.58982e-017	7.87245e-016	1.75349e-014	1.09093e-012	1.31813e-010	1.24841e-008	7.85589e-007	3.10466e-005	0.00072755	0.0094592	0.0635311	0.208136	0.328806	0.257733	0.104948	0.0233802	0.00300244	0.000233534	1.15137e-005	3.75004e-007	8.38769e-009	1.34031e-010	1.61337e-012	1.80565e-014	7.00667e-016	9.31367e-017	1.11858e-017	1.01329e-018	6.78997e-020	3.32538e-021	1.32864e-022	
Carex_nigra	0	0	0	0	0	0	0	0	0	0	0	0	0	0	0	0	0	0	0	0	0	0	0	0	0	0	0	0	0	0	0	0	0	0	0	0	0	0	0	0	1	0	0	0	0	0	0	0	0	0	0	0	0	0	0	0	0	0	
N65	1.53485e-047	1.1254e-044	9.37108e-042	5.78734e-039	1.84623e-036	3.81375e-035	1.24632e-032	3.87844e-030	7.4727e-028	2.79873e-026	4.09198e-026	3.08079e-026	5.78213e-026	7.2909e-024	2.11144e-021	4.05567e-019	4.61704e-017	2.58917e-015	4.4164e-014	9.8948e-014	3.9738e-014	5.05962e-015	2.88233e-016	9.30693e-018	2.50921e-019	1.16565e-020	1.25974e-021	5.03702e-021	1.4686e-018	6.95658e-016	2.47665e-013	6.00976e-011	9.46582e-009	9.16621e-007	5.10719e-005	0.00150903	0.0214323	0.131585	0.325046	0.332274	0.15113	0.0330153	0.00371813	0.000230209	8.30465e-006	1.83831e-007	2.61393e-009	2.48555e-011	1.63766e-013	7.72206e-016	2.7172e-018	1.0028e-020	3.39868e-022	3.66932e-023	3.29288e-024	2.17556e-025	1.01549e-026	3.527e-028	
Carex_aquatilis_var_minor	0	0	0	0	0	0	0	0	0	0	0	0	0	0	0	0	0	0	0	0	0	0	0	0	0	0	0	0	0	0	0	0	0	0	0	0	0	1	0	0	0	0	0	0	0	0	0	0	0	0	0	0	0	0	0	0	0	0	
N66	3.56113e-051	2.53308e-048	2.10093e-045	1.32037e-042	3.97491e-040	4.17852e-038	2.09703e-035	8.9152e-033	2.18308e-030	6.89454e-029	1.38915e-028	1.37545e-028	7.47895e-028	1.61123e-025	4.09462e-023	6.55521e-021	5.92484e-019	2.4757e-017	2.76031e-016	3.36439e-016	8.40625e-017	7.40787e-018	3.10617e-019	9.08647e-021	1.47526e-021	7.24099e-022	3.32549e-022	3.02191e-021	1.23068e-018	7.41535e-016	3.22073e-013	9.37494e-011	1.7368e-008	1.92229e-006	0.000117293	0.00355843	0.0470828	0.23381	0.394932	0.247674	0.0645873	0.00775263	0.000468142	1.53755e-005	2.93997e-007	3.47004e-009	2.65755e-011	1.37787e-013	5.01401e-016	1.32114e-018	2.7171e-021	3.21418e-023	4.66017e-024	5.81224e-025	5.42326e-026	3.695e-027	1.77496e-028	6.24113e-030	
Carex_aquatilis_var_aquatilis	0	0	0	0	0	0	0	0	0	0	0	0	0	0	0	0	0	0	0	0	0	0	0	0	0	0	0	0	0	0	0	0	0	0	0	0	0	1	0	0	0	0	0	0	0	0	0	0	0	0	0	0	0	0	0	0	0	0	
N67	6.1128e-059	5.34274e-055	3.91144e-051	2.38272e-047	6.42272e-044	1.80065e-043	2.32941e-040	6.93266e-037	9.90325e-034	3.18423e-032	3.59818e-033	3.4395e-034	2.52117e-034	1.02753e-031	1.22425e-028	9.84025e-026	4.54018e-023	7.82014e-021	1.39887e-019	3.50735e-020	1.17266e-021	7.90165e-023	9.86554e-024	1.12909e-024	1.1174e-025	1.10967e-026	1.17104e-026	2.91441e-025	9.60155e-022	2.71857e-018	5.04456e-015	5.78595e-012	3.80183e-009	1.29098e-006	0.000195643	0.0106234	0.150324	0.49896	0.293342	0.0442462	0.00225892	4.71147e-005	4.61266e-007	2.36043e-009	6.87391e-012	1.21946e-014	1.39267e-017	1.07128e-020	5.7654e-024	2.32746e-027	2.90888e-030	4.3047e-032	6.12682e-034	6.56007e-036	5.21293e-038	3.02357e-040	1.2496e-042	3.7184e-045	
Carex_paleacea	0	0	0	0	0	0	0	0	0	0	0	0	0	0	0	0	0	0	0	0	0	0	0	0	0	0	0	0	0	0	0	0	0	0	0	1	0	0	0	0	0	0	0	0	0	0	0	0	0	0	0	0	0	0	0	0	0	0	
N68	1.69481e-057	1.41007e-056	3.08998e-054	6.1216e-051	5.67872e-048	1.28485e-045	1.51181e-042	1.07652e-039	2.75027e-037	3.93235e-036	3.42959e-036	4.48653e-036	4.46211e-035	3.31613e-032	2.8838e-029	1.36633e-026	2.96793e-024	2.14747e-022	1.9998e-021	6.86378e-022	5.43831e-023	7.22542e-024	1.25927e-024	1.80857e-025	8.17041e-026	9.04941e-026	8.24559e-026	2.24257e-025	2.82972e-022	8.8382e-019	1.85383e-015	2.41979e-012	1.8213e-009	7.13134e-007	0.00012561	0.00804038	0.138297	0.516276	0.29494	0.0404807	0.00180762	3.22475e-005	2.67199e-007	1.15346e-009	2.83654e-012	4.26389e-015	4.14559e-018	2.72941e-021	1.26393e-024	4.28205e-028	9.47498e-031	3.49131e-031	1.74854e-031	6.81731e-032	1.96744e-032	4.0697e-033	5.71907e-034	5.29767e-035	
Carex_aquatilis	0	0	0	0	0	0	0	0	0	0	0	0	0	0	0	0	0	0	0	0	0	0	0	0	0	0	0	0	0	0	0	0	0	0	0	0	0	1	0	0	0	0	0	0	0	0	0	0	0	0	0	0	0	0	0	0	0	0	
Carex_recta	0	0	0	0	0	0	0	0	0	0	0	0	0	0	0	0	0	0	0	0	0	0	0	0	0	0	0	0	0	0	0	0	0	0	0	0	0	1	0	0	0	0	0	0	0	0	0	0	0	0	0	0	0	0	0	0	0	0	
N69	8.20266e-038	7.53101e-036	1.24656e-033	1.80102e-031	1.94689e-029	1.54082e-027	1.00829e-025	4.59116e-024	1.11153e-022	9.3183e-022	2.0546e-021	3.88058e-021	4.52713e-020	1.89851e-018	1.1813e-016	6.30284e-015	2.33156e-013	5.21659e-012	6.02863e-011	3.07923e-010	6.34691e-010	5.5019e-010	2.34686e-010	5.83515e-011	9.58982e-012	1.16554e-012	1.51288e-013	7.40112e-014	4.38837e-013	8.48356e-012	3.83666e-010	1.84499e-008	6.59019e-007	1.62731e-005	0.000268529	0.00287087	0.0192924	0.0792762	0.194936	0.283465	0.244068	0.126263	0.0402253	0.00813525	0.00107872	9.70056e-005	6.12691e-006	2.86279e-007	1.07894e-008	3.98763e-010	1.6885e-011	7.99802e-013	4.35571e-014	1.5296e-014	1.45334e-014	1.08913e-014	5.76749e-015	2.44341e-015	
Carex_kiotensis	0	0	0	0	0	0	0	0	0	0	0	0	0	0	0	0	0	0	0	0	0	0	0	0	0	0	0	0	0	0	0	0	0	0	0	0	1	0	0	0	0	0	0	0	0	0	0	0	0	0	0	0	0	0	0	0	0	0	
Carex_heterolepis	0	0	0	0	0	0	0	0	0	0	0	0	0	0	0	0	0	0	0	0	0	0	0	0	0	0	0	0	0	0	0	0	0	0	0	0	0	0	0	1	0	0	0	0	0	0	0	0	0	0	0	0	0	0	0	0	0	0	
