NODE	1	2	3	4	5	6	7	8	9	10	11	12	13	14	15	16	17	18	19	20	21	22	23	24	25	26	27	28	29	30	31	32	33	34	35	36	37	38	39	40	41	42	43	44	45	46	47	48	49	50	51	52	53	54	55	56	57	58	59	60	61	62	63	64	65	66	67	68	69	70	
N1	0.090672	0.0901242	0.0889893	0.087161	0.0844993	0.0808713	0.076192	0.0704585	0.0637724	0.0563419	0.0484653	0.0404952	0.0327929	0.0256817	0.0195266	0.0143932	0.0102722	0.00709037	0.00472882	0.00304474	0.00189121	0.00113252	0.000653466	0.000363136	0.000194275	0.00010003	4.95592e-05	2.36245e-05	1.08363e-05	4.78434e-06	2.03465e-06	8.34538e-07	3.28525e-07	1.24106e-07	4.4984e-08	1.56421e-08	5.21722e-09	1.66887e-09	5.11905e-10	1.5055e-10	4.24471e-11	1.14724e-11	2.97212e-12	7.38009e-13	1.80215e-16	8.60714e-17	4.02463e-17	1.84258e-17	8.26124e-18	3.6289e-18	1.56339e-18	6.59309e-19	2.72179e-19	1.09997e-19	4.35191e-20	1.68567e-20	6.39255e-21	2.37356e-21	8.62912e-22	3.07178e-22	1.07076e-22	3.6552e-23	1.22214e-23	4.00427e-24	1.28725e-24	4.07499e-25	1.28432e-25	4.16547e-26	1.53026e-26	8.00763e-27	
N2	0.100483	0.102019	0.101097	0.0978422	0.092515	0.0854859	0.0771981	0.068128	0.0587463	0.0494829	0.0406997	0.0326726	0.0255847	0.0195284	0.0145853	0.0106582	0.00762044	0.00533172	0.00365158	0.00244931	0.00160555	0.00102851	0.000643913	0.000394029	0.000235729	0.000137923	7.89626e-05	4.42683e-05	2.4328e-05	1.31252e-05	6.96621e-06	3.64803e-06	1.88265e-06	9.60242e-07	4.85707e-07	2.44569e-07	1.23068e-07	6.21025e-08	3.15042e-08	1.57608e-08	7.75992e-09	3.75334e-09	1.78067e-09	8.27557e-10	3.76382e-10	1.67398e-10	7.27691e-11	3.09108e-11	1.28311e-11	5.20768e-12	2.0694e-12	8.02862e-13	3.04335e-13	1.12833e-13	4.09767e-14	1.46068e-14	5.12491e-15	1.77617e-15	6.10737e-16	2.09426e-16	7.20077e-17	2.49488e-17	8.74125e-18	3.10151e-18	1.114e-18	4.05011e-19	1.49961e-19	5.81856e-20	2.59434e-20	1.65769e-20	
N3	0.113031	0.114089	0.111768	0.106361	0.0983869	0.0885122	0.0774739	0.0659963	0.0547241	0.0441748	0.0347137	0.0265526	0.0197641	0.0143093	0.0101189	0.00699108	0.00472071	0.00311701	0.0020138	0.0012741	0.000787772	0.000476082	0.00028128	0.000162512	9.18468e-05	5.07988e-05	2.751e-05	1.45979e-05	7.5977e-06	3.8839e-06	1.95387e-06	9.70012e-07	4.74585e-07	2.29415e-07	1.09905e-07	5.2355e-08	2.48848e-08	1.1838e-08	5.64903e-09	2.65545e-09	1.22749e-09	5.57091e-10	2.47906e-10	1.08048e-10	4.60838e-11	1.92221e-11	7.83795e-12	3.1238e-12	1.21704e-12	4.63804e-13	1.73149e-13	6.31553e-14	2.25253e-14	7.86526e-15	2.693e-15	9.06105e-16	3.00443e-16	9.8522e-17	3.20875e-17	1.043e-17	3.40066e-18	1.11713e-18	3.70883e-19	1.24578e-19	4.23137e-20	1.45281e-20	5.06975e-21	1.84756e-21	7.71356e-22	4.67324e-22	
N4	0.10146	0.10307	0.102237	0.0990496	0.0937274	0.0866095	0.078128	0.0687719	0.0590444	0.049419	0.0403019	0.0320042	0.0247304	0.0185788	0.0136193	0.00973909	0.00679249	0.00462018	0.00306526	0.00198441	0.00124956	0.000764953	0.000455085	0.000263026	0.000147667	8.05283e-05	4.26668e-05	2.19749e-05	1.10113e-05	5.37566e-06	2.56231e-06	1.19623e-06	5.4654e-07	2.45137e-07	1.08321e-07	4.73266e-08	2.05112e-08	8.83803e-09	3.78927e-09	1.57753e-09	6.36422e-10	2.4842e-10	9.37159e-11	3.41421e-11	1.20062e-11	4.07432e-12	1.33419e-12	4.21662e-13	1.28668e-13	3.79401e-14	1.08301e-14	2.98627e-15	7.96266e-16	2.05603e-16	5.15044e-17	1.25477e-17	2.98245e-18	6.94461e-19	1.59207e-19	3.61489e-20	8.18126e-21	1.85655e-21	4.24227e-22	9.77584e-23	2.26848e-23	5.28211e-24	1.23135e-24	2.90627e-25	7.52134e-26	3.00689e-26	
Bulbostylis_barbata	0	0	0	0	1	0	0	0	0	0	0	0	0	0	0	0	0	0	0	0	0	0	0	0	0	0	0	0	0	0	0	0	0	0	0	0	0	0	0	0	0	0	0	0	0	0	0	0	0	0	0	0	0	0	0	0	0	0	0	0	0	0	0	0	0	0	0	0	0	0	
N5	0.0728271	0.0754676	0.0778301	0.0796108	0.0803206	0.0794483	0.0766521	0.0719031	0.0655218	0.0580935	0.050301	0.0427445	0.035819	0.0296826	0.0244237	0.0198906	0.0159468	0.0125129	0.00956471	0.00710544	0.0050839	0.00349481	0.00230499	0.00145773	0.000883948	0.000514094	0.000286919	0.000153785	7.92533e-05	3.93453e-05	1.88783e-05	8.80447e-06	4.00766e-06	1.7995e-06	8.07274e-07	3.66116e-07	1.68912e-07	7.90756e-08	3.7173e-08	1.60945e-08	6.47437e-09	2.43414e-09	8.58904e-10	2.85341e-10	8.94674e-11	2.65279e-11	7.45055e-12	1.98492e-12	5.02287e-13	1.20911e-13	2.77504e-14	6.0623e-15	1.26222e-15	2.50853e-16	4.76778e-17	8.68825e-18	1.52341e-18	2.58344e-19	4.26868e-20	6.95406e-21	1.13672e-21	1.90615e-22	3.34706e-23	6.20869e-24	1.20637e-24	2.40573e-25	4.82334e-26	9.66359e-27	2.04413e-27	6.50808e-28	
Bulbostylis_densa	0	0	0	0	0	0	0	0	0	0	0	0	0	0	0	0	0	0	0	0	0	0	0	0	0	0	0	0	0	0	0	1	0	0	0	0	0	0	0	0	0	0	0	0	0	0	0	0	0	0	0	0	0	0	0	0	0	0	0	0	0	0	0	0	0	0	0	0	0	0	
Bulbostylis_hispidula	0	0	0	0	1	0	0	0	0	0	0	0	0	0	0	0	0	0	0	0	0	0	0	0	0	0	0	0	0	0	0	0	0	0	0	0	0	0	0	0	0	0	0	0	0	0	0	0	0	0	0	0	0	0	0	0	0	0	0	0	0	0	0	0	0	0	0	0	0	0	
N6	0.141296	0.140901	0.134731	0.123601	0.108796	0.0918643	0.0743754	0.0577049	0.0428763	0.0304892	0.0207344	0.0134751	0.00836194	0.00494933	0.00280406	0.00152063	0.000789488	0.000392598	0.000187133	8.55879e-05	3.74709e-05	1.57077e-05	6.30686e-06	2.42645e-06	8.94949e-07	3.16631e-07	1.07537e-07	3.50926e-08	1.1017e-08	3.33287e-09	9.73802e-10	2.75761e-10	7.56764e-11	2.01981e-11	5.26503e-12	1.34649e-12	3.39329e-13	8.45635e-14	2.08808e-14	4.97992e-15	1.14487e-15	2.53337e-16	5.38985e-17	1.10173e-17	2.16279e-18	4.07677e-19	7.37897e-20	1.2828e-20	2.14295e-21	3.44275e-22	5.32818e-23	7.92979e-24	1.1362e-24	1.56962e-25	2.09472e-26	2.70737e-27	3.40031e-28	4.16787e-29	5.01259e-30	5.95323e-31	7.03094e-32	8.31105e-33	9.87797e-34	1.18225e-34	1.42238e-35	1.71385e-36	2.06365e-37	2.50479e-38	3.2225e-39	5.82759e-40	
Abildgaardia_ovata	0	0	0	0	0	0	0	0	0	1	0	0	0	0	0	0	0	0	0	0	0	0	0	0	0	0	0	0	0	0	0	0	0	0	0	0	0	0	0	0	0	0	0	0	0	0	0	0	0	0	0	0	0	0	0	0	0	0	0	0	0	0	0	0	0	0	0	0	0	0	
N7	0.15989	0.157723	0.14764	0.131263	0.110895	0.0890341	0.0679195	0.0492105	0.0338456	0.0220818	0.0136555	0.00799693	0.00443004	0.00231807	0.00114943	0.000540039	0.00024046	0.000101542	4.07267e-05	1.5557e-05	5.63578e-06	1.93728e-06	6.32361e-07	1.96207e-07	5.79418e-08	1.63104e-08	4.38423e-09	1.12749e-09	2.77978e-10	6.58434e-11	1.50201e-11	3.3119e-12	7.06619e-13	1.47059e-13	3.03706e-14	6.42458e-15	1.45293e-15	3.61642e-16	9.778e-17	2.29338e-17	4.87064e-18	9.5759e-19	1.76556e-19	3.07678e-20	5.09114e-21	8.0187e-22	1.20352e-22	1.72203e-23	2.34915e-24	3.05601e-25	3.7953e-26	4.48996e-27	5.06274e-28	5.4447e-29	5.58977e-30	5.48479e-31	5.15112e-32	4.63703e-33	4.00315e-34	3.32121e-35	2.66563e-36	2.10957e-37	1.72688e-38	1.59658e-39	1.80152e-40	2.41231e-41	3.45861e-42	4.93287e-43	7.06761e-44	1.36915e-44	
Fimbristylis_littoralis	0	0	0	0	1	0	0	0	0	0	0	0	0	0	0	0	0	0	0	0	0	0	0	0	0	0	0	0	0	0	0	0	0	0	0	0	0	0	0	0	0	0	0	0	0	0	0	0	0	0	0	0	0	0	0	0	0	0	0	0	0	0	0	0	0	0	0	0	0	0	
N8	0.167365	0.164397	0.152596	0.133963	0.111264	0.0874209	0.0649495	0.0455981	0.0302246	0.0188967	0.0111314	0.00617053	0.00321428	0.00157058	0.000722044	0.000312332	0.000127253	4.89862e-05	1.79483e-05	6.3549e-06	2.14873e-06	6.96503e-07	2.17392e-07	6.56241e-08	1.92279e-08	5.47808e-09	1.51679e-09	4.07032e-10	1.05415e-10	2.62286e-11	6.24838e-12	1.42586e-12	3.12917e-13	6.76813e-14	1.52742e-14	3.90657e-15	1.17678e-15	3.9372e-16	1.33437e-16	3.39413e-17	7.40516e-18	1.4534e-18	2.62527e-19	4.41795e-20	6.97379e-21	1.03637e-21	1.45278e-22	1.92287e-23	2.40442e-24	2.842e-25	3.17992e-26	3.36187e-27	3.36107e-28	3.18158e-29	2.85769e-30	2.44494e-31	2.00505e-32	1.58847e-33	1.2194e-34	9.10931e-36	6.68202e-37	4.92728e-38	3.87985e-39	3.64895e-40	4.4437e-41	6.53136e-42	1.01166e-42	1.52601e-43	2.26579e-44	4.5708e-45	
Fimbristylis_complanata	0	0	0	0	1	0	0	0	0	0	0	0	0	0	0	0	0	0	0	0	0	0	0	0	0	0	0	0	0	0	0	0	0	0	0	0	0	0	0	0	0	0	0	0	0	0	0	0	0	0	0	0	0	0	0	0	0	0	0	0	0	0	0	0	0	0	0	0	0	0	
N9	0.16332	0.160987	0.150421	0.133259	0.111885	0.0889472	0.0668741	0.0474843	0.0317967	0.0200503	0.0118889	0.00661921	0.00345484	0.00168734	0.000773561	0.000333111	0.000135165	5.2171e-05	1.96155e-05	7.54566e-06	2.87271e-06	1.08393e-06	4.03958e-07	1.4765e-07	5.24637e-08	1.79629e-08	5.88086e-09	1.8299e-09	5.38825e-10	1.49749e-10	3.92689e-11	9.76558e-12	2.33471e-12	5.64679e-13	1.54435e-13	5.34555e-14	2.25615e-14	1.00832e-14	4.3241e-15	1.30879e-15	3.33948e-16	7.60421e-17	1.58567e-17	3.06895e-18	5.55319e-19	9.43146e-20	1.50664e-20	2.26634e-21	3.21238e-22	4.29349e-23	5.41983e-24	6.45042e-25	7.24597e-26	7.69918e-27	7.7756e-28	7.54411e-29	7.17579e-30	6.87302e-31	6.67343e-32	6.55856e-33	6.49084e-34	6.47707e-35	6.68981e-36	7.72036e-37	1.10616e-37	1.98692e-38	3.98781e-39	8.04391e-40	1.61976e-40	4.66139e-41	
Fimbristylis_ferruginea	0	0	0	0	1	0	0	0	0	0	0	0	0	0	0	0	0	0	0	0	0	0	0	0	0	0	0	0	0	0	0	0	0	0	0	0	0	0	0	0	0	0	0	0	0	0	0	0	0	0	0	0	0	0	0	0	0	0	0	0	0	0	0	0	0	0	0	0	0	0	
N10	0.122662	0.12614	0.127214	0.124379	0.116476	0.103386	0.0862824	0.0673098	0.0488806	0.0329489	0.0205734	0.0118818	0.00633955	0.00312148	0.0014245	0.000603848	0.000238887	8.89955e-05	3.17215e-05	1.10884e-05	3.74732e-06	1.22707e-06	3.88576e-07	1.18376e-07	3.44579e-08	9.52082e-09	2.48371e-09	6.09635e-10	1.40638e-10	3.05557e-11	6.29669e-12	1.25017e-12	2.44607e-13	4.88513e-14	1.0284e-14	2.30039e-15	5.34529e-16	1.2446e-16	2.81656e-17	5.40601e-18	9.21126e-19	1.42363e-19	2.02003e-20	2.65143e-21	3.23588e-22	3.68548e-23	3.92815e-24	3.92669e-25	3.6882e-26	3.26085e-27	2.72113e-28	2.14251e-29	1.59549e-30	1.12767e-31	7.606e-33	4.93713e-34	3.12125e-35	1.94935e-36	1.21658e-37	7.66749e-39	4.93364e-40	3.28893e-41	2.31745e-42	1.75887e-43	1.44321e-44	1.25659e-45	1.125e-46	1.0067e-47	9.0293e-49	1.14979e-49	
Fimbristylis_dichotoma	0	0	0	0	1	0	0	0	0	0	0	0	0	0	0	0	0	0	0	0	0	0	0	0	0	0	0	0	0	0	0	0	0	0	0	0	0	0	0	0	0	0	0	0	0	0	0	0	0	0	0	0	0	0	0	0	0	0	0	0	0	0	0	0	0	0	0	0	0	0	
N11	0.00824018	0.0145482	0.0296516	0.056739	0.0950521	0.135708	0.16309	0.163966	0.1375	0.0960803	0.055961	0.027205	0.0110628	0.00377259	0.00108755	0.000266751	5.61723e-05	1.02875e-05	1.66985e-06	2.46679e-07	3.29402e-08	4.00686e-09	4.4568e-10	4.53404e-11	4.21029e-12	3.55903e-13	2.73304e-14	1.90536e-15	1.20767e-16	6.98975e-18	3.72705e-19	1.86113e-20	8.90221e-22	4.21192e-23	2.02948e-24	1.00549e-25	5.04182e-27	2.48604e-28	1.17425e-29	4.69279e-31	1.65002e-32	5.20588e-34	1.49111e-35	3.90731e-37	9.41823e-39	2.09688e-40	4.32617e-42	8.29315e-44	1.48059e-45	2.46719e-47	3.8477e-49	5.6195e-51	7.70691e-53	9.96214e-55	1.22025e-56	1.42762e-58	1.61295e-60	1.78354e-62	1.95373e-64	2.14695e-66	2.39944e-68	2.77302e-70	3.37805e-72	4.40227e-74	6.1347e-76	8.96871e-78	1.33683e-79	1.97885e-81	2.86067e-83	4.8036e-85	
Fimbristylis_velata	0	0	0	0	0	0	0	0	0	0	0	1	0	0	0	0	0	0	0	0	0	0	0	0	0	0	0	0	0	0	0	0	0	0	0	0	0	0	0	0	0	0	0	0	0	0	0	0	0	0	0	0	0	0	0	0	0	0	0	0	0	0	0	0	0	0	0	0	0	0	
Fimbristylis_squarrosa	0	0	0	0	1	0	0	0	0	0	0	0	0	0	0	0	0	0	0	0	0	0	0	0	0	0	0	0	0	0	0	0	0	0	0	0	0	0	0	0	0	0	0	0	0	0	0	0	0	0	0	0	0	0	0	0	0	0	0	0	0	0	0	0	0	0	0	0	0	0	
N12	0.0890143	0.0908806	0.0910326	0.0894767	0.0862962	0.0816494	0.0757617	0.0689123	0.0614149	0.0535958	0.045771	0.0382249	0.0311929	0.0248502	0.0193934	0.0148238	0.0111	0.00814743	0.00586962	0.00415946	0.00288717	0.00196335	0.00130839	0.000854774	0.000547691	0.000344371	0.000212618	0.000129004	7.70014e-05	4.52888e-05	2.6316e-05	1.5175e-05	8.70496e-06	5.01315e-06	2.93493e-06	1.77186e-06	1.11611e-06	7.36351e-07	5.05466e-07	3.29699e-07	2.05496e-07	1.22904e-07	7.07611e-08	3.9317e-08	2.11244e-08	1.09925e-08	5.54725e-09	2.71771e-09	1.2939e-09	5.9929e-10	2.7044e-10	1.18612e-10	5.0604e-11	2.1023e-11	8.51616e-12	3.37018e-12	1.30654e-12	4.98271e-13	1.88134e-13	7.11075e-14	2.73826e-14	1.10078e-14	4.73893e-15	2.21814e-15	1.12427e-15	6.05303e-16	3.38878e-16	1.95466e-16	1.19935e-16	9.25591e-17	
Eleocharis_dulcis	0	0	0	0	0	0	0	0	0	0	0	0	0	0	0	0	0	0	0	0	0	0	0	0	0	0	0	0	0	0	0	0	0	0	0	0	0	1	0	0	0	0	0	0	0	0	0	0	0	0	0	0	0	0	0	0	0	0	0	0	0	0	0	0	0	0	0	0	0	0	
N13	0.104275	0.105809	0.10472	0.101127	0.0952965	0.0876163	0.0785659	0.0686751	0.0584791	0.0484744	0.039082	0.0306193	0.0232881	0.017175	0.012325	0.00860275	0.00583892	0.00385325	0.0024726	0.00154322	0.000934884	0.000549666	0.000313643	0.000173697	9.33758e-05	4.874e-05	2.47137e-05	1.21808e-05	5.84124e-06	2.72904e-06	1.24458e-06	5.55605e-07	2.42466e-07	1.03685e-07	4.35648e-08	1.80371e-08	7.37966e-09	2.99108e-09	1.20319e-09	4.73407e-10	1.81848e-10	6.80718e-11	2.47912e-11	8.77189e-12	3.01209e-12	1.0029e-12	3.236e-13	1.01159e-13	3.06373e-14	8.99419e-15	2.56311e-15	7.07232e-16	1.89074e-16	4.90196e-17	1.234e-17	3.02152e-18	7.21398e-19	1.68539e-19	3.87239e-20	8.81127e-21	2.00347e-21	4.5985e-22	1.07533e-22	2.57576e-23	6.3176e-24	1.57852e-24	3.9995e-25	1.03806e-25	2.96759e-26	1.26876e-26	
N14	0.0895284	0.0914162	0.091597	0.0900746	0.0869208	0.0822775	0.0763543	0.0694195	0.0617857	0.0537885	0.0457619	0.0380136	0.0308029	0.0243245	0.018789	0.0141956	0.0104954	0.00760269	0.00540854	0.00379386	0.00261092	0.0017646	0.00117261	0.000767157	0.000494823	0.000315112	0.000198388	0.000123643	7.63855e-05	4.68615e-05	2.86323e-05	1.75155e-05	1.07727e-05	6.74602e-06	4.37413e-06	2.98596e-06	2.16452e-06	1.65752e-06	1.31829e-06	9.70394e-07	6.73181e-07	4.44734e-07	2.81663e-07	1.71775e-07	1.01194e-07	5.77171e-08	3.19263e-08	1.71503e-08	8.95766e-09	4.55477e-09	2.25852e-09	1.08899e-09	5.10973e-10	2.33531e-10	1.04091e-10	4.53326e-11	1.93431e-11	8.11961e-12	3.37358e-12	1.40319e-12	5.95974e-13	2.66318e-13	1.29479e-13	6.98712e-14	4.15733e-14	2.66559e-14	1.81583e-14	1.33446e-14	1.11858e-14	1.16624e-14	
Eleocharis_tuberculosa	0	0	0	0	0	0	0	0	0	0	0	0	0	0	1	0	0	0	0	0	0	0	0	0	0	0	0	0	0	0	0	0	0	0	0	0	0	0	0	0	0	0	0	0	0	0	0	0	0	0	0	0	0	0	0	0	0	0	0	0	0	0	0	0	0	0	0	0	0	0	
Eleocharis_quinqueflora	0	0	0	0	0	0	0	0	0	1	0	0	0	0	0	0	0	0	0	0	0	0	0	0	0	0	0	0	0	0	0	0	0	0	0	0	0	0	0	0	0	0	0	0	0	0	0	0	0	0	0	0	0	0	0	0	0	0	0	0	0	0	0	0	0	0	0	0	0	0	
N15	0.106732	0.108349	0.107298	0.103642	0.0975937	0.0895116	0.0798834	0.069288	0.0583407	0.0476305	0.037661	0.0288064	0.0212889	0.0151816	0.0104813	0.00700282	0.0045273	0.00283285	0.00171692	0.00100931	0.000573546	0.000315078	0.000167366	8.59922e-05	4.27563e-05	2.05853e-05	9.60429e-06	4.34653e-06	1.91036e-06	8.16754e-07	3.40492e-07	1.38952e-07	5.55755e-08	2.19444e-08	8.65014e-09	3.45612e-09	1.42349e-09	6.12025e-10	2.75101e-10	1.17712e-10	4.80649e-11	1.87765e-11	7.03396e-12	2.53199e-12	8.77257e-13	2.92934e-13	9.43696e-14	2.93534e-14	8.82152e-15	2.56335e-15	7.2116e-16	1.95906e-16	5.14108e-17	1.304e-17	3.19908e-18	7.59849e-19	1.75005e-19	3.91805e-20	8.56236e-21	1.84193e-21	3.96157e-22	8.73504e-23	2.03784e-23	5.1566e-24	1.41837e-24	4.15817e-25	1.26995e-25	4.01108e-26	1.34886e-26	5.99839e-27	
Eleocharis_confervoides	0	0	0	0	0	0	0	0	0	0	0	0	0	0	0	0	0	0	1	0	0	0	0	0	0	0	0	0	0	0	0	0	0	0	0	0	0	0	0	0	0	0	0	0	0	0	0	0	0	0	0	0	0	0	0	0	0	0	0	0	0	0	0	0	0	0	0	0	0	0	
N16	0.122855	0.12369	0.120531	0.11372	0.103879	0.0918329	0.0785191	0.064877	0.0517506	0.0398079	0.0294942	0.0210212	0.014392	0.00945006	0.00596951	0.00362569	0.0021166	0.00118755	0.000640548	0.000332403	0.000165522	7.90892e-05	3.62655e-05	1.5962e-05	6.74622e-06	2.73936e-06	1.06946e-06	4.01796e-07	1.45444e-07	5.08078e-08	1.71678e-08	5.63193e-09	1.79427e-09	5.58024e-10	1.70777e-10	5.20456e-11	1.60443e-11	5.08632e-12	1.67647e-12	5.30876e-13	1.61334e-13	4.70641e-14	1.31899e-14	3.55481e-15	9.22128e-16	2.30374e-16	5.54474e-17	1.28578e-17	2.8725e-18	6.18293e-19	1.28345e-19	2.56201e-20	4.91834e-21	9.08123e-22	1.61313e-22	2.75795e-23	4.54179e-24	7.21357e-25	1.10758e-25	1.65332e-26	2.4289e-27	3.5951e-28	5.56049e-29	9.34019e-30	1.7284e-30	3.43995e-31	7.05742e-32	1.45088e-32	3.11205e-33	1.00234e-33	
N17	0.114231	0.11635	0.115804	0.112305	0.1057	0.0961304	0.0841162	0.0705359	0.0564849	0.0430658	0.0311804	0.0213895	0.0138746	0.00849471	0.00493036	0.00271247	0.00141484	0.0007002	0.000329247	0.000147433	6.26429e-05	2.52707e-05	9.68628e-06	3.5308e-06	1.22517e-06	4.05134e-07	1.27828e-07	3.85401e-08	1.11244e-08	3.08206e-09	8.22695e-10	2.12784e-10	5.34009e-11	1.30853e-11	3.15248e-12	7.51252e-13	1.77702e-13	4.17049e-14	9.66887e-15	2.09838e-15	4.26868e-16	8.15061e-17	1.46259e-17	2.46943e-18	3.9274e-19	5.89142e-20	8.35623e-21	1.12917e-21	1.49651e-22	2.16434e-23	4.40223e-24	1.45748e-24	6.34622e-25	2.96268e-25	1.38538e-25	6.39937e-26	2.92066e-26	1.32299e-26	5.99015e-27	2.73839e-27	1.28033e-27	6.20792e-28	3.15606e-28	1.6887e-28	9.46047e-29	5.48634e-29	3.25558e-29	1.97343e-29	1.26816e-29	1.00845e-29	
Eleocharis_geniculata	0	0	0	0	1	0	0	0	0	0	0	0	0	0	0	0	0	0	0	0	0	0	0	0	0	0	0	0	0	0	0	0	0	0	0	0	0	0	0	0	0	0	0	0	0	0	0	0	0	0	0	0	0	0	0	0	0	0	0	0	0	0	0	0	0	0	0	0	0	0	
N18	0.11397	0.116111	0.115617	0.112191	0.105666	0.0961707	0.0842132	0.070666	0.0566237	0.0431938	0.0312855	0.0214674	0.013927	0.00852669	0.00494811	0.00272138	0.0014188	0.000701682	0.00032967	0.000147966	6.2921e-05	2.54188e-05	9.76728e-06	3.57482e-06	1.24828e-06	4.16659e-07	1.33237e-07	4.09212e-08	1.21063e-08	3.46144e-09	9.60128e-10	2.59527e-10	6.82996e-11	1.75504e-11	4.41159e-12	1.08562e-12	2.62873e-13	8.2144e-14	1.96579e-13	6.43512e-14	1.93663e-14	5.52128e-15	1.49096e-15	3.81112e-16	9.21777e-17	2.10905e-17	4.56436e-18	9.3428e-19	1.80876e-19	3.31257e-20	5.74433e-21	9.41697e-22	1.46344e-22	2.15776e-23	3.02145e-24	4.02345e-25	5.10553e-26	6.21034e-27	7.18644e-28	7.93415e-29	8.37091e-30	8.45401e-31	8.1885e-32	7.62342e-33	6.8395e-34	5.9348e-35	5.12031e-36	1.19846e-36	4.32832e-36	2.3618e-35	
Eleocharis_multicaulis	0	0	0	0	0	0	0	0	0	1	0	0	0	0	0	0	0	0	0	0	0	0	0	0	0	0	0	0	0	0	0	0	0	0	0	0	0	0	0	0	0	0	0	0	0	0	0	0	0	0	0	0	0	0	0	0	0	0	0	0	0	0	0	0	0	0	0	0	0	0	
N19	0.106891	0.109481	0.1101	0.108279	0.10362	0.0959923	0.0856747	0.0733655	0.0600682	0.0468883	0.0348108	0.024531	0.0163793	0.0103446	0.00619935	0.00352502	0.00190363	0.000980381	0.000488271	0.000244613	0.000119949	5.81373e-05	2.81698e-05	1.37608e-05	6.78559e-06	3.35549e-06	1.64499e-06	7.89656e-07	3.67273e-07	1.64216e-07	7.02305e-08	2.86688e-08	1.11407e-08	4.17739e-09	1.61284e-09	7.80989e-10	5.7817e-10	5.5354e-10	5.28101e-10	2.91295e-10	1.33087e-10	5.49935e-11	2.12328e-11	7.75516e-12	2.69054e-12	8.87454e-13	2.78248e-13	8.28884e-14	2.34499e-14	6.29988e-15	1.60877e-15	3.89437e-16	8.9418e-17	1.94925e-17	4.04246e-18	8.01893e-19	1.54254e-19	2.94581e-20	5.58441e-21	1.05427e-21	1.99761e-22	3.8342e-23	7.55769e-24	1.61541e-24	4.51802e-25	2.04669e-25	1.27015e-25	8.27828e-26	5.50539e-26	4.94737e-26	
Eleocharis_flavescens	0	0	0	0	0	0	0	0	0	0	0	0	0	0	1	0	0	0	0	0	0	0	0	0	0	0	0	0	0	0	0	0	0	0	0	0	0	0	0	0	0	0	0	0	0	0	0	0	0	0	0	0	0	0	0	0	0	0	0	0	0	0	0	0	0	0	0	0	0	0	
Eleocharis_atropurpurea	0	0	0	0	1	0	0	0	0	0	0	0	0	0	0	0	0	0	0	0	0	0	0	0	0	0	0	0	0	0	0	0	0	0	0	0	0	0	0	0	0	0	0	0	0	0	0	0	0	0	0	0	0	0	0	0	0	0	0	0	0	0	0	0	0	0	0	0	0	0	
N20	0.11938	0.120548	0.118132	0.112331	0.103576	0.0925072	0.0799155	0.0666695	0.0536183	0.0414968	0.0308497	0.0219908	0.0150035	0.0097789	0.00610691	0.00365264	0.00209288	0.00115012	0.000607776	0.000310337	0.000152275	7.18963e-05	3.27171e-05	1.43756e-05	6.11079e-06	2.51756e-06	1.00684e-06	3.9134e-07	1.47966e-07	5.44805e-08	1.95768e-08	6.90076e-09	2.39804e-09	8.33328e-10	2.95489e-10	1.0913e-10	4.24008e-11	1.7191e-11	7.11404e-12	2.62782e-12	8.89879e-13	2.80237e-13	8.27787e-14	2.30641e-14	6.08453e-15	1.52384e-15	3.62976e-16	8.23426e-17	1.78086e-17	3.67574e-18	7.25382e-19	1.36586e-19	2.45583e-20	4.2206e-21	6.9427e-22	1.09529e-22	1.66204e-23	2.43591e-24	3.46817e-25	4.85047e-26	6.8034e-27	9.90088e-28	1.55808e-28	2.72031e-29	5.2053e-30	1.04817e-30	2.1336e-31	4.31143e-32	9.07164e-33	2.85114e-33	
N21	0.089482	0.0919773	0.093274	0.0931431	0.0913426	0.087691	0.0821414	0.0748349	0.0661145	0.0564927	0.0465789	0.0369843	0.0282304	0.0206828	0.0145938	0.00991727	0.00649525	0.00410713	0.0025153	0.00149952	0.000866168	0.000485639	0.00026478	0.000140634	7.28768e-05	3.68898e-05	1.82559e-05	8.83789e-06	4.18873e-06	1.94658e-06	8.89851e-07	4.02558e-07	1.81016e-07	8.17715e-08	3.75469e-08	1.76838e-08	8.56287e-09	4.2376e-09	2.11797e-09	9.83438e-10	4.28733e-10	1.76649e-10	6.90958e-11	2.57379e-11	9.15129e-12	3.11133e-12	1.01292e-12	3.1614e-13	9.46991e-14	2.72612e-14	7.55818e-15	2.01419e-15	5.1653e-16	1.27652e-16	3.04612e-17	7.03833e-18	1.58109e-18	3.47347e-19	7.52514e-20	1.62858e-20	3.58633e-21	8.21709e-22	1.99722e-22	5.18449e-23	1.4229e-23	4.04524e-24	1.16963e-24	3.44727e-25	1.12079e-25	5.55798e-26	
Eleocharis_gracilis	0	0	0	0	0	0	0	0	0	1	0	0	0	0	0	0	0	0	0	0	0	0	0	0	0	0	0	0	0	0	0	0	0	0	0	0	0	0	0	0	0	0	0	0	0	0	0	0	0	0	0	0	0	0	0	0	0	0	0	0	0	0	0	0	0	0	0	0	0	0	
Eleocharis_congesta	0	0	0	0	0	0	0	0	0	1	0	0	0	0	0	0	0	0	0	0	0	0	0	0	0	0	0	0	0	0	0	0	0	0	0	0	0	0	0	0	0	0	0	0	0	0	0	0	0	0	0	0	0	0	0	0	0	0	0	0	0	0	0	0	0	0	0	0	0	0	
N22	0.111181	0.112843	0.111673	0.107688	0.101057	0.0921273	0.0814226	0.0696143	0.0574514	0.0456694	0.0348968	0.025582	0.0179576	0.0120478	0.00774832	0.00477553	0.00282252	0.00160357	0.000880562	0.000472435	0.000245532	0.00012401	6.1087e-05	2.94565e-05	1.39485e-05	6.49943e-06	2.98138e-06	1.34463e-06	5.94709e-07	2.57166e-07	1.0851e-07	4.47475e-08	1.81115e-08	7.3541e-09	3.12849e-09	1.47441e-09	7.90849e-10	4.67116e-10	2.85287e-10	1.41371e-10	6.20796e-11	2.50296e-11	9.43438e-12	3.35867e-12	1.13613e-12	3.66445e-13	1.12917e-13	3.32757e-14	9.38374e-15	2.53384e-15	6.56093e-16	1.62489e-16	3.85144e-17	8.74589e-18	1.90605e-18	3.99872e-19	8.11274e-20	1.60079e-20	3.08302e-21	5.83107e-22	1.09765e-22	2.12314e-23	4.50835e-24	1.14699e-24	3.59403e-25	1.28818e-25	4.81612e-26	1.80702e-26	7.21938e-27	4.17573e-27	
N23	2.04399e-06	1.42246e-05	0.000119655	0.000832974	0.00455484	0.0190709	0.0595759	0.135079	0.216373	0.239659	0.181956	0.0955336	0.035438	0.00953465	0.00191909	0.000296622	3.60504e-05	3.51858e-06	2.81003e-07	1.8673e-08	1.04409e-09	4.97274e-11	2.03946e-12	7.27329e-14	2.27545e-15	6.29538e-17	1.55176e-18	3.43172e-20	6.85452e-22	1.24465e-23	2.06791e-25	3.16541e-27	4.48497e-29	5.91935e-31	7.3228e-33	8.54097e-35	9.44011e-37	9.92688e-39	9.95718e-41	9.33803e-43	8.18945e-45	6.71977e-47	5.1628e-49	3.71762e-51	2.51177e-53	1.59428e-55	9.51913e-58	5.35419e-60	2.84126e-62	1.42481e-64	6.76545e-67	3.04254e-69	1.29849e-71	5.27094e-74	2.04044e-76	7.55638e-79	2.68724e-81	9.21916e-84	3.06764e-86	9.96163e-89	3.17778e-91	1.00198e-93	3.13747e-96	9.77853e-99	3.03184e-101	9.32323e-104	2.83063e-106	8.44271e-109	2.46294e-111	7.71187e-114	
Eleocharis_acicularis_f_longiseta	0	0	0	0	0	0	0	0	0	1	0	0	0	0	0	0	0	0	0	0	0	0	0	0	0	0	0	0	0	0	0	0	0	0	0	0	0	0	0	0	0	0	0	0	0	0	0	0	0	0	0	0	0	0	0	0	0	0	0	0	0	0	0	0	0	0	0	0	0	0	
Eleocharis_acicularis	0	0	0	0	0	0	0	0	0	1	0	0	0	0	0	0	0	0	0	0	0	0	0	0	0	0	0	0	0	0	0	0	0	0	0	0	0	0	0	0	0	0	0	0	0	0	0	0	0	0	0	0	0	0	0	0	0	0	0	0	0	0	0	0	0	0	0	0	0	0	
N24	0.0501229	0.0558641	0.0651862	0.0771604	0.0898762	0.100573	0.106301	0.10493	0.0960237	0.0810759	0.062961	0.0448726	0.029304	0.0175104	0.00960847	0.00484352	0.00224509	0.000958483	0.000377823	0.000138	4.65685e-05	1.4543e-05	4.21056e-06	1.13234e-06	2.8341e-07	6.61486e-08	1.44272e-08	2.94671e-09	5.65e-10	1.02004e-10	1.741e-11	2.82644e-12	4.38115e-13	6.53472e-14	9.45849e-15	1.33848e-15	1.85999e-16	2.53776e-17	3.38415e-18	4.1619e-19	4.73531e-20	4.99812e-21	4.90572e-22	4.48691e-23	3.83131e-24	3.05935e-25	2.28805e-26	1.60504e-27	1.05757e-28	6.55517e-30	3.83077e-31	2.10937e-32	1.09622e-33	5.38698e-35	2.50912e-36	1.11112e-37	4.69761e-39	1.90716e-40	7.4945e-42	2.88268e-43	1.10105e-44	4.24261e-46	1.67037e-47	6.75064e-49	2.78464e-50	1.15734e-51	4.7747e-53	1.93124e-54	7.67407e-56	3.99721e-57	
N25	0.0262036	0.0305999	0.0387101	0.0506503	0.0657954	0.0823604	0.0974103	0.107507	0.109849	0.103395	0.0893529	0.0707342	0.0512049	0.0338457	0.0204983	0.0113791	0.00579904	0.00272352	0.00118869	0.000490394	0.000191196	7.13857e-05	2.58838e-05	9.21458e-06	3.23254e-06	1.1118e-06	3.70699e-07	1.18264e-07	3.56967e-08	1.01157e-08	2.68249e-09	6.67592e-10	1.5702e-10	3.57428e-11	8.22071e-12	2.01622e-12	5.43215e-13	1.57129e-13	4.62646e-14	1.13341e-14	2.46076e-15	4.86398e-16	8.87156e-17	1.5037e-17	2.37714e-18	3.51096e-19	4.84813e-20	6.26017e-21	7.55941e-22	8.53857e-23	9.03338e-24	8.93497e-25	8.26954e-26	7.17148e-27	5.84113e-28	4.48688e-29	3.2735e-30	2.29313e-31	1.56328e-32	1.05888e-33	7.36092e-35	5.51056e-36	4.69613e-37	4.68495e-38	5.30894e-39	6.40326e-40	7.7635e-41	9.15727e-42	1.06361e-42	1.75873e-43	
Eleocharis_montevidensis	0	0	0	0	0	0	0	0	0	1	0	0	0	0	0	0	0	0	0	0	0	0	0	0	0	0	0	0	0	0	0	0	0	0	0	0	0	0	0	0	0	0	0	0	0	0	0	0	0	0	0	0	0	0	0	0	0	0	0	0	0	0	0	0	0	0	0	0	0	0	
Eleocharis_tenuis	0	0	0	0	0	0	0	0	0	0	0	1	0	0	0	0	0	0	0	0	0	0	0	0	0	0	0	0	0	0	0	0	0	0	0	0	0	0	0	0	0	0	0	0	0	0	0	0	0	0	0	0	0	0	0	0	0	0	0	0	0	0	0	0	0	0	0	0	0	0	
N26	0.0393573	0.0460116	0.0578032	0.0739353	0.0921644	0.108621	0.118612	0.118399	0.107054	0.0871321	0.0635618	0.0414325	0.0240786	0.0124506	0.00574616	0.0023673	0.000871305	0.000287001	8.48857e-05	2.26867e-05	5.47864e-06	1.20302e-06	2.42356e-07	4.53331e-08	7.98797e-09	1.34515e-09	2.18665e-10	3.43764e-11	5.19183e-12	7.44606e-13	1.00231e-13	1.25679e-14	1.45982e-15	1.57927e-16	1.62258e-17	1.64981e-18	1.76111e-19	2.05619e-20	2.57964e-21	2.72216e-22	2.56065e-23	2.2018e-24	1.75042e-25	1.2923e-26	8.86803e-28	5.65249e-29	3.343e-30	1.83281e-31	9.31007e-33	4.38146e-34	1.91234e-35	7.73078e-37	2.89748e-38	1.008e-39	3.25982e-41	9.8199e-43	2.7636e-44	7.29548e-46	1.81484e-47	4.2917e-49	9.83984e-51	2.29521e-52	6.03016e-54	2.01339e-55	8.51843e-57	4.00642e-58	1.87177e-59	8.24308e-61	3.3879e-62	1.69454e-63	
N27	0.0400763	0.0494974	0.0667728	0.0901121	0.114616	0.132647	0.136843	0.124328	0.098774	0.068343	0.0411	0.0214664	0.00973712	0.00383585	0.00131892	0.000396704	0.000104679	2.43252e-05	5.00484e-06	9.193e-07	1.51372e-07	2.25787e-08	3.09387e-09	3.96255e-10	4.83078e-11	5.6848e-12	6.48742e-13	7.13706e-14	7.4764e-15	7.3613e-16	6.74767e-17	5.73644e-18	4.51714e-19	3.32077e-20	2.31824e-21	1.58038e-22	1.0894e-23	7.79915e-25	5.80498e-26	3.95995e-27	2.50853e-28	1.48379e-29	8.20726e-31	4.24327e-32	2.04824e-33	9.21964e-35	3.86624e-36	1.50956e-37	5.48665e-39	1.85666e-40	5.85581e-42	1.7193e-43	4.70339e-45	1.20019e-46	2.86099e-48	6.3852e-50	1.33895e-51	2.65409e-53	5.02661e-55	9.29228e-57	1.74634e-58	3.55493e-60	8.32464e-62	2.25417e-63	6.68364e-65	2.03582e-66	6.10806e-68	1.76683e-69	4.90281e-71	1.65906e-72	
Eleocharis_erythropoda	0	0	0	0	0	0	0	0	1	0	0	0	0	0	0	0	0	0	0	0	0	0	0	0	0	0	0	0	0	0	0	0	0	0	0	0	0	0	0	0	0	0	0	0	0	0	0	0	0	0	0	0	0	0	0	0	0	0	0	0	0	0	0	0	0	0	0	0	0	0	
Eleocharis_palustris	0	0	0	0	1	0	0	0	0	0	0	0	0	0	0	0	0	0	0	0	0	0	0	0	0	0	0	0	0	0	0	0	0	0	0	0	0	0	0	0	0	0	0	0	0	0	0	0	0	0	0	0	0	0	0	0	0	0	0	0	0	0	0	0	0	0	0	0	0	0	
N28	0.0195564	0.0246463	0.03502	0.0516058	0.0740409	0.0993144	0.121449	0.133273	0.129897	0.111686	0.0843206	0.055722	0.0321575	0.0161743	0.00711175	0.00273463	0.000921445	0.000273603	7.26387e-05	1.78641e-05	4.08835e-06	8.95201e-07	1.92084e-07	4.07039e-08	8.4111e-09	1.65428e-09	3.02399e-10	5.04951e-11	7.62139e-12	1.03402e-12	1.25871e-13	1.37827e-14	1.3655e-15	1.25618e-16	1.14796e-17	1.17518e-18	1.46044e-19	2.05293e-20	2.87881e-21	2.91989e-22	2.4929e-23	1.88491e-24	1.29011e-25	8.06986e-27	4.62959e-28	2.43742e-29	1.17707e-30	5.20968e-32	2.11194e-33	7.83992e-35	2.66725e-36	8.30469e-38	2.36852e-39	6.1968e-41	1.49153e-42	3.32282e-44	6.9388e-46	1.38887e-47	2.72863e-49	5.41614e-51	1.11756e-52	2.4597e-54	5.98945e-56	1.71436e-57	5.9931e-59	2.42243e-60	1.01912e-61	4.13463e-63	1.57416e-64	7.17317e-66	
N29	0.00145361	0.00255295	0.00446216	0.006442	0.00745013	0.00698103	0.00594079	0.00712487	0.0156992	0.0388807	0.0812767	0.135381	0.177871	0.183845	0.149918	0.0965311	0.049232	0.0200318	0.00660139	0.00181225	0.000415431	8.09671e-05	1.35991e-05	1.97977e-06	2.49564e-07	2.71315e-08	2.5354e-09	2.03487e-10	1.40556e-11	8.39852e-13	4.37991e-14	2.02448e-15	8.47812e-17	3.33782e-18	1.29323e-19	5.1038e-21	2.05141e-22	8.14135e-24	3.07626e-25	9.58565e-27	2.58075e-28	6.1412e-30	1.30846e-31	2.51633e-33	4.39131e-35	6.97984e-37	1.01319e-38	1.34595e-40	1.63919e-42	1.83322e-44	1.88682e-46	1.78766e-48	1.56264e-50	1.26423e-52	9.51304e-55	6.71122e-57	4.49559e-59	2.91176e-61	1.86106e-63	1.20065e-65	7.99039e-68	5.59189e-70	4.18254e-72	3.37466e-74	2.91964e-76	2.64541e-78	2.43153e-80	2.20374e-82	1.9326e-84	1.87229e-86	
Eleocharis_acuta	0	0	0	0	0	0	0	0	0	1	0	0	0	0	0	0	0	0	0	0	0	0	0	0	0	0	0	0	0	0	0	0	0	0	0	0	0	0	0	0	0	0	0	0	0	0	0	0	0	0	0	0	0	0	0	0	0	0	0	0	0	0	0	0	0	0	0	0	0	0	
Eleocharis_pallens	0	0	0	0	0	0	0	0	0	0	0	0	0	0	0	0	0	0	0	1	0	0	0	0	0	0	0	0	0	0	0	0	0	0	0	0	0	0	0	0	0	0	0	0	0	0	0	0	0	0	0	0	0	0	0	0	0	0	0	0	0	0	0	0	0	0	0	0	0	0	
N30	0.0249486	0.0318711	0.0459815	0.0679971	0.0958697	0.123232	0.140716	0.140612	0.12188	0.0911582	0.0586524	0.0324086	0.0153644	0.00624456	0.00218488	0.000659031	0.000171731	3.87738e-05	7.61777e-06	1.31121e-06	1.99134e-07	2.70424e-08	3.35642e-09	3.94153e-10	4.58431e-11	5.49129e-12	6.80951e-13	8.46646e-14	1.01053e-14	1.11957e-15	1.12876e-16	1.02624e-17	8.36129e-19	6.10603e-20	4.01736e-21	2.42144e-22	1.39994e-23	8.57326e-25	6.2589e-26	4.43745e-27	3.10838e-28	2.12437e-29	1.38479e-30	8.44329e-32	4.75373e-33	2.45324e-34	1.15586e-35	4.96185e-37	1.93894e-38	6.8958e-40	2.23411e-41	6.58603e-43	1.76853e-44	4.33112e-46	9.6882e-48	1.9836e-49	3.72897e-51	6.4676e-53	1.04235e-54	1.58117e-56	2.31801e-58	3.50023e-60	6.34774e-62	1.70828e-63	6.66811e-65	2.9724e-66	1.2901e-67	5.13559e-69	1.85169e-70	7.69775e-72	
Eleocharis_cylindrostachys	0	0	0	0	0	0	0	0	0	1	0	0	0	0	0	0	0	0	0	0	0	0	0	0	0	0	0	0	0	0	0	0	0	0	0	0	0	0	0	0	0	0	0	0	0	0	0	0	0	0	0	0	0	0	0	0	0	0	0	0	0	0	0	0	0	0	0	0	0	0	
N31	0.0540908	0.0679739	0.0938446	0.127063	0.154846	0.161328	0.139875	0.0996684	0.0581026	0.0277085	0.0108353	0.00348735	0.000927782	0.000204812	3.78199e-05	5.8731e-06	7.71201e-07	8.61162e-08	8.22978e-09	6.78924e-10	4.87791e-11	3.10629e-12	1.81048e-13	1.01962e-14	5.92795e-16	3.67947e-17	2.36523e-18	1.48152e-19	8.6207e-21	4.54322e-22	2.1457e-23	9.0594e-25	3.41505e-26	1.1535e-27	3.52047e-29	9.91004e-31	2.70353e-32	7.86386e-34	2.69715e-35	9.24544e-37	3.15578e-38	1.04606e-39	3.28144e-41	9.56818e-43	2.56668e-44	6.30059e-46	1.4118e-47	2.88485e-49	5.375e-51	9.13517e-53	1.41798e-54	2.00887e-56	2.60067e-58	3.08037e-60	3.34261e-62	3.32851e-64	3.04882e-66	2.57925e-68	2.03081e-70	1.51628e-72	1.12816e-74	9.44664e-77	1.07281e-78	1.72997e-80	3.35128e-82	6.67921e-84	1.27518e-85	2.26958e-87	3.73639e-89	6.8014e-91	
Eleocharis_obtusa	0	0	0	0	1	0	0	0	0	0	0	0	0	0	0	0	0	0	0	0	0	0	0	0	0	0	0	0	0	0	0	0	0	0	0	0	0	0	0	0	0	0	0	0	0	0	0	0	0	0	0	0	0	0	0	0	0	0	0	0	0	0	0	0	0	0	0	0	0	0	
Eleocharis_engelmannii	0	0	0	0	1	0	0	0	0	0	0	0	0	0	0	0	0	0	0	0	0	0	0	0	0	0	0	0	0	0	0	0	0	0	0	0	0	0	0	0	0	0	0	0	0	0	0	0	0	0	0	0	0	0	0	0	0	0	0	0	0	0	0	0	0	0	0	0	0	0	
N32	0.0658933	0.0681097	0.0698807	0.0711105	0.0716778	0.0714517	0.0703107	0.0681644	0.0649748	0.0607723	0.0556647	0.0498353	0.0435291	0.0370291	0.0307673	0.0249506	0.0197471	0.0152698	0.0115696	0.0086373	0.00631101	0.00451891	0.00317602	0.00219516	0.00149508	0.00100538	0.000668639	0.000440325	0.000287346	0.00018595	0.000119529	7.66601e-05	4.93015e-05	3.23241e-05	2.21327e-05	1.62109e-05	1.28199e-05	1.07957e-05	9.40564e-06	7.27242e-06	5.17814e-06	3.45848e-06	2.19008e-06	1.32388e-06	7.67416e-07	4.2791e-07	2.30008e-07	1.19356e-07	5.98604e-08	2.90459e-08	1.36552e-08	6.20072e-09	2.72105e-09	1.15478e-09	4.74516e-10	1.89148e-10	7.33457e-11	2.7775e-11	1.03219e-11	3.80185e-12	1.41608e-12	5.53068e-13	2.38026e-13	1.1716e-13	6.5502e-14	3.99139e-14	2.55997e-14	1.72985e-14	1.30524e-14	1.26137e-14	
N33	0.0467029	0.0486586	0.0507042	0.0527796	0.054788	0.0565997	0.0580599	0.0590015	0.0592612	0.0586999	0.0572219	0.054792	0.0514459	0.0472911	0.0426882	0.0378031	0.0328235	0.027939	0.0233223	0.0191131	0.0153235	0.0120182	0.0092224	0.00692657	0.00509431	0.0036715	0.00259517	0.00180101	0.0012288	0.000825706	0.000547802	0.000360098	0.000234596	0.00015234	9.93509e-05	6.56407e-05	4.42963e-05	3.06864e-05	2.18173e-05	1.4986e-05	9.94153e-06	6.37116e-06	3.94657e-06	2.36453e-06	1.37116e-06	7.701e-07	4.19182e-07	2.21282e-07	1.13374e-07	5.64342e-08	2.73334e-08	1.28432e-08	5.85769e-09	2.59511e-09	1.11788e-09	4.68931e-10	1.92036e-10	7.70844e-11	3.05231e-11	1.20474e-11	4.81351e-12	1.9851e-12	8.61031e-13	3.97093e-13	1.94612e-13	1.00753e-13	5.52389e-14	3.29965e-14	2.30675e-14	2.1117e-14	
N34	0.0389062	0.0406098	0.0424725	0.0444587	0.0465056	0.0485233	0.0503982	0.0519982	0.0531817	0.0538093	0.0537576	0.0529333	0.0512863	0.0488187	0.0457898	0.0422763	0.0383942	0.0342882	0.0301175	0.0260406	0.0220937	0.0183921	0.0150237	0.0120451	0.00948268	0.00733514	0.00557961	0.00417798	0.00308353	0.00224666	0.00161928	0.00115786	0.000821034	0.000580627	0.000413282	0.000300233	0.00022668	0.000181057	0.000154354	0.00012751	0.000102245	7.97598e-05	6.06655e-05	4.50767e-05	3.27687e-05	2.33293e-05	1.62756e-05	1.113e-05	7.46177e-06	4.90538e-06	3.16377e-06	1.99415e-06	1.2284e-06	7.39606e-07	4.35377e-07	2.50703e-07	1.41341e-07	7.8131e-08	4.24563e-08	2.28198e-08	1.22967e-08	6.81882e-09	4.05517e-09	2.70519e-09	2.06668e-09	1.77971e-09	1.67953e-09	1.71623e-09	1.91859e-09	2.39636e-09	
N35	0.0131429	0.0138494	0.014752	0.0158548	0.0171566	0.0186507	0.0203247	0.0221593	0.0241277	0.0261946	0.0283148	0.0304329	0.032483	0.0343892	0.0362093	0.0378743	0.0393146	0.0404654	0.0412718	0.0416946	0.0416121	0.0409996	0.0398581	0.0382156	0.0361261	0.0336659	0.0309279	0.0280146	0.0250305	0.0220753	0.0192369	0.0165875	0.0141177	0.0118828	0.00991442	0.00822249	0.00679934	0.00562412	0.00466748	0.00383923	0.00312726	0.00252019	0.00200743	0.00157903	0.00122558	0.000938008	0.000707593	0.000525969	0.000385245	0.000278138	0.000198086	0.000138702	9.55569e-05	6.48434e-05	4.34078e-05	2.87268e-05	1.88468e-05	1.23013e-05	8.02182e-06	5.25218e-06	3.47092e-06	2.32731e-06	1.59092e-06	1.11361e-06	8.01967e-07	5.98167e-07	4.67336e-07	3.89704e-07	3.56462e-07	3.68646e-07	
Actinoscirpus_grossus	0	0	0	0	0	0	0	0	0	0	0	0	0	0	0	0	0	0	0	0	0	0	0	0	0	0	0	0	0	0	0	0	0	0	0	0	0	0	0	0	1	0	0	0	0	0	0	0	0	0	0	0	0	0	0	0	0	0	0	0	0	0	0	0	0	0	0	0	0	0	
N36	0.000101254	0.000116327	0.000146281	0.000198975	0.000288491	0.000438705	0.00068859	0.00109923	0.00176159	0.00280248	0.00438433	0.00669333	0.00991254	0.0141815	0.0196272	0.0262377	0.033878	0.0422928	0.0511163	0.0598792	0.0679334	0.0745728	0.0790445	0.0806641	0.0789832	0.0739526	0.066007	0.056017	0.0451105	0.034425	0.0248766	0.0170223	0.0109836	0.00668267	0.0038344	0.00207546	0.00106019	0.00051137	0.000233051	0.000100265	4.07424e-05	1.56455e-05	5.68112e-06	1.9519e-06	6.34976e-07	1.9573e-07	5.72144e-08	1.58741e-08	4.18459e-09	1.04946e-09	2.50956e-10	5.71229e-11	1.23928e-11	2.56629e-12	5.08061e-13	9.63306e-14	1.75257e-14	3.0656e-15	5.16605e-16	8.40329e-17	1.32176e-17	2.01328e-18	2.97274e-19	4.25755e-20	5.91501e-21	7.96961e-22	1.04145e-22	1.32686e-23	1.73306e-24	3.41525e-25	
N37	9.32105e-05	0.000104767	0.00012647	0.000162918	0.000222019	0.000316397	0.000465897	0.000702874	0.00108244	0.00169829	0.00269955	0.00429598	0.00673298	0.010223	0.0149	0.0206632	0.0271736	0.0339459	0.0405464	0.0468013	0.0528645	0.0590644	0.0655486	0.0719296	0.0771744	0.0798662	0.0787539	0.0733158	0.0640433	0.0523036	0.0398708	0.0283687	0.0187778	0.0115769	0.00665947	0.0035831	0.00180938	0.000861499	0.000389151	0.000167578	6.9253e-05	2.76465e-05	1.07243e-05	4.0611e-06	1.50625e-06	5.48328e-07	1.96132e-07	6.89313e-08	2.37709e-08	8.02016e-09	2.63747e-09	8.37975e-10	2.55729e-10	7.45478e-11	2.06606e-11	5.42349e-12	1.34477e-12	3.14388e-13	6.92419e-14	1.43738e-14	2.82061e-15	5.27415e-16	9.56985e-17	1.74459e-17	3.35589e-18	7.06623e-19	1.61436e-19	3.85011e-20	9.7476e-21	3.65348e-21	
Schoenoplectus_lacustris	0	0	0	0	0	0	0	0	0	0	0	0	0	0	0	0	0	0	0	0	1	0	0	0	0	0	0	0	0	0	0	0	0	0	0	0	0	0	0	0	0	0	0	0	0	0	0	0	0	0	0	0	0	0	0	0	0	0	0	0	0	0	0	0	0	0	0	0	0	0	
Schoenoplectus_pungens	0	0	0	0	0	0	0	0	0	0	0	0	0	0	0	0	0	0	0	0	0	0	0	0	0	0	0	0	0	0	0	0	0	0	0	0	0	0	1	0	0	0	0	0	0	0	0	0	0	0	0	0	0	0	0	0	0	0	0	0	0	0	0	0	0	0	0	0	0	0	
N38	1.85792e-07	1.8568e-07	1.423e-07	7.68973e-08	2.90237e-08	7.79114e-09	1.53212e-09	2.37293e-10	4.91325e-11	1.29198e-10	2.60064e-09	5.55877e-08	9.78174e-07	1.37181e-05	0.000150203	0.00125078	0.007692	0.0337887	0.102208	0.205172	0.265095	0.217664	0.115024	0.0403161	0.00971971	0.00167064	0.000211487	2.02865e-05	1.51115e-06	8.92803e-08	4.26066e-09	1.66947e-10	5.43418e-12	1.4872e-13	3.45864e-15	6.90005e-17	1.191e-18	1.79247e-20	2.36901e-22	2.76742e-24	2.87529e-26	2.67289e-28	2.23616e-30	1.69342e-32	1.16765e-34	7.37483e-37	4.29306e-39	2.31802e-41	1.16841e-43	5.53302e-46	2.4771e-48	1.05224e-50	4.2594e-53	1.64881e-55	6.12106e-58	2.18463e-60	7.51292e-63	2.49524e-65	8.02247e-68	2.50262e-70	7.58947e-73	2.24017e-75	6.43671e-78	1.79847e-80	4.87606e-83	1.27914e-85	3.2365e-88	7.87432e-91	1.83779e-93	4.49421e-96	
Schoenoplectus_validus	0	0	0	0	0	0	0	0	0	0	0	0	0	0	0	0	0	0	0	0	1	0	0	0	0	0	0	0	0	0	0	0	0	0	0	0	0	0	0	0	0	0	0	0	0	0	0	0	0	0	0	0	0	0	0	0	0	0	0	0	0	0	0	0	0	0	0	0	0	0	
N39	1.42142e-09	1.30968e-09	7.49341e-10	2.39944e-10	4.41038e-11	4.95572e-12	3.80156e-13	2.75112e-14	3.71525e-15	7.70104e-15	4.95479e-13	4.10745e-11	2.62701e-09	1.2371e-07	4.16248e-06	9.63963e-05	0.00147012	0.0139879	0.0776842	0.232336	0.342793	0.235571	0.0798379	0.0145624	0.00154897	0.000102671	4.47502e-06	1.34003e-07	2.85822e-09	4.47611e-11	5.287e-13	4.86956e-15	3.84527e-17	3.81152e-19	7.23912e-21	1.72239e-22	3.54513e-24	5.83163e-26	7.58583e-28	7.80544e-30	6.37695e-32	4.16076e-34	2.18449e-36	9.30995e-39	3.25119e-41	9.39385e-44	2.27025e-46	4.68832e-49	9.13497e-52	2.57286e-54	1.55565e-56	1.2257e-58	8.89274e-61	5.54148e-63	2.92614e-65	1.30166e-67	4.85576e-70	1.51363e-72	3.93444e-75	8.5281e-78	1.54505e-80	2.35008e-83	3.01941e-86	3.30555e-89	3.17491e-92	3.33582e-95	8.34353e-98	4.29852e-100	2.13347e-102	9.12481e-105	
Schoenoplectus_triqueter	0	0	0	0	0	0	0	0	0	0	0	0	0	0	0	0	0	0	0	0	1	0	0	0	0	0	0	0	0	0	0	0	0	0	0	0	0	0	0	0	0	0	0	0	0	0	0	0	0	0	0	0	0	0	0	0	0	0	0	0	0	0	0	0	0	0	0	0	0	0	
Schoenoplectus_tabernaemontani	0	0	0	0	0	0	0	0	0	0	0	0	0	0	0	0	0	0	0	0	1	0	0	0	0	0	0	0	0	0	0	0	0	0	0	0	0	0	0	0	0	0	0	0	0	0	0	0	0	0	0	0	0	0	0	0	0	0	0	0	0	0	0	0	0	0	0	0	0	0	
N40	0.00881354	0.00951048	0.0105968	0.0121241	0.0141506	0.0167332	0.0199158	0.023714	0.0280977	0.0329748	0.0381784	0.0434627	0.0485118	0.0529621	0.0566773	0.0593449	0.0607127	0.0606235	0.0590393	0.0560478	0.051771	0.0465105	0.0406285	0.0345027	0.0284832	0.0228587	0.0178362	0.013535	0.00999286	0.00718216	0.00502939	0.00343546	0.0022817	0.00147453	0.000927963	0.000569243	0.000340733	0.000199244	0.000113962	6.35505e-05	3.45614e-05	1.83355e-05	9.49143e-06	4.79525e-06	2.36504e-06	1.13901e-06	5.35817e-07	2.46311e-07	1.1071e-07	4.86993e-08	2.09983e-08	8.85088e-09	3.64981e-09	1.47384e-09	5.83454e-10	2.26722e-10	8.65996e-11	3.25615e-11	1.20691e-11	4.41575e-12	1.59647e-12	5.70799e-13	2.01912e-13	7.06813e-14	2.45006e-14	8.43132e-15	2.90749e-15	1.03584e-15	4.18201e-16	2.41584e-16	
N41	0.00667097	0.00747642	0.00891961	0.011142	0.0143134	0.0185992	0.0241128	0.0308571	0.0386665	0.0471658	0.0557651	0.0637043	0.0701481	0.0743204	0.075971	0.0748304	0.0709547	0.0647211	0.0567603	0.0478427	0.0387348	0.0301183	0.0224887	0.0161245	0.0111023	0.00734133	0.00466279	0.0028453	0.0016687	0.000941098	0.000510808	0.000267196	0.000134267	6.48429e-05	3.01099e-05	1.34505e-05	5.78375e-06	2.39571e-06	9.56712e-07	3.68375e-07	1.36871e-07	4.91173e-08	1.70412e-08	5.7228e-09	1.86262e-09	5.88414e-10	1.80717e-10	5.40587e-11	1.57824e-11	4.50775e-12	1.26359e-12	3.47218e-13	9.3683e-14	2.48562e-14	6.49447e-15	1.6735e-15	4.25994e-16	1.07342e-16	2.68428e-17	6.68134e-18	1.66035e-18	4.1298e-19	1.02941e-19	2.56993e-20	6.41028e-21	1.59209e-21	3.93191e-22	9.78328e-23	2.66505e-23	1.11482e-23	
Schoenoplectiella_articulata	0	0	0	0	0	0	0	0	0	0	0	0	0	0	1	0	0	0	0	0	0	0	0	0	0	0	0	0	0	0	0	0	0	0	0	0	0	0	0	0	0	0	0	0	0	0	0	0	0	0	0	0	0	0	0	0	0	0	0	0	0	0	0	0	0	0	0	0	0	0	
Schoenoplectiella_senegalensis	0	0	0	0	0	0	0	0	0	0	0	0	0	1	0	0	0	0	0	0	0	0	0	0	0	0	0	0	0	0	0	0	0	0	0	0	0	0	0	0	0	0	0	0	0	0	0	0	0	0	0	0	0	0	0	0	0	0	0	0	0	0	0	0	0	0	0	0	0	0	
N42	9.3079e-07	1.2164e-06	1.76582e-06	2.65275e-06	4.03991e-06	6.23028e-06	9.7591e-06	1.5564e-05	2.52695e-05	4.16067e-05	6.89745e-05	0.000114207	0.000187957	0.000308194	0.000510966	0.000868427	0.0015238	0.00274402	0.00499748	0.0090623	0.0161024	0.0276021	0.0448412	0.067783	0.0937977	0.117321	0.131462	0.13121	0.116261	0.0913161	0.0635713	0.039274	0.0214776	0.0104169	0.00449225	0.00172799	0.000595151	0.000184343	5.15961e-05	1.29761e-05	2.93789e-06	5.99877e-07	1.10647e-07	1.84645e-08	2.7918e-09	3.8299e-10	4.77365e-11	5.41371e-12	5.59477e-13	5.27787e-14	4.55675e-15	3.59935e-16	2.60694e-17	1.73571e-18	1.06543e-19	6.04986e-21	3.19018e-22	1.56904e-23	7.23235e-25	3.14002e-26	1.29035e-27	5.04009e-29	1.87689e-30	6.67351e-32	2.26545e-33	7.33249e-35	2.25799e-36	6.60094e-38	1.83979e-39	6.35134e-41	
N43	1.10813e-06	1.23566e-06	1.42504e-06	1.65612e-06	1.95766e-06	2.45114e-06	3.41314e-06	5.42933e-06	9.75138e-06	1.89889e-05	3.83202e-05	7.75999e-05	0.000155183	0.000304737	0.000587707	0.00110455	0.00200207	0.00347117	0.00575879	0.00925515	0.0146984	0.0233775	0.0369639	0.0565735	0.0811987	0.106561	0.125801	0.132364	0.123526	0.102025	0.0745388	0.0482117	0.02753	0.013897	0.00621152	0.00246386	0.000870444	0.000275716	7.93813e-05	2.13709e-05	5.67198e-06	1.59196e-06	4.91404e-07	1.61376e-07	5.25743e-08	1.60875e-08	4.49284e-09	1.1317e-09	2.5632e-10	5.23111e-11	9.69383e-12	1.64921e-12	2.64698e-13	4.20554e-14	7.04704e-15	1.29692e-15	2.56892e-16	5.16147e-17	9.97645e-18	1.79764e-18	2.97316e-19	4.48278e-20	6.1501e-21	7.70507e-22	8.9601e-23	1.01584e-23	1.24596e-24	1.83437e-25	3.24876e-26	8.86121e-27	
Schoenoplectiella_juncoides	0	0	0	0	0	0	0	0	0	0	0	0	0	0	0	0	0	0	0	0	0	0	0	0	0	0	0	0	0	0	0	0	0	0	0	0	1	0	0	0	0	0	0	0	0	0	0	0	0	0	0	0	0	0	0	0	0	0	0	0	0	0	0	0	0	0	0	0	0	0	
Schoenoplectiella_hotarui	0	0	0	0	0	0	0	0	0	0	0	0	0	0	0	0	0	0	0	0	0	1	0	0	0	0	0	0	0	0	0	0	0	0	0	0	0	0	0	0	0	0	0	0	0	0	0	0	0	0	0	0	0	0	0	0	0	0	0	0	0	0	0	0	0	0	0	0	0	0	
N44	1.0087e-07	8.77875e-08	7.7757e-08	8.51726e-08	1.31132e-07	2.73852e-07	6.90987e-07	1.89557e-06	5.22057e-06	1.36621e-05	3.28258e-05	7.10413e-05	0.00013739	0.000237859	0.000375066	0.000554951	0.000812065	0.00126015	0.00218717	0.00422553	0.00859599	0.0172788	0.0327091	0.0564987	0.0872603	0.118934	0.14184	0.147198	0.132471	0.103186	0.0695177	0.0405311	0.0203873	0.00885728	0.00332892	0.00108475	0.000307422	7.61173e-05	1.65821e-05	3.21427e-06	5.64903e-07	9.2678e-08	1.47303e-08	2.33883e-09	3.72629e-10	5.81733e-11	8.60836e-12	1.17703e-12	1.46775e-13	1.66524e-14	1.72973e-15	1.65944e-16	1.49282e-17	1.28011e-18	1.06087e-19	8.55906e-21	6.71787e-22	5.09263e-23	3.68913e-24	2.52501e-25	1.61644e-26	9.60478e-28	5.27937e-29	2.69861e-30	1.3136e-31	6.43472e-33	3.42087e-34	2.02992e-35	1.28194e-36	1.07442e-37	
Schoenoplectiella_mucronata	0	0	0	0	0	0	0	0	0	0	0	0	0	0	0	0	0	0	0	0	1	0	0	0	0	0	0	0	0	0	0	0	0	0	0	0	0	0	0	0	0	0	0	0	0	0	0	0	0	0	0	0	0	0	0	0	0	0	0	0	0	0	0	0	0	0	0	0	0	0	
N45	8.62696e-09	1.02297e-08	1.37382e-08	2.07795e-08	3.55546e-08	6.9174e-08	1.52747e-07	3.72164e-07	9.40439e-07	2.30445e-06	5.2338e-06	1.08268e-05	2.05738e-05	3.71534e-05	6.73616e-05	0.000127239	0.000248543	0.000483885	0.000916271	0.00170426	0.00322891	0.00639986	0.0130238	0.0258022	0.0472699	0.0774367	0.111363	0.139249	0.150633	0.140609	0.113151	0.0785485	0.0469474	0.0242718	0.0109751	0.00445729	0.00172236	0.000694243	0.000312563	0.000152317	7.34448e-05	3.27137e-05	1.30133e-05	4.5601e-06	1.40097e-06	3.77287e-07	8.94292e-08	1.88717e-08	3.64033e-09	6.76584e-10	1.30892e-10	2.77354e-11	6.29991e-12	1.43245e-12	3.08149e-13	6.09141e-14	1.09359e-14	1.77585e-15	2.60469e-16	3.44762e-17	4.11409e-18	4.42149e-19	4.27772e-20	3.73688e-21	3.00487e-22	2.41793e-23	2.42805e-24	3.55177e-25	6.31049e-26	1.57177e-26	
Schoenoplectiella_lineolata	0	0	0	0	0	0	0	0	0	0	0	0	0	0	0	0	0	0	0	0	0	0	0	0	0	0	0	0	0	1	0	0	0	0	0	0	0	0	0	0	0	0	0	0	0	0	0	0	0	0	0	0	0	0	0	0	0	0	0	0	0	0	0	0	0	0	0	0	0	0	
Schoenoplectiella_wallichii	0	0	0	0	0	0	0	0	0	0	0	0	0	0	0	0	0	0	0	0	0	0	0	0	0	0	0	0	0	0	0	0	0	0	0	1	0	0	0	0	0	0	0	0	0	0	0	0	0	0	0	0	0	0	0	0	0	0	0	0	0	0	0	0	0	0	0	0	0	0	
N46	0.0452997	0.0471678	0.0490974	0.05104	0.0529161	0.0546188	0.0560184	0.0569723	0.0573382	0.0569889	0.0558298	0.0538135	0.0509509	0.0473148	0.0432268	0.0388161	0.0342355	0.0296472	0.0252063	0.0210487	0.0172242	0.0138102	0.0108498	0.00835381	0.00630607	0.00466984	0.00339526	0.00242628	0.00170647	0.0011833	0.000810717	0.000550357	0.000369768	0.000246792	0.000164518	0.000110484	7.57657e-05	5.40931e-05	4.10819e-05	3.05719e-05	2.22937e-05	1.59609e-05	1.12481e-05	7.8221e-06	5.37775e-06	3.65898e-06	2.46431e-06	1.64217e-06	1.08184e-06	7.03923e-07	4.52093e-07	2.85204e-07	1.76581e-07	1.07222e-07	6.38202e-08	3.7226e-08	2.12778e-08	1.1918e-08	6.5398e-09	3.51834e-09	1.86143e-09	9.77567e-10	5.2318e-10	3.04083e-10	2.13401e-10	1.94044e-10	2.17739e-10	2.75391e-10	3.75806e-10	5.52403e-10	
N47	0.0241257	0.0253645	0.0269002	0.0287269	0.0308197	0.0331331	0.035599	0.0381267	0.0406054	0.042908	0.0448989	0.0464428	0.0474159	0.0477169	0.0474812	0.0466705	0.0452798	0.0433388	0.0409091	0.0380792	0.0348841	0.0314435	0.0278824	0.0243223	0.0208726	0.0176244	0.0146467	0.0119852	0.00966262	0.00768166	0.00602853	0.00467737	0.00357779	0.00270215	0.00201877	0.0014952	0.00110063	0.000807452	0.000592043	0.000430203	0.000309728	0.00022086	0.000155915	0.000108909	7.52365e-05	5.1378e-05	3.46704e-05	2.31149e-05	1.52266e-05	9.91447e-06	6.38653e-06	4.05596e-06	2.54105e-06	1.57191e-06	9.61409e-07	5.82416e-07	3.5027e-07	2.09722e-07	1.25425e-07	7.51975e-08	4.53687e-08	2.76477e-08	1.70801e-08	1.07397e-08	6.91266e-09	4.59911e-09	3.21729e-09	2.4323e-09	2.06288e-09	2.03948e-09	
Schoenoplectus_litoralis	0	0	0	0	0	0	0	0	0	0	0	0	0	0	0	0	0	0	0	1	0	0	0	0	0	0	0	0	0	0	0	0	0	0	0	0	0	0	0	0	0	0	0	0	0	0	0	0	0	0	0	0	0	0	0	0	0	0	0	0	0	0	0	0	0	0	0	0	0	0	
N48	8.05208e-06	1.10518e-05	1.71222e-05	2.63101e-05	3.931e-05	6.12574e-05	0.000106584	0.000198307	0.000354481	0.000565306	0.000783086	0.00095064	0.00106068	0.00119362	0.00149519	0.00211859	0.0033248	0.0059146	0.0119542	0.0251326	0.0493827	0.0851433	0.125273	0.155524	0.162184	0.141835	0.10403	0.064106	0.0333415	0.0147934	0.00574228	0.00206179	0.000749352	0.000299803	0.000130013	5.58628e-05	2.20871e-05	7.75535e-06	2.38758e-06	6.40225e-07	1.49482e-07	3.04201e-08	5.40396e-09	8.39497e-10	1.14274e-10	1.36597e-11	1.4373e-12	1.33476e-13	1.09717e-14	8.00856e-16	5.21271e-17	3.02869e-18	1.57614e-19	7.37352e-21	3.11305e-22	1.19088e-23	4.14454e-25	1.31745e-26	3.83978e-28	1.0298e-29	2.54977e-31	5.84518e-33	1.24367e-34	2.46083e-36	4.53539e-38	7.79531e-40	1.25072e-41	1.87505e-43	2.64188e-45	4.3514e-47	
Bolboschoenus_maritimus	0	0	0	0	0	0	0	0	0	0	0	0	0	0	0	0	0	0	0	1	0	0	0	0	0	0	0	0	0	0	0	0	0	0	0	0	0	0	0	0	0	0	0	0	0	0	0	0	0	0	0	0	0	0	0	0	0	0	0	0	0	0	0	0	0	0	0	0	0	0	
N49	5.87346e-06	8.64881e-06	1.44943e-05	2.39553e-05	3.84003e-05	6.38216e-05	0.000115731	0.000217563	0.000384546	0.000598759	0.000802466	0.000935713	0.00100154	0.00109623	0.00136591	0.00192155	0.00289827	0.0048399	0.00945569	0.0202516	0.0417272	0.0759339	0.117622	0.152933	0.16602	0.15018	0.113182	0.0711683	0.0374964	0.0167323	0.00649944	0.00234766	0.000888425	0.000401424	0.000225774	0.000155761	0.000125783	0.000106609	8.55899e-05	6.01501e-05	3.62571e-05	1.85924e-05	8.10008e-06	3.01105e-06	9.68649e-07	2.80031e-07	7.91086e-08	2.45556e-08	8.71654e-09	3.23453e-09	1.12907e-09	3.49631e-10	9.41385e-11	2.18896e-11	4.38986e-12	7.59895e-13	1.13726e-13	1.47435e-14	1.65822e-15	1.62172e-16	1.38272e-17	1.03072e-18	6.73709e-20	3.8732e-21	1.96495e-22	8.85351e-24	3.89469e-25	4.80396e-26	2.56291e-26	1.76477e-26	
Bolboschoenus_fluviatilis	0	0	0	0	0	0	0	0	0	0	0	0	0	0	0	0	0	0	0	0	0	0	0	0	0	0	0	0	0	0	0	0	0	0	0	0	0	0	0	0	0	0	0	0	0	0	1	0	0	0	0	0	0	0	0	0	0	0	0	0	0	0	0	0	0	0	0	0	0	0	
Bolboschoenus_planiculmis	0	0	0	0	0	0	0	0	0	0	0	0	0	0	0	0	0	0	0	0	0	0	0	0	0	0	0	1	0	0	0	0	0	0	0	0	0	0	0	0	0	0	0	0	0	0	0	0	0	0	0	0	0	0	0	0	0	0	0	0	0	0	0	0	0	0	0	0	0	0	
N50	0.000211118	0.000256796	0.000354045	0.000531739	0.000840429	0.00136342	0.00223175	0.0036405	0.00585988	0.00922897	0.0141174	0.0208424	0.0295438	0.0400384	0.0519109	0.0641958	0.0755657	0.0845491	0.0898411	0.0906146	0.0866024	0.078408	0.0672425	0.054625	0.0420397	0.0306584	0.0211938	0.0138941	0.00864301	0.0051055	0.00286677	0.00153247	0.000777679	0.000374963	0.000171931	7.50459e-05	3.12149e-05	1.23864e-05	4.69451e-06	1.69579e-06	5.84183e-07	1.92038e-07	6.02782e-08	1.80778e-08	5.18362e-09	1.42212e-09	3.7358e-10	9.4047e-11	2.27113e-11	5.26748e-12	1.17573e-12	2.52092e-13	5.19813e-14	1.03203e-14	1.97539e-15	3.65002e-16	6.51928e-17	1.12702e-17	1.88807e-18	3.06856e-19	4.84263e-20	7.42609e-21	1.10706e-21	1.60475e-22	2.26208e-23	3.10175e-24	4.14595e-25	5.46299e-26	7.51805e-27	1.51552e-27	
Fuirena_umbellata	0	0	0	0	0	0	0	0	0	0	0	0	0	0	0	0	0	0	0	0	0	0	0	0	0	1	0	0	0	0	0	0	0	0	0	0	0	0	0	0	0	0	0	0	0	0	0	0	0	0	0	0	0	0	0	0	0	0	0	0	0	0	0	0	0	0	0	0	0	0	
N51	4.80706e-05	5.80017e-05	7.98703e-05	0.000123832	0.000213523	0.000400884	0.000792733	0.00159166	0.00314675	0.00599438	0.0108489	0.0184885	0.0294974	0.0438875	0.0609586	0.0788334	0.0947498	0.105703	0.109359	0.104859	0.0931365	0.0766121	0.0583585	0.0411684	0.0268998	0.0162848	0.00913777	0.00475496	0.00229612	0.00102984	0.000429561	0.000166972	6.03418e-05	2.0295e-05	6.35984e-06	1.85927e-06	5.0782e-07	1.29806e-07	3.11168e-08	7.00678e-09	1.48565e-09	2.97455e-10	5.64245e-11	1.01799e-11	1.75469e-12	2.90446e-13	4.64289e-14	7.21005e-15	1.09396e-15	1.62989e-16	2.39471e-17	3.46419e-18	4.92761e-19	6.86995e-20	9.34553e-21	1.23433e-21	1.57536e-22	1.93532e-23	2.28261e-24	2.58351e-25	2.8139e-26	2.97305e-27	3.09442e-28	3.24638e-29	3.51708e-30	3.9826e-31	4.6684e-32	5.53572e-33	6.69503e-34	1.18219e-34	
Fuirena_simplex	0	0	0	0	0	0	0	0	0	0	0	0	0	0	1	0	0	0	0	0	0	0	0	0	0	0	0	0	0	0	0	0	0	0	0	0	0	0	0	0	0	0	0	0	0	0	0	0	0	0	0	0	0	0	0	0	0	0	0	0	0	0	0	0	0	0	0	0	0	0	
N52	2.57035e-06	2.92466e-06	3.62822e-06	4.9804e-06	7.63839e-06	1.28164e-05	2.28895e-05	4.4301e-05	9.8904e-05	0.000258633	0.000730549	0.00202158	0.00516944	0.0118973	0.0244496	0.0445852	0.0719055	0.102347	0.128379	0.141767	0.137715	0.117646	0.0883847	0.0584191	0.0339977	0.0174412	0.00790031	0.00316651	0.00112615	0.000356668	0.000101089	2.58193e-05	5.96745e-06	1.25877e-06	2.44736e-07	4.43174e-08	7.54759e-09	1.21824e-09	1.87294e-10	2.73108e-11	3.77121e-12	4.9267e-13	6.09549e-14	7.16633e-15	8.04603e-16	8.67029e-17	8.99513e-18	8.98386e-19	8.60854e-20	7.87066e-21	6.82873e-22	5.57875e-23	4.27334e-24	3.06004e-25	2.04462e-26	1.27365e-27	7.39732e-29	4.01025e-30	2.03478e-31	9.7162e-33	4.41224e-34	1.94122e-35	8.51482e-37	3.85107e-38	1.8366e-39	9.18952e-41	4.68853e-42	2.36062e-43	1.15758e-44	7.41581e-46	
Fuirena_ciliaris	0	0	0	0	0	0	0	0	0	0	0	0	0	0	0	0	0	0	1	0	0	0	0	0	0	0	0	0	0	0	0	0	0	0	0	0	0	0	0	0	0	0	0	0	0	0	0	0	0	0	0	0	0	0	0	0	0	0	0	0	0	0	0	0	0	0	0	0	0	0	
N53	3.11681e-08	5.56746e-08	1.10767e-07	1.85676e-07	2.33554e-07	2.12798e-07	1.40306e-07	6.79081e-08	2.49023e-08	7.98465e-09	5.15727e-09	2.52993e-08	3.12759e-07	3.7347e-06	3.67531e-05	0.000289281	0.00178989	0.00855399	0.0309769	0.0832892	0.162874	0.227313	0.223282	0.153567	0.0743765	0.0257388	0.00649126	0.00121953	0.000174584	1.94903e-05	1.73923e-06	1.27689e-07	7.95151e-09	4.35643e-10	2.17238e-11	1.00575e-12	4.32067e-14	1.69722e-15	5.99456e-17	1.8802e-18	5.21303e-20	1.27979e-21	2.80279e-23	5.55253e-25	1.01669e-26	1.76998e-28	3.01357e-30	5.09638e-32	8.51441e-34	1.37639e-35	2.10388e-37	2.98275e-39	3.8813e-41	4.61066e-43	4.98902e-45	4.91557e-47	4.41307e-49	3.61537e-51	2.70929e-53	1.86517e-55	1.18987e-57	7.16398e-60	4.22215e-62	2.58272e-64	1.73599e-66	1.29014e-68	1.00722e-70	7.7736e-73	5.70634e-75	4.47174e-77	
Fuirena_breviseta	0	0	0	0	0	0	0	0	0	0	0	0	0	0	0	0	0	0	0	0	0	0	1	0	0	0	0	0	0	0	0	0	0	0	0	0	0	0	0	0	0	0	0	0	0	0	0	0	0	0	0	0	0	0	0	0	0	0	0	0	0	0	0	0	0	0	0	0	0	0	
N54	3.68461e-13	5.51212e-12	5.41421e-11	1.79071e-10	7.50941e-11	1.02259e-11	6.89994e-13	3.15343e-14	1.21759e-15	4.04843e-17	1.07247e-18	5.33517e-20	3.29437e-18	1.10292e-15	2.84447e-13	5.38851e-11	7.25243e-09	6.6517e-07	3.93547e-05	0.001392	0.0262792	0.219486	0.562379	0.173326	0.0163956	0.000686765	1.53744e-05	2.06119e-07	1.78635e-09	1.05773e-11	4.46605e-14	1.39629e-16	3.37817e-19	6.98188e-22	1.56973e-24	4.83466e-27	1.73389e-29	5.67274e-32	1.54556e-34	3.44134e-37	6.26158e-40	9.34853e-43	1.15113e-45	1.17544e-48	1.00107e-51	7.1548e-55	4.32449e-58	2.24195e-61	1.04104e-64	5.02046e-68	3.37431e-71	3.3215e-74	3.60712e-77	3.62194e-80	3.19677e-83	2.45101e-86	1.62763e-89	9.35265e-93	4.64916e-96	1.99978e-99	7.44984e-103	2.40865e-106	6.79698e-110	1.70767e-113	4.11965e-117	1.1831e-120	5.02617e-124	2.70576e-127	1.43747e-130	7.04102e-134	
Fuirena_pumila	0	0	0	0	0	0	0	0	0	0	0	0	0	0	0	0	0	0	0	0	0	0	1	0	0	0	0	0	0	0	0	0	0	0	0	0	0	0	0	0	0	0	0	0	0	0	0	0	0	0	0	0	0	0	0	0	0	0	0	0	0	0	0	0	0	0	0	0	0	0	
Fuirena_scirpoidea	0	0	0	0	0	0	0	0	0	0	0	0	0	0	0	0	0	0	0	0	0	0	1	0	0	0	0	0	0	0	0	0	0	0	0	0	0	0	0	0	0	0	0	0	0	0	0	0	0	0	0	0	0	0	0	0	0	0	0	0	0	0	0	0	0	0	0	0	0	0	
N55	0.0170592	0.0181565	0.0197043	0.0217172	0.0241926	0.0271035	0.0303914	0.0339608	0.0376767	0.0413669	0.0448299	0.0478485	0.0502082	0.0517179	0.0524552	0.0523336	0.051325	0.0494624	0.0468372	0.0435887	0.0397731	0.0355761	0.031192	0.0268069	0.0225845	0.0186566	0.015117	0.0120211	0.00938853	0.00720917	0.00545042	0.00406497	0.00298377	0.00215987	0.00154544	0.00109581	0.000771966	0.000541546	0.000378962	0.000260637	0.000175902	0.000116321	7.52724e-05	4.76121e-05	2.94111e-05	1.77306e-05	1.04271e-05	5.98067e-06	3.3462e-06	1.82738e-06	9.75275e-07	5.07128e-07	2.57127e-07	1.27265e-07	6.15829e-08	2.91929e-08	1.35917e-08	6.23477e-09	2.82819e-09	1.27384e-09	5.72051e-10	2.57086e-10	1.15945e-10	5.25665e-11	2.39945e-11	1.10713e-11	5.23162e-12	2.62585e-12	1.52331e-12	1.18142e-12	
N56	0.0104545	0.0111844	0.0122602	0.0137115	0.0155656	0.0178415	0.0205438	0.0236541	0.0271245	0.0308706	0.0347691	0.0386581	0.0423441	0.0456131	0.0484521	0.0506817	0.0521475	0.0527362	0.0523893	0.0511102	0.0488735	0.0457907	0.0420244	0.0377719	0.0332464	0.0286574	0.0241936	0.0200099	0.0162199	0.0128936	0.0100601	0.00771401	0.00579581	0.00427289	0.00309704	0.00221286	0.0015643	0.00109928	0.000772415	0.000535931	0.000367195	0.00024842	0.000165926	0.000109393	7.11701e-05	4.56772e-05	2.89097e-05	1.80377e-05	1.10913e-05	6.72061e-06	4.0138e-06	2.35281e-06	1.35302e-06	7.63073e-07	4.22026e-07	2.28965e-07	1.21986e-07	6.39638e-08	3.31451e-08	1.70931e-08	8.8676e-09	4.6937e-09	2.57332e-09	1.4782e-09	8.9367e-10	5.6835e-10	3.81485e-10	2.75664e-10	2.25195e-10	2.24592e-10	
N57	0.00272563	0.00296336	0.00333689	0.00384921	0.00449979	0.00528457	0.00619702	0.00723052	0.00838151	0.00965244	0.0110531	0.0125993	0.014309	0.0161957	0.0183387	0.0207529	0.0234458	0.0264196	0.0296733	0.0331997	0.0369348	0.0408041	0.0446775	0.0483571	0.0515797	0.0540402	0.0554356	0.0555203	0.0541596	0.0513665	0.0473097	0.0422907	0.0365297	0.0304905	0.0245978	0.019188	0.0144828	0.0105865	0.00750269	0.0051449	0.00341556	0.00219647	0.00136909	0.000827687	0.000485636	0.000276736	0.000153264	8.25598e-05	4.32947e-05	2.21269e-05	1.10389e-05	5.36105e-06	2.53667e-06	1.17057e-06	5.27394e-07	2.32289e-07	1.00155e-07	4.23342e-08	1.75662e-08	7.16432e-09	2.8748e-09	1.13568e-09	4.41827e-10	1.69315e-10	6.39632e-11	2.3896e-11	8.91936e-12	3.4296e-12	1.48263e-12	8.96082e-13	
Scirpoides_holoschoenus	0	0	0	0	0	0	0	0	0	0	0	0	0	0	0	0	0	0	0	0	1	0	0	0	0	0	0	0	0	0	0	0	0	0	0	0	0	0	0	0	0	0	0	0	0	0	0	0	0	0	0	0	0	0	0	0	0	0	0	0	0	0	0	0	0	0	0	0	0	0	
Scirpoides_holoschoenus_subsp_thunbergii	0	0	0	0	0	0	0	0	0	0	0	0	0	0	0	0	0	0	0	0	0	0	0	0	0	0	0	0	0	0	0	0	0	0	0	0	0	0	0	0	0	1	0	0	0	0	0	0	0	0	0	0	0	0	0	0	0	0	0	0	0	0	0	0	0	0	0	0	0	0	
N58	0.000904998	0.00104297	0.00130918	0.00174941	0.00243101	0.00344292	0.00489171	0.0068917	0.00954809	0.0129345	0.017069	0.021894	0.0272676	0.0329676	0.0388679	0.0447028	0.0501921	0.055062	0.059062	0.0619779	0.0635725	0.0637203	0.0623651	0.0595315	0.0553356	0.04999	0.0437984	0.0371335	0.0303992	0.0239816	0.0182003	0.0132714	0.00924726	0.00614936	0.00389895	0.00235551	0.00135555	0.000743123	0.00038826	0.000192776	9.09527e-05	4.0778e-05	1.7376e-05	7.03865e-06	2.7113e-06	9.93504e-07	3.46454e-07	1.1503e-07	3.63849e-08	1.09738e-08	3.16136e-09	8.67838e-10	2.27194e-10	5.67787e-11	1.35632e-11	3.10183e-12	6.80451e-13	1.43506e-13	2.9167e-14	5.72684e-15	1.08861e-15	2.0064e-16	3.58777e-17	6.22195e-18	1.04509e-18	1.69707e-19	2.66115e-20	4.05336e-21	6.34132e-22	1.48578e-22	
N59	0.000672802	0.000771037	0.000960324	0.00127623	0.00177384	0.00253092	0.00364915	0.00525135	0.00747233	0.010442	0.0142611	0.0189722	0.0245312	0.0307863	0.0376205	0.0447232	0.0516978	0.0580941	0.0634504	0.0673427	0.0694133	0.0694522	0.0674119	0.0634214	0.0577781	0.0509161	0.0433537	0.0356287	0.0282313	0.0215497	0.0158362	0.0112004	0.00758835	0.00492159	0.00305419	0.00181298	0.0010294	0.000559254	0.000290967	0.000144999	6.93145e-05	3.1859e-05	1.41287e-05	6.07585e-06	2.5511e-06	1.055e-06	4.34014e-07	1.79334e-07	7.49581e-08	3.17856e-08	1.36562e-08	5.89076e-09	2.53427e-09	1.08098e-09	4.55194e-10	1.88722e-10	7.6922e-11	3.08006e-11	1.21127e-11	4.68069e-12	1.78135e-12	6.71828e-13	2.54561e-13	9.92712e-14	4.10934e-14	1.84738e-14	9.0433e-15	4.83129e-15	2.99154e-15	2.56153e-15	
Cyperus_fuscus	0	0	0	0	0	0	0	0	0	0	0	0	0	0	0	0	0	0	0	0	0	0	0	1	0	0	0	0	0	0	0	0	0	0	0	0	0	0	0	0	0	0	0	0	0	0	0	0	0	0	0	0	0	0	0	0	0	0	0	0	0	0	0	0	0	0	0	0	0	0	
Cyperus_eragrostis	0	0	0	0	0	0	0	0	0	0	0	0	0	0	0	0	0	0	0	0	1	0	0	0	0	0	0	0	0	0	0	0	0	0	0	0	0	0	0	0	0	0	0	0	0	0	0	0	0	0	0	0	0	0	0	0	0	0	0	0	0	0	0	0	0	0	0	0	0	0	
N60	0.000903391	0.00104957	0.0013305	0.00179286	0.00250622	0.00356141	0.0050641	0.00712087	0.00981765	0.0131942	0.0172215	0.0217913	0.0267225	0.0317831	0.0368721	0.0417905	0.0463554	0.0504024	0.0537852	0.0563753	0.0580594	0.0587558	0.0584089	0.0569891	0.0544946	0.050962	0.0464843	0.0412287	0.0354428	0.02944	0.0235632	0.018135	0.0133428	0.00937168	0.00627875	0.00401259	0.002449	0.00143149	0.000805492	0.000437367	0.00023045	0.000118546	5.98828e-05	2.98484e-05	1.47301e-05	7.20916e-06	3.49903e-06	1.68113e-06	7.9662e-07	3.70372e-07	1.67967e-07	7.35266e-08	3.08579e-08	1.23406e-08	4.67868e-09	1.67476e-09	5.64273e-10	1.78548e-10	5.29765e-11	1.47269e-11	3.8363e-12	9.38743e-13	2.17707e-13	4.91258e-14	1.14815e-14	3.05776e-15	9.73053e-16	3.5027e-16	1.39099e-16	7.95269e-17	
N61	4.59036e-09	4.14358e-09	8.72822e-09	5.00204e-08	4.09086e-07	3.30087e-06	2.34745e-05	0.000141638	0.000712816	0.00296081	0.0100677	0.0278298	0.0621633	0.111645	0.16135	0.186988	0.173495	0.128892	0.0767928	0.0367982	0.014236	0.00446799	0.00114389	0.000240316	4.16861e-05	6.0083e-06	7.24122e-07	7.34317e-08	6.30412e-09	4.60917e-10	2.88689e-11	1.5592e-12	7.28181e-14	2.95494e-15	1.04686e-16	3.2527e-18	8.90252e-20	2.15534e-21	4.63495e-23	8.92995e-25	1.88845e-26	2.67571e-27	1.39993e-27	6.83028e-28	2.8581e-28	1.02689e-28	3.18566e-29	8.61215e-30	2.05272e-30	4.37839e-31	8.50984e-32	1.53405e-32	2.61439e-33	4.28417e-34	6.84166e-35	1.07522e-35	1.67435e-36	2.59614e-37	4.02215e-38	6.24076e-39	9.70822e-40	1.51386e-40	2.3632e-41	3.6848e-42	5.72308e-43	8.8283e-44	1.34877e-44	2.03586e-45	3.0358e-46	5.01607e-47	
Cyperus_alternifolius	0	0	0	0	0	0	0	0	0	0	0	0	0	0	0	1	0	0	0	0	0	0	0	0	0	0	0	0	0	0	0	0	0	0	0	0	0	0	0	0	0	0	0	0	0	0	0	0	0	0	0	0	0	0	0	0	0	0	0	0	0	0	0	0	0	0	0	0	0	0	
N62	9.89381e-10	1.70785e-09	6.30059e-09	4.25444e-08	3.59408e-07	2.96655e-06	2.15723e-05	0.000132839	0.000680525	0.00286967	0.00988007	0.0275823	0.0620655	0.112014	0.162279	0.188066	0.174072	0.128693	0.0761151	0.0361175	0.0138019	0.00426798	0.00107383	0.000221125	3.74979e-05	5.26962e-06	6.17635e-07	6.07768e-08	5.05951e-09	3.60522e-10	2.25833e-11	1.33695e-12	8.67958e-14	7.07785e-15	6.71573e-16	6.26627e-17	5.23947e-18	3.80625e-19	2.38706e-20	1.29152e-21	6.05402e-23	2.476e-24	8.98559e-26	3.04373e-27	1.10428e-28	5.25029e-30	3.28126e-31	2.21056e-32	1.4014e-33	7.96665e-35	4.00685e-36	1.77484e-37	6.93154e-39	2.38589e-40	7.24038e-42	1.93888e-43	4.58794e-45	9.61011e-47	1.78537e-48	2.94879e-50	4.34091e-52	5.71082e-54	6.73263e-56	7.13259e-58	6.8096e-60	5.87831e-62	4.74821e-64	1.51819e-65	7.15364e-66	3.54142e-66	
Cyperus_difformis	0	0	0	0	0	0	0	0	0	0	0	0	0	0	0	1	0	0	0	0	0	0	0	0	0	0	0	0	0	0	0	0	0	0	0	0	0	0	0	0	0	0	0	0	0	0	0	0	0	0	0	0	0	0	0	0	0	0	0	0	0	0	0	0	0	0	0	0	0	0	
Cyperus_involucratus	0	0	0	0	0	0	0	0	0	0	0	0	0	0	0	1	0	0	0	0	0	0	0	0	0	0	0	0	0	0	0	0	0	0	0	0	0	0	0	0	0	0	0	0	0	0	0	0	0	0	0	0	0	0	0	0	0	0	0	0	0	0	0	0	0	0	0	0	0	0	
N63	0.000531816	0.000638644	0.00085935	0.00124642	0.00187786	0.00285306	0.00427916	0.00624622	0.00879512	0.0118891	0.0154023	0.019136	0.0228605	0.0263692	0.0295859	0.032474	0.0350682	0.0374366	0.0396375	0.0416902	0.0435596	0.0451718	0.046426	0.0472098	0.0474138	0.0469419	0.0457238	0.0437295	0.0409849	0.0375853	0.0336999	0.0295628	0.0253459	0.0213377	0.0177693	0.0147782	0.0123949	0.010561	0.0091734	0.00796467	0.00683971	0.00576518	0.0047574	0.00385336	0.00308189	0.00244799	0.00193403	0.00151223	0.00115816	0.000858081	0.000608238	0.000407317	0.000256093	0.000150505	8.24315e-05	4.19932e-05	1.98737e-05	8.73176e-06	3.56067e-06	1.34795e-06	4.74239e-07	1.55595e-07	4.81467e-08	1.45792e-08	4.778e-09	1.98834e-09	1.09323e-09	6.89214e-10	4.5044e-10	3.5363e-10	
Kyllingiella_microcephala	0	0	0	0	0	0	0	0	0	0	0	0	0	0	0	0	0	0	0	0	0	0	0	0	0	0	0	0	0	0	0	0	0	0	0	0	0	0	0	0	0	0	0	0	0	0	0	0	0	1	0	0	0	0	0	0	0	0	0	0	0	0	0	0	0	0	0	0	0	0	
N64	0.000495942	0.000605739	0.000837248	0.00124932	0.00192707	0.00297289	0.00448541	0.00652738	0.00909133	0.0120783	0.015305	0.0185446	0.0215921	0.0243282	0.0266249	0.0286037	0.0304492	0.0323357	0.0343666	0.0365466	0.0387844	0.0409322	0.0428214	0.0442958	0.0452303	0.0455366	0.0451617	0.0440853	0.0423209	0.0399216	0.0369859	0.0336589	0.0301499	0.0265872	0.0231203	0.0198869	0.0169825	0.014443	0.012248	0.010324	0.00861286	0.00707642	0.00570269	0.00449651	0.00346459	0.00260523	0.0019068	0.00135201	0.00092264	0.000601562	0.000372197	0.000216482	0.00011778	5.9717e-05	2.81425e-05	1.23064e-05	4.98911e-06	1.87504e-06	6.53871e-07	2.12089e-07	6.4326e-08	1.84481e-08	5.11944e-09	1.43496e-09	4.32147e-10	1.46929e-10	5.61071e-11	2.29123e-11	9.69408e-12	5.00703e-12	
Cyperus_cuspidatus	0	0	0	0	0	0	0	0	0	0	0	0	0	0	0	0	0	0	0	0	0	0	0	0	0	0	0	0	0	0	0	0	0	0	0	0	0	0	0	0	0	0	0	0	0	0	0	0	0	0	0	0	0	0	0	1	0	0	0	0	0	0	0	0	0	0	0	0	0	0	
N65	0.000614751	0.000774458	0.00111491	0.00171249	0.0026615	0.0040498	0.00592492	0.00826029	0.0109363	0.013749	0.0164496	0.0188045	0.0206587	0.0219814	0.0229745	0.0238572	0.0248896	0.0262991	0.0282208	0.0306672	0.0335311	0.0366176	0.0396845	0.0424835	0.0447925	0.0464341	0.0472824	0.0472641	0.0463595	0.0446052	0.0420968	0.0389856	0.0353067	0.0313067	0.0272224	0.0232525	0.0195398	0.0161663	0.0131636	0.0105289	0.00824825	0.00630548	0.00468517	0.00336994	0.0023367	0.00155506	0.000988496	0.000597112	0.000340962	0.000183125	9.21211e-05	4.3063e-05	1.86366e-05	7.44371e-06	2.73715e-06	9.24908e-07	2.86881e-07	8.16533e-08	2.13426e-08	5.13551e-09	1.14363e-09	2.3813e-10	4.72226e-11	9.17957e-12	1.8127e-12	3.73906e-13	8.10024e-14	1.82827e-14	4.37988e-15	1.38826e-15	
Cyperus_cyperoides	0	0	0	0	0	0	0	0	0	0	0	0	0	0	0	0	0	0	0	0	0	0	0	0	0	0	0	0	0	0	0	0	0	0	0	0	0	0	0	0	1	0	0	0	0	0	0	0	0	0	0	0	0	0	0	0	0	0	0	0	0	0	0	0	0	0	0	0	0	0	
N66	0.000590943	0.000777272	0.00116727	0.00185266	0.00295619	0.00459888	0.00684839	0.00965964	0.0128346	0.0160326	0.0188475	0.0209337	0.0221329	0.02254	0.0225836	0.0227257	0.0234042	0.0248987	0.0272625	0.0303339	0.0338068	0.0373269	0.0405743	0.0433116	0.045392	0.0467384	0.0473124	0.0470942	0.0460796	0.0442912	0.0417946	0.0387119	0.0350628	0.0310701	0.0269479	0.0228832	0.0190233	0.0154718	0.0122932	0.00952095	0.00716625	0.00522352	0.0036727	0.0024804	0.00160187	0.000984564	0.000573066	0.000314238	0.000161487	7.73882e-05	3.44375e-05	1.41128e-05	5.30334e-06	1.82083e-06	5.69549e-07	1.61977e-07	4.18346e-08	9.8113e-09	2.09202e-09	4.06872e-10	7.26313e-11	1.20306e-11	1.88164e-12	2.85297e-13	4.36301e-14	7.18237e-15	1.39962e-15	3.42529e-16	1.04062e-16	5.00553e-17	
N67	0.000952147	0.00115142	0.00155776	0.00225189	0.00334227	0.00494735	0.00716514	0.0100355	0.0135102	0.0174499	0.0216605	0.0259628	0.0302651	0.0345994	0.0387026	0.0427387	0.0467386	0.0505438	0.0538266	0.0561802	0.0572398	0.0567966	0.0548557	0.0516322	0.0474898	0.0428463	0.0380773	0.0334484	0.0290937	0.02504	0.0212604	0.0177315	0.0145899	0.0117706	0.00927677	0.00713553	0.00536343	0.00394929	0.0028552	0.00202797	0.00141232	0.000959894	0.000632547	0.000401221	0.000243257	0.000140124	7.6312e-05	3.91439e-05	1.88588e-05	8.51777e-06	3.60393e-06	1.42337e-06	5.24498e-07	1.8031e-07	5.78549e-08	1.73472e-08	4.87253e-09	1.28794e-09	3.22982e-10	7.79098e-11	1.84772e-11	4.44383e-12	1.12423e-12	3.09202e-13	9.42201e-14	3.18278e-14	1.17517e-14	4.65793e-15	1.99581e-15	1.11185e-15	
Kyllinga_bulbosa	0	0	0	0	0	0	1	0	0	0	0	0	0	0	0	0	0	0	0	0	0	0	0	0	0	0	0	0	0	0	0	0	0	0	0	0	0	0	0	0	0	0	0	0	0	0	0	0	0	0	0	0	0	0	0	0	0	0	0	0	0	0	0	0	0	0	0	0	0	0	
Kyllinga_brevifolia	0	0	0	0	0	0	0	0	0	0	0	0	0	0	0	0	0	0	0	0	0	0	0	0	0	0	0	0	0	0	0	0	0	0	0	0	0	0	0	0	0	0	0	0	0	0	0	0	0	0	0	0	0	0	0	0	0	1	0	0	0	0	0	0	0	0	0	0	0	0	
N68	6.90642e-05	8.99643e-05	0.00013418	0.000212021	0.000337626	0.000527069	0.000795531	0.00115391	0.00160583	0.00214586	0.00275916	0.00342226	0.00410515	0.00477582	0.00543099	0.00607217	0.00673144	0.00747694	0.00840972	0.00965232	0.0113307	0.0135527	0.0163801	0.0197982	0.0236898	0.027826	0.031889	0.0355282	0.0384362	0.0404181	0.0414285	0.0415688	0.0408783	0.0396239	0.0380738	0.0364612	0.0349573	0.03366	0.0326201	0.0315599	0.0303466	0.0289024	0.0272614	0.0255783	0.0240698	0.0229001	0.0220698	0.0213737	0.0204695	0.0190309	0.0169052	0.0141247	0.0110157	0.00797805	0.00534794	0.00331114	0.00189115	0.000995671	0.000483047	0.000215927	8.89522e-05	3.37973e-05	1.18804e-05	3.91764e-06	1.286e-06	5.04739e-07	2.95266e-07	2.34304e-07	2.12749e-07	2.44974e-07	
Cyperus_capitatus	0	0	0	0	0	0	0	0	0	0	0	0	0	0	0	0	0	0	0	0	0	0	0	0	0	0	0	0	0	0	0	0	0	0	0	0	0	0	0	0	1	0	0	0	0	0	0	0	0	0	0	0	0	0	0	0	0	0	0	0	0	0	0	0	0	0	0	0	0	0	
N69	2.56241e-06	3.21586e-06	4.62827e-06	7.25486e-06	1.19051e-05	1.99339e-05	3.35368e-05	5.61623e-05	9.30091e-05	0.000151483	0.000241344	0.000374201	0.000562194	0.000816457	0.00114717	0.00156481	0.00208384	0.00272567	0.00351888	0.00449636	0.00569088	0.00713271	0.0088486	0.0108603	0.0131768	0.0157789	0.0186008	0.0215216	0.0243805	0.0270158	0.0293143	0.0312432	0.0327873	0.0339899	0.0349061	0.0355859	0.03607	0.036397	0.0366156	0.0367681	0.0369093	0.0370803	0.0372942	0.037527	0.0377117	0.0377315	0.0374145	0.0365437	0.0348997	0.032337	0.0288646	0.0245765	0.0198819	0.015254	0.0111017	0.00767887	0.00506277	0.00319125	0.00192697	0.00111492	0.000617364	0.000326867	0.000166101	8.23806e-05	4.15385e-05	2.27093e-05	1.4184e-05	1.0179e-05	8.45483e-06	8.96165e-06	
Cyperus_esculentus	0	0	0	0	0	0	0	0	0	0	0	0	0	0	0	0	0	0	0	0	0	0	0	0	0	0	0	0	0	0	0	0	0	0	0	0	0	0	0	0	0	0	0	0	0	0	0	0	0	0	0	0	0	1	0	0	0	0	0	0	0	0	0	0	0	0	0	0	0	0	
N70	5.83127e-07	7.3761e-07	1.08394e-06	1.76463e-06	3.08003e-06	5.64222e-06	1.06587e-05	2.03983e-05	3.88427e-05	7.24038e-05	0.000130413	0.000224984	0.00037005	0.000579991	0.000849178	0.00118209	0.00158874	0.00209133	0.00272874	0.0035551	0.00463127	0.00601164	0.00773032	0.00979096	0.0121624	0.0147807	0.0175578	0.0203943	0.0231907	0.0258472	0.028252	0.0302651	0.0323409	0.034302	0.0359516	0.0371381	0.0378006	0.037984	0.0378259	0.0375208	0.0372713	0.037232	0.0374645	0.037917	0.0384314	0.0387716	0.0386635	0.0378414	0.0361013	0.0333558	0.0296785	0.025229	0.0203965	0.0156316	0.0113349	0.00777141	0.00503926	0.00309336	0.00179998	0.000994514	0.000523121	0.000263347	0.000128305	6.18268e-05	3.05165e-05	1.60826e-05	9.31478e-06	5.97615e-06	4.33923e-06	3.9339e-06	
Cyperus_longus	0	0	0	0	0	0	0	0	0	0	0	0	0	0	0	0	0	0	0	0	0	0	0	0	0	0	0	0	0	0	0	0	0	0	0	0	0	0	0	0	0	0	0	0	0	0	0	0	0	0	0	0	0	0	0	0	0	0	0	1	0	0	0	0	0	0	0	0	0	0	
N71	3.75959e-08	3.57313e-08	3.38756e-08	3.65498e-08	5.32274e-08	1.14171e-07	3.3711e-07	1.14806e-06	3.86275e-06	1.18642e-05	3.2222e-05	7.64054e-05	0.000157249	0.000279937	0.000431616	0.00057567	0.000665136	0.000670365	0.000601841	0.000508702	0.000452807	0.00047673	0.000584895	0.000747393	0.00092994	0.00115472	0.00159851	0.00272641	0.00542365	0.0110113	0.0209578	0.0361548	0.0557454	0.0766436	0.0939764	0.102838	0.100535	0.0879854	0.0693589	0.0501934	0.0351426	0.0265304	0.0241438	0.0259274	0.0290284	0.0308323	0.0297813	0.0257498	0.0198118	0.0135314	0.0081983	0.00439044	0.002079	0.000870847	0.000322896	0.000106089	3.09331e-05	8.02083e-06	1.85455e-06	3.83706e-07	7.13542e-08	1.19921e-08	1.83387e-09	2.57259e-10	3.34162e-11	4.06036e-12	4.66673e-13	5.15749e-14	5.7927e-15	9.33094e-16	
Cyperus_iria	0	0	0	0	0	0	0	0	0	0	0	0	0	0	0	0	0	0	0	0	0	0	0	0	0	0	0	0	0	0	0	0	0	0	0	0	0	0	0	0	0	0	0	0	0	0	0	0	0	0	0	0	0	0	0	1	0	0	0	0	0	0	0	0	0	0	0	0	0	0	
Pycreus_flavescens	0	0	0	0	0	0	0	0	0	0	0	0	0	0	0	0	0	0	0	0	0	0	0	0	0	0	0	0	0	0	0	0	0	0	1	0	0	0	0	0	0	0	0	0	0	0	0	0	0	0	0	0	0	0	0	0	0	0	0	0	0	0	0	0	0	0	0	0	0	0	
N72	0.01468	0.0156118	0.0169147	0.0186025	0.0206788	0.0231317	0.0259277	0.0290075	0.0322832	0.0356396	0.038938	0.042024	0.0447379	0.0469265	0.048473	0.0492979	0.049361	0.0486631	0.0472444	0.0451786	0.0425201	0.0393863	0.0359059	0.0322112	0.028431	0.0246847	0.0210774	0.0176962	0.0146075	0.0118556	0.00946354	0.00743441	0.00573523	0.00434646	0.00323839	0.00237495	0.00171748	0.00122782	0.000870659	0.000609494	0.000421586	0.000288391	0.000195258	0.00013094	8.7019e-05	5.73298e-05	3.74478e-05	2.42499e-05	1.55636e-05	9.89663e-06	6.23419e-06	3.87549e-06	2.37584e-06	1.43557e-06	8.54835e-07	5.01858e-07	2.90877e-07	1.66888e-07	9.52045e-08	5.43635e-08	3.13513e-08	1.84484e-08	1.11821e-08	7.02258e-09	4.57186e-09	3.07372e-09	2.12745e-09	1.52862e-09	1.18892e-09	1.10922e-09	
Scirpus_ficinioides	0	0	0	0	0	0	0	0	0	0	0	0	0	0	0	0	0	0	0	0	0	0	0	0	0	0	0	0	0	0	0	0	0	0	0	0	0	0	0	0	0	0	0	0	0	0	0	0	0	0	0	1	0	0	0	0	0	0	0	0	0	0	0	0	0	0	0	0	0	0	
N73	0.00473689	0.00518938	0.00592304	0.00698417	0.00846355	0.0105114	0.0133447	0.0172342	0.0224578	0.0292141	0.0375088	0.0470401	0.057131	0.0667502	0.0749607	0.080609	0.0827946	0.0810858	0.0756317	0.0671319	0.0566291	0.0453791	0.0345347	0.0249551	0.0171209	0.011152	0.00689702	0.00405066	0.00225973	0.00119794	0.000603886	0.000289835	0.00013203	5.71106e-05	2.34685e-05	9.16644e-06	3.40485e-06	1.20346e-06	4.05031e-07	1.29731e-07	3.95652e-08	1.14956e-08	3.18382e-09	8.41052e-10	2.12048e-10	5.10601e-11	1.17512e-11	2.58695e-12	5.45245e-13	1.10153e-13	2.13743e-14	3.97683e-15	7.10267e-16	1.21928e-16	2.01465e-17	3.20924e-18	4.93685e-19	7.34713e-20	1.05966e-20	1.48358e-21	2.01908e-22	2.67383e-23	3.44744e-24	4.32783e-25	5.28793e-26	6.28389e-27	7.25884e-28	8.17971e-29	9.39336e-30	1.61805e-30	
N74	0.00563648	0.00631092	0.00752792	0.0094364	0.0122412	0.0161863	0.0215143	0.0283938	0.0368218	0.0465211	0.0568709	0.0669111	0.0754509	0.0812737	0.0837577	0.082406	0.0772833	0.0690115	0.0586282	0.0473558	0.0363508	0.0265085	0.0183606	0.0120768	0.0075431	0.00447381	0.00251978	0.00134794	0.000685049	0.000330916	0.000152061	6.6567e-05	2.7678e-05	1.09354e-05	4.10781e-06	1.46827e-06	4.99942e-07	1.62427e-07	5.04714e-08	1.50469e-08	4.32303e-09	1.204e-09	3.27447e-10	8.76897e-11	2.33157e-11	6.19709e-12	1.65322e-12	4.43186e-13	1.19316e-13	3.22471e-14	8.763e-15	2.39124e-15	6.56435e-16	1.81308e-16	5.02341e-17	1.38755e-17	3.78977e-18	1.01487e-18	2.645e-19	6.67274e-20	1.62503e-20	3.82554e-21	8.77934e-22	2.0048e-22	4.72286e-23	1.19747e-23	3.33785e-24	1.01451e-24	3.48731e-25	1.82643e-25	
Isolepis_marginata	0	0	0	1	0	0	0	0	0	0	0	0	0	0	0	0	0	0	0	0	0	0	0	0	0	0	0	0	0	0	0	0	0	0	0	0	0	0	0	0	0	0	0	0	0	0	0	0	0	0	0	0	0	0	0	0	0	0	0	0	0	0	0	0	0	0	0	0	0	0	
N75	0.00247412	0.00298431	0.00404216	0.00589166	0.00888131	0.0134302	0.019947	0.0286944	0.0396194	0.0521959	0.0653527	0.0775531	0.0870518	0.0922849	0.0926738	0.0880608	0.0791174	0.0671732	0.0538786	0.0408199	0.029197	0.0197164	0.0125719	0.00757109	0.00430774	0.00231677	0.00117853	0.000567539	0.000259031	0.000112227	4.62601e-05	1.82021e-05	6.8316e-06	2.45323e-06	8.46012e-07	2.81426e-07	9.07767e-08	2.85656e-08	8.82955e-09	2.67081e-09	7.92089e-10	2.30571e-10	6.59013e-11	1.84898e-11	5.08815e-12	1.37148e-12	3.61428e-13	9.29127e-14	2.3242e-14	5.64397e-15	1.32857e-15	3.01634e-16	6.5934e-17	1.38585e-17	2.79907e-18	5.43311e-19	1.01468e-19	1.82801e-20	3.19114e-21	5.43563e-22	9.12119e-23	1.52518e-23	2.56958e-24	4.39329e-25	7.62636e-26	1.3358e-26	2.3388e-27	4.08291e-28	7.4988e-29	2.12155e-29	
Desmoschoenus_spiralis	0	0	0	0	0	0	0	0	0	0	0	0	0	0	1	0	0	0	0	0	0	0	0	0	0	0	0	0	0	0	0	0	0	0	0	0	0	0	0	0	0	0	0	0	0	0	0	0	0	0	0	0	0	0	0	0	0	0	0	0	0	0	0	0	0	0	0	0	0	0	
Ficinia_nodosa	0	0	0	0	0	0	0	0	0	0	0	0	0	0	1	0	0	0	0	0	0	0	0	0	0	0	0	0	0	0	0	0	0	0	0	0	0	0	0	0	0	0	0	0	0	0	0	0	0	0	0	0	0	0	0	0	0	0	0	0	0	0	0	0	0	0	0	0	0	0	
N76	8.44581e-05	9.67152e-05	0.000120643	0.000162301	0.00023302	0.00035281	0.000555946	0.00089993	0.00147944	0.00244659	0.00403594	0.00658634	0.0105402	0.0163908	0.0246431	0.0355167	0.0487382	0.0633579	0.0777543	0.0899124	0.0975502	0.0991812	0.0944489	0.0842511	0.0704485	0.0552908	0.0408081	0.0283948	0.0186831	0.0116658	0.00694076	0.00395396	0.00215916	0.00113749	0.000583437	0.000295076	0.000149366	7.6624e-05	3.99719e-05	1.93105e-05	8.68127e-06	3.64628e-06	1.43513e-06	5.30392e-07	1.84277e-07	6.02173e-08	1.85066e-08	5.34746e-09	1.45216e-09	3.70563e-10	8.89276e-11	2.00098e-11	4.22222e-12	8.35695e-13	1.55232e-13	2.7083e-14	4.44415e-15	6.87507e-16	1.00696e-16	1.40889e-17	1.91658e-18	2.6138e-19	3.72477e-20	5.73343e-21	9.52212e-22	1.64744e-22	2.84736e-23	4.79955e-24	8.17457e-25	2.02729e-25	
N77	2.57037e-05	2.99364e-05	3.84119e-05	5.31648e-05	7.77412e-05	0.000118079	0.000184017	0.000291877	0.000468801	0.000759815	0.00123866	0.00202294	0.00329232	0.00530441	0.00842807	0.0130916	0.0197215	0.0286098	0.0397344	0.0525826	0.0660555	0.0785534	0.0882556	0.0935523	0.093489	0.0880536	0.0781871	0.0655121	0.051887	0.0389578	0.0278538	0.0190931	0.0126077	0.0081074	0.00513749	0.00324131	0.00204787	0.00129544	0.000816753	0.000505794	0.000305442	0.000179299	0.000102492	5.74255e-05	3.18509e-05	1.76657e-05	9.85747e-06	5.52746e-06	3.08941e-06	1.70102e-06	9.1224e-07	4.70161e-07	2.31227e-07	1.07988e-07	4.77405e-08	1.99407e-08	7.86098e-09	2.92383e-09	1.02663e-09	3.41075e-10	1.0788e-10	3.2974e-11	1.00584e-11	3.23653e-12	1.16598e-12	4.77174e-13	2.12878e-13	1.00011e-13	5.23392e-14	3.86104e-14	
Isolepis_crassiuscula	0	0	0	0	0	0	0	0	0	0	0	0	0	0	0	0	0	0	0	0	0	0	0	0	0	0	0	0	0	0	0	1	0	0	0	0	0	0	0	0	0	0	0	0	0	0	0	0	0	0	0	0	0	0	0	0	0	0	0	0	0	0	0	0	0	0	0	0	0	0	
Isolepis_fluitans	0	0	0	0	0	0	0	0	0	0	0	0	0	0	0	0	0	0	0	0	0	0	0	0	0	0	0	0	0	1	0	0	0	0	0	0	0	0	0	0	0	0	0	0	0	0	0	0	0	0	0	0	0	0	0	0	0	0	0	0	0	0	0	0	0	0	0	0	0	0	
N78	1.27228e-05	1.5513e-05	2.15698e-05	3.31549e-05	5.47983e-05	9.52951e-05	0.000171539	0.000315596	0.00058709	0.00109337	0.00201883	0.00366059	0.00645782	0.0109877	0.0179524	0.0279429	0.0411618	0.0570785	0.0741903	0.0900854	0.101909	0.107196	0.104698	0.0948618	0.0796923	0.0620673	0.044827	0.0300414	0.018701	0.0108306	0.00584894	0.00295506	0.00139584	0.000618602	0.000258281	0.000102065	3.83515e-05	1.37586e-05	4.72589e-06	1.55308e-06	4.87555e-07	1.4581e-07	4.14222e-08	1.11549e-08	2.84636e-09	6.89387e-10	1.59165e-10	3.52752e-11	7.57461e-12	1.59223e-12	3.30792e-13	6.80009e-14	1.38044e-14	2.74757e-15	5.30911e-16	9.86103e-17	1.74598e-17	2.92917e-18	4.63939e-19	6.93055e-20	9.79065e-21	1.31904e-21	1.72537e-22	2.25847e-23	3.07048e-24	4.44021e-25	6.76651e-26	1.05264e-26	1.68408e-27	3.99293e-28	
N79	1.35604e-05	1.75417e-05	2.68112e-05	4.55498e-05	8.18978e-05	0.000151073	0.000281289	0.000524857	0.000977969	0.00181229	0.00331694	0.00593757	0.0102808	0.017036	0.0268709	0.0400249	0.0559809	0.0732293	0.0893453	0.10148	0.107162	0.105121	0.0957347	0.0809177	0.0634666	0.046193	0.0312036	0.019569	0.0113994	0.00617288	0.00311103	0.00146215	0.000639413	0.000260603	9.92045e-05	3.53794e-05	1.18708e-05	3.76962e-06	1.14202e-06	3.33355e-07	9.47934e-08	2.65214e-08	7.34503e-09	2.01431e-09	5.4437e-10	1.43915e-10	3.69724e-11	9.19805e-12	2.21818e-12	5.21572e-13	1.20809e-13	2.77639e-14	6.37606e-15	1.46441e-15	3.34274e-16	7.50215e-17	1.63629e-17	3.43484e-18	6.89472e-19	1.31978e-19	2.41268e-20	4.24022e-21	7.25809e-22	1.23379e-22	2.12878e-23	3.78457e-24	6.93356e-25	1.29903e-25	2.59065e-26	7.91019e-27	
Isolepis_setacea	0	0	0	0	0	0	0	0	0	0	0	0	0	1	0	0	0	0	0	0	0	0	0	0	0	0	0	0	0	0	0	0	0	0	0	0	0	0	0	0	0	0	0	0	0	0	0	0	0	0	0	0	0	0	0	0	0	0	0	0	0	0	0	0	0	0	0	0	0	0	
Isolepis_cernua	0	0	0	0	0	0	0	0	0	0	0	0	0	0	0	0	0	0	0	0	0	0	0	0	0	0	1	0	0	0	0	0	0	0	0	0	0	0	0	0	0	0	0	0	0	0	0	0	0	0	0	0	0	0	0	0	0	0	0	0	0	0	0	0	0	0	0	0	0	0	
N80	5.77903e-06	7.27991e-06	1.07668e-05	1.79405e-05	3.23635e-05	6.10798e-05	0.000117304	0.00022442	0.000421315	0.000768959	0.00135858	0.00232301	0.00385407	0.00622641	0.00985559	0.0152631	0.0230182	0.0335548	0.0468788	0.0622551	0.0780416	0.0918527	0.101105	0.103796	0.0992079	0.0881848	0.0728603	0.0559518	0.0399531	0.0265556	0.0164615	0.00954878	0.00518507	0.00265184	0.00128876	0.000602327	0.000274621	0.000123844	5.5735e-05	2.50074e-05	1.10975e-05	4.81467e-06	2.02107e-06	8.15799e-07	3.16416e-07	1.18504e-07	4.32741e-08	1.55986e-08	5.61011e-09	2.0224e-09	7.28294e-10	2.58321e-10	8.9063e-11	2.94919e-11	9.29347e-12	2.76945e-12	7.77421e-13	2.05152e-13	5.08717e-14	1.18729e-14	2.62119e-15	5.53687e-16	1.14462e-16	2.40314e-17	5.34988e-18	1.29199e-18	3.33166e-19	8.91253e-20	2.57062e-20	1.11413e-20	
Isolepis_prolifera	0	0	0	0	0	0	0	0	0	0	0	0	0	0	0	0	0	0	0	0	0	0	0	0	0	0	0	0	0	0	0	0	1	0	0	0	0	0	0	0	0	0	0	0	0	0	0	0	0	0	0	0	0	0	0	0	0	0	0	0	0	0	0	0	0	0	0	0	0	0	
Isolepis_aucklandica	0	0	0	0	0	0	0	0	0	0	0	0	0	0	0	0	0	0	0	0	1	0	0	0	0	0	0	0	0	0	0	0	0	0	0	0	0	0	0	0	0	0	0	0	0	0	0	0	0	0	0	0	0	0	0	0	0	0	0	0	0	0	0	0	0	0	0	0	0	0	
