NODE	1	2	3	4	5	6	7	8	9	10	11	12	13	14	15	16	17	18	19	20	21	22	23	24	25	26	27	28	29	30	31	32	33	34	35	36	37	38	39	40	41	42	43	44	45	46	47	48	49	50	51	52	53	54	55	56	57	58	59	60	61	62	63	64	65	66	67	68	69	70	71	
N1	0.299742	0.285759	0.221665	0.126113	0.0501488	0.0136742	0.00254465	0.000324152	2.84834e-05	1.74463e-06	7.5389e-08	2.32746e-09	5.19811e-11	8.49585e-13	2.34885e-17	2.25532e-18	1.90114e-19	1.41165e-20	9.26771e-22	5.40037e-23	2.80377e-24	1.3018e-25	5.42478e-27	2.03587e-28	6.90392e-30	2.1226e-31	5.93788e-33	1.51838e-34	3.57987e-36	7.7203e-38	1.52711e-39	2.77777e-41	4.65764e-43	7.21572e-45	1.03511e-46	1.37783e-48	1.70518e-50	1.96576e-52	2.11481e-54	2.1269e-56	2.00302e-58	1.76922e-60	1.46796e-62	1.1468e-64	8.65076e-67	9.10203e-69	3.7305e-70	2.69806e-71	1.86054e-72	1.26725e-73	1.59974e-74	2.87807e-75	5.54325e-76	1.08403e-76	2.35978e-77	7.53327e-78	4.01606e-78	2.63328e-78	1.66068e-78	9.25172e-79	4.4045e-79	1.74834e-79	5.6268e-80	1.41591e-80	2.654e-81	3.48723e-82	3.06132e-83	1.91731e-84	9.2574e-86	3.91777e-87	2.92799e-88	
N2	2.03559e-06	6.42667e-06	1.6105e-05	3.05986e-05	4.60797e-05	6.60093e-05	0.000149576	0.000589193	0.00244816	0.00869448	0.0253144	0.0596483	0.112596	0.168325	0.196172	0.180818	0.129676	0.0717704	0.03053	0.00998047	0.00252275	0.000502945	8.2244e-05	1.1782e-05	1.57784e-06	1.99525e-07	2.27188e-08	2.21384e-09	1.8143e-10	1.21231e-11	6.62786e-13	2.98753e-14	1.12011e-15	3.52393e-17	9.37979e-19	2.12838e-20	4.14833e-22	6.99618e-24	1.02924e-25	1.33584e-27	1.56245e-29	1.72577e-31	1.97294e-33	2.50083e-35	3.47029e-37	4.85715e-39	6.38553e-41	7.61194e-43	8.13584e-45	7.83568e-47	6.71463e-49	5.13886e-51	3.52584e-53	2.17659e-55	1.21296e-57	6.12034e-60	2.80372e-62	1.16946e-64	4.45379e-67	1.55307e-69	4.97477e-72	1.4707e-74	4.04877e-77	1.05869e-79	2.74915e-82	7.76035e-85	2.72652e-87	1.31464e-89	8.39473e-92	6.3146e-94	6.52888e-96	
Chrysitrix_capensis	0	0	0	0	0	0	0	0	0	0	0	0	0	0	0	0	0	0	0	0	0	0	1	0	0	0	0	0	0	0	0	0	0	0	0	0	0	0	0	0	0	0	0	0	0	0	0	0	0	0	0	0	0	0	0	0	0	0	0	0	0	0	0	0	0	0	0	0	0	0	0	
Lepironia_articulata	0	0	0	0	0	0	0	0	0	0	0	0	0	0	0	0	1	0	0	0	0	0	0	0	0	0	0	0	0	0	0	0	0	0	0	0	0	0	0	0	0	0	0	0	0	0	0	0	0	0	0	0	0	0	0	0	0	0	0	0	0	0	0	0	0	0	0	0	0	0	0	
N3	0.136465	0.232728	0.268597	0.207113	0.107235	0.0374408	0.00883821	0.00141577	0.000154881	1.16791e-05	6.1418e-07	2.28254e-08	6.0795e-10	1.17655e-11	1.66868e-13	1.79047e-15	1.51093e-17	1.826e-19	1.38046e-20	1.4377e-21	1.1011e-22	5.94387e-24	1.28077e-25	1.75512e-27	1.72668e-29	1.28338e-31	7.38381e-34	3.33676e-36	1.20477e-38	3.45276e-41	7.92718e-44	1.47121e-46	2.22668e-49	2.77169e-52	2.86062e-55	2.46907e-58	1.87279e-61	2.86086e-64	3.02605e-66	3.98979e-68	4.20329e-70	3.41531e-72	2.10177e-74	5.5662e-77	1.00158e-79	1.37643e-82	1.51449e-85	1.36158e-88	1.01041e-91	6.27238e-95	3.24195e-98	1.40419e-101	5.12982e-105	1.59086e-108	4.21456e-112	9.59592e-116	1.88812e-119	3.23281e-123	5.05901e-127	1.60353e-130	3.2657e-133	8.23979e-136	1.59637e-138	2.15318e-141	1.62133e-144	7.58873e-48	2.47256e-48	4.89461e-49	7.94966e-50	2.01081e-50	1.65046e-50	
N4	0.129554	0.227319	0.269699	0.212286	0.11131	0.0390386	0.00917651	0.00144926	0.000154486	1.11946e-05	5.56711e-07	1.9214e-08	4.65823e-10	8.0248e-12	9.85851e-14	8.91545e-16	6.10399e-18	4.26337e-20	1.27609e-21	8.38505e-23	7.13886e-24	1.48271e-24	3.63007e-26	6.06642e-28	7.44608e-30	6.86533e-32	4.8147e-34	2.59066e-36	1.08255e-38	3.51555e-41	8.94579e-44	1.79776e-46	2.87558e-49	3.68902e-52	3.82325e-55	3.21869e-58	2.22887e-61	1.29811e-64	8.87049e-68	8.16705e-70	6.57324e-71	5.20715e-72	2.71029e-73	9.67998e-76	2.48896e-78	4.95034e-81	7.79412e-84	9.83306e-87	1.00098e-89	8.28813e-93	5.58782e-96	3.08564e-99	1.40349e-102	5.28821e-106	1.65995e-109	4.36425e-113	9.64674e-117	1.81231e-120	2.95393e-124	5.58565e-128	5.11931e-131	1.18232e-133	4.28523e-136	3.21351e-138	3.67493e-141	3.10565e-144	2.09535e-147	1.14973e-150	5.19185e-154	2.40084e-157	1.10916e-159	
N5	0.0718315	0.158977	0.245321	0.250075	0.168936	0.0762444	0.0231378	0.00474778	0.000662682	6.33651e-05	4.18621e-06	1.92978e-07	6.27567e-09	1.456e-10	2.42602e-12	2.99802e-14	2.85817e-16	7.43453e-18	2.86339e-18	1.04216e-18	2.58445e-19	4.15946e-20	1.57499e-21	3.68018e-23	6.01755e-25	7.19737e-27	6.45374e-29	4.41867e-31	2.3581e-33	9.78876e-36	3.19567e-38	8.28585e-41	1.72185e-43	2.89231e-46	3.95902e-49	4.44984e-52	4.25336e-55	1.32138e-57	6.73174e-59	3.50661e-60	1.39013e-61	4.0277e-63	8.0949e-65	4.08201e-67	1.34296e-69	3.25203e-72	6.03078e-75	8.74068e-78	1.00414e-80	9.30178e-84	6.95522e-87	4.23914e-90	2.12522e-93	8.83935e-97	3.07529e-100	9.01942e-104	2.2458e-107	4.78308e-111	9.1563e-115	7.67993e-118	7.9286e-120	7.57827e-122	5.17579e-124	2.18883e-126	3.19169e-129	3.07723e-132	2.23002e-135	1.27109e-138	6.15736e-142	5.23063e-145	2.74685e-147	
Lagenocarpus_guianensis	0	0	0	0	0	0	0	0	0	0	0	0	0	0	0	0	1	0	0	0	0	0	0	0	0	0	0	0	0	0	0	0	0	0	0	0	0	0	0	0	0	0	0	0	0	0	0	0	0	0	0	0	0	0	0	0	0	0	0	0	0	0	0	0	0	0	0	0	0	0	0	
N6	0.0590627	0.140963	0.233321	0.25494	0.184957	0.0898076	0.0293635	0.00649839	0.000978619	0.000100896	7.1729e-06	3.54562e-07	1.23005e-08	3.02294e-10	5.27446e-12	6.74714e-14	6.48029e-16	6.57928e-18	7.9299e-19	3.79797e-19	2.32042e-19	1.12504e-19	6.05601e-21	2.21284e-22	5.91541e-24	1.17715e-25	1.75959e-27	1.98718e-29	1.71365e-31	1.12435e-33	5.64865e-36	2.18789e-38	6.58331e-41	1.55142e-43	2.88744e-46	4.27718e-49	5.09326e-52	5.07801e-55	3.87085e-57	6.84867e-58	1.02614e-58	1.08699e-59	7.43122e-61	5.43992e-63	2.7404e-65	1.02152e-67	2.87394e-70	6.19094e-73	1.03381e-75	1.35758e-78	1.40961e-81	1.16931e-84	7.82173e-88	4.25648e-91	1.90031e-94	7.01589e-98	2.15683e-101	5.56942e-105	1.22587e-108	3.24151e-112	1.27366e-114	2.19187e-116	4.38834e-118	5.89213e-120	1.23127e-122	1.80602e-125	2.02156e-128	1.76018e-131	1.21837e-134	9.79546e-138	8.08962e-140	
N7	0.0100496	0.0346306	0.093263	0.176452	0.232986	0.216035	0.141715	0.0662289	0.0221956	0.00536806	0.000942807	0.000121039	1.14406e-05	8.02728e-07	4.21077e-08	1.72869e-09	6.67623e-11	2.01162e-11	2.68102e-11	3.07588e-11	2.77616e-11	1.8981e-11	4.44489e-12	6.8404e-13	7.54478e-14	6.06552e-15	3.57058e-16	1.54926e-17	5.04343e-19	1.22187e-20	2.22638e-22	3.08495e-24	3.28844e-26	2.72829e-28	1.78204e-30	9.28708e-33	4.66036e-35	2.0302e-36	3.53342e-37	4.99983e-38	5.28914e-39	4.06917e-40	2.20227e-41	3.87215e-43	4.33186e-45	3.45924e-47	2.05882e-49	9.35914e-52	3.31091e-54	9.32125e-57	2.09801e-59	3.82521e-62	5.71677e-65	7.07875e-68	7.33389e-71	6.41487e-74	4.77576e-77	3.06248e-80	2.19178e-83	1.66155e-85	3.89603e-87	7.36094e-89	1.01145e-90	9.04658e-93	3.61417e-95	9.56314e-98	1.87778e-100	2.88028e-103	3.88101e-106	1.0027e-108	1.22159e-110	
Oreobolus_pectinatus	0	0	0	0	0	0	0	0	0	0	0	0	0	0	0	0	0	0	1	0	0	0	0	0	0	0	0	0	0	0	0	0	0	0	0	0	0	0	0	0	0	0	0	0	0	0	0	0	0	0	0	0	0	0	0	0	0	0	0	0	0	0	0	0	0	0	0	0	0	0	0	
N8	0.00434579	0.0166727	0.0525963	0.120695	0.197517	0.230331	0.192186	0.115361	0.0500979	0.0158288	0.00365933	0.0006227	7.85417e-05	7.40981e-06	5.2869e-07	3.01745e-08	1.45907e-09	8.64772e-11	3.39812e-11	4.3129e-11	7.03646e-11	1.16908e-10	5.6855e-11	1.99928e-11	5.28472e-12	1.03458e-12	1.48676e-13	1.56935e-14	1.23103e-15	7.08003e-17	3.0214e-18	9.67381e-20	2.34755e-21	4.35864e-23	6.24679e-25	6.96623e-27	6.10137e-29	4.42374e-31	1.18015e-32	3.91794e-33	1.23212e-33	2.75433e-34	4.09417e-35	1.383e-36	3.18227e-38	5.44197e-40	7.12463e-42	7.329e-44	6.06649e-46	4.13772e-48	2.32638e-50	1.08093e-52	4.14266e-55	1.30647e-57	3.38809e-60	7.23595e-63	1.27631e-65	1.86943e-68	2.31595e-71	3.36632e-74	3.15801e-76	8.67309e-78	2.52752e-79	5.54682e-81	4.26734e-83	2.28595e-85	9.30875e-88	2.93685e-90	7.45665e-93	2.34006e-95	3.89028e-97	
N9	0.0008796	0.00370094	0.0141058	0.0420186	0.0948207	0.160975	0.205746	0.198748	0.145835	0.0817648	0.0352335	0.0117381	0.00304338	0.000619569	0.000100342	1.36619e-05	1.6479e-06	2.1174e-07	1.92052e-07	1.20742e-06	7.4285e-06	3.80191e-05	7.28272e-05	0.000109459	0.000132689	0.000125478	9.04614e-05	4.93691e-05	2.05186e-05	6.37434e-06	1.5016e-06	2.71047e-07	3.783e-08	4.11669e-09	3.52019e-10	2.38215e-11	1.28779e-12	6.45224e-14	2.37568e-14	4.08172e-14	5.68025e-14	5.77866e-14	4.20557e-14	1.02168e-14	1.85178e-15	2.79866e-16	3.58809e-17	3.8284e-18	3.31333e-19	2.30863e-20	1.26026e-21	5.40068e-23	1.82784e-24	4.92439e-26	1.06516e-27	1.86583e-29	2.66821e-31	3.14076e-33	3.0748e-35	2.97267e-37	2.18559e-38	6.42376e-39	1.43926e-39	2.03296e-40	1.22742e-41	5.1201e-43	1.6123e-44	3.92074e-46	7.80278e-48	2.08464e-49	3.25164e-50	
N10	3.73508e-05	0.000127339	0.000483507	0.00184924	0.00640086	0.0187276	0.0449585	0.0875993	0.13803	0.175794	0.181006	0.150731	0.101543	0.0553258	0.0242828	0.00879793	0.00261533	0.000642607	0.000140171	4.20531e-05	3.36744e-05	4.64969e-05	7.00449e-05	0.000105539	0.000140135	0.000152872	0.00013384	9.37696e-05	5.30719e-05	2.37351e-05	8.47099e-06	2.42739e-06	5.61426e-07	1.05342e-07	1.61181e-08	2.02239e-09	2.09745e-10	1.82585e-11	1.40031e-12	1.18991e-13	2.46872e-14	1.59422e-14	1.47718e-14	1.02856e-14	5.84437e-15	2.74268e-15	1.06364e-15	3.40309e-16	8.98038e-17	1.96836e-17	3.52229e-18	5.18873e-19	6.3206e-20	6.39037e-21	5.38134e-22	3.78723e-23	2.23414e-24	1.10885e-25	4.64991e-27	1.6651e-28	5.46957e-30	2.52007e-31	2.77963e-32	4.02604e-33	4.87841e-34	4.75175e-35	3.80588e-36	2.65532e-37	1.90582e-38	2.01999e-39	5.32663e-40	
Schoenus_brevifolius	0	0	0	0	0	0	0	0	0	0	0	0	0	0	0	0	0	0	0	0	0	0	0	0	0	0	0	0	0	0	0	0	0	0	0	0	0	0	0	0	0	0	0	0	0	0	0	0	0	0	0	0	0	0	0	0	0	0	0	0	1	0	0	0	0	0	0	0	0	0	0	
Schoenus_nigricans	0	0	0	0	0	0	0	0	0	0	0	0	0	0	0	0	0	0	0	0	0	1	0	0	0	0	0	0	0	0	0	0	0	0	0	0	0	0	0	0	0	0	0	0	0	0	0	0	0	0	0	0	0	0	0	0	0	0	0	0	0	0	0	0	0	0	0	0	0	0	0	
Gahnia_aspera	0	0	0	0	0	0	0	0	0	0	0	0	0	0	0	0	0	0	0	0	0	0	0	0	0	0	0	0	0	0	0	0	0	0	0	0	0	0	0	1	0	0	0	0	0	0	0	0	0	0	0	0	0	0	0	0	0	0	0	0	0	0	0	0	0	0	0	0	0	0	0	
N11	0.00039418	0.00167043	0.00656873	0.0210777	0.0537357	0.107602	0.167857	0.202648	0.188323	0.134173	0.0730865	0.0303946	0.00964441	0.0023317	0.000426059	6.07928e-05	6.80266e-06	6.00697e-07	4.21797e-08	2.37796e-09	1.09479e-10	4.33859e-12	1.70175e-13	8.31424e-15	5.15916e-16	3.25784e-17	1.80769e-18	8.44113e-20	3.33111e-21	1.10024e-22	3.10061e-24	7.69582e-26	1.76434e-27	3.93631e-29	8.75989e-31	1.90206e-32	3.85265e-34	7.01121e-36	1.12321e-37	1.5771e-39	1.98468e-41	2.51632e-43	4.44641e-45	1.12241e-46	3.07822e-48	7.70894e-50	1.67812e-51	3.14564e-53	5.08227e-55	7.1453e-57	8.64025e-59	9.02824e-61	8.18628e-63	6.46729e-65	4.46888e-67	2.71095e-69	1.44865e-71	6.84641e-74	2.87262e-76	1.07404e-78	3.59216e-81	1.0803e-83	2.95743e-86	7.69655e-89	2.18967e-91	8.81591e-94	5.43913e-96	4.40405e-98	4.33046e-100	4.95662e-102	8.09545e-104	
Tetraria_capillaris	0	0	0	0	0	0	0	0	0	1	0	0	0	0	0	0	0	0	0	0	0	0	0	0	0	0	0	0	0	0	0	0	0	0	0	0	0	0	0	0	0	0	0	0	0	0	0	0	0	0	0	0	0	0	0	0	0	0	0	0	0	0	0	0	0	0	0	0	0	0	0	
N12	2.9304e-06	6.14396e-06	1.03318e-05	2.97513e-05	0.000194487	0.00128305	0.00662805	0.0257579	0.0738395	0.153265	0.226061	0.23296	0.165624	0.080606	0.0265747	0.00607951	0.000962611	0.000105834	8.15252e-06	4.47812e-07	1.819e-08	6.21307e-10	2.6498e-11	3.69701e-12	1.86691e-12	1.12897e-12	5.81878e-13	2.44348e-13	8.33792e-14	2.26843e-14	4.92762e-15	8.52168e-16	1.16805e-16	1.26159e-17	1.06594e-18	6.98293e-20	3.5164e-21	1.35003e-22	3.93259e-24	8.75496e-26	1.58023e-27	3.04802e-29	1.00543e-30	3.63787e-32	1.10612e-33	2.6943e-35	5.27935e-37	8.40426e-39	1.0977e-40	1.1943e-42	1.07477e-44	8.06666e-47	5.08591e-49	2.71132e-51	1.22959e-53	4.77015e-56	1.59091e-58	4.58729e-61	1.14963e-63	2.51674e-66	4.83747e-69	8.22286e-72	1.26214e-74	1.90933e-77	3.64853e-80	1.10182e-82	4.45106e-85	2.06248e-87	1.16171e-89	8.19094e-92	8.07042e-94	
Machaerina_articulata	0	0	0	0	0	0	0	0	0	0	0	1	0	0	0	0	0	0	0	0	0	0	0	0	0	0	0	0	0	0	0	0	0	0	0	0	0	0	0	0	0	0	0	0	0	0	0	0	0	0	0	0	0	0	0	0	0	0	0	0	0	0	0	0	0	0	0	0	0	0	0	
Machaerina_mariscoides	0	0	0	0	0	0	0	0	0	0	0	0	0	0	0	0	0	0	0	0	0	0	0	0	0	0	0	0	0	0	0	0	0	0	0	0	0	0	1	0	0	0	0	0	0	0	0	0	0	0	0	0	0	0	0	0	0	0	0	0	0	0	0	0	0	0	0	0	0	0	0	
N13	0.0670267	0.125741	0.18532	0.212156	0.18656	0.125178	0.0638935	0.0248006	0.00733418	0.00165845	0.000288211	3.87273e-05	4.04996e-06	3.31333e-07	2.11062e-08	1.07762e-09	4.4437e-11	1.49255e-12	4.1378e-14	9.90746e-16	2.53101e-17	1.10436e-18	6.36644e-20	3.36818e-21	1.47492e-22	5.28545e-24	1.55695e-25	3.79739e-27	7.78605e-29	1.32949e-30	1.90387e-32	2.3015e-34	2.36328e-36	2.07368e-38	1.5637e-40	1.01858e-42	5.76446e-45	2.85475e-47	1.26159e-49	5.49968e-52	3.48843e-54	4.416e-56	7.21752e-58	9.23995e-60	9.68238e-62	8.54648e-64	6.44534e-66	4.1844e-68	2.35195e-70	1.15669e-72	4.93655e-75	1.8373e-77	5.99059e-80	1.71869e-82	4.35725e-85	9.801e-88	1.96318e-90	3.51598e-93	5.65272e-96	8.19678e-99	1.08375e-101	1.37227e-104	2.05917e-107	5.31147e-110	2.01171e-112	7.79585e-115	2.78101e-117	9.43024e-120	3.4304e-122	1.5633e-124	1.12466e-126	
N14	2.77721e-06	3.6818e-05	0.000405735	0.00318931	0.0175846	0.0665265	0.167371	0.269144	0.264327	0.15164	0.0494303	0.00923902	0.00102813	7.1467e-05	3.21982e-06	1.00023e-07	2.22156e-09	3.63973e-11	4.52523e-13	4.41132e-15	3.59441e-17	2.89721e-19	2.73401e-21	2.9116e-23	2.93731e-25	2.5361e-27	1.82211e-29	1.08967e-31	5.49548e-34	2.32636e-36	8.3353e-39	2.54642e-41	6.67633e-44	1.51112e-46	2.96833e-49	5.08417e-52	7.63266e-55	1.01036e-57	1.19246e-60	1.29929e-63	1.47452e-66	2.25794e-69	5.13679e-72	1.19013e-74	2.44547e-77	4.3471e-80	6.70876e-83	9.06048e-86	1.07964e-88	1.14752e-91	1.08138e-94	9.07881e-98	6.81754e-101	4.59471e-104	2.78766e-107	1.52667e-110	7.56455e-114	3.40056e-117	1.39066e-120	5.18981e-124	1.77685e-127	5.66408e-131	1.76535e-134	6.13918e-138	2.81562e-141	1.67526e-144	1.11547e-147	7.95465e-151	6.55909e-154	6.67172e-157	8.73879e-160	
Rhynchospora_albiceps	0	0	0	0	0	0	0	0	0	1	0	0	0	0	0	0	0	0	0	0	0	0	0	0	0	0	0	0	0	0	0	0	0	0	0	0	0	0	0	0	0	0	0	0	0	0	0	0	0	0	0	0	0	0	0	0	0	0	0	0	0	0	0	0	0	0	0	0	0	0	0	
N15	6.91691e-11	3.86278e-09	1.88651e-07	6.50902e-06	0.000151112	0.00226026	0.0206705	0.107931	0.293069	0.363376	0.176055	0.0338195	0.00256825	9.09673e-05	1.70892e-06	1.90677e-08	1.35713e-10	6.50587e-13	2.19289e-15	5.41846e-18	1.18242e-20	7.57901e-23	9.77665e-25	1.10178e-26	9.50368e-29	6.21834e-31	3.09397e-33	1.17511e-35	3.4346e-38	7.6836e-41	1.32556e-43	1.7777e-46	1.87111e-49	1.56269e-52	1.04762e-55	5.70062e-59	2.54763e-62	9.45357e-66	2.94404e-69	7.8978e-73	2.58952e-76	4.26517e-79	1.47568e-81	3.03761e-84	5.08766e-87	7.02748e-90	7.96528e-93	7.38109e-96	5.57932e-99	3.44601e-102	1.72362e-105	7.00456e-109	2.32269e-112	6.32375e-116	1.42487e-119	2.68072e-123	4.24776e-127	5.7233e-131	6.61555e-135	6.61432e-139	5.76575e-143	4.45547e-147	3.6799e-151	9.5242e-155	6.02801e-158	3.75526e-161	2.00775e-164	9.36026e-168	4.29257e-171	2.59902e-174	2.51352e-177	
Rhynchospora_rubra	0	0	0	0	0	0	0	0	0	1	0	0	0	0	0	0	0	0	0	0	0	0	0	0	0	0	0	0	0	0	0	0	0	0	0	0	0	0	0	0	0	0	0	0	0	0	0	0	0	0	0	0	0	0	0	0	0	0	0	0	0	0	0	0	0	0	0	0	0	0	0	
Rhynchospora_globosa	0	0	0	0	0	0	0	0	0	0	0	1	0	0	0	0	0	0	0	0	0	0	0	0	0	0	0	0	0	0	0	0	0	0	0	0	0	0	0	0	0	0	0	0	0	0	0	0	0	0	0	0	0	0	0	0	0	0	0	0	0	0	0	0	0	0	0	0	0	0	0	
N16	0.0368369	0.0854994	0.155466	0.21175	0.21403	0.159757	0.0878034	0.0355086	0.0105826	0.00233236	0.000382112	4.68427e-05	4.32935e-06	3.03779e-07	1.61493e-08	6.70364e-10	2.19385e-11	5.71857e-13	1.20323e-14	2.13168e-16	4.06376e-18	1.565e-19	7.63418e-21	3.21672e-22	1.09687e-23	3.03716e-25	6.88958e-27	1.29095e-28	2.02799e-30	2.65069e-32	2.90554e-34	2.69243e-36	2.12766e-38	1.44823e-40	8.58944e-43	4.49658e-45	2.10874e-47	8.99076e-50	3.55783e-52	1.44675e-54	1.01063e-56	1.78301e-58	4.01646e-60	6.12668e-62	7.44458e-64	7.57744e-66	6.57761e-68	4.90341e-70	3.15191e-72	1.76301e-74	8.50188e-77	3.5489e-79	1.2871e-81	4.07073e-84	1.12684e-86	2.73994e-89	5.87052e-92	1.11273e-94	1.87303e-97	2.81152e-100	3.79513e-103	4.81811e-106	7.41796e-109	2.2667e-111	1.00527e-113	4.26104e-116	1.59753e-118	5.52114e-121	2.03691e-123	1.02402e-125	9.05459e-128	
N17	6.38213e-12	4.66654e-10	2.59592e-08	1.01466e-06	2.75567e-05	0.000506591	0.00604776	0.0441078	0.179575	0.357797	0.294736	0.102386	0.0141367	0.00066382	1.43047e-05	1.72467e-07	1.60799e-09	1.18853e-10	2.89953e-11	6.18071e-12	1.49429e-12	5.55411e-13	1.96848e-13	5.27775e-14	1.02416e-14	1.42892e-15	1.42184e-16	9.91701e-18	4.71384e-19	1.42414e-20	2.5176e-22	2.34626e-24	1.29605e-26	4.68698e-29	1.18812e-31	2.21438e-34	3.14668e-37	3.52564e-40	3.31338e-43	3.23384e-46	5.00403e-49	1.15977e-51	2.69233e-54	4.48927e-57	5.7418e-60	5.85822e-63	4.88538e-66	3.38603e-69	1.9762e-72	9.85491e-76	4.19108e-79	1.53139e-82	4.83831e-86	1.3292e-89	3.19142e-93	6.72783e-97	1.25033e-100	2.05744e-104	3.01141e-108	3.94895e-112	4.74926e-116	5.79399e-120	9.58191e-124	2.55683e-127	7.93768e-131	2.27021e-134	5.75241e-138	1.35558e-141	3.39559e-145	1.07973e-148	4.72469e-152	
Rhynchospora_chinensis	0	0	0	0	0	0	0	0	0	0	0	0	0	0	0	0	0	0	0	0	0	0	0	0	0	0	0	0	0	0	1	0	0	0	0	0	0	0	0	0	0	0	0	0	0	0	0	0	0	0	0	0	0	0	0	0	0	0	0	0	0	0	0	0	0	0	0	0	0	0	0	
N18	8.04052e-21	4.59404e-18	2.18947e-15	7.2852e-13	1.63089e-10	2.3615e-08	2.10526e-06	0.000108554	0.00299142	0.039915	0.228277	0.472263	0.246036	0.0102922	0.000114192	5.1685e-07	1.17881e-09	1.55548e-12	1.62086e-15	7.92432e-18	1.27674e-19	1.74292e-21	1.72018e-23	1.20389e-25	5.96265e-28	2.08912e-30	5.16054e-33	8.92007e-36	1.06801e-38	8.59553e-42	4.58801e-45	1.62455e-48	3.93789e-52	6.80368e-56	8.69666e-60	8.48608e-64	6.48661e-68	3.9676e-72	1.97675e-76	8.14903e-81	2.89497e-85	2.07886e-89	1.742e-92	1.77401e-95	1.47106e-98	9.64772e-102	4.94227e-105	1.95138e-108	5.84282e-112	1.30272e-115	2.08993e-119	2.36667e-123	1.8827e-127	1.08095e-131	4.64568e-136	1.54596e-140	4.09719e-145	8.85023e-150	1.58788e-154	2.40863e-159	3.31787e-164	1.20904e-168	3.92414e-172	1.6547e-175	6.01766e-179	1.80633e-182	4.41765e-186	8.86739e-190	1.56542e-193	3.00101e-197	7.67547e-201	
Rhynchospora_capillacea	0	0	0	0	0	0	0	0	0	0	0	0	1	0	0	0	0	0	0	0	0	0	0	0	0	0	0	0	0	0	0	0	0	0	0	0	0	0	0	0	0	0	0	0	0	0	0	0	0	0	0	0	0	0	0	0	0	0	0	0	0	0	0	0	0	0	0	0	0	0	0	
Rhynchospora_alba	0	0	0	0	0	0	0	0	0	0	0	0	1	0	0	0	0	0	0	0	0	0	0	0	0	0	0	0	0	0	0	0	0	0	0	0	0	0	0	0	0	0	0	0	0	0	0	0	0	0	0	0	0	0	0	0	0	0	0	0	0	0	0	0	0	0	0	0	0	0	0	
N19	0.0370168	0.100254	0.206971	0.277874	0.227506	0.110966	0.0326512	0.0059887	0.000711685	5.68889e-05	3.16357e-06	1.26047e-07	3.69115e-09	8.11568e-11	1.35219e-12	1.76071e-14	1.81851e-16	1.50982e-18	1.02018e-20	5.68601e-23	2.69105e-25	1.23513e-27	7.50881e-30	7.04802e-32	7.50389e-34	7.22137e-36	5.90951e-38	4.07459e-40	2.38372e-42	1.17293e-44	4.882e-47	1.72765e-49	5.22334e-52	1.35556e-54	3.03333e-57	5.87651e-60	9.90516e-63	1.45958e-65	1.89065e-68	2.17971e-71	2.38449e-74	3.39477e-77	1.01441e-79	3.63784e-82	1.19684e-84	3.44573e-87	8.64745e-90	1.89366e-92	3.62598e-95	6.10838e-98	8.97231e-101	1.15337e-103	1.30175e-106	1.29395e-109	1.13628e-112	8.84175e-116	6.11298e-119	3.76883e-122	2.07929e-125	1.03008e-128	4.59919e-132	1.86249e-135	7.00571e-139	2.74268e-142	1.53097e-145	1.45519e-148	1.78054e-151	2.40827e-154	3.89207e-157	7.97541e-160	2.1207e-162	
Rhynchospora_nervosa	0	0	0	0	1	0	0	0	0	0	0	0	0	0	0	0	0	0	0	0	0	0	0	0	0	0	0	0	0	0	0	0	0	0	0	0	0	0	0	0	0	0	0	0	0	0	0	0	0	0	0	0	0	0	0	0	0	0	0	0	0	0	0	0	0	0	0	0	0	0	0	
Rhynchospora_robusta	0	0	0	0	1	0	0	0	0	0	0	0	0	0	0	0	0	0	0	0	0	0	0	0	0	0	0	0	0	0	0	0	0	0	0	0	0	0	0	0	0	0	0	0	0	0	0	0	0	0	0	0	0	0	0	0	0	0	0	0	0	0	0	0	0	0	0	0	0	0	0	
N20	0.071624	0.125616	0.173609	0.193496	0.174662	0.127812	0.0759061	0.0366537	0.0144281	0.00464392	0.0012263	0.000266538	4.78081e-05	7.08067e-06	8.60031e-07	8.83299e-08	7.70571e-09	5.79619e-10	4.16346e-11	4.71905e-12	1.24127e-12	4.01764e-13	9.01411e-14	1.54054e-14	2.0964e-15	2.32224e-16	2.12127e-17	1.61542e-18	1.04648e-19	5.69214e-21	2.61856e-22	1.02566e-23	3.44225e-25	9.95844e-27	2.49757e-28	5.45944e-30	1.04841e-31	1.82461e-33	3.57189e-35	1.54969e-36	1.34989e-37	1.22704e-38	9.81271e-40	5.36398e-41	2.30221e-42	8.13836e-44	2.42113e-45	6.13344e-47	1.3347e-48	2.5348e-50	4.16529e-52	5.95821e-54	7.4606e-56	8.22049e-58	8.01023e-60	6.93497e-62	5.3569e-64	3.70877e-66	2.31499e-68	1.32977e-70	8.04819e-73	8.7273e-75	2.03167e-76	5.3525e-78	1.1741e-79	2.13024e-81	3.29438e-83	4.56818e-85	6.45072e-87	1.19974e-88	5.18025e-90	
Calyptrocarya_glomerulata	0	0	0	0	0	0	0	0	0	1	0	0	0	0	0	0	0	0	0	0	0	0	0	0	0	0	0	0	0	0	0	0	0	0	0	0	0	0	0	0	0	0	0	0	0	0	0	0	0	0	0	0	0	0	0	0	0	0	0	0	0	0	0	0	0	0	0	0	0	0	0	
Scleria_foliosa	0	0	0	0	0	0	0	0	0	1	0	0	0	0	0	0	0	0	0	0	0	0	0	0	0	0	0	0	0	0	0	0	0	0	0	0	0	0	0	0	0	0	0	0	0	0	0	0	0	0	0	0	0	0	0	0	0	0	0	0	0	0	0	0	0	0	0	0	0	0	0	
N21	1.0798e-12	2.65628e-14	2.51631e-16	1.34703e-18	9.64918e-21	1.73773e-20	3.48834e-18	7.54434e-16	1.29064e-13	1.71466e-11	1.72934e-09	1.28554e-07	6.77102e-06	0.000239161	0.00521953	0.0632994	0.345655	0.541823	0.0427759	0.000971015	9.9621e-06	5.70528e-08	2.06581e-10	5.15974e-13	9.56417e-16	2.21963e-18	4.05673e-19	1.82026e-19	7.53171e-20	2.751e-20	8.54351e-21	2.18268e-21	4.46748e-22	7.15098e-23	8.70954e-24	7.77698e-25	4.8093e-26	1.86191e-27	3.6142e-29	1.47839e-31	3.05913e-34	4.0453e-37	3.85582e-40	2.88397e-43	1.82839e-46	1.05111e-49	5.68828e-53	2.88673e-56	1.33843e-59	5.54975e-63	2.00529e-66	6.2898e-70	1.71523e-73	4.08256e-77	8.52132e-81	1.56711e-84	2.55074e-88	3.69136e-92	4.76972e-96	5.52443e-100	5.75691e-104	5.41777e-108	4.62395e-112	3.6006e-116	2.5883e-120	1.7714e-124	1.26088e-128	1.13128e-132	1.4884e-136	2.53971e-140	4.83824e-144	
Cladium_mariscus	0	0	0	0	0	0	0	0	0	0	0	0	0	0	0	0	0	1	0	0	0	0	0	0	0	0	0	0	0	0	0	0	0	0	0	0	0	0	0	0	0	0	0	0	0	0	0	0	0	0	0	0	0	0	0	0	0	0	0	0	0	0	0	0	0	0	0	0	0	0	0	
Cladium_mariscoides	0	0	0	0	0	0	0	0	0	0	0	0	0	0	0	0	0	0	0	0	0	0	0	0	0	0	0	0	0	0	0	0	0	0	0	0	0	0	1	0	0	0	0	0	0	0	0	0	0	0	0	0	0	0	0	0	0	0	0	0	0	0	0	0	0	0	0	0	0	0	0	
