NODE	1	2	3	4	5	6	7	8	9	10	11	12	13	14	15	16	17	18	19	20	21	22	23	24	25	26	27	28	29	30	31	32	33	34	35	36	37	38	39	40	41	42	43	44	45	46	47	48	49	50	51	52	53	54	55	56	57	58	59	60	61	62	63	64	65	66	67	68	69	70	71	
N1	0.110942	0.109761	0.107278	0.103286	0.0975932	0.0901334	0.0810347	0.0706517	0.0595297	0.0483247	0.0376935	0.0281849	0.0201638	0.013779	0.00898186	0.00557864	0.00329846	0.00185518	0.00099194	0.000503948	0.000243163	0.000111394	4.84328e-05	1.99805e-05	7.81918e-06	2.90206e-06	1.02131e-06	3.40758e-07	1.07772e-07	3.23054e-08	9.17722e-09	2.47043e-09	6.30122e-10	1.5228e-10	3.48665e-11	7.56322e-12	1.5543e-12	3.02616e-13	9.28484e-17	3.88148e-17	1.57945e-17	6.25622e-18	2.41231e-18	9.05503e-19	3.30905e-19	1.17733e-19	4.07852e-20	1.37578e-20	4.51925e-21	1.44575e-21	4.5047e-22	1.36718e-22	4.04221e-23	1.16437e-23	3.26807e-24	8.93882e-25	2.38298e-25	6.19281e-26	1.56917e-26	3.87782e-27	9.34963e-28	2.20052e-28	5.05982e-29	1.13816e-29	2.51008e-30	5.44744e-31	1.17055e-31	2.51527e-32	5.48973e-33	1.25799e-33	3.71406e-34	
N2	0.0244533	0.0258771	0.0279418	0.0306881	0.0339702	0.0377586	0.0416649	0.0456542	0.0493163	0.0524714	0.054783	0.0562805	0.0565109	0.055781	0.0538857	0.0510647	0.0473472	0.0431811	0.0384335	0.0336649	0.0288473	0.0242742	0.0199765	0.0162049	0.0128097	0.00999077	0.00761753	0.00571534	0.00419027	0.00304031	0.00214477	0.00149987	0.00102423	0.000690922	0.000454796	0.000298022	0.000189184	0.000119795	7.38796e-05	4.52191e-05	2.69162e-05	1.60463e-05	9.21653e-06	5.31148e-06	2.96725e-06	1.65205e-06	8.90183e-07	4.82872e-07	2.50823e-07	1.31378e-07	6.63848e-08	3.35733e-08	1.63604e-08	8.06736e-09	3.79494e-09	1.81073e-09	8.32124e-10	3.85372e-10	1.72309e-10	7.86978e-11	3.4547e-11	1.55836e-11	6.87832e-12	3.11414e-12	1.39695e-12	6.5215e-13	3.05426e-13	1.51969e-13	8.09328e-14	5.09156e-14	4.21233e-14	
Lepironia_articulata	0	0	0	0	0	0	0	0	0	0	0	0	0	0	0	0	1	0	0	0	0	0	0	0	0	0	0	0	0	0	0	0	0	0	0	0	0	0	0	0	0	0	0	0	0	0	0	0	0	0	0	0	0	0	0	0	0	0	0	0	0	0	0	0	0	0	0	0	0	0	0	
Chrysitrix_capensis	0	0	0	0	0	0	0	0	0	0	0	0	0	0	0	0	0	0	0	0	0	0	1	0	0	0	0	0	0	0	0	0	0	0	0	0	0	0	0	0	0	0	0	0	0	0	0	0	0	0	0	0	0	0	0	0	0	0	0	0	0	0	0	0	0	0	0	0	0	0	0	
N3	0.100122	0.101925	0.102095	0.100636	0.0970451	0.0914898	0.0835133	0.0739618	0.0630978	0.0518288	0.0407945	0.0308746	0.0222512	0.0153912	0.0101394	0.00638872	0.00382575	0.00220395	0.00119857	0.000629826	0.000313824	0.000151194	6.89219e-05	3.1165e-05	1.31089e-05	5.60562e-06	2.25177e-06	9.29818e-07	3.55326e-07	1.48146e-07	5.40888e-08	2.21691e-08	7.94077e-09	3.14183e-09	1.05789e-09	4.10963e-10	1.28499e-10	4.69109e-11	1.39656e-11	4.76659e-12	1.30953e-12	4.27117e-13	1.08322e-13	3.30123e-14	7.91661e-15	2.24372e-15	4.98696e-16	1.36108e-16	2.78945e-17	7.08783e-18	1.39418e-18	3.33494e-19	6.07222e-20	1.40681e-20	2.39242e-21	5.24766e-22	8.62647e-23	1.75931e-23	2.72771e-24	5.58411e-25	7.95506e-26	1.50283e-26	2.14119e-27	3.88489e-28	5.15934e-29	9.38196e-30	1.30868e-30	2.64244e-31	5.01294e-32	1.35726e-32	5.19145e-33	
N4	0.101211	0.101961	0.10024	0.0965279	0.0909063	0.0840265	0.0758176	0.067139	0.0581219	0.0492789	0.0408226	0.0331906	0.0262925	0.0204495	0.0155285	0.0115561	0.00839357	0.00600517	0.00417708	0.00287092	0.00192729	0.00127799	0.000828025	0.000537369	0.000338178	0.000215367	0.000134168	8.4662e-05	5.21047e-05	3.33014e-05	2.03195e-05	1.30117e-05	7.99632e-06	5.10625e-06	3.09533e-06	1.9948e-06	1.18437e-06	7.51877e-07	4.43366e-07	2.75985e-07	1.58316e-07	9.80857e-08	5.4656e-08	3.31227e-08	1.82446e-08	1.07966e-08	5.78524e-09	3.413e-09	1.77754e-09	1.02541e-09	5.30952e-10	3.0011e-10	1.5147e-10	8.56158e-11	4.21921e-11	2.33998e-11	1.15173e-11	6.24798e-12	3.01391e-12	1.64916e-12	7.78396e-13	4.19061e-13	2.02139e-13	1.09728e-13	5.45675e-14	3.21338e-14	1.82043e-14	1.27103e-14	9.58714e-15	9.11398e-15	1.0378e-14	
Calyptrocarya_glomerulata	0	0	0	0	0	0	0	0	0	1	0	0	0	0	0	0	0	0	0	0	0	0	0	0	0	0	0	0	0	0	0	0	0	0	0	0	0	0	0	0	0	0	0	0	0	0	0	0	0	0	0	0	0	0	0	0	0	0	0	0	0	0	0	0	0	0	0	0	0	0	0	
Scleria_foliosa	0	0	0	0	0	0	0	0	0	1	0	0	0	0	0	0	0	0	0	0	0	0	0	0	0	0	0	0	0	0	0	0	0	0	0	0	0	0	0	0	0	0	0	0	0	0	0	0	0	0	0	0	0	0	0	0	0	0	0	0	0	0	0	0	0	0	0	0	0	0	0	
N5	0.0933191	0.0954834	0.0965588	0.0964339	0.0944534	0.0906071	0.0842045	0.0759774	0.0660229	0.0552582	0.0442927	0.0341905	0.025095	0.0177294	0.0119181	0.00768976	0.00470496	0.00279603	0.00155567	0.000850676	0.000437007	0.00022231	0.00010482	5.20146e-05	2.26491e-05	1.10914e-05	4.70353e-06	2.33189e-06	9.29607e-07	4.97791e-07	1.85045e-07	1.00095e-07	3.64683e-08	1.92123e-08	6.44469e-09	3.46395e-09	1.06071e-09	5.40823e-10	1.60344e-10	7.76002e-11	2.10685e-11	9.98025e-12	2.51047e-12	1.13161e-12	2.73461e-13	1.13599e-13	2.57267e-14	1.08798e-14	2.22888e-15	8.55651e-16	1.77937e-16	6.6873e-17	1.24316e-17	4.54446e-18	8.09358e-19	2.96075e-19	5.06153e-20	1.59582e-20	2.69501e-21	9.91595e-22	1.3978e-22	4.21609e-23	6.75468e-24	2.20383e-24	2.85923e-25	8.39397e-26	1.14637e-26	3.90455e-27	6.81212e-28	3.28307e-28	2.53636e-28	
N6	0.0354751	0.0377554	0.0411112	0.0454607	0.0503872	0.0556297	0.0603737	0.0644219	0.0670618	0.0680857	0.0671386	0.0645766	0.0600599	0.0544739	0.0478595	0.0409166	0.0338641	0.0274263	0.0214054	0.0164029	0.0121695	0.00885791	0.00624106	0.00437378	0.00294097	0.00198438	0.0012943	0.000846072	0.00053258	0.000343281	0.000208835	0.000131198	7.82288e-05	4.77266e-05	2.74016e-05	1.64421e-05	9.04527e-06	5.22962e-06	2.79669e-06	1.55317e-06	7.92529e-07	4.29084e-07	2.08708e-07	1.08363e-07	5.11048e-08	2.54025e-08	1.1436e-08	5.55136e-09	2.38321e-09	1.10851e-09	4.63585e-10	2.06971e-10	8.27154e-11	3.61172e-11	1.38131e-11	5.79508e-12	2.16489e-12	8.70499e-13	3.12332e-13	1.23777e-13	4.26561e-14	1.63298e-14	5.6292e-15	2.13238e-15	7.43268e-16	2.9695e-16	1.13372e-16	5.07207e-17	2.35952e-17	1.32711e-17	9.93777e-18	
N7	5.35517e-06	9.13414e-06	2.04116e-05	4.94386e-05	0.000118433	0.000272112	0.000589738	0.00120682	0.00232576	0.00424708	0.00738481	0.0123144	0.0195635	0.0296245	0.0422891	0.0565278	0.070071	0.0805045	0.0852708	0.0843729	0.0786881	0.0705308	0.0616816	0.0536338	0.0463615	0.0402081	0.0346319	0.0294702	0.0244106	0.0195927	0.0149337	0.0108421	0.00739992	0.00475617	0.0028576	0.00161918	0.000852854	0.000423863	0.000196605	8.58151e-05	3.4974e-05	1.35038e-05	4.84814e-06	1.653e-06	5.27157e-07	1.59205e-07	4.50127e-08	1.21527e-08	3.05658e-09	7.36198e-10	1.6638e-10	3.5893e-11	7.27631e-12	1.42178e-12	2.59907e-13	4.59755e-14	7.68137e-15	1.23939e-15	1.89732e-16	2.83808e-17	4.02622e-18	5.61254e-19	7.51525e-20	9.87582e-21	1.25416e-21	1.57224e-22	1.90337e-23	2.2707e-24	2.64221e-25	3.16629e-26	5.61881e-27	
Cladium_mariscus	0	0	0	0	0	0	0	0	0	0	0	0	0	0	0	0	0	1	0	0	0	0	0	0	0	0	0	0	0	0	0	0	0	0	0	0	0	0	0	0	0	0	0	0	0	0	0	0	0	0	0	0	0	0	0	0	0	0	0	0	0	0	0	0	0	0	0	0	0	0	0	
Cladium_mariscoides	0	0	0	0	0	0	0	0	0	0	0	0	0	0	0	0	0	0	0	0	0	0	0	0	0	0	0	0	0	0	0	0	0	0	0	0	0	0	1	0	0	0	0	0	0	0	0	0	0	0	0	0	0	0	0	0	0	0	0	0	0	0	0	0	0	0	0	0	0	0	0	
N8	0.0133608	0.0146584	0.0169064	0.0202442	0.0247002	0.0303462	0.0368881	0.0441979	0.0516755	0.0588136	0.0648393	0.0694112	0.071597	0.0715991	0.0690471	0.064383	0.0578451	0.050413	0.0421853	0.0342809	0.0268286	0.0203505	0.0148622	0.010596	0.0072344	0.00484006	0.00311762	0.00196401	0.00119	0.00071469	0.000408444	0.000232871	0.000127181	6.89801e-05	3.56869e-05	1.86773e-05	9.14708e-06	4.56092e-06	2.14401e-06	1.01687e-06	4.51676e-07	2.06629e-07	8.65681e-08	3.75752e-08	1.50751e-08	6.19425e-09	2.34092e-09	9.25652e-10	3.29063e-10	1.2301e-10	4.1851e-11	1.47825e-11	4.73036e-12	1.6047e-12	4.82865e-13	1.54674e-13	4.45348e-14	1.34509e-14	3.64781e-15	1.06108e-15	2.71439e-16	7.49492e-17	1.86934e-17	4.99511e-18	1.23102e-18	3.37513e-19	8.80496e-20	2.60895e-20	8.00428e-21	2.9961e-21	1.66219e-21	
N9	0.00808292	0.00892793	0.0104151	0.0126448	0.0156699	0.0195917	0.0243276	0.0299004	0.0360674	0.0425897	0.0490311	0.0550924	0.0600616	0.0637812	0.0657452	0.0658751	0.0640536	0.0606926	0.0556917	0.0498369	0.0432908	0.0366116	0.0300465	0.0241224	0.0187197	0.0142486	0.0105335	0.00763287	0.00537691	0.00376317	0.00254472	0.0017258	0.00114218	0.000758312	0.000490912	0.000326248	0.000207681	0.000137017	8.73171e-05	5.71415e-05	3.58223e-05	2.35678e-05	1.44676e-05	9.36155e-06	5.69784e-06	3.60339e-06	2.1286e-06	1.33211e-06	7.60383e-07	4.6141e-07	2.57955e-07	1.5138e-07	8.14404e-08	4.68741e-08	2.42443e-08	1.34762e-08	6.80945e-09	3.65468e-09	1.78055e-09	9.41701e-10	4.43818e-10	2.28873e-10	1.0786e-10	5.53529e-11	2.65247e-11	1.4396e-11	7.51854e-12	4.51161e-12	2.78223e-12	1.99802e-12	1.78196e-12	
Schoenus_brevifolius	0	0	0	0	0	0	0	0	0	0	0	0	0	0	0	0	0	0	0	0	0	0	0	0	0	0	0	0	0	0	0	0	0	0	0	0	0	0	0	0	0	0	0	0	0	0	0	0	0	0	0	0	0	0	0	0	0	0	0	0	1	0	0	0	0	0	0	0	0	0	0	
N10	0.0161489	0.0176947	0.0203267	0.0241313	0.029043	0.0350087	0.0416298	0.0486421	0.0554345	0.0614729	0.0661463	0.0691164	0.0698752	0.0685244	0.0650608	0.0598327	0.0532588	0.0459614	0.0383358	0.0309918	0.0242386	0.0183481	0.0134332	0.00953287	0.0065333	0.00434146	0.0027912	0.00173824	0.00104775	0.000613611	0.00034735	0.000191322	0.000102201	5.30845e-05	2.67693e-05	1.31935e-05	6.29988e-06	2.94669e-06	1.34137e-06	5.97095e-07	2.58788e-07	1.10345e-07	4.56e-08	1.85625e-08	7.35399e-09	2.85766e-09	1.07957e-09	4.02324e-10	1.44793e-10	5.14252e-11	1.77146e-11	5.99161e-12	1.96399e-12	6.36344e-13	1.98638e-13	6.14071e-14	1.84127e-14	5.45308e-15	1.57092e-15	4.51749e-16	1.26297e-16	3.54784e-17	9.81421e-18	2.73077e-18	7.53679e-19	2.10891e-19	5.86069e-20	1.65943e-20	4.82406e-21	1.59064e-21	7.85825e-22	
Schoenus_apogon	0	0	0	1	0	0	0	0	0	0	0	0	0	0	0	0	0	0	0	0	0	0	0	0	0	0	0	0	0	0	0	0	0	0	0	0	0	0	0	0	0	0	0	0	0	0	0	0	0	0	0	0	0	0	0	0	0	0	0	0	0	0	0	0	0	0	0	0	0	0	0	
Schoenus_nigricans	0	0	0	0	0	0	0	0	0	0	0	0	0	0	0	0	0	0	0	0	0	1	0	0	0	0	0	0	0	0	0	0	0	0	0	0	0	0	0	0	0	0	0	0	0	0	0	0	0	0	0	0	0	0	0	0	0	0	0	0	0	0	0	0	0	0	0	0	0	0	0	
N11	0.0126231	0.0138049	0.0158432	0.0188777	0.0229617	0.0281872	0.0343551	0.041364	0.0487317	0.0559701	0.0623847	0.0675183	0.0705377	0.0713933	0.069756	0.065871	0.0600012	0.0529543	0.0449575	0.0370198	0.0294028	0.0226176	0.0167752	0.0121397	0.008421	0.00572674	0.0037526	0.00240834	0.00148437	0.000916162	0.000532224	0.000314918	0.00017646	0.000100919	5.36192e-05	3.09293e-05	1.55466e-05	8.86742e-06	4.40116e-06	2.48743e-06	1.16535e-06	6.87e-07	3.02447e-07	1.76251e-07	7.67835e-08	4.35374e-08	1.77695e-08	1.02696e-08	3.9191e-09	2.17415e-09	8.14348e-10	4.31183e-10	1.51171e-10	7.92581e-11	2.61012e-11	1.30341e-11	4.1808e-12	1.97189e-12	5.97416e-13	2.79153e-13	7.91374e-14	3.48834e-14	9.77381e-15	4.13229e-15	1.09152e-15	4.61634e-16	1.22752e-16	5.65007e-17	2.19518e-17	1.66987e-17	1.76038e-17	
Oreobolus_pectinatus	0	0	0	0	0	0	0	0	0	0	0	0	0	0	0	0	0	0	1	0	0	0	0	0	0	0	0	0	0	0	0	0	0	0	0	0	0	0	0	0	0	0	0	0	0	0	0	0	0	0	0	0	0	0	0	0	0	0	0	0	0	0	0	0	0	0	0	0	0	0	0	
N12	0.0111667	0.0121725	0.013893	0.0164518	0.0199058	0.0243631	0.0296981	0.0358922	0.0426042	0.0494848	0.055975	0.0616827	0.0658156	0.068226	0.0684582	0.0665558	0.0625746	0.0571374	0.0503251	0.0431009	0.035712	0.0287442	0.0223862	0.0170685	0.0125284	0.00905165	0.00633415	0.0043636	0.0029064	0.00195186	0.00124529	0.000816426	0.000513366	0.000332663	0.000203864	0.000135769	8.11427e-05	5.41256e-05	3.25508e-05	2.1548e-05	1.2519e-05	8.42474e-06	4.69252e-06	3.07596e-06	1.68813e-06	1.06772e-06	5.58203e-07	3.49929e-07	1.73855e-07	1.04647e-07	5.07646e-08	2.93292e-08	1.35348e-08	7.68152e-09	3.37625e-09	1.84087e-09	7.89764e-10	4.12454e-10	1.69359e-10	8.76728e-11	3.42923e-11	1.70497e-11	6.64246e-12	3.22521e-12	1.22726e-12	6.20321e-13	2.55259e-13	1.50819e-13	9.06977e-14	8.0192e-14	9.07203e-14	
Gahnia_aspera	0	0	0	0	0	0	0	0	0	0	0	0	0	0	0	0	0	0	0	0	0	0	0	0	0	0	0	0	0	0	0	0	0	0	0	0	0	0	0	1	0	0	0	0	0	0	0	0	0	0	0	0	0	0	0	0	0	0	0	0	0	0	0	0	0	0	0	0	0	0	0	
N13	0.0101035	0.011371	0.0136559	0.0170726	0.0216473	0.0274333	0.0341908	0.0417816	0.0496879	0.0573995	0.0642017	0.0696076	0.0727883	0.0736352	0.0718434	0.0676389	0.0613607	0.0537658	0.0453114	0.0368851	0.0289294	0.0218936	0.0159719	0.0112753	0.00766384	0.00504714	0.00320968	0.00197587	0.00117522	0.000679397	0.000378534	0.000205275	0.00010765	5.48343e-05	2.70069e-05	1.29959e-05	6.01738e-06	2.72753e-06	1.19508e-06	5.10839e-07	2.1088e-07	8.56527e-08	3.33268e-08	1.27866e-08	4.72596e-09	1.71234e-09	5.96436e-10	2.05747e-10	6.74783e-11	2.19593e-11	6.83955e-12	2.09821e-12	6.14818e-13	1.79506e-13	4.94986e-14	1.3638e-14	3.58076e-15	9.33493e-16	2.32218e-16	5.8206e-17	1.38454e-17	3.34287e-18	7.79813e-19	1.84554e-19	4.27167e-20	1.01648e-20	2.37459e-21	5.7064e-22	1.38591e-22	3.77777e-23	1.58411e-23	
Tetraria_capillaris	0	0	0	0	0	0	0	0	0	1	0	0	0	0	0	0	0	0	0	0	0	0	0	0	0	0	0	0	0	0	0	0	0	0	0	0	0	0	0	0	0	0	0	0	0	0	0	0	0	0	0	0	0	0	0	0	0	0	0	0	0	0	0	0	0	0	0	0	0	0	0	
N14	0.000778315	0.00101975	0.00155806	0.00255177	0.00423005	0.00690941	0.0108961	0.0165353	0.0239818	0.033258	0.0440465	0.0558956	0.0675324	0.0778974	0.085222	0.0883349	0.0864239	0.0801811	0.0702634	0.0589201	0.0474067	0.0370339	0.0281968	0.021194	0.0155505	0.0112738	0.00795885	0.0054903	0.00364965	0.00237358	0.00146434	0.000883574	0.00050686	0.000282772	0.000149279	7.80626e-05	3.79391e-05	1.84125e-05	8.37088e-06	3.76829e-06	1.57732e-06	6.681e-07	2.56662e-07	1.00291e-07	3.58655e-08	1.28749e-08	4.20614e-09	1.40807e-09	4.19579e-10	1.28721e-10	3.55641e-11	1.00011e-11	2.5242e-12	6.6143e-13	1.52711e-13	3.67968e-14	7.90752e-15	1.75454e-15	3.46902e-16	7.23419e-17	1.32146e-17	2.56651e-18	4.47257e-19	8.25543e-20	1.39638e-20	2.59712e-21	4.55586e-22	8.91016e-23	1.75207e-23	3.9969e-24	1.38375e-24	
Machaerina_mariscoides	0	0	0	0	0	0	0	0	0	0	0	0	0	0	0	0	0	0	0	0	0	0	0	0	0	0	0	0	0	0	0	0	0	0	0	0	0	0	1	0	0	0	0	0	0	0	0	0	0	0	0	0	0	0	0	0	0	0	0	0	0	0	0	0	0	0	0	0	0	0	0	
Baumea_articulata	0	0	0	0	0	0	0	0	0	0	0	1	0	0	0	0	0	0	0	0	0	0	0	0	0	0	0	0	0	0	0	0	0	0	0	0	0	0	0	0	0	0	0	0	0	0	0	0	0	0	0	0	0	0	0	0	0	0	0	0	0	0	0	0	0	0	0	0	0	0	0	
N15	0.0819421	0.0844591	0.0865852	0.0880902	0.0882198	0.0867503	0.0828796	0.0770489	0.0692231	0.0601027	0.0502348	0.0405874	0.0314291	0.023525	0.0169084	0.0117262	0.007805	0.00504885	0.00311863	0.00188271	0.00109171	0.000619785	0.000337845	0.000184722	9.56228e-05	5.06736e-05	2.56659e-05	1.33725e-05	6.58002e-06	3.47374e-06	1.65926e-06	8.65353e-07	4.0879e-07	2.07878e-07	9.39786e-08	4.73655e-08	2.03171e-08	9.82113e-09	4.08583e-09	1.88795e-09	7.42414e-10	3.34666e-10	1.24425e-10	5.36044e-11	1.92839e-11	7.91143e-12	2.70153e-12	1.08899e-12	3.51785e-13	1.35211e-13	4.28055e-14	1.58001e-14	4.74912e-15	1.72822e-15	4.95906e-16	1.73735e-16	4.90129e-17	1.63358e-17	4.42082e-18	1.47934e-18	3.77904e-19	1.19839e-19	3.07023e-20	9.48179e-21	2.34862e-21	7.44768e-22	1.98648e-22	7.10601e-23	2.53264e-23	1.2547e-23	9.00253e-24	
N16	0.126439	0.126052	0.121389	0.113358	0.102505	0.0900629	0.0764899	0.0630938	0.0503594	0.0389412	0.0291077	0.0210983	0.0147396	0.0099779	0.00651661	0.00411372	0.00250331	0.00147577	0.000836097	0.000459135	0.000242891	0.000124308	6.12785e-05	2.93854e-05	1.35193e-05	6.0679e-06	2.62565e-06	1.10681e-06	4.49832e-07	1.80091e-07	6.90005e-08	2.61896e-08	9.57864e-09	3.4591e-09	1.20096e-09	4.1817e-10	1.379e-10	4.58387e-11	1.45308e-11	4.60414e-12	1.38388e-12	4.22684e-13	1.20186e-13	3.48617e-14	9.49081e-15	2.60821e-15	6.70058e-16	1.76781e-16	4.28075e-17	1.0686e-17	2.47401e-18	5.84262e-19	1.27573e-19	2.89132e-20	5.95693e-21	1.27883e-21	2.52551e-22	5.13899e-23	9.61917e-24	1.89175e-24	3.3737e-25	6.36662e-26	1.11721e-26	2.0657e-27	3.62553e-28	6.89778e-29	1.27093e-29	2.55796e-30	5.25892e-31	1.24282e-31	4.312e-32	
N17	0.107015	0.107971	0.106394	0.102648	0.0966694	0.0890341	0.0796392	0.069442	0.05872	0.0481758	0.0382196	0.02941	0.021786	0.0156275	0.0107947	0.00719632	0.00461304	0.00286038	0.00169895	0.000976435	0.00053886	0.00028706	0.000146779	7.28397e-05	3.45419e-05	1.5934e-05	7.05553e-06	3.032e-06	1.25038e-06	5.05009e-07	1.94402e-07	7.35649e-08	2.6692e-08	9.48429e-09	3.22705e-09	1.08814e-09	3.47523e-10	1.10388e-10	3.34405e-11	1.00082e-11	2.849e-12	8.11688e-13	2.17044e-13	5.82583e-14	1.47924e-14	3.73808e-15	8.91689e-16	2.1463e-16	4.80899e-17	1.0903e-17	2.32342e-18	4.96469e-19	9.95491e-20	2.03055e-20	3.8361e-21	7.39552e-22	1.33558e-22	2.43945e-23	4.18147e-24	7.3715e-25	1.20919e-25	2.05385e-26	3.32045e-27	5.54088e-28	8.94576e-29	1.5171e-29	2.51204e-30	4.36767e-31	7.65147e-32	1.48997e-32	4.40989e-33	
Rhynchospora_corniculata	0	0	0	0	0	0	0	0	1	0	0	0	0	0	0	0	0	0	0	0	0	0	0	0	0	0	0	0	0	0	0	0	0	0	0	0	0	0	0	0	0	0	0	0	0	0	0	0	0	0	0	0	0	0	0	0	0	0	0	0	0	0	0	0	0	0	0	0	0	0	0	
N18	0.0857806	0.0891297	0.0926061	0.0955989	0.0968179	0.0955637	0.090667	0.0826013	0.0716347	0.0590445	0.0460269	0.0340255	0.023648	0.015555	0.00962237	0.0056153	0.00307773	0.00159733	0.000775334	0.000357001	0.000154294	6.3159e-05	2.42624e-05	8.91666e-06	3.055e-06	1.00787e-06	3.12175e-07	9.30719e-08	2.60208e-08	7.14807e-09	1.81493e-09	4.5814e-10	1.07805e-10	2.51282e-11	5.42577e-12	1.19158e-12	2.36107e-13	4.80231e-14	8.89333e-15	1.67117e-15	2.83602e-16	5.00468e-17	7.77274e-18	1.26374e-18	1.82925e-19	2.7354e-20	3.62859e-21	5.09216e-22	6.19079e-23	8.0096e-24	9.11563e-25	1.09009e-25	1.14215e-26	1.28758e-27	1.24519e-28	1.3035e-29	1.18844e-30	1.15517e-31	9.78465e-33	9.07563e-34	7.14823e-35	6.20978e-36	4.72612e-37	3.9244e-38	2.90775e-39	2.45538e-40	1.91182e-41	1.71908e-42	1.52844e-43	1.54684e-44	2.29243e-45	
Rhynchospora_albiceps	0	0	0	0	0	0	0	0	0	1	0	0	0	0	0	0	0	0	0	0	0	0	0	0	0	0	0	0	0	0	0	0	0	0	0	0	0	0	0	0	0	0	0	0	0	0	0	0	0	0	0	0	0	0	0	0	0	0	0	0	0	0	0	0	0	0	0	0	0	0	0	
N19	0.0621241	0.0687237	0.0788114	0.0903334	0.100232	0.106056	0.105332	0.0981238	0.0850854	0.0686125	0.0512227	0.0355031	0.0226464	0.0133861	0.00728416	0.00366213	0.00169284	0.000727079	0.00028578	0.00010484	3.5393e-05	1.11663e-05	3.24327e-06	8.99276e-07	2.27077e-07	5.57855e-08	1.26237e-08	2.80033e-09	5.68303e-10	1.18359e-10	2.17255e-11	4.18997e-12	7.14902e-13	1.26819e-13	1.95248e-14	3.24836e-15	4.48088e-16	6.75901e-17	8.55658e-18	1.16678e-18	1.32186e-19	1.66675e-20	1.69357e-21	1.93758e-22	1.81038e-23	1.87843e-24	1.58743e-25	1.54114e-26	1.17777e-27	1.04403e-28	7.46728e-30	6.09566e-31	3.97659e-32	3.07473e-33	1.84255e-34	1.32276e-35	7.51977e-37	4.97527e-38	2.62596e-39	1.69181e-40	8.18955e-42	4.86744e-43	2.3021e-44	1.29694e-45	5.78003e-47	3.26656e-48	1.52244e-49	9.30381e-51	5.37895e-52	3.82331e-53	3.82764e-54	
Rhynchospora_barbata	0	0	0	0	1	0	0	0	0	0	0	0	0	0	0	0	0	0	0	0	0	0	0	0	0	0	0	0	0	0	0	0	0	0	0	0	0	0	0	0	0	0	0	0	0	0	0	0	0	0	0	0	0	0	0	0	0	0	0	0	0	0	0	0	0	0	0	0	0	0	0	
N20	0.0117464	0.0157582	0.0244435	0.0389978	0.0593648	0.0835789	0.106588	0.123154	0.127973	0.11971	0.100328	0.0757769	0.0509766	0.0309294	0.0167562	0.00818424	0.00356971	0.00142556	0.000505085	0.000166626	4.93419e-05	1.37812e-05	3.45397e-06	8.59227e-07	1.86237e-07	4.15446e-08	8.10404e-09	1.62689e-09	2.78223e-10	5.12633e-11	7.62794e-12	1.24404e-12	1.6481e-13	2.36159e-14	2.72081e-15	3.53078e-16	3.54011e-17	4.06249e-18	3.67209e-19	3.7605e-20	3.00042e-21	2.82435e-22	2.00797e-23	1.71269e-24	1.12312e-25	8.64004e-27	5.13929e-28	3.77308e-29	2.01992e-30	1.34426e-31	6.88244e-33	4.24734e-34	1.96935e-35	1.15439e-36	4.93248e-38	2.69202e-39	1.08737e-40	5.37145e-42	2.01544e-43	9.76666e-45	3.30011e-46	1.44371e-47	4.75793e-49	1.97456e-50	5.97322e-52	2.40132e-53	7.43856e-55	3.18822e-56	1.21936e-57	6.14071e-59	4.20537e-60	
Rhynchospora_globosa	0	0	0	0	0	0	0	0	0	0	0	1	0	0	0	0	0	0	0	0	0	0	0	0	0	0	0	0	0	0	0	0	0	0	0	0	0	0	0	0	0	0	0	0	0	0	0	0	0	0	0	0	0	0	0	0	0	0	0	0	0	0	0	0	0	0	0	0	0	0	0	
Rhynchospora_rubra	0	0	0	0	0	0	0	0	0	1	0	0	0	0	0	0	0	0	0	0	0	0	0	0	0	0	0	0	0	0	0	0	0	0	0	0	0	0	0	0	0	0	0	0	0	0	0	0	0	0	0	0	0	0	0	0	0	0	0	0	0	0	0	0	0	0	0	0	0	0	0	
N21	0.128286	0.127795	0.122872	0.114464	0.103154	0.0902585	0.0762474	0.0625238	0.0495562	0.0380317	0.0281791	0.0202514	0.013999	0.00938412	0.006059	0.00378339	0.00227229	0.0013263	0.000740322	0.000402632	0.000210122	0.000106657	5.18281e-05	2.48743e-05	1.12777e-05	5.11141e-06	2.20257e-06	9.51415e-07	3.87059e-07	1.64841e-07	6.3655e-08	2.65495e-08	1.00704e-08	4.13075e-09	1.49941e-09	6.26574e-10	2.16415e-10	8.83322e-11	3.00097e-11	1.18406e-11	3.79751e-12	1.48584e-12	4.48798e-13	1.67907e-13	4.91888e-14	1.7456e-14	4.81791e-15	1.67758e-15	4.34444e-16	1.43214e-16	3.60354e-17	1.13121e-17	2.67599e-18	8.20004e-19	1.83297e-19	5.36375e-20	1.16472e-20	3.21901e-21	6.65039e-22	1.83723e-22	3.54844e-23	9.22874e-24	1.78174e-24	4.495e-25	8.20655e-26	2.10121e-26	4.02177e-27	1.16707e-27	3.22052e-28	1.37192e-28	8.39222e-29	
Rhynchospora_cephalotes	0	0	0	0	0	0	0	0	1	0	0	0	0	0	0	0	0	0	0	0	0	0	0	0	0	0	0	0	0	0	0	0	0	0	0	0	0	0	0	0	0	0	0	0	0	0	0	0	0	0	0	0	0	0	0	0	0	0	0	0	0	0	0	0	0	0	0	0	0	0	0	
N22	0.119842	0.120345	0.117437	0.111576	0.102824	0.0920571	0.0794669	0.0664193	0.0534658	0.0415069	0.0309752	0.0223317	0.0154207	0.0102914	0.00659239	0.00407319	0.00241404	0.00138827	0.000761914	0.000407181	0.000208593	0.000103959	4.96128e-05	2.33945e-05	1.04473e-05	4.66156e-06	1.98509e-06	8.45349e-07	3.41659e-07	1.42386e-07	5.48459e-08	2.2133e-08	8.30314e-09	3.23779e-09	1.15826e-09	4.44589e-10	1.50798e-10	5.54056e-11	1.81669e-11	6.35718e-12	1.96488e-12	6.66632e-13	1.93942e-13	6.24382e-14	1.74508e-14	5.3147e-15	1.40001e-15	4.1339e-16	1.02435e-16	2.86399e-17	6.85354e-18	1.821e-18	4.11092e-19	1.06114e-19	2.26658e-20	5.57492e-21	1.15466e-21	2.69299e-22	5.30317e-23	1.21783e-23	2.26553e-24	4.94331e-25	9.10421e-26	1.92726e-26	3.47121e-27	7.57885e-28	1.46768e-28	3.55392e-29	8.66196e-30	2.70636e-30	1.2664e-30	
N23	0.000503004	0.000720142	0.00128353	0.00252359	0.00500438	0.00956123	0.0170894	0.0284262	0.0436543	0.0619153	0.0808666	0.0976627	0.108344	0.111294	0.105479	0.0926985	0.0754175	0.0572755	0.0402016	0.0263682	0.0160062	0.00903533	0.0047039	0.00228458	0.00101547	0.00042133	0.000160501	5.68664e-05	1.84738e-05	5.63757e-06	1.56448e-06	4.0961e-07	9.81633e-08	2.21077e-08	4.5514e-09	8.92751e-10	1.58198e-10	2.68343e-11	4.14578e-12	6.09189e-13	8.13672e-14	1.0495e-14	1.21606e-15	1.38286e-16	1.55624e-17	2.71017e-18	1.09655e-18	7.09474e-19	4.56843e-19	2.99402e-19	1.82505e-19	1.11794e-19	6.39743e-20	3.75862e-20	2.04498e-20	1.15025e-20	6.07892e-21	3.29367e-21	1.68128e-21	8.95704e-22	4.45248e-22	2.32526e-22	1.16038e-22	6.05872e-23	3.07525e-23	1.66438e-23	8.8503e-24	5.01455e-24	2.87902e-24	1.81728e-24	1.4233e-24	
Rhynchospora_chinensis	0	0	0	0	0	0	0	0	0	0	0	0	0	0	0	0	0	0	0	0	0	0	0	0	0	0	0	0	0	0	1	0	0	0	0	0	0	0	0	0	0	0	0	0	0	0	0	0	0	0	0	0	0	0	0	0	0	0	0	0	0	0	0	0	0	0	0	0	0	0	0	
N24	0.000499966	0.000714893	0.00127329	0.00250504	0.00497658	0.00952664	0.0170661	0.0284341	0.0437309	0.0620767	0.0811397	0.0979835	0.108716	0.111589	0.105676	0.0927211	0.0753135	0.0570247	0.0399219	0.0260767	0.0157669	0.00885406	0.00458765	0.0022131	0.000978333	0.000402766	0.000152386	5.35159e-05	1.72548e-05	5.20948e-06	1.43388e-06	3.70969e-07	8.80454e-08	1.95733e-08	3.98676e-09	7.70809e-10	1.34979e-10	2.25483e-11	3.4387e-12	4.97493e-13	6.53905e-14	8.34251e-15	9.43868e-16	1.05312e-16	1.04624e-17	1.02969e-18	8.70934e-20	8.11502e-21	5.65569e-22	5.10306e-23	3.06626e-24	2.93998e-25	1.23567e-26	1.80451e-27	4.48585e-29	1.01044e-29	2.09345e-31	5.66048e-32	6.27972e-34	3.04349e-34	2.18456e-36	1.27174e-36	1.02113e-38	4.73881e-39	2.49249e-41	1.52215e-41	6.37349e-44	4.03819e-44	1.7886e-46	1.02777e-46	2.23819e-47	
N25	0.000494158	0.000728582	0.00135728	0.00279085	0.00575508	0.0113291	0.0207116	0.0348785	0.0537695	0.0757515	0.0973524	0.114168	0.121771	0.118317	0.104534	0.0839827	0.0613229	0.0407898	0.0246337	0.0135717	0.00681006	0.00311909	0.00130362	0.000500992	0.000175572	5.69638e-05	1.70089e-05	4.72382e-06	1.21404e-06	2.97691e-07	6.72232e-08	1.48046e-08	3.05631e-09	6.18198e-10	1.16629e-10	2.23507e-11	3.84973e-12	6.7955e-13	1.08452e-13	1.74134e-14	2.49464e-15	3.69537e-16	4.73298e-17	6.31968e-18	7.37734e-19	8.88036e-20	9.29914e-21	1.02976e-21	9.69916e-23	9.75051e-24	8.42774e-25	7.71989e-26	6.05216e-27	5.1562e-28	3.68068e-29	2.8827e-30	1.91853e-31	1.3854e-32	8.49217e-34	5.82834e-35	3.30173e-36	2.1145e-37	1.15761e-38	7.05868e-40	3.75855e-41	2.35621e-42	1.3385e-43	9.09024e-45	6.0927e-46	4.60094e-47	4.95287e-48	
Rhynchospora_fusca	0	0	0	0	0	0	0	0	0	0	0	0	1	0	0	0	0	0	0	0	0	0	0	0	0	0	0	0	0	0	0	0	0	0	0	0	0	0	0	0	0	0	0	0	0	0	0	0	0	0	0	0	0	0	0	0	0	0	0	0	0	0	0	0	0	0	0	0	0	0	0	
Rhynchospora_alba	0	0	0	0	0	0	0	0	0	0	0	0	1	0	0	0	0	0	0	0	0	0	0	0	0	0	0	0	0	0	0	0	0	0	0	0	0	0	0	0	0	0	0	0	0	0	0	0	0	0	0	0	0	0	0	0	0	0	0	0	0	0	0	0	0	0	0	0	0	0	0	
N26	0.000238431	0.000371152	0.0007501	0.00168151	0.00376605	0.00800462	0.0157055	0.0282115	0.0461157	0.0684919	0.0922886	0.112864	0.124837	0.125023	0.113077	0.0922889	0.0678797	0.0450639	0.026893	0.014489	0.0070315	0.00307917	0.00121575	0.000436132	0.000140813	4.15792e-05	1.11485e-05	2.74589e-06	6.17129e-07	1.31073e-07	2.52282e-08	4.70904e-09	8.12005e-10	1.36705e-10	2.11031e-11	3.32424e-12	4.58721e-13	6.53434e-14	8.20265e-15	1.0408e-15	1.1458e-16	1.3168e-17	1.26665e-18	1.28456e-19	1.10403e-20	9.88522e-22	7.46152e-23	6.0327e-24	4.01249e-25	2.88786e-26	1.72966e-27	1.1129e-28	5.92932e-30	3.4856e-31	1.65905e-32	8.80473e-34	3.83911e-35	1.84502e-36	7.2777e-38	3.27539e-39	1.17135e-40	4.82939e-42	1.64215e-43	6.32108e-45	2.03914e-46	7.93353e-48	2.69224e-49	1.13347e-50	4.67024e-52	2.218e-53	1.41179e-54	
Rhynchospora_rugosa	0	0	0	0	0	0	0	0	0	0	0	0	0	0	0	0	0	1	0	0	0	0	0	0	0	0	0	0	0	0	0	0	0	0	0	0	0	0	0	0	0	0	0	0	0	0	0	0	0	0	0	0	0	0	0	0	0	0	0	0	0	0	0	0	0	0	0	0	0	0	0	
N27	0.000338729	0.000561628	0.00120201	0.00274769	0.00608667	0.0125585	0.023688	0.040597	0.062967	0.0882407	0.111574	0.127163	0.130213	0.11968	0.0984941	0.0724611	0.047605	0.0279432	0.014619	0.00683584	0.00285523	0.00106635	0.00035638	0.00010741	2.89373e-05	7.10419e-06	1.5811e-06	3.2419e-07	6.07729e-08	1.12539e-08	1.85896e-09	3.27844e-10	5.29548e-11	9.24081e-12	1.38354e-12	2.4932e-13	3.33417e-14	5.52705e-15	6.85959e-16	1.0179e-16	1.09932e-17	1.51563e-18	1.43008e-19	1.76157e-20	1.5011e-21	1.65057e-22	1.24243e-23	1.25194e-24	8.35368e-26	7.57015e-27	4.59182e-28	3.75927e-29	2.04095e-30	1.55222e-31	7.57436e-33	5.25772e-34	2.39905e-35	1.51805e-36	6.35144e-38	3.95658e-39	1.49563e-40	8.51011e-42	3.26127e-43	1.75914e-44	6.15065e-46	3.42106e-47	1.20204e-48	7.26848e-50	3.85087e-51	3.15796e-52	3.69795e-53	
Rhynchospora_marisculus	0	0	0	0	1	0	0	0	0	0	0	0	0	0	0	0	0	0	0	0	0	0	0	0	0	0	0	0	0	0	0	0	0	0	0	0	0	0	0	0	0	0	0	0	0	0	0	0	0	0	0	0	0	0	0	0	0	0	0	0	0	0	0	0	0	0	0	0	0	0	0	
Rhynchospora_brownii	0	0	0	0	0	0	0	0	0	0	0	0	0	0	0	0	0	1	0	0	0	0	0	0	0	0	0	0	0	0	0	0	0	0	0	0	0	0	0	0	0	0	0	0	0	0	0	0	0	0	0	0	0	0	0	0	0	0	0	0	0	0	0	0	0	0	0	0	0	0	0	
N28	0.17378	0.16877	0.154349	0.133557	0.109266	0.0848804	0.06231	0.0434679	0.0287152	0.0179967	0.0106774	0.00602153	0.00320622	0.00162267	0.000776657	0.00035255	0.000151259	6.17565e-05	2.37486e-05	8.70157e-06	3.01231e-06	9.91759e-07	3.08435e-07	9.19251e-08	2.5741e-08	6.93787e-09	1.76724e-09	4.32713e-10	1.00073e-10	2.2584e-11	4.7625e-12	9.87721e-13	1.92865e-13	3.68859e-14	6.61457e-15	1.18487e-15	1.95089e-16	3.22898e-17	4.95086e-18	7.55472e-19	1.06113e-19	1.5126e-20	1.94255e-21	2.54436e-22	3.03167e-23	3.64182e-24	3.96537e-25	4.44009e-26	4.41633e-27	4.53864e-28	4.1959e-29	3.96251e-30	3.35572e-31	2.96177e-32	2.30128e-33	1.87241e-34	1.35953e-35	1.02043e-36	6.83723e-38	4.84324e-39	3.00628e-40	1.98702e-41	1.18361e-42	7.45647e-44	4.32338e-45	2.74232e-46	1.63944e-47	1.07594e-48	6.94544e-50	4.84169e-51	4.76928e-52	
N29	0.158492	0.155442	0.144887	0.128875	0.109214	0.088569	0.0682813	0.0504156	0.0354535	0.0238422	0.0152569	0.00939528	0.0054727	0.00308491	0.00165107	0.000857963	0.000421837	0.000208176	9.50776e-05	4.54249e-05	2.01686e-05	9.67922e-06	4.18128e-06	2.14947e-06	9.04119e-07	4.76228e-07	2.00975e-07	1.04865e-07	4.18464e-08	2.18996e-08	8.19019e-09	4.1103e-09	1.48146e-09	7.03209e-10	2.37951e-10	1.1207e-10	3.52209e-11	1.56552e-11	4.83843e-12	2.08021e-12	5.99949e-13	2.55375e-13	7.02362e-14	2.93539e-14	7.95711e-15	3.10012e-15	8.16043e-16	3.40637e-16	8.19619e-17	3.11614e-17	7.87051e-18	3.01703e-18	6.89197e-19	2.55115e-19	5.704e-20	2.12602e-20	4.53334e-21	1.49457e-21	3.15725e-22	1.1311e-22	2.11237e-23	6.60191e-24	1.30117e-24	4.19635e-25	7.3276e-26	2.19255e-26	4.01542e-27	1.35088e-27	3.28709e-28	1.61601e-28	1.23937e-28	
Rhynchospora_riparia	0	0	0	0	1	0	0	0	0	0	0	0	0	0	0	0	0	0	0	0	0	0	0	0	0	0	0	0	0	0	0	0	0	0	0	0	0	0	0	0	0	0	0	0	0	0	0	0	0	0	0	0	0	0	0	0	0	0	0	0	0	0	0	0	0	0	0	0	0	0	0	
Rhynchospora_tenerrima	0	0	0	0	0	0	0	0	0	1	0	0	0	0	0	0	0	0	0	0	0	0	0	0	0	0	0	0	0	0	0	0	0	0	0	0	0	0	0	0	0	0	0	0	0	0	0	0	0	0	0	0	0	0	0	0	0	0	0	0	0	0	0	0	0	0	0	0	0	0	0	
N30	0.183851	0.17735	0.160059	0.135836	0.108362	0.0816713	0.0578704	0.0388232	0.0245636	0.0147036	0.00830243	0.00445342	0.00224529	0.00107732	0.000487117	0.00020929	8.45892e-05	3.28503e-05	1.18822e-05	4.17161e-06	1.37127e-06	4.39907e-07	1.31222e-07	4.00038e-08	1.09492e-08	3.20002e-09	8.41021e-10	2.39919e-10	5.9272e-11	1.71822e-11	3.96516e-12	1.10984e-12	2.46018e-13	6.48421e-14	1.31952e-14	3.3641e-15	6.22814e-16	1.46709e-16	2.55998e-17	5.57995e-18	8.86279e-19	1.83324e-19	2.66263e-20	5.11838e-21	6.99718e-22	1.23589e-22	1.55862e-23	2.68367e-24	3.07588e-25	4.8594e-26	5.41901e-27	8.11392e-28	8.24112e-29	1.19619e-29	1.13592e-30	1.57639e-31	1.44065e-32	1.81323e-33	1.57225e-34	2.05479e-35	1.58814e-36	1.85008e-37	1.46237e-38	1.6652e-39	1.17549e-40	1.28868e-41	9.33091e-43	1.11588e-43	1.08714e-44	1.73079e-45	3.97059e-46	
Rhynchospora_nervosa	0	0	0	0	1	0	0	0	0	0	0	0	0	0	0	0	0	0	0	0	0	0	0	0	0	0	0	0	0	0	0	0	0	0	0	0	0	0	0	0	0	0	0	0	0	0	0	0	0	0	0	0	0	0	0	0	0	0	0	0	0	0	0	0	0	0	0	0	0	0	0	
N31	0.184406	0.177816	0.160346	0.135914	0.108244	0.0814388	0.0575799	0.0385605	0.0243537	0.0145647	0.00821699	0.0044152	0.00222782	0.00107473	0.000488444	0.000212312	8.66739e-05	3.4569e-05	1.27282e-05	4.69202e-06	1.60376e-06	5.60201e-07	1.77706e-07	6.29113e-08	1.87383e-08	6.6856e-09	1.9653e-09	6.99476e-10	1.92443e-10	6.97546e-11	1.77347e-11	6.14084e-12	1.48943e-12	4.81668e-13	1.07276e-13	3.38031e-14	6.84922e-15	1.99752e-15	3.87032e-16	1.05979e-16	1.87398e-17	4.93517e-18	8.07828e-19	2.01895e-19	3.15993e-20	7.22817e-21	1.0644e-21	2.51108e-22	3.32137e-23	7.06024e-24	9.55645e-25	2.0073e-25	2.41855e-26	4.89875e-27	5.66435e-28	1.1427e-28	1.25307e-29	2.19196e-30	2.35179e-31	4.5433e-32	4.17727e-33	6.82003e-34	6.69299e-35	1.12743e-35	9.44678e-37	1.4471e-37	1.25569e-38	2.13981e-39	2.39313e-40	5.44632e-41	1.91023e-41	
Rhynchospora_robusta	0	0	0	0	1	0	0	0	0	0	0	0	0	0	0	0	0	0	0	0	0	0	0	0	0	0	0	0	0	0	0	0	0	0	0	0	0	0	0	0	0	0	0	0	0	0	0	0	0	0	0	0	0	0	0	0	0	0	0	0	0	0	0	0	0	0	0	0	0	0	0	
N32	0.174813	0.169615	0.154825	0.133603	0.108917	0.0843298	0.0616676	0.0429375	0.0283349	0.0178011	0.0106033	0.00605366	0.00326176	0.00169364	0.00083352	0.000396329	0.000178231	7.95991e-05	3.30335e-05	1.40524e-05	5.58886e-06	2.3312e-06	8.89249e-07	3.84761e-07	1.41309e-07	6.16031e-08	2.24554e-08	9.63817e-09	3.31372e-09	1.41999e-09	4.55969e-10	1.86605e-10	5.74769e-11	2.21705e-11	6.37321e-12	2.41395e-12	6.42467e-13	2.28773e-13	5.91807e-14	2.01352e-14	4.84801e-15	1.6165e-15	3.67602e-16	1.1838e-16	2.62799e-17	7.90453e-18	1.68086e-18	5.24089e-19	1.02519e-19	2.94398e-20	5.89137e-21	1.66782e-21	3.05084e-22	8.39173e-23	1.4797e-23	4.01317e-24	6.7911e-25	1.65883e-25	2.73436e-26	7.05824e-27	1.04178e-27	2.39258e-28	3.65187e-29	8.43992e-30	1.15882e-30	2.53718e-31	3.62541e-32	8.76784e-33	1.65153e-33	5.55738e-34	2.99335e-34	
Rhynchospora_latifolia	0	0	0	0	1	0	0	0	0	0	0	0	0	0	0	0	0	0	0	0	0	0	0	0	0	0	0	0	0	0	0	0	0	0	0	0	0	0	0	0	0	0	0	0	0	0	0	0	0	0	0	0	0	0	0	0	0	0	0	0	0	0	0	0	0	0	0	0	0	0	0	
Rhynchospora_pubera	0	0	0	0	1	0	0	0	0	0	0	0	0	0	0	0	0	0	0	0	0	0	0	0	0	0	0	0	0	0	0	0	0	0	0	0	0	0	0	0	0	0	0	0	0	0	0	0	0	0	0	0	0	0	0	0	0	0	0	0	0	0	0	0	0	0	0	0	0	0	0	
N33	0.011526	0.0128547	0.0151806	0.0185547	0.0229034	0.028194	0.0340727	0.0404054	0.0466731	0.0525303	0.0574199	0.061242	0.0632659	0.0638436	0.062601	0.059916	0.0557667	0.0509544	0.0451372	0.0393619	0.0334192	0.02789	0.0226539	0.0182582	0.0142209	0.0110456	0.00833959	0.00626365	0.00456297	0.00335797	0.00236399	0.00169174	0.00116524	0.000810241	0.000539297	0.000368695	0.000236436	0.000156416	9.78064e-05	6.24259e-05	3.74492e-05	2.33407e-05	1.34086e-05	8.03677e-06	4.48272e-06	2.57886e-06	1.37656e-06	7.72119e-07	3.94013e-07	2.12078e-07	1.0521e-07	5.43731e-08	2.58152e-08	1.30132e-08	5.91696e-09	2.8662e-09	1.26981e-09	5.90691e-10	2.51572e-10	1.14912e-10	4.72024e-11	2.09186e-11	8.58196e-12	3.77008e-12	1.56651e-12	7.20064e-13	3.22537e-13	1.63742e-13	8.87576e-14	5.93847e-14	5.27484e-14	
N34	0.00179864	0.00213927	0.00283321	0.00400975	0.00582722	0.00849405	0.0121567	0.0170025	0.0230477	0.0302459	0.038324	0.0470067	0.055542	0.063502	0.0700195	0.074533	0.0764338	0.07571	0.0720292	0.0661112	0.0583125	0.0494864	0.0403187	0.0316536	0.0237948	0.0172352	0.0119762	0.00800283	0.00512976	0.00317247	0.00187719	0.00107278	0.000588484	0.000311212	0.000158028	7.77593e-05	3.66125e-05	1.67356e-05	7.35306e-06	3.12871e-06	1.27983e-06	5.1058e-07	1.94811e-07	7.26514e-08	2.60548e-08	9.09809e-09	3.05406e-09	1.00676e-09	3.16724e-10	9.80577e-11	2.91595e-11	8.4895e-12	2.37297e-12	6.55791e-13	1.72657e-13	4.50708e-14	1.13064e-14	2.8e-15	6.68158e-16	1.59377e-16	3.65267e-17	8.41724e-18	1.89071e-18	4.2633e-19	9.44152e-20	2.11536e-20	4.65459e-21	1.03595e-21	2.3172e-22	5.7194e-23	2.17756e-23	
Blysmus_compressus	0	0	0	0	0	0	0	0	0	0	0	0	0	0	0	0	0	0	0	0	0	1	0	0	0	0	0	0	0	0	0	0	0	0	0	0	0	0	0	0	0	0	0	0	0	0	0	0	0	0	0	0	0	0	0	0	0	0	0	0	0	0	0	0	0	0	0	0	0	0	0	
Dulichium_arundinaceum	0	0	0	0	0	0	0	0	0	0	0	0	0	0	0	1	0	0	0	0	0	0	0	0	0	0	0	0	0	0	0	0	0	0	0	0	0	0	0	0	0	0	0	0	0	0	0	0	0	0	0	0	0	0	0	0	0	0	0	0	0	0	0	0	0	0	0	0	0	0	0	
N35	0.000103017	0.000134023	0.000205091	0.000341812	0.00058442	0.000994541	0.00164745	0.00264893	0.00410638	0.0061425	0.00885207	0.0123523	0.0166136	0.0217096	0.0274841	0.0338376	0.0404339	0.0471773	0.0532897	0.0587958	0.0629195	0.0655768	0.066222	0.065413	0.062317	0.0581676	0.052568	0.0464329	0.0396888	0.0334482	0.0270899	0.0217154	0.0168257	0.0128565	0.00947862	0.0069799	0.00489836	0.00344722	0.00232674	0.0015631	0.00100264	0.000649286	0.000394746	0.000242979	0.000141415	8.24598e-05	4.52723e-05	2.52798e-05	1.30594e-05	6.87914e-06	3.38403e-06	1.67913e-06	7.75622e-07	3.6705e-07	1.59143e-07	7.09056e-08	2.92659e-08	1.22838e-08	4.77727e-09	1.92347e-09	7.092e-10	2.72697e-10	9.83249e-11	3.68996e-11	1.32567e-11	5.09538e-12	1.91678e-12	7.84482e-13	3.34809e-13	1.67689e-13	1.15256e-13	
N36	4.60054e-07	6.6739e-07	1.22104e-06	2.51496e-06	5.39344e-06	1.159e-05	2.43592e-05	4.97695e-05	9.8125e-05	0.000186296	0.000339817	0.000596893	0.00100912	0.00165416	0.00263584	0.00409746	0.0062156	0.00921225	0.0132668	0.0185574	0.0250477	0.0324899	0.0403038	0.0478109	0.0539799	0.0583526	0.0604587	0.0604366	0.0585889	0.0556799	0.0518344	0.0478621	0.0437888	0.039933	0.0362659	0.0331183	0.0299993	0.0272933	0.0245745	0.0219432	0.0191637	0.0165784	0.0137805	0.0112999	0.00891029	0.00686314	0.00505629	0.00367776	0.00252027	0.00170752	0.00109705	0.000689988	0.000409937	0.000241513	0.000132414	7.2144e-05	3.69115e-05	1.8606e-05	8.8064e-06	4.1701e-06	1.83957e-06	8.17963e-07	3.45265e-07	1.47003e-07	6.03674e-08	2.5526e-08	1.05637e-08	4.57844e-09	2.05207e-09	1.05664e-09	7.37015e-10	
Trichophorum_cespitosum	0	0	0	0	0	0	0	0	0	0	0	0	0	0	0	0	0	0	0	0	0	0	0	0	0	0	0	0	0	0	0	0	0	0	0	0	0	0	0	0	0	0	0	0	0	0	0	0	0	0	0	1	0	0	0	0	0	0	0	0	0	0	0	0	0	0	0	0	0	0	0	
N37	7.52627e-19	1.69615e-17	4.50247e-16	9.9808e-15	1.74314e-13	2.41479e-12	2.64012e-11	1.72745e-10	1.36948e-09	6.94588e-09	2.53583e-08	1.70135e-07	8.54594e-07	2.18471e-06	6.35199e-06	1.67082e-05	5.63266e-05	0.000249998	0.00069107	0.000698648	0.000303262	0.000209949	0.000782137	0.00574227	0.0322794	0.103454	0.165989	0.139302	0.0671648	0.0259844	0.02899	0.0576254	0.0906547	0.104418	0.0880744	0.0542159	0.0239193	0.00738995	0.00154428	0.000213803	2.03155e-05	1.39338e-06	7.17659e-08	2.88313e-09	9.26667e-11	2.43719e-12	5.33533e-14	9.88911e-16	1.5649e-17	2.14549e-19	2.56509e-21	2.69875e-23	2.51339e-25	2.09263e-27	1.55814e-29	1.04969e-31	6.40867e-34	3.57271e-36	1.82555e-38	8.65696e-41	3.80294e-43	1.57668e-45	6.18713e-48	2.32733e-50	8.43413e-53	2.98373e-55	1.02049e-57	3.40493e-60	1.09602e-62	3.39561e-65	1.10895e-67	
Trichophorum_pumilum	0	0	0	0	0	0	0	0	0	0	0	0	0	0	0	0	0	0	0	0	0	0	0	0	0	0	0	0	0	0	0	0	0	0	0	0	0	0	1	0	0	0	0	0	0	0	0	0	0	0	0	0	0	0	0	0	0	0	0	0	0	0	0	0	0	0	0	0	0	0	0	
Trichophorum_alpinum	0	0	0	0	0	0	0	0	0	0	0	0	0	0	0	0	0	0	0	0	0	0	0	0	0	0	0	0	1	0	0	0	0	0	0	0	0	0	0	0	0	0	0	0	0	0	0	0	0	0	0	0	0	0	0	0	0	0	0	0	0	0	0	0	0	0	0	0	0	0	0	
N38	5.00353e-12	3.04693e-11	2.14662e-10	1.42513e-09	8.4513e-09	4.10431e-08	1.66217e-07	6.70837e-07	2.6872e-06	9.62893e-06	2.90137e-05	7.07915e-05	0.000139095	0.000232863	0.000379682	0.000690837	0.00141106	0.00299505	0.00621745	0.0123252	0.0228424	0.0390535	0.0609175	0.0863211	0.110117	0.126616	0.130537	0.120616	0.0996242	0.0738157	0.0487286	0.0288756	0.0152957	0.00726901	0.00309356	0.00118946	0.000409157	0.000127743	3.59426e-05	9.18609e-06	2.12269e-06	4.50471e-07	8.6221e-08	1.52493e-08	2.45499e-09	3.65015e-10	4.95252e-11	6.29381e-12	7.25431e-13	7.88343e-14	7.85167e-15	7.35238e-16	6.31792e-17	5.19003e-18	3.87542e-19	2.78558e-20	1.84244e-21	1.16825e-22	6.83571e-24	3.91223e-25	2.05371e-26	1.0661e-27	5.18943e-29	2.50056e-30	1.14692e-31	5.3005e-33	2.34171e-34	1.04226e-35	4.54385e-37	2.07905e-38	1.20191e-39	
Scirpus_radicans	0	0	0	0	0	0	0	0	0	0	0	0	0	0	0	0	0	0	0	0	0	0	0	0	0	0	0	1	0	0	0	0	0	0	0	0	0	0	0	0	0	0	0	0	0	0	0	0	0	0	0	0	0	0	0	0	0	0	0	0	0	0	0	0	0	0	0	0	0	0	0	
N39	6.54255e-14	3.80539e-13	3.07642e-12	2.56427e-11	1.97718e-10	1.29437e-09	7.36186e-09	3.97342e-08	1.97773e-07	8.52197e-07	3.04714e-06	8.86795e-06	2.16159e-05	4.81768e-05	0.000110223	0.000269891	0.000679509	0.00167886	0.00395241	0.00872413	0.0177804	0.0330452	0.0554616	0.0834873	0.111887	0.133129	0.140065	0.129962	0.106168	0.0764175	0.0482634	0.0268569	0.013147	0.0056667	0.002151	0.000725335	0.000214544	5.67584e-05	1.33056e-05	2.78825e-06	5.16659e-07	8.91025e-08	1.31102e-08	1.86419e-09	2.31229e-10	2.79293e-11	2.78873e-12	3.35339e-13	2.66927e-14	3.03152e-15	2.27814e-16	2.3902e-17	1.415e-18	1.61953e-19	7.628e-21	7.76964e-22	3.4454e-23	2.99186e-24	1.07231e-25	9.06302e-27	2.697e-28	1.99035e-29	5.41151e-31	3.44981e-32	7.95093e-34	4.70882e-35	9.46361e-37	5.11151e-38	1.22265e-39	9.01388e-41	7.51835e-42	
N40	4.70231e-13	1.48459e-12	7.55064e-12	4.20311e-11	2.24587e-10	1.10668e-09	4.95588e-09	2.02233e-08	7.63244e-08	2.69735e-07	8.88708e-07	2.68187e-06	7.23306e-06	1.70632e-05	3.4888e-05	6.27267e-05	0.000103481	0.000165885	0.000272378	0.00047375	0.000880005	0.0017294	0.00353015	0.00731103	0.0148447	0.028511	0.0501658	0.0790782	0.11023	0.135009	0.14447	0.135167	0.110464	0.0788923	0.0493384	0.0271849	0.0131531	0.00566173	0.00217141	0.000747313	0.000231959	6.63704e-05	1.7144e-05	4.15141e-06	9.24801e-07	1.9221e-07	3.66611e-08	6.66506e-09	1.08596e-09	1.6914e-10	2.38991e-11	3.18491e-12	3.8412e-13	4.45998e-14	4.61165e-15	4.61987e-16	4.17382e-17	3.63152e-18	2.8522e-19	2.19651e-20	1.51496e-21	1.03494e-22	6.43505e-24	3.9867e-25	2.28817e-26	1.34565e-27	7.49154e-29	4.33549e-30	2.44341e-31	1.43106e-32	1.15784e-33	
Scirpus_mitsukurianus	0	0	0	0	0	0	0	0	0	0	0	0	0	0	0	0	0	0	0	0	0	0	0	0	0	0	0	0	0	0	0	0	0	1	0	0	0	0	0	0	0	0	0	0	0	0	0	0	0	0	0	0	0	0	0	0	0	0	0	0	0	0	0	0	0	0	0	0	0	0	0	
Scirpus_polystachyus	0	0	0	0	0	0	0	0	0	0	0	0	0	0	0	0	0	0	0	0	0	0	0	0	0	0	0	0	0	1	0	0	0	0	0	0	0	0	0	0	0	0	0	0	0	0	0	0	0	0	0	0	0	0	0	0	0	0	0	0	0	0	0	0	0	0	0	0	0	0	0	
N41	6.54216e-15	3.55615e-14	3.1879e-13	2.99397e-12	2.58511e-11	1.9697e-10	1.3218e-09	7.83402e-09	4.05898e-08	1.81365e-07	6.96644e-07	2.33177e-06	7.06417e-06	2.03738e-05	5.81201e-05	0.000165151	0.0004607	0.00123719	0.00313773	0.00739508	0.0159587	0.0311413	0.0544016	0.0844036	0.115524	0.138867	0.146047	0.133988	0.10705	0.0744223	0.0449466	0.0236065	0.0107854	0.00428581	0.00148397	0.000449779	0.000118699	2.75871e-05	5.66094e-06	1.0229e-06	1.63931e-07	2.48051e-08	3.16663e-09	4.15145e-10	5.1227e-11	6.31901e-12	6.56843e-13	1.07431e-13	8.72237e-15	1.31948e-15	1.13787e-16	1.43786e-17	9.06955e-19	1.28675e-19	6.23648e-21	7.77601e-22	3.52365e-23	3.76721e-24	1.37966e-25	1.42231e-26	4.36369e-28	3.97802e-29	1.0885e-30	8.67785e-32	2.04497e-33	1.47245e-34	3.04221e-36	1.96518e-37	4.34271e-39	3.4189e-40	2.92634e-41	
N42	1.48978e-15	7.59558e-15	6.72273e-14	6.24931e-13	5.36949e-12	4.12271e-11	2.81915e-10	1.73797e-09	9.70899e-09	4.83741e-08	2.10409e-07	7.87176e-07	2.53968e-06	7.25106e-06	1.9258e-05	5.02635e-05	0.000133551	0.000361007	0.000966744	0.0024862	0.00598003	0.0131983	0.0263621	0.0471758	0.0750519	0.105624	0.131018	0.142854	0.136748	0.114902	0.0846218	0.0547365	0.0311317	0.0155808	0.00689115	0.00271824	0.000953349	0.000304204	8.91242e-05	2.42253e-05	6.19409e-06	1.55696e-06	3.57782e-07	8.14795e-08	1.71726e-08	3.42298e-09	6.15657e-10	1.09015e-10	1.65055e-11	2.48116e-12	3.26168e-13	4.16978e-14	4.63378e-15	5.16642e-16	4.87367e-17	4.65146e-18	3.79033e-19	3.10395e-20	2.16143e-21	1.53858e-22	9.19159e-24	5.66561e-25	2.9488e-26	1.59195e-27	7.31878e-29	3.60904e-30	1.5659e-31	7.62657e-33	3.56601e-34	1.89211e-35	1.37844e-36	
N43	2.34378e-14	8.74777e-14	5.30803e-13	3.46066e-12	2.14078e-11	1.21598e-10	6.3045e-10	2.99701e-09	1.31371e-08	5.3109e-08	1.97024e-07	6.66413e-07	2.05181e-06	5.80011e-06	1.53911e-05	3.95266e-05	0.000101076	0.000260714	0.000673377	0.00170542	0.00412782	0.00933023	0.019333	0.0362176	0.0607177	0.0904512	0.119152	0.138324	0.141252	0.126764	0.0998898	0.069172	0.0421423	0.0225985	0.0107044	0.00450874	0.00168748	0.000571906	0.000178824	5.19628e-05	1.45821e-05	4.24125e-06	1.14758e-06	3.29033e-07	9.09394e-08	2.38564e-08	5.71571e-09	1.44384e-09	2.93206e-10	6.4529e-11	1.20332e-11	2.32625e-12	3.73756e-13	6.69964e-14	9.36068e-15	1.48657e-15	1.85912e-16	2.61004e-17	2.8564e-18	3.58852e-19	3.4438e-20	3.82923e-21	3.25639e-22	3.21537e-23	2.42375e-24	2.17306e-25	1.51294e-26	1.31456e-27	1.00912e-28	1.04802e-29	1.64172e-30	
Eriophorum_brachyantherum	0	0	0	0	0	0	0	0	0	0	0	0	0	0	0	0	0	0	0	0	0	0	0	0	0	0	0	0	1	0	0	0	0	0	0	0	0	0	0	0	0	0	0	0	0	0	0	0	0	0	0	0	0	0	0	0	0	0	0	0	0	0	0	0	0	0	0	0	0	0	0	
Eriophorum_chamissonis	0	0	0	0	0	0	0	0	0	0	0	0	0	0	0	0	0	0	0	0	0	0	0	0	0	0	0	0	0	1	0	0	0	0	0	0	0	0	0	0	0	0	0	0	0	0	0	0	0	0	0	0	0	0	0	0	0	0	0	0	0	0	0	0	0	0	0	0	0	0	0	
N44	2.0982e-14	8.13875e-14	5.02252e-13	3.3138e-12	2.07598e-11	1.19315e-10	6.24194e-10	2.97917e-09	1.30264e-08	5.22538e-08	1.9227e-07	6.49715e-07	2.0302e-06	5.95191e-06	1.67264e-05	4.60395e-05	0.000125793	0.00034085	0.000902978	0.00229188	0.00545872	0.0119894	0.0239537	0.0430899	0.069261	0.098938	0.125125	0.139715	0.137529	0.119254	0.0910311	0.0612146	0.0363043	0.0189979	0.00880127	0.00363246	0.00133481	0.000444754	0.000137294	3.94418e-05	1.1059e-05	3.29926e-06	9.12624e-07	2.76152e-07	8.18825e-08	2.28301e-08	5.82408e-09	1.63174e-09	3.49521e-10	8.57685e-11	1.72834e-11	3.75659e-12	6.50044e-13	1.34601e-13	2.02649e-14	3.75117e-15	5.09572e-16	8.38799e-17	9.9913e-18	1.4805e-18	1.54971e-19	2.03838e-20	1.894e-21	2.21449e-22	1.82108e-23	1.92492e-24	1.4447e-25	1.4566e-26	1.20036e-27	1.48133e-28	2.77754e-29	
Eriophorum_angustifolium	0	0	0	0	0	0	0	0	0	0	0	0	0	0	0	0	0	0	0	0	0	0	0	0	0	0	0	0	1	0	0	0	0	0	0	0	0	0	0	0	0	0	0	0	0	0	0	0	0	0	0	0	0	0	0	0	0	0	0	0	0	0	0	0	0	0	0	0	0	0	0	
Eriophorum_vaginatum	0	0	0	0	0	0	0	0	0	0	0	0	0	0	0	0	0	0	0	0	0	0	0	0	0	0	0	0	1	0	0	0	0	0	0	0	0	0	0	0	0	0	0	0	0	0	0	0	0	0	0	0	0	0	0	0	0	0	0	0	0	0	0	0	0	0	0	0	0	0	0	
N45	1.87976e-17	2.16371e-16	3.75888e-15	6.06213e-14	8.2293e-13	9.25069e-12	8.77562e-11	7.02876e-10	4.73392e-09	2.69417e-08	1.32403e-07	5.82051e-07	2.3863e-06	9.30828e-06	3.43761e-05	0.000118782	0.000381598	0.00113657	0.00312104	0.00782883	0.0177266	0.03579	0.0637131	0.0990495	0.13338	0.154579	0.153391	0.1298	0.093411	0.0570723	0.029563	0.012986	0.00484114	0.00153214	0.000412896	9.52858e-05	1.88111e-05	3.22835e-06	4.9049e-07	6.62828e-08	8.33559e-09	1.07265e-09	1.24487e-10	1.56015e-11	1.88728e-12	2.10025e-13	2.08253e-14	2.24003e-15	1.76095e-16	1.56843e-17	1.1111e-18	8.32256e-20	4.81275e-21	3.35681e-22	1.7372e-23	1.53788e-24	2.0697e-25	5.90711e-26	1.35275e-26	3.98967e-27	7.9991e-28	2.05159e-28	3.5892e-29	8.08091e-30	1.24263e-30	2.5203e-31	3.53764e-32	6.86303e-33	1.0782e-33	2.73058e-34	1.06157e-34	
N46	9.28255e-13	2.80029e-12	1.37291e-11	7.46003e-11	3.91838e-10	1.91098e-09	8.55661e-09	3.52129e-08	1.33852e-07	4.7089e-07	1.52658e-06	4.5202e-06	1.21114e-05	2.92587e-05	6.42072e-05	0.0001307	0.000255128	0.000494473	0.000973998	0.00195785	0.0039589	0.00786928	0.0150123	0.0269334	0.0446933	0.0678105	0.0932701	0.115581	0.12861	0.128325	0.114512	0.0916154	0.0657975	0.0424747	0.0247859	0.0132487	0.00645576	0.00295875	0.00128371	0.000532869	0.000212461	8.48943e-05	3.11141e-05	1.13934e-05	3.85867e-06	1.25326e-06	3.69571e-07	1.08389e-07	2.76609e-08	7.0774e-09	1.6032e-09	3.58294e-10	7.051e-11	1.40198e-11	2.40229e-12	4.18862e-13	6.33366e-14	9.70699e-15	1.28494e-15	1.75235e-16	2.03907e-17	2.47076e-18	2.57047e-19	2.80593e-20	2.65763e-21	2.74643e-22	2.55626e-23	2.72073e-24	2.85432e-25	3.50434e-26	6.55777e-27	
Scirpus_sylvaticus	0	0	0	0	0	0	0	0	0	0	0	0	0	0	0	0	0	0	0	0	0	0	0	0	0	0	0	0	0	0	1	0	0	0	0	0	0	0	0	0	0	0	0	0	0	0	0	0	0	0	0	0	0	0	0	0	0	0	0	0	0	0	0	0	0	0	0	0	0	0	0	
Scirpus_microcarpus	0	0	0	0	0	0	0	0	0	0	0	0	0	0	0	0	0	0	0	0	0	0	0	0	0	0	0	0	0	0	0	1	0	0	0	0	0	0	0	0	0	0	0	0	0	0	0	0	0	0	0	0	0	0	0	0	0	0	0	0	0	0	0	0	0	0	0	0	0	0	0	
N47	3.82534e-18	3.09805e-17	4.75126e-16	8.03971e-15	1.26947e-13	1.74979e-12	2.06113e-11	2.06522e-10	1.77147e-09	1.30955e-08	8.42323e-08	4.75589e-07	2.37903e-06	1.06374e-05	4.28681e-05	0.000156738	0.00052182	0.00158189	0.00435026	0.0107797	0.0238507	0.0466343	0.0797276	0.117989	0.14979	0.16189	0.148025	0.113938	0.0735523	0.0397154	0.0179023	0.00673067	0.00211031	0.000551752	0.000120498	2.20618e-05	3.38797e-06	4.41255e-07	4.97643e-08	4.85932e-09	4.3507e-10	4.04707e-11	3.29283e-12	3.00521e-13	2.86575e-14	2.2062e-15	1.56463e-16	1.34704e-17	6.73651e-19	5.32583e-20	9.13012e-21	6.9442e-21	4.40089e-21	4.66821e-21	2.41884e-21	2.31639e-21	1.08858e-21	9.27999e-22	3.73962e-22	2.95915e-22	1.05689e-22	7.62909e-23	2.50204e-23	1.66488e-23	5.0258e-24	3.13243e-24	8.82925e-25	5.25704e-25	1.63619e-25	1.26101e-25	1.08325e-25	
Scirpus_expansus	0	0	0	0	0	0	0	0	0	0	0	0	0	0	0	0	0	0	0	0	0	0	0	0	0	0	0	0	0	0	0	1	0	0	0	0	0	0	0	0	0	0	0	0	0	0	0	0	0	0	0	0	0	0	0	0	0	0	0	0	0	0	0	0	0	0	0	0	0	0	0	
N48	4.21853e-18	3.31329e-17	4.93018e-16	8.16786e-15	1.2676e-13	1.73138e-12	2.03945e-11	2.06255e-10	1.79446e-09	1.3477e-08	8.78228e-08	5.0002e-07	2.51065e-06	1.12361e-05	4.52698e-05	0.000165407	0.000550039	0.00166409	0.00456211	0.0112565	0.0247733	0.0481377	0.0817263	0.12003	0.15114	0.16193	0.146698	0.111815	0.0714381	0.0381527	0.0169993	0.00631275	0.00195339	0.000503611	0.000108343	1.95156e-05	2.94534e-06	3.76305e-07	4.15987e-08	3.97312e-09	3.47662e-10	3.25612e-11	2.59431e-12	2.40796e-13	2.64597e-14	1.99157e-15	1.47177e-16	1.88345e-17	7.31534e-19	8.48108e-20	4.39358e-21	4.15748e-22	9.68615e-24	3.70819e-24	1.42063e-25	3.65173e-25	2.27065e-26	6.50878e-26	2.62015e-27	9.71447e-27	3.13893e-28	1.16346e-27	3.43388e-29	1.1523e-28	3.0323e-30	9.50719e-30	2.28978e-31	6.55459e-31	1.49156e-32	4.11625e-32	1.98275e-32	
N49	1.82795e-12	5.71334e-12	2.87121e-11	1.5876e-10	8.48214e-10	4.21665e-09	1.93179e-08	8.15174e-08	3.16542e-07	1.12806e-06	3.68773e-06	1.1115e-05	3.12938e-05	8.38372e-05	0.000217391	0.000549765	0.00134978	0.00317474	0.00703322	0.0144556	0.0272229	0.0465282	0.0716811	0.0990479	0.122275	0.134567	0.131817	0.114789	0.0888667	0.0612156	0.0374978	0.0204936	0.0100199	0.00439182	0.00173867	0.000631333	0.000209753	6.6165e-05	2.00745e-05	5.91119e-06	1.70126e-06	5.0043e-07	1.34612e-07	3.66544e-08	9.23135e-09	2.24039e-09	4.93394e-10	1.09872e-10	2.11264e-11	4.15529e-12	7.1939e-13	1.25123e-13	1.90138e-14	2.97634e-15	3.97292e-16	5.50051e-17	6.52384e-18	7.99551e-19	8.35024e-20	9.15467e-21	8.44231e-22	8.26316e-23	6.82407e-24	6.02966e-25	4.5219e-26	3.77389e-27	2.77032e-28	2.39549e-29	2.03534e-30	2.087e-31	3.23824e-32	
Scirpus_ancistrochaetus	0	0	0	0	0	0	0	0	0	0	0	0	0	0	0	0	0	0	0	0	0	0	0	0	0	0	1	0	0	0	0	0	0	0	0	0	0	0	0	0	0	0	0	0	0	0	0	0	0	0	0	0	0	0	0	0	0	0	0	0	0	0	0	0	0	0	0	0	0	0	0	
N50	1.4215e-35	6.86267e-32	2.67709e-28	3.00153e-26	4.99974e-23	1.09069e-19	7.68585e-18	1.45139e-18	3.14321e-16	2.41445e-17	3.69885e-15	5.32027e-12	3.60581e-09	5.30574e-09	1.99376e-11	1.17459e-11	4.8225e-09	2.36678e-08	1.03583e-09	1.8457e-12	2.09081e-13	1.47159e-12	2.65169e-09	3.03715e-06	0.00168984	0.308793	0.643135	0.0462239	0.000154992	1.94797e-07	1.27356e-10	5.04971e-14	1.32636e-17	2.44611e-21	3.30586e-25	3.39341e-29	2.69457e-33	1.70801e-37	8.77636e-42	3.71977e-46	1.31942e-50	4.07997e-55	2.77172e-59	1.21187e-61	9.41095e-62	6.50395e-61	8.8089e-62	5.01329e-64	2.5771e-66	1.32279e-68	1.5152e-70	9.00225e-73	3.74908e-75	1.55929e-77	5.76056e-80	2.13694e-82	7.23856e-85	7.26879e-86	1.79212e-85	1.53949e-85	7.97821e-88	2.13385e-90	5.06463e-93	1.22199e-95	2.65122e-98	6.00921e-101	1.25517e-103	2.79668e-106	5.99619e-109	1.34192e-111	2.89472e-114	
Scirpus_georgianus	0	0	0	0	0	0	0	0	0	0	0	0	0	0	0	0	0	0	0	0	0	0	0	0	0	1	0	0	0	0	0	0	0	0	0	0	0	0	0	0	0	0	0	0	0	0	0	0	0	0	0	0	0	0	0	0	0	0	0	0	0	0	0	0	0	0	0	0	0	0	0	
N51	6.83837e-51	1.33517e-45	1.52403e-40	5.6986e-37	5.07413e-33	1.31271e-28	1.92863e-25	3.53737e-26	1.06603e-22	2.96405e-24	1.27058e-21	3.90179e-17	3.57663e-13	1.4614e-12	3.23643e-16	9.5775e-17	5.17229e-14	7.25614e-12	4.73735e-13	6.08458e-17	3.0867e-19	5.38084e-19	5.33014e-15	2.20034e-10	3.55294e-06	0.0142733	0.89087	0.0948307	2.26784e-05	1.3424e-09	3.11431e-14	3.58105e-19	1.0523e-23	1.18211e-26	2.21803e-30	3.18278e-33	9.41164e-37	6.08159e-41	1.80323e-44	7.08753e-50	1.27917e-54	5.30712e-60	4.82543e-66	3.33715e-71	5.57369e-77	5.28674e-81	1.94429e-86	3.45547e-90	6.01815e-96	6.15121e-100	3.84449e-106	2.04364e-110	1.36832e-117	7.17787e-123	2.11012e-130	2.90505e-136	3.05483e-144	9.31023e-151	4.02815e-159	1.5075e-100	5.71816e-39	5.88195e-39	1.76991e-39	1.20963e-40	4.18492e-41	5.23862e-41	5.2588e-42	5.65139e-41	2.43993e-40	9.64239e-39	4.26584e-37	
Scirpus_hattorianus	0	0	0	0	0	0	0	0	0	0	0	0	0	0	0	0	0	0	0	0	0	0	0	0	0	0	0	1	0	0	0	0	0	0	0	0	0	0	0	0	0	0	0	0	0	0	0	0	0	0	0	0	0	0	0	0	0	0	0	0	0	0	0	0	0	0	0	0	0	0	0	
Scirpus_flaccidifolius	0	0	0	0	0	0	0	0	0	0	0	0	0	0	0	0	0	0	0	0	0	0	0	0	0	0	1	0	0	0	0	0	0	0	0	0	0	0	0	0	0	0	0	0	0	0	0	0	0	0	0	0	0	0	0	0	0	0	0	0	0	0	0	0	0	0	0	0	0	0	0	
N52	5.52651e-18	4.7438e-17	7.07153e-16	1.13745e-14	1.70314e-13	2.24848e-12	2.56955e-11	2.53092e-10	2.15158e-09	1.58396e-08	1.01494e-07	5.69964e-07	2.83045e-06	1.25532e-05	5.01713e-05	0.000181862	0.000599603	0.00179693	0.00487549	0.011898	0.0258916	0.0497526	0.0835693	0.121516	0.151625	0.161142	0.144969	0.109858	0.0698679	0.0371914	0.0165387	0.00613824	0.00190109	0.000491331	0.00010613	1.92427e-05	2.92969e-06	3.79565e-07	4.48262e-08	4.68698e-09	5.45113e-10	1.48708e-10	1.87083e-11	4.69957e-12	1.56171e-12	2.04754e-13	3.01681e-14	1.1605e-14	5.66598e-16	2.80002e-16	1.73226e-17	7.91307e-18	1.75842e-19	2.02026e-19	2.35216e-21	3.69748e-21	3.60531e-23	5.10357e-23	3.99223e-25	5.18858e-25	3.44447e-27	3.87118e-27	2.22807e-29	2.1311e-29	1.06396e-31	8.69843e-32	3.8044e-34	2.64605e-34	1.03178e-36	6.46989e-37	5.03746e-38	
N53	7.69247e-13	4.80023e-12	4.66141e-11	4.33601e-10	3.50436e-09	2.43486e-08	1.43248e-07	6.90434e-07	2.72891e-06	9.66878e-06	3.57192e-05	0.000149989	0.000678923	0.00293643	0.0109855	0.0334014	0.0794737	0.144732	0.199242	0.206512	0.161433	0.09582	0.0436494	0.0154597	0.00431292	0.000961346	0.000173435	2.56306e-05	3.13888e-06	3.22097e-07	2.79231e-08	2.06654e-09	1.31594e-10	7.26242e-12	3.50131e-13	1.48915e-14	5.5998e-16	1.88823e-17	5.74247e-19	1.58778e-20	4.0274e-22	9.57479e-24	2.10085e-25	4.41046e-27	8.74106e-29	1.65155e-30	2.93862e-32	5.09555e-34	8.09291e-36	1.25367e-37	1.79961e-39	2.47691e-41	3.14521e-43	3.90976e-45	4.39857e-47	4.86884e-49	4.93627e-51	4.88404e-53	4.42347e-55	3.97593e-57	3.23997e-59	2.64279e-61	1.98209e-63	1.49523e-65	1.05369e-67	7.67351e-70	5.33358e-72	3.89389e-74	2.79224e-76	2.07229e-78	1.74866e-80	
Scirpus_pendulus	0	0	0	0	0	0	0	0	0	0	0	0	0	0	0	0	0	0	0	1	0	0	0	0	0	0	0	0	0	0	0	0	0	0	0	0	0	0	0	0	0	0	0	0	0	0	0	0	0	0	0	0	0	0	0	0	0	0	0	0	0	0	0	0	0	0	0	0	0	0	0	
Scirpus_fontinalis	0	0	0	0	0	0	0	0	0	0	0	0	0	0	0	0	0	1	0	0	0	0	0	0	0	0	0	0	0	0	0	0	0	0	0	0	0	0	0	0	0	0	0	0	0	0	0	0	0	0	0	0	0	0	0	0	0	0	0	0	0	0	0	0	0	0	0	0	0	0	0	
N54	3.32186e-13	1.57514e-12	1.0529e-11	7.36115e-11	4.96475e-10	3.12529e-09	1.81035e-08	9.59949e-08	4.65537e-07	2.06453e-06	8.36019e-06	3.08088e-05	0.00010289	0.000310276	0.000843827	0.00207351	0.00462964	0.00946476	0.0178464	0.0311513	0.0502591	0.0745006	0.100606	0.122702	0.13411	0.130542	0.112625	0.0858118	0.0576095	0.0340373	0.017684	0.00808792	0.00326618	0.00116703	0.000373515	0.000110556	3.06665e-05	8.85004e-06	2.92571e-06	9.90675e-07	3.58526e-07	1.43198e-07	4.52071e-08	1.55826e-08	4.87647e-09	1.46532e-09	3.86679e-10	1.21063e-10	2.79799e-11	8.1842e-12	1.79618e-12	4.83086e-13	9.3994e-14	2.33155e-14	3.99617e-15	8.79897e-16	1.33282e-16	2.59178e-17	3.43522e-18	5.93014e-19	6.87389e-20	1.05354e-20	1.07501e-21	1.46853e-22	1.31457e-23	1.63306e-24	1.31422e-25	1.56756e-26	1.47785e-27	2.55433e-28	7.51296e-29	
Scirpus_orientalis	0	0	0	0	0	0	0	0	0	0	0	0	0	1	0	0	0	0	0	0	0	0	0	0	0	0	0	0	0	0	0	0	0	0	0	0	0	0	0	0	0	0	0	0	0	0	0	0	0	0	0	0	0	0	0	0	0	0	0	0	0	0	0	0	0	0	0	0	0	0	0	
N55	9.53549e-18	9.18642e-17	1.30529e-15	1.71613e-14	1.93645e-13	1.87157e-12	1.44981e-11	7.86365e-11	3.08417e-10	1.43259e-09	8.14408e-09	4.98198e-08	3.10413e-07	1.68226e-06	6.76216e-06	1.73589e-05	2.56335e-05	2.40769e-05	2.17795e-05	2.77319e-05	4.39161e-05	6.00132e-05	6.07161e-05	5.7262e-05	8.91259e-05	0.000302323	0.00145608	0.00650842	0.0233438	0.0643955	0.132906	0.202461	0.223953	0.178717	0.103163	0.0440954	0.0140013	0.0034635	0.000674715	0.000106872	1.38633e-05	1.5515e-06	1.42769e-07	1.16557e-08	8.05642e-10	4.93473e-11	2.57575e-12	1.23376e-13	4.97235e-15	1.8677e-16	6.03143e-18	1.81224e-19	4.7061e-21	1.16703e-22	2.47837e-24	5.08855e-26	9.06929e-28	1.5637e-29	2.34638e-31	3.47949e-33	4.45984e-35	5.72852e-37	6.47357e-39	7.39812e-41	7.60514e-43	8.21697e-45	8.25409e-47	8.89877e-49	9.32832e-51	1.01732e-52	1.27499e-54	
Scirpus_cyperinus	0	0	0	0	0	0	0	0	0	0	0	0	0	0	0	0	0	0	0	0	0	0	0	0	0	0	0	0	0	0	0	0	1	0	0	0	0	0	0	0	0	0	0	0	0	0	0	0	0	0	0	0	0	0	0	0	0	0	0	0	0	0	0	0	0	0	0	0	0	0	0	
Scirpus_atrocinctus	0	0	0	0	0	0	0	0	0	0	0	0	0	0	0	0	0	0	0	0	0	0	0	0	0	0	0	0	0	0	0	0	0	1	0	0	0	0	0	0	0	0	0	0	0	0	0	0	0	0	0	0	0	0	0	0	0	0	0	0	0	0	0	0	0	0	0	0	0	0	0	
