NODE	1	2	3	4	5	6	7	8	9	10	11	12	13	14	15	16	17	18	19	20	21	22	23	24	25	26	27	28	29	30	31	32	33	34	35	36	37	38	39	40	41	42	43	44	45	46	47	48	49	50	51	52	53	54	55	56	57	58	59	60	61	62	63	64	65	66	
N1	0.000750337	0.000896995	0.00123135	0.00184093	0.00286422	0.00449339	0.00696909	0.0105604	0.0155242	0.0220425	0.0301444	0.0396284	0.0500093	0.0605169	0.0701639	0.0778857	0.0827277	0.0840372	0.0816066	0.0757254	0.0671228	0.0568169	0.0459141	0.0354136	0.0260649	0.0183031	0.0122604	0.00783302	0.00477254	0.00277279	0.00153601	0.000811234	0.000408459	0.000196055	8.97059e-05	3.9126e-05	1.62669e-05	6.44665e-06	2.43533e-06	8.7696e-07	3.01028e-07	9.85037e-08	3.07276e-08	9.13806e-09	2.59088e-09	7.00376e-10	1.80522e-10	4.43683e-11	1.03989e-11	2.32436e-12	4.95515e-13	1.55074e-16	6.82983e-17	2.93803e-17	1.23454e-17	5.06733e-18	2.03199e-18	7.96141e-19	3.04864e-19	1.14169e-19	4.18835e-20	1.51205e-20	5.44062e-21	2.02167e-21	8.51261e-22	4.93735e-22	
N2	0.026389	0.027891	0.0302938	0.033557	0.0375807	0.042191	0.0471327	0.0520751	0.0566328	0.0604012	0.0630038	0.064141	0.0636332	0.0614482	0.0577077	0.0526706	0.0466972	0.0402001	0.033592	0.0272399	0.021431	0.0163557	0.0121065	0.00869028	0.00604878	0.00408204	0.0026707	0.00169387	0.00104138	0.000620579	0.00035844	0.000200656	0.000108865	5.72425e-05	2.91695e-05	1.44052e-05	6.89414e-06	3.19753e-06	1.43722e-06	6.26055e-07	2.64293e-07	1.08131e-07	4.28765e-08	1.64779e-08	6.13782e-09	2.21601e-09	7.75515e-10	2.63082e-10	8.65154e-11	2.75818e-11	8.52511e-12	2.55478e-12	7.42355e-13	2.09172e-13	5.71562e-14	1.51472e-14	3.89369e-15	9.71049e-16	2.35046e-16	5.5275e-17	1.2662e-17	2.84551e-18	6.39827e-19	1.51921e-19	4.37066e-20	2.02075e-20	
N3	0.0729046	0.0741931	0.0750307	0.0753142	0.0749162	0.0737065	0.071577	0.0684664	0.0643803	0.0594015	0.0536894	0.0474671	0.0409976	0.0345557	0.0283974	0.0227355	0.0177225	0.0134434	0.00991908	0.00711636	0.00496298	0.00336374	0.0022152	0.00141725	0.000880778	0.000531657	0.000311677	0.000177444	9.8102e-05	5.26673e-05	2.74562e-05	1.38986e-05	6.83166e-06	3.2607e-06	1.51122e-06	6.80114e-07	2.97223e-07	1.26137e-07	5.19839e-08	2.08056e-08	8.08712e-09	3.05299e-09	1.11942e-09	3.98675e-10	1.3792e-10	4.63485e-11	1.51312e-11	4.79914e-12	1.47888e-12	4.42805e-13	1.28833e-13	3.64259e-14	1.0009e-14	2.67301e-15	6.93874e-16	1.75095e-16	4.29577e-17	1.02492e-17	2.37923e-18	5.37991e-19	1.18832e-19	2.5827e-20	5.631e-21	1.29672e-21	3.60126e-22	1.60888e-22	
N4	0.0297048	0.0325542	0.0374262	0.0439389	0.0514974	0.0593416	0.0666214	0.0724964	0.0762477	0.0773818	0.0757061	0.0713554	0.0647633	0.0565822	0.0475715	0.0384781	0.0299347	0.0223941	0.0161068	0.0111358	0.00739952	0.00472499	0.0028991	0.00170904	0.000967911	0.000526613	0.000275237	0.000138189	6.66487e-05	3.08796e-05	1.37444e-05	5.87724e-06	2.41459e-06	9.53163e-07	3.61561e-07	1.31803e-07	4.61797e-08	1.55526e-08	5.03548e-09	1.56754e-09	4.69245e-10	1.35098e-10	3.74138e-11	9.96829e-12	2.55557e-12	6.30532e-13	1.49746e-13	3.42385e-14	7.53814e-15	1.5984e-15	3.26485e-16	6.42513e-17	1.21851e-17	2.22738e-18	3.92522e-19	6.67015e-20	1.09322e-20	1.72863e-21	2.63806e-22	3.88829e-23	5.54363e-24	7.67582e-25	1.0442e-25	1.4482e-26	2.32637e-27	6.54141e-28	
Bulbostylis_barbata	0	0	0	0	1	0	0	0	0	0	0	0	0	0	0	0	0	0	0	0	0	0	0	0	0	0	0	0	0	0	0	0	0	0	0	0	0	0	0	0	0	0	0	0	0	0	0	0	0	0	0	0	0	0	0	0	0	0	0	0	0	0	0	0	0	0	
N5	0.00104853	0.00154853	0.00266116	0.00463948	0.00783799	0.0126679	0.0195097	0.0285808	0.0397793	0.0525478	0.0658214	0.0781155	0.0877706	0.0933099	0.0938073	0.0891404	0.0800341	0.0678735	0.0543548	0.0410961	0.0293306	0.0197585	0.0125622	0.00753777	0.0042686	0.00228143	0.00115088	0.00054802	0.000246349	0.000104557	4.19058e-05	1.58632e-05	5.67269e-06	1.91677e-06	6.12117e-07	1.84799e-07	5.27574e-08	1.42468e-08	3.64026e-09	8.80391e-10	2.01601e-10	4.37258e-11	8.98609e-12	1.75047e-12	3.23341e-13	5.66579e-14	9.42173e-15	1.48748e-15	2.23052e-16	3.17819e-17	4.30487e-18	5.54547e-19	6.79679e-20	7.92956e-21	8.80984e-22	9.3251e-23	9.40806e-24	9.05111e-25	8.30725e-26	7.27744e-27	6.089e-28	4.87273e-29	3.74849e-30	2.83651e-31	2.36136e-32	3.61076e-33	
Bulbostylis_densa	0	0	0	0	0	0	0	0	0	0	0	0	0	0	0	0	0	0	0	0	0	0	0	0	0	0	0	0	0	0	0	1	0	0	0	0	0	0	0	0	0	0	0	0	0	0	0	0	0	0	0	0	0	0	0	0	0	0	0	0	0	0	0	0	0	0	
Bulbostylis_hispidula	0	0	0	0	1	0	0	0	0	0	0	0	0	0	0	0	0	0	0	0	0	0	0	0	0	0	0	0	0	0	0	0	0	0	0	0	0	0	0	0	0	0	0	0	0	0	0	0	0	0	0	0	0	0	0	0	0	0	0	0	0	0	0	0	0	0	
N6	0.131115	0.130084	0.12511	0.116584	0.10516	0.0917043	0.0772027	0.0626502	0.048933	0.0367317	0.0264636	0.0182764	0.012086	0.00764535	0.00462241	0.00266917	0.00147112	0.000773498	0.000387809	0.000185342	8.44125e-05	3.66288e-05	1.51411e-05	5.96164e-06	2.23577e-06	7.98612e-07	2.71711e-07	8.80575e-08	2.71867e-08	7.99706e-09	2.24157e-09	5.98821e-10	1.52492e-10	3.70248e-11	8.57296e-12	1.8935e-12	3.99033e-13	8.02548e-14	1.5409e-14	2.82512e-15	4.94753e-16	8.27858e-17	1.32395e-17	2.02425e-18	2.95989e-19	4.14035e-20	5.54227e-21	7.10177e-22	8.7139e-23	1.02415e-23	1.15336e-24	1.24495e-25	1.28844e-26	1.27893e-27	1.21798e-28	1.11323e-29	9.76889e-31	8.23368e-32	6.66926e-33	5.19651e-34	3.9028e-35	2.83926e-36	2.02674e-37	1.46997e-38	1.19239e-39	1.53305e-40	
Abildgaardia_ovata	0	0	0	0	0	0	0	0	0	1	0	0	0	0	0	0	0	0	0	0	0	0	0	0	0	0	0	0	0	0	0	0	0	0	0	0	0	0	0	0	0	0	0	0	0	0	0	0	0	0	0	0	0	0	0	0	0	0	0	0	0	0	0	0	0	0	
N7	0.152299	0.149399	0.140509	0.126671	0.109393	0.0904094	0.0714193	0.0538514	0.0387013	0.0264707	0.0172066	0.010615	0.0062072	0.00343652	0.00179944	0.000890341	0.000415934	0.000183335	7.62021e-05	2.98526e-05	1.10185e-05	3.83053e-06	1.254e-06	3.86517e-07	1.12161e-07	3.06409e-08	7.88065e-09	1.90834e-09	4.35148e-10	9.34483e-11	1.89035e-11	3.60288e-12	6.4714e-13	1.09575e-13	1.7495e-14	2.63478e-15	3.74411e-16	5.022e-17	6.36041e-18	7.60915e-19	8.6019e-20	9.19243e-21	9.29e-22	8.88232e-23	8.03783e-24	6.88704e-25	5.58969e-26	4.29919e-27	3.13481e-28	2.16792e-29	1.42255e-30	8.86062e-32	5.24105e-33	2.94519e-34	1.573e-35	7.98819e-37	3.85879e-38	1.77386e-39	7.76307e-41	3.23581e-42	1.28528e-43	4.86974e-45	1.76596e-46	6.22927e-48	2.32817e-49	1.51083e-50	
Fimbristylis_littoralis	0	0	0	0	1	0	0	0	0	0	0	0	0	0	0	0	0	0	0	0	0	0	0	0	0	0	0	0	0	0	0	0	0	0	0	0	0	0	0	0	0	0	0	0	0	0	0	0	0	0	0	0	0	0	0	0	0	0	0	0	0	0	0	0	0	0	
N8	0.162257	0.158322	0.147327	0.130709	0.110477	0.0888494	0.0678911	0.049207	0.0337711	0.0219085	0.0134122	0.00773607	0.004198	0.0021404	0.00102416	0.000459429	0.000193047	7.59238e-05	2.79316e-05	9.60719e-06	3.08824e-06	9.27493e-07	2.60199e-07	6.8178e-08	1.66841e-08	3.81317e-09	8.1401e-10	1.62325e-10	3.02436e-11	5.26581e-12	8.57023e-13	1.30419e-13	1.85632e-14	2.47216e-15	3.08158e-16	3.59679e-17	3.93261e-18	4.02954e-19	3.87109e-20	3.48828e-21	2.9498e-22	2.34198e-23	1.7466e-24	1.22416e-25	8.06737e-27	5.00141e-28	2.91837e-29	1.6036e-30	8.30193e-32	4.05148e-33	1.86475e-34	8.09886e-36	3.32081e-37	1.28619e-38	4.70788e-40	1.6294e-41	5.33494e-43	1.6533e-44	4.85187e-46	1.34903e-47	3.55566e-49	8.89025e-51	2.11245e-52	4.81242e-54	1.11584e-55	4.40753e-57	
Fimbristylis_complanata	0	0	0	0	1	0	0	0	0	0	0	0	0	0	0	0	0	0	0	0	0	0	0	0	0	0	0	0	0	0	0	0	0	0	0	0	0	0	0	0	0	0	0	0	0	0	0	0	0	0	0	0	0	0	0	0	0	0	0	0	0	0	0	0	0	0	
N9	0.160167	0.156668	0.146445	0.130687	0.111154	0.0899138	0.0690124	0.0501409	0.0344054	0.0222489	0.0135333	0.00772991	0.00413983	0.00207624	0.000974082	0.000427118	0.000174911	6.68571e-05	2.38419e-05	7.9295e-06	2.45902e-06	7.10926e-07	1.91605e-07	4.81412e-08	1.12769e-08	2.4631e-09	5.01749e-10	9.53468e-11	1.6907e-11	2.7984e-12	4.32509e-13	6.24441e-14	8.42525e-15	1.06283e-15	1.25411e-16	1.38488e-17	1.4319e-18	1.38695e-19	1.25917e-20	1.07207e-21	8.56482e-23	6.42402e-24	4.52624e-25	2.99748e-26	1.86687e-27	1.09411e-28	6.03739e-30	3.13855e-31	1.53798e-32	7.10839e-34	3.10054e-35	1.27703e-36	4.96947e-38	1.82816e-39	6.36153e-41	2.09505e-42	6.53368e-44	1.93061e-45	5.40805e-47	1.43694e-48	3.62349e-50	8.67734e-52	1.97601e-53	4.30752e-55	9.49203e-57	3.6005e-58	
Fimbristylis_ferruginea	0	0	0	0	1	0	0	0	0	0	0	0	0	0	0	0	0	0	0	0	0	0	0	0	0	0	0	0	0	0	0	0	0	0	0	0	0	0	0	0	0	0	0	0	0	0	0	0	0	0	0	0	0	0	0	0	0	0	0	0	0	0	0	0	0	0	
N10	0.119274	0.122167	0.123949	0.122648	0.116518	0.10491	0.0886675	0.0698744	0.0511073	0.0345866	0.0216112	0.0124507	0.00660782	0.00322883	0.00145225	0.000601207	0.000229112	8.0394e-05	2.59841e-05	7.73925e-06	2.12534e-06	5.38461e-07	1.25939e-07	2.72113e-08	5.43549e-09	1.00453e-09	1.71898e-10	2.72592e-11	4.00916e-12	5.47347e-13	6.94247e-14	8.18812e-15	8.98781e-16	9.18975e-17	8.76022e-18	7.79236e-19	6.4736e-20	5.02716e-21	3.65238e-22	2.48472e-23	1.58415e-24	9.47328e-26	5.31802e-27	2.8048e-28	1.39095e-29	6.49118e-31	2.85288e-32	1.18177e-33	4.61741e-35	1.703e-36	5.93335e-38	1.95423e-39	6.08907e-41	1.79613e-42	5.01918e-44	1.32965e-45	3.34148e-47	7.97128e-49	1.80627e-50	3.89029e-52	7.96886e-54	1.55345e-55	2.88417e-57	5.11649e-59	9.02894e-61	2.73496e-62	
Fimbristylis_dichotoma	0	0	0	0	1	0	0	0	0	0	0	0	0	0	0	0	0	0	0	0	0	0	0	0	0	0	0	0	0	0	0	0	0	0	0	0	0	0	0	0	0	0	0	0	0	0	0	0	0	0	0	0	0	0	0	0	0	0	0	0	0	0	0	0	0	0	
N11	0.00641104	0.0119324	0.025859	0.0522117	0.0914264	0.135095	0.166346	0.169626	0.142824	0.0992034	0.0568672	0.0269472	0.0105837	0.00345777	0.00094385	0.000216342	4.18682e-05	6.88044e-06	9.65741e-07	1.16446e-07	1.21298e-08	1.09753e-09	8.6709e-11	6.01103e-12	3.67367e-13	1.98807e-14	9.56647e-16	4.10917e-17	1.58138e-18	5.47146e-20	1.70752e-21	4.82123e-23	1.23519e-24	2.87929e-26	6.12248e-28	1.19049e-29	2.12169e-31	3.47337e-33	5.23407e-35	7.27462e-37	9.34291e-39	1.11081e-40	1.22468e-42	1.25416e-44	1.19484e-46	1.06059e-48	8.78392e-51	6.7973e-53	4.92116e-55	3.33762e-57	2.12313e-59	1.26824e-61	7.12204e-64	3.76413e-66	1.8743e-68	8.8019e-71	3.90214e-73	1.63469e-75	6.47697e-78	2.42944e-80	8.63397e-83	2.90975e-85	9.30768e-88	2.83203e-90	8.35921e-93	3.47784e-95	
Fimbristylis_velata	0	0	0	0	0	0	0	0	0	0	0	1	0	0	0	0	0	0	0	0	0	0	0	0	0	0	0	0	0	0	0	0	0	0	0	0	0	0	0	0	0	0	0	0	0	0	0	0	0	0	0	0	0	0	0	0	0	0	0	0	0	0	0	0	0	0	
Fimbristylis_squarrosa	0	0	0	0	1	0	0	0	0	0	0	0	0	0	0	0	0	0	0	0	0	0	0	0	0	0	0	0	0	0	0	0	0	0	0	0	0	0	0	0	0	0	0	0	0	0	0	0	0	0	0	0	0	0	0	0	0	0	0	0	0	0	0	0	0	0	
N12	0.0259501	0.0273763	0.02964	0.0327105	0.0365057	0.0408785	0.0456082	0.0504022	0.054911	0.058757	0.0615752	0.0630581	0.0629988	0.0613213	0.0580951	0.0535266	0.0479319	0.0416951	0.0352181	0.0288748	0.0229729	0.0177318	0.0132751	0.0096381	0.00678498	0.00463075	0.00306372	0.00196472	0.00122115	0.000735569	0.000429377	0.000242882	0.00013313	7.0708e-05	3.63886e-05	1.81452e-05	8.76713e-06	4.10444e-06	1.8619e-06	8.18421e-07	3.48598e-07	1.43886e-07	5.75543e-08	2.23114e-08	8.38297e-09	3.05299e-09	1.07784e-09	3.68923e-10	1.22444e-10	3.94136e-11	1.23072e-11	3.72914e-12	1.09689e-12	3.13357e-13	8.69983e-14	2.34928e-14	6.17686e-15	1.5834e-15	3.96401e-16	9.7122e-17	2.3352e-17	5.53237e-18	1.30237e-18	3.12604e-19	8.40761e-20	3.43143e-20	
Eleocharis_dulcis	0	0	0	0	0	0	0	0	0	0	0	0	0	0	0	0	0	0	0	0	0	0	0	0	0	0	0	0	0	0	0	0	0	0	0	0	0	1	0	0	0	0	0	0	0	0	0	0	0	0	0	0	0	0	0	0	0	0	0	0	0	0	0	0	0	0	
N13	0.0527479	0.0545855	0.0569741	0.0597391	0.0626153	0.0652675	0.0673231	0.0684144	0.068229	0.0665577	0.0633332	0.0586488	0.0527514	0.0460092	0.0388588	0.0317441	0.0250573	0.0190958	0.01404	0.00995298	0.00679947	0.00447447	0.00283524	0.00172935	0.0010151	0.000573278	0.00031144	0.000162731	8.17712e-05	3.95112e-05	1.83568e-05	8.19991e-06	3.52158e-06	1.45404e-06	5.77191e-07	2.20279e-07	8.08243e-08	2.8513e-08	9.67142e-09	3.15433e-09	9.89277e-10	2.98367e-10	8.65441e-11	2.41442e-11	6.47907e-12	1.67255e-12	4.15386e-13	9.92605e-14	2.28244e-14	5.05091e-15	1.07581e-15	2.20574e-16	4.35389e-17	8.27486e-18	1.51449e-18	2.66964e-19	4.5331e-20	7.41617e-21	1.16934e-21	1.77808e-22	2.61146e-23	3.72073e-24	5.20988e-25	7.46331e-26	1.24225e-26	3.54949e-27	
N14	0.0576107	0.0590731	0.060626	0.0621685	0.0635525	0.0645948	0.0650945	0.0648564	0.0637175	0.0615722	0.058393	0.0542411	0.0492653	0.0436868	0.037775	0.0318149	0.0260753	0.0207807	0.0160929	0.0121036	0.00883675	0.00626037	0.00430221	0.00286714	0.00185255	0.00116031	0.000704362	0.00041436	0.000236199	0.000130456	6.98087e-05	3.61908e-05	1.81769e-05	8.84441e-06	4.16914e-06	1.90396e-06	8.42388e-07	3.61096e-07	1.49971e-07	6.03508e-08	2.35329e-08	8.89216e-09	3.25617e-09	1.1556e-09	3.97497e-10	1.32534e-10	4.28367e-11	1.34228e-11	4.07796e-12	1.20132e-12	3.43187e-13	9.50829e-14	2.55518e-14	6.66099e-15	1.68467e-15	4.13457e-16	9.84932e-17	2.27854e-17	5.12389e-18	1.12228e-18	2.40454e-19	5.08692e-20	1.08458e-20	2.43824e-21	6.42565e-22	2.61539e-22	
Eleocharis_tuberculosa	0	0	0	0	0	0	0	0	0	0	0	0	0	0	1	0	0	0	0	0	0	0	0	0	0	0	0	0	0	0	0	0	0	0	0	0	0	0	0	0	0	0	0	0	0	0	0	0	0	0	0	0	0	0	0	0	0	0	0	0	0	0	0	0	0	0	
Eleocharis_quinqueflora	0	0	0	0	0	0	0	0	0	1	0	0	0	0	0	0	0	0	0	0	0	0	0	0	0	0	0	0	0	0	0	0	0	0	0	0	0	0	0	0	0	0	0	0	0	0	0	0	0	0	0	0	0	0	0	0	0	0	0	0	0	0	0	0	0	0	
N15	0.0659669	0.0677785	0.0697844	0.0717741	0.0734462	0.0744423	0.0743967	0.0729977	0.0700486	0.0655157	0.0595492	0.0524711	0.0447277	0.0368211	0.0292316	0.0223524	0.0164466	0.0116343	0.007907	0.00515979	0.00323135	0.00194126	0.00111835	0.000617642	0.00032693	0.000165823	8.05819e-05	3.75124e-05	1.67269e-05	7.14378e-06	2.92209e-06	1.14473e-06	4.29492e-07	1.54332e-07	5.31157e-08	1.75095e-08	5.52891e-09	1.67244e-09	4.84672e-10	1.34578e-10	3.58076e-11	9.13074e-12	2.23162e-12	5.22852e-13	1.17447e-13	2.52975e-14	5.22581e-15	1.03547e-15	1.96838e-16	3.59036e-17	6.285e-18	1.05607e-18	1.70365e-19	2.63915e-20	3.92685e-21	5.61361e-22	7.7129e-23	1.01908e-23	1.29599e-24	1.58891e-25	1.88378e-26	2.17285e-27	2.4694e-28	2.84866e-29	3.65404e-30	7.64359e-31	
Eleocharis_confervoides	0	0	0	0	0	0	0	0	0	0	0	0	0	0	0	0	0	0	1	0	0	0	0	0	0	0	0	0	0	0	0	0	0	0	0	0	0	0	0	0	0	0	0	0	0	0	0	0	0	0	0	0	0	0	0	0	0	0	0	0	0	0	0	0	0	0	
N16	0.0872863	0.0887661	0.0895736	0.0894643	0.0881474	0.0853536	0.0809105	0.0748046	0.0672165	0.0585163	0.0492166	0.039894	0.0310979	0.0232687	0.0166852	0.01145	0.00751058	0.00470429	0.00281116	0.00160149	0.000869233	0.000449251	0.000220998	0.000103436	4.60479e-05	1.94938e-05	7.84592e-06	3.00187e-06	1.09168e-06	3.77332e-07	1.23954e-07	3.86995e-08	1.14833e-08	3.23866e-09	8.68217e-10	2.21256e-10	5.36057e-11	1.23489e-11	2.70525e-12	5.63653e-13	1.11715e-13	2.10662e-14	3.78017e-15	6.45615e-16	1.04968e-16	1.62503e-17	2.39592e-18	3.36505e-19	4.50317e-20	5.74323e-21	6.98249e-22	8.09444e-23	8.94941e-24	9.4394e-25	9.50053e-26	9.12681e-27	8.37091e-28	7.33204e-29	6.13472e-30	4.90466e-31	3.74832e-32	2.74069e-33	1.92418e-34	1.32212e-35	9.89482e-37	1.38271e-37	
N17	0.0984218	0.100256	0.101332	0.101085	0.098877	0.0941926	0.0868333	0.0770322	0.0654516	0.0530556	0.0408998	0.0299063	0.0206987	0.0135367	0.00835349	0.00485853	0.00266081	0.00137106	0.00066428	0.000302463	0.00012937	5.19619e-05	1.95934e-05	6.93449e-06	2.30323e-06	7.17844e-07	2.09927e-07	5.76029e-08	1.48308e-08	3.58301e-09	8.12325e-10	1.72844e-10	3.45205e-11	6.47236e-12	1.13942e-12	1.88375e-13	2.92529e-14	4.26792e-15	5.85151e-16	7.54102e-17	9.13725e-18	1.04122e-18	1.11619e-19	1.126e-20	1.06939e-21	9.5703e-23	8.09457e-24	6.54993e-25	5.33912e-26	5.2393e-27	8.2696e-28	2.02825e-28	5.83492e-29	1.7122e-29	4.94567e-30	1.39637e-30	3.84966e-31	1.03637e-31	2.72502e-32	6.9999e-33	1.75733e-33	4.31701e-34	1.04286e-34	2.53178e-35	6.77153e-36	2.72667e-36	
Eleocharis_geniculata	0	0	0	0	1	0	0	0	0	0	0	0	0	0	0	0	0	0	0	0	0	0	0	0	0	0	0	0	0	0	0	0	0	0	0	0	0	0	0	0	0	0	0	0	0	0	0	0	0	0	0	0	0	0	0	0	0	0	0	0	0	0	0	0	0	0	
N18	0.0981967	0.10005	0.101167	0.100978	0.0988363	0.0942164	0.0869102	0.0771438	0.0655768	0.0531756	0.0410013	0.0299831	0.0207507	0.0135682	0.00837013	0.00486594	0.00266326	0.0013713	0.000663818	0.000301947	0.000129001	5.17474e-05	1.94848e-05	6.88534e-06	2.28302e-06	7.10238e-07	2.07292e-07	5.67587e-08	1.45802e-08	3.51393e-09	7.94612e-10	1.68613e-10	3.35782e-11	6.27646e-12	1.10138e-12	1.8147e-13	2.80803e-14	4.08157e-15	5.57413e-16	7.15417e-17	8.63145e-18	9.79189e-19	1.04479e-19	1.0488e-20	9.90798e-22	8.81132e-23	7.37894e-24	5.82085e-25	4.32685e-26	3.03208e-27	2.00441e-28	1.25188e-29	7.41857e-31	4.22794e-32	2.41865e-33	1.55571e-34	1.33867e-35	1.59843e-36	2.27206e-37	3.37122e-38	4.95253e-39	7.09476e-40	9.90039e-41	1.36278e-41	1.96978e-42	4.17377e-43	
Eleocharis_multicaulis	0	0	0	0	0	0	0	0	0	1	0	0	0	0	0	0	0	0	0	0	0	0	0	0	0	0	0	0	0	0	0	0	0	0	0	0	0	0	0	0	0	0	0	0	0	0	0	0	0	0	0	0	0	0	0	0	0	0	0	0	0	0	0	0	0	0	
N19	0.0928108	0.0950177	0.0969152	0.0978255	0.0969599	0.0936463	0.0875417	0.0787636	0.0678981	0.0558794	0.0437796	0.0325786	0.022985	0.0153521	0.00969569	0.00578432	0.00325713	0.00172997	0.000866218	0.000408703	0.000181647	7.60268e-05	2.99597e-05	1.11141e-05	3.88096e-06	1.2756e-06	3.94636e-07	1.14923e-07	3.1505e-08	8.13131e-09	1.97611e-09	4.52275e-10	9.75034e-11	1.98041e-11	3.79062e-12	6.83905e-13	1.1634e-13	1.86654e-14	2.8252e-15	4.03554e-16	5.44173e-17	6.9295e-18	8.33581e-19	9.4761e-20	1.01837e-20	1.03499e-21	9.95156e-23	9.05592e-24	7.80246e-25	6.36736e-26	4.92369e-27	3.60912e-28	2.50883e-29	1.65458e-30	1.03577e-31	6.15819e-33	3.48074e-34	1.87386e-35	9.65269e-37	4.81568e-38	2.40173e-39	1.28781e-40	8.35212e-42	7.21339e-43	8.96062e-44	2.27333e-44	
Eleocharis_flavescens	0	0	0	0	0	0	0	0	0	0	0	0	0	0	1	0	0	0	0	0	0	0	0	0	0	0	0	0	0	0	0	0	0	0	0	0	0	0	0	0	0	0	0	0	0	0	0	0	0	0	0	0	0	0	0	0	0	0	0	0	0	0	0	0	0	0	
Eleocharis_atropurpurea	0	0	0	0	1	0	0	0	0	0	0	0	0	0	0	0	0	0	0	0	0	0	0	0	0	0	0	0	0	0	0	0	0	0	0	0	0	0	0	0	0	0	0	0	0	0	0	0	0	0	0	0	0	0	0	0	0	0	0	0	0	0	0	0	0	0	
N20	0.0939893	0.0952418	0.0954548	0.0944262	0.0919298	0.0877789	0.0818969	0.0743763	0.0655066	0.0557589	0.0457247	0.0360221	0.0271954	0.0196333	0.013529	0.00888433	0.00555261	0.00329911	0.00186173	0.000997058	0.000506442	0.000243847	0.00011125	4.80765e-05	1.96744e-05	7.62289e-06	2.79595e-06	9.70711e-07	3.18993e-07	9.92201e-08	2.92116e-08	8.14088e-09	2.14775e-09	5.36458e-10	1.26877e-10	2.84177e-11	6.02867e-12	1.2116e-12	2.30719e-13	4.16374e-14	7.12285e-15	1.15529e-15	1.77704e-16	2.59287e-17	3.58961e-18	4.71643e-19	5.88292e-20	6.96794e-21	7.83913e-22	8.3793e-23	8.51231e-24	8.22081e-25	7.54982e-26	6.59544e-27	5.48236e-28	4.33749e-29	3.26731e-30	2.34401e-31	1.60206e-32	1.04349e-33	6.47978e-35	3.83889e-36	2.17571e-37	1.19739e-38	7.02887e-40	7.65933e-41	
N21	0.0791422	0.0809195	0.0825036	0.08361	0.0838637	0.0828671	0.0802843	0.0759262	0.0698133	0.0621984	0.0535378	0.0444165	0.0354475	0.0271707	0.0199774	0.0140754	0.0094955	0.00612957	0.00378424	0.00223354	0.00125991	0.000679077	0.000349669	0.00017199	8.0803e-05	3.62587e-05	1.55402e-05	6.36167e-06	2.48759e-06	9.29205e-07	3.31596e-07	1.13062e-07	3.6838e-08	1.1471e-08	3.41432e-09	9.71574e-10	2.64358e-10	6.87919e-11	1.71236e-11	4.07809e-12	9.29424e-13	2.02751e-13	4.23451e-14	8.46909e-15	1.62243e-15	2.97783e-16	5.23776e-17	8.83104e-18	1.42762e-18	2.21339e-19	3.29205e-20	4.6984e-21	6.43616e-22	8.46476e-23	1.06913e-23	1.29716e-24	1.51226e-25	1.69451e-26	1.82547e-27	1.89126e-28	1.8853e-29	1.81055e-30	1.68386e-31	1.55566e-32	1.61706e-33	3.15281e-34	
Eleocharis_gracilis	0	0	0	0	0	0	0	0	0	1	0	0	0	0	0	0	0	0	0	0	0	0	0	0	0	0	0	0	0	0	0	0	0	0	0	0	0	0	0	0	0	0	0	0	0	0	0	0	0	0	0	0	0	0	0	0	0	0	0	0	0	0	0	0	0	0	
Eleocharis_congesta	0	0	0	0	0	0	0	0	0	1	0	0	0	0	0	0	0	0	0	0	0	0	0	0	0	0	0	0	0	0	0	0	0	0	0	0	0	0	0	0	0	0	0	0	0	0	0	0	0	0	0	0	0	0	0	0	0	0	0	0	0	0	0	0	0	0	
N22	0.0905729	0.0920203	0.092681	0.092302	0.0905823	0.0872479	0.0821345	0.0752603	0.0668646	0.057397	0.0474565	0.0376914	0.0286896	0.0208878	0.0145221	0.0096282	0.00608053	0.00365439	0.00208849	0.00113429	0.000585161	0.000286626	0.000133264	5.87988e-05	2.46157e-05	9.77677e-06	3.6838e-06	1.31676e-06	4.46516e-07	1.43652e-07	4.38498e-08	1.27014e-08	3.49161e-09	9.11071e-10	2.25688e-10	5.30859e-11	1.18591e-11	2.51664e-12	5.07444e-13	9.72433e-14	1.77152e-14	3.06874e-15	5.05616e-16	7.92592e-17	1.18242e-17	1.67924e-18	2.27092e-19	2.92533e-20	3.59055e-21	4.20048e-22	4.68516e-23	4.98398e-24	5.05819e-25	4.89915e-26	4.52996e-27	4e-28	3.37412e-29	2.71984e-30	2.09587e-31	1.54458e-32	1.0894e-33	7.36609e-35	4.80195e-36	3.08578e-37	2.16002e-38	2.71048e-39	
N23	1.00778e-06	7.88953e-06	7.40767e-05	0.000571457	0.00344484	0.0157923	0.0534951	0.129752	0.218303	0.248171	0.188509	0.0967465	0.0344377	0.00877601	0.0016522	0.000236461	2.63813e-05	2.34487e-06	1.69184e-07	1.00701e-08	5.01445e-10	2.11453e-11	7.63206e-13	2.38005e-14	6.46637e-16	1.54201e-17	3.24901e-19	6.08477e-21	1.01839e-22	1.53071e-24	2.0755e-26	2.54904e-28	2.84636e-30	2.89978e-32	2.70391e-34	2.3145e-36	1.82372e-38	1.32621e-40	8.92184e-43	5.56498e-45	3.22518e-47	1.74013e-49	8.75709e-52	4.11763e-54	1.81204e-56	7.47486e-59	2.89467e-61	1.05383e-63	3.61162e-66	1.16667e-68	3.55662e-71	1.02442e-73	2.79092e-76	7.19966e-79	1.76041e-81	4.0839e-84	8.99723e-87	1.88416e-89	3.75417e-92	7.12483e-95	1.28997e-97	2.2349e-100	3.73253e-103	6.12598e-106	1.03662e-108	2.18485e-111	
Eleocharis_acicularis_f_longiseta	0	0	0	0	0	0	0	0	0	1	0	0	0	0	0	0	0	0	0	0	0	0	0	0	0	0	0	0	0	0	0	0	0	0	0	0	0	0	0	0	0	0	0	0	0	0	0	0	0	0	0	0	0	0	0	0	0	0	0	0	0	0	0	0	0	0	
Eleocharis_acicularis	0	0	0	0	0	0	0	0	0	1	0	0	0	0	0	0	0	0	0	0	0	0	0	0	0	0	0	0	0	0	0	0	0	0	0	0	0	0	0	0	0	0	0	0	0	0	0	0	0	0	0	0	0	0	0	0	0	0	0	0	0	0	0	0	0	0	
N24	0.0341338	0.0390555	0.0482621	0.0614454	0.0772815	0.0931556	0.105536	0.111029	0.107682	0.0958468	0.078077	0.0581044	0.0394594	0.0244374	0.0137964	0.00709962	0.00333039	0.00142445	0.000555708	0.000197836	6.43088e-05	1.90998e-05	5.1868e-06	1.28892e-06	2.93346e-07	6.11993e-08	1.17147e-08	2.05947e-09	3.32849e-10	4.95043e-11	6.78252e-12	8.56917e-13	9.99402e-14	1.07708e-14	1.07379e-15	9.91302e-17	8.48318e-18	6.73638e-19	4.96883e-20	3.40786e-21	2.17544e-22	1.29383e-23	7.17626e-25	3.7156e-26	1.79755e-27	8.13316e-29	3.4448e-30	1.36706e-31	5.08761e-33	1.77714e-34	5.83154e-36	1.79913e-37	5.22294e-39	1.42789e-40	3.67911e-42	8.94126e-44	2.05112e-45	4.44473e-47	9.10501e-49	1.76447e-50	3.23736e-52	5.62977e-54	9.30465e-56	1.47757e-57	2.3857e-59	6.1817e-61	
N25	0.0181374	0.0215874	0.0285763	0.0396726	0.054926	0.0732036	0.091829	0.106935	0.114629	0.112528	0.100841	0.0823332	0.0611731	0.0413338	0.0253909	0.0141795	0.00719979	0.00332501	0.00139725	0.00053457	0.000186322	5.92068e-05	1.71662e-05	4.54513e-06	1.09999e-06	2.43565e-07	4.93932e-08	9.18318e-09	1.56695e-09	2.45656e-10	3.54231e-11	4.70352e-12	5.75736e-13	6.50401e-14	6.78875e-15	6.55453e-16	5.8604e-17	4.85776e-18	3.73725e-19	2.67152e-20	1.77635e-21	1.09985e-22	6.348e-24	3.41899e-25	1.72015e-26	8.09258e-28	3.56365e-29	1.47035e-30	5.68961e-32	2.06679e-33	7.05451e-35	2.2646e-36	6.84325e-38	1.94831e-39	5.23065e-41	1.32532e-42	3.17185e-44	7.176e-46	1.53594e-47	3.11261e-49	5.97675e-51	1.08823e-52	1.88051e-54	3.09366e-56	5.0327e-58	1.38702e-59	
Eleocharis_montevidensis	0	0	0	0	0	0	0	0	0	1	0	0	0	0	0	0	0	0	0	0	0	0	0	0	0	0	0	0	0	0	0	0	0	0	0	0	0	0	0	0	0	0	0	0	0	0	0	0	0	0	0	0	0	0	0	0	0	0	0	0	0	0	0	0	0	0	
Eleocharis_tenuis	0	0	0	0	0	0	0	0	0	0	0	1	0	0	0	0	0	0	0	0	0	0	0	0	0	0	0	0	0	0	0	0	0	0	0	0	0	0	0	0	0	0	0	0	0	0	0	0	0	0	0	0	0	0	0	0	0	0	0	0	0	0	0	0	0	0	
N26	0.0239286	0.0294249	0.0403877	0.05704	0.0782802	0.100779	0.119106	0.127462	0.122416	0.1049	0.0798993	0.0539635	0.0322722	0.017077	0.00799391	0.00331093	0.00121393	0.000394284	0.000113552	2.90283e-05	6.59508e-06	1.33341e-06	2.40253e-07	3.86348e-08	5.55344e-09	7.14677e-10	8.24755e-11	8.5491e-12	7.9729e-13	6.70092e-14	5.08392e-15	3.48763e-16	2.16693e-17	1.22139e-18	6.2555e-20	2.91583e-21	1.23892e-22	4.80589e-24	1.7046e-25	5.53659e-27	1.64919e-28	4.51165e-30	1.13515e-31	2.63042e-33	5.62137e-35	1.10938e-36	2.02445e-38	3.42036e-40	5.35692e-42	7.78688e-44	1.0518e-45	1.32168e-47	1.5468e-49	1.68788e-51	1.71914e-53	1.63608e-55	1.45635e-57	1.21377e-59	9.48067e-62	6.94691e-64	4.7797e-66	3.09075e-68	1.8801e-70	1.07752e-72	5.92219e-75	4.82663e-77	
N27	0.0300664	0.0383199	0.0548836	0.0793543	0.107926	0.132564	0.143694	0.135668	0.11076	0.0778999	0.0471303	0.0245288	0.0109927	0.00424955	0.00142022	0.000411411	0.000103594	2.27428e-05	4.36666e-06	7.35573e-07	1.09056e-07	1.42755e-08	1.65501e-09	1.7045e-10	1.56415e-11	1.28263e-12	9.42504e-14	6.22316e-15	3.7019e-16	1.98898e-17	9.67592e-19	4.27206e-20	1.71576e-21	6.2821e-23	2.10136e-24	6.43476e-26	1.80739e-27	4.66534e-29	1.10871e-30	2.43012e-32	4.9209e-34	9.22109e-36	1.60151e-37	2.58195e-39	3.86972e-41	5.39937e-43	7.02325e-45	8.5279e-47	9.67865e-49	1.02801e-50	1.02309e-52	9.55153e-55	8.3746e-57	6.90342e-59	5.35592e-61	3.9149e-63	2.69873e-65	1.75618e-67	1.07984e-69	6.27956e-72	3.45668e-74	1.80271e-76	8.91468e-79	4.18607e-81	1.89538e-83	1.25424e-85	
Eleocharis_erythropoda	0	0	0	0	0	0	0	0	1	0	0	0	0	0	0	0	0	0	0	0	0	0	0	0	0	0	0	0	0	0	0	0	0	0	0	0	0	0	0	0	0	0	0	0	0	0	0	0	0	0	0	0	0	0	0	0	0	0	0	0	0	0	0	0	0	0	
Eleocharis_palustris	0	0	0	0	1	0	0	0	0	0	0	0	0	0	0	0	0	0	0	0	0	0	0	0	0	0	0	0	0	0	0	0	0	0	0	0	0	0	0	0	0	0	0	0	0	0	0	0	0	0	0	0	0	0	0	0	0	0	0	0	0	0	0	0	0	0	
N28	0.009107	0.0127378	0.0210256	0.0358093	0.0582692	0.0869875	0.116466	0.137954	0.143309	0.129822	0.102173	0.0696986	0.041155	0.0210222	0.00928944	0.00355271	0.00117694	0.000338118	8.4355e-05	1.83052e-05	3.46118e-06	5.7133e-07	8.2496e-08	1.04417e-08	1.16101e-09	1.13655e-10	9.81736e-12	7.49963e-13	5.07814e-14	3.05474e-15	1.63616e-16	7.82044e-18	3.34312e-19	1.28097e-20	4.40882e-22	1.36592e-23	3.81725e-25	9.64232e-27	2.20589e-28	4.57937e-30	8.64319e-32	1.48592e-33	2.33109e-35	3.34297e-37	4.38998e-39	5.28786e-41	5.85186e-43	5.95927e-45	5.59308e-47	4.8453e-49	3.88006e-51	2.87621e-53	1.97637e-55	1.26057e-57	7.47288e-60	4.12267e-62	2.11924e-64	1.01628e-66	4.55183e-69	1.90632e-71	7.47343e-74	2.74555e-76	9.46208e-79	3.06351e-81	9.43652e-84	4.04375e-86	
N29	2.40804e-09	2.11486e-08	2.32889e-07	2.27061e-06	1.87308e-05	0.00012853	0.000723248	0.00329209	0.0119693	0.0343896	0.0774639	0.13614	0.186258	0.19824	0.164132	0.105702	0.0529298	0.0205992	0.00623099	0.00146708	0.000269898	3.90543e-05	4.48532e-06	4.13204e-07	3.08779e-08	1.89271e-09	9.61859e-11	4.09323e-12	1.47217e-13	4.51299e-15	1.18835e-16	2.70689e-18	5.36846e-20	9.32509e-22	1.4264e-23	1.93103e-25	2.32435e-27	2.49824e-29	2.40718e-31	2.08702e-33	1.63374e-35	1.15845e-37	7.4631e-40	4.38062e-42	2.34902e-44	1.15362e-46	5.2011e-49	2.15755e-51	8.25243e-54	2.91634e-56	9.54035e-59	2.89437e-61	8.15767e-64	2.13954e-66	5.23011e-69	1.19343e-71	2.5457e-74	5.08339e-77	9.51511e-80	1.67166e-82	2.75989e-85	4.28708e-88	6.27281e-91	8.65822e-94	1.13875e-96	1.94965e-99	
Eleocharis_acuta	0	0	0	0	0	0	0	0	0	1	0	0	0	0	0	0	0	0	0	0	0	0	0	0	0	0	0	0	0	0	0	0	0	0	0	0	0	0	0	0	0	0	0	0	0	0	0	0	0	0	0	0	0	0	0	0	0	0	0	0	0	0	0	0	0	0	
Eleocharis_pallens	0	0	0	0	0	0	0	0	0	0	0	0	0	0	0	0	0	0	0	1	0	0	0	0	0	0	0	0	0	0	0	0	0	0	0	0	0	0	0	0	0	0	0	0	0	0	0	0	0	0	0	0	0	0	0	0	0	0	0	0	0	0	0	0	0	0	
N30	0.0144041	0.0196955	0.0317773	0.0528624	0.0829007	0.116675	0.143601	0.152427	0.138471	0.1072	0.0705694	0.0394684	0.0187556	0.00757871	0.00260746	0.000765158	0.000191909	4.12346e-05	7.60946e-06	1.20931e-06	1.65973e-07	1.97291e-08	2.03716e-09	1.83267e-10	1.44072e-11	9.92673e-13	6.01235e-14	3.21043e-15	1.51569e-16	6.34479e-18	2.36147e-19	7.83582e-21	2.32418e-22	6.17815e-24	1.4755e-25	3.17372e-27	6.16277e-29	1.08283e-30	1.7254e-32	2.49861e-34	3.29534e-36	3.96619e-38	4.36487e-40	4.40066e-42	4.07205e-44	3.46442e-46	2.71467e-48	1.96245e-50	1.31092e-52	8.10455e-55	4.64422e-57	2.47038e-59	1.22151e-61	5.6223e-64	2.41205e-66	9.65781e-69	3.61353e-71	1.26494e-73	4.14769e-76	1.27536e-78	3.68157e-81	9.98776e-84	2.54915e-86	6.12823e-89	1.39973e-91	4.3102e-94	
Eleocharis_cylindrostachys	0	0	0	0	0	0	0	0	0	1	0	0	0	0	0	0	0	0	0	0	0	0	0	0	0	0	0	0	0	0	0	0	0	0	0	0	0	0	0	0	0	0	0	0	0	0	0	0	0	0	0	0	0	0	0	0	0	0	0	0	0	0	0	0	0	0	
N31	0.0399295	0.0530065	0.0800839	0.118726	0.155982	0.171821	0.154565	0.112322	0.065755	0.0310551	0.0118772	0.00369714	0.000942065	0.000197695	3.4379e-05	4.98475e-06	6.06266e-07	6.22144e-08	5.41722e-09	4.02414e-10	2.56351e-11	1.4074e-12	6.69078e-14	2.76681e-15	9.99534e-17	3.16754e-18	8.84016e-20	2.18092e-21	4.77328e-23	9.29989e-25	1.61823e-26	2.52269e-28	3.5338e-30	4.46084e-32	5.08834e-34	5.25842e-36	4.93564e-38	4.21778e-40	3.28909e-42	2.34574e-44	1.53325e-46	9.2037e-49	5.08363e-51	2.58859e-53	1.21734e-55	5.29638e-58	2.13543e-60	7.99152e-63	2.78025e-65	9.00527e-68	2.71952e-70	7.66784e-73	2.02125e-75	4.98762e-78	1.15355e-80	2.50363e-83	5.10507e-86	9.79085e-89	1.76807e-91	3.0095e-94	4.83339e-97	7.33161e-100	1.05136e-102	1.42672e-105	1.84076e-108	3.03814e-111	
Eleocharis_obtusa	0	0	0	0	1	0	0	0	0	0	0	0	0	0	0	0	0	0	0	0	0	0	0	0	0	0	0	0	0	0	0	0	0	0	0	0	0	0	0	0	0	0	0	0	0	0	0	0	0	0	0	0	0	0	0	0	0	0	0	0	0	0	0	0	0	0	
Eleocharis_engelmannii	0	0	0	0	1	0	0	0	0	0	0	0	0	0	0	0	0	0	0	0	0	0	0	0	0	0	0	0	0	0	0	0	0	0	0	0	0	0	0	0	0	0	0	0	0	0	0	0	0	0	0	0	0	0	0	0	0	0	0	0	0	0	0	0	0	0	
N32	0.000454221	0.000531124	0.000695524	0.000990398	0.00148705	0.00229248	0.00355506	0.00546457	0.00824201	0.0121146	0.0172743	0.0238216	0.0317038	0.0406624	0.0502076	0.0596366	0.0681049	0.0747441	0.0788057	0.0797995	0.0775898	0.0724249	0.0648904	0.0557989	0.046044	0.0364573	0.0276967	0.0201872	0.0141159	0.00946918	0.00609367	0.00376187	0.00222785	0.00126571	0.000689847	0.000360709	0.000180951	8.70938e-05	4.02214e-05	1.78236e-05	7.57938e-06	3.09315e-06	1.21153e-06	4.5548e-07	1.64379e-07	5.69515e-08	1.89449e-08	6.05137e-09	1.85626e-09	5.46887e-10	1.5477e-10	4.2079e-11	1.09925e-11	2.75962e-12	6.65908e-13	1.54492e-13	3.44743e-14	7.4038e-15	1.53202e-15	3.06061e-16	5.92591e-17	1.12042e-17	2.10105e-18	4.04825e-19	8.82011e-20	2.96792e-20	
N33	0.00045408	0.000518608	0.000651566	0.00088149	0.00125501	0.00184179	0.0027394	0.00407616	0.0060095	0.00871651	0.0123741	0.0171275	0.023049	0.0300932	0.0380575	0.0465617	0.0550578	0.0628758	0.0693054	0.0736998	0.0755821	0.0747304	0.0712192	0.0654088	0.0578826	0.0493494	0.0405317	0.0320669	0.0244366	0.0179363	0.0126799	0.00863349	0.00566159	0.0035758	0.00217517	0.00127439	0.000719143	0.000390875	0.000204637	0.000103197	5.01314e-05	2.34599e-05	1.05764e-05	4.59372e-06	1.92236e-06	7.75129e-07	3.01169e-07	1.12765e-07	4.06917e-08	1.41528e-08	4.745e-09	1.53372e-09	4.78031e-10	1.43705e-10	4.1682e-11	1.16712e-11	3.15736e-12	8.26299e-13	2.09646e-13	5.17592e-14	1.25191e-14	3.00515e-15	7.34874e-16	1.93459e-16	6.17959e-17	3.04712e-17	
N34	0.000491069	0.000558473	0.000695552	0.000928558	0.00129911	0.00186737	0.0027148	0.00394528	0.00568275	0.00806367	0.0112228	0.0152716	0.020271	0.0262014	0.032936	0.0402241	0.0476915	0.0548629	0.061207	0.0661987	0.0693902	0.0704772	0.069346	0.0660928	0.0610094	0.0545393	0.0472131	0.0395761	0.0321221	0.0252443	0.019209	0.0141523	0.0100955	0.00697287	0.00466321	0.00301965	0.00189338	0.00114959	0.000675907	0.000384845	0.000212207	0.000113326	5.86161e-05	2.93661e-05	1.4251e-05	6.69945e-06	3.05113e-06	1.3463e-06	5.75596e-07	2.38469e-07	9.57493e-08	3.72641e-08	1.40598e-08	5.14423e-09	1.82594e-09	6.29145e-10	2.1064e-10	6.86381e-11	2.18266e-11	6.80341e-12	2.09387e-12	6.43865e-13	2.01636e-13	6.64601e-14	2.47761e-14	1.27848e-14	
N35	9.56079e-05	0.000109696	0.000138826	0.000189302	0.000271525	0.000401351	0.000601764	0.000904723	0.00135291	0.00200098	0.00291571	0.00417451	0.00586157	0.00806126	0.0108485	0.0142769	0.0183646	0.0230816	0.0283383	0.0339798	0.0397872	0.0454874	0.0507723	0.0553248	0.0588497	0.0611056	0.061932	0.0612678	0.0591594	0.0557546	0.0512857	0.0460433	0.0403449	0.0345033	0.0287992	0.0234612	0.018654	0.0144759	0.0109643	0.00810542	0.00584846	0.00411893	0.00283149	0.00189996	0.00124449	0.000795731	0.000496704	0.000302701	0.000180116	0.000104656	5.93906e-05	3.29233e-05	1.78341e-05	9.44368e-06	4.89132e-06	2.48013e-06	1.23261e-06	6.01569e-07	2.8914e-07	1.37495e-07	6.51843e-08	3.12177e-08	1.54591e-08	8.24474e-09	5.05608e-09	3.87891e-09	
Actinoscirpus_grossus	0	0	0	0	0	0	0	0	0	0	0	0	0	0	0	0	0	0	0	0	0	0	0	0	0	0	0	0	0	0	0	0	0	0	0	0	0	0	0	0	1	0	0	0	0	0	0	0	0	0	0	0	0	0	0	0	0	0	0	0	0	0	0	0	0	0	
N36	3.64048e-10	9.24842e-10	3.26187e-09	1.23152e-08	4.61509e-08	1.67266e-07	5.79826e-07	1.91124e-06	5.96841e-06	1.76113e-05	4.90046e-05	0.00012838	0.000316234	0.000731644	0.00158848	0.00323391	0.00616958	0.0110237	0.0184391	0.0288614	0.0422583	0.0578626	0.0740752	0.0886451	0.0991474	0.103636	0.101232	0.0924065	0.0788268	0.0628441	0.0468299	0.0326224	0.0212484	0.0129435	0.00737578	0.003933	0.00196311	0.00091754	0.000401734	0.000164841	6.34167e-05	2.28852e-05	7.7506e-06	2.46473e-06	7.36358e-07	2.06793e-07	5.46207e-08	1.35772e-08	3.17802e-09	7.0092e-10	1.45756e-10	2.85976e-11	5.29772e-12	9.27357e-13	1.53528e-13	2.4064e-14	3.5755e-15	5.04449e-16	6.77282e-17	8.68015e-18	1.06648e-18	1.2637e-19	1.45659e-20	1.6597e-21	1.99215e-22	3.72571e-23	
N37	3.91819e-13	1.2617e-12	6.41418e-12	3.64117e-11	2.05793e-10	1.11252e-09	5.66519e-09	2.69964e-08	1.19995e-07	4.96522e-07	1.90995e-06	6.82222e-06	2.26061e-05	6.94291e-05	0.000197484	0.000519852	0.0012656	0.00284784	0.00591966	0.011361	0.0201225	0.0328786	0.04954	0.0688143	0.0880988	0.10393	0.112959	0.113101	0.104317	0.0886302	0.0693689	0.0500203	0.0332342	0.0203501	0.0114866	0.00597834	0.00286999	0.00127131	0.000519842	0.00019631	6.84978e-05	2.20958e-05	6.59307e-06	1.82085e-06	4.65739e-07	1.10404e-07	2.42717e-08	4.95222e-09	9.38439e-10	1.6529e-10	2.70807e-11	4.13035e-12	5.86919e-13	7.77655e-14	9.61549e-15	1.11043e-15	1.19871e-16	1.21062e-17	1.14485e-18	1.01467e-19	8.43679e-21	6.59171e-22	4.86074e-23	3.4503e-24	2.62112e-25	3.6506e-26	
Schoenoplectus_lacustris	0	0	0	0	0	0	0	0	0	0	0	0	0	0	0	0	0	0	0	0	1	0	0	0	0	0	0	0	0	0	0	0	0	0	0	0	0	0	0	0	0	0	0	0	0	0	0	0	0	0	0	0	0	0	0	0	0	0	0	0	0	0	0	0	0	0	
Schoenoplectus_pungens	0	0	0	0	0	0	0	0	0	0	0	0	0	0	0	0	0	0	0	0	0	0	0	0	0	0	0	0	0	0	0	0	0	0	0	0	0	0	1	0	0	0	0	0	0	0	0	0	0	0	0	0	0	0	0	0	0	0	0	0	0	0	0	0	0	0	
N38	1.3352e-28	1.17834e-26	1.26967e-24	1.29439e-22	1.1914e-20	9.65452e-19	6.78173e-17	4.08096e-15	2.0809e-13	8.889e-12	3.14118e-10	9.05214e-09	2.09252e-07	3.80644e-06	5.32789e-05	0.000558872	0.00425902	0.0227433	0.0816987	0.189166	0.272137	0.239373	0.130864	0.046135	0.0109457	0.00182033	0.000219983	1.99248e-05	1.38859e-06	7.6144e-08	3.34851e-09	1.20041e-10	3.55809e-12	8.82793e-14	1.8533e-15	3.32363e-17	5.13495e-19	6.88645e-21	8.07114e-23	8.31788e-25	7.57944e-27	6.13763e-29	4.43719e-31	2.87605e-33	1.67788e-35	8.84228e-38	4.22333e-40	1.83391e-42	7.26088e-45	2.6282e-47	8.71934e-50	2.65762e-52	7.45851e-55	1.93141e-57	4.62405e-60	1.02543e-62	2.1101e-65	4.03598e-68	7.18725e-71	1.19365e-73	1.85248e-76	2.69492e-79	3.70016e-82	4.88381e-85	6.51535e-88	1.07304e-90	
Schoenoplectus_validus	0	0	0	0	0	0	0	0	0	0	0	0	0	0	0	0	0	0	0	0	1	0	0	0	0	0	0	0	0	0	0	0	0	0	0	0	0	0	0	0	0	0	0	0	0	0	0	0	0	0	0	0	0	0	0	0	0	0	0	0	0	0	0	0	0	0	
N39	1.75839e-39	1.09065e-36	7.71759e-34	4.66406e-31	2.37685e-28	1.01176e-25	3.56032e-23	1.02378e-20	2.37458e-18	4.37755e-16	6.30713e-14	6.9659e-12	5.7661e-10	3.48375e-08	1.48866e-06	4.33152e-05	0.000819255	0.00950837	0.0629965	0.217795	0.354674	0.252842	0.0848798	0.0148616	0.00148438	9.09011e-05	3.615e-06	9.77889e-08	1.86883e-09	2.6038e-11	2.71571e-13	2.16855e-15	1.35166e-17	6.6877e-20	2.66551e-22	8.66985e-25	2.32796e-27	5.21363e-30	9.82937e-33	1.57311e-35	2.15344e-38	2.53892e-41	2.59449e-44	2.31135e-47	1.80472e-50	1.24118e-53	7.5532e-57	4.0846e-60	1.97068e-63	8.51413e-67	3.30547e-70	1.15694e-73	3.66184e-77	1.05114e-80	2.7439e-84	6.53053e-88	1.42055e-91	2.83069e-95	5.17861e-99	8.71611e-103	1.35233e-106	1.93782e-110	2.56921e-114	3.15712e-118	3.60321e-122	4.40723e-126	
Schoenoplectus_triqueter	0	0	0	0	0	0	0	0	0	0	0	0	0	0	0	0	0	0	0	0	1	0	0	0	0	0	0	0	0	0	0	0	0	0	0	0	0	0	0	0	0	0	0	0	0	0	0	0	0	0	0	0	0	0	0	0	0	0	0	0	0	0	0	0	0	0	
Schoenoplectus_tabernaemontani	0	0	0	0	0	0	0	0	0	0	0	0	0	0	0	0	0	0	0	0	1	0	0	0	0	0	0	0	0	0	0	0	0	0	0	0	0	0	0	0	0	0	0	0	0	0	0	0	0	0	0	0	0	0	0	0	0	0	0	0	0	0	0	0	0	0	
N40	0.000452687	0.000536103	0.000710778	0.00101217	0.00149638	0.0022439	0.00336219	0.00498497	0.00726584	0.0103638	0.0144198	0.0195244	0.0256813	0.0327726	0.040535	0.0485571	0.0563034	0.0631664	0.0685433	0.071922	0.0729613	0.0715474	0.0678137	0.0621197	0.0549925	0.047046	0.0388936	0.0310716	0.0239872	0.0178951	0.0129012	0.00898836	0.00605204	0.0039383	0.00247698	0.00150579	0.000884825	0.000502607	0.000275999	0.000146528	7.52149e-05	3.73326e-05	1.79188e-05	8.31774e-06	3.73434e-06	1.62172e-06	6.81291e-07	2.76903e-07	1.08895e-07	4.14406e-08	1.52626e-08	5.44101e-09	1.87778e-09	6.27496e-10	2.03091e-10	6.36857e-11	1.93603e-11	5.71078e-12	1.63706e-12	4.57309e-13	1.25116e-13	3.38514e-14	9.23944e-15	2.65958e-15	8.98046e-16	4.51394e-16	
N41	0.00126844	0.00148881	0.00195797	0.00278884	0.0041565	0.0062984	0.00949903	0.0140509	0.0201886	0.0280024	0.0373479	0.04778	0.0585412	0.0686262	0.0769242	0.0824163	0.0843792	0.0825405	0.0771388	0.0688712	0.0587434	0.0478683	0.0372669	0.0277211	0.0197034	0.0133831	0.00868762	0.00539041	0.00319723	0.00181307	0.000983123	0.000509824	0.000252884	0.000120002	5.44871e-05	2.36768e-05	9.84819e-06	3.92178e-06	1.49552e-06	5.46227e-07	1.91128e-07	6.40821e-08	2.05927e-08	6.34384e-09	1.87394e-09	5.30917e-10	1.44301e-10	3.7635e-11	9.42108e-12	2.26414e-12	5.22527e-13	1.15832e-13	2.46701e-14	5.04955e-15	9.93543e-16	1.87972e-16	3.42066e-17	5.98958e-18	1.0097e-18	1.64027e-19	2.57304e-20	3.91642e-21	5.85911e-22	8.95114e-23	1.58347e-23	4.80696e-24	
Schoenoplectiella_articulata	0	0	0	0	0	0	0	0	0	0	0	0	0	0	1	0	0	0	0	0	0	0	0	0	0	0	0	0	0	0	0	0	0	0	0	0	0	0	0	0	0	0	0	0	0	0	0	0	0	0	0	0	0	0	0	0	0	0	0	0	0	0	0	0	0	0	
Schoenoplectiella_senegalensis	0	0	0	0	0	0	0	0	0	0	0	0	0	1	0	0	0	0	0	0	0	0	0	0	0	0	0	0	0	0	0	0	0	0	0	0	0	0	0	0	0	0	0	0	0	0	0	0	0	0	0	0	0	0	0	0	0	0	0	0	0	0	0	0	0	0	
N42	1.03391e-20	1.39034e-19	2.4528e-18	4.06973e-17	6.21994e-16	8.72158e-15	1.11838e-13	1.30728e-12	1.3885e-11	1.33582e-10	1.1605e-09	9.07685e-09	6.37333e-08	4.00612e-07	2.24822e-06	1.12352e-05	4.98738e-05	0.000196188	0.000682331	0.00209367	0.0056564	0.0134301	0.0279764	0.0510528	0.081506	0.113716	0.138525	0.147243	0.136509	0.110368	0.0778259	0.0478795	0.0257143	0.0120658	0.00495156	0.00177939	0.000560736	0.000155202	3.77956e-05	8.11325e-06	1.5382e-06	2.581e-07	3.84094e-08	5.08048e-09	5.98613e-10	6.29693e-11	5.92682e-12	5.00259e-13	3.79499e-14	2.59313e-15	1.59948e-16	8.92483e-18	4.51444e-19	2.07436e-20	8.67601e-22	3.3096e-23	1.15374e-24	3.68283e-26	1.07877e-27	2.90691e-29	7.23095e-31	1.66995e-32	3.61967e-34	7.52451e-36	1.57189e-37	4.58159e-39	
N43	2.02275e-21	2.2446e-20	4.22377e-19	7.96679e-18	1.38789e-16	2.19973e-15	3.15747e-14	4.09335e-13	4.78151e-12	5.02117e-11	4.72953e-10	3.9869e-09	3.0012e-08	2.01304e-07	1.20056e-06	6.35315e-06	2.9771e-05	0.000123299	0.000450498	0.00144958	0.00410116	0.010187	0.0221864	0.0423169	0.0706143	0.103006	0.131264	0.146063	0.141884	0.120309	0.0890616	0.0575769	0.0325232	0.016063	0.00694266	0.0026287	0.00087295	0.000254596	6.53082e-05	1.4758e-05	2.94286e-06	5.18766e-07	8.09928e-08	1.12211e-08	1.38231e-09	1.51719e-10	1.48673e-11	1.30343e-12	1.02451e-13	7.23475e-15	4.59954e-16	2.63807e-17	1.36781e-18	6.42412e-20	2.73847e-21	1.0616e-22	3.74972e-24	1.20903e-25	3.56514e-27	9.6314e-29	2.38803e-30	5.44384e-32	1.14366e-33	2.23001e-35	4.2505e-37	1.32854e-38	
Schoenoplectiella_juncoides	0	0	0	0	0	0	0	0	0	0	0	0	0	0	0	0	0	0	0	0	0	0	0	0	0	0	0	0	0	0	0	0	0	0	0	0	1	0	0	0	0	0	0	0	0	0	0	0	0	0	0	0	0	0	0	0	0	0	0	0	0	0	0	0	0	0	
Schoenoplectiella_hotarui	0	0	0	0	0	0	0	0	0	0	0	0	0	0	0	0	0	0	0	0	0	1	0	0	0	0	0	0	0	0	0	0	0	0	0	0	0	0	0	0	0	0	0	0	0	0	0	0	0	0	0	0	0	0	0	0	0	0	0	0	0	0	0	0	0	0	
N44	1.13817e-24	2.27436e-23	7.14216e-22	2.18755e-20	6.08617e-19	1.51592e-17	3.36377e-16	6.62902e-15	1.15705e-13	1.78391e-12	2.42299e-11	2.89161e-10	3.0241e-09	2.76432e-08	2.20296e-07	1.52673e-06	9.17899e-06	4.77615e-05	0.000214599	0.000830818	0.00276587	0.00790283	0.0193467	0.0405156	0.0724829	0.110646	0.143981	0.159597	0.15062	0.120996	0.0827355	0.0481684	0.0238896	0.0101012	0.00364499	0.00112392	0.000296576	6.70878e-05	1.3034e-05	2.17942e-06	3.14337e-07	3.91973e-08	4.23634e-09	3.97829e-10	3.25462e-11	2.32567e-12	1.45545e-13	7.9985e-15	3.87029e-16	1.65331e-17	6.25152e-19	2.09781e-20	6.26331e-22	1.66798e-23	3.97189e-25	8.47747e-27	1.62562e-28	2.80705e-30	4.3745e-32	6.16591e-34	7.87723e-36	9.14008e-38	9.65203e-40	9.30505e-42	8.39654e-44	1.14358e-45	
Schoenoplectiella_mucronata	0	0	0	0	0	0	0	0	0	0	0	0	0	0	0	0	0	0	0	0	1	0	0	0	0	0	0	0	0	0	0	0	0	0	0	0	0	0	0	0	0	0	0	0	0	0	0	0	0	0	0	0	0	0	0	0	0	0	0	0	0	0	0	0	0	0	
N45	5.22582e-27	1.23538e-25	4.76816e-24	1.74474e-22	5.75799e-21	1.70287e-19	4.49978e-18	1.05961e-16	2.21754e-15	4.11329e-14	6.74368e-13	9.74508e-12	1.23775e-10	1.37791e-09	1.34067e-08	1.13693e-07	8.3801e-07	5.35424e-06	2.95756e-05	0.00014088	0.000577272	0.00203015	0.00611437	0.0157395	0.0345673	0.0646693	0.102922	0.139199	0.159858	0.155808	0.128859	0.0904399	0.0538905	0.0272829	0.0117476	0.00430793	0.00134755	0.000360241	8.24747e-05	1.6208e-05	2.74094e-06	3.99921e-07	5.04836e-08	5.52924e-09	5.26973e-10	4.38335e-11	3.19164e-12	2.04039e-13	1.14866e-14	5.71128e-16	2.51536e-17	9.84092e-19	3.42968e-20	1.06769e-21	2.97696e-23	7.45357e-25	1.68003e-26	3.41741e-28	6.28838e-30	1.04916e-31	1.59067e-33	2.19633e-35	2.76829e-37	3.20099e-39	3.52976e-41	6.03329e-43	
Schoenoplectiella_lineolata	0	0	0	0	0	0	0	0	0	0	0	0	0	0	0	0	0	0	0	0	0	0	0	0	0	0	0	0	0	1	0	0	0	0	0	0	0	0	0	0	0	0	0	0	0	0	0	0	0	0	0	0	0	0	0	0	0	0	0	0	0	0	0	0	0	0	
Schoenoplectiella_wallichii	0	0	0	0	0	0	0	0	0	0	0	0	0	0	0	0	0	0	0	0	0	0	0	0	0	0	0	0	0	0	0	0	0	0	0	1	0	0	0	0	0	0	0	0	0	0	0	0	0	0	0	0	0	0	0	0	0	0	0	0	0	0	0	0	0	0	
N46	0.000607635	0.000696646	0.000877324	0.00118147	0.00165901	0.00238132	0.00344367	0.00496524	0.00708456	0.00994823	0.0136917	0.0184118	0.0241343	0.0307806	0.0381422	0.0458709	0.0534923	0.0604463	0.0661504	0.0700796	0.0718449	0.0712565	0.0683568	0.063415	0.0568845	0.0493334	0.0413615	0.0335222	0.0262621	0.0198872	0.0145565	0.0102985	0.00704253	0.00465504	0.00297417	0.00183682	0.00109658	0.000632844	0.000353068	0.000190434	9.93061e-05	5.00698e-05	2.44102e-05	1.15077e-05	5.24631e-06	2.31315e-06	9.86442e-07	4.06905e-07	1.62372e-07	6.26868e-08	2.34178e-08	8.46632e-09	2.96295e-09	1.0041e-09	3.29654e-10	1.04927e-10	3.24164e-11	9.73824e-12	2.85302e-12	8.1898e-13	2.32063e-13	6.5661e-14	1.88803e-14	5.67415e-15	1.89541e-15	8.70777e-16	
N47	0.00128807	0.00140936	0.00163651	0.00199433	0.00251879	0.00325719	0.00426746	0.00561592	0.00737317	0.00960766	0.012377	0.0157175	0.0196328	0.0240833	0.028978	0.0341709	0.0394635	0.0446141	0.0493546	0.0534121	0.0565351	0.0585185	0.0592261	0.0586052	0.0566933	0.0536137	0.0495623	0.0447862	0.0395588	0.0341541	0.0288228	0.023775	0.0191689	0.0151064	0.0116364	0.00876126	0.0064478	0.00463828	0.00326142	0.00224165	0.00150607	0.000989117	0.00063501	0.000398524	0.000244499	0.000146643	8.59837e-05	4.92897e-05	2.76247e-05	1.51378e-05	8.11097e-06	4.24982e-06	2.17776e-06	1.09164e-06	5.35458e-07	2.5715e-07	1.21024e-07	5.59112e-08	2.54284e-08	1.14432e-08	5.14178e-09	2.34383e-09	1.11412e-09	5.77817e-10	3.497e-10	2.67489e-10	
Schoenoplectus_litoralis	0	0	0	0	0	0	0	0	0	0	0	0	0	0	0	0	0	0	0	1	0	0	0	0	0	0	0	0	0	0	0	0	0	0	0	0	0	0	0	0	0	0	0	0	0	0	0	0	0	0	0	0	0	0	0	0	0	0	0	0	0	0	0	0	0	0	
N48	1.93725e-29	6.92003e-28	2.97227e-26	1.20458e-24	4.46625e-23	1.50474e-21	4.58874e-20	1.26193e-18	3.11787e-17	6.89412e-16	1.3589e-14	2.37817e-13	3.68045e-12	5.01659e-11	5.99839e-10	6.26732e-09	5.70037e-08	4.49704e-07	3.06671e-06	1.80207e-05	9.0988e-05	0.000393737	0.00145708	0.00460273	0.0123923	0.0284052	0.0553876	0.0918325	0.129447	0.155159	0.158212	0.137335	0.101574	0.0640768	0.0345176	0.0158981	0.00626874	0.002119	0.000614882	0.000153379	3.29363e-05	6.0976e-06	9.74751e-07	1.34773e-07	1.61459e-08	1.6793e-09	1.51962e-10	1.19922e-11	8.27423e-13	5.0051e-14	2.66207e-15	1.24876e-16	5.18305e-18	1.90975e-19	6.26819e-21	1.83924e-22	4.84288e-24	1.14898e-25	2.46749e-27	4.82238e-29	8.63295e-31	1.42716e-32	2.20078e-34	3.20464e-36	4.49188e-38	7.74911e-40	
Bolboschoenus_maritimus	0	0	0	0	0	0	0	0	0	0	0	0	0	0	0	0	0	0	0	1	0	0	0	0	0	0	0	0	0	0	0	0	0	0	0	0	0	0	0	0	0	0	0	0	0	0	0	0	0	0	0	0	0	0	0	0	0	0	0	0	0	0	0	0	0	0	
N49	2.48726e-31	8.41827e-30	4.48929e-28	2.2893e-26	1.06302e-24	4.45835e-23	1.6821e-21	5.68838e-20	1.71778e-18	4.61464e-17	1.09853e-15	2.30826e-14	4.26409e-13	6.89785e-12	9.73274e-11	1.19318e-09	1.26615e-08	1.15878e-07	9.115e-07	6.14277e-06	3.53628e-05	0.000173444	0.00072311	0.00255759	0.00766217	0.0194198	0.041606	0.0753175	0.115196	0.148904	0.162763	0.150578	0.118026	0.078476	0.0443199	0.0212889	0.00870937	0.00303866	0.000905328	0.000230626	5.02959e-05	9.40194e-06	1.50842e-06	2.07985e-07	2.46828e-08	2.52534e-09	2.23158e-10	1.70676e-11	1.13244e-12	6.53504e-14	3.28917e-15	1.44819e-16	5.59541e-18	1.9034e-19	5.71992e-21	1.52377e-22	3.6114e-24	7.64314e-26	1.45017e-27	2.47731e-29	3.82887e-31	5.38493e-33	6.94182e-35	8.30118e-37	9.65081e-39	1.79422e-40	
Bolboschoenus_fluviatilis	0	0	0	0	0	0	0	0	0	0	0	0	0	0	0	0	0	0	0	0	0	0	0	0	0	0	0	0	0	0	0	0	0	0	0	0	0	0	0	0	0	0	0	0	0	0	1	0	0	0	0	0	0	0	0	0	0	0	0	0	0	0	0	0	0	0	
Bolboschoenus_planiculmis	0	0	0	0	0	0	0	0	0	0	0	0	0	0	0	0	0	0	0	0	0	0	0	0	0	0	0	1	0	0	0	0	0	0	0	0	0	0	0	0	0	0	0	0	0	0	0	0	0	0	0	0	0	0	0	0	0	0	0	0	0	0	0	0	0	0	
N50	2.99584e-06	5.02676e-06	1.11125e-05	2.69284e-05	6.54981e-05	0.000154478	0.000348683	0.000749191	0.00152837	0.00295565	0.00541212	0.00937473	0.0153488	0.0237357	0.0346478	0.0477161	0.0619685	0.0758634	0.0875217	0.09513	0.0974005	0.093928	0.0853084	0.0729702	0.0587856	0.0446071	0.0318857	0.0214743	0.0136288	0.00815293	0.00459835	0.00244596	0.00122743	0.000581296	0.000259902	0.00010975	4.37884e-05	1.65144e-05	5.88994e-06	1.98746e-06	6.34797e-07	1.92012e-07	5.50293e-08	1.49503e-08	3.8523e-09	9.41949e-10	2.18677e-10	4.82256e-11	1.01086e-11	2.01504e-12	3.82218e-13	6.903e-14	1.18782e-14	1.94881e-15	3.05109e-16	4.56298e-17	6.52675e-18	8.94364e-19	1.17667e-19	1.49084e-20	1.82662e-21	2.17719e-22	2.54841e-23	2.98847e-24	3.75275e-25	7.07787e-26	
Fuirena_umbellata	0	0	0	0	0	0	0	0	0	0	0	0	0	0	0	0	0	0	0	0	0	0	0	0	0	1	0	0	0	0	0	0	0	0	0	0	0	0	0	0	0	0	0	0	0	0	0	0	0	0	0	0	0	0	0	0	0	0	0	0	0	0	0	0	0	0	
N51	2.79539e-07	5.57477e-07	1.57375e-06	4.98526e-06	1.59245e-05	4.89459e-05	0.00014172	0.000382717	0.000959165	0.0022249	0.00476891	0.00943494	0.017215	0.0289487	0.0448402	0.0639466	0.0839294	0.101351	0.112579	0.115013	0.108057	0.0933658	0.0741956	0.0542364	0.036477	0.0225781	0.012866	0.0067526	0.00326563	0.00145599	0.000598814	0.000227317	7.97008e-05	2.58275e-05	7.74115e-06	2.14761e-06	5.51913e-07	1.3149e-07	2.90654e-08	5.96594e-09	1.13805e-09	2.01928e-10	3.33538e-11	5.13314e-12	7.3668e-13	9.86742e-14	1.2346e-14	1.44416e-15	1.58066e-16	1.62015e-17	1.55643e-18	1.40255e-19	1.18653e-20	9.43099e-22	7.04871e-23	4.95773e-24	3.28416e-25	2.05061e-26	1.20785e-27	6.71725e-29	3.53058e-30	1.7565e-31	8.30462e-33	3.79142e-34	1.81993e-35	1.55859e-36	
Fuirena_simplex	0	0	0	0	0	0	0	0	0	0	0	0	0	0	1	0	0	0	0	0	0	0	0	0	0	0	0	0	0	0	0	0	0	0	0	0	0	0	0	0	0	0	0	0	0	0	0	0	0	0	0	0	0	0	0	0	0	0	0	0	0	0	0	0	0	0	
N52	8.72665e-12	4.12027e-11	3.05335e-10	2.35849e-09	1.71739e-08	1.14276e-07	6.86044e-07	3.69142e-06	1.7727e-05	7.5728e-05	0.000286964	0.000962084	0.00284674	0.00741692	0.0169783	0.0340793	0.0598724	0.0919227	0.123172	0.143901	0.146482	0.129877	0.100304	0.0675034	0.0396162	0.0202972	0.00909118	0.00356578	0.00122708	0.000371269	9.89904e-05	2.33145e-05	4.86255e-06	9.00345e-07	1.48379e-07	2.18209e-08	2.87086e-09	3.38759e-10	3.59404e-11	3.4367e-12	2.96891e-13	2.32246e-14	1.64881e-15	1.06464e-16	6.26561e-18	3.36768e-19	1.65638e-20	7.46921e-22	3.09366e-23	1.17902e-24	4.14156e-26	1.34313e-27	4.02783e-29	1.11866e-30	2.88162e-32	6.89472e-34	1.5344e-35	3.18041e-37	6.14772e-39	1.10963e-40	1.87242e-42	2.95746e-44	4.37903e-46	6.10645e-48	8.34385e-50	1.84839e-51	
Fuirena_ciliaris	0	0	0	0	0	0	0	0	0	0	0	0	0	0	0	0	0	0	1	0	0	0	0	0	0	0	0	0	0	0	0	0	0	0	0	0	0	0	0	0	0	0	0	0	0	0	0	0	0	0	0	0	0	0	0	0	0	0	0	0	0	0	0	0	0	0	
N53	4.90266e-27	2.75008e-25	2.08928e-23	1.49675e-21	9.56437e-20	5.34844e-18	2.59244e-16	1.08126e-14	3.85288e-13	1.16405e-11	2.95702e-10	6.25764e-09	1.0918e-07	1.55242e-06	1.7755e-05	0.000160937	0.00113697	0.00614341	0.0248602	0.0736344	0.155882	0.230614	0.234365	0.162531	0.0774547	0.0258124	0.00615427	0.00107538	0.000140948	1.4155e-05	1.11023e-06	6.91722e-08	3.47523e-09	1.42672e-10	4.84301e-12	1.37365e-13	3.28629e-15	6.68762e-17	1.16652e-18	1.75618e-20	2.2964e-22	2.62322e-24	2.63167e-26	2.33002e-28	1.82888e-30	1.27799e-32	7.98141e-35	4.47122e-37	2.25447e-39	1.02642e-41	4.23221e-44	1.5849e-46	5.40487e-49	1.68273e-51	4.79433e-54	1.25287e-56	3.00944e-59	6.65817e-62	1.35944e-64	2.56629e-67	4.48711e-70	7.27912e-73	1.09739e-75	1.54085e-78	2.04183e-81	3.49684e-84	
Fuirena_breviseta	0	0	0	0	0	0	0	0	0	0	0	0	0	0	0	0	0	0	0	0	0	0	1	0	0	0	0	0	0	0	0	0	0	0	0	0	0	0	0	0	0	0	0	0	0	0	0	0	0	0	0	0	0	0	0	0	0	0	0	0	0	0	0	0	0	0	
N54	2.27688e-57	7.43402e-54	2.65727e-50	8.25473e-47	2.19434e-43	4.95297e-40	9.41613e-37	1.49431e-33	1.95997e-30	2.10117e-27	1.81813e-24	1.25179e-21	6.74619e-19	2.79197e-16	8.6758e-14	1.97013e-11	3.16232e-09	3.43971e-07	2.39827e-05	0.000992199	0.0216998	0.206892	0.585594	0.169643	0.014596	0.000547954	1.08883e-05	1.28585e-07	9.75204e-10	5.02241e-12	1.83247e-14	4.89757e-17	9.85242e-20	1.52591e-22	1.85456e-25	1.79809e-28	1.41072e-31	9.06945e-35	4.83117e-38	2.15358e-41	8.10537e-45	2.59644e-48	7.13088e-52	1.69028e-55	3.47907e-59	6.25301e-63	9.86443e-67	1.3724e-70	1.69136e-74	1.85403e-78	1.81462e-82	1.59146e-86	1.25487e-90	8.92393e-95	5.74047e-99	3.34948e-103	1.77738e-107	8.59856e-112	3.80128e-116	1.53905e-120	5.71872e-125	1.95405e-129	6.15151e-134	1.7874e-138	4.8059e-143	1.35202e-147	
Fuirena_pumila	0	0	0	0	0	0	0	0	0	0	0	0	0	0	0	0	0	0	0	0	0	0	1	0	0	0	0	0	0	0	0	0	0	0	0	0	0	0	0	0	0	0	0	0	0	0	0	0	0	0	0	0	0	0	0	0	0	0	0	0	0	0	0	0	0	0	
Fuirena_scirpoidea	0	0	0	0	0	0	0	0	0	0	0	0	0	0	0	0	0	0	0	0	0	0	1	0	0	0	0	0	0	0	0	0	0	0	0	0	0	0	0	0	0	0	0	0	0	0	0	0	0	0	0	0	0	0	0	0	0	0	0	0	0	0	0	0	0	0	
N55	5.91957e-06	7.67626e-06	1.19052e-05	2.05726e-05	3.74739e-05	6.94721e-05	0.000128447	0.000234149	0.000418058	0.000728145	0.00123403	0.00203149	0.00324456	0.00502305	0.00753289	0.0109376	0.0153704	0.0208986	0.0274866	0.0349635	0.043007	0.0511498	0.0588151	0.0653799	0.0702564	0.0729783	0.0732746	0.0711138	0.0667094	0.0604851	0.0530071	0.0448997	0.0367603	0.0290899	0.0222506	0.0164505	0.0117562	0.0081211	0.00542292	0.00350055	0.00218443	0.00131782	0.000768617	0.000433429	0.000236321	0.000124591	6.35177e-05	3.13154e-05	1.49316e-05	6.88601e-06	3.07172e-06	1.32551e-06	5.53376e-07	2.23531e-07	8.73776e-08	3.3059e-08	1.21098e-08	4.29712e-09	1.47871e-09	4.94634e-10	1.61694e-10	5.22898e-11	1.71976e-11	6.10668e-12	2.62598e-12	1.62144e-12	
N56	1.93803e-06	2.50331e-06	3.88772e-06	6.81503e-06	1.2771e-05	2.46226e-05	4.76639e-05	9.1276e-05	0.000171399	0.000313961	0.000559252	0.000966907	0.00162069	0.00263168	0.00413782	0.00629753	0.00927531	0.0132181	0.0182237	0.0243044	0.0313528	0.0391185	0.047204	0.0550864	0.0621674	0.0678451	0.0715981	0.0730638	0.0720965	0.0687911	0.0634679	0.0566211	0.0488433	0.0407416	0.032861	0.0256293	0.0193293	0.014097	0.00994208	0.00678079	0.00447247	0.00285295	0.0017601	0.00105024	0.000606142	0.000338383	0.000182732	9.54584e-05	4.8243e-05	2.35886e-05	1.11596e-05	5.10875e-06	2.26331e-06	9.70515e-07	4.02885e-07	1.61968e-07	6.30934e-08	2.38381e-08	8.75098e-09	3.13162e-09	1.09939e-09	3.83345e-10	1.3612e-10	5.17742e-11	2.32926e-11	1.46001e-11	
N57	5.57374e-09	9.4395e-09	2.11719e-08	5.32154e-08	1.38767e-07	3.62615e-07	9.33222e-07	2.34289e-06	5.70544e-06	1.34298e-05	3.04865e-05	6.66427e-05	0.000140138	0.000283273	0.000550132	0.00102606	0.00183732	0.00315791	0.0052087	0.00824324	0.0125154	0.0182268	0.0254595	0.0341053	0.0438116	0.0539659	0.0637362	0.072172	0.0783517	0.0815478	0.0813678	0.0778331	0.0713753	0.0627493	0.0528877	0.0427366	0.0331101	0.0245958	0.0175196	0.0119669	0.00783916	0.00492519	0.00296815	0.00171595	0.000951759	0.000506534	0.000258706	0.000126818	5.96761e-05	2.69607e-05	1.16963e-05	4.87347e-06	1.95069e-06	7.50255e-07	2.77354e-07	9.85935e-08	3.37226e-08	1.11093e-08	3.53088e-09	1.08602e-09	3.25099e-10	9.57552e-11	2.83602e-11	8.83854e-12	3.20742e-12	1.68883e-12	
Scirpoides_holoschoenus	0	0	0	0	0	0	0	0	0	0	0	0	0	0	0	0	0	0	0	0	1	0	0	0	0	0	0	0	0	0	0	0	0	0	0	0	0	0	0	0	0	0	0	0	0	0	0	0	0	0	0	0	0	0	0	0	0	0	0	0	0	0	0	0	0	0	
Scirpoides_holoschoenus_subsp_thunbergii	0	0	0	0	0	0	0	0	0	0	0	0	0	0	0	0	0	0	0	0	0	0	0	0	0	0	0	0	0	0	0	0	0	0	0	0	0	0	0	0	0	1	0	0	0	0	0	0	0	0	0	0	0	0	0	0	0	0	0	0	0	0	0	0	0	0	
N58	2.53545e-13	7.76379e-13	3.24197e-12	1.45839e-11	6.6575e-11	2.99703e-10	1.30805e-09	5.47706e-09	2.18569e-08	8.27752e-08	2.96665e-07	1.0043e-06	3.20715e-06	9.65196e-06	2.73554e-05	7.29722e-05	0.00018313	0.000432195	0.000958902	0.00199945	0.00391715	0.00720851	0.0124576	0.0202138	0.0307893	0.0440159	0.0590481	0.0743233	0.0877623	0.0972084	0.100987	0.0983924	0.0898992	0.0770243	0.0618814	0.0466172	0.0329294	0.0218113	0.0135473	0.00789075	0.00431033	0.00220834	0.00106128	0.000478472	0.000202399	8.03437e-05	2.99342e-05	1.04698e-05	3.43846e-06	1.06058e-06	3.07319e-07	8.36808e-08	2.14184e-08	5.15493e-09	1.16708e-09	2.48672e-10	4.98942e-11	9.4344e-12	1.6832e-12	2.83902e-13	4.54283e-14	6.94215e-15	1.02712e-15	1.52116e-16	2.51055e-17	6.86223e-18	
N59	1.20946e-10	2.78945e-10	8.7024e-10	2.95549e-09	1.0241e-08	3.51488e-08	1.17425e-07	3.77821e-07	1.16331e-06	3.41441e-06	9.53075e-06	2.52635e-05	6.35337e-05	0.000151487	0.000342293	0.000732673	0.00148518	0.00285025	0.00517752	0.0089002	0.0144754	0.0222705	0.0324062	0.0445919	0.0580167	0.0713612	0.0829727	0.0911864	0.0947131	0.0929707	0.0862412	0.0755963	0.0626173	0.049011	0.0362496	0.0253359	0.0167344	0.010446	0.00616297	0.00343693	0.00181191	0.000903119	0.00042565	0.000189727	7.99918e-05	3.19068e-05	1.20428e-05	4.30201e-06	1.45483e-06	4.65859e-07	1.41289e-07	4.05962e-08	1.10537e-08	2.853e-09	6.98226e-10	1.6208e-10	3.56984e-11	7.46313e-12	1.48171e-12	2.796e-13	5.02374e-14	8.63603e-15	1.44054e-15	2.43515e-16	4.7712e-17	1.57651e-17	
Cyperus_fuscus	0	0	0	0	0	0	0	0	0	0	0	0	0	0	0	0	0	0	0	0	0	0	0	1	0	0	0	0	0	0	0	0	0	0	0	0	0	0	0	0	0	0	0	0	0	0	0	0	0	0	0	0	0	0	0	0	0	0	0	0	0	0	0	0	0	0	
Cyperus_eragrostis	0	0	0	0	0	0	0	0	0	0	0	0	0	0	0	0	0	0	0	0	1	0	0	0	0	0	0	0	0	0	0	0	0	0	0	0	0	0	0	0	0	0	0	0	0	0	0	0	0	0	0	0	0	0	0	0	0	0	0	0	0	0	0	0	0	0	
N60	8.20994e-16	3.2406e-15	1.75061e-14	1.01457e-13	5.94072e-13	3.41247e-12	1.89057e-11	9.99837e-11	5.01465e-10	2.37505e-09	1.0592e-08	4.43916e-08	1.74597e-07	6.43792e-07	2.22382e-06	7.19187e-06	2.17656e-05	6.16189e-05	0.000163128	0.000403726	0.000933849	0.00201834	0.00407521	0.0076852	0.0135342	0.0222541	0.0341604	0.0489451	0.0654513	0.081677	0.0951073	0.103329	0.104737	0.0990424	0.087371	0.0719	0.0551952	0.0395264	0.0264055	0.0164566	0.00956859	0.00519094	0.00262768	0.00124129	0.000547274	0.000225231	8.654e-05	3.10497e-05	1.04051e-05	3.25757e-06	9.53088e-07	2.60685e-07	6.66845e-08	1.59616e-08	3.57721e-09	7.51217e-10	1.47974e-10	2.73787e-11	4.7676e-12	7.8369e-13	1.22196e-13	1.8232e-14	2.64979e-15	3.91256e-16	6.61037e-17	1.86694e-17	
N61	2.91549e-13	2.98307e-12	5.17123e-11	8.80168e-10	1.31361e-08	1.66024e-07	1.74714e-06	1.51377e-05	0.000107018	0.000612408	0.00281577	0.0103319	0.0300715	0.0690747	0.124734	0.176643	0.196013	0.170568	0.116673	0.0629743	0.0269559	0.00920502	0.00252436	0.000559872	0.000101155	1.49976e-05	1.83792e-06	1.87484e-07	1.60288e-08	1.15605e-09	7.07787e-11	3.70052e-12	1.6615e-13	6.44071e-15	2.16643e-16	6.35332e-18	1.63173e-19	3.68579e-21	7.35297e-23	1.31422e-24	3.28795e-26	9.26998e-27	5.47251e-27	2.80571e-27	1.21375e-27	4.43825e-28	1.37812e-28	3.66099e-29	8.41072e-30	1.69516e-30	3.04994e-31	4.99337e-32	7.57947e-33	1.08372e-33	1.47652e-34	1.93086e-35	2.43333e-36	2.96202e-37	3.48872e-38	3.98416e-39	4.42629e-40	4.81207e-41	5.17345e-42	5.59962e-43	6.28023e-44	8.4592e-45	
Cyperus_alternifolius	0	0	0	0	0	0	0	0	0	0	0	0	0	0	0	1	0	0	0	0	0	0	0	0	0	0	0	0	0	0	0	0	0	0	0	0	0	0	0	0	0	0	0	0	0	0	0	0	0	0	0	0	0	0	0	0	0	0	0	0	0	0	0	0	0	0	
N62	2.51156e-13	2.46739e-12	4.39276e-11	7.72612e-10	1.18593e-08	1.53504e-07	1.64885e-06	1.454e-05	0.000104339	0.000604493	0.00280683	0.010375	0.0303457	0.069878	0.126195	0.178299	0.196919	0.170137	0.115267	0.0614678	0.0259292	0.00870342	0.00233994	0.000507422	8.93954e-05	1.28884e-05	1.53158e-06	1.51074e-07	1.24539e-08	8.63603e-10	5.06909e-11	2.53353e-12	1.08429e-13	3.99488e-15	1.27346e-16	3.52907e-18	8.54034e-20	1.81249e-21	3.38689e-23	5.59368e-25	8.19444e-27	1.06841e-28	1.24379e-30	1.29678e-32	1.21436e-34	1.0242e-36	7.80085e-39	5.3825e-41	3.39214e-43	2.05175e-45	1.58916e-47	2.77606e-49	8.23131e-51	2.54739e-52	7.36719e-54	1.97575e-55	4.94482e-57	1.16343e-58	2.58967e-60	5.48042e-62	1.10673e-63	2.13824e-65	3.95966e-67	7.03806e-69	1.20675e-70	2.51556e-72	
Cyperus_difformis	0	0	0	0	0	0	0	0	0	0	0	0	0	0	0	1	0	0	0	0	0	0	0	0	0	0	0	0	0	0	0	0	0	0	0	0	0	0	0	0	0	0	0	0	0	0	0	0	0	0	0	0	0	0	0	0	0	0	0	0	0	0	0	0	0	0	
Cyperus_involucratus	0	0	0	0	0	0	0	0	0	0	0	0	0	0	0	1	0	0	0	0	0	0	0	0	0	0	0	0	0	0	0	0	0	0	0	0	0	0	0	0	0	0	0	0	0	0	0	0	0	0	0	0	0	0	0	0	0	0	0	0	0	0	0	0	0	0	
N63	7.99123e-19	3.24566e-18	2.17805e-17	1.65001e-16	1.25701e-15	9.25846e-15	6.49344e-14	4.30714e-13	2.69236e-12	1.5826e-11	8.73527e-11	4.52266e-10	2.1947e-09	9.9758e-09	4.24505e-08	1.69042e-07	6.29674e-07	2.19335e-06	7.14243e-06	2.17378e-05	6.18182e-05	0.000164232	0.000407525	0.00094435	0.00204327	0.00412739	0.0077826	0.0136971	0.0224983	0.0344867	0.0493298	0.0658419	0.0820009	0.0952905	0.103323	0.104536	0.0986886	0.0869408	0.0714761	0.0548419	0.0392751	0.0262557	0.0163865	0.00954928	0.00519692	0.00264177	0.00125462	0.000556801	0.000230985	8.95987e-05	3.25104e-05	1.10394e-05	3.51006e-06	1.04578e-06	2.92228e-07	7.66817e-08	1.89268e-08	4.40463e-09	9.69788e-10	2.03048e-10	4.07428e-11	7.92979e-12	1.52531e-12	2.98517e-13	6.26561e-14	1.77097e-14	
Kyllingiella_microcephala	0	0	0	0	0	0	0	0	0	0	0	0	0	0	0	0	0	0	0	0	0	0	0	0	0	0	0	0	0	0	0	0	0	0	0	0	0	0	0	0	0	0	0	0	0	0	0	0	0	1	0	0	0	0	0	0	0	0	0	0	0	0	0	0	0	0	
N64	1.95825e-19	7.70957e-19	5.22966e-18	3.99124e-17	3.02067e-16	2.19053e-15	1.50701e-14	9.80277e-14	6.02039e-13	3.48807e-12	1.90533e-11	9.80744e-11	4.75496e-10	2.17051e-09	9.32464e-09	3.76876e-08	1.43256e-07	5.11958e-07	1.71962e-06	5.42732e-06	1.60908e-05	4.48021e-05	0.000117126	0.000287439	0.000662058	0.00143095	0.0029018	0.00552027	0.00985037	0.0164854	0.0258741	0.0380822	0.0525592	0.0680194	0.0825413	0.0939219	0.100215	0.100274	0.0940939	0.0828112	0.0683621	0.0529412	0.0384668	0.0262279	0.0167844	0.0100834	0.00568809	0.00301373	0.00150022	0.000701891	0.000308766	0.000127775	4.97701e-05	1.82603e-05	6.31599e-06	2.06183e-06	6.36147e-07	1.85855e-07	5.1548e-08	1.36219e-08	3.44811e-09	8.43107e-10	2.01896e-10	4.84947e-11	1.23155e-11	4.17107e-12	
Cyperus_cuspidatus	0	0	0	0	0	0	0	0	0	0	0	0	0	0	0	0	0	0	0	0	0	0	0	0	0	0	0	0	0	0	0	0	0	0	0	0	0	0	0	0	0	0	0	0	0	0	0	0	0	0	0	0	0	0	0	1	0	0	0	0	0	0	0	0	0	0	
Cyperus_cyperoides	0	0	0	0	0	0	0	0	0	0	0	0	0	0	0	0	0	0	0	0	0	0	0	0	0	0	0	0	0	0	0	0	0	0	0	0	0	0	0	0	1	0	0	0	0	0	0	0	0	0	0	0	0	0	0	0	0	0	0	0	0	0	0	0	0	0	
N65	4.19858e-06	5.31589e-06	7.98015e-06	1.34251e-05	2.4082e-05	4.444e-05	8.24247e-05	0.000151462	0.000273359	0.000482026	0.000827805	0.00138183	0.00223934	0.00352032	0.00536558	0.00792638	0.0113463	0.0157355	0.0211397	0.0275088	0.034671	0.0423215	0.0500308	0.0572773	0.0635016	0.0681769	0.070882	0.071364	0.0695771	0.0656902	0.0600602	0.0531779	0.0455977	0.0378647	0.0304522	0.0237199	0.0178952	0.0130771	0.00925681	0.00634774	0.00421714	0.00271454	0.00169316	0.00102348	0.000599641	0.000340573	0.000187548	0.000100159	5.18856e-05	2.60802e-05	1.2724e-05	6.02767e-06	2.77384e-06	1.24061e-06	5.39593e-07	2.28378e-07	9.4128e-08	3.78118e-08	1.48189e-08	5.67381e-09	2.12724e-09	7.85006e-10	2.88998e-10	1.10147e-10	4.78221e-11	2.86958e-11	
Scirpus_ficinioides	0	0	0	0	0	0	0	0	0	0	0	0	0	0	0	0	0	0	0	0	0	0	0	0	0	0	0	0	0	0	0	0	0	0	0	0	0	0	0	0	0	0	0	0	0	0	0	0	0	0	0	1	0	0	0	0	0	0	0	0	0	0	0	0	0	0	
N66	4.91505e-06	8.07906e-06	1.69393e-05	3.86088e-05	8.93531e-05	0.000203647	0.000449588	0.000951845	0.00192024	0.00367605	0.00665971	0.0113968	0.0184003	0.0280031	0.0401475	0.0541983	0.0688715	0.0823583	0.0926624	0.0980754	0.0976397	0.091425	0.0805103	0.0666763	0.0519304	0.0380373	0.026203	0.0169775	0.0103469	0.00593212	0.00319979	0.00162409	0.000775787	0.00034882	0.000147663	5.88636e-05	2.21019e-05	7.81862e-06	2.60652e-06	8.19119e-07	2.42725e-07	6.7842e-08	1.78911e-08	4.45325e-09	1.04657e-09	2.32305e-10	4.87208e-11	9.65815e-12	1.81036e-12	3.20996e-13	5.38611e-14	8.55605e-15	1.28733e-15	1.83539e-16	2.48101e-17	3.18173e-18	3.8742e-19	4.48397e-20	4.94084e-21	5.19607e-22	5.23594e-23	5.0875e-24	4.81553e-25	4.52553e-26	4.50185e-27	7.06429e-28	
N67	5.93676e-05	9.45566e-05	0.00018467	0.000379156	0.000772465	0.00152724	0.00289881	0.00524943	0.00903463	0.0147415	0.022767	0.0332454	0.0458668	0.0597552	0.0734842	0.085275	0.0933592	0.096409	0.0938935	0.0862298	0.074669	0.0609609	0.0469212	0.034047	0.0232904	0.0150199	0.00913187	0.00523455	0.00282914	0.00144186	0.000692992	0.000314142	0.000134331	5.41938e-05	2.06309e-05	7.4125e-06	2.51408e-06	8.05113e-07	2.435e-07	6.95686e-08	1.87807e-08	4.79196e-09	1.15595e-09	2.63707e-10	5.691e-11	1.16219e-11	2.24663e-12	4.11236e-13	7.13027e-14	1.17145e-14	1.82433e-15	2.69399e-16	3.77366e-17	5.01608e-18	6.32942e-19	7.58454e-20	8.63433e-21	9.3419e-22	9.61014e-23	9.40392e-24	8.75862e-25	7.77448e-26	6.608e-27	5.50197e-28	5.04478e-29	8.61791e-30	
Isolepis_marginata	0	0	0	1	0	0	0	0	0	0	0	0	0	0	0	0	0	0	0	0	0	0	0	0	0	0	0	0	0	0	0	0	0	0	0	0	0	0	0	0	0	0	0	0	0	0	0	0	0	0	0	0	0	0	0	0	0	0	0	0	0	0	0	0	0	0	
N68	0.000353388	0.00046223	0.000728238	0.00127846	0.00234061	0.00427183	0.00756421	0.0127979	0.0205172	0.031027	0.044152	0.0590433	0.0741445	0.0873966	0.0966751	0.100342	0.0977189	0.0892885	0.0765508	0.0615845	0.0464948	0.0329462	0.021915	0.0136866	0.00802704	0.00442205	0.00228883	0.00111339	0.000509156	0.000218962	8.85821e-05	3.3724e-05	1.20868e-05	4.07969e-06	1.29738e-06	3.88873e-07	1.0991e-07	2.93052e-08	7.37435e-09	1.75215e-09	3.93271e-10	8.34231e-11	1.67325e-11	3.17486e-12	5.70146e-13	9.69521e-14	1.56189e-14	2.38493e-15	3.4534e-16	4.74438e-17	6.18707e-18	7.6626e-19	9.01705e-20	1.0087e-20	1.0732e-21	1.08649e-22	1.04716e-23	9.6126e-25	8.40859e-26	7.01249e-27	5.57879e-28	4.23826e-29	3.08633e-30	2.19591e-31	1.7008e-32	2.46845e-33	
Desmoschoenus_spiralis	0	0	0	0	0	0	0	0	0	0	0	0	0	0	1	0	0	0	0	0	0	0	0	0	0	0	0	0	0	0	0	0	0	0	0	0	0	0	0	0	0	0	0	0	0	0	0	0	0	0	0	0	0	0	0	0	0	0	0	0	0	0	0	0	0	0	
Ficinia_nodosa	0	0	0	0	0	0	0	0	0	0	0	0	0	0	1	0	0	0	0	0	0	0	0	0	0	0	0	0	0	0	0	0	0	0	0	0	0	0	0	0	0	0	0	0	0	0	0	0	0	0	0	0	0	0	0	0	0	0	0	0	0	0	0	0	0	0	
N69	9.02037e-10	2.30947e-09	8.80457e-09	3.66846e-08	1.50969e-07	5.9412e-07	2.20641e-06	7.67826e-06	2.49297e-05	7.53001e-05	0.000211167	0.000549016	0.00132191	0.0029452	0.00606785	0.0115539	0.0203235	0.0330131	0.0495057	0.068516	0.0874996	0.103092	0.112047	0.112327	0.103864	0.0885809	0.0696812	0.0505617	0.0338454	0.0209029	0.0119128	0.00626621	0.00304285	0.00136443	0.000565124	0.000216268	7.64969e-05	2.50185e-05	7.56852e-06	2.11873e-06	5.49088e-07	1.31798e-07	2.93148e-08	6.04485e-09	1.15619e-09	2.05231e-10	3.38271e-11	5.18003e-12	7.3738e-13	9.76316e-14	1.20305e-14	1.38047e-15	1.47599e-16	1.47133e-17	1.36829e-18	1.18782e-19	9.63157e-21	7.2994e-22	5.17359e-23	3.43152e-24	2.13141e-25	1.24095e-26	6.79084e-28	3.54241e-29	1.92726e-30	1.90401e-31	
N70	2.68878e-10	6.06323e-10	2.11984e-09	8.58426e-09	3.51733e-08	1.38692e-07	5.17143e-07	1.81208e-06	5.95211e-06	1.83052e-05	5.26699e-05	0.000141708	0.00035634	0.000837121	0.00183654	0.00376141	0.00718958	0.0128215	0.0213277	0.033085	0.047854	0.0645265	0.0811034	0.095013	0.10374	0.105564	0.100114	0.0884907	0.0729051	0.0559908	0.0400894	0.0267648	0.0166649	0.00967914	0.00524531	0.0026529	0.0012526	0.000552313	0.000227501	8.75714e-05	3.1513e-05	1.06056e-05	3.33954e-06	9.84299e-07	2.71678e-07	7.0254e-08	1.70288e-08	3.87087e-09	8.25585e-10	1.65298e-10	3.10849e-11	5.49341e-12	9.12803e-13	1.42689e-13	2.09953e-14	2.90945e-15	3.7993e-16	4.6779e-17	5.43406e-18	5.96032e-19	6.18118e-20	6.08083e-21	5.73181e-22	5.35124e-23	5.54211e-24	9.74299e-25	
Isolepis_crassiuscula	0	0	0	0	0	0	0	0	0	0	0	0	0	0	0	0	0	0	0	0	0	0	0	0	0	0	0	0	0	0	0	1	0	0	0	0	0	0	0	0	0	0	0	0	0	0	0	0	0	0	0	0	0	0	0	0	0	0	0	0	0	0	0	0	0	0	
Isolepis_fluitans	0	0	0	0	0	0	0	0	0	0	0	0	0	0	0	0	0	0	0	0	0	0	0	0	0	0	0	0	0	1	0	0	0	0	0	0	0	0	0	0	0	0	0	0	0	0	0	0	0	0	0	0	0	0	0	0	0	0	0	0	0	0	0	0	0	0	
N71	1.21691e-10	3.42286e-10	1.55377e-09	7.91644e-09	3.95171e-08	1.852e-07	8.0412e-07	3.21985e-06	1.18671e-05	4.02145e-05	0.000125202	0.000357899	0.000938835	0.00225883	0.00498256	0.0100722	0.0186527	0.0316355	0.0491251	0.0698281	0.0908391	0.108136	0.117781	0.117371	0.107009	0.0892607	0.0681255	0.0475786	0.0304109	0.0177926	0.00953103	0.00467565	0.00210123	0.000865326	0.000326676	0.0001131	3.59251e-05	1.04744e-05	2.80456e-06	6.89971e-07	1.5605e-07	3.24647e-08	6.21624e-09	1.09618e-09	1.78132e-10	2.66928e-11	3.69086e-12	4.71232e-13	5.55929e-14	6.06436e-15	6.1213e-16	5.72149e-17	4.95563e-18	3.98047e-19	2.96713e-20	2.05415e-21	1.32173e-22	7.91044e-24	4.40684e-25	2.28693e-26	1.10638e-27	4.99401e-29	2.10645e-30	8.37147e-32	3.3682e-33	2.45438e-34	
N72	5.89897e-09	1.39865e-08	4.96267e-08	1.96071e-07	7.69013e-07	2.87326e-06	1.00621e-05	3.279e-05	9.9074e-05	0.000276994	0.000715698	0.0017075	0.00375908	0.00763234	0.0142855	0.0246395	0.0391488	0.0572847	0.0771775	0.0957186	0.109269	0.114805	0.111012	0.0987934	0.0809221	0.0610147	0.0423545	0.027074	0.0159406	0.0086474	0.00432358	0.00199318	0.000847573	0.000332613	0.000120517	4.03403e-05	1.24812e-05	3.57158e-06	9.45848e-07	2.31966e-07	5.2718e-08	1.11104e-08	2.17294e-09	3.94665e-10	6.66188e-11	1.04588e-11	1.52833e-12	2.08037e-13	2.63995e-14	3.12551e-15	3.45513e-16	3.56919e-17	3.44814e-18	3.11784e-19	2.64073e-20	2.09671e-21	1.56185e-22	1.09236e-23	7.17891e-25	4.43665e-26	2.58049e-27	1.41395e-28	7.31616e-30	3.61906e-31	1.86538e-32	1.76992e-33	
Isolepis_setacea	0	0	0	0	0	0	0	0	0	0	0	0	0	1	0	0	0	0	0	0	0	0	0	0	0	0	0	0	0	0	0	0	0	0	0	0	0	0	0	0	0	0	0	0	0	0	0	0	0	0	0	0	0	0	0	0	0	0	0	0	0	0	0	0	0	0	
Isolepis_cernua	0	0	0	0	0	0	0	0	0	0	0	0	0	0	0	0	0	0	0	0	0	0	0	0	0	0	1	0	0	0	0	0	0	0	0	0	0	0	0	0	0	0	0	0	0	0	0	0	0	0	0	0	0	0	0	0	0	0	0	0	0	0	0	0	0	0	
N73	5.66773e-11	1.547e-10	6.74052e-10	3.30971e-09	1.60576e-08	7.37684e-08	3.16456e-07	1.26139e-06	4.66188e-06	1.5957e-05	5.05446e-05	0.000148062	0.00040087	0.00100259	0.00231517	0.00493385	0.00969943	0.0175833	0.0293831	0.0452492	0.064199	0.0838995	0.10098	0.111918	0.114216	0.107326	0.0928643	0.0739921	0.0542961	0.0367003	0.022855	0.0131164	0.00693906	0.00338522	0.00152349	0.000632767	0.000242659	8.59637e-05	2.81467e-05	8.52267e-06	2.38791e-06	6.19468e-07	1.48888e-07	3.31761e-08	6.85828e-09	1.31624e-09	2.3469e-10	3.8906e-11	6.00097e-12	8.61865e-13	1.15346e-13	1.43962e-14	1.67691e-15	1.82445e-16	1.85547e-17	1.76529e-18	1.57238e-19	1.31227e-20	1.02696e-21	7.54225e-23	5.20303e-24	3.37627e-25	2.06913e-26	1.2192e-27	7.60872e-29	8.57036e-30	
Isolepis_prolifera	0	0	0	0	0	0	0	0	0	0	0	0	0	0	0	0	0	0	0	0	0	0	0	0	0	0	0	0	0	0	0	0	1	0	0	0	0	0	0	0	0	0	0	0	0	0	0	0	0	0	0	0	0	0	0	0	0	0	0	0	0	0	0	0	0	0	
Isolepis_aucklandica	0	0	0	0	0	0	0	0	0	0	0	0	0	0	0	0	0	0	0	0	1	0	0	0	0	0	0	0	0	0	0	0	0	0	0	0	0	0	0	0	0	0	0	0	0	0	0	0	0	0	0	0	0	0	0	0	0	0	0	0	0	0	0	0	0	0	
