NODE	1	2	3	4	5	6	7	8	9	10	11	12	13	14	15	16	17	18	19	20	21	22	23	24	25	26	27	28	29	30	31	32	33	34	35	36	37	38	39	40	41	42	43	44	45	46	47	48	49	50	51	52	53	54	55	56	57	58	59	60	61	62	
N1	0.121278	0.118666	0.113762	0.106836	0.098167	0.0881042	0.0770838	0.0656167	0.0542439	0.0434762	0.0337353	0.0253107	0.018342	0.0128267	0.00864928	0.00562032	0.0035174	0.00211917	0.00122863	0.000685257	0.000367571	0.000189577	9.39958e-05	4.4796e-05	2.05174e-05	9.03062e-06	3.81934e-06	1.55206e-06	6.05983e-07	2.27317e-07	8.19255e-08	2.83674e-08	9.43711e-09	3.01638e-09	9.26343e-10	2.73347e-10	7.75055e-11	2.11178e-11	5.52954e-12	1.39149e-12	3.36555e-13	1.09936e-16	5.19713e-17	2.409e-17	1.09492e-17	4.88012e-18	2.13313e-18	9.14517e-19	3.84609e-19	1.58708e-19	6.42808e-20	2.55683e-20	9.99626e-21	3.8468e-21	1.4604e-21	5.48946e-22	2.05476e-22	7.72768e-23	2.9626e-23	1.18989e-23	5.3585e-24	3.21644e-24	
N2	0.00761932	0.00945358	0.0122263	0.0161018	0.0211895	0.027497	0.0348848	0.0430367	0.0514588	0.0595138	0.0664939	0.0717182	0.0746401	0.0749381	0.0725712	0.067785	0.0610671	0.0530634	0.044475	0.0359578	0.028045	0.0211023	0.0153197	0.0107313	0.0072538	0.00473183	0.00297906	0.00181032	0.00106193	0.000601365	0.000328798	0.000173584	8.84965e-05	4.35735e-05	2.07227e-05	9.52021e-06	4.22546e-06	1.81208e-06	7.50955e-07	3.0077e-07	1.16438e-07	4.35763e-08	1.57674e-08	5.51677e-09	1.86674e-09	6.10968e-10	1.93443e-10	5.92596e-11	1.75673e-11	5.04054e-12	1.40016e-12	3.76654e-13	9.81706e-14	2.48108e-14	6.089e-15	1.45511e-15	3.40481e-16	7.89149e-17	1.85845e-17	4.71838e-18	1.48724e-18	7.76251e-19	
Dulichium_arundinaceum	0	0	0	0	0	0	0	0	0	0	0	0	0	0	0	1	0	0	0	0	0	0	0	0	0	0	0	0	0	0	0	0	0	0	0	0	0	0	0	0	0	0	0	0	0	0	0	0	0	0	0	0	0	0	0	0	0	0	0	0	0	0	
N3	7.95976e-05	0.000129375	0.000252269	0.000521135	0.00106789	0.00210903	0.00396733	0.00707413	0.0119312	0.0190134	0.0286088	0.0406237	0.0544134	0.0687243	0.0818171	0.0917861	0.0970053	0.0965624	0.0905189	0.0798977	0.0663981	0.0519498	0.0382664	0.0265383	0.0173292	0.0106558	0.00617099	0.00336637	0.00173021	0.000838048	0.000382638	0.000164734	6.68948e-05	2.5631e-05	9.26954e-06	3.16547e-06	1.02113e-06	3.11289e-07	8.97177e-08	2.44578e-08	6.30927e-09	1.54088e-09	3.56443e-10	7.81368e-11	1.62397e-11	3.20166e-12	5.99047e-13	1.06428e-13	1.79629e-14	2.88168e-15	4.39625e-16	6.38128e-17	8.81747e-18	1.16043e-18	1.45541e-19	1.74086e-20	1.98852e-21	2.1762e-22	2.30543e-23	2.45452e-24	3.03916e-25	7.33536e-26	
Blysmus_compressus	0	0	0	0	0	0	0	0	0	0	0	0	0	0	0	0	0	0	0	0	0	1	0	0	0	0	0	0	0	0	0	0	0	0	0	0	0	0	0	0	0	0	0	0	0	0	0	0	0	0	0	0	0	0	0	0	0	0	0	0	0	0	
Blysmus_rufus	0	0	0	0	0	0	0	0	0	0	0	0	0	0	0	0	0	0	0	1	0	0	0	0	0	0	0	0	0	0	0	0	0	0	0	0	0	0	0	0	0	0	0	0	0	0	0	0	0	0	0	0	0	0	0	0	0	0	0	0	0	0	
N4	0.0504728	0.0579756	0.0655428	0.072629	0.0785305	0.0825201	0.0840003	0.0826361	0.078433	0.0717424	0.0631947	0.0535808	0.0437157	0.0343155	0.0259132	0.0188233	0.0131518	0.00883823	0.00571225	0.00355042	0.00212204	0.00121954	0.000673871	0.000357988	0.000182829	8.97601e-05	4.23611e-05	1.92169e-05	8.37952e-06	3.51214e-06	1.41494e-06	5.47922e-07	2.03949e-07	7.29717e-08	2.50975e-08	8.29784e-09	2.63741e-09	8.05919e-10	2.36773e-10	6.68851e-11	1.81685e-11	4.74613e-12	1.19244e-12	2.88177e-13	6.69997e-14	1.4988e-14	3.22668e-15	6.68668e-16	1.33422e-16	2.56421e-17	4.74875e-18	8.47899e-19	1.46073e-19	2.43052e-20	3.91193e-21	6.10537e-22	9.28087e-23	1.3866e-23	2.07881e-24	3.29827e-25	6.42945e-26	2.29613e-26	
N5	0.0267458	0.0311606	0.0361945	0.0417161	0.0474821	0.0531579	0.058353	0.0626651	0.0657282	0.0672588	0.0670921	0.0652033	0.061711	0.0568606	0.0509925	0.0445	0.0377832	0.0312076	0.0250723	0.0195908	0.0148867	0.0110001	0.00790367	0.00552162	0.00375055	0.00247686	0.00159029	0.0009927	0.00060245	0.000355457	0.000203902	0.000113718	6.16623e-05	3.25089e-05	1.66644e-05	8.30609e-06	4.02566e-06	1.89727e-06	8.69539e-07	3.87559e-07	1.67995e-07	7.08245e-08	2.90419e-08	1.15835e-08	4.49427e-09	1.69631e-09	6.22885e-10	2.22536e-10	7.73609e-11	2.61714e-11	8.61778e-12	2.76287e-12	8.62888e-13	2.62796e-13	7.82009e-14	2.2826e-14	6.58681e-15	1.90902e-15	5.73637e-16	1.90418e-16	7.89547e-17	5.01602e-17	
N6	9.10387e-05	0.000141583	0.000254034	0.000474266	0.000879425	0.00158894	0.00277381	0.00465915	0.00751329	0.0116172	0.0172109	0.0244201	0.0331756	0.0431466	0.0537135	0.0640022	0.0729886	0.0796605	0.083203	0.0831625	0.0795416	0.0727994	0.0637556	0.0534268	0.0428399	0.0328689	0.0241309	0.0169521	0.0113958	0.00733093	0.0045132	0.00265919	0.00149963	0.000809512	0.000418322	0.000206962	9.80427e-05	4.44772e-05	1.9325e-05	8.04308e-06	3.20714e-06	1.22539e-06	4.48719e-07	1.57505e-07	5.3005e-08	1.71054e-08	5.29458e-09	1.5722e-09	4.47977e-10	1.22512e-10	3.2165e-11	8.1093e-12	1.96387e-12	4.5704e-13	1.02285e-13	2.20446e-14	4.59088e-15	9.31882e-16	1.88687e-16	4.05511e-17	1.08454e-17	5.04898e-18	
Scirpus_pendulus	0	0	0	0	0	0	0	0	0	0	0	0	0	0	0	0	0	0	0	1	0	0	0	0	0	0	0	0	0	0	0	0	0	0	0	0	0	0	0	0	0	0	0	0	0	0	0	0	0	0	0	0	0	0	0	0	0	0	0	0	0	0	
N7	1.15285e-15	8.52728e-15	7.82238e-14	7.07563e-13	6.03844e-12	4.79318e-11	3.51839e-10	2.38029e-09	1.48024e-08	8.44099e-08	4.40348e-07	2.09674e-06	9.09202e-06	3.58247e-05	0.000127987	0.000413694	0.0012073	0.00317453	0.00750606	0.0159286	0.0302817	0.051484	0.0781559	0.105784	0.127496	0.136687	0.130239	0.110222	0.0828233	0.0552516	0.0327275	0.0172201	0.00805386	0.00335127	0.00124205	0.000410548	0.000121208	3.20153e-05	7.57883e-06	1.61092e-06	3.08041e-07	5.30972e-08	8.26676e-09	1.16489e-09	1.48867e-10	1.72885e-11	1.82823e-12	1.7639e-13	1.5557e-14	1.25664e-15	9.31391e-17	6.34557e-18	3.98098e-19	2.30375e-20	1.23181e-21	6.09652e-23	2.79896e-24	1.19656e-25	4.81119e-27	1.88106e-28	8.02444e-30	5.76873e-31	
N8	3.85321e-22	6.53498e-21	1.583e-19	3.72082e-18	8.01342e-17	1.55445e-15	2.69637e-14	4.16537e-13	5.71307e-12	6.93832e-11	7.44195e-10	7.03187e-09	5.83884e-08	4.25002e-07	2.7053e-06	1.50237e-05	7.26218e-05	0.000304872	0.00110914	0.00348963	0.00947637	0.0221707	0.0446128	0.0770935	0.114253	0.145048	0.157594	0.146433	0.116305	0.0789427	0.0457913	0.0227048	0.00962791	0.00349415	0.00108633	0.000289667	6.63363e-05	1.30674e-05	2.21799e-06	3.24988e-07	4.11886e-08	4.52476e-09	4.31787e-10	3.58735e-11	2.60082e-12	1.64928e-13	9.16962e-15	4.48039e-16	1.9285e-17	7.3298e-19	2.46578e-20	7.35902e-22	1.95293e-23	4.61888e-25	9.75752e-27	1.84521e-28	3.13034e-30	4.77436e-32	6.56231e-34	8.16999e-36	9.59307e-38	1.84135e-39	
N9	2.90274e-24	5.23195e-23	1.4696e-21	3.96886e-20	9.73629e-19	2.15098e-17	4.26624e-16	7.57787e-15	1.20252e-13	1.70067e-12	2.13823e-11	2.38399e-10	2.35112e-09	2.04581e-08	1.56666e-07	1.0532e-06	6.19987e-06	3.18809e-05	0.000142861	0.000556579	0.00188108	0.00550357	0.0139121	0.0303299	0.0569365	0.0919065	0.12742	0.15159	0.154657	0.135263	0.101407	0.0651824	0.0359407	0.0170129	0.00692096	0.00242281	0.000730984	0.000190413	4.29072e-05	8.38158e-06	1.42252e-06	2.10259e-07	2.71319e-08	3.06429e-09	3.0368e-10	2.64772e-11	2.03625e-12	1.38492e-13	8.35196e-15	4.47752e-16	2.13933e-17	9.13273e-19	3.492e-20	1.1988e-21	3.70376e-23	1.03221e-24	2.60079e-26	5.93839e-28	1.23255e-29	2.34644e-31	4.34103e-33	1.36899e-34	
N10	5.80329e-28	1.55882e-26	6.41212e-25	2.48626e-23	8.71331e-22	2.74462e-20	7.74852e-19	1.9554e-17	4.39894e-16	8.7972e-15	1.55947e-13	2.44326e-12	3.373e-11	4.09061e-10	4.34443e-09	4.0279e-08	3.24971e-07	2.27426e-06	1.3762e-05	7.1778e-05	0.000321676	0.00123494	0.00404954	0.0113108	0.0268404	0.0539854	0.0918448	0.131937	0.159812	0.163064	0.140077	0.101295	0.0616833	0.0316556	0.0137078	0.00501676	0.00155484	0.000409035	9.15752e-05	1.74972e-05	2.86181e-06	4.01948e-07	4.86375e-08	5.08731e-09	4.6151e-10	3.64344e-11	2.51151e-12	1.51667e-13	8.05006e-15	3.76747e-16	1.55957e-17	5.72785e-19	1.87198e-20	5.45997e-22	1.42519e-23	3.33833e-25	7.03556e-27	1.3375e-28	2.29977e-30	3.59587e-32	5.3368e-34	1.33239e-35	
Scirpus_expansus	0	0	0	0	0	0	0	0	0	0	0	0	0	0	0	0	0	0	0	0	0	0	0	0	0	0	0	0	0	0	0	1	0	0	0	0	0	0	0	0	0	0	0	0	0	0	0	0	0	0	0	0	0	0	0	0	0	0	0	0	0	0	
N11	4.84492e-35	2.72544e-33	2.2087e-31	1.66144e-29	1.12904e-27	6.90119e-26	3.78243e-24	1.85299e-22	8.08698e-21	3.13324e-19	1.07375e-17	3.24218e-16	8.59086e-15	1.98905e-13	4.00603e-12	6.98538e-11	1.04933e-09	1.35088e-08	1.48222e-07	1.3782e-06	1.07945e-05	7.07753e-05	0.000385965	0.00173917	0.00643236	0.0193987	0.0474002	0.0932863	0.147101	0.185071	0.185227	0.147262	0.0930233	0.0467757	0.0187863	0.00605438	0.00157451	0.000332511	5.74065e-05	8.15855e-06	9.61105e-07	9.44937e-08	7.80546e-09	5.45186e-10	3.23976e-11	1.64759e-12	7.21068e-14	2.73019e-15	8.98826e-17	2.58516e-18	6.525e-20	1.45145e-21	2.85697e-23	4.99511e-25	7.78565e-27	1.08554e-28	1.35835e-30	1.53017e-32	1.55641e-34	1.43487e-36	1.23035e-38	1.65574e-40	
Scirpus_sylvaticus	0	0	0	0	0	0	0	0	0	0	0	0	0	0	0	0	0	0	0	0	0	0	0	0	0	0	0	0	0	0	1	0	0	0	0	0	0	0	0	0	0	0	0	0	0	0	0	0	0	0	0	0	0	0	0	0	0	0	0	0	0	0	
Scirpus_microcarpus	0	0	0	0	0	0	0	0	0	0	0	0	0	0	0	0	0	0	0	0	0	0	0	0	0	0	0	0	0	0	0	1	0	0	0	0	0	0	0	0	0	0	0	0	0	0	0	0	0	0	0	0	0	0	0	0	0	0	0	0	0	0	
Scirpus_maximowiczii	0	0	0	0	0	0	0	0	0	0	0	0	0	0	0	0	0	0	0	0	0	0	0	0	0	0	0	0	0	0	0	1	0	0	0	0	0	0	0	0	0	0	0	0	0	0	0	0	0	0	0	0	0	0	0	0	0	0	0	0	0	0	
N12	1.50459e-23	2.96005e-22	9.0439e-21	2.60414e-19	6.7188e-18	1.54271e-16	3.14342e-15	5.6697e-14	9.03004e-13	1.26684e-11	1.56164e-10	1.68733e-09	1.5941e-08	1.31362e-07	9.41936e-07	5.8634e-06	3.16125e-05	0.000147294	0.000591841	0.00204664	0.00607952	0.0154856	0.0337696	0.0629572	0.100221	0.136087	0.157501	0.155278	0.130363	0.0931929	0.0567373	0.02943	0.0130146	0.00491103	0.00158306	0.00043649	0.0001031	2.08968e-05	3.64116e-06	5.4651e-07	7.08061e-08	7.93626e-09	7.71313e-10	6.51542e-11	4.79513e-12	3.08229e-13	1.73475e-14	8.56993e-16	3.72545e-17	1.42863e-18	4.84486e-20	1.45654e-21	3.89133e-23	9.26068e-25	1.96779e-26	3.74203e-28	6.38278e-30	9.78717e-32	1.35236e-33	1.69243e-35	1.99849e-37	3.83972e-39	
N13	1.71738e-23	2.44232e-22	5.61673e-21	1.25893e-19	2.58746e-18	4.83651e-17	8.19914e-16	1.25778e-14	1.74205e-13	2.17343e-12	2.43694e-11	2.44979e-10	2.20268e-09	1.76708e-08	1.26176e-07	7.99911e-07	4.49146e-06	2.22819e-05	9.74295e-05	0.000374609	0.00126363	0.00373135	0.00962526	0.021648	0.0423751	0.0720791	0.106395	0.136134	0.150859	0.144708	0.12012	0.0862882	0.0536606	0.0289073	0.0135026	0.0054754	0.00193038	0.000592707	0.000158796	3.72004e-05	7.63722e-06	1.37729e-06	2.18717e-07	3.06616e-08	3.80431e-09	4.18836e-10	4.10228e-11	3.58376e-12	2.79959e-13	1.9606e-14	1.23397e-15	6.99671e-17	3.58259e-18	1.66044e-19	6.98163e-21	2.66906e-22	9.29735e-24	2.95721e-25	8.6101e-27	2.31141e-28	6.0904e-30	2.94276e-31	
Scirpus_polystachyus	0	0	0	0	0	0	0	0	0	0	0	0	0	0	0	0	0	0	0	0	0	0	0	0	0	0	0	0	0	1	0	0	0	0	0	0	0	0	0	0	0	0	0	0	0	0	0	0	0	0	0	0	0	0	0	0	0	0	0	0	0	0	
Scirpus_cyperinus	0	0	0	0	0	0	0	0	0	0	0	0	0	0	0	0	0	0	0	0	0	0	0	0	0	0	0	0	0	0	0	0	1	0	0	0	0	0	0	0	0	0	0	0	0	0	0	0	0	0	0	0	0	0	0	0	0	0	0	0	0	0	
N14	4.27385e-23	6.91489e-22	1.77405e-20	4.37679e-19	9.80576e-18	1.97899e-16	3.58692e-15	5.82376e-14	8.44851e-13	1.09225e-11	1.25512e-10	1.2785e-09	1.15131e-08	9.14067e-08	6.38065e-07	3.90544e-06	2.09035e-05	9.75794e-05	0.000396245	0.0013962	0.00425875	0.0112201	0.0254797	0.049783	0.0835515	0.120291	0.14841	0.156792	0.141787	0.109743	0.0727216	0.0412819	0.0200943	0.00839745	0.00301749	0.000933995	0.000249529	5.76679e-05	1.15562e-05	2.01308e-06	3.05632e-07	4.05513e-08	4.71484e-09	4.81719e-10	4.33707e-11	3.45051e-12	2.43252e-13	1.52371e-14	8.50339e-16	4.23913e-17	1.8927e-18	7.58766e-20	2.73798e-21	8.91446e-23	2.62494e-24	7.00635e-26	1.69892e-27	3.75063e-29	7.55639e-31	1.39703e-32	2.4866e-34	7.70231e-36	
N15	4.82893e-30	1.80147e-28	9.95577e-27	5.15962e-25	2.41534e-23	1.01517e-21	3.81781e-20	1.28047e-18	3.81694e-17	1.00759e-15	2.34653e-14	4.80188e-13	8.59833e-12	1.34127e-10	1.81426e-09	2.11759e-08	2.12186e-07	1.81549e-06	1.31897e-05	8.08942e-05	0.000416324	0.00178696	0.00635752	0.0186335	0.0447281	0.0874529	0.138608	0.177394	0.182827	0.151533	0.101017	0.0542506	0.0235412	0.00828821	0.00237954	0.000560263	0.000108845	1.7558e-05	2.36677e-06	2.68277e-07	2.57292e-08	2.10022e-09	1.46751e-10	8.82567e-12	4.59221e-13	2.07755e-14	8.21057e-16	2.84723e-17	8.70021e-19	2.35198e-20	5.64649e-22	1.20817e-23	2.31188e-25	3.96917e-27	6.13291e-29	8.55342e-31	1.07977e-32	1.23708e-34	1.28965e-36	1.22795e-38	1.09865e-40	1.56409e-42	
Eriophorum_virginicum	0	0	0	0	0	0	0	0	0	0	0	0	0	0	0	0	0	0	0	0	0	0	0	0	0	0	0	0	1	0	0	0	0	0	0	0	0	0	0	0	0	0	0	0	0	0	0	0	0	0	0	0	0	0	0	0	0	0	0	0	0	0	
Eriophorum_gracile	0	0	0	0	0	0	0	0	0	0	0	0	0	0	0	0	0	0	0	0	0	0	0	0	0	0	0	0	0	1	0	0	0	0	0	0	0	0	0	0	0	0	0	0	0	0	0	0	0	0	0	0	0	0	0	0	0	0	0	0	0	0	
Eriophorum_angustifolium_subsp_angustifolium	0	0	0	0	0	0	0	0	0	0	0	0	0	0	0	0	0	0	0	0	0	0	0	0	0	0	0	0	1	0	0	0	0	0	0	0	0	0	0	0	0	0	0	0	0	0	0	0	0	0	0	0	0	0	0	0	0	0	0	0	0	0	
Scirpus_radicans	0	0	0	0	0	0	0	0	0	0	0	0	0	0	0	0	0	0	0	0	0	0	0	0	0	0	0	1	0	0	0	0	0	0	0	0	0	0	0	0	0	0	0	0	0	0	0	0	0	0	0	0	0	0	0	0	0	0	0	0	0	0	
Scirpus_divaricatus	0	0	0	0	0	0	0	0	0	0	0	0	0	1	0	0	0	0	0	0	0	0	0	0	0	0	0	0	0	0	0	0	0	0	0	0	0	0	0	0	0	0	0	0	0	0	0	0	0	0	0	0	0	0	0	0	0	0	0	0	0	0	
N16	0.0424838	0.0492274	0.0565275	0.0639458	0.070839	0.0764594	0.0800886	0.0811771	0.0794565	0.0749984	0.0682022	0.0597188	0.0503307	0.0408202	0.0318561	0.0239203	0.017282	0.0120139	0.00803602	0.00517218	0.00320323	0.00190891	0.00109464	0.000604006	0.000320697	0.000163845	8.05473e-05	3.81024e-05	1.73435e-05	7.59644e-06	3.20168e-06	1.29852e-06	5.06801e-07	1.90351e-07	6.88054e-08	2.39365e-08	8.01482e-09	2.58317e-09	8.01444e-10	2.39384e-10	6.88439e-11	1.90653e-11	5.08507e-12	1.30651e-12	3.23441e-13	7.71751e-14	1.77553e-14	3.94064e-15	8.44257e-16	1.7475e-16	3.4984e-17	6.78331e-18	1.27618e-18	2.3348e-19	4.16525e-20	7.26937e-21	1.24595e-21	2.10793e-22	3.55192e-23	6.10476e-24	1.16488e-24	3.50788e-25	
N17	0.0383211	0.0443108	0.0507549	0.0573631	0.0636918	0.0691972	0.0733154	0.0755554	0.0755857	0.0732976	0.0688282	0.0625398	0.05496	0.0466981	0.0383555	0.0304497	0.023364	0.0173268	0.0124195	0.00860458	0.00576258	0.00373074	0.00233504	0.00141301	0.000826765	0.000467771	0.000255935	0.000135426	6.93077e-05	3.43079e-05	1.64274e-05	7.60915e-06	3.40975e-06	1.47828e-06	6.2011e-07	2.51702e-07	9.8864e-08	3.75799e-08	1.38251e-08	4.92279e-09	1.69673e-09	5.6612e-10	1.82866e-10	5.71901e-11	1.73185e-11	5.07858e-12	1.4423e-12	3.9673e-13	1.05709e-13	2.72879e-14	6.82577e-15	1.65493e-15	3.89095e-16	8.87868e-17	1.9695e-17	4.26045e-18	9.04536e-19	1.90943e-19	4.11473e-20	9.55531e-21	2.69324e-21	1.23238e-21	
N18	9.65346e-06	1.89435e-05	4.63538e-05	0.000117967	0.00029149	0.00068268	0.00150238	0.00309672	0.00597066	0.0107623	0.0181316	0.0285461	0.0419936	0.0577166	0.0741068	0.0888823	0.0995719	0.104182	0.101802	0.0928985	0.0791662	0.0630006	0.0468196	0.032494	0.0210616	0.0127505	0.00721025	0.00380901	0.00188007	0.00086717	0.000373841	0.000150664	5.6777e-05	2.00117e-05	6.59876e-06	2.03626e-06	5.88206e-07	1.59109e-07	4.03164e-08	9.57294e-09	2.13084e-09	4.44803e-10	8.71113e-11	1.60123e-11	2.76372e-12	4.48112e-13	6.82858e-14	9.78423e-15	1.31881e-15	1.67302e-16	1.9985e-17	2.24907e-18	2.38579e-19	2.38694e-20	2.25394e-21	2.01097e-22	1.69865e-23	1.36464e-24	1.05466e-25	8.09441e-27	6.88173e-28	1.07418e-28	
N19	5.50472e-06	1.05541e-05	2.55057e-05	6.55367e-05	0.00016664	0.000406925	0.000941202	0.00204735	0.00417165	0.00794301	0.0141109	0.0233654	0.0360348	0.0517335	0.0691115	0.0858862	0.0992634	0.106677	0.106587	0.0990048	0.0854872	0.0686171	0.0511986	0.0355142	0.0229035	0.0137344	0.00765942	0.00397318	0.00191748	0.000861154	0.000360005	0.000140135	5.08087e-05	1.71648e-05	5.40518e-06	1.5872e-06	4.34795e-07	1.11164e-07	2.6538e-08	5.91846e-09	1.23367e-09	2.40469e-10	4.38549e-11	7.48698e-12	1.19718e-12	1.79399e-13	2.52075e-14	3.32303e-15	4.11228e-16	4.77998e-17	5.22177e-18	5.3643e-19	5.18531e-20	4.71933e-21	4.04716e-22	3.27361e-23	2.50203e-24	1.81426e-25	1.26136e-26	8.67244e-28	6.57415e-29	9.1199e-30	
N20	4.83664e-07	1.03473e-06	2.96712e-06	9.26023e-06	2.86886e-05	8.48808e-05	0.000235803	0.000610189	0.00146482	0.00325474	0.00668398	0.012674	0.0221736	0.0357727	0.0531933	0.0728757	0.0919586	0.106849	0.114296	0.112539	0.101987	0.08506	0.0652896	0.0461228	0.02999	0.0179507	0.00989247	0.00502044	0.00234694	0.00101092	0.000401359	0.00014693	4.96167e-05	1.54624e-05	4.44901e-06	1.18251e-06	2.9049e-07	6.59906e-08	1.3871e-08	2.6994e-09	4.86662e-10	8.1332e-11	1.26081e-11	1.81416e-12	2.42455e-13	3.01169e-14	3.47944e-15	3.74135e-16	3.74688e-17	3.49732e-18	3.04461e-19	2.47378e-20	1.87729e-21	1.33152e-22	8.83307e-24	5.48452e-25	3.18986e-26	1.73992e-27	8.93091e-29	4.38591e-30	2.27971e-31	2.31332e-32	
N21	8.70152e-07	1.62354e-06	3.97126e-06	1.07727e-05	2.9549e-05	7.85213e-05	0.000198411	0.00047292	0.0010595	0.00222728	0.00438947	0.00810535	0.0140178	0.0226984	0.0344039	0.0487991	0.0647625	0.0804025	0.0933659	0.101399	0.102983	0.0978066	0.0868615	0.0721352	0.0560201	0.0406861	0.0276373	0.0175608	0.0104391	0.00580661	0.00302286	0.00147316	0.000672248	0.000287329	0.000115062	4.31852e-05	1.51962e-05	5.01525e-06	1.55303e-06	4.51413e-07	1.23213e-07	3.15952e-08	7.61488e-09	1.72578e-09	3.67958e-10	7.38436e-11	1.39555e-11	2.48497e-12	4.17118e-13	6.60373e-14	9.86599e-15	1.3917e-15	1.85454e-16	2.33589e-17	2.78251e-18	3.13665e-19	3.3492e-20	3.39479e-21	3.29204e-22	3.157e-23	3.46253e-24	7.51116e-25	
Carex_eburnea	0	0	0	0	0	0	0	0	0	0	0	0	0	0	0	0	0	0	0	0	0	0	0	0	0	0	1	0	0	0	0	0	0	0	0	0	0	0	0	0	0	0	0	0	0	0	0	0	0	0	0	0	0	0	0	0	0	0	0	0	0	0	
Carex_cruciata	0	0	0	0	0	0	0	0	0	0	0	0	0	0	0	0	0	0	0	0	1	0	0	0	0	0	0	0	0	0	0	0	0	0	0	0	0	0	0	0	0	0	0	0	0	0	0	0	0	0	0	0	0	0	0	0	0	0	0	0	0	0	
N22	6.13028e-12	3.23377e-11	2.45007e-10	1.87314e-09	1.3368e-08	8.6951e-08	5.10303e-07	2.68817e-06	1.26693e-05	5.32975e-05	0.000199753	0.000665885	0.0019714	0.0051764	0.0120395	0.0247754	0.0450625	0.0723767	0.102573	0.128187	0.141195	0.137029	0.11715	0.0882272	0.0585399	0.0342309	0.017648	0.00802675	0.00322308	0.00114357	0.000358875	9.97216e-05	2.45651e-05	5.37144e-06	1.04399e-06	1.80614e-07	2.78553e-08	3.83553e-09	4.72266e-10	5.20817e-11	5.15256e-12	4.58044e-13	3.66481e-14	2.64342e-15	1.72172e-16	1.01426e-17	5.41284e-19	2.62114e-20	1.15354e-21	4.62093e-23	1.68754e-24	5.62683e-26	1.71558e-27	4.78997e-29	1.22647e-30	2.88401e-32	6.2368e-34	1.24216e-35	2.28307e-37	3.90133e-39	6.57107e-41	1.9143e-42	
N23	6.48589e-14	4.69553e-13	5.30003e-12	5.9387e-11	6.03351e-10	5.44972e-09	4.3507e-08	3.06095e-07	1.89375e-06	1.02831e-05	4.89196e-05	0.000203551	0.00073962	0.00234342	0.00646552	0.0155143	0.0323406	0.0585105	0.0917969	0.124808	0.146978	0.149871	0.132301	0.10111	0.0669091	0.0383523	0.0190519	0.00820763	0.00306897	0.00099698	0.000281697	6.93132e-05	1.48722e-05	2.78669e-06	4.56695e-07	6.55683e-08	8.26084e-09	9.14908e-10	8.92345e-11	7.67869e-12	5.8405e-13	3.93405e-14	2.35116e-15	1.24912e-16	5.91065e-18	2.49576e-19	9.42171e-21	3.18591e-22	9.66772e-24	2.63757e-25	6.48134e-27	1.43711e-28	2.88034e-30	5.22745e-32	8.60536e-34	1.28711e-35	1.75205e-37	2.17417e-39	2.46471e-41	2.56743e-43	2.56462e-45	4.10209e-47	
N24	5.9589e-15	5.36194e-14	7.61949e-13	1.04743e-11	1.2838e-10	1.38216e-09	1.30116e-08	1.06828e-07	7.63326e-07	4.73789e-06	2.55002e-05	0.000118814	0.000478508	0.00166334	0.00498395	0.0128572	0.0285257	0.0543805	0.0890069	0.124998	0.150546	0.155446	0.137582	0.104378	0.0678873	0.0378642	0.0181189	0.00744319	0.0026269	0.000797208	0.000208254	4.68825e-05	9.10707e-06	1.52862e-06	2.22034e-07	2.79527e-08	3.0552e-09	2.90414e-10	2.40516e-11	1.7387e-12	1.09924e-13	6.08956e-15	2.96189e-16	1.26739e-17	4.78067e-19	1.59288e-20	4.69761e-22	1.22872e-23	2.85622e-25	5.91247e-27	1.09208e-28	1.80345e-30	2.66792e-32	3.54244e-34	4.2298e-36	4.55031e-38	4.41846e-40	3.87971e-42	3.0862e-44	2.23025e-46	1.49844e-48	1.53187e-50	
N25	2.58965e-12	1.52458e-11	1.31088e-10	1.14433e-09	9.25291e-09	6.73712e-08	4.37257e-07	2.51798e-06	1.28283e-05	5.76921e-05	0.000228581	0.000796467	0.00243658	0.00653454	0.0153413	0.0314897	0.0564468	0.0882759	0.12034	0.142906	0.147754	0.132964	0.104127	0.0709649	0.0420987	0.0217477	0.00978881	0.00384192	0.00131605	0.000393885	0.000103129	2.36537e-05	4.75964e-06	8.41592e-07	1.30985e-07	1.79765e-08	2.17951e-09	2.3389e-10	2.22592e-11	1.88242e-12	1.41744e-13	9.5225e-15	5.7192e-16	3.07706e-17	1.48603e-18	6.45475e-20	2.52666e-21	8.93059e-23	2.85571e-24	8.27698e-26	2.17851e-27	5.2164e-29	1.13836e-30	2.26804e-32	4.13258e-34	6.89799e-36	1.05653e-37	1.48765e-39	1.93145e-41	2.33556e-43	2.78053e-45	5.35061e-47	
Carex_richardsonii	0	0	0	0	0	0	0	0	0	0	0	0	0	0	0	0	0	0	0	0	0	0	0	0	0	1	0	0	0	0	0	0	0	0	0	0	0	0	0	0	0	0	0	0	0	0	0	0	0	0	0	0	0	0	0	0	0	0	0	0	0	0	
N26	3.17729e-09	1.24355e-08	6.64546e-08	3.57099e-07	1.79596e-06	8.26509e-06	3.44514e-05	0.00012931	0.000435369	0.00131128	0.00352571	0.0084486	0.018018	0.0341583	0.0575059	0.0858963	0.113753	0.13348	0.13872	0.127641	0.103966	0.0749614	0.0478499	0.0270485	0.0135459	0.00601348	0.00236815	0.000827998	0.000257285	7.11292e-05	1.75169e-05	3.84788e-06	7.5501e-07	1.32526e-07	2.08423e-08	2.94165e-09	3.73218e-10	4.26386e-11	4.39405e-12	4.09174e-13	3.44906e-14	2.63638e-15	1.83061e-16	1.15672e-17	6.6628e-19	3.50455e-20	1.68613e-21	7.43293e-23	3.00714e-24	1.11834e-25	3.82919e-27	1.20901e-28	3.5253e-30	9.50724e-32	2.37482e-33	5.50224e-35	1.18408e-36	2.37005e-38	4.42003e-40	7.72466e-42	1.33196e-43	4.05788e-45	
Carex_capillaris	0	0	0	0	0	0	0	0	1	0	0	0	0	0	0	0	0	0	0	0	0	0	0	0	0	0	0	0	0	0	0	0	0	0	0	0	0	0	0	0	0	0	0	0	0	0	0	0	0	0	0	0	0	0	0	0	0	0	0	0	0	0	
Carex_baccans	0	0	0	0	0	0	0	0	0	0	0	0	0	0	0	0	0	0	0	0	0	0	1	0	0	0	0	0	0	0	0	0	0	0	0	0	0	0	0	0	0	0	0	0	0	0	0	0	0	0	0	0	0	0	0	0	0	0	0	0	0	0	
N27	5.8898e-15	4.1845e-14	4.53754e-13	4.92926e-12	4.94567e-11	4.49118e-10	3.6654e-09	2.67919e-08	1.7498e-07	1.01913e-06	5.28388e-06	2.43463e-05	9.95368e-05	0.000360545	0.00115548	0.00327224	0.00817933	0.018028	0.0350081	0.0598519	0.0900416	0.119152	0.138663	0.141904	0.127717	0.10112	0.0704575	0.0432273	0.0233679	0.0111393	0.00468673	0.00174218	0.000572815	0.000166784	4.30595e-05	9.8707e-06	2.0119e-06	3.65165e-07	5.91092e-08	8.54649e-09	1.10557e-09	1.28161e-10	1.3336e-11	1.24772e-12	1.0514e-13	7.99316e-15	5.49169e-16	3.41561e-17	1.92639e-18	9.86875e-20	4.59993e-21	1.95403e-22	7.57729e-24	2.68658e-25	8.72335e-27	2.59804e-28	7.10835e-30	1.78971e-31	4.15805e-33	9.01434e-35	1.96518e-36	7.5377e-38	
Carex_granularis	0	0	0	0	0	0	0	0	0	0	0	0	0	0	0	0	0	0	0	0	1	0	0	0	0	0	0	0	0	0	0	0	0	0	0	0	0	0	0	0	0	0	0	0	0	0	0	0	0	0	0	0	0	0	0	0	0	0	0	0	0	0	
N28	5.6662e-23	6.94677e-22	1.32804e-20	2.52887e-19	4.48071e-18	7.28185e-17	1.08049e-15	1.46025e-14	1.79401e-13	1.99998e-12	2.01952e-11	1.84374e-10	1.5191e-09	1.12747e-08	7.52402e-08	4.50615e-07	2.41746e-06	1.15956e-05	4.96362e-05	0.000189262	0.000641631	0.00193053	0.00514595	0.0121311	0.0252494	0.0463271	0.0748171	0.106206	0.132356	0.144648	0.138503	0.116111	0.0851811	0.0546701	0.0306962	0.0150815	0.00648693	0.00244446	0.000807794	0.000234376	5.97915e-05	1.34332e-05	2.66261e-06	4.66519e-07	7.24033e-08	9.97502e-09	1.22267e-09	1.33641e-10	1.30563e-11	1.1428e-12	8.98277e-14	6.35558e-15	4.05705e-16	2.3419e-17	1.22519e-18	5.82203e-20	2.51835e-21	9.9377e-23	3.58813e-24	1.19733e-25	3.98264e-27	2.4707e-28	
Carex_pseudocyperus	0	0	0	0	0	0	0	0	0	0	0	0	0	0	0	0	0	0	0	0	0	0	0	0	0	0	0	0	0	0	0	0	1	0	0	0	0	0	0	0	0	0	0	0	0	0	0	0	0	0	0	0	0	0	0	0	0	0	0	0	0	0	
Carex_oligosperma	0	0	0	0	0	0	0	0	0	0	0	0	0	0	0	0	0	0	0	0	0	0	0	0	0	0	0	0	0	0	0	0	0	0	0	0	0	1	0	0	0	0	0	0	0	0	0	0	0	0	0	0	0	0	0	0	0	0	0	0	0	0	
N29	2.58683e-12	1.06133e-11	6.82822e-11	4.64802e-10	3.00129e-09	1.78885e-08	9.76789e-08	4.87269e-07	2.21701e-06	9.18806e-06	3.46427e-05	0.000118695	0.000369154	0.00104109	0.00265979	0.00615023	0.0128605	0.0243009	0.0414658	0.0638579	0.0887127	0.111132	0.125502	0.127746	0.117192	0.0968986	0.0722213	0.0485341	0.0294179	0.0160898	0.00794504	0.0035442	0.0014293	0.000521504	0.000172302	5.15974e-05	1.40184e-05	3.45906e-06	7.76038e-07	1.58478e-07	2.94934e-08	5.00815e-09	7.76901e-10	1.10239e-10	1.43264e-11	1.70738e-12	1.86843e-13	1.87994e-14	1.74136e-15	1.48687e-16	1.17182e-17	8.53494e-19	5.75235e-20	3.59201e-21	2.08074e-22	1.11948e-23	5.60124e-25	2.61024e-26	1.13664e-27	4.69304e-29	2.01616e-30	1.65831e-31	
Carex_pallescens	0	0	0	0	0	0	0	0	0	0	0	0	0	0	0	0	0	0	0	0	0	0	0	0	0	0	0	0	0	0	0	1	0	0	0	0	0	0	0	0	0	0	0	0	0	0	0	0	0	0	0	0	0	0	0	0	0	0	0	0	0	0	
Carex_albursina	0	0	0	0	0	0	0	0	0	0	0	0	0	0	0	0	0	0	0	0	0	1	0	0	0	0	0	0	0	0	0	0	0	0	0	0	0	0	0	0	0	0	0	0	0	0	0	0	0	0	0	0	0	0	0	0	0	0	0	0	0	0	
N30	3.90744e-12	1.72274e-11	1.1945e-10	8.66174e-10	5.89426e-09	3.66609e-08	2.06916e-07	1.0569e-06	4.87788e-06	2.03163e-05	7.62739e-05	0.000257846	0.000784082	0.00214273	0.00525773	0.0115746	0.022844	0.0403944	0.0639603	0.0906442	0.114934	0.130352	0.132212	0.119916	0.0972634	0.070557	0.0457875	0.0265894	0.0138231	0.00643658	0.00268604	0.00100524	0.000337638	0.000101862	2.76272e-05	6.74274e-06	1.48233e-06	2.93846e-07	5.2582e-08	8.50334e-09	1.24418e-09	1.64908e-10	1.98242e-11	2.16412e-12	2.14807e-13	1.9411e-14	1.59894e-15	1.20216e-16	8.26028e-18	5.19381e-19	2.9922e-20	1.58148e-21	7.67811e-23	3.42852e-24	1.40982e-25	5.34529e-27	1.87116e-28	6.05842e-30	1.8215e-31	5.16051e-33	1.48735e-34	7.62584e-36	
Carex_pendula	0	0	0	0	0	0	0	0	0	0	0	0	0	0	0	0	0	0	0	0	0	0	0	0	0	0	0	0	1	0	0	0	0	0	0	0	0	0	0	0	0	0	0	0	0	0	0	0	0	0	0	0	0	0	0	0	0	0	0	0	0	0	
N31	7.2772e-12	3.0499e-11	1.95978e-10	1.32235e-09	8.44445e-09	4.96157e-08	2.65907e-07	1.29552e-06	5.7275e-06	2.29461e-05	8.32078e-05	0.00027281	0.000807894	0.00215889	0.00520119	0.0112879	0.0220516	0.038752	0.0612244	0.0869199	0.110843	0.126928	0.130492	0.120433	0.0997785	0.0742176	0.0495727	0.0297421	0.016035	0.00777218	0.00338879	0.00133003	0.000470236	0.000149885	4.31097e-05	1.11989e-05	2.63024e-06	5.59107e-07	1.07684e-07	1.8813e-08	2.98491e-09	4.30616e-10	5.65549e-11	6.7704e-12	7.39728e-13	7.38579e-14	6.74756e-15	5.64779e-16	4.33663e-17	3.05861e-18	1.98404e-19	1.18517e-20	6.52772e-22	3.31923e-23	1.56006e-24	6.78593e-26	2.73517e-27	1.0231e-28	3.56281e-30	1.1715e-31	3.9701e-33	2.4843e-34	
Carex_hostiana	0	0	0	0	0	0	0	0	0	0	0	0	0	0	0	0	0	0	0	0	0	0	0	0	0	0	0	1	0	0	0	0	0	0	0	0	0	0	0	0	0	0	0	0	0	0	0	0	0	0	0	0	0	0	0	0	0	0	0	0	0	0	
Carex_echinochloe	0	0	0	0	0	0	0	0	0	0	0	0	0	0	0	0	0	0	0	0	1	0	0	0	0	0	0	0	0	0	0	0	0	0	0	0	0	0	0	0	0	0	0	0	0	0	0	0	0	0	0	0	0	0	0	0	0	0	0	0	0	0	
Carex_dissitiflora	0	0	0	0	0	0	0	0	0	0	0	0	0	0	0	0	0	0	1	0	0	0	0	0	0	0	0	0	0	0	0	0	0	0	0	0	0	0	0	0	0	0	0	0	0	0	0	0	0	0	0	0	0	0	0	0	0	0	0	0	0	0	
N32	1.45329e-06	2.84716e-06	7.28918e-06	2.03197e-05	5.6502e-05	0.000150842	0.000380223	0.000898185	0.00198152	0.00407572	0.00780923	0.0139315	0.0231332	0.035746	0.0513922	0.0687359	0.0855133	0.0989471	0.106477	0.106553	0.0991537	0.0857979	0.0690341	0.0516508	0.0359361	0.0232513	0.0139914	0.00783094	0.00407715	0.00197492	0.000890148	0.0003734	0.000145805	5.30096e-05	1.79483e-05	5.66103e-06	1.66375e-06	4.5576e-07	1.16405e-07	2.77295e-08	6.16308e-09	1.27849e-09	2.4763e-10	4.48012e-11	7.57407e-12	1.19703e-12	1.76931e-13	2.44691e-14	3.16768e-15	3.84038e-16	4.36234e-17	4.64498e-18	4.6385e-19	4.34623e-20	3.82305e-21	3.15866e-22	2.45302e-23	1.79329e-24	1.24072e-25	8.3274e-27	6.13374e-28	8.82519e-29	
N33	5.89754e-09	1.42305e-08	4.79527e-08	1.76452e-07	6.43565e-07	2.24544e-06	7.39162e-06	2.28194e-05	6.5878e-05	0.000177568	0.000446439	0.00104627	0.00228452	0.00464558	0.00879488	0.0154966	0.0254067	0.0387491	0.0549656	0.0725038	0.0889216	0.101386	0.107457	0.105863	0.0969383	0.0825049	0.0652687	0.0479944	0.032807	0.0208485	0.0123188	0.00676885	0.00345931	0.00164467	0.000727586	0.000299579	0.000114837	4.09941e-05	1.36323e-05	4.22449e-06	1.22037e-06	3.28764e-07	8.26274e-08	1.93817e-08	4.24495e-09	8.68477e-10	1.66054e-10	2.96857e-11	4.96436e-12	7.76981e-13	1.13869e-13	1.56342e-14	2.01207e-15	2.42851e-16	2.75052e-17	2.92518e-18	2.92411e-19	2.75392e-20	2.46245e-21	2.15576e-22	2.11424e-23	4.03567e-24	
N34	2.05007e-13	8.68173e-13	5.61236e-12	3.83518e-11	2.51776e-10	1.54489e-09	8.77342e-09	4.59199e-08	2.21036e-07	9.77229e-07	3.96458e-06	1.47483e-05	5.02741e-05	0.000156946	0.000448457	0.0011723	0.00280225	0.00612269	0.0122231	0.0222883	0.0371113	0.0564109	0.0782634	0.0990894	0.114478	0.120674	0.116064	0.101855	0.0815649	0.0596087	0.0397623	0.0242146	0.0134658	0.00684009	0.0031747	0.00134683	0.000522471	0.000185412	6.02199e-05	1.79094e-05	4.87964e-06	1.2187e-06	2.79164e-07	5.86857e-08	1.13288e-08	2.00954e-09	3.27759e-10	4.91872e-11	6.79662e-12	8.65345e-13	1.01593e-13	1.10068e-14	1.10141e-15	1.01898e-16	8.72736e-18	6.93394e-19	5.12857e-20	3.55587e-21	2.34496e-22	1.51978e-23	1.05985e-24	1.20899e-25	
N35	6.14654e-37	1.33883e-35	4.00905e-34	1.20067e-32	3.46573e-31	9.49842e-30	2.45252e-28	5.94057e-27	1.34642e-25	2.85027e-24	5.62744e-23	1.03485e-21	1.77021e-20	2.81317e-19	4.14774e-18	5.66612e-17	7.16155e-16	8.36268e-15	9.00839e-14	8.93789e-13	8.15466e-12	6.83016e-11	5.24268e-10	3.6812e-09	2.36008e-08	1.37886e-07	7.32659e-07	3.53319e-06	1.54308e-05	6.08986e-05	0.000216693	0.000693578	0.00199223	0.00512324	0.0117673	0.0240823	0.0438124	0.070694	0.100951	0.127318	0.141552	0.138506	0.119108	0.089921	0.0595511	0.0345817	0.0176079	0.00786346	0.00308222	0.00106148	0.000321621	8.58791e-05	2.02475e-05	4.22395e-06	7.81512e-07	1.28559e-07	1.8855e-08	2.47502e-09	2.93339e-10	3.2447e-11	3.88575e-12	8.86535e-13	
Uncinia_uncinata	0	0	0	0	0	0	0	0	0	0	0	0	0	0	0	0	0	0	0	0	0	0	0	0	0	0	0	0	0	0	0	0	0	0	0	0	0	0	0	0	0	0	0	1	0	0	0	0	0	0	0	0	0	0	0	0	0	0	0	0	0	0	
Uncinia_phleoides	0	0	0	0	0	0	0	0	0	0	0	0	0	0	0	0	0	0	0	0	0	0	0	0	0	0	0	0	0	0	0	0	0	0	0	0	0	0	0	0	0	0	0	0	0	0	0	1	0	0	0	0	0	0	0	0	0	0	0	0	0	0	
N36	5.55016e-13	2.35534e-12	1.5225e-11	1.04511e-10	6.88796e-10	4.22661e-09	2.38888e-08	1.23824e-07	5.87363e-07	2.54662e-06	1.00829e-05	3.6429e-05	0.000120025	0.000360406	0.000985765	0.00245465	0.00556207	0.0114636	0.0214821	0.0365888	0.0566238	0.0796003	0.101625	0.117808	0.123989	0.118465	0.102749	0.0809	0.0578264	0.0375278	0.0221153	0.0118366	0.00575514	0.00254273	0.00102117	0.000372906	0.000123875	3.74484e-05	1.03075e-05	2.58445e-06	5.90614e-07	1.23087e-07	2.34071e-08	4.0643e-09	6.44776e-10	9.35211e-11	1.24106e-11	1.50788e-12	1.67865e-13	1.71354e-14	1.60512e-15	1.38085e-16	1.09184e-17	7.94166e-19	5.3184e-20	3.28234e-21	1.8691e-22	9.83983e-24	4.81409e-25	2.23376e-26	1.08826e-27	9.99157e-29	
N37	1.14289e-11	4.30772e-11	2.33354e-10	1.33633e-09	7.40176e-09	3.84518e-08	1.85126e-07	8.21823e-07	3.3556e-06	1.25839e-05	4.32982e-05	0.000136575	0.000394639	0.00104391	0.00252631	0.00559012	0.011304	0.0208789	0.0352091	0.0541878	0.0760849	0.0974363	0.11378	0.121131	0.117552	0.103984	0.0838417	0.0616207	0.0412869	0.0252225	0.0140522	0.00714169	0.00331206	0.00140216	0.000542109	0.0001915	6.18401e-05	1.82657e-05	4.93777e-06	1.22246e-06	2.77357e-07	5.77109e-08	1.10209e-08	1.93307e-09	3.11675e-10	4.62314e-11	6.31421e-12	7.94736e-13	9.22635e-14	9.88844e-15	9.79284e-16	8.96953e-17	7.60517e-18	5.97489e-19	4.35348e-20	2.94472e-21	1.85102e-22	1.083e-23	5.92429e-25	3.09164e-26	1.71591e-27	1.82033e-28	
Carex_pauciflora	0	0	0	0	0	0	0	0	0	0	0	0	0	0	0	0	0	0	1	0	0	0	0	0	0	0	0	0	0	0	0	0	0	0	0	0	0	0	0	0	0	0	0	0	0	0	0	0	0	0	0	0	0	0	0	0	0	0	0	0	0	0	
Carex_leptalea_subsp_leptalea	0	0	0	0	0	0	0	0	0	0	0	0	0	0	0	0	0	0	0	0	0	0	0	0	0	1	0	0	0	0	0	0	0	0	0	0	0	0	0	0	0	0	0	0	0	0	0	0	0	0	0	0	0	0	0	0	0	0	0	0	0	0	
Carex_capitata	0	0	0	0	0	0	0	0	0	0	0	0	0	0	0	0	0	0	0	0	0	0	0	0	1	0	0	0	0	0	0	0	0	0	0	0	0	0	0	0	0	0	0	0	0	0	0	0	0	0	0	0	0	0	0	0	0	0	0	0	0	0	
N38	2.33888e-10	5.65353e-10	1.95777e-09	7.55656e-09	2.92325e-08	1.09e-07	3.86249e-07	1.29376e-06	4.08713e-06	1.21642e-05	3.4085e-05	8.9875e-05	0.000222911	0.000519849	0.00113952	0.00234706	0.00454097	0.00825026	0.0140723	0.0225283	0.0338425	0.0476951	0.0630496	0.0781661	0.0908702	0.0990473	0.101214	0.0969601	0.087072	0.073298	0.0578416	0.0427898	0.0296769	0.0192981	0.0117674	0.00672937	0.00360969	0.00181655	0.00085783	0.000380218	0.000158217	6.18279e-05	2.26964e-05	7.82901e-06	2.53853e-06	7.73995e-07	2.21991e-07	5.99158e-08	1.52241e-08	3.64322e-09	8.2147e-10	1.74599e-10	3.49974e-11	6.619e-12	1.18186e-12	1.99404e-13	3.18462e-14	4.83681e-15	7.08858e-16	1.0522e-16	1.85675e-17	6.10808e-18	
Kobresia_myosuroides	0	0	0	0	0	0	0	0	0	0	0	0	0	0	0	0	0	0	0	0	0	0	0	0	0	0	0	0	1	0	0	0	0	0	0	0	0	0	0	0	0	0	0	0	0	0	0	0	0	0	0	0	0	0	0	0	0	0	0	0	0	0	
Kobresia_simpliciuscula	0	0	0	0	0	0	0	0	0	0	0	0	0	0	0	0	0	0	0	0	0	0	0	0	0	0	0	0	0	0	0	0	0	0	1	0	0	0	0	0	0	0	0	0	0	0	0	0	0	0	0	0	0	0	0	0	0	0	0	0	0	0	
N39	1.03291e-07	2.41529e-07	7.22728e-07	2.27184e-06	7.05433e-06	2.10912e-05	5.9906e-05	0.000160403	0.000403033	0.000947627	0.00208124	0.00426444	0.00814465	0.0144895	0.0239972	0.0369814	0.0530082	0.0706447	0.0875087	0.100725	0.107704	0.106967	0.0986557	0.084489	0.067182	0.0495985	0.0339982	0.0216392	0.0127901	0.00702128	0.00358061	0.00169668	0.000747251	0.000305982	0.000116532	4.12939e-05	1.36209e-05	4.1841e-06	1.19755e-06	3.19523e-07	7.95181e-08	1.84685e-08	4.00548e-09	8.11703e-10	1.5379e-10	2.726e-11	4.52345e-12	7.03143e-13	1.02456e-13	1.40036e-14	1.79657e-15	2.16493e-16	2.45209e-17	2.61227e-18	2.61932e-19	2.47388e-20	2.20306e-21	1.85372e-22	1.48411e-23	1.16397e-24	1.02029e-25	1.74765e-26	
Carex_gibba	0	0	0	0	0	0	0	0	0	0	0	0	0	0	0	0	1	0	0	0	0	0	0	0	0	0	0	0	0	0	0	0	0	0	0	0	0	0	0	0	0	0	0	0	0	0	0	0	0	0	0	0	0	0	0	0	0	0	0	0	0	0	
N40	2.93361e-13	1.4456e-12	1.02601e-11	7.44259e-11	5.1408e-10	3.31131e-09	1.97006e-08	1.07659e-07	5.38439e-07	2.45806e-06	1.0222e-05	3.86563e-05	0.00013274	0.000413328	0.00116561	0.00297358	0.00685481	0.0142648	0.0267722	0.0452775	0.0689488	0.0944769	0.116421	0.128954	0.128347	0.114755	0.0921594	0.0664786	0.0430769	0.0250797	0.0131238	0.00617523	0.00261418	0.0009963	0.000342086	0.000105907	2.95904e-05	7.46841e-06	1.70452e-06	3.52156e-07	6.59347e-08	1.12006e-08	1.72833e-09	2.42549e-10	3.09949e-11	3.61107e-12	3.84044e-13	3.73309e-14	3.32081e-15	2.70676e-16	2.02409e-17	1.39033e-18	8.78322e-20	5.10931e-21	2.74012e-22	1.35643e-23	6.20562e-25	2.62792e-26	1.0337e-27	3.83529e-29	1.47066e-30	1.04725e-31	
N41	6.22032e-18	4.00343e-17	4.08385e-16	4.31884e-15	4.33466e-14	4.04473e-13	3.48731e-12	2.77081e-11	2.02534e-10	1.36001e-09	8.37822e-09	4.72872e-08	2.44198e-07	1.15232e-06	4.96212e-06	1.94742e-05	6.95657e-05	0.000225907	0.000666085	0.00178107	0.00431411	0.00945551	0.0187335	0.0335179	0.05411	0.0787549	0.10327	0.121929	0.129559	0.123847	0.106477	0.0823227	0.0572361	0.0357898	0.0201323	0.0101913	0.00464495	0.00190727	0.000706045	0.000235831	7.11406e-05	1.94009e-05	4.78838e-06	1.07084e-06	2.17254e-07	4.0038e-08	6.71149e-09	1.02471e-09	1.42702e-10	1.81517e-11	2.11198e-12	2.251e-13	2.20091e-14	1.97695e-15	1.63374e-16	1.2439e-17	8.73858e-19	5.67426e-20	3.41814e-21	1.94285e-22	1.16074e-23	1.36604e-24	
Carex_radiata	0	0	0	0	0	0	0	0	0	0	0	0	0	0	0	0	0	0	0	0	0	0	0	0	0	0	0	0	1	0	0	0	0	0	0	0	0	0	0	0	0	0	0	0	0	0	0	0	0	0	0	0	0	0	0	0	0	0	0	0	0	0	
Carex_macrocephala	0	0	0	0	0	0	0	0	0	0	0	0	0	0	0	0	0	0	0	0	0	0	0	0	0	0	0	0	0	0	0	0	0	0	0	0	1	0	0	0	0	0	0	0	0	0	0	0	0	0	0	0	0	0	0	0	0	0	0	0	0	0	
N42	3.99341e-18	3.53126e-17	5.3521e-16	8.58404e-15	1.28918e-13	1.74933e-12	2.11881e-11	2.2789e-10	2.17012e-09	1.82565e-08	1.35422e-07	8.8413e-07	5.07162e-06	2.55178e-05	0.000112432	0.000433105	0.00145639	0.00426871	0.0108902	0.02415	0.0464942	0.0776229	0.112266	0.140536	0.152155	0.142391	0.115132	0.0804096	0.0485051	0.0252742	0.0113789	0.00442848	0.00149081	0.000434462	0.000109715	2.40352e-05	4.57346e-06	7.56929e-07	1.09125e-07	1.3726e-08	1.5088e-09	1.45192e-10	1.22533e-11	9.08575e-13	5.93025e-14	3.41357e-15	1.73619e-16	7.8174e-18	3.12202e-19	1.10801e-20	3.50111e-22	9.86846e-24	2.48629e-25	5.61614e-27	1.15011e-28	2.29668e-30	6.62673e-32	4.78256e-33	5.45756e-34	6.53867e-35	8.06448e-36	1.54922e-36	
Carex_satsumensis	0	0	0	0	0	0	0	0	0	0	0	0	0	0	0	0	0	0	1	0	0	0	0	0	0	0	0	0	0	0	0	0	0	0	0	0	0	0	0	0	0	0	0	0	0	0	0	0	0	0	0	0	0	0	0	0	0	0	0	0	0	0	
N43	3.98957e-18	3.53044e-17	5.35185e-16	8.58391e-15	1.28916e-13	1.74932e-12	2.1188e-11	2.27888e-10	2.17011e-09	1.82564e-08	1.35421e-07	8.84127e-07	5.0716e-06	2.55177e-05	0.000112432	0.000433104	0.00145638	0.0042687	0.0108902	0.0241499	0.0464942	0.0776229	0.112266	0.140536	0.152155	0.142391	0.115132	0.0804097	0.0485052	0.0252742	0.0113789	0.00442849	0.00149081	0.000434463	0.000109715	2.40352e-05	4.57346e-06	7.5693e-07	1.09125e-07	1.3726e-08	1.5088e-09	1.45192e-10	1.22534e-11	9.08577e-13	5.93026e-14	3.41358e-15	1.73619e-16	7.81744e-18	3.12209e-19	1.10813e-20	3.50312e-22	9.90059e-24	2.5346e-25	6.29928e-27	2.05919e-28	1.36938e-29	1.41393e-30	1.553e-31	1.64781e-32	1.68462e-33	1.76351e-34	2.73341e-35	
Carex_diandra	0	0	0	0	0	0	0	0	0	0	0	0	0	0	0	0	0	0	0	0	0	0	0	0	0	0	0	0	0	1	0	0	0	0	0	0	0	0	0	0	0	0	0	0	0	0	0	0	0	0	0	0	0	0	0	0	0	0	0	0	0	0	
N44	1.7699e-25	4.72221e-24	1.87217e-22	6.94909e-21	2.30372e-19	6.7674e-18	1.75547e-16	4.00931e-15	8.03885e-14	1.41088e-12	2.16105e-11	2.88012e-10	3.32975e-09	3.32922e-08	2.86999e-07	2.1267e-06	1.35057e-05	7.3289e-05	0.000338861	0.00133127	0.00443234	0.0124752	0.0296159	0.05918	0.0993625	0.139965	0.165216	0.16329	0.135063	0.0934847	0.0541612	0.0262824	0.0106932	0.0036527	0.00104933	0.000254016	5.19326e-05	8.98924e-06	1.32091e-06	1.65242e-07	1.76505e-08	1.61479e-09	1.26929e-10	8.59967e-12	5.03816e-13	2.56053e-14	1.13253e-15	4.37329e-17	1.47902e-18	4.39431e-20	1.15046e-21	2.66202e-23	5.45967e-25	9.95328e-27	1.61736e-28	2.34884e-30	3.05656e-32	3.57309e-34	3.76151e-36	3.57775e-38	3.15275e-40	4.35481e-42	
N45	1.34744e-28	4.58066e-27	2.32642e-25	1.09366e-23	4.59851e-22	1.72107e-20	5.71566e-19	1.67907e-17	4.34932e-16	9.90149e-15	1.97449e-13	3.43722e-12	5.20538e-11	6.83404e-10	7.751e-09	7.56787e-08	6.33901e-07	4.53966e-06	2.77044e-05	0.000143622	0.00063059	0.00233844	0.0073059	0.0191882	0.0422864	0.0780772	0.12065	0.15592	0.168468	0.152201	0.115029	0.0727853	0.0386039	0.017187	0.00643424	0.00202942	0.000540458	0.00012181	2.3293e-05	3.78902e-06	5.25759e-07	6.24083e-08	6.35577e-09	5.57018e-10	4.2138e-11	2.76011e-12	1.5703e-13	7.78394e-15	3.37238e-16	1.28099e-17	4.27921e-19	1.26099e-20	3.28774e-22	7.60663e-24	1.56621e-25	2.87804e-27	4.73302e-29	6.9861e-31	9.29174e-33	1.12543e-34	1.31049e-36	2.39976e-38	
Carex_foenea	0	0	0	0	0	0	0	0	0	0	0	0	0	0	0	0	0	0	0	0	0	0	0	0	0	0	0	0	0	0	0	0	0	0	0	0	0	0	0	0	1	0	0	0	0	0	0	0	0	0	0	0	0	0	0	0	0	0	0	0	0	0	
N46	1.38034e-27	4.54663e-26	2.2439e-24	1.02849e-22	4.22149e-21	1.5432e-19	5.00626e-18	1.43606e-16	3.62888e-15	8.04666e-14	1.55933e-12	2.62972e-11	3.84262e-10	4.84321e-09	5.24099e-08	4.84629e-07	3.81093e-06	2.53615e-05	0.000142151	0.000667887	0.00261852	0.00852999	0.0229975	0.0511403	0.0935329	0.140395	0.172713	0.174036	0.143681	0.0972885	0.0541243	0.0247996	0.00938658	0.00294487	0.000768703	0.000167624	3.06643e-05	4.72638e-06	6.16496e-07	6.83524e-08	6.46999e-09	5.25127e-10	3.67019e-11	2.21815e-12	1.16397e-13	5.32429e-15	2.13121e-16	7.49298e-18	2.32227e-19	6.36671e-21	1.54925e-22	3.35691e-24	6.49718e-26	1.12663e-27	1.75536e-29	2.46425e-31	3.12536e-33	3.59027e-35	3.74504e-37	3.55892e-39	3.16059e-41	4.45075e-43	
Carex_conferta	0	0	0	0	0	0	0	0	0	0	0	0	0	0	0	0	0	0	0	0	0	0	0	0	0	1	0	0	0	0	0	0	0	0	0	0	0	0	0	0	0	0	0	0	0	0	0	0	0	0	0	0	0	0	0	0	0	0	0	0	0	0	
Carex_arcta	0	0	0	0	0	0	0	0	0	0	0	0	0	0	0	0	0	0	0	0	0	0	0	0	0	0	1	0	0	0	0	0	0	0	0	0	0	0	0	0	0	0	0	0	0	0	0	0	0	0	0	0	0	0	0	0	0	0	0	0	0	0	
N47	1.99635e-28	7.22288e-27	3.83965e-25	1.89897e-23	8.39136e-22	3.29204e-20	1.14258e-18	3.49659e-17	9.40243e-16	2.21376e-14	4.54703e-13	8.11699e-12	1.25445e-10	1.67181e-09	1.91358e-08	1.87352e-07	1.56253e-06	1.10551e-05	6.60807e-05	0.000332352	0.00140093	0.00493031	0.0144347	0.0350401	0.0703147	0.116336	0.158357	0.177057	0.162435	0.122221	0.0754393	0.038229	0.015928	0.00546745	0.00155017	0.000364137	7.11099e-05	1.1588e-05	1.58211e-06	1.81733e-07	1.76389e-08	1.45292e-09	1.02011e-10	6.13174e-12	3.16898e-13	1.41414e-14	5.47135e-16	1.84279e-17	5.42415e-19	1.40056e-20	3.18401e-22	6.39552e-24	1.13888e-25	1.80385e-27	2.5492e-29	3.22401e-31	3.65962e-33	3.73879e-35	3.44725e-37	2.87951e-39	2.23897e-41	2.69819e-43	
N48	1.76941e-31	8.4335e-30	5.83715e-28	3.71412e-26	2.11377e-24	1.07124e-22	4.81795e-21	1.9163e-19	6.71595e-18	2.06609e-16	5.55749e-15	1.30172e-13	2.64374e-12	4.63535e-11	6.98457e-10	9.00258e-09	9.87849e-08	9.18321e-07	7.19666e-06	4.7308e-05	0.000259562	0.00118278	0.00445483	0.013804	0.035037	0.0725536	0.122143	0.166677	0.183954	0.163963	0.117964	0.0685293	0.0321885	0.0122513	0.0037899	0.000956452	0.00019777	3.36658e-05	4.74197e-06	5.55613e-07	5.44476e-08	4.48686e-09	3.12616e-10	1.85138e-11	9.36816e-13	4.07079e-14	1.52647e-15	4.96281e-17	1.40526e-18	3.4806e-20	7.57223e-22	1.45273e-23	2.46707e-25	3.72207e-27	5.00602e-29	6.02192e-31	6.49947e-33	6.31285e-35	5.53405e-37	4.39513e-39	3.24421e-41	3.69188e-43	
Carex_disticha	0	0	0	0	0	0	0	0	0	0	0	0	0	0	0	0	0	0	0	0	0	0	0	0	0	0	0	0	0	0	1	0	0	0	0	0	0	0	0	0	0	0	0	0	0	0	0	0	0	0	0	0	0	0	0	0	0	0	0	0	0	0	
Carex_chordorrhiza	0	0	0	0	0	0	0	0	0	0	0	0	0	0	0	0	0	0	0	0	0	0	0	0	0	0	0	0	0	0	1	0	0	0	0	0	0	0	0	0	0	0	0	0	0	0	0	0	0	0	0	0	0	0	0	0	0	0	0	0	0	0	
Carex_deweyana_var_deweyana	0	0	0	0	0	0	0	0	0	0	0	0	0	0	0	0	0	0	0	0	0	0	0	0	0	0	1	0	0	0	0	0	0	0	0	0	0	0	0	0	0	0	0	0	0	0	0	0	0	0	0	0	0	0	0	0	0	0	0	0	0	0	
N49	0.0421226	0.060497	0.0922282	0.130887	0.160949	0.166118	0.142151	0.100527	0.0588305	0.0286031	0.0116172	0.00396691	0.00114678	0.000282667	5.98287e-05	1.09492e-05	1.74407e-06	2.43328e-07	2.99115e-08	3.25777e-09	3.16009e-10	2.74339e-11	2.14117e-12	1.50879e-13	9.63675e-15	5.59956e-16	2.97022e-17	1.44288e-18	6.43843e-20	2.64644e-21	1.00466e-22	3.53124e-24	1.15186e-25	3.49452e-27	9.88077e-29	2.60889e-30	6.44444e-32	1.49189e-33	3.24213e-35	6.62443e-37	1.2745e-38	2.31217e-40	3.96074e-42	6.41465e-44	9.83436e-46	1.42894e-47	1.97003e-49	2.57996e-51	3.21306e-53	3.80962e-55	4.30549e-57	4.64435e-59	4.78948e-61	4.73169e-63	4.4912e-65	4.11285e-67	3.65626e-69	3.18367e-71	2.74856e-73	2.38766e-75	2.12154e-77	2.36873e-79	
Carex_pachygyna	0	0	0	0	0	1	0	0	0	0	0	0	0	0	0	0	0	0	0	0	0	0	0	0	0	0	0	0	0	0	0	0	0	0	0	0	0	0	0	0	0	0	0	0	0	0	0	0	0	0	0	0	0	0	0	0	0	0	0	0	0	0	
Carex_siderosticta	0	0	0	0	0	1	0	0	0	0	0	0	0	0	0	0	0	0	0	0	0	0	0	0	0	0	0	0	0	0	0	0	0	0	0	0	0	0	0	0	0	0	0	0	0	0	0	0	0	0	0	0	0	0	0	0	0	0	0	0	0	0	
N50	2.01113e-08	3.70178e-08	8.48139e-08	2.07543e-07	5.09534e-07	1.22607e-06	2.86606e-06	6.48619e-06	1.41925e-05	3.00115e-05	6.13223e-05	0.000121073	0.00023099	0.000425863	0.000758737	0.00130637	0.00217371	0.00349536	0.00543165	0.00815671	0.0118367	0.0165982	0.0224905	0.0294459	0.03725	0.0455286	0.0537634	0.0613362	0.0676022	0.0719792	0.074036	0.0735628	0.0706065	0.065463	0.0586284	0.0507201	0.0423851	0.0342147	0.0266803	0.0200983	0.0146266	0.0102842	0.00698697	0.0045872	0.00291088	0.00178574	0.0010594	0.000608027	0.000337789	0.000181778	9.48491e-05	4.80495e-05	2.36745e-05	1.13732e-05	5.34574e-06	2.47138e-06	1.13332e-06	5.23215e-07	2.50011e-07	1.30238e-07	8.07332e-08	6.64608e-08	
Trichophorum_cespitosum	0	0	0	0	0	0	0	0	0	0	0	0	0	0	0	0	0	0	0	0	0	0	0	0	0	0	0	0	0	0	0	0	0	0	0	0	0	0	0	0	0	0	0	0	0	0	0	0	0	0	0	1	0	0	0	0	0	0	0	0	0	0	
Trichophorum_alpinum	0	0	0	0	0	0	0	0	0	0	0	0	0	0	0	0	0	0	0	0	0	0	0	0	0	0	0	0	1	0	0	0	0	0	0	0	0	0	0	0	0	0	0	0	0	0	0	0	0	0	0	0	0	0	0	0	0	0	0	0	0	0	
