NODE	1	2	3	4	5	6	7	8	9	10	11	12	13	14	15	16	17	18	19	20	21	22	23	24	25	26	27	28	29	30	31	32	33	34	35	36	37	38	39	40	41	42	43	44	45	46	47	48	49	50	51	52	53	54	55	56	57	58	59	60	61	62	63	64	65	66	67	68	69	70	
N1	0.592102	0.299068	0.0884697	0.0175177	0.00253905	0.000277742	2.36592e-05	1.57718e-06	8.30643e-08	3.45845e-09	1.14205e-10	2.99524e-12	6.25384e-14	5.87322e-18	6.77861e-19	7.0041e-20	6.48631e-21	5.38951e-22	4.02227e-23	2.69912e-24	1.63026e-25	8.87214e-27	4.35518e-28	1.93053e-29	7.73655e-31	2.80652e-32	9.2283e-34	2.75445e-35	7.47436e-37	1.8469e-38	4.16276e-40	8.57342e-42	1.6164e-43	2.7949e-45	4.44036e-47	6.49411e-49	8.75955e-51	1.09172e-52	1.25951e-54	1.34753e-56	1.33933e-58	1.23878e-60	1.06807e-62	8.59813e-65	6.47299e-67	4.56426e-69	3.0189e-71	1.87574e-73	1.09634e-75	6.0361e-78	3.13455e-80	1.53727e-82	7.12873e-85	3.12949e-87	1.30205e-89	5.1399e-92	1.92715e-94	6.86997e-97	2.3308e-99	7.53326e-102	2.32162e-104	6.82836e-107	1.91839e-109	5.15251e-112	1.32407e-114	3.25804e-117	7.68225e-120	1.73736e-122	3.78134e-125	9.23151e-128	
N2	0.324061	0.317549	0.206716	0.0973018	0.037209	0.0128566	0.00328541	0.000802884	0.00017971	3.18928e-05	5.09605e-06	8.88881e-07	1.0393e-07	1.34238e-08	1.5218e-09	1.42227e-10	1.18193e-11	1.22902e-12	7.10213e-14	5.132e-15	3.2446e-16	1.73763e-17	8.01321e-19	4.78939e-20	1.55812e-21	7.03111e-23	2.89761e-24	9.25298e-26	2.51002e-27	9.89418e-29	2.05046e-30	5.92524e-32	1.38285e-33	2.83999e-35	5.10678e-37	1.44123e-38	1.73315e-40	3.1694e-42	5.1956e-44	8.05228e-46	9.95558e-48	1.81773e-49	1.63553e-51	2.41322e-53	3.10363e-55	3.20595e-57	2.89727e-59	4.43884e-61	3.01516e-63	3.14165e-65	2.71466e-67	2.23974e-69	1.51778e-71	1.83735e-73	8.35767e-76	6.37207e-78	3.93559e-80	2.3588e-82	1.17066e-84	9.66712e-87	3.32325e-89	1.94003e-91	1.02255e-93	4.29676e-96	1.45623e-98	9.24817e-101	3.01212e-103	1.98271e-105	1.72934e-107	2.57084e-109	
N3	0.291863	0.299114	0.212694	0.114261	0.0515523	0.0211922	0.00669392	0.00197018	0.00052375	0.000110869	2.07889e-05	3.91916e-06	5.27784e-07	7.15382e-08	8.62912e-09	8.37912e-10	7.27403e-11	7.04056e-12	4.31442e-13	2.95331e-14	1.82405e-15	9.34386e-17	4.22815e-18	2.23055e-19	7.30524e-21	2.91787e-22	1.08057e-23	3.1481e-25	8.1524e-27	2.71458e-28	5.47283e-30	1.38134e-31	3.03468e-33	5.7576e-35	9.92244e-37	2.35016e-38	2.91577e-40	4.85272e-42	7.44953e-44	1.02945e-45	1.21155e-47	1.88785e-49	1.66275e-51	2.07407e-53	2.36237e-55	2.17961e-57	1.81764e-59	2.23519e-61	1.4721e-63	1.33597e-65	1.06493e-67	7.80304e-70	5.0536e-72	5.07256e-74	2.39431e-76	1.6692e-78	1.02659e-80	5.90724e-83	2.97252e-85	2.21325e-87	8.36366e-90	4.7695e-92	2.54446e-94	1.10547e-96	4.21069e-99	2.63262e-101	1.03086e-103	7.50859e-106	7.2534e-108	1.08168e-109	
N4	0.0900289	0.153862	0.209526	0.207692	0.159668	0.103734	0.04794	0.0191604	0.00641667	0.00158198	0.000320063	6.0973e-05	7.84016e-06	9.79037e-07	1.05502e-07	8.8967e-09	6.50024e-10	5.14541e-11	2.48439e-12	1.31132e-13	6.13582e-15	2.37062e-16	8.12539e-18	3.29799e-19	8.35387e-21	2.60835e-22	7.52375e-24	1.68753e-25	3.30309e-27	8.1925e-29	1.19697e-30	2.15642e-32	3.31471e-34	4.35279e-36	5.16588e-38	8.53853e-40	7.46859e-42	9.09192e-44	1.05897e-45	1.15505e-47	1.10277e-49	1.42825e-51	1.04657e-53	1.09183e-55	1.02938e-57	7.75911e-60	5.1992e-62	5.08933e-64	2.601e-66	1.81148e-68	1.08747e-70	5.9182e-73	2.79576e-75	2.03233e-77	6.77882e-80	3.31765e-82	1.40965e-84	5.54803e-87	1.88334e-89	9.41709e-92	2.34269e-94	8.76542e-97	3.03468e-99	8.47189e-102	2.04798e-104	8.11643e-107	1.97711e-109	8.93655e-112	5.31817e-114	4.68156e-116	
Bulbostylis_barbata	0	0	0	0	1	0	0	0	0	0	0	0	0	0	0	0	0	0	0	0	0	0	0	0	0	0	0	0	0	0	0	0	0	0	0	0	0	0	0	0	0	0	0	0	0	0	0	0	0	0	0	0	0	0	0	0	0	0	0	0	0	0	0	0	0	0	0	0	0	0	
N5	0.00627929	0.0238969	0.0751267	0.150445	0.211649	0.227472	0.156523	0.0860957	0.0431339	0.0144355	0.00353084	0.00107862	0.000257699	6.38275e-05	1.05166e-05	1.24895e-06	1.36584e-07	3.16392e-08	4.54557e-09	8.77438e-10	1.10916e-10	9.22013e-12	4.69211e-13	2.95534e-14	9.12469e-16	1.06234e-16	2.04688e-17	3.13525e-18	3.35278e-19	5.75611e-20	3.44267e-21	3.00056e-22	1.51678e-23	6.00176e-25	1.65353e-26	8.19831e-28	1.01364e-29	2.18985e-31	3.59136e-33	5.6848e-35	5.5543e-37	9.19797e-39	5.14919e-41	6.14265e-43	5.28072e-45	3.43764e-47	1.74687e-49	2.03167e-51	6.6239e-54	4.17459e-56	1.91393e-58	9.38853e-61	3.12953e-63	2.66411e-65	5.11834e-68	2.28741e-70	6.64745e-73	2.14423e-75	5.13029e-78	2.82073e-80	3.98549e-83	1.3092e-85	3.65989e-88	8.10261e-91	1.16081e-93	4.61462e-96	6.00643e-99	1.96948e-101	7.73387e-104	6.98873e-106	
Bulbostylis_densa	0	0	0	0	0	0	0	0	0	0	0	0	0	0	0	0	0	0	0	0	0	0	0	0	0	0	0	0	0	0	0	1	0	0	0	0	0	0	0	0	0	0	0	0	0	0	0	0	0	0	0	0	0	0	0	0	0	0	0	0	0	0	0	0	0	0	0	0	0	0	
Bulbostylis_hispidula	0	0	0	0	1	0	0	0	0	0	0	0	0	0	0	0	0	0	0	0	0	0	0	0	0	0	0	0	0	0	0	0	0	0	0	0	0	0	0	0	0	0	0	0	0	0	0	0	0	0	0	0	0	0	0	0	0	0	0	0	0	0	0	0	0	0	0	0	0	0	
N6	0.171676	0.241161	0.25231	0.183346	0.0972257	0.0403383	0.0110035	0.00244391	0.000434623	5.52378e-05	5.63953e-06	5.30233e-07	3.21653e-08	1.81568e-09	8.39161e-11	2.89547e-12	8.34102e-14	2.56727e-15	4.62993e-17	9.06099e-19	1.52598e-20	2.05568e-22	2.35072e-24	3.10267e-26	2.40115e-28	2.27034e-30	1.93788e-32	1.26813e-34	7.17423e-37	5.28881e-39	2.24606e-41	1.21152e-43	5.53019e-46	2.16453e-48	7.54963e-51	3.71463e-53	8.98712e-56	2.99147e-58	9.02995e-61	2.459e-63	5.55581e-66	1.70059e-68	2.79797e-71	6.75456e-74	1.4603e-76	2.53294e-79	3.9092e-82	9.25022e-85	1.10414e-87	1.87394e-90	2.73776e-93	3.70805e-96	4.34186e-99	8.24199e-102	6.84357e-105	8.74123e-108	9.60761e-111	9.98471e-114	8.90897e-117	1.22469e-119	7.9978e-123	8.22008e-126	7.80403e-129	5.98668e-132	3.91603e-135	4.40447e-138	2.87079e-141	3.59794e-144	6.02496e-147	1.5072e-149	
Abildgaardia_ovata	0	0	0	0	0	0	0	0	0	1	0	0	0	0	0	0	0	0	0	0	0	0	0	0	0	0	0	0	0	0	0	0	0	0	0	0	0	0	0	0	0	0	0	0	0	0	0	0	0	0	0	0	0	0	0	0	0	0	0	0	0	0	0	0	0	0	0	0	0	0	
N7	0.175143	0.250632	0.263617	0.185043	0.0883257	0.0300169	0.00618601	0.00092752	0.000101608	7.15194e-06	3.69635e-07	1.75782e-08	4.60753e-10	1.25793e-11	2.74217e-13	4.38823e-15	5.52548e-17	1.17385e-18	7.54387e-21	1.00857e-22	8.08802e-25	6.63085e-27	3.20878e-29	3.45183e-31	8.84049e-34	6.8234e-36	3.21198e-38	1.27058e-40	2.69479e-43	2.11294e-45	3.13149e-48	1.49845e-50	3.45948e-53	8.32581e-56	1.29196e-58	8.8252e-61	5.82256e-64	1.53972e-66	2.96672e-69	7.00151e-72	6.29252e-75	1.97966e-77	1.00309e-80	3.01414e-83	3.75027e-86	3.7074e-89	2.42729e-92	9.55128e-95	3.43779e-98	4.702e-101	3.78409e-104	5.25603e-107	2.19001e-110	6.86739e-113	1.53246e-116	2.39049e-119	1.04598e-122	8.48655e-126	4.06634e-129	9.36212e-132	1.60111e-135	1.44879e-138	1.07062e-141	6.81137e-145	1.37509e-148	2.40665e-151	4.94602e-155	4.82187e-158	2.82945e-161	9.65909e-164	
Fimbristylis_littoralis	0	0	0	0	1	0	0	0	0	0	0	0	0	0	0	0	0	0	0	0	0	0	0	0	0	0	0	0	0	0	0	0	0	0	0	0	0	0	0	0	0	0	0	0	0	0	0	0	0	0	0	0	0	0	0	0	0	0	0	0	0	0	0	0	0	0	0	0	0	0	
N8	0.153931	0.240632	0.274884	0.200115	0.0938729	0.0303876	0.00541076	0.000698554	6.48223e-05	3.64022e-06	1.50082e-07	8.11355e-09	1.51308e-10	5.2938e-12	9.20841e-14	1.66757e-15	1.54453e-17	4.10536e-19	1.7286e-21	2.586e-23	1.8061e-25	1.33138e-27	5.21533e-30	7.23161e-32	1.21249e-34	8.7414e-37	4.70257e-39	1.80436e-41	2.57212e-44	2.24468e-46	2.57598e-49	1.5221e-51	2.45348e-54	5.35464e-57	6.9295e-60	6.51856e-62	2.79159e-65	6.33741e-68	9.57239e-71	2.93384e-73	2.08544e-76	6.60617e-79	2.25505e-82	7.36359e-85	7.61164e-88	6.38436e-91	3.65752e-94	1.90844e-96	4.48355e-100	5.27916e-103	3.42035e-106	4.50148e-109	1.59864e-112	6.82251e-115	1.05712e-118	1.80146e-121	4.99162e-125	3.49186e-128	1.35407e-131	4.11534e-134	5.02706e-138	4.30364e-141	3.0344e-144	2.1132e-147	2.67246e-151	4.62989e-154	7.00395e-158	6.82256e-161	3.08114e-164	1.15094e-166	
Fimbristylis_complanata	0	0	0	0	1	0	0	0	0	0	0	0	0	0	0	0	0	0	0	0	0	0	0	0	0	0	0	0	0	0	0	0	0	0	0	0	0	0	0	0	0	0	0	0	0	0	0	0	0	0	0	0	0	0	0	0	0	0	0	0	0	0	0	0	0	0	0	0	0	0	
N9	0.122609	0.214547	0.277152	0.222926	0.113449	0.0404562	0.00759756	0.00112796	0.000125955	8.91444e-06	4.6628e-07	3.9914e-08	9.08039e-10	5.08185e-11	1.12872e-12	3.2799e-14	4.04314e-16	1.91336e-17	1.07542e-19	2.73771e-21	3.1194e-23	3.49434e-25	2.12381e-27	5.99189e-29	1.41488e-31	1.75749e-33	1.68678e-35	1.21458e-37	2.49569e-40	3.97066e-42	7.61597e-45	9.18929e-47	2.24007e-49	8.76671e-52	1.9897e-54	4.2013e-56	2.79766e-59	1.14067e-61	3.03962e-64	1.90555e-66	2.38903e-69	1.61312e-71	8.74407e-75	5.52359e-77	1.02014e-79	1.62586e-82	1.80862e-85	2.2093e-87	8.24177e-91	1.82904e-93	2.1139e-96	5.95294e-99	3.78131e-102	3.7693e-104	1.01933e-107	4.08054e-110	1.80845e-113	2.44985e-116	1.70396e-119	1.17936e-121	2.54381e-125	4.72139e-128	7.34505e-131	1.07837e-133	2.25325e-137	7.77886e-140	2.13196e-143	4.57924e-146	4.01123e-149	3.49397e-151	
Fimbristylis_ferruginea	0	0	0	0	1	0	0	0	0	0	0	0	0	0	0	0	0	0	0	0	0	0	0	0	0	0	0	0	0	0	0	0	0	0	0	0	0	0	0	0	0	0	0	0	0	0	0	0	0	0	0	0	0	0	0	0	0	0	0	0	0	0	0	0	0	0	0	0	0	0	
N10	0.0308041	0.0959426	0.220146	0.287258	0.222763	0.110739	0.0270899	0.00465856	0.000555902	3.96105e-05	2.0634e-06	1.23843e-07	3.35209e-09	1.21064e-10	2.96662e-12	6.20871e-14	9.29307e-16	2.49481e-17	2.00077e-19	2.98171e-21	3.03486e-23	2.71965e-25	1.71835e-27	2.12557e-29	7.17254e-32	5.50086e-34	3.42455e-36	1.53158e-38	4.21629e-41	3.05147e-43	6.26096e-46	3.10777e-48	8.14007e-51	2.24949e-53	4.65599e-56	2.97949e-58	2.9122e-61	7.62959e-64	1.53313e-66	3.90014e-69	4.97084e-72	1.50612e-74	1.09406e-77	2.71149e-80	4.10252e-83	4.91879e-86	4.48917e-89	1.48267e-91	7.79515e-95	1.11218e-97	1.04969e-100	1.35203e-103	9.21863e-107	2.62464e-109	9.42555e-113	1.24042e-115	7.55369e-119	6.43395e-122	3.7002e-125	7.35116e-128	2.14773e-131	2.11235e-134	1.74269e-137	1.15495e-140	3.63701e-144	5.10294e-147	1.55751e-150	1.60202e-153	1.57054e-156	4.92274e-159	
Fimbristylis_dichotoma	0	0	0	0	1	0	0	0	0	0	0	0	0	0	0	0	0	0	0	0	0	0	0	0	0	0	0	0	0	0	0	0	0	0	0	0	0	0	0	0	0	0	0	0	0	0	0	0	0	0	0	0	0	0	0	0	0	0	0	0	0	0	0	0	0	0	0	0	0	0	
N11	6.11812e-05	0.00144283	0.0205199	0.125111	0.377739	0.337673	0.108676	0.0264678	0.00197439	0.000280968	4.67108e-05	5.67571e-06	1.17347e-07	1.86559e-09	1.5821e-11	9.1688e-14	3.48496e-16	1.98616e-18	3.54685e-21	1.02587e-23	2.05355e-26	3.45916e-29	4.14016e-32	8.77365e-35	5.67271e-38	7.54759e-41	8.1709e-44	6.36031e-47	3.21235e-50	3.82703e-53	1.42022e-56	1.15769e-59	5.37947e-63	2.5341e-66	9.127e-70	9.09412e-73	1.63072e-76	7.17647e-80	2.46799e-83	1.01431e-86	2.26436e-90	1.11476e-93	1.45658e-97	5.77567e-101	1.48174e-104	3.01175e-108	4.72242e-112	2.39199e-115	2.2668e-119	5.36362e-123	8.64794e-127	1.79213e-130	2.11914e-134	9.22285e-138	5.93204e-142	1.24067e-145	1.32674e-149	1.86827e-153	1.8221e-157	5.53746e-161	2.88308e-165	4.61116e-169	6.21761e-173	6.67131e-177	3.73166e-181	8.19652e-185	4.34859e-189	7.22283e-193	1.22416e-196	5.71897e-200	
Fimbristylis_velata	0	0	0	0	0	0	0	0	0	0	0	1	0	0	0	0	0	0	0	0	0	0	0	0	0	0	0	0	0	0	0	0	0	0	0	0	0	0	0	0	0	0	0	0	0	0	0	0	0	0	0	0	0	0	0	0	0	0	0	0	0	0	0	0	0	0	0	0	0	0	
Fimbristylis_squarrosa	0	0	0	0	1	0	0	0	0	0	0	0	0	0	0	0	0	0	0	0	0	0	0	0	0	0	0	0	0	0	0	0	0	0	0	0	0	0	0	0	0	0	0	0	0	0	0	0	0	0	0	0	0	0	0	0	0	0	0	0	0	0	0	0	0	0	0	0	0	0	
N12	0.209702	0.254463	0.229208	0.154034	0.0846659	0.0433655	0.0158052	0.00590541	0.00207052	0.000575071	0.000145375	4.8147e-05	8.97559e-06	2.34277e-06	4.94697e-07	9.35899e-08	1.44543e-08	3.83563e-09	3.94814e-10	7.38635e-11	1.12207e-11	1.61808e-12	1.84206e-13	3.72134e-14	2.55836e-15	3.48705e-16	4.02288e-17	3.48158e-18	2.19591e-19	3.32999e-20	1.88973e-21	2.43255e-22	2.04333e-23	1.77473e-24	1.22489e-25	2.14467e-26	7.69637e-28	6.24557e-29	3.9806e-30	2.85939e-31	1.16412e-32	9.60675e-34	2.28642e-35	1.46791e-36	6.30226e-38	2.08769e-39	5.3176e-41	3.8654e-42	5.96275e-44	2.09211e-45	5.06431e-47	1.46048e-48	2.53161e-50	1.40798e-51	1.32011e-53	3.54345e-55	5.27187e-57	9.59608e-59	1.22948e-60	4.3527e-62	3.00808e-64	5.71736e-66	9.0842e-68	1.14351e-69	8.03598e-72	1.94595e-73	1.26266e-75	2.37322e-77	5.13457e-79	3.87075e-80	
Eleocharis_dulcis	0	0	0	0	0	0	0	0	0	0	0	0	0	0	0	0	0	0	0	0	0	0	0	0	0	0	0	0	0	0	0	0	0	0	0	0	0	1	0	0	0	0	0	0	0	0	0	0	0	0	0	0	0	0	0	0	0	0	0	0	0	0	0	0	0	0	0	0	0	0	
N13	0.182962	0.23244	0.226753	0.169515	0.10295	0.0543678	0.020977	0.00722493	0.00217786	0.000505728	0.000102122	2.09296e-05	2.94156e-06	4.24232e-07	5.33463e-08	5.28924e-09	4.55679e-10	4.52264e-11	2.53704e-12	1.64162e-13	9.08188e-15	4.04125e-16	1.49501e-17	6.65856e-19	1.59039e-20	4.88958e-22	1.31623e-23	2.63214e-25	4.33828e-27	9.9248e-29	1.16598e-30	1.84386e-32	2.30991e-34	2.46472e-36	2.23943e-38	3.10069e-40	1.78425e-42	1.51746e-44	1.11807e-46	7.50281e-49	3.87512e-51	2.89627e-53	1.00889e-55	5.73451e-58	2.74443e-60	1.02923e-62	3.26826e-65	1.78912e-67	4.13034e-70	1.48533e-72	4.31975e-75	1.1965e-77	2.66391e-80	1.09481e-82	1.59409e-85	4.01974e-88	8.07093e-91	1.57878e-93	2.50981e-96	6.90892e-99	7.40079e-102	1.4148e-104	2.40715e-107	3.24739e-110	3.41875e-113	7.20643e-116	7.02415e-119	1.44493e-121	3.95123e-124	1.82543e-126	
N14	0.116729	0.164279	0.190428	0.176266	0.137927	0.100938	0.0550641	0.0301392	0.0159761	0.00692924	0.00286996	0.00156913	0.000515866	0.000236354	8.97691e-05	3.04379e-05	8.51427e-06	3.98629e-06	6.98564e-07	2.08419e-07	4.6901e-08	9.39154e-09	1.41135e-09	3.71864e-10	3.26533e-11	5.7653e-12	8.49736e-13	9.13742e-14	6.68427e-15	1.11215e-15	6.04223e-17	6.95599e-18	4.76405e-19	3.26575e-20	1.72595e-21	2.40303e-22	6.52851e-24	4.19983e-25	2.1321e-26	1.26503e-27	4.20309e-29	2.97772e-30	5.89913e-32	3.39262e-33	1.2915e-34	3.87109e-36	8.9833e-38	6.41096e-39	9.21417e-41	3.186e-42	7.622e-44	2.26127e-45	3.96625e-47	2.4245e-48	2.33964e-50	6.99347e-52	1.12009e-53	2.3027e-55	3.32078e-57	1.42665e-58	1.11284e-60	2.55841e-62	4.94746e-64	7.71008e-66	6.46034e-68	2.03244e-69	1.60821e-71	3.84417e-73	9.73473e-75	9.06406e-76	
Eleocharis_tuberculosa	0	0	0	0	0	0	0	0	0	0	0	0	0	0	1	0	0	0	0	0	0	0	0	0	0	0	0	0	0	0	0	0	0	0	0	0	0	0	0	0	0	0	0	0	0	0	0	0	0	0	0	0	0	0	0	0	0	0	0	0	0	0	0	0	0	0	0	0	0	0	
Eleocharis_quinqueflora	0	0	0	0	0	0	0	0	0	1	0	0	0	0	0	0	0	0	0	0	0	0	0	0	0	0	0	0	0	0	0	0	0	0	0	0	0	0	0	0	0	0	0	0	0	0	0	0	0	0	0	0	0	0	0	0	0	0	0	0	0	0	0	0	0	0	0	0	0	0	
N15	0.136977	0.196223	0.223922	0.192407	0.130338	0.0750335	0.0301919	0.0107104	0.00327226	0.000743734	0.000144974	3.09582e-05	4.01485e-06	6.09074e-07	7.82797e-08	8.29762e-09	7.55594e-10	1.03298e-10	5.9543e-12	5.27869e-13	3.58517e-14	2.11447e-15	9.25647e-17	6.40138e-18	1.61714e-19	7.4765e-21	2.80582e-22	7.61385e-24	1.45632e-25	5.80195e-27	7.8239e-29	2.05676e-30	3.40523e-32	5.33699e-34	6.40273e-36	1.85584e-37	1.1622e-39	1.63438e-41	1.81311e-43	2.21299e-45	1.55648e-47	2.23657e-49	9.4685e-52	1.1037e-53	8.56183e-56	5.15315e-58	2.36565e-60	3.15769e-62	9.24831e-65	6.23833e-67	2.92123e-69	1.62649e-71	5.41432e-74	5.92496e-76	1.09471e-78	6.01097e-81	1.85258e-83	7.0943e-86	1.91122e-88	1.44454e-90	2.07965e-93	8.50209e-96	2.90167e-98	8.04055e-101	1.23918e-103	6.9507e-106	9.88807e-109	4.07895e-111	1.7868e-113	2.49261e-115	
Eleocharis_confervoides	0	0	0	0	0	0	0	0	0	0	0	0	0	0	0	0	0	0	1	0	0	0	0	0	0	0	0	0	0	0	0	0	0	0	0	0	0	0	0	0	0	0	0	0	0	0	0	0	0	0	0	0	0	0	0	0	0	0	0	0	0	0	0	0	0	0	0	0	0	0	
N16	0.122489	0.187357	0.228535	0.205243	0.139844	0.0764633	0.0286956	0.00877166	0.00216608	0.000376457	5.1981e-05	6.81196e-06	5.45783e-07	4.31957e-08	2.78456e-09	1.32126e-10	5.1277e-12	2.49007e-13	5.54878e-15	1.62866e-16	3.775e-18	7.21013e-20	1.05361e-21	2.26843e-23	1.96053e-25	2.92158e-27	3.54508e-29	3.16415e-31	2.07934e-33	2.67857e-35	1.23446e-37	1.06902e-39	6.02392e-42	3.24229e-44	1.31253e-46	1.24909e-48	2.77548e-51	1.39969e-53	5.37536e-56	2.25337e-58	5.57239e-61	2.85442e-63	4.32212e-66	1.78441e-68	4.99033e-71	1.07938e-73	1.7669e-76	8.44872e-79	8.98481e-82	2.2473e-84	3.92114e-87	7.87117e-90	9.37673e-93	3.7604e-95	2.5282e-98	5.28431e-101	6.29258e-104	9.03947e-107	9.03795e-110	2.6547e-112	1.49669e-115	2.6858e-118	4.43867e-121	6.90957e-124	6.72581e-127	2.77747e-129	3.00548e-132	1.01162e-134	3.46017e-137	3.88338e-139	
N17	0.0481177	0.106136	0.194076	0.239221	0.204598	0.131021	0.0542318	0.0174433	0.00432903	0.000724177	9.13437e-05	1.01792e-05	6.87737e-07	4.16167e-08	1.8909e-09	5.70463e-11	1.26308e-12	2.76573e-14	2.90039e-16	3.09923e-18	2.49253e-20	1.45604e-22	7.27301e-25	2.28882e-26	2.36466e-27	4.01719e-28	6.48735e-29	8.41723e-30	9.67735e-31	1.70039e-31	1.61968e-32	2.27508e-33	2.68825e-34	2.91871e-35	2.87195e-36	4.7147e-37	3.31412e-38	3.74549e-39	3.876e-40	3.91647e-41	3.18396e-42	4.01113e-43	2.43826e-44	2.59056e-45	2.41996e-46	1.85531e-47	1.26108e-48	1.5712e-49	8.4457e-51	7.47825e-52	5.56692e-53	4.15418e-54	2.5753e-55	3.12976e-56	1.36315e-57	1.08585e-58	7.04704e-60	4.67709e-61	2.59949e-62	2.63554e-63	1.0541e-64	7.85605e-66	5.36921e-67	3.00256e-68	1.34336e-69	1.24954e-70	5.51718e-72	5.29996e-73	6.93162e-74	1.55042e-74	
Eleocharis_geniculata	0	0	0	0	1	0	0	0	0	0	0	0	0	0	0	0	0	0	0	0	0	0	0	0	0	0	0	0	0	0	0	0	0	0	0	0	0	0	0	0	0	0	0	0	0	0	0	0	0	0	0	0	0	0	0	0	0	0	0	0	0	0	0	0	0	0	0	0	0	0	
N18	0.0476064	0.105268	0.193344	0.23923	0.205158	0.131844	0.0546287	0.0176567	0.00441341	0.000744348	9.47207e-05	1.16092e-05	7.44409e-07	6.72e-08	3.20558e-09	2.51909e-10	4.30226e-12	8.22757e-13	2.08003e-15	7.9352e-16	2.40798e-18	3.37002e-19	3.30094e-22	8.34066e-23	1.87682e-26	6.46144e-27	9.31517e-30	3.97778e-31	4.58594e-35	1.41437e-35	1.42128e-39	3.15725e-40	4.05837e-43	2.09705e-45	2.72323e-49	1.24666e-49	1.80506e-54	7.34641e-56	3.62255e-58	6.38701e-60	1.53003e-64	6.86869e-66	1.60229e-70	1.09423e-70	1.56904e-74	1.51834e-77	1.0562e-81	7.34471e-82	7.42309e-87	2.14423e-89	2.8199e-92	1.02941e-93	3.88714e-99	2.05223e-100	1.71056e-105	7.48194e-106	7.9283e-111	8.7818e-114	3.78812e-117	2.58158e-118	5.31e-124	1.19216e-126	2.20567e-129	3.032e-131	5.55102e-137	4.27711e-138	4.68963e-143	1.13923e-144	1.8083e-149	1.34278e-150	
Eleocharis_multicaulis	0	0	0	0	0	0	0	0	0	1	0	0	0	0	0	0	0	0	0	0	0	0	0	0	0	0	0	0	0	0	0	0	0	0	0	0	0	0	0	0	0	0	0	0	0	0	0	0	0	0	0	0	0	0	0	0	0	0	0	0	0	0	0	0	0	0	0	0	0	0	
N19	0.0420458	0.0939423	0.178399	0.231556	0.209832	0.145902	0.0649382	0.0239173	0.0074271	0.00162026	0.000300894	0.000104169	1.04696e-05	4.11405e-06	5.00958e-07	1.06685e-07	6.2641e-09	2.17043e-09	4.85289e-11	1.0398e-11	4.98587e-13	3.56559e-14	8.10669e-16	1.5275e-16	1.16198e-18	8.84858e-20	4.32528e-21	1.61913e-22	9.70929e-25	1.13473e-25	6.55223e-28	5.61675e-29	4.90853e-31	8.0577e-33	5.80749e-35	8.97877e-36	1.48242e-38	2.90659e-40	3.31203e-42	1.43568e-43	4.67019e-46	1.56161e-47	2.23035e-50	1.18175e-51	6.91321e-54	3.83103e-56	1.32843e-58	1.22984e-59	1.18183e-62	1.12684e-64	5.12246e-67	7.51799e-69	1.18934e-71	8.27406e-73	5.29996e-76	1.5545e-77	1.59393e-80	9.20517e-83	2.47841e-85	1.27383e-86	6.15051e-90	4.73298e-92	3.09502e-94	2.94371e-96	1.3155e-99	3.04434e-101	2.2063e-104	2.41448e-106	5.15859e-109	2.96723e-110	
Eleocharis_flavescens	0	0	0	0	0	0	0	0	0	0	0	0	0	0	1	0	0	0	0	0	0	0	0	0	0	0	0	0	0	0	0	0	0	0	0	0	0	0	0	0	0	0	0	0	0	0	0	0	0	0	0	0	0	0	0	0	0	0	0	0	0	0	0	0	0	0	0	0	0	0	
Eleocharis_atropurpurea	0	0	0	0	1	0	0	0	0	0	0	0	0	0	0	0	0	0	0	0	0	0	0	0	0	0	0	0	0	0	0	0	0	0	0	0	0	0	0	0	0	0	0	0	0	0	0	0	0	0	0	0	0	0	0	0	0	0	0	0	0	0	0	0	0	0	0	0	0	0	
N20	0.0597324	0.116711	0.190897	0.221572	0.188634	0.130057	0.0592899	0.0232524	0.0076713	0.00177341	0.000332099	6.87791e-05	7.06281e-06	8.54818e-07	7.13845e-08	4.5643e-09	2.06785e-10	1.43881e-11	3.22081e-13	1.17875e-14	2.94065e-16	6.18664e-18	8.97683e-20	2.26921e-21	1.69825e-23	2.59396e-25	3.14493e-27	2.66626e-29	1.43383e-31	1.83624e-33	6.90364e-36	5.73982e-38	2.62329e-40	1.19736e-42	4.02227e-45	3.79694e-47	6.057e-50	2.41539e-52	7.33458e-55	2.67316e-57	5.02137e-60	2.10784e-62	2.23657e-65	7.53743e-68	1.56807e-70	2.53115e-73	3.06736e-76	1.24909e-78	8.86862e-82	1.60624e-84	1.94024e-87	2.99832e-90	2.54433e-93	8.33935e-96	3.70523e-99	5.63386e-102	4.17019e-105	4.14689e-108	2.79383e-111	6.1137e-114	2.08332e-117	2.26112e-120	2.02982e-123	1.47668e-126	5.26145e-130	7.90091e-133	2.65187e-136	2.84998e-139	2.95075e-142	9.50733e-145	
N21	0.0148122	0.0355637	0.0789189	0.131647	0.170199	0.186754	0.148209	0.106678	0.0695271	0.0347	0.0146833	0.00626735	0.00155895	0.000393162	7.65868e-05	1.10121e-05	1.25792e-06	1.80502e-07	1.17546e-08	9.96379e-10	6.71004e-11	3.71223e-12	1.61445e-13	9.81576e-15	2.61827e-16	1.0932e-17	3.91347e-19	1.03442e-20	2.11084e-22	7.4287e-24	1.1092e-25	2.73376e-27	4.82343e-29	7.8143e-31	1.04376e-32	2.72627e-34	2.16083e-36	3.16192e-38	3.88198e-40	4.85563e-42	4.16028e-44	6.17898e-46	3.45053e-48	4.05821e-50	3.6956e-52	2.65636e-54	1.56473e-56	2.05613e-58	8.42882e-61	6.57566e-63	3.89792e-65	2.47414e-67	1.12779e-69	1.25772e-71	3.51512e-74	2.19278e-76	9.41291e-79	4.44036e-81	1.60227e-83	1.27745e-85	2.87956e-88	1.45339e-90	6.37009e-93	2.22713e-95	5.30291e-98	3.30863e-100	7.30505e-103	3.96456e-105	2.67849e-107	4.1094e-109	
Eleocharis_gracilis	0	0	0	0	0	0	0	0	0	1	0	0	0	0	0	0	0	0	0	0	0	0	0	0	0	0	0	0	0	0	0	0	0	0	0	0	0	0	0	0	0	0	0	0	0	0	0	0	0	0	0	0	0	0	0	0	0	0	0	0	0	0	0	0	0	0	0	0	0	0	
Eleocharis_congesta	0	0	0	0	0	0	0	0	0	1	0	0	0	0	0	0	0	0	0	0	0	0	0	0	0	0	0	0	0	0	0	0	0	0	0	0	0	0	0	0	0	0	0	0	0	0	0	0	0	0	0	0	0	0	0	0	0	0	0	0	0	0	0	0	0	0	0	0	0	0	
N22	0.042414	0.0878804	0.159436	0.209576	0.202725	0.158197	0.0830732	0.0372831	0.0143512	0.00390978	0.000880055	0.000237516	3.01968e-05	5.46727e-06	6.6232e-07	6.84819e-08	4.72624e-09	6.76043e-10	2.28763e-11	1.89132e-12	8.738e-14	4.13575e-15	1.14666e-16	7.99056e-18	1.08803e-19	4.64476e-21	1.44816e-22	3.23374e-24	3.68723e-26	1.68929e-27	1.39723e-29	4.08344e-31	4.92966e-33	6.68721e-35	5.93615e-37	2.5283e-38	8.86757e-41	1.23505e-42	1.2184e-44	1.84267e-46	9.32555e-49	1.5774e-50	4.27901e-53	7.13106e-55	4.90729e-57	2.66234e-59	9.99199e-62	2.31206e-63	4.42094e-66	3.23497e-68	1.38934e-70	1.01785e-72	2.59673e-75	5.02407e-77	6.12403e-80	5.02303e-82	1.15604e-84	5.01083e-87	1.31281e-89	1.82377e-91	1.76815e-94	8.77409e-97	3.57038e-99	1.3157e-101	1.42869e-104	1.35398e-106	1.53851e-109	8.34254e-112	2.8426e-114	5.9653e-116	
N23	1.39418e-10	1.64539e-08	1.00205e-06	1.91008e-05	0.000427947	0.000751102	0.00324825	0.00507533	0.116718	0.81552	0.0570623	0.00116749	9.24731e-06	4.52262e-08	1.45279e-10	2.97042e-13	4.53947e-16	6.25354e-19	5.28735e-22	4.23515e-25	2.86933e-28	1.49709e-31	6.62179e-35	3.05432e-38	9.13401e-42	2.97322e-45	8.78531e-49	2.01403e-52	4.09564e-56	9.68851e-60	1.48399e-63	2.60244e-67	4.05405e-71	5.31281e-75	6.35124e-79	9.46442e-83	8.2829e-87	8.88993e-91	8.88494e-95	7.75781e-99	5.9593e-103	5.63732e-107	3.28957e-111	2.47548e-115	1.73776e-119	9.91587e-124	5.18996e-128	3.6441e-132	1.52531e-136	8.13647e-141	3.91285e-145	1.68056e-149	6.56979e-154	3.60024e-158	1.05737e-162	4.18792e-167	1.51601e-171	4.98383e-176	1.467e-180	5.86504e-185	1.33238e-189	4.18201e-194	1.24412e-198	3.03311e-203	6.74486e-208	2.24976e-212	5.34587e-217	2.1946e-221	1.15365e-225	7.23892e-230	
Eleocharis_acicularis_f_longiseta	0	0	0	0	0	0	0	0	0	1	0	0	0	0	0	0	0	0	0	0	0	0	0	0	0	0	0	0	0	0	0	0	0	0	0	0	0	0	0	0	0	0	0	0	0	0	0	0	0	0	0	0	0	0	0	0	0	0	0	0	0	0	0	0	0	0	0	0	0	0	
Eleocharis_acicularis	0	0	0	0	0	0	0	0	0	1	0	0	0	0	0	0	0	0	0	0	0	0	0	0	0	0	0	0	0	0	0	0	0	0	0	0	0	0	0	0	0	0	0	0	0	0	0	0	0	0	0	0	0	0	0	0	0	0	0	0	0	0	0	0	0	0	0	0	0	0	
N24	0.00051008	0.00451118	0.02911	0.100933	0.211186	0.285046	0.213677	0.107284	0.0379225	0.00843485	0.00124455	0.000132923	7.22703e-06	2.96001e-07	8.36886e-09	1.5087e-10	2.01442e-12	2.68724e-14	1.83947e-16	1.32724e-18	7.67776e-21	3.39519e-23	1.19771e-25	4.9462e-28	1.06947e-30	2.95071e-33	7.05302e-36	1.24372e-38	1.80406e-41	3.65402e-44	3.78203e-47	5.32427e-50	5.95843e-53	5.73188e-56	4.72014e-59	6.05051e-62	3.20463e-65	2.56506e-68	1.79178e-71	1.15902e-74	5.7915e-78	4.25913e-81	1.46088e-84	8.3287e-88	4.02244e-91	1.53217e-94	4.98119e-98	2.83737e-101	6.80314e-105	2.57923e-108	7.95753e-112	2.37016e-115	5.69669e-119	2.58137e-122	4.10147e-126	1.14971e-129	2.56171e-133	5.65366e-137	1.01644e-140	3.22534e-144	3.9517e-148	8.74628e-152	1.72845e-155	2.72562e-159	3.3615e-163	8.38617e-167	9.68971e-171	2.37073e-174	7.71598e-178	3.9847e-181	
N25	5.78193e-05	0.000549374	0.00477451	0.0237992	0.0725797	0.148528	0.190282	0.188748	0.164916	0.110531	0.059302	0.0300706	0.00490992	0.000870934	7.49842e-05	4.95764e-06	1.84002e-07	1.25431e-08	1.94593e-10	6.24261e-12	1.2382e-13	2.05077e-15	2.17057e-17	5.31408e-19	2.62409e-21	3.53074e-23	3.70015e-25	2.75082e-27	1.02479e-29	1.30088e-31	3.72646e-34	3.28547e-36	1.166e-38	4.83284e-41	1.36743e-43	1.62348e-45	1.8773e-48	7.31248e-51	2.06374e-53	8.5571e-56	1.42985e-58	7.06068e-61	5.95438e-64	2.39832e-66	4.84169e-69	7.96634e-72	9.56431e-75	5.77388e-77	3.39844e-80	6.81079e-83	8.34747e-86	1.63463e-88	1.33748e-91	6.78128e-94	2.68567e-97	5.79674e-100	3.92252e-103	4.61866e-106	3.32027e-109	1.15091e-111	3.66001e-115	5.29808e-118	6.33769e-121	6.22877e-124	2.05877e-127	4.49588e-130	1.53277e-133	2.30751e-136	2.53289e-139	1.28315e-141	
Eleocharis_montevidensis	0	0	0	0	0	0	0	0	0	1	0	0	0	0	0	0	0	0	0	0	0	0	0	0	0	0	0	0	0	0	0	0	0	0	0	0	0	0	0	0	0	0	0	0	0	0	0	0	0	0	0	0	0	0	0	0	0	0	0	0	0	0	0	0	0	0	0	0	0	0	
Eleocharis_tenuis	0	0	0	0	0	0	0	0	0	0	0	1	0	0	0	0	0	0	0	0	0	0	0	0	0	0	0	0	0	0	0	0	0	0	0	0	0	0	0	0	0	0	0	0	0	0	0	0	0	0	0	0	0	0	0	0	0	0	0	0	0	0	0	0	0	0	0	0	0	0	
N26	9.6009e-05	0.0014942	0.0166982	0.0880701	0.238786	0.332831	0.219423	0.0816637	0.018572	0.00221685	0.000142525	5.72503e-06	1.12932e-07	1.74864e-09	2.34691e-11	1.94032e-13	1.33622e-15	1.30816e-17	3.75971e-20	2.09873e-22	6.13996e-25	2.14965e-27	3.70793e-30	1.45721e-32	1.36258e-35	3.7172e-38	5.97962e-41	7.24335e-44	5.32164e-47	1.39372e-49	6.39556e-53	9.48737e-56	7.90387e-59	5.83535e-62	2.80979e-65	6.03938e-68	1.22666e-71	9.85513e-75	5.72752e-78	4.13107e-81	1.05921e-84	8.92857e-88	1.374e-91	1.33098e-94	4.50175e-98	1.26627e-101	2.32863e-105	2.68207e-108	2.88102e-112	1.1416e-115	2.53623e-119	1.01446e-122	1.18771e-126	1.05799e-129	6.43839e-134	2.55373e-137	3.31191e-141	7.36027e-145	1.00482e-148	6.34721e-152	2.93825e-156	6.85919e-160	1.31862e-163	2.23163e-167	1.32036e-171	7.01587e-175	3.69561e-179	9.45179e-183	1.48775e-186	1.30311e-189	
N27	2.5182e-05	0.000561607	0.00933785	0.0722589	0.264267	0.361708	0.196289	0.0778613	0.0164969	0.00115275	4.09859e-05	1.13565e-06	1.5233e-08	2.01814e-10	1.91563e-12	1.29675e-14	6.5159e-17	4.72989e-19	1.26414e-21	5.3537e-24	1.64626e-26	4.40104e-29	8.54459e-32	2.81775e-34	3.08942e-37	6.8202e-40	1.2474e-42	1.64408e-45	1.46943e-48	3.09209e-51	2.01974e-54	2.89392e-57	2.39754e-60	2.01562e-63	1.27515e-66	2.23878e-69	7.21444e-73	5.79832e-76	3.62574e-79	2.75734e-82	1.11738e-85	1.00843e-88	2.40473e-92	1.80598e-95	8.69085e-99	3.24648e-102	9.25991e-106	8.77146e-109	1.52871e-112	6.75417e-116	2.03986e-119	7.80307e-123	1.69656e-126	1.41201e-129	1.6504e-133	6.55207e-137	1.30122e-140	3.4949e-144	6.41943e-148	3.85464e-151	3.66837e-155	1.10974e-158	2.78144e-162	5.77748e-166	5.9146e-170	2.55034e-173	2.5111e-177	7.89144e-181	2.39818e-184	2.19413e-187	
Eleocharis_erythropoda	0	0	0	0	0	0	0	0	1	0	0	0	0	0	0	0	0	0	0	0	0	0	0	0	0	0	0	0	0	0	0	0	0	0	0	0	0	0	0	0	0	0	0	0	0	0	0	0	0	0	0	0	0	0	0	0	0	0	0	0	0	0	0	0	0	0	0	0	0	0	
Eleocharis_palustris	0	0	0	0	1	0	0	0	0	0	0	0	0	0	0	0	0	0	0	0	0	0	0	0	0	0	0	0	0	0	0	0	0	0	0	0	0	0	0	0	0	0	0	0	0	0	0	0	0	0	0	0	0	0	0	0	0	0	0	0	0	0	0	0	0	0	0	0	0	0	
N28	8.71913e-06	0.000273857	0.00590494	0.0533504	0.218187	0.355419	0.240225	0.0951881	0.0274496	0.00372604	0.000250836	1.57241e-05	3.22287e-07	1.04032e-08	1.49677e-10	1.93107e-12	1.10083e-14	1.6261e-16	3.53345e-19	2.57681e-21	8.11408e-24	2.6056e-26	4.35573e-29	2.52451e-31	1.80702e-34	5.79281e-37	1.4473e-39	2.52482e-42	1.63862e-45	6.75797e-48	3.43925e-51	9.30972e-54	6.23003e-57	5.79732e-60	3.04173e-63	1.18683e-65	1.96269e-69	1.75191e-72	9.95272e-76	1.21835e-78	3.14628e-82	3.62508e-85	4.3131e-89	5.10648e-92	1.88447e-95	5.3444e-99	1.02962e-102	1.86126e-105	1.41927e-109	5.50657e-113	1.18434e-116	5.03316e-120	5.75901e-124	8.27105e-127	3.94791e-131	2.18259e-134	1.82864e-138	4.00777e-142	4.78681e-146	4.79844e-149	1.73752e-153	4.53186e-157	9.58841e-161	2.1283e-164	7.58834e-169	3.92017e-172	1.74536e-176	5.11082e-180	6.51308e-184	6.9247e-187	
N29	1.39955e-10	2.06456e-08	1.8625e-06	5.28489e-05	0.00115279	0.00370287	0.0110279	0.0204546	0.202587	0.66573	0.0605031	0.0275098	0.0069916	0.000282867	3.05528e-06	7.34931e-08	1.66959e-08	6.06766e-09	5.16231e-10	4.22399e-11	4.70808e-13	2.48931e-15	6.73751e-18	2.69359e-20	2.68529e-23	5.04512e-26	6.91484e-29	6.33057e-32	3.34395e-35	4.14304e-38	1.47008e-41	1.15453e-44	4.69302e-48	1.89576e-51	5.55726e-55	4.70245e-58	6.303e-62	2.1295e-65	5.43803e-69	1.6656e-72	2.63549e-76	9.55218e-80	8.19727e-84	2.26656e-87	3.7937e-91	5.08775e-95	5.10967e-99	1.78376e-102	1.01612e-106	1.50872e-110	1.47099e-114	1.90299e-118	1.30808e-122	3.63799e-126	1.30652e-130	1.67248e-134	9.79355e-139	7.912e-143	4.23921e-147	7.70743e-151	2.11335e-155	1.93919e-159	1.48156e-163	8.76973e-168	2.48472e-172	3.02885e-176	7.98494e-181	7.11963e-185	6.01486e-189	1.52328e-192	
Eleocharis_acuta	0	0	0	0	0	0	0	0	0	1	0	0	0	0	0	0	0	0	0	0	0	0	0	0	0	0	0	0	0	0	0	0	0	0	0	0	0	0	0	0	0	0	0	0	0	0	0	0	0	0	0	0	0	0	0	0	0	0	0	0	0	0	0	0	0	0	0	0	0	0	
Eleocharis_pallens	0	0	0	0	0	0	0	0	0	0	0	0	0	0	0	0	0	0	0	1	0	0	0	0	0	0	0	0	0	0	0	0	0	0	0	0	0	0	0	0	0	0	0	0	0	0	0	0	0	0	0	0	0	0	0	0	0	0	0	0	0	0	0	0	0	0	0	0	0	0	
N30	4.38511e-06	0.000177418	0.00483421	0.0550146	0.267141	0.380212	0.209431	0.0664781	0.0151433	0.00150457	5.84034e-05	1.51396e-06	1.7672e-08	2.33946e-10	2.43095e-12	1.42724e-14	5.98546e-17	5.33858e-19	8.29676e-22	5.06645e-24	9.02405e-27	2.93839e-29	3.39864e-32	1.27019e-34	7.05423e-38	1.81026e-40	2.88822e-43	2.98021e-46	1.48488e-49	5.34154e-52	1.52957e-55	2.60326e-58	1.71341e-61	1.12217e-64	4.11465e-68	1.20323e-70	1.47487e-74	1.15044e-77	5.78983e-81	6.39924e-84	1.12151e-87	9.67049e-91	1.04849e-94	1.55749e-97	4.71788e-101	1.11881e-104	1.61293e-108	2.74286e-111	2.06926e-115	8.17857e-119	1.70232e-122	7.3481e-126	6.88542e-130	9.69461e-133	3.9723e-137	2.09169e-140	1.92264e-144	4.46866e-148	6.01434e-152	6.86584e-155	2.12637e-159	5.0613e-163	9.5666e-167	2.21234e-170	8.77379e-175	6.92038e-178	2.94012e-182	8.93638e-186	1.03039e-189	1.18385e-192	
Eleocharis_cylindrostachys	0	0	0	0	0	0	0	0	0	1	0	0	0	0	0	0	0	0	0	0	0	0	0	0	0	0	0	0	0	0	0	0	0	0	0	0	0	0	0	0	0	0	0	0	0	0	0	0	0	0	0	0	0	0	0	0	0	0	0	0	0	0	0	0	0	0	0	0	0	0	
N31	3.91903e-06	0.000218801	0.00739786	0.099167	0.549146	0.299081	0.042448	0.00246507	7.08504e-05	9.41415e-07	6.20181e-09	2.85462e-11	8.64352e-14	3.01947e-16	1.18228e-18	2.25002e-21	3.88538e-24	1.04086e-26	8.0166e-30	1.81256e-32	1.5245e-35	2.19685e-38	1.32337e-41	1.77161e-44	5.93019e-48	6.25342e-51	4.79562e-54	2.35208e-57	7.8754e-61	1.24818e-63	2.28834e-67	1.64874e-70	6.66049e-74	2.37591e-77	5.18889e-81	5.61204e-84	5.11891e-88	2.12028e-91	6.00022e-95	3.23644e-98	3.85726e-102	1.66989e-105	1.38742e-109	9.57757e-113	1.93158e-116	2.8587e-120	2.648e-124	1.79921e-127	1.10653e-131	2.58317e-135	3.54929e-139	7.09636e-143	5.23422e-147	3.25195e-150	1.08e-154	2.64401e-158	2.01991e-162	2.9403e-166	2.71799e-170	1.5229e-173	3.97985e-178	5.65363e-182	6.06205e-186	8.02702e-190	2.87611e-194	1.18923e-197	4.12155e-202	7.08443e-206	6.30508e-210	3.66041e-213	
Eleocharis_obtusa	0	0	0	0	1	0	0	0	0	0	0	0	0	0	0	0	0	0	0	0	0	0	0	0	0	0	0	0	0	0	0	0	0	0	0	0	0	0	0	0	0	0	0	0	0	0	0	0	0	0	0	0	0	0	0	0	0	0	0	0	0	0	0	0	0	0	0	0	0	0	
Eleocharis_engelmannii	0	0	0	0	1	0	0	0	0	0	0	0	0	0	0	0	0	0	0	0	0	0	0	0	0	0	0	0	0	0	0	0	0	0	0	0	0	0	0	0	0	0	0	0	0	0	0	0	0	0	0	0	0	0	0	0	0	0	0	0	0	0	0	0	0	0	0	0	0	0	
N32	0.370666	0.334559	0.188788	0.0733583	0.0230295	0.00749549	0.00152769	0.000435394	0.000110193	2.33831e-05	4.1119e-06	1.47011e-06	1.79868e-07	4.66811e-08	7.63606e-09	1.42236e-09	1.5886e-10	5.36966e-11	3.52292e-12	6.99732e-13	7.60474e-14	8.70561e-15	6.65706e-16	1.50003e-16	5.29993e-18	6.18428e-19	5.80722e-20	3.73173e-21	1.18031e-22	1.49675e-23	3.52616e-25	2.97259e-26	8.87436e-28	3.36255e-29	8.61573e-31	1.01823e-31	9.40639e-34	3.12782e-35	7.3122e-37	2.69719e-38	3.40146e-40	1.30518e-41	8.3502e-44	2.80438e-45	4.54788e-47	5.56771e-49	4.9832e-51	2.39711e-52	9.5037e-55	1.37299e-56	1.15854e-58	1.67198e-60	9.37447e-63	3.39566e-64	8.62773e-67	1.20673e-68	5.41175e-71	4.10273e-73	1.94931e-75	4.44798e-77	8.50693e-80	7.28262e-82	5.07848e-84	3.15584e-86	6.04013e-89	8.05281e-91	1.68464e-93	1.49964e-95	9.89634e-98	3.33801e-99	
N33	0.203324	0.24912	0.227903	0.15614	0.0876579	0.0465669	0.0177857	0.00724973	0.00286581	0.000932533	0.000287786	0.000121456	3.01014e-05	1.06594e-05	3.17416e-06	8.78512e-07	2.08988e-07	8.55981e-08	1.4129e-08	3.97345e-09	8.77139e-10	1.74337e-10	2.68766e-11	6.90585e-12	6.26229e-13	1.04255e-13	1.41872e-14	1.35687e-15	8.789e-17	1.11589e-17	4.80149e-19	3.77822e-20	1.7823e-21	7.72287e-23	2.51186e-24	1.81125e-25	2.83945e-27	9.0492e-29	2.21507e-30	5.6993e-32	8.49996e-34	2.36482e-35	2.01132e-37	4.12887e-39	5.81418e-41	6.18896e-43	5.05983e-45	1.05709e-46	5.18606e-49	5.31435e-51	3.77688e-53	3.00309e-55	1.48302e-57	2.06899e-59	5.43009e-62	3.61503e-64	1.40312e-66	6.20338e-69	1.93683e-71	1.48837e-73	2.49366e-76	1.031e-78	3.52205e-81	9.28417e-84	1.43851e-86	6.71772e-89	9.13621e-92	3.25825e-94	1.29987e-96	1.25494e-98	
N34	0.133928	0.183756	0.202526	0.174195	0.125781	0.0873183	0.0442607	0.0241782	0.0130305	0.00583489	0.00250625	0.00158829	0.000547476	0.000306848	0.000137055	6.06242e-05	2.16023e-05	1.62042e-05	3.88999e-06	2.06213e-06	7.93012e-07	3.04064e-07	8.58454e-08	5.33158e-08	8.81218e-09	3.69339e-09	1.25687e-09	3.11401e-10	4.60369e-11	1.97178e-11	2.14287e-12	6.08523e-13	8.56515e-14	1.28497e-14	1.38617e-15	5.12512e-16	2.52147e-17	3.7234e-18	4.19457e-19	6.32477e-20	4.41693e-21	8.05562e-22	3.20168e-23	4.99746e-24	4.33013e-25	2.9071e-26	1.418e-27	2.8035e-28	7.37827e-30	5.64753e-31	2.71611e-32	1.82084e-33	5.72616e-35	8.52777e-36	1.31472e-37	8.51937e-39	2.23209e-40	8.61537e-42	2.13264e-43	1.98545e-44	2.20749e-46	9.04455e-48	3.01628e-49	8.24074e-51	9.34754e-53	5.53384e-54	6.01925e-56	2.35162e-57	7.93442e-59	1.38684e-59	
N35	0.00804072	0.0164502	0.0321456	0.0519291	0.0722955	0.0942426	0.0982088	0.100547	0.0990614	0.0849566	0.0712133	0.0653354	0.0473628	0.03816	0.0313209	0.023554	0.0176066	0.0156362	0.00956056	0.00694167	0.00508484	0.00350981	0.00240987	0.00202457	0.00108735	0.000682445	0.000380563	0.000159167	5.67943e-05	2.49409e-05	6.88768e-06	2.55647e-06	9.68463e-07	3.66278e-07	1.38003e-07	7.19057e-08	1.99438e-08	7.06981e-09	2.2336e-09	6.05711e-10	1.35157e-10	3.76457e-11	5.78706e-12	1.18187e-12	2.12294e-13	2.96345e-14	3.59985e-15	6.06465e-16	5.38972e-17	6.24517e-18	6.16219e-19	5.35676e-20	4.00516e-21	4.3923e-22	2.25862e-23	1.63113e-24	1.01784e-25	5.73862e-27	2.76887e-28	1.891e-29	6.55567e-31	3.28668e-32	1.51126e-33	5.54403e-35	1.76195e-36	8.83781e-38	2.8031e-39	1.61641e-40	1.27719e-41	2.01201e-42	
Actinoscirpus_grossus	0	0	0	0	0	0	0	0	0	0	0	0	0	0	0	0	0	0	0	0	0	0	0	0	0	0	0	0	0	0	0	0	0	0	0	0	0	0	0	0	1	0	0	0	0	0	0	0	0	0	0	0	0	0	0	0	0	0	0	0	0	0	0	0	0	0	0	0	0	0	
N36	9.44428e-09	1.46697e-07	1.86182e-06	1.34488e-05	6.76209e-05	0.000272057	0.000746157	0.00194142	0.00431578	0.00715578	0.0125317	0.0261979	0.0395424	0.040911	0.0354236	0.030606	0.042026	0.0890556	0.145076	0.171799	0.148545	0.104435	0.0626611	0.0284007	0.00697967	0.00115987	0.000126241	8.32824e-06	3.89574e-07	1.49711e-08	3.69551e-10	7.96647e-12	1.46848e-13	2.44668e-15	5.35167e-17	1.79245e-18	4.91258e-20	1.30924e-21	2.93725e-23	4.95697e-25	6.85132e-27	8.97089e-29	7.93277e-31	6.83928e-33	5.18567e-35	3.04177e-37	1.56932e-39	8.4255e-42	3.17301e-44	1.23032e-46	4.31796e-49	1.25899e-51	3.35521e-54	9.82395e-57	1.97647e-59	4.30415e-62	8.78265e-65	1.52825e-67	2.44501e-70	4.32054e-73	5.44861e-76	7.65705e-79	1.03679e-81	1.18671e-84	1.35229e-87	1.94055e-90	2.69209e-93	4.99137e-96	1.02052e-98	2.32288e-101	
N37	1.3636e-10	2.7703e-09	5.48385e-08	6.35128e-07	4.83956e-06	2.74595e-05	0.000106525	0.000383544	0.00102124	0.00204758	0.00500841	0.0134201	0.0246424	0.0224207	0.0216875	0.0240563	0.0410989	0.0949368	0.16828	0.185022	0.125013	0.101187	0.0912369	0.0561598	0.0176864	0.00380571	0.000676405	6.51601e-05	4.7952e-06	4.36405e-07	1.95633e-08	4.13752e-09	1.9543e-09	4.67396e-10	1.06404e-10	2.93695e-11	2.52475e-12	4.20435e-13	2.77202e-14	2.71942e-15	7.68495e-17	5.47481e-18	7.55524e-20	2.96512e-21	4.38247e-23	7.30538e-25	5.37597e-27	1.04836e-28	5.81216e-31	6.04351e-33	3.64435e-35	1.99652e-37	9.06799e-40	1.03235e-41	2.08109e-44	1.33207e-46	6.51151e-49	2.42419e-51	6.50922e-54	6.64242e-56	8.16921e-59	4.0549e-61	1.41243e-63	3.45659e-66	4.93297e-69	3.3952e-71	3.11902e-74	1.00851e-76	3.32117e-79	3.3286e-81	
Schoenoplectus_lacustris	0	0	0	0	0	0	0	0	0	0	0	0	0	0	0	0	0	0	0	0	1	0	0	0	0	0	0	0	0	0	0	0	0	0	0	0	0	0	0	0	0	0	0	0	0	0	0	0	0	0	0	0	0	0	0	0	0	0	0	0	0	0	0	0	0	0	0	0	0	0	
Schoenoplectus_pungens	0	0	0	0	0	0	0	0	0	0	0	0	0	0	0	0	0	0	0	0	0	0	0	0	0	0	0	0	0	0	0	0	0	0	0	0	0	0	1	0	0	0	0	0	0	0	0	0	0	0	0	0	0	0	0	0	0	0	0	0	0	0	0	0	0	0	0	0	0	0	
N38	1.29552e-21	1.03348e-18	4.82552e-16	3.03987e-14	3.60484e-12	7.68876e-11	6.0891e-09	1.22823e-09	1.44043e-07	6.7304e-07	4.85698e-07	3.91086e-07	4.95097e-05	0.00140002	4.16119e-05	2.45646e-07	4.50943e-08	8.76134e-06	0.00115157	0.0645378	0.895164	0.0372531	0.000389857	1.83429e-06	4.3298e-09	6.58679e-12	7.28436e-15	5.31313e-18	3.12109e-21	1.69709e-24	6.02218e-28	1.98778e-31	5.86376e-35	1.23787e-38	2.31598e-42	4.40067e-46	5.33303e-50	6.62481e-54	7.31963e-58	6.4982e-62	5.00657e-66	4.4168e-70	2.48512e-74	1.70701e-78	1.05336e-82	5.30281e-87	2.30198e-91	1.26602e-95	4.25128e-100	1.69998e-104	5.8958e-109	1.71659e-113	4.51348e-118	1.54896e-122	2.86984e-127	6.64905e-132	1.44292e-136	2.57303e-141	4.11312e-146	8.52205e-151	9.67477e-156	1.50806e-160	2.16098e-165	2.46951e-170	2.48691e-175	2.45454e-115	6.08318e-115	1.58352e-114	7.79509e-115	8.57357e-115	
Schoenoplectus_validus	0	0	0	0	0	0	0	0	0	0	0	0	0	0	0	0	0	0	0	0	1	0	0	0	0	0	0	0	0	0	0	0	0	0	0	0	0	0	0	0	0	0	0	0	0	0	0	0	0	0	0	0	0	0	0	0	0	0	0	0	0	0	0	0	0	0	0	0	0	0	
N39	9.13356e-29	5.59202e-25	1.55381e-21	4.52566e-19	2.06803e-16	1.87859e-14	4.61357e-12	8.43482e-13	3.5581e-10	1.81058e-09	1.21252e-09	1.78327e-09	1.26197e-06	0.000115139	9.11419e-07	7.94467e-10	5.00938e-11	7.308e-08	7.48834e-05	0.0230374	0.963872	0.0128743	2.35338e-05	1.3142e-08	3.11932e-12	7.76385e-16	1.61124e-18	4.0558e-21	2.82891e-24	7.54077e-27	3.28425e-30	9.28824e-34	1.50346e-37	4.60974e-42	4.70148e-46	2.4863e-50	5.31257e-55	5.36012e-58	1.82649e-62	2.30851e-65	4.08892e-70	3.42778e-73	2.1763e-78	4.78298e-82	4.92825e-87	3.40515e-91	5.57287e-96	4.33023e-100	5.56681e-105	1.82464e-109	1.71139e-114	1.8123e-119	4.45416e-124	9.72697e-129	3.02814e-134	4.9198e-138	1.63101e-142	2.82044e-147	3.27576e-152	1.08877e-155	2.0797e-161	2.20132e-165	5.65465e-170	4.69429e-175	8.6297e-181	8.35375e-185	8.0484e-191	1.13812e-195	1.63055e-200	1.0838e-204	
Schoenoplectus_triqueter	0	0	0	0	0	0	0	0	0	0	0	0	0	0	0	0	0	0	0	0	1	0	0	0	0	0	0	0	0	0	0	0	0	0	0	0	0	0	0	0	0	0	0	0	0	0	0	0	0	0	0	0	0	0	0	0	0	0	0	0	0	0	0	0	0	0	0	0	0	0	
Schoenoplectus_tabernaemontani	0	0	0	0	0	0	0	0	0	0	0	0	0	0	0	0	0	0	0	0	1	0	0	0	0	0	0	0	0	0	0	0	0	0	0	0	0	0	0	0	0	0	0	0	0	0	0	0	0	0	0	0	0	0	0	0	0	0	0	0	0	0	0	0	0	0	0	0	0	0	
N40	0.00111674	0.00342047	0.0101227	0.0228209	0.0417484	0.0679412	0.0869428	0.104452	0.11747	0.112306	0.101329	0.0966075	0.078488	0.0620426	0.043178	0.0242233	0.0127374	0.00733695	0.00334611	0.00152329	0.000604895	0.000183246	4.57496e-05	1.0718e-05	1.67074e-06	2.49258e-07	3.20263e-08	3.08692e-09	2.54059e-10	2.13075e-11	1.21362e-12	7.00702e-14	3.54835e-15	1.4509e-16	5.29869e-18	2.11248e-19	5.5261e-21	1.56661e-22	4.09353e-24	8.98836e-26	1.76196e-27	3.82168e-29	5.66609e-31	9.52596e-33	1.50334e-34	1.93355e-36	2.29974e-38	3.21718e-40	3.05503e-42	3.30617e-44	3.31076e-46	2.8726e-48	2.32364e-50	2.29067e-52	1.44199e-54	1.0787e-56	7.62489e-59	4.74654e-61	2.72839e-63	1.88707e-65	8.68568e-68	4.86218e-70	2.63382e-72	1.19924e-74	5.3144e-77	3.15942e-79	1.66499e-81	1.29934e-83	1.19087e-85	1.41348e-87	
N41	8.77502e-05	0.000350499	0.0014644	0.00472213	0.0120884	0.0261909	0.0449173	0.0683408	0.0932659	0.106654	0.113068	0.125186	0.127151	0.117084	0.0873333	0.0460889	0.0184033	0.00599098	0.00132679	0.000245152	3.69356e-05	4.10358e-06	3.71348e-07	3.04502e-08	1.7503e-09	9.5816e-11	4.7882e-12	1.86155e-13	6.56558e-15	2.52996e-16	6.64261e-18	1.85301e-19	4.74253e-21	9.55238e-23	1.76636e-24	3.73774e-26	4.95881e-28	7.58592e-30	1.08123e-31	1.32342e-33	1.44067e-35	1.92374e-37	1.60382e-39	1.72625e-41	1.71214e-43	1.39927e-45	1.0219e-47	1.00201e-49	5.8804e-52	4.34563e-54	2.87037e-56	1.6405e-58	8.64384e-61	6.38993e-63	2.48571e-65	1.31344e-67	6.48206e-70	2.83212e-72	1.11351e-74	6.1282e-77	1.82648e-79	7.93642e-82	3.2164e-84	1.0753e-86	3.18623e-89	1.50294e-91	4.38515e-94	2.3598e-96	1.72417e-98	1.8858e-100	
Schoenoplectiella_articulata	0	0	0	0	0	0	0	0	0	0	0	0	0	0	1	0	0	0	0	0	0	0	0	0	0	0	0	0	0	0	0	0	0	0	0	0	0	0	0	0	0	0	0	0	0	0	0	0	0	0	0	0	0	0	0	0	0	0	0	0	0	0	0	0	0	0	0	0	0	0	
Schoenoplectiella_senegalensis	0	0	0	0	0	0	0	0	0	0	0	0	0	1	0	0	0	0	0	0	0	0	0	0	0	0	0	0	0	0	0	0	0	0	0	0	0	0	0	0	0	0	0	0	0	0	0	0	0	0	0	0	0	0	0	0	0	0	0	0	0	0	0	0	0	0	0	0	0	0	
N42	4.11609e-14	5.21074e-12	3.8299e-10	9.82111e-09	1.58612e-07	1.40732e-06	8.78981e-06	3.25928e-05	0.000143466	0.000521295	0.00106693	0.0024404	0.00474824	0.0111023	0.016966	0.0104961	0.00938948	0.0232375	0.0536604	0.0971057	0.221112	0.314616	0.17945	0.0480762	0.00540767	0.000400572	1.67565e-05	3.49028e-07	4.87226e-09	8.09591e-11	1.64436e-12	9.08741e-14	6.0654e-15	2.54517e-16	6.73814e-18	1.4289e-19	1.34865e-21	1.04486e-23	5.60363e-26	1.96706e-28	4.91296e-31	1.17353e-33	1.52927e-36	2.06536e-39	2.289e-42	1.82193e-45	1.19685e-48	8.98651e-52	3.90024e-55	1.88836e-58	7.72803e-62	2.58211e-65	7.4557e-69	2.6782e-72	5.23885e-76	1.24385e-79	2.61697e-83	4.68778e-87	7.28494e-91	1.41037e-94	1.58156e-98	2.25931e-102	2.97512e-106	3.11362e-110	2.93127e-114	3.85287e-118	3.69697e-122	5.80079e-126	1.12755e-129	2.51489e-133	
N43	5.47238e-15	4.96535e-13	3.48509e-11	1.14834e-09	2.18153e-08	2.43807e-07	1.8019e-06	1.00033e-05	4.69371e-05	0.000177388	0.000503043	0.00129275	0.00265697	0.00528745	0.0101932	0.00834008	0.00741578	0.0201178	0.0529027	0.0721005	0.148762	0.309569	0.262119	0.086747	0.0107848	0.000853044	0.000112223	6.09175e-06	2.85998e-07	6.89112e-08	2.13109e-08	1.01137e-08	4.40775e-09	4.9286e-10	6.99171e-11	1.12704e-11	2.92112e-13	4.84532e-14	6.34063e-16	6.54607e-17	3.93065e-19	2.56278e-20	7.89998e-23	2.63527e-24	9.7096e-27	1.02081e-28	2.11166e-31	2.58387e-33	5.62494e-36	3.13458e-38	7.08334e-41	1.74756e-43	3.91477e-46	3.20341e-48	1.7392e-51	1.09533e-53	3.69728e-56	6.42393e-59	6.31763e-62	8.95788e-64	2.79555e-67	1.25124e-69	2.99512e-72	3.30989e-75	1.52573e-78	1.22999e-80	2.80308e-84	5.5963e-87	8.48141e-90	5.03706e-92	
Schoenoplectiella_juncoides	0	0	0	0	0	0	0	0	0	0	0	0	0	0	0	0	0	0	0	0	0	0	0	0	0	0	0	0	0	0	0	0	0	0	0	0	1	0	0	0	0	0	0	0	0	0	0	0	0	0	0	0	0	0	0	0	0	0	0	0	0	0	0	0	0	0	0	0	0	0	
Schoenoplectiella_hotarui	0	0	0	0	0	0	0	0	0	0	0	0	0	0	0	0	0	0	0	0	0	1	0	0	0	0	0	0	0	0	0	0	0	0	0	0	0	0	0	0	0	0	0	0	0	0	0	0	0	0	0	0	0	0	0	0	0	0	0	0	0	0	0	0	0	0	0	0	0	0	
N44	5.18336e-17	1.25584e-14	1.96022e-12	1.10508e-10	3.23606e-09	5.18506e-08	4.77593e-07	3.32196e-06	2.18677e-05	8.82362e-05	0.000226286	0.000814103	0.00218542	0.00605985	0.0102252	0.00584915	0.00599195	0.0214345	0.0573322	0.116706	0.281084	0.331102	0.129664	0.0258903	0.00478599	0.000506874	2.72238e-05	1.00572e-06	9.34102e-08	7.12236e-08	1.98051e-08	4.66965e-09	1.06786e-09	5.54973e-11	2.08546e-12	6.83588e-14	3.68677e-16	2.62553e-18	1.03086e-20	2.48833e-23	4.3435e-26	3.1784e-28	2.92526e-31	2.51261e-33	1.72171e-36	8.36695e-39	3.23076e-42	1.12644e-44	3.41335e-48	5.42356e-51	1.876e-54	1.32414e-57	4.35632e-61	5.48498e-64	7.65517e-68	3.15417e-71	1.61388e-74	3.15792e-78	8.70442e-82	4.6003e-85	3.85559e-89	2.67137e-92	1.06014e-95	2.61478e-99	3.5649e-103	5.46641e-106	2.75791e-110	1.48265e-113	5.36137e-117	4.57815e-120	
Schoenoplectiella_mucronata	0	0	0	0	0	0	0	0	0	0	0	0	0	0	0	0	0	0	0	0	1	0	0	0	0	0	0	0	0	0	0	0	0	0	0	0	0	0	0	0	0	0	0	0	0	0	0	0	0	0	0	0	0	0	0	0	0	0	0	0	0	0	0	0	0	0	0	0	0	0	
N45	9.58599e-18	1.74752e-15	2.37396e-13	1.45385e-11	4.86209e-10	8.92782e-09	1.03124e-07	9.77821e-07	6.65118e-06	3.51848e-05	9.91685e-05	0.000495329	0.00118159	0.00324874	0.00871591	0.00556964	0.00545488	0.0260742	0.0662954	0.105599	0.236253	0.2791	0.113741	0.0264786	0.0103577	0.00261755	0.000901242	0.000484728	0.00036964	0.00440232	0.0131538	0.0247143	0.0470721	0.0129761	0.00395644	0.0006306	1.32252e-05	9.10457e-07	1.13921e-08	1.24251e-09	7.21816e-12	7.5511e-13	2.10008e-15	1.15711e-16	2.30377e-19	5.05173e-21	5.90674e-24	8.0899e-26	1.28003e-28	6.58484e-31	1.28335e-33	2.40751e-36	5.48761e-39	2.14607e-41	8.13184e-45	2.11743e-47	5.57415e-50	6.16589e-53	5.82495e-56	8.28058e-58	1.95903e-61	1.114e-63	2.33485e-66	2.07012e-69	8.41318e-73	8.13896e-75	1.06377e-78	2.20365e-81	3.01264e-84	8.89169e-87	
Schoenoplectiella_lineolata	0	0	0	0	0	0	0	0	0	0	0	0	0	0	0	0	0	0	0	0	0	0	0	0	0	0	0	0	0	1	0	0	0	0	0	0	0	0	0	0	0	0	0	0	0	0	0	0	0	0	0	0	0	0	0	0	0	0	0	0	0	0	0	0	0	0	0	0	0	0	
Schoenoplectiella_wallichii	0	0	0	0	0	0	0	0	0	0	0	0	0	0	0	0	0	0	0	0	0	0	0	0	0	0	0	0	0	0	0	0	0	0	0	1	0	0	0	0	0	0	0	0	0	0	0	0	0	0	0	0	0	0	0	0	0	0	0	0	0	0	0	0	0	0	0	0	0	0	
N46	0.180388	0.225623	0.217989	0.16313	0.102205	0.06142	0.0268644	0.012663	0.00589241	0.00226862	0.000828386	0.000479088	0.000132465	7.11683e-05	2.68469e-05	1.12085e-05	3.23549e-06	2.71229e-06	4.80423e-07	2.96888e-07	9.72486e-08	3.75944e-08	8.23231e-09	5.99394e-09	6.4693e-10	2.99656e-10	9.04606e-11	2.20724e-11	2.21812e-12	1.24368e-12	9.53641e-14	3.47428e-14	4.09601e-15	6.16094e-16	5.3713e-17	3.09894e-17	9.4918e-19	1.55049e-19	1.6919e-20	2.99461e-21	1.40819e-22	2.94406e-23	6.99688e-25	1.47943e-25	1.01067e-26	5.50322e-28	1.93978e-29	5.95679e-30	9.24192e-32	7.07756e-33	2.99612e-34	2.51047e-35	4.99974e-37	1.144e-37	1.08581e-39	1.10024e-40	1.99556e-42	8.3415e-44	1.92088e-45	3.00139e-46	2.09288e-48	1.00738e-49	3.94425e-51	1.45238e-52	1.08631e-54	1.06913e-55	9.25772e-58	4.97772e-59	1.24643e-60	3.57933e-61	
N47	0.0290892	0.0492458	0.0760369	0.0991992	0.114278	0.125312	0.11151	0.098009	0.0835444	0.0621683	0.0451308	0.0359168	0.0230574	0.0161487	0.0112323	0.00707626	0.00453274	0.00354441	0.00201157	0.00132598	0.000827543	0.000434939	0.000204032	0.000107589	3.61454e-05	1.40309e-05	4.97509e-06	1.36784e-06	3.3088e-07	9.70094e-08	1.7594e-08	3.78121e-09	7.06714e-10	1.11396e-10	1.58269e-11	2.9162e-12	2.95492e-13	3.81094e-14	4.52486e-15	4.73414e-16	4.26731e-17	4.88655e-18	3.29467e-19	2.98802e-20	2.49504e-21	1.68589e-22	1.03502e-23	8.89642e-25	4.31909e-26	2.76617e-27	1.5727e-28	8.06629e-30	3.70114e-31	2.48656e-32	8.37907e-34	3.95749e-35	1.67284e-36	6.47931e-38	2.21159e-39	1.06173e-40	2.73394e-42	1.00839e-43	3.4865e-45	9.79948e-47	2.4554e-48	9.57068e-50	2.49508e-51	1.16278e-52	7.25612e-54	8.61251e-55	
Schoenoplectus_litoralis	0	0	0	0	0	0	0	0	0	0	0	0	0	0	0	0	0	0	0	1	0	0	0	0	0	0	0	0	0	0	0	0	0	0	0	0	0	0	0	0	0	0	0	0	0	0	0	0	0	0	0	0	0	0	0	0	0	0	0	0	0	0	0	0	0	0	0	0	0	0	
N48	7.89175e-16	1.79787e-13	2.33726e-11	8.54514e-10	1.79592e-08	2.00553e-07	1.76951e-06	6.60096e-06	4.53447e-05	0.000145676	0.000139461	0.000910766	0.00435264	0.00840623	0.00366866	0.00215995	0.00539116	0.0333763	0.298507	0.508669	0.117936	0.00770789	0.0046769	0.00329542	0.000520395	5.23665e-05	1.84126e-05	9.98077e-06	2.13941e-06	2.08629e-07	6.84523e-09	7.09156e-11	3.06723e-13	6.62042e-16	9.32839e-19	1.06497e-21	7.29842e-25	4.70391e-28	1.12986e-30	1.89894e-32	3.02983e-34	4.26932e-36	3.66791e-38	2.69139e-40	1.61676e-42	1.99198e-44	7.53528e-46	2.88334e-47	7.29186e-49	2.00768e-50	5.38717e-52	1.28944e-53	3.01538e-55	8.21268e-57	1.64219e-58	3.75061e-60	8.48013e-62	1.72577e-63	3.39873e-65	7.74579e-67	1.32594e-68	2.64233e-70	5.30323e-72	9.45361e-74	1.76111e-75	4.28884e-77	1.0587e-78	3.52981e-80	1.32348e-81	5.2949e-83	
Bolboschoenus_maritimus	0	0	0	0	0	0	0	0	0	0	0	0	0	0	0	0	0	0	0	1	0	0	0	0	0	0	0	0	0	0	0	0	0	0	0	0	0	0	0	0	0	0	0	0	0	0	0	0	0	0	0	0	0	0	0	0	0	0	0	0	0	0	0	0	0	0	0	0	0	0	
N49	1.78429e-16	3.60911e-14	4.68719e-12	2.08912e-10	5.12156e-09	6.87293e-08	5.72218e-07	3.43802e-06	2.3742e-05	6.35207e-05	0.0001084	0.000723686	0.00322853	0.00720151	0.00255901	0.00212019	0.00502949	0.0272985	0.245204	0.403305	0.098278	0.00664323	0.00475137	0.00395637	0.000840928	0.000297426	0.00233632	0.0158989	0.039927	0.110812	0.017073	0.00223707	7.75071e-05	5.42759e-07	4.91454e-09	2.05013e-10	1.09273e-13	5.68434e-14	7.92223e-16	1.28702e-14	1.74971e-16	1.17389e-15	9.60344e-18	2.28608e-17	4.22839e-19	8.81194e-20	4.1388e-22	3.87908e-23	7.76695e-26	1.16998e-27	2.35344e-30	1.0083e-32	1.46694e-35	5.65631e-37	4.50775e-41	2.19434e-42	8.76044e-45	9.22517e-48	1.31344e-51	1.17847e-52	3.09221e-57	3.47831e-59	7.46219e-62	4.2346e-65	1.74939e-69	4.77222e-71	1.3487e-75	4.62771e-78	3.17996e-81	2.70567e-83	
Bolboschoenus_fluviatilis	0	0	0	0	0	0	0	0	0	0	0	0	0	0	0	0	0	0	0	0	0	0	0	0	0	0	0	0	0	0	0	0	0	0	0	0	0	0	0	0	0	0	0	0	0	0	1	0	0	0	0	0	0	0	0	0	0	0	0	0	0	0	0	0	0	0	0	0	0	0	
Bolboschoenus_planiculmis	0	0	0	0	0	0	0	0	0	0	0	0	0	0	0	0	0	0	0	0	0	0	0	0	0	0	0	1	0	0	0	0	0	0	0	0	0	0	0	0	0	0	0	0	0	0	0	0	0	0	0	0	0	0	0	0	0	0	0	0	0	0	0	0	0	0	0	0	0	0	
N50	7.6875e-07	7.7159e-06	6.59014e-05	0.000342701	0.00128652	0.00390176	0.00880662	0.0176099	0.0315023	0.0464226	0.0631844	0.0889791	0.107483	0.133521	0.161066	0.145901	0.0991394	0.0556473	0.0209436	0.00774686	0.00360534	0.00178055	0.000743213	0.00025146	5.1256e-05	8.2547e-06	9.84709e-07	7.78314e-08	4.65362e-09	2.42645e-10	8.24483e-12	2.50744e-13	6.29918e-15	1.20752e-16	1.97017e-18	3.17324e-20	3.48119e-22	3.79215e-24	3.70897e-26	2.96259e-28	2.09338e-30	1.52499e-32	7.9808e-35	4.38448e-37	2.24148e-39	9.34765e-42	3.59139e-44	1.50431e-46	4.57296e-49	1.48473e-51	4.4931e-54	1.165e-56	2.83026e-59	7.74836e-62	1.48803e-64	3.164e-67	6.4181e-70	1.13446e-72	1.87513e-75	3.48615e-78	4.69906e-81	7.18243e-84	1.07372e-86	1.38959e-89	1.83424e-92	3.08812e-95	5.13645e-98	1.11343e-100	2.63556e-103	7.12588e-106	
Fuirena_umbellata	0	0	0	0	0	0	0	0	0	0	0	0	0	0	0	0	0	0	0	0	0	0	0	0	0	1	0	0	0	0	0	0	0	0	0	0	0	0	0	0	0	0	0	0	0	0	0	0	0	0	0	0	0	0	0	0	0	0	0	0	0	0	0	0	0	0	0	0	0	0	
N51	9.86278e-09	1.69129e-07	2.7009e-06	2.50882e-05	0.000156714	0.000701426	0.0023095	0.0059586	0.0153523	0.0285615	0.0384849	0.0602621	0.116028	0.18852	0.203651	0.147804	0.0914249	0.0568495	0.0283143	0.0110657	0.00354388	0.000828269	0.000138848	1.59045e-05	1.03306e-06	4.59354e-08	1.40868e-09	2.77641e-11	3.9736e-13	4.93842e-15	4.17226e-17	4.06165e-19	4.31349e-21	3.83676e-23	3.05262e-25	3.5522e-27	1.72561e-29	1.03099e-31	6.3916e-34	2.20083e-36	7.7193e-39	3.28374e-41	6.40136e-44	1.92469e-46	4.92629e-49	1.14008e-51	1.91084e-54	7.47008e-57	9.6038e-60	3.19254e-62	4.39777e-65	1.11462e-67	1.19142e-70	3.66622e-73	2.83202e-76	5.24137e-79	5.7115e-82	7.81398e-85	6.66834e-88	1.00307e-90	5.6957e-94	6.5793e-97	7.61222e-100	4.6039e-103	2.79775e-106	3.95113e-109	1.86562e-112	2.36631e-115	4.4925e-118	1.79111e-120	
Fuirena_simplex	0	0	0	0	0	0	0	0	0	0	0	0	0	0	1	0	0	0	0	0	0	0	0	0	0	0	0	0	0	0	0	0	0	0	0	0	0	0	0	0	0	0	0	0	0	0	0	0	0	0	0	0	0	0	0	0	0	0	0	0	0	0	0	0	0	0	0	0	0	0	
N52	8.19975e-13	5.19376e-11	2.72322e-09	6.72375e-08	1.0515e-06	9.08201e-06	6.22898e-05	0.000273805	0.00107544	0.00398155	0.0114319	0.0212377	0.0332486	0.0609477	0.100791	0.135954	0.0837998	0.0389659	0.0697743	0.130497	0.17369	0.0996781	0.0301331	0.00426684	0.000174988	5.74744e-06	1.26244e-07	1.63604e-09	1.49814e-11	1.88315e-13	1.0068e-15	8.32516e-18	3.78923e-20	1.82313e-22	5.3551e-25	2.8223e-27	4.7318e-30	1.30376e-32	2.92599e-35	5.39192e-38	7.95948e-41	1.90184e-43	1.59965e-46	2.89028e-49	4.18341e-52	4.59629e-55	3.85605e-58	7.92556e-61	4.10138e-64	4.51005e-67	3.63934e-70	2.75582e-73	1.40627e-76	1.91092e-79	5.78413e-83	4.2545e-86	2.11296e-89	1.11138e-92	4.24752e-96	3.72674e-99	8.29181e-103	4.82247e-106	2.23629e-109	9.53894e-113	2.02432e-116	1.3847e-119	2.99506e-123	1.86313e-126	1.07339e-129	1.61326e-132	
Fuirena_ciliaris	0	0	0	0	0	0	0	0	0	0	0	0	0	0	0	0	0	0	1	0	0	0	0	0	0	0	0	0	0	0	0	0	0	0	0	0	0	0	0	0	0	0	0	0	0	0	0	0	0	0	0	0	0	0	0	0	0	0	0	0	0	0	0	0	0	0	0	0	0	0	
N53	2.00656e-21	1.41647e-18	5.96726e-16	6.71272e-14	7.26272e-12	8.35208e-11	3.29096e-09	1.51175e-08	1.15911e-07	5.71508e-06	2.33438e-05	2.04351e-05	9.23735e-06	0.00036742	0.00827948	0.00184289	5.26998e-05	7.49622e-07	6.5495e-06	0.000435478	0.0145154	0.187127	0.715276	0.0704295	0.00158627	2.10308e-05	1.90895e-07	5.87554e-10	1.38294e-12	2.9154e-15	2.44506e-18	2.64549e-21	1.96169e-24	1.61668e-27	7.479e-31	8.10264e-34	2.34894e-37	1.52898e-40	4.33444e-44	1.76924e-47	3.53784e-51	1.18852e-54	1.46098e-58	3.33089e-62	6.84009e-66	7.16944e-70	7.85891e-74	1.85936e-77	1.28915e-81	2.15456e-85	2.63651e-89	2.87338e-93	2.15989e-97	5.39397e-101	2.05737e-105	2.33542e-109	1.82585e-113	1.23745e-117	5.29516e-122	6.95278e-126	1.73873e-130	1.13767e-134	6.44447e-139	2.54449e-143	6.59692e-148	5.31414e-152	1.30658e-156	8.94876e-161	5.7039e-165	1.10595e-168	
Fuirena_breviseta	0	0	0	0	0	0	0	0	0	0	0	0	0	0	0	0	0	0	0	0	0	0	1	0	0	0	0	0	0	0	0	0	0	0	0	0	0	0	0	0	0	0	0	0	0	0	0	0	0	0	0	0	0	0	0	0	0	0	0	0	0	0	0	0	0	0	0	0	0	0	
N54	1.30451e-34	3.94258e-30	4.64519e-26	3.27236e-23	9.98168e-20	1.4047e-18	3.01147e-16	2.86672e-15	5.08662e-14	8.26878e-11	4.67536e-10	3.90887e-10	1.36293e-11	3.00033e-08	2.83161e-05	2.73037e-07	1.29634e-10	1.98165e-14	4.84569e-13	3.11013e-09	8.91474e-06	0.00753613	0.989244	0.00318089	1.47967e-06	2.26562e-10	1.69607e-14	1.47057e-18	1.95716e-22	1.05423e-25	1.26576e-29	1.27337e-33	1.79073e-37	6.44916e-42	2.26498e-46	6.37253e-51	4.54359e-56	5.99052e-61	5.28625e-66	7.3088e-71	5.8503e-76	3.92246e-80	1.91076e-85	9.64511e-90	3.14725e-95	8.88032e-100	1.52457e-105	2.11968e-110	3.89762e-116	2.40291e-121	7.22292e-127	1.78221e-132	4.48568e-138	1.87083e-143	9.92393e-150	1.43402e-155	2.64414e-161	1.60764e-167	1.72108e-173	6.15415e-179	1.65467e-185	4.96203e-191	5.04945e-197	2.6649e-203	6.45156e-210	1.37961e-215	6.44029e-223	2.30465e-229	3.07846e-236	3.4597e-243	
Fuirena_pumila	0	0	0	0	0	0	0	0	0	0	0	0	0	0	0	0	0	0	0	0	0	0	1	0	0	0	0	0	0	0	0	0	0	0	0	0	0	0	0	0	0	0	0	0	0	0	0	0	0	0	0	0	0	0	0	0	0	0	0	0	0	0	0	0	0	0	0	0	0	0	
Fuirena_scirpoidea	0	0	0	0	0	0	0	0	0	0	0	0	0	0	0	0	0	0	0	0	0	0	1	0	0	0	0	0	0	0	0	0	0	0	0	0	0	0	0	0	0	0	0	0	0	0	0	0	0	0	0	0	0	0	0	0	0	0	0	0	0	0	0	0	0	0	0	0	0	0	
N55	0.0349793	0.0673702	0.114813	0.15176	0.163695	0.158549	0.116989	0.0819714	0.0534706	0.0288895	0.0145261	0.00777521	0.0031205	0.00132869	0.000521895	0.000169482	4.98863e-05	1.6547e-05	3.48294e-06	8.24879e-07	1.76627e-07	3.1309e-08	4.8368e-09	8.48348e-10	8.92218e-11	1.09256e-11	1.1826e-12	9.61819e-14	6.66905e-15	5.71912e-16	2.91975e-17	1.8357e-18	1.00379e-19	4.73589e-21	2.0205e-22	1.15604e-23	3.41073e-25	1.28986e-26	4.31298e-28	1.23475e-29	2.87398e-31	8.34369e-33	1.3189e-34	2.778e-36	5.117e-38	7.32512e-40	9.1497e-42	1.6088e-43	1.50473e-45	1.8921e-47	2.10173e-49	2.16891e-51	2.03684e-53	2.99417e-55	2.16537e-57	2.30349e-59	2.17431e-61	1.89138e-63	1.42013e-65	1.51585e-67	8.18273e-70	6.36709e-72	4.51942e-74	2.54411e-76	1.23174e-78	9.33715e-81	4.45962e-83	3.78957e-85	4.12391e-87	6.70902e-89	
N56	0.010545	0.0233594	0.049271	0.0831176	0.115613	0.143728	0.137603	0.123957	0.104832	0.0739252	0.0492445	0.036713	0.0201726	0.0127	0.00763315	0.00388013	0.00184282	0.00117476	0.000399216	0.000182953	7.21151e-05	2.4379e-05	6.76532e-06	2.62283e-06	4.7482e-07	1.33551e-07	3.21983e-08	5.76617e-09	8.02305e-10	1.87824e-10	1.83411e-11	2.85083e-12	3.1383e-13	3.03868e-14	2.3407e-15	3.40219e-16	1.46905e-17	1.14718e-18	7.2827e-20	4.5203e-21	1.862e-22	1.31323e-23	3.35345e-25	1.80665e-26	7.27087e-28	2.25881e-29	5.56549e-31	3.09039e-32	5.21361e-34	1.69662e-35	4.14407e-37	1.09165e-38	2.03447e-40	9.67438e-42	1.12375e-43	3.06527e-45	5.73153e-47	1.19616e-48	1.8832e-50	6.6753e-52	6.32258e-54	1.37702e-55	2.5497e-57	3.75372e-59	3.63078e-61	9.59126e-63	8.29763e-65	1.7739e-66	4.63304e-68	3.41411e-69	
N57	4.24924e-06	2.20174e-05	0.000113674	0.000424163	0.00124931	0.00320235	0.00627835	0.0116778	0.0193334	0.0255985	0.0365406	0.0575389	0.0676109	0.0633817	0.0527174	0.0518613	0.0706868	0.109969	0.117067	0.103266	0.0735144	0.0412708	0.0264228	0.0239642	0.0172933	0.0112132	0.00553704	0.00175331	0.000398653	7.79995e-05	9.24906e-06	1.02359e-06	1.14413e-07	2.03984e-08	6.80726e-09	2.97344e-09	8.38799e-10	2.38915e-10	5.78639e-11	1.0678e-11	1.58586e-12	2.32381e-13	2.06553e-14	1.85192e-15	1.39672e-16	7.72872e-18	3.60043e-19	1.81871e-20	5.75469e-22	1.94455e-23	5.71243e-25	1.37246e-26	2.92257e-28	7.29374e-30	1.10377e-31	1.9228e-33	3.055e-35	4.13431e-37	5.00347e-39	7.15064e-41	6.54467e-43	7.18643e-45	7.45285e-47	6.32101e-49	5.06574e-51	5.38692e-53	4.84124e-55	6.54293e-57	1.04921e-58	2.29944e-60	
Scirpoides_holoschoenus	0	0	0	0	0	0	0	0	0	0	0	0	0	0	0	0	0	0	0	0	1	0	0	0	0	0	0	0	0	0	0	0	0	0	0	0	0	0	0	0	0	0	0	0	0	0	0	0	0	0	0	0	0	0	0	0	0	0	0	0	0	0	0	0	0	0	0	0	0	0	
Scirpoides_holoschoenus_subsp_thunbergii	0	0	0	0	0	0	0	0	0	0	0	0	0	0	0	0	0	0	0	0	0	0	0	0	0	0	0	0	0	0	0	0	0	0	0	0	0	0	0	0	0	1	0	0	0	0	0	0	0	0	0	0	0	0	0	0	0	0	0	0	0	0	0	0	0	0	0	0	0	0	
N58	4.51479e-07	6.84276e-06	8.21593e-05	0.000545386	0.00245398	0.00823208	0.0197838	0.0393852	0.0681858	0.101772	0.131876	0.154751	0.142029	0.124042	0.0977943	0.059482	0.0295166	0.0137042	0.0045078	0.00141556	0.000362354	6.31144e-05	8.0147e-06	8.73924e-07	5.61756e-08	3.32007e-09	1.58668e-10	5.24259e-12	1.37104e-13	3.54844e-15	5.53376e-17	8.51007e-19	1.05918e-20	9.89202e-23	7.63634e-25	6.35833e-27	2.98467e-29	1.50419e-31	6.50548e-34	2.23645e-36	6.3538e-39	2.00435e-41	3.78794e-44	8.32975e-47	1.62579e-49	2.4446e-52	3.22276e-55	5.23096e-58	5.05692e-61	5.79963e-64	5.84423e-67	5.03469e-70	3.88546e-73	3.96118e-76	2.23793e-79	1.63273e-82	1.09834e-85	6.63479e-89	3.62596e-92	2.61919e-95	1.11754e-98	6.37606e-102	3.43865e-105	1.50605e-108	6.00129e-112	3.42991e-115	1.41824e-118	9.76131e-122	8.41285e-125	8.72214e-128	
N59	8.36197e-07	6.75168e-06	5.8191e-05	0.000355562	0.00156121	0.00519865	0.0132586	0.0279476	0.0512569	0.0795731	0.106584	0.129528	0.135849	0.128798	0.108123	0.0714777	0.0429297	0.0303577	0.0171775	0.0138808	0.0141054	0.00971553	0.00581965	0.0045844	0.00118773	0.00050051	0.000131436	2.73666e-05	3.26514e-06	8.74905e-07	6.36692e-08	1.13034e-08	7.90659e-10	7.8174e-11	3.60093e-12	4.9899e-13	1.18539e-14	7.82148e-16	3.53007e-17	1.43996e-18	3.69028e-20	2.39106e-21	2.97015e-23	1.3723e-24	4.09609e-26	8.50122e-28	1.19731e-29	7.4187e-31	5.44057e-33	1.37779e-34	2.33003e-36	4.26284e-38	3.35206e-40	1.35996e-41	6.02498e-44	1.31538e-45	1.11439e-47	1.31995e-49	9.40994e-52	2.54604e-53	7.94963e-56	1.10208e-57	1.16891e-59	1.20493e-61	3.60912e-64	6.68401e-66	2.46681e-68	3.92436e-70	3.21374e-72	1.59582e-73	
Cyperus_fuscus	0	0	0	0	0	0	0	0	0	0	0	0	0	0	0	0	0	0	0	0	0	0	0	1	0	0	0	0	0	0	0	0	0	0	0	0	0	0	0	0	0	0	0	0	0	0	0	0	0	0	0	0	0	0	0	0	0	0	0	0	0	0	0	0	0	0	0	0	0	0	
Cyperus_eragrostis	0	0	0	0	0	0	0	0	0	0	0	0	0	0	0	0	0	0	0	0	1	0	0	0	0	0	0	0	0	0	0	0	0	0	0	0	0	0	0	0	0	0	0	0	0	0	0	0	0	0	0	0	0	0	0	0	0	0	0	0	0	0	0	0	0	0	0	0	0	0	
N60	2.26402e-08	5.32716e-07	1.0572e-05	0.000110354	0.000728793	0.00324002	0.0101409	0.024577	0.0482053	0.086466	0.132352	0.163893	0.153592	0.132827	0.111334	0.0741715	0.0370643	0.0156505	0.00432528	0.00107525	0.000207696	2.57037e-05	2.45756e-06	2.55243e-07	1.61984e-08	1.24403e-09	8.72244e-11	4.87735e-12	2.30313e-13	2.37154e-14	6.58468e-16	3.26743e-17	1.02238e-18	2.06808e-20	3.01163e-22	9.02485e-24	5.46628e-26	1.09223e-27	1.03063e-29	1.87705e-31	1.43308e-33	6.12839e-35	4.83729e-37	2.48623e-38	3.30191e-40	7.05174e-42	4.12359e-44	1.27088e-45	4.89444e-48	6.73795e-50	3.6215e-52	2.78976e-54	9.84047e-57	1.80498e-58	2.97682e-61	2.67629e-63	1.25951e-65	4.77036e-68	1.16023e-70	1.41395e-72	1.16889e-75	6.13457e-78	2.13916e-80	5.00039e-83	4.30314e-86	3.50929e-88	1.98451e-91	7.16351e-94	1.54011e-96	1.41027e-98	
N61	1.89651e-16	4.15065e-14	6.26107e-12	3.91904e-10	1.13779e-08	9.79759e-08	2.68995e-06	2.25051e-05	4.20989e-05	0.000528958	0.00111082	0.000141933	0.000437572	0.0144173	0.221254	0.652907	0.10549	0.0036058	3.92197e-05	2.03697e-07	5.99484e-10	9.81926e-13	1.07128e-15	8.8403e-19	4.60543e-22	1.01792e-24	5.23979e-26	2.69424e-27	1.30012e-28	6.72905e-30	2.64741e-31	1.11538e-32	4.50394e-34	1.56425e-35	5.21469e-37	1.99807e-38	5.43046e-40	1.6743e-41	5.05996e-43	1.33605e-44	3.34297e-46	9.75576e-48	2.01983e-49	5.00139e-51	1.22337e-52	2.52758e-54	5.0289e-56	1.25056e-57	2.14141e-59	4.42638e-61	8.7147e-63	1.53469e-64	2.59483e-66	5.70179e-68	7.89414e-70	1.37756e-71	2.33188e-73	3.56804e-75	5.13281e-77	9.46191e-79	1.13236e-80	1.76596e-82	2.71555e-84	3.51952e-86	4.40871e-88	7.85834e-90	1.13472e-91	2.74326e-93	8.5169e-95	3.07862e-96	
Cyperus_alternifolius	0	0	0	0	0	0	0	0	0	0	0	0	0	0	0	1	0	0	0	0	0	0	0	0	0	0	0	0	0	0	0	0	0	0	0	0	0	0	0	0	0	0	0	0	0	0	0	0	0	0	0	0	0	0	0	0	0	0	0	0	0	0	0	0	0	0	0	0	0	0	
N62	1.48889e-16	3.22453e-14	4.93779e-12	3.05762e-10	8.89862e-09	8.78365e-08	2.4308e-06	1.86483e-05	3.94582e-05	0.000484235	0.00102302	0.000135496	0.000406117	0.0138496	0.219602	0.656139	0.104822	0.00344178	3.51453e-05	1.68345e-07	7.79357e-10	6.91679e-12	5.98088e-14	1.2513e-15	2.00635e-18	1.00672e-20	2.45586e-23	3.38903e-26	2.53847e-29	4.78522e-31	1.55787e-35	2.66107e-36	4.66469e-41	3.57471e-42	4.28451e-47	1.95091e-48	2.34894e-53	4.38194e-55	2.25496e-59	5.96537e-62	4.29311e-66	8.28235e-69	2.28647e-73	1.30728e-75	1.14416e-78	3.07697e-82	3.62423e-87	4.04261e-88	7.79062e-94	1.02719e-95	7.95143e-99	1.58969e-102	5.29967e-108	2.29457e-109	3.2851e-115	4.54594e-117	6.56278e-121	9.38843e-125	1.14881e-129	4.88573e-131	4.29331e-137	2.54506e-140	6.22714e-144	1.59382e-145	8.88592e-152	4.43846e-155	2.65478e-159	1.0835e-160	1.07635e-166	1.42392e-168	
Cyperus_difformis	0	0	0	0	0	0	0	0	0	0	0	0	0	0	0	1	0	0	0	0	0	0	0	0	0	0	0	0	0	0	0	0	0	0	0	0	0	0	0	0	0	0	0	0	0	0	0	0	0	0	0	0	0	0	0	0	0	0	0	0	0	0	0	0	0	0	0	0	0	0	
Cyperus_involucratus	0	0	0	0	0	0	0	0	0	0	0	0	0	0	0	1	0	0	0	0	0	0	0	0	0	0	0	0	0	0	0	0	0	0	0	0	0	0	0	0	0	0	0	0	0	0	0	0	0	0	0	0	0	0	0	0	0	0	0	0	0	0	0	0	0	0	0	0	0	0	
N63	7.87976e-10	2.88801e-08	9.23138e-07	1.49461e-05	0.000144233	0.000889958	0.00379564	0.0120771	0.0280695	0.0648726	0.125984	0.173696	0.164873	0.13629	0.119029	0.0905093	0.048624	0.0218921	0.00656511	0.00198019	0.000557936	0.000103166	2.05486e-05	9.71675e-06	1.57439e-06	5.46444e-07	1.23712e-07	2.87071e-08	4.16746e-09	1.66334e-09	1.06054e-10	2.43149e-11	1.32861e-12	1.63238e-13	5.30423e-15	1.05947e-15	2.80086e-17	5.68725e-18	3.96179e-19	6.06429e-20	5.86607e-21	2.89895e-21	1.53221e-22	4.28712e-23	5.2332e-24	3.48065e-25	1.25131e-26	3.40352e-27	5.69467e-29	6.49643e-30	5.13067e-31	3.60771e-32	7.2391e-34	1.35953e-34	1.03583e-36	7.36072e-38	1.23758e-39	2.29523e-41	1.99175e-43	1.19769e-44	2.92405e-47	4.97558e-49	5.64483e-51	6.49228e-53	1.05737e-55	1.98967e-57	4.41605e-60	6.78288e-62	2.19274e-64	8.85459e-66	
Kyllingiella_microcephala	0	0	0	0	0	0	0	0	0	0	0	0	0	0	0	0	0	0	0	0	0	0	0	0	0	0	0	0	0	0	0	0	0	0	0	0	0	0	0	0	0	0	0	0	0	0	0	0	0	1	0	0	0	0	0	0	0	0	0	0	0	0	0	0	0	0	0	0	0	0	
N64	4.22773e-11	2.36214e-09	1.10917e-07	2.57749e-06	3.39288e-05	0.000280467	0.00158924	0.00690945	0.0181274	0.0476086	0.122532	0.203099	0.174608	0.117813	0.105652	0.101557	0.0642992	0.0273624	0.00666522	0.00139554	0.000346566	7.72287e-05	2.28589e-05	1.31228e-05	3.50987e-06	9.44487e-07	1.79847e-07	2.34536e-08	2.12542e-09	3.10891e-10	2.27555e-11	3.69362e-12	3.77571e-13	3.32857e-14	2.28873e-15	7.398e-16	1.0298e-16	2.57271e-17	3.01667e-18	3.64926e-19	1.58244e-20	1.88343e-21	3.52398e-23	2.25986e-24	1.32756e-25	1.27773e-26	1.38064e-27	3.575e-28	1.7981e-29	1.49234e-30	9.97572e-32	3.83266e-33	1.02246e-34	6.79907e-36	6.73345e-38	2.23079e-39	3.06244e-41	6.53341e-43	5.09645e-45	2.28491e-46	6.65004e-49	1.39386e-50	8.17885e-53	1.03342e-54	2.02156e-57	3.07212e-59	6.20596e-62	5.35324e-64	2.33462e-66	5.86132e-68	
Cyperus_cuspidatus	0	0	0	0	0	0	0	0	0	0	0	0	0	0	0	0	0	0	0	0	0	0	0	0	0	0	0	0	0	0	0	0	0	0	0	0	0	0	0	0	0	0	0	0	0	0	0	0	0	0	0	0	0	0	0	1	0	0	0	0	0	0	0	0	0	0	0	0	0	0	
N65	2.08909e-12	2.05032e-10	1.52104e-08	5.24701e-07	9.3718e-06	0.000106343	0.000789422	0.00502121	0.0146358	0.0371818	0.120608	0.242356	0.190237	0.0921575	0.0846986	0.103586	0.073435	0.0284316	0.00579987	0.000774345	0.000110607	2.63324e-05	1.63934e-05	1.27239e-05	4.36863e-06	9.10246e-07	1.16721e-07	7.78038e-09	3.42232e-10	1.62333e-11	4.43343e-13	2.23945e-14	3.01262e-15	1.6297e-15	1.08127e-15	6.75697e-16	1.40755e-16	2.34828e-17	2.57826e-18	1.77155e-19	7.97904e-21	4.89749e-22	8.74411e-24	3.82463e-25	8.12117e-27	1.91217e-28	2.01474e-30	6.50578e-32	4.7726e-34	6.02877e-36	5.57032e-38	3.23324e-40	1.54719e-42	1.08428e-44	2.28665e-47	6.7946e-50	1.7035e-52	3.11044e-55	4.91553e-58	1.31484e-60	1.03611e-63	2.06743e-66	2.75762e-69	5.49516e-72	3.36702e-75	1.44556e-77	6.89072e-81	2.43575e-83	3.92953e-86	3.07623e-88	
Cyperus_cyperoides	0	0	0	0	0	0	0	0	0	0	0	0	0	0	0	0	0	0	0	0	0	0	0	0	0	0	0	0	0	0	0	0	0	0	0	0	0	0	0	0	1	0	0	0	0	0	0	0	0	0	0	0	0	0	0	0	0	0	0	0	0	0	0	0	0	0	0	0	0	0	
N66	7.18159e-14	1.60392e-11	2.40277e-09	1.44886e-07	3.69296e-06	6.96512e-05	0.000514177	0.00524624	0.0153082	0.0323237	0.127135	0.284119	0.184392	0.0598411	0.082553	0.111648	0.0688938	0.0232313	0.00432381	0.000302799	4.13581e-05	2.13979e-05	1.71689e-05	1.12738e-05	3.1199e-06	4.10806e-07	2.75545e-08	8.47084e-10	1.77544e-11	6.18991e-13	3.87189e-14	7.16969e-15	3.19763e-15	2.14822e-15	1.13979e-15	4.9286e-16	7.09124e-17	6.77697e-18	4.09556e-19	1.30654e-20	2.76021e-22	5.05646e-24	3.47781e-26	2.84654e-28	1.53591e-30	7.22083e-33	1.65027e-35	1.58164e-37	2.09165e-40	1.83176e-42	3.46079e-45	1.81502e-47	2.56336e-50	1.74476e-52	1.84406e-55	4.85318e-58	1.23697e-60	1.92397e-63	3.90493e-66	1.50571e-68	1.81287e-71	4.8578e-74	1.43006e-76	1.24347e-79	1.39991e-82	3.50569e-85	1.81887e-88	4.53365e-91	1.01623e-93	9.03853e-96	
N67	3.24302e-10	9.69028e-09	2.8616e-07	5.44476e-06	6.84607e-05	0.000604875	0.00360463	0.0167583	0.0507633	0.108664	0.196885	0.234582	0.15553	0.0842999	0.0641072	0.0506368	0.0253533	0.00693	0.00109962	9.14099e-05	8.70572e-06	2.93236e-06	2.06071e-06	1.07752e-06	2.83424e-07	3.4268e-08	2.19994e-09	9.90828e-11	3.3053e-12	7.71988e-14	1.56108e-15	1.08281e-16	3.53711e-17	2.05433e-17	1.05545e-17	3.6606e-18	6.6374e-19	6.68464e-20	3.58716e-21	9.53601e-23	1.50635e-24	1.59497e-26	1.06167e-28	7.60423e-31	5.93585e-33	1.2914e-34	3.3256e-36	1.29616e-36	1.89482e-37	7.18697e-38	1.18978e-38	2.80753e-39	4.07535e-40	9.3234e-41	7.83904e-42	6.13493e-43	4.69901e-44	1.37484e-45	3.75932e-47	8.55735e-49	7.95791e-51	8.35535e-53	7.72799e-55	3.3044e-57	1.92782e-59	2.16708e-61	2.73903e-63	1.29361e-64	5.0211e-66	2.35378e-67	
Kyllinga_bulbosa	0	0	0	0	0	0	1	0	0	0	0	0	0	0	0	0	0	0	0	0	0	0	0	0	0	0	0	0	0	0	0	0	0	0	0	0	0	0	0	0	0	0	0	0	0	0	0	0	0	0	0	0	0	0	0	0	0	0	0	0	0	0	0	0	0	0	0	0	0	0	
Kyllinga_brevifolia	0	0	0	0	0	0	0	0	0	0	0	0	0	0	0	0	0	0	0	0	0	0	0	0	0	0	0	0	0	0	0	0	0	0	0	0	0	0	0	0	0	0	0	0	0	0	0	0	0	0	0	0	0	0	0	0	0	1	0	0	0	0	0	0	0	0	0	0	0	0	
N68	5.91168e-15	1.12151e-12	1.58236e-10	1.00768e-08	3.03887e-07	6.18746e-06	5.9726e-05	0.000659349	0.00216108	0.00621163	0.0287537	0.0770409	0.046581	0.0236231	0.0428847	0.0750561	0.0764907	0.100913	0.028257	0.00922307	0.00786243	0.0141186	0.0263248	0.151248	0.0626208	0.104306	0.0174784	0.00544841	0.000277586	0.000370572	0.000102216	0.000275028	0.000301589	0.00170916	0.00286753	0.0367593	0.0107095	0.0203334	0.0143289	0.0041987	0.000288416	0.00014672	2.00902e-06	3.85194e-07	1.54641e-08	4.70592e-10	8.50954e-12	3.42286e-12	2.64053e-14	1.76137e-15	5.92783e-17	5.8874e-18	4.97035e-20	1.28546e-20	9.33816e-23	1.97207e-23	1.51204e-25	4.01486e-27	4.0172e-29	2.90455e-30	3.86801e-33	6.9963e-35	9.0143e-37	9.73843e-39	8.45429e-42	2.02754e-43	2.76373e-46	3.96573e-48	7.78576e-51	2.95189e-52	
Cyperus_capitatus	0	0	0	0	0	0	0	0	0	0	0	0	0	0	0	0	0	0	0	0	0	0	0	0	0	0	0	0	0	0	0	0	0	0	0	0	0	0	0	0	1	0	0	0	0	0	0	0	0	0	0	0	0	0	0	0	0	0	0	0	0	0	0	0	0	0	0	0	0	0	
N69	1.58144e-16	2.70572e-14	3.7375e-12	2.39976e-10	8.2174e-09	1.7371e-07	2.11857e-06	2.24484e-05	0.000103304	0.000435038	0.00208857	0.00553225	0.00521723	0.00453921	0.00939904	0.0202323	0.0280401	0.0299305	0.0127348	0.00558559	0.00698862	0.0126348	0.0332445	0.120352	0.103851	0.0860333	0.0246036	0.00353231	0.000518873	0.000582237	0.000671375	0.00199261	0.0036985	0.0138824	0.0345884	0.191872	0.108226	0.0868934	0.0363455	0.00523282	0.000362483	3.04972e-05	5.95784e-07	5.98389e-08	1.35878e-08	2.33384e-09	2.46653e-10	1.05176e-10	4.30194e-12	8.87842e-13	1.23182e-13	9.87679e-14	1.48812e-14	1.14339e-14	7.02093e-16	1.67646e-16	1.07673e-17	8.02927e-19	2.80679e-20	1.73327e-21	1.77436e-23	4.18062e-25	1.03807e-26	7.45309e-29	3.92322e-31	6.30087e-33	2.18279e-35	2.62177e-37	2.8248e-39	1.36548e-40	
Cyperus_esculentus	0	0	0	0	0	0	0	0	0	0	0	0	0	0	0	0	0	0	0	0	0	0	0	0	0	0	0	0	0	0	0	0	0	0	0	0	0	0	0	0	0	0	0	0	0	0	0	0	0	0	0	0	0	1	0	0	0	0	0	0	0	0	0	0	0	0	0	0	0	0	
N70	1.88661e-16	1.94809e-14	1.7957e-12	9.0519e-11	2.73675e-09	5.20551e-08	6.59969e-07	6.23735e-06	3.33613e-05	0.000166539	0.000740421	0.00195227	0.00212181	0.00259123	0.00523138	0.0108719	0.0181122	0.0201853	0.00925723	0.00526655	0.00686737	0.00983935	0.0249434	0.0853981	0.0984401	0.067631	0.0196408	0.00281964	0.000684959	0.000997795	0.00129196	0.00267863	0.00396624	0.0101046	0.0366429	0.169737	0.170592	0.130374	0.0664429	0.0126329	0.00153162	0.000199548	5.54193e-06	5.85199e-07	2.10856e-08	1.52801e-09	3.37049e-11	4.58431e-12	3.23455e-13	2.56294e-13	1.38396e-13	7.9887e-14	1.92382e-14	8.33272e-15	7.90274e-16	1.04063e-16	8.70244e-18	4.80584e-19	2.1108e-20	1.06694e-21	1.53297e-23	7.01513e-25	2.24254e-26	1.02246e-27	1.12211e-29	1.68239e-30	1.41541e-32	1.7495e-33	6.92035e-35	1.88979e-35	
Cyperus_longus	0	0	0	0	0	0	0	0	0	0	0	0	0	0	0	0	0	0	0	0	0	0	0	0	0	0	0	0	0	0	0	0	0	0	0	0	0	0	0	0	0	0	0	0	0	0	0	0	0	0	0	0	0	0	0	0	0	0	0	1	0	0	0	0	0	0	0	0	0	0	
N71	2.03688e-20	3.45912e-18	4.73853e-16	2.82156e-14	9.23126e-13	2.31987e-11	3.11168e-10	3.18329e-09	2.33615e-08	6.92529e-08	5.26472e-07	2.69988e-06	2.67923e-06	1.40656e-05	2.41064e-05	6.97678e-05	0.000237569	0.00048144	0.000181029	4.93347e-05	4.2789e-05	0.000251727	0.00304577	0.00977103	0.00627633	0.00107475	0.000341659	0.000113877	0.000107461	0.000108014	6.57166e-05	7.5835e-05	0.000997563	0.0152528	0.1369	0.409239	0.344686	0.0662758	0.0042023	0.000105901	1.59416e-06	1.70109e-08	1.06029e-10	5.76472e-13	3.09136e-15	1.67951e-16	7.76377e-17	5.0513e-17	1.88631e-17	9.45118e-18	3.36063e-18	1.08953e-18	2.37762e-19	5.00866e-20	4.67051e-21	2.77681e-22	6.6121e-24	7.1471e-26	4.97472e-28	2.7463e-30	8.25253e-33	2.25145e-35	5.58243e-38	8.47068e-41	1.25356e-43	2.40643e-46	4.40597e-49	1.76797e-51	7.85451e-54	3.55795e-56	
Cyperus_iria	0	0	0	0	0	0	0	0	0	0	0	0	0	0	0	0	0	0	0	0	0	0	0	0	0	0	0	0	0	0	0	0	0	0	0	0	0	0	0	0	0	0	0	0	0	0	0	0	0	0	0	0	0	0	0	1	0	0	0	0	0	0	0	0	0	0	0	0	0	0	
Pycreus_flavescens	0	0	0	0	0	0	0	0	0	0	0	0	0	0	0	0	0	0	0	0	0	0	0	0	0	0	0	0	0	0	0	0	0	0	1	0	0	0	0	0	0	0	0	0	0	0	0	0	0	0	0	0	0	0	0	0	0	0	0	0	0	0	0	0	0	0	0	0	0	0	
N72	0.0163044	0.0327374	0.0625643	0.0987144	0.13094	0.154514	0.143156	0.121632	0.0956699	0.0625414	0.0372077	0.022907	0.0111033	0.00568439	0.0027047	0.00102903	0.000361006	0.000156898	4.61449e-05	1.74717e-05	6.19738e-06	1.79358e-06	4.31089e-07	1.24648e-07	1.95889e-08	4.30518e-09	9.49713e-10	1.90337e-10	3.78493e-11	1.21232e-11	2.03603e-12	4.78531e-13	8.66243e-14	1.31439e-14	1.62432e-15	3.12048e-16	2.26987e-17	2.52768e-18	2.4304e-19	2.30481e-20	1.96525e-21	3.36071e-22	3.20449e-23	6.07953e-24	9.91537e-25	1.26695e-25	1.33044e-26	2.54769e-27	1.84493e-28	2.16248e-29	1.94776e-30	1.67475e-31	1.08126e-32	1.37535e-33	5.35711e-35	3.84693e-36	2.04362e-37	1.0685e-38	4.2787e-40	3.13408e-41	7.75261e-43	3.63565e-44	1.45444e-45	4.51734e-47	1.0185e-48	5.00251e-50	1.00125e-51	4.51719e-53	2.91601e-54	4.70461e-55	
Scirpus_ficinioides	0	0	0	0	0	0	0	0	0	0	0	0	0	0	0	0	0	0	0	0	0	0	0	0	0	0	0	0	0	0	0	0	0	0	0	0	0	0	0	0	0	0	0	0	0	0	0	0	0	0	0	1	0	0	0	0	0	0	0	0	0	0	0	0	0	0	0	0	0	0	
N73	0.000441611	0.00252786	0.0122031	0.0379487	0.0843155	0.145991	0.179864	0.183865	0.152758	0.0964837	0.0548996	0.0301416	0.0126545	0.00434704	0.00121689	0.000271587	5.65417e-05	1.15506e-05	1.65612e-06	1.89496e-07	1.5834e-08	8.61121e-10	3.40559e-11	1.11717e-12	2.34862e-14	4.46762e-16	7.49766e-18	1.02081e-19	1.33565e-21	1.94565e-23	2.08007e-25	2.25121e-27	2.11728e-29	1.54661e-31	9.72445e-34	6.31194e-36	2.63096e-38	1.1337e-40	4.37607e-43	1.37322e-45	3.76561e-48	1.12406e-50	2.23179e-53	4.96751e-56	1.02122e-58	1.67481e-61	2.49385e-64	4.30778e-67	4.93803e-70	6.33914e-73	7.40919e-76	7.31406e-79	6.64127e-82	7.27912e-85	4.96038e-88	3.99944e-91	3.01819e-94	1.97789e-97	1.18184e-100	8.63294e-104	4.02437e-107	2.33946e-110	1.29555e-113	5.95033e-117	2.57615e-120	1.52315e-123	7.38607e-127	5.5872e-130	5.09478e-133	5.36281e-136	
N74	0.000826419	0.0038529	0.0162349	0.0473995	0.0999059	0.159412	0.189813	0.180673	0.139446	0.0847568	0.0444104	0.0213278	0.0084151	0.00269449	0.000681392	0.0001281	1.98051e-05	2.74176e-06	2.57555e-07	1.96746e-08	1.24913e-09	5.20194e-11	1.8906e-12	9.45535e-14	2.24799e-15	8.93994e-17	3.22053e-18	7.41862e-20	1.39062e-21	4.49529e-23	4.7133e-25	1.01424e-26	1.21482e-28	1.7333e-30	1.35668e-32	3.42819e-34	1.62366e-36	2.99075e-38	2.03384e-40	2.68057e-42	1.29747e-44	1.89012e-46	5.75296e-49	6.12151e-51	4.1086e-53	1.89608e-55	6.45995e-58	8.43926e-60	1.75556e-62	1.17003e-64	5.43235e-67	2.40764e-69	5.86642e-72	7.86569e-74	9.65207e-77	6.56217e-79	2.23816e-81	7.35291e-84	1.43541e-86	1.44687e-88	1.33312e-91	5.7343e-94	1.90843e-96	5.12641e-99	5.32086e-102	3.45729e-104	3.70077e-107	1.70335e-109	4.54931e-112	6.88822e-114	
Isolepis_marginata	0	0	0	1	0	0	0	0	0	0	0	0	0	0	0	0	0	0	0	0	0	0	0	0	0	0	0	0	0	0	0	0	0	0	0	0	0	0	0	0	0	0	0	0	0	0	0	0	0	0	0	0	0	0	0	0	0	0	0	0	0	0	0	0	0	0	0	0	0	0	
N75	2.43551e-05	0.0001537	0.000980919	0.00430688	0.0136685	0.0338579	0.0612436	0.0931414	0.126342	0.124266	0.10029	0.100127	0.0993477	0.10304	0.0826306	0.0394636	0.0127868	0.00375035	0.000504028	6.70324e-05	6.6121e-06	4.76522e-07	2.56486e-08	1.60334e-09	4.82714e-11	1.89464e-12	6.19916e-14	1.4484e-15	2.69155e-17	7.35329e-19	9.35273e-21	1.70541e-22	2.3689e-24	2.83429e-26	2.80839e-28	4.67925e-30	2.83308e-32	2.80058e-34	2.3485e-36	1.87271e-38	1.08671e-40	9.927e-43	3.82138e-45	2.73104e-47	1.57371e-49	7.08941e-52	2.63837e-54	1.92857e-56	5.16643e-59	2.39032e-61	8.63818e-64	3.13245e-66	8.64364e-69	5.10506e-71	8.90017e-74	3.08089e-76	7.97168e-79	2.13872e-81	4.5097e-84	1.87802e-86	2.55131e-89	7.00671e-92	1.68162e-94	3.2384e-97	4.55074e-100	1.49924e-102	1.93472e-105	5.6958e-108	2.16301e-110	1.63457e-112	
Desmoschoenus_spiralis	0	0	0	0	0	0	0	0	0	0	0	0	0	0	1	0	0	0	0	0	0	0	0	0	0	0	0	0	0	0	0	0	0	0	0	0	0	0	0	0	0	0	0	0	0	0	0	0	0	0	0	0	0	0	0	0	0	0	0	0	0	0	0	0	0	0	0	0	0	0	
Ficinia_nodosa	0	0	0	0	0	0	0	0	0	0	0	0	0	0	1	0	0	0	0	0	0	0	0	0	0	0	0	0	0	0	0	0	0	0	0	0	0	0	0	0	0	0	0	0	0	0	0	0	0	0	0	0	0	0	0	0	0	0	0	0	0	0	0	0	0	0	0	0	0	0	
N76	2.28378e-07	4.36018e-06	6.72976e-05	0.000549361	0.00284322	0.0105451	0.0248589	0.0481746	0.0832451	0.0941172	0.0965115	0.145725	0.147522	0.132946	0.0810501	0.039779	0.0247645	0.0329636	0.0181172	0.0117316	0.00370324	0.000697304	7.02918e-05	1.15905e-05	1.17038e-06	3.85438e-07	1.10718e-07	1.99566e-08	2.09364e-09	3.97447e-10	1.92626e-11	1.57677e-12	6.55022e-14	2.17531e-15	4.59615e-17	2.16354e-18	1.74886e-20	2.96395e-22	3.44789e-24	4.09648e-26	2.35798e-28	2.62171e-30	7.39128e-33	5.77134e-35	2.60546e-37	8.39007e-40	1.88165e-42	1.25139e-44	1.55472e-47	4.42885e-50	8.11719e-53	1.72241e-55	1.99118e-58	7.9152e-61	4.51966e-64	7.99592e-67	7.2423e-70	8.16817e-73	6.1663e-76	1.36756e-78	4.9228e-82	5.21348e-85	4.4347e-88	3.06035e-91	1.0716e-94	1.48578e-97	4.59611e-101	4.23697e-104	3.77097e-107	9.85759e-110	
N77	6.64465e-08	8.29544e-07	1.09442e-05	9.24919e-05	0.000524813	0.00213344	0.00611267	0.0140402	0.0280707	0.0399873	0.0499876	0.0764825	0.102425	0.102799	0.0752514	0.0465105	0.0405597	0.0675798	0.0730352	0.0800459	0.0593908	0.0229955	0.00663935	0.00376849	0.00174192	0.00347473	0.00776045	0.0149142	0.0155582	0.0289216	0.0136343	0.0106199	0.00360594	0.00108143	0.000175052	6.39476e-05	3.85079e-06	5.44921e-07	4.79238e-08	3.90292e-09	1.65493e-10	1.59497e-11	3.11535e-13	1.83476e-14	6.74808e-16	1.68116e-17	2.84118e-19	1.65513e-20	1.48362e-22	3.68083e-24	5.92564e-26	1.13843e-27	9.75653e-30	3.58275e-31	1.64849e-33	3.15751e-35	2.48315e-37	2.64203e-39	1.68926e-41	3.73946e-43	1.09889e-45	1.20265e-47	1.0387e-49	7.13056e-52	2.03315e-54	2.85894e-56	8.29754e-59	8.3446e-61	6.3472e-63	2.14342e-64	
Isolepis_crassiuscula	0	0	0	0	0	0	0	0	0	0	0	0	0	0	0	0	0	0	0	0	0	0	0	0	0	0	0	0	0	0	0	1	0	0	0	0	0	0	0	0	0	0	0	0	0	0	0	0	0	0	0	0	0	0	0	0	0	0	0	0	0	0	0	0	0	0	0	0	0	0	
Isolepis_fluitans	0	0	0	0	0	0	0	0	0	0	0	0	0	0	0	0	0	0	0	0	0	0	0	0	0	0	0	0	0	1	0	0	0	0	0	0	0	0	0	0	0	0	0	0	0	0	0	0	0	0	0	0	0	0	0	0	0	0	0	0	0	0	0	0	0	0	0	0	0	0	
N78	3.73406e-09	1.09075e-07	2.8089e-06	3.77937e-05	0.000308394	0.00165183	0.00592015	0.0154391	0.0357587	0.0586316	0.0793457	0.123606	0.177105	0.186946	0.127936	0.0617745	0.0391767	0.0402028	0.0277557	0.0138026	0.00395598	0.000581993	5.4306e-05	5.50496e-06	3.51441e-07	3.4763e-08	3.34062e-09	2.52516e-10	2.0254e-11	1.99221e-12	9.43126e-14	4.00483e-15	1.14872e-16	2.15269e-18	2.95344e-20	6.85791e-22	4.89824e-24	7.75098e-26	6.88841e-28	7.33008e-30	3.87629e-32	3.69117e-34	1.1588e-36	6.11966e-39	2.85915e-41	6.83673e-44	1.53407e-46	5.32462e-49	6.72556e-52	1.36294e-54	2.19948e-57	3.20641e-60	3.52997e-63	1.14896e-65	7.24992e-69	1.5857e-71	1.44984e-74	2.22551e-77	1.49273e-80	3.25585e-83	1.34482e-86	1.64851e-89	1.16664e-92	8.51796e-96	3.27759e-99	3.8565e-102	1.42873e-105	1.0884e-108	9.37076e-112	2.23466e-114	
N79	2.81615e-09	5.37933e-08	1.04834e-06	1.26695e-05	0.000100035	0.000561787	0.00225403	0.00733199	0.0168723	0.0311095	0.0643155	0.126018	0.170027	0.164844	0.15002	0.120965	0.0816243	0.04544	0.0148313	0.0030356	0.000495969	0.000104908	2.71703e-05	6.17614e-06	9.13117e-07	1.43698e-07	2.45914e-08	2.72837e-09	2.33626e-10	2.21714e-11	8.47163e-13	3.20745e-14	1.03053e-15	1.7414e-17	2.77985e-19	5.69572e-21	5.07593e-23	9.32322e-25	9.74199e-27	1.6434e-28	1.2132e-30	1.9309e-32	9.76539e-35	1.04815e-36	7.06188e-39	4.05799e-41	1.63778e-43	1.2972e-45	4.0956e-48	1.98414e-50	7.46621e-53	2.2097e-55	6.57631e-58	4.17927e-60	6.77398e-63	2.97639e-65	9.72237e-68	2.97415e-70	6.49992e-73	4.15672e-75	5.07198e-78	1.74143e-80	4.44045e-83	8.98351e-86	1.17373e-88	4.84933e-91	4.77974e-94	1.17234e-96	3.51412e-99	2.76308e-101	
Isolepis_setacea	0	0	0	0	0	0	0	0	0	0	0	0	0	1	0	0	0	0	0	0	0	0	0	0	0	0	0	0	0	0	0	0	0	0	0	0	0	0	0	0	0	0	0	0	0	0	0	0	0	0	0	0	0	0	0	0	0	0	0	0	0	0	0	0	0	0	0	0	0	0	
Isolepis_cernua	0	0	0	0	0	0	0	0	0	0	0	0	0	0	0	0	0	0	0	0	0	0	0	0	0	0	1	0	0	0	0	0	0	0	0	0	0	0	0	0	0	0	0	0	0	0	0	0	0	0	0	0	0	0	0	0	0	0	0	0	0	0	0	0	0	0	0	0	0	0	
N80	7.51829e-10	1.64885e-08	3.65952e-07	4.87708e-06	4.24503e-05	0.000251948	0.00106837	0.00325595	0.00933686	0.0193143	0.029794	0.0486314	0.0929571	0.129363	0.100237	0.0517852	0.0339532	0.0439265	0.0669473	0.107838	0.138195	0.0821487	0.0297096	0.00978848	0.00110372	0.000215682	7.63152e-05	3.61201e-05	1.19623e-05	6.37836e-06	1.06967e-06	2.96686e-07	3.63305e-08	4.37964e-09	2.60776e-10	3.18879e-11	7.92407e-13	4.01504e-14	1.30503e-15	3.70458e-17	6.44304e-19	2.19076e-20	1.82821e-22	3.98415e-24	6.14311e-26	6.41963e-28	4.83312e-30	1.14075e-31	4.70918e-34	5.17164e-36	3.84923e-38	2.99552e-40	1.21078e-42	1.81511e-44	4.06561e-47	3.16365e-49	1.23707e-51	5.78786e-54	1.71226e-56	1.53386e-58	2.28913e-61	1.13038e-63	4.46039e-66	1.48088e-68	2.10427e-71	1.288e-73	1.93066e-76	9.7493e-79	3.69016e-81	5.42881e-83	
Isolepis_prolifera	0	0	0	0	0	0	0	0	0	0	0	0	0	0	0	0	0	0	0	0	0	0	0	0	0	0	0	0	0	0	0	0	1	0	0	0	0	0	0	0	0	0	0	0	0	0	0	0	0	0	0	0	0	0	0	0	0	0	0	0	0	0	0	0	0	0	0	0	0	0	
Isolepis_aucklandica	0	0	0	0	0	0	0	0	0	0	0	0	0	0	0	0	0	0	0	0	1	0	0	0	0	0	0	0	0	0	0	0	0	0	0	0	0	0	0	0	0	0	0	0	0	0	0	0	0	0	0	0	0	0	0	0	0	0	0	0	0	0	0	0	0	0	0	0	0	0	
