NODE	1	2	3	4	5	6	7	8	9	10	11	12	13	14	15	16	17	18	19	20	21	22	23	24	25	26	27	28	29	30	31	32	33	34	35	36	37	38	39	40	41	42	43	44	45	46	47	48	49	50	51	52	53	54	55	56	57	58	59	60	61	62	63	64	65	66	67	68	69	70	71	
N1	0.482579	0.308523	0.141614	0.0497391	0.0138187	0.00307793	0.000555393	8.1669e-05	9.85415e-06	9.81743e-07	8.13239e-08	5.63584e-09	3.28597e-10	1.61831e-11	6.75361e-13	3.18562e-17	5.52757e-18	8.844e-19	1.30506e-19	1.77614e-20	2.22977e-21	2.58263e-22	2.76101e-23	2.72593e-24	2.48727e-25	2.09928e-26	1.64054e-27	1.18832e-28	7.98756e-30	4.98814e-31	2.8976e-32	1.56764e-33	7.90877e-35	3.72531e-36	1.64039e-37	6.76085e-39	2.61127e-40	9.46287e-42	3.2213e-43	1.0313e-44	3.10873e-46	8.83311e-48	2.36841e-49	5.99906e-51	1.43698e-52	3.25844e-54	7.0016e-56	1.42706e-57	2.76162e-59	5.07888e-61	8.88488e-63	1.4798e-64	2.34854e-66	3.55473e-68	5.13552e-70	7.0873e-72	9.35052e-74	1.18026e-75	1.42637e-77	1.65162e-79	1.83364e-81	1.9532e-83	1.99753e-85	1.96262e-87	1.85378e-89	1.68437e-91	1.47334e-93	1.24232e-95	1.01457e-97	8.28635e-100	9.21532e-102	
N2	0.000367232	0.00100485	0.00275285	0.00652227	0.0128473	0.0227299	0.0341234	0.048153	0.0617503	0.0740802	0.0808473	0.0876919	0.0860179	0.0865534	0.0819707	0.0764342	0.0665436	0.0599566	0.0446171	0.0317284	0.0183632	0.00930031	0.00372116	0.00140525	0.000388784	0.000102565	2.15184e-05	4.08558e-06	6.12682e-07	9.2209e-08	1.02558e-08	1.15882e-09	1.0517e-10	9.1234e-12	6.39863e-13	4.78457e-14	2.63271e-15	1.54851e-16	7.47793e-18	3.6044e-19	1.40334e-20	6.05074e-22	1.94617e-23	6.97641e-25	2.04543e-26	6.11892e-28	1.50385e-29	4.25029e-31	8.82104e-33	2.08896e-34	4.0939e-36	8.43793e-38	1.40909e-39	2.77075e-41	4.02021e-43	6.84894e-45	9.50254e-47	1.40734e-48	1.71299e-50	2.50629e-52	2.65534e-54	3.35773e-56	3.54246e-58	4.07198e-60	3.8849e-62	4.71675e-64	5.00035e-66	7.25382e-68	1.14032e-69	2.07188e-71	5.0157e-73	
Chrysitrix_capensis	0	0	0	0	0	0	0	0	0	0	0	0	0	0	0	0	0	0	0	0	0	0	1	0	0	0	0	0	0	0	0	0	0	0	0	0	0	0	0	0	0	0	0	0	0	0	0	0	0	0	0	0	0	0	0	0	0	0	0	0	0	0	0	0	0	0	0	0	0	0	0	
Lepironia_articulata	0	0	0	0	0	0	0	0	0	0	0	0	0	0	0	0	1	0	0	0	0	0	0	0	0	0	0	0	0	0	0	0	0	0	0	0	0	0	0	0	0	0	0	0	0	0	0	0	0	0	0	0	0	0	0	0	0	0	0	0	0	0	0	0	0	0	0	0	0	0	0	
N3	0.347701	0.324695	0.197641	0.0893891	0.0297531	0.00862054	0.00177487	0.000359892	5.53502e-05	8.70694e-06	9.63938e-07	1.50738e-07	1.20065e-08	1.47253e-09	1.03486e-10	1.03407e-11	5.10164e-13	4.7073e-14	1.7081e-15	1.26929e-16	4.10521e-18	2.04845e-19	5.13869e-21	3.1073e-22	5.09877e-24	1.7957e-25	3.20434e-27	1.04703e-28	1.17715e-30	3.33806e-32	3.15486e-34	8.38545e-36	6.79772e-38	1.02705e-39	7.39e-42	1.70418e-43	7.78183e-46	9.09159e-48	5.27906e-50	7.1984e-52	2.62645e-54	2.80396e-56	8.83878e-59	9.37093e-61	2.94515e-63	1.84455e-65	5.81399e-68	6.67711e-70	1.219e-72	6.04137e-75	1.40063e-77	8.429e-80	1.34451e-82	7.94575e-85	1.24148e-87	7.46034e-90	9.95217e-93	3.04004e-95	4.28932e-98	2.45384e-100	2.17362e-103	6.29499e-106	9.31333e-109	3.6063e-111	2.82063e-114	7.83038e-117	6.07056e-120	1.96629e-122	2.11722e-125	9.47207e-128	8.01081e-130	
N4	0.344794	0.324161	0.199073	0.0906954	0.030314	0.00875678	0.00178742	0.000356517	5.32443e-05	8.14485e-06	8.44649e-07	1.29603e-07	9.1235e-09	1.12625e-09	6.7136e-11	6.86358e-12	2.6147e-13	2.69304e-14	6.74175e-16	6.1813e-17	1.33403e-18	8.36084e-20	1.18464e-21	1.20836e-22	8.93663e-25	6.01618e-26	5.91281e-28	3.84301e-29	1.63093e-31	1.17667e-32	4.15592e-35	3.54853e-36	1.18544e-38	3.97245e-40	1.09247e-42	9.24792e-44	1.30301e-46	4.23756e-48	1.25385e-50	5.35902e-52	5.93844e-55	1.83181e-56	2.08906e-59	9.99427e-61	1.31067e-63	1.42938e-65	1.91191e-68	1.16531e-69	5.67148e-73	6.04232e-75	1.09844e-77	2.42323e-79	1.02498e-82	1.81796e-84	1.11142e-87	4.32849e-89	2.05623e-92	7.9379e-95	6.91601e-98	2.86059e-99	6.17331e-103	2.97042e-105	5.3805e-108	1.00236e-109	1.84411e-113	1.27742e-115	4.51678e-119	1.08067e-120	2.81169e-124	1.24982e-126	3.33393e-128	
N5	0.280785	0.301829	0.223139	0.123221	0.049018	0.0169084	0.00394634	0.000954124	0.000162221	3.16159e-05	3.66316e-06	8.07482e-07	6.2226e-08	1.08538e-08	7.63679e-10	1.11001e-10	5.01241e-12	6.80187e-13	2.21321e-14	2.578e-15	7.60574e-17	4.78451e-18	1.10547e-19	1.17741e-20	1.49064e-22	6.55064e-24	1.16498e-25	6.11625e-27	5.23057e-29	2.04834e-30	1.64096e-32	7.92767e-34	4.8967e-36	8.6114e-38	5.501e-40	2.46011e-41	8.0089e-44	1.11119e-45	6.20295e-48	1.58937e-49	4.16852e-52	6.03795e-54	1.46562e-56	2.67631e-58	6.62851e-61	4.92148e-63	1.57531e-65	3.84575e-67	4.78276e-70	2.64652e-72	5.20376e-75	5.3282e-77	6.19522e-80	6.17214e-82	8.37593e-85	1.02e-86	9.26494e-90	3.22381e-92	3.91403e-95	4.57441e-97	2.74092e-100	1.01963e-102	1.72412e-105	1.36182e-107	7.07471e-111	2.49684e-113	1.40787e-116	7.93405e-119	5.41422e-122	3.21487e-124	4.42363e-126	
Lagenocarpus_guianensis	0	0	0	0	0	0	0	0	0	0	0	0	0	0	0	0	1	0	0	0	0	0	0	0	0	0	0	0	0	0	0	0	0	0	0	0	0	0	0	0	0	0	0	0	0	0	0	0	0	0	0	0	0	0	0	0	0	0	0	0	0	0	0	0	0	0	0	0	0	0	0	
N6	0.259635	0.292976	0.230159	0.13439	0.0562498	0.0202105	0.00490971	0.0012125	0.000210119	4.10499e-05	4.68451e-06	1.02921e-06	7.38605e-08	1.32798e-08	8.25876e-10	1.25797e-10	4.59835e-12	7.10868e-13	1.68932e-14	2.38514e-15	5.09576e-17	3.81784e-18	5.66344e-20	8.03905e-21	5.90726e-23	3.59552e-24	4.24798e-26	2.80667e-27	1.27654e-29	6.76316e-31	2.92471e-33	2.05378e-34	6.95509e-37	1.34924e-38	4.62272e-41	3.05703e-42	4.4444e-45	6.8889e-47	2.49064e-49	8.12038e-51	8.91881e-54	1.46527e-55	1.72057e-58	5.03954e-60	6.02424e-63	3.39272e-65	5.76828e-68	2.24215e-69	1.0258e-72	4.82368e-75	6.73345e-78	9.48755e-80	3.89802e-83	3.87029e-85	2.29758e-88	4.49504e-90	1.51266e-93	3.70786e-96	2.49233e-99	4.62015e-101	9.30116e-105	2.54056e-107	2.81534e-110	3.03549e-112	5.00725e-116	1.5924e-118	3.88874e-122	3.33484e-124	6.83529e-128	2.4112e-130	2.86191e-132	
N7	0.122294	0.179198	0.207633	0.191804	0.134301	0.0867201	0.0404403	0.0214406	0.00871767	0.00446542	0.00150313	0.000988382	0.000265668	0.000152659	4.31599e-05	2.38976e-05	5.03641e-06	2.84793e-06	4.8141e-07	2.54416e-07	4.15934e-08	1.3367e-08	1.86266e-09	9.84847e-10	8.37413e-11	2.06763e-11	2.22533e-12	6.17129e-13	3.73254e-14	8.40338e-15	4.68111e-16	1.17446e-16	5.31356e-18	5.864e-19	2.60377e-20	6.00665e-21	1.47763e-22	1.27345e-23	4.83398e-25	6.26854e-26	1.20028e-27	9.698e-29	1.60547e-30	1.4228e-31	2.32983e-33	9.7667e-35	1.84617e-36	1.91167e-37	1.54504e-39	4.42224e-41	4.80796e-43	2.05172e-44	1.35206e-46	5.33058e-48	3.76338e-50	1.68069e-51	8.46454e-54	1.32004e-55	7.92474e-58	3.14116e-59	9.94056e-62	1.47879e-63	1.02591e-65	2.61399e-67	6.85498e-70	9.21514e-72	2.48461e-74	4.65275e-76	1.58957e-78	3.43866e-80	1.61741e-81	
Oreobolus_pectinatus	0	0	0	0	0	0	0	0	0	0	0	0	0	0	0	0	0	0	1	0	0	0	0	0	0	0	0	0	0	0	0	0	0	0	0	0	0	0	0	0	0	0	0	0	0	0	0	0	0	0	0	0	0	0	0	0	0	0	0	0	0	0	0	0	0	0	0	0	0	0	0	
N8	0.079835	0.129615	0.173802	0.188626	0.158243	0.120247	0.0686632	0.0411036	0.0199435	0.0108734	0.00434416	0.00286003	0.000925575	0.000568362	0.000187963	0.00011051	2.77045e-05	1.76564e-05	3.4621e-06	2.04457e-06	4.01908e-07	1.67728e-07	2.75247e-08	1.81019e-08	1.92567e-09	7.20535e-10	1.02225e-10	4.06277e-11	3.31501e-12	1.22339e-12	9.46379e-14	3.97455e-14	2.73986e-15	5.35167e-16	3.56502e-17	1.49545e-17	5.47882e-19	8.7449e-20	5.20489e-21	1.21578e-21	3.42732e-23	5.14236e-24	1.28423e-25	2.25495e-26	5.32718e-28	3.45338e-29	8.61271e-31	1.61995e-31	1.65015e-33	7.70684e-35	1.30799e-36	1.03104e-37	8.71739e-40	5.68498e-41	5.28917e-43	4.57197e-44	3.21623e-46	8.63973e-48	8.47962e-50	7.80258e-51	3.67909e-53	1.03653e-54	1.27947e-56	7.373e-58	2.91682e-60	8.3098e-62	3.65534e-64	1.57429e-65	7.19763e-68	2.55242e-69	2.25522e-70	
N9	0.0345041	0.0616786	0.0983835	0.133233	0.144281	0.143419	0.110351	0.0877579	0.0582066	0.0423883	0.023872	0.0217315	0.0105844	0.00994294	0.00541902	0.00532288	0.00243565	0.00276268	0.00107193	0.00116675	0.000492762	0.00042081	0.000166182	0.000228163	6.55e-05	5.52188e-05	2.19611e-05	2.13615e-05	5.54557e-06	5.36327e-06	1.42815e-06	1.67389e-06	4.21238e-07	2.5431e-07	6.55998e-08	8.52995e-08	1.33801e-08	7.30481e-09	1.75264e-09	1.40509e-09	1.8213e-10	9.58686e-11	1.08197e-11	6.28747e-12	6.64914e-13	1.71009e-13	1.90313e-14	1.1731e-14	6.20156e-16	1.19744e-16	9.50306e-18	3.04154e-18	1.68962e-19	5.81421e-20	3.84285e-21	1.63166e-21	8.67528e-23	1.40783e-23	8.85422e-25	3.63424e-25	1.19026e-26	1.78418e-27	1.22776e-28	3.0394e-29	7.98517e-31	1.09451e-31	2.84271e-33	4.94784e-34	1.57401e-35	3.30294e-36	1.91219e-36	
N10	0.00576011	0.0114224	0.0219574	0.0380386	0.0562156	0.0765232	0.0872258	0.0947916	0.0923687	0.0856065	0.0723459	0.068267	0.0535161	0.0478067	0.0378746	0.0337683	0.0259598	0.0255396	0.0172018	0.0145353	0.00935388	0.00741401	0.00475735	0.00452125	0.00261892	0.00208667	0.00115801	0.000752807	0.000310136	0.000184178	6.20114e-05	3.29906e-05	1.21333e-05	6.29095e-06	2.35203e-06	1.46655e-06	4.40602e-07	1.99592e-07	5.76254e-08	2.18156e-08	4.54368e-09	1.5029e-09	2.48718e-10	7.05307e-11	1.21249e-11	3.2773e-12	7.1902e-13	3.58676e-13	8.64466e-14	3.70171e-14	1.01752e-14	4.10469e-15	8.79479e-16	3.44373e-16	6.24045e-17	2.07227e-17	3.52381e-18	8.51341e-19	1.24914e-19	3.52158e-20	3.82032e-21	7.46517e-22	9.05436e-23	1.64524e-23	1.44859e-24	2.46862e-25	2.02212e-26	3.56766e-27	5.07127e-28	1.64903e-28	9.18243e-29	
Schoenus_brevifolius	0	0	0	0	0	0	0	0	0	0	0	0	0	0	0	0	0	0	0	0	0	0	0	0	0	0	0	0	0	0	0	0	0	0	0	0	0	0	0	0	0	0	0	0	0	0	0	0	0	0	0	0	0	0	0	0	0	0	0	0	1	0	0	0	0	0	0	0	0	0	0	
Schoenus_nigricans	0	0	0	0	0	0	0	0	0	0	0	0	0	0	0	0	0	0	0	0	0	1	0	0	0	0	0	0	0	0	0	0	0	0	0	0	0	0	0	0	0	0	0	0	0	0	0	0	0	0	0	0	0	0	0	0	0	0	0	0	0	0	0	0	0	0	0	0	0	0	0	
Gahnia_aspera	0	0	0	0	0	0	0	0	0	0	0	0	0	0	0	0	0	0	0	0	0	0	0	0	0	0	0	0	0	0	0	0	0	0	0	0	0	0	0	1	0	0	0	0	0	0	0	0	0	0	0	0	0	0	0	0	0	0	0	0	0	0	0	0	0	0	0	0	0	0	0	
N11	0.0190542	0.0352448	0.0605208	0.091815	0.11809	0.137803	0.135534	0.123949	0.100523	0.074001	0.0476164	0.0292269	0.0147563	0.00716243	0.00299769	0.00116179	0.000378209	0.000124574	3.12127e-05	7.96274e-06	1.64236e-06	3.23501e-07	5.06614e-08	8.54728e-09	1.02982e-09	1.36299e-10	1.44119e-11	1.55464e-12	1.31106e-13	1.29385e-14	9.00251e-16	7.38269e-17	4.68194e-18	3.16214e-19	1.6585e-20	1.07237e-21	4.58749e-23	2.40055e-24	9.77004e-26	4.43282e-27	1.50808e-28	6.63085e-30	1.98679e-31	7.87585e-33	2.40049e-34	8.49989e-36	2.35953e-37	9e-39	2.20072e-40	7.13774e-42	1.771e-43	5.16936e-45	1.08549e-46	3.11422e-48	5.67105e-50	1.40438e-51	2.47898e-53	5.15307e-55	7.94231e-57	1.71714e-58	2.21698e-60	3.93673e-62	5.25235e-64	8.42815e-66	9.46108e-68	1.53866e-69	1.73225e-71	3.10684e-73	5.76872e-75	1.49124e-76	5.54205e-78	
Tetraria_capillaris	0	0	0	0	0	0	0	0	0	1	0	0	0	0	0	0	0	0	0	0	0	0	0	0	0	0	0	0	0	0	0	0	0	0	0	0	0	0	0	0	0	0	0	0	0	0	0	0	0	0	0	0	0	0	0	0	0	0	0	0	0	0	0	0	0	0	0	0	0	0	0	
N12	0.000160564	0.000598071	0.00218831	0.00654623	0.0153889	0.0311869	0.0523892	0.0870952	0.123905	0.144272	0.147213	0.141507	0.096833	0.0609856	0.0391008	0.0262646	0.0141749	0.00710063	0.00223481	0.000648756	0.000148997	4.19207e-05	1.12354e-05	3.58728e-06	7.01799e-07	1.4097e-07	1.8444e-08	2.3039e-09	2.12008e-10	3.42992e-11	6.19835e-12	1.88698e-12	4.22159e-13	1.02176e-13	1.67689e-14	3.50262e-15	3.92331e-16	5.4285e-17	4.94549e-18	4.90426e-19	2.97178e-20	2.33841e-21	9.97805e-23	5.70415e-24	2.02048e-25	8.11752e-27	2.14182e-28	8.16784e-30	1.58218e-31	4.30943e-33	7.80299e-35	1.77537e-36	2.45672e-38	5.17568e-40	5.86783e-42	1.02252e-43	1.08088e-45	1.46677e-47	1.32063e-49	1.92385e-51	1.36557e-53	1.51472e-55	1.14108e-57	1.14421e-59	6.78687e-62	6.686e-64	3.72999e-66	3.76379e-68	3.46394e-70	5.31918e-72	1.14276e-73	
Machaerina_articulata	0	0	0	0	0	0	0	0	0	0	0	1	0	0	0	0	0	0	0	0	0	0	0	0	0	0	0	0	0	0	0	0	0	0	0	0	0	0	0	0	0	0	0	0	0	0	0	0	0	0	0	0	0	0	0	0	0	0	0	0	0	0	0	0	0	0	0	0	0	0	0	
Machaerina_mariscoides	0	0	0	0	0	0	0	0	0	0	0	0	0	0	0	0	0	0	0	0	0	0	0	0	0	0	0	0	0	0	0	0	0	0	0	0	0	0	1	0	0	0	0	0	0	0	0	0	0	0	0	0	0	0	0	0	0	0	0	0	0	0	0	0	0	0	0	0	0	0	0	
N13	0.229889	0.267108	0.228439	0.152264	0.0766327	0.0323822	0.00988315	0.00270349	0.000569277	0.000110953	1.58014e-05	2.7943e-06	2.73271e-07	3.71429e-08	2.98124e-09	3.10955e-10	1.68383e-11	1.57297e-12	5.98665e-14	4.29353e-15	1.41982e-16	6.98431e-18	1.74185e-19	9.84647e-21	1.63932e-22	5.7094e-24	1.02776e-25	3.27456e-27	3.76834e-29	1.0657e-30	1.02544e-32	2.71503e-34	2.30292e-36	3.60017e-38	2.70706e-40	6.42796e-42	3.13613e-44	3.88505e-46	2.38352e-48	3.44013e-50	1.37164e-52	1.59211e-54	5.53747e-57	6.47806e-59	2.2608e-61	1.57058e-63	5.46032e-66	6.96781e-68	1.45362e-70	8.28926e-73	2.22912e-75	1.56301e-77	2.92716e-80	2.05293e-82	3.77234e-85	2.67499e-87	4.27695e-90	1.56672e-92	2.64996e-95	1.85884e-97	1.99196e-100	7.09473e-103	1.29128e-105	6.21316e-108	6.05308e-111	2.13486e-113	2.06638e-116	8.53335e-119	1.13707e-121	6.22518e-124	5.50528e-126	
N14	0.122236	0.186236	0.22389	0.20669	0.138945	0.0773861	0.0301855	0.0107092	0.002847	0.000716346	0.000125912	2.90517e-05	3.37914e-06	5.79706e-07	5.39497e-08	6.84444e-09	4.05636e-10	4.40264e-11	1.74447e-12	1.39933e-13	4.61976e-15	2.34679e-16	5.61024e-18	3.32654e-19	4.94174e-21	1.63527e-22	2.63388e-24	7.99988e-26	7.65437e-28	1.94961e-29	1.53612e-31	3.69984e-33	2.45439e-35	3.18076e-37	1.86573e-39	3.8651e-41	1.38996e-43	1.36435e-45	6.31377e-48	7.56659e-50	2.14572e-52	1.94184e-54	4.76339e-57	4.39953e-59	1.0719e-61	5.50399e-64	1.36699e-66	1.39537e-68	1.92767e-71	7.82395e-74	1.42547e-76	7.45982e-79	9.14277e-82	4.74996e-84	5.81481e-87	3.10639e-89	3.16108e-92	7.9321e-95	8.74321e-98	4.53301e-100	3.02748e-103	7.39706e-106	8.97451e-109	3.14846e-111	1.87777e-114	4.45003e-117	2.65834e-120	7.67825e-123	6.10299e-126	2.22811e-128	1.31272e-130	
N15	0.0228379	0.0480118	0.0906755	0.139731	0.167354	0.172591	0.136829	0.0991137	0.0597094	0.0336801	0.0157363	0.00845258	0.00315143	0.00142865	0.000468506	0.000171857	4.10935e-05	1.34328e-05	2.31457e-06	5.71846e-07	8.29765e-08	1.48177e-08	1.5847e-09	2.74077e-10	2.0283e-11	2.36285e-12	1.62423e-13	1.49821e-14	6.87976e-16	5.48822e-17	1.91855e-18	1.22729e-19	3.6643e-21	1.55972e-22	3.7123e-24	1.81049e-25	2.96282e-27	9.00475e-29	1.55383e-30	4.42192e-32	5.36853e-34	1.32987e-35	1.33288e-37	2.92965e-39	2.83109e-41	4.24192e-43	3.60587e-45	7.2823e-47	4.30709e-49	5.18236e-51	3.46457e-53	4.18461e-55	2.0738e-57	2.47111e-59	1.09702e-61	1.19086e-63	4.93389e-66	3.5254e-68	1.37412e-70	1.38728e-72	3.84762e-75	2.46309e-77	9.01043e-80	6.21063e-82	1.51793e-84	9.19288e-87	2.13227e-89	1.34438e-91	4.71721e-94	4.40598e-96	6.31643e-98	
N16	6.03376e-06	3.55177e-05	0.000192074	0.000787031	0.00238625	0.00578736	0.0121341	0.0237592	0.0404442	0.0546561	0.0590243	0.0691575	0.0797672	0.0890351	0.0921928	0.109166	0.119075	0.116277	0.0726984	0.0370606	0.0124848	0.00322931	0.000551685	8.34773e-05	7.80572e-06	6.82282e-07	4.22396e-08	2.34559e-09	9.27686e-11	3.84162e-12	1.0475e-13	3.07348e-15	6.62833e-17	1.4217e-18	2.2803e-20	4.24086e-22	5.12837e-24	7.2021e-26	7.69558e-28	8.7393e-30	7.29999e-32	7.44097e-34	5.03853e-36	4.22055e-38	2.62564e-40	1.78326e-42	9.16588e-45	6.09284e-47	2.57451e-49	1.38324e-51	5.64901e-54	2.64377e-56	8.9785e-59	4.0656e-61	1.18771e-63	4.62136e-66	1.30494e-68	4.28468e-71	1.05705e-73	3.58999e-76	7.47625e-79	2.10637e-81	4.52315e-84	1.15347e-86	2.10699e-89	5.48866e-92	1.01791e-94	2.96196e-97	9.04284e-100	3.73132e-102	1.84867e-104	
Dulichium_arundinaceum	0	0	0	0	0	0	0	0	0	0	0	0	0	0	0	1	0	0	0	0	0	0	0	0	0	0	0	0	0	0	0	0	0	0	0	0	0	0	0	0	0	0	0	0	0	0	0	0	0	0	0	0	0	0	0	0	0	0	0	0	0	0	0	0	0	0	0	0	0	0	0	
N17	3.90962e-09	5.31865e-08	6.53748e-07	5.65832e-06	3.31763e-05	0.000109281	0.000362415	0.00125635	0.00474537	0.0111059	0.0124808	0.0114443	0.012954	0.0138219	0.0128627	0.0159052	0.0331546	0.0994026	0.203859	0.26956	0.194001	0.0815511	0.0178265	0.00326592	0.000267735	2.17693e-05	1.01108e-06	4.38659e-08	1.06956e-09	3.31565e-11	4.91851e-13	1.00857e-14	1.08628e-16	1.5252e-18	1.13583e-20	1.32708e-22	6.96795e-25	5.78907e-27	2.68467e-29	1.74004e-31	6.05977e-34	3.79683e-36	1.0323e-38	5.18369e-41	1.5014e-43	5.54524e-46	1.26662e-48	5.98071e-51	9.94629e-54	3.14151e-56	6.16743e-59	1.75425e-61	2.42853e-64	7.23067e-67	8.41735e-70	2.19988e-72	2.51677e-75	4.70317e-78	4.81943e-81	1.20588e-83	9.03017e-87	1.51471e-89	1.36698e-92	2.46403e-95	1.57599e-98	2.41257e-101	1.52981e-104	2.62129e-107	2.11101e-110	4.81544e-113	1.51823e-115	
Blysmus_compressus	0	0	0	0	0	0	0	0	0	0	0	0	0	0	0	0	0	0	0	0	0	1	0	0	0	0	0	0	0	0	0	0	0	0	0	0	0	0	0	0	0	0	0	0	0	0	0	0	0	0	0	0	0	0	0	0	0	0	0	0	0	0	0	0	0	0	0	0	0	0	0	
Blysmus_rufus	0	0	0	0	0	0	0	0	0	0	0	0	0	0	0	0	0	0	0	1	0	0	0	0	0	0	0	0	0	0	0	0	0	0	0	0	0	0	0	0	0	0	0	0	0	0	0	0	0	0	0	0	0	0	0	0	0	0	0	0	0	0	0	0	0	0	0	0	0	0	0	
N18	0.00832463	0.0211519	0.050672	0.0976679	0.144356	0.175979	0.164655	0.134021	0.0919381	0.0566067	0.0295297	0.0154732	0.00604342	0.002463	0.0007874	0.000252181	5.86409e-05	1.69014e-05	2.90318e-06	6.81889e-07	1.03498e-07	1.91887e-08	2.09215e-09	3.69698e-10	2.66904e-11	3.22895e-12	2.07193e-13	1.86903e-14	7.84851e-16	6.42011e-17	2.01808e-18	1.30505e-19	3.57885e-21	1.56131e-22	3.24276e-24	1.5563e-25	2.09957e-27	5.972e-29	8.06002e-31	1.96996e-32	1.6753e-34	3.36858e-36	2.16815e-38	3.68133e-40	2.16974e-42	2.11157e-44	9.88685e-47	1.39203e-48	4.00524e-51	2.85092e-53	9.93944e-56	7.26243e-58	1.57298e-60	1.03776e-62	1.92312e-65	1.16701e-67	1.94198e-70	6.49454e-73	1.02095e-75	5.65451e-78	5.51087e-81	1.57114e-83	2.23783e-86	7.71401e-89	6.47367e-92	1.82309e-94	1.53771e-97	4.97899e-100	5.34432e-103	2.16741e-105	1.40092e-107	
N19	0.000915489	0.00276441	0.00831672	0.020986	0.0422402	0.0727026	0.100823	0.124332	0.13088	0.122509	0.101196	0.0875988	0.0615923	0.0474288	0.0312448	0.0216283	0.0113462	0.00719498	0.0026469	0.0011877	0.000332988	0.000104158	2.08003e-05	6.18801e-06	1.00635e-06	2.57835e-07	4.37252e-08	9.47538e-09	1.15384e-09	2.21105e-10	1.96078e-11	2.80203e-12	2.08451e-13	1.99905e-14	1.10784e-15	1.11234e-16	4.18936e-18	2.68543e-19	9.97685e-21	5.58737e-22	1.45486e-23	7.06009e-25	1.47891e-26	6.22353e-28	1.21456e-29	3.51772e-31	5.77073e-33	2.06399e-34	2.44812e-36	5.61433e-38	7.26754e-40	1.62376e-41	1.57932e-43	3.42295e-45	2.90836e-47	5.60456e-49	4.55808e-51	6.09529e-53	4.58088e-55	8.37746e-57	4.56172e-59	5.42114e-61	3.77526e-63	4.63759e-65	2.25451e-67	2.60864e-69	1.18466e-71	1.37821e-73	9.69082e-76	1.71636e-77	4.76098e-79	
N20	1.47124e-07	1.38969e-06	1.1846e-05	6.98728e-05	0.000308875	0.00116055	0.00364154	0.00649553	0.012652	0.0176525	0.0175001	0.0327594	0.0629132	0.101479	0.109836	0.0827172	0.0754519	0.127135	0.147212	0.12033	0.0472738	0.0131974	0.00441699	0.00482699	0.00414504	0.00366356	0.0019501	0.000902884	0.000230059	5.7627e-05	6.71455e-06	7.90911e-07	5.10151e-08	3.14035e-09	1.14484e-10	5.1784e-12	1.14743e-13	3.21673e-15	5.75994e-17	1.17548e-18	1.43755e-20	2.47131e-22	2.23969e-24	2.9629e-26	2.37934e-28	2.29441e-30	1.43392e-32	1.41143e-34	6.64704e-37	4.73811e-39	2.1902e-41	1.35713e-43	4.84762e-46	2.84515e-48	8.50255e-51	4.23283e-53	1.19842e-55	4.62763e-58	1.13808e-60	4.92029e-63	9.49577e-66	3.07812e-68	6.49574e-71	1.95085e-73	3.20248e-76	9.41802e-79	1.445e-81	4.29993e-84	1.07292e-86	4.94172e-89	2.93636e-91	
Scirpus_pendulus	0	0	0	0	0	0	0	0	0	0	0	0	0	0	0	0	0	0	0	1	0	0	0	0	0	0	0	0	0	0	0	0	0	0	0	0	0	0	0	0	0	0	0	0	0	0	0	0	0	0	0	0	0	0	0	0	0	0	0	0	0	0	0	0	0	0	0	0	0	0	0	
N21	5.83719e-16	7.40849e-14	4.77253e-12	2.53862e-10	5.34592e-09	1.67241e-08	5.27056e-07	1.65775e-06	2.46926e-06	2.64638e-05	7.24225e-06	9.56565e-06	0.000201466	0.00205537	0.00861037	0.00226588	0.000263912	0.00048897	0.00360701	0.00630211	0.00157687	0.000156943	1.84103e-05	3.97241e-06	5.81842e-05	0.00121718	0.0149313	0.106088	0.290109	0.433848	0.11446	0.0132271	0.000450541	1.05352e-05	1.04216e-07	1.20633e-09	5.30915e-12	3.17889e-14	8.58455e-17	3.12263e-19	5.08679e-22	1.28798e-24	1.37049e-27	2.38763e-30	2.00269e-33	2.35696e-36	1.40501e-39	1.58688e-42	6.91819e-46	5.48553e-49	2.52848e-52	1.62223e-55	5.49171e-59	3.9952e-62	1.03668e-65	5.56812e-69	1.62017e-72	6.02059e-76	1.35357e-79	6.8757e-83	1.04941e-86	3.32127e-90	6.46022e-94	1.83752e-97	2.3321e-101	6.99486e-105	7.7852e-109	2.23057e-112	3.55524e-116	1.46539e-119	7.77905e-123	
N22	1.10578e-23	1.42346e-20	6.96538e-18	1.68178e-15	7.77141e-14	9.11472e-13	1.90264e-10	6.88717e-10	8.29836e-10	2.0822e-08	4.02072e-09	6.03744e-09	5.48099e-07	2.95911e-05	0.00027671	6.49809e-05	2.69941e-06	3.47672e-06	6.14613e-05	0.000216897	5.93981e-05	1.91243e-06	4.53994e-08	1.68777e-08	1.35695e-07	1.55843e-05	0.00104847	0.029557	0.238097	0.52943	0.185161	0.0157072	0.000262289	4.00675e-06	1.33396e-08	2.82385e-10	4.1026e-13	2.10384e-15	3.58772e-18	4.47414e-21	3.01791e-24	4.12814e-27	9.68444e-31	5.66294e-34	2.11608e-37	6.1441e-41	7.49985e-45	7.61557e-48	3.77808e-52	4.76895e-55	1.92445e-59	2.00022e-62	5.47211e-67	4.24648e-70	8.53859e-75	4.73055e-78	7.00134e-83	2.37908e-86	2.84785e-91	8.33415e-95	7.22151e-100	1.16893e-103	1.19191e-108	1.28357e-112	8.56175e-118	1.22831e-85	2.05882e-86	2.85249e-86	1.91071e-87	6.62913e-88	7.85222e-88	
N23	1.28559e-25	7.8941e-23	2.36876e-20	5.905e-18	1.30399e-16	2.51e-15	2.3202e-13	4.75466e-12	3.06369e-12	5.31912e-11	1.11223e-10	1.26778e-10	9.47914e-09	5.87677e-07	1.04751e-05	1.31586e-05	4.83902e-07	6.98547e-08	8.69416e-07	8.45978e-06	1.11457e-05	8.80954e-07	2.0298e-08	1.19266e-09	1.09306e-09	1.53781e-07	2.46645e-05	0.00176861	0.0437791	0.31214	0.495387	0.1405	0.00627455	7.99467e-05	4.13192e-07	3.32672e-09	4.51301e-11	1.6004e-12	3.52517e-14	5.00385e-16	3.61794e-18	4.51013e-20	1.33189e-22	3.3945e-25	8.86236e-28	5.51003e-31	4.83722e-34	2.98296e-37	6.94542e-41	4.79404e-44	2.60427e-47	1.23303e-49	7.55062e-53	3.2726e-55	1.28348e-58	3.73012e-61	8.32352e-65	1.50263e-67	2.04914e-71	2.11297e-74	1.87933e-78	9.64768e-82	6.88376e-86	2.20793e-89	1.41979e-93	4.77738e-97	5.31947e-101	1.14875e-104	1.66814e-108	1.08123e-111	2.19442e-114	
N24	1.4857e-28	1.0166e-25	3.41233e-23	9.05112e-21	2.12414e-19	5.2039e-18	6.66324e-16	2.24605e-14	1.32169e-14	3.43351e-13	1.69808e-12	2.16144e-12	2.05407e-10	1.77207e-08	4.98012e-07	1.12387e-06	3.61413e-08	1.87003e-09	1.88377e-08	3.51808e-07	9.07147e-07	8.00717e-08	1.24505e-09	2.26038e-11	1.56565e-11	3.17201e-09	9.9888e-07	0.000151529	0.00885402	0.153553	0.561229	0.262434	0.0136002	0.000172982	8.0408e-07	1.75302e-09	2.31847e-12	1.04112e-14	2.36096e-16	3.96559e-18	2.9577e-20	4.81829e-22	2.05719e-24	5.50682e-27	2.30878e-29	1.98224e-32	2.15837e-35	1.90818e-38	4.76545e-42	2.13811e-45	6.22982e-49	1.50526e-52	6.58663e-56	2.79925e-58	1.15406e-61	4.38549e-64	1.11614e-67	2.92488e-70	4.31378e-74	7.31494e-77	6.53849e-81	6.32695e-84	3.93745e-88	2.13501e-91	9.89067e-96	3.33934e-99	1.65768e-103	3.84704e-107	3.6527e-111	1.20079e-114	2.06328e-117	
Scirpus_expansus	0	0	0	0	0	0	0	0	0	0	0	0	0	0	0	0	0	0	0	0	0	0	0	0	0	0	0	0	0	0	0	1	0	0	0	0	0	0	0	0	0	0	0	0	0	0	0	0	0	0	0	0	0	0	0	0	0	0	0	0	0	0	0	0	0	0	0	0	0	0	0	
N25	1.73062e-32	1.81791e-29	8.72193e-27	3.56985e-24	1.13244e-22	2.61185e-21	5.86824e-19	2.94273e-17	3.02424e-17	2.06381e-15	1.24345e-14	1.37829e-14	1.81261e-12	2.46522e-10	1.21042e-08	3.37964e-08	6.29913e-10	2.47289e-11	1.96401e-10	7.7102e-09	4.21056e-08	2.68703e-09	2.61087e-11	3.1189e-13	2.0054e-13	4.11897e-11	2.67662e-08	9.05818e-06	0.00131045	0.0618816	0.595082	0.330493	0.0111355	8.81576e-05	2.56918e-07	3.4945e-10	2.57405e-13	1.2079e-16	2.34751e-19	2.24095e-21	1.24542e-23	1.34936e-25	4.8412e-28	1.01578e-30	3.59769e-33	3.18296e-36	2.51389e-39	1.99475e-42	4.12397e-46	1.23632e-49	2.64205e-53	2.25709e-57	3.50512e-61	1.37856e-64	3.68639e-68	8.56926e-71	2.0951e-74	3.46709e-77	5.46614e-81	6.17359e-84	5.66321e-88	4.05193e-91	2.27338e-95	9.03321e-99	3.43287e-103	7.27222e-107	2.1396e-111	3.12276e-115	1.33477e-119	2.61039e-123	1.8837e-126	
Scirpus_sylvaticus	0	0	0	0	0	0	0	0	0	0	0	0	0	0	0	0	0	0	0	0	0	0	0	0	0	0	0	0	0	0	1	0	0	0	0	0	0	0	0	0	0	0	0	0	0	0	0	0	0	0	0	0	0	0	0	0	0	0	0	0	0	0	0	0	0	0	0	0	0	0	0	
Scirpus_microcarpus	0	0	0	0	0	0	0	0	0	0	0	0	0	0	0	0	0	0	0	0	0	0	0	0	0	0	0	0	0	0	0	1	0	0	0	0	0	0	0	0	0	0	0	0	0	0	0	0	0	0	0	0	0	0	0	0	0	0	0	0	0	0	0	0	0	0	0	0	0	0	0	
Scirpus_maximowiczii	0	0	0	0	0	0	0	0	0	0	0	0	0	0	0	0	0	0	0	0	0	0	0	0	0	0	0	0	0	0	0	1	0	0	0	0	0	0	0	0	0	0	0	0	0	0	0	0	0	0	0	0	0	0	0	0	0	0	0	0	0	0	0	0	0	0	0	0	0	0	0	
N26	2.32138e-26	3.16108e-23	1.98342e-20	3.51703e-18	2.57863e-16	1.56e-14	2.64004e-12	1.02149e-11	2.4139e-11	2.79747e-10	1.31442e-10	6.4105e-10	7.63389e-08	4.73925e-06	3.08104e-05	8.48118e-06	9.03265e-07	7.59452e-07	8.63587e-06	2.68269e-05	6.98457e-06	2.17455e-07	1.1456e-08	5.82914e-09	3.26204e-08	5.44587e-06	0.000593027	0.0237351	0.248377	0.535828	0.178358	0.0128046	0.000208883	1.3672e-06	3.66181e-09	9.29779e-12	1.24757e-14	2.43783e-16	7.07451e-19	1.34341e-20	2.79614e-23	4.0958e-25	1.01038e-27	1.9584e-30	7.64069e-33	4.36411e-36	4.00055e-39	2.90194e-42	3.85942e-46	1.59418e-49	3.80645e-53	1.2827e-56	3.08081e-60	1.78746e-62	2.74268e-66	1.41408e-68	1.26192e-72	4.61041e-75	2.74713e-79	7.1988e-82	2.50586e-86	3.57061e-89	8.95652e-94	7.11059e-97	1.33369e-101	5.05206e-105	1.16037e-109	3.19072e-113	1.3641e-117	2.66064e-121	4.89972e-124	
N27	4.92995e-26	1.81236e-23	4.1246e-21	5.19837e-19	2.17034e-17	4.37678e-16	1.78923e-14	1.68497e-13	8.26415e-13	2.06216e-11	1.41879e-10	5.97741e-10	1.21134e-08	3.60756e-07	2.99362e-06	2.05146e-06	3.5854e-07	1.90316e-07	6.45044e-07	3.44359e-06	2.79474e-06	4.2973e-07	2.49582e-08	2.30631e-08	1.53477e-07	1.21878e-06	6.92505e-05	0.00369295	0.0742115	0.401497	0.402383	0.109015	0.00892414	0.000190229	1.59215e-06	7.03193e-09	3.70271e-11	9.62557e-13	5.03644e-14	1.15879e-15	1.62605e-17	3.20667e-19	1.98679e-21	9.07402e-24	4.42616e-26	6.07559e-29	9.5048e-32	1.17609e-34	5.92409e-38	4.50867e-41	2.86353e-44	6.90944e-47	8.8515e-50	5.82858e-52	5.78056e-55	2.57817e-57	1.63092e-60	4.71004e-63	1.7447e-66	2.95253e-69	6.89612e-73	6.26838e-76	1.05142e-79	6.30146e-83	8.39035e-87	4.73926e-90	9.29259e-94	3.92179e-97	1.27058e-100	1.29337e-103	3.6775e-106	
Scirpus_polystachyus	0	0	0	0	0	0	0	0	0	0	0	0	0	0	0	0	0	0	0	0	0	0	0	0	0	0	0	0	0	1	0	0	0	0	0	0	0	0	0	0	0	0	0	0	0	0	0	0	0	0	0	0	0	0	0	0	0	0	0	0	0	0	0	0	0	0	0	0	0	0	0	
Scirpus_cyperinus	0	0	0	0	0	0	0	0	0	0	0	0	0	0	0	0	0	0	0	0	0	0	0	0	0	0	0	0	0	0	0	0	1	0	0	0	0	0	0	0	0	0	0	0	0	0	0	0	0	0	0	0	0	0	0	0	0	0	0	0	0	0	0	0	0	0	0	0	0	0	0	
N28	4.07708e-28	2.91552e-25	1.2859e-22	1.84605e-20	2.25915e-18	1.26587e-16	8.4324e-15	1.30781e-14	1.73864e-13	1.43354e-12	1.7307e-12	1.16729e-10	1.22532e-08	4.68932e-07	1.36391e-06	1.40119e-07	4.0757e-08	1.5814e-07	1.0716e-06	1.44682e-06	1.49641e-07	2.83557e-09	1.80442e-10	1.82646e-09	1.58529e-07	2.53351e-05	0.00200264	0.0587821	0.441432	0.433674	0.0619742	0.00208096	2.32039e-05	1.10926e-07	2.69105e-10	3.74393e-13	3.30195e-16	4.20604e-19	3.51476e-21	4.6749e-23	3.16384e-25	4.26863e-27	1.94801e-29	5.84676e-32	2.64715e-34	2.90684e-37	3.33076e-40	3.34206e-43	1.07159e-46	4.93537e-50	1.70226e-53	2.97713e-57	1.02256e-60	2.26966e-63	1.27505e-66	4.59138e-69	1.91234e-72	4.79423e-75	1.28311e-78	2.16253e-81	3.29077e-85	3.20627e-88	3.20654e-92	1.73739e-95	1.23623e-99	4.23317e-103	2.74718e-107	7.21036e-111	8.66066e-115	3.53741e-118	5.40313e-121	
N29	8.01792e-32	8.69283e-29	5.04779e-26	8.66799e-24	1.32079e-21	4.97328e-20	6.9691e-18	1.83233e-17	1.17345e-15	4.37763e-14	3.31983e-14	1.51184e-12	2.08976e-10	1.07874e-08	3.59989e-08	1.26187e-09	2.24098e-10	2.26253e-09	4.20396e-08	5.21996e-08	2.08222e-09	1.70091e-11	9.78984e-13	2.2497e-11	1.1357e-08	3.93954e-06	0.000631872	0.0368214	0.500228	0.437373	0.0246234	0.000316889	1.45456e-06	3.03512e-09	3.35402e-12	2.21343e-15	1.34436e-18	3.87343e-21	5.04046e-23	2.65019e-25	8.63714e-28	4.41085e-30	7.12294e-33	8.31296e-36	1.14281e-38	4.25662e-42	1.90053e-45	6.84951e-49	9.49402e-53	1.98511e-56	3.29647e-60	1.26381e-63	4.09724e-67	7.97152e-70	2.13168e-73	2.9916e-76	5.2491e-80	4.90563e-83	4.98048e-87	2.78702e-90	1.80249e-94	5.63512e-98	2.62633e-102	5.13982e-106	1.84307e-110	3.00434e-114	1.42398e-118	1.76562e-122	1.4619e-126	3.84136e-130	3.19046e-133	
Eriophorum_virginicum	0	0	0	0	0	0	0	0	0	0	0	0	0	0	0	0	0	0	0	0	0	0	0	0	0	0	0	0	1	0	0	0	0	0	0	0	0	0	0	0	0	0	0	0	0	0	0	0	0	0	0	0	0	0	0	0	0	0	0	0	0	0	0	0	0	0	0	0	0	0	0	
Eriophorum_gracile	0	0	0	0	0	0	0	0	0	0	0	0	0	0	0	0	0	0	0	0	0	0	0	0	0	0	0	0	0	1	0	0	0	0	0	0	0	0	0	0	0	0	0	0	0	0	0	0	0	0	0	0	0	0	0	0	0	0	0	0	0	0	0	0	0	0	0	0	0	0	0	
Eriophorum_angustifolium_subsp_angustifolium	0	0	0	0	0	0	0	0	0	0	0	0	0	0	0	0	0	0	0	0	0	0	0	0	0	0	0	0	1	0	0	0	0	0	0	0	0	0	0	0	0	0	0	0	0	0	0	0	0	0	0	0	0	0	0	0	0	0	0	0	0	0	0	0	0	0	0	0	0	0	0	
Scirpus_radicans	0	0	0	0	0	0	0	0	0	0	0	0	0	0	0	0	0	0	0	0	0	0	0	0	0	0	0	1	0	0	0	0	0	0	0	0	0	0	0	0	0	0	0	0	0	0	0	0	0	0	0	0	0	0	0	0	0	0	0	0	0	0	0	0	0	0	0	0	0	0	0	
Scirpus_divaricatus	0	0	0	0	0	0	0	0	0	0	0	0	0	1	0	0	0	0	0	0	0	0	0	0	0	0	0	0	0	0	0	0	0	0	0	0	0	0	0	0	0	0	0	0	0	0	0	0	0	0	0	0	0	0	0	0	0	0	0	0	0	0	0	0	0	0	0	0	0	0	0	
N30	0.00818699	0.0204198	0.0486082	0.0936972	0.140461	0.172751	0.165169	0.136023	0.0954718	0.0597107	0.0319938	0.0167924	0.00668475	0.00273069	0.000894802	0.000300619	7.18089e-05	2.59768e-05	4.47083e-06	1.86024e-06	3.23921e-07	1.58067e-07	1.80063e-08	1.5486e-08	1.06481e-09	8.33502e-10	6.62966e-11	3.87199e-11	1.79923e-12	1.24339e-12	4.51072e-14	2.9124e-14	1.06497e-15	4.05713e-16	1.11973e-17	6.45581e-18	1.11994e-19	3.19646e-20	1.01033e-21	2.54238e-22	3.25754e-24	8.19796e-25	9.6158e-27	3.28606e-27	5.68302e-29	3.11467e-30	4.64427e-32	2.14553e-32	9.87965e-35	6.57078e-36	1.81042e-37	2.7727e-38	1.06396e-40	1.13114e-41	7.03832e-44	1.9438e-44	8.51285e-47	2.55642e-48	2.39225e-50	7.49307e-51	1.80381e-53	7.07288e-55	1.05725e-56	2.11415e-57	5.04276e-60	2.74722e-61	1.52695e-63	3.65099e-64	9.19379e-67	4.49178e-68	1.25416e-68	
N31	2.37975e-06	8.98624e-05	0.00189781	0.0147356	0.151993	0.708068	0.11753	0.00556574	0.00011713	1.36449e-06	9.85273e-09	4.94888e-11	1.72459e-13	4.6093e-16	9.47172e-19	1.55094e-21	2.03571e-24	2.31833e-27	2.1053e-30	1.71556e-33	1.19015e-36	7.3168e-40	3.84746e-43	1.94451e-46	7.99221e-50	3.20603e-53	1.1163e-56	3.6361e-60	1.01842e-63	2.91304e-67	6.71242e-71	1.5936e-74	3.26254e-78	6.52302e-82	1.11886e-85	2.05998e-89	2.99069e-93	4.67154e-97	6.28507e-101	8.52227e-105	9.79868e-109	1.25054e-112	1.24592e-116	1.38234e-120	1.3063e-124	1.26439e-128	1.03736e-132	9.74867e-137	6.99686e-141	5.71586e-145	3.96201e-149	2.88462e-153	1.74866e-157	1.2423e-161	6.67376e-166	4.18886e-170	2.18825e-174	1.22023e-178	5.66684e-183	3.14928e-187	1.29386e-191	6.32672e-196	2.60082e-200	1.16316e-204	4.34643e-209	2.05959e-213	8.50079e-218	4.85882e-222	3.054e-226	2.23503e-230	1.69336e-234	
Carex_pachygyna	0	0	0	0	0	1	0	0	0	0	0	0	0	0	0	0	0	0	0	0	0	0	0	0	0	0	0	0	0	0	0	0	0	0	0	0	0	0	0	0	0	0	0	0	0	0	0	0	0	0	0	0	0	0	0	0	0	0	0	0	0	0	0	0	0	0	0	0	0	0	0	
Carex_siderosticta	0	0	0	0	0	1	0	0	0	0	0	0	0	0	0	0	0	0	0	0	0	0	0	0	0	0	0	0	0	0	0	0	0	0	0	0	0	0	0	0	0	0	0	0	0	0	0	0	0	0	0	0	0	0	0	0	0	0	0	0	0	0	0	0	0	0	0	0	0	0	0	
N32	1.30676e-07	9.18847e-07	6.07676e-06	2.92985e-05	0.000109694	0.000358495	0.000779863	0.00149809	0.00243214	0.00407435	0.00830376	0.0173305	0.0229461	0.021556	0.0208819	0.023634	0.0239331	0.0195734	0.0104163	0.00865527	0.00937853	0.0146433	0.0296586	0.0802571	0.134333	0.184972	0.136156	0.0782757	0.0359773	0.0329378	0.028072	0.0261191	0.014338	0.00637979	0.00156999	0.000365983	4.16584e-05	4.77785e-06	3.52625e-07	2.77157e-08	2.57436e-09	1.02348e-09	3.85387e-10	1.87228e-10	5.95415e-11	1.97215e-11	4.31404e-12	1.16941e-12	1.65596e-13	2.76356e-14	2.90846e-15	3.15038e-16	1.9898e-17	1.53064e-18	6.14438e-20	3.07193e-21	9.28883e-23	3.06375e-24	6.60595e-26	1.92744e-27	2.92206e-29	5.94119e-31	8.28097e-33	1.35397e-34	1.39855e-36	2.08536e-38	1.93168e-40	2.85211e-42	4.06505e-44	8.24312e-46	2.28554e-47	
Trichophorum_cespitosum	0	0	0	0	0	0	0	0	0	0	0	0	0	0	0	0	0	0	0	0	0	0	0	0	0	0	0	0	0	0	0	0	0	0	0	0	0	0	0	0	0	0	0	0	0	0	0	0	0	0	0	1	0	0	0	0	0	0	0	0	0	0	0	0	0	0	0	0	0	0	0	
Trichophorum_alpinum	0	0	0	0	0	0	0	0	0	0	0	0	0	0	0	0	0	0	0	0	0	0	0	0	0	0	0	0	1	0	0	0	0	0	0	0	0	0	0	0	0	0	0	0	0	0	0	0	0	0	0	0	0	0	0	0	0	0	0	0	0	0	0	0	0	0	0	0	0	0	0	
N33	0.0688086	0.133264	0.201867	0.224668	0.178685	0.113297	0.0512143	0.0200943	0.00607158	0.00162887	0.000317761	7.30429e-05	9.16656e-06	1.57325e-06	1.51327e-07	1.88916e-08	1.11993e-09	1.19624e-10	4.53896e-12	3.44118e-13	1.05676e-14	5.1009e-16	1.09135e-17	5.75651e-19	7.65738e-21	2.33781e-22	3.35044e-24	9.03019e-26	7.48917e-28	1.72565e-29	1.14987e-31	2.45956e-33	1.38468e-35	1.5341e-37	7.43698e-40	1.35988e-41	3.86121e-44	3.14995e-46	1.15998e-48	1.1747e-50	2.52872e-53	1.8379e-55	3.43892e-58	2.67757e-60	4.78139e-63	1.88155e-65	3.36901e-68	2.73507e-70	2.68552e-73	8.28078e-76	1.10017e-78	4.58159e-81	3.94743e-84	1.55656e-86	1.31386e-89	5.36453e-92	3.73701e-95	6.8089e-98	5.26334e-101	2.13604e-103	9.50774e-107	1.66184e-109	1.41201e-112	3.72811e-115	1.4745e-118	2.60707e-121	1.02773e-124	2.18357e-127	1.11928e-130	2.90687e-133	1.22807e-135	
N34	0.102992	0.160069	0.206544	0.208609	0.158979	0.0962299	0.0437793	0.0164019	0.00489788	0.00121071	0.000235466	4.48738e-05	5.8971e-06	8.64546e-07	9.16332e-08	1.10171e-08	8.16501e-10	9.95454e-11	5.21858e-12	5.0629e-13	2.32173e-14	1.66756e-15	5.58658e-17	4.08502e-18	9.55548e-20	4.89564e-21	1.17969e-22	5.06068e-24	8.16295e-26	3.43519e-27	4.51813e-29	1.69988e-30	2.15709e-32	4.99114e-34	5.45283e-36	2.07552e-37	1.44105e-39	2.81475e-41	2.67192e-43	6.27837e-45	3.62699e-47	6.82349e-49	3.62602e-51	7.75797e-53	3.98528e-55	4.4627e-57	2.28099e-59	5.09628e-61	1.61755e-63	1.61397e-65	7.13283e-68	1.00201e-69	2.96253e-72	3.67272e-74	1.08495e-76	1.49076e-78	3.93247e-81	2.6947e-83	8.05643e-86	1.18642e-87	2.10009e-90	1.36868e-92	4.3622e-95	4.12909e-97	6.82498e-100	5.0221e-102	8.13824e-105	6.60195e-107	1.43208e-109	1.4737e-111	2.79085e-113	
N35	0.185903	0.227399	0.219035	0.17253	0.107986	0.0557386	0.0220156	0.00712702	0.00181969	0.000375799	6.09367e-05	9.0446e-06	9.82824e-07	1.06874e-07	9.17418e-09	7.8082e-10	4.85017e-11	3.74776e-12	1.69387e-13	1.01081e-14	3.8683e-16	1.77083e-17	5.08629e-19	2.19807e-20	4.70235e-22	1.55049e-23	3.1903e-25	8.72089e-27	1.3412e-28	3.59031e-30	4.51319e-32	1.024e-33	1.23352e-35	2.09472e-37	2.11681e-39	4.34575e-41	3.26889e-43	4.61219e-45	3.8269e-47	5.25373e-49	3.2587e-51	4.13042e-53	2.2231e-55	2.66311e-57	1.41841e-59	1.20276e-61	5.72683e-64	6.5565e-66	2.32857e-68	1.72397e-70	7.1042e-73	5.47747e-75	1.73677e-77	1.33703e-79	3.85034e-82	2.7485e-84	7.7809e-87	3.84601e-89	1.04921e-91	7.62493e-94	1.50875e-96	6.99538e-99	1.87264e-101	9.42978e-104	1.74753e-106	8.34899e-109	1.47165e-111	7.19891e-114	1.95921e-116	1.45925e-118	1.61902e-120	
N36	0.215838	0.25206	0.224065	0.160418	0.0892665	0.0404824	0.0134276	0.00358702	0.000724152	0.000116341	1.41251e-05	1.59261e-06	1.25189e-07	1.00517e-08	6.09944e-10	3.69335e-11	1.57845e-12	8.2995e-14	2.54387e-15	1.01418e-16	2.61219e-18	7.91808e-20	1.54301e-21	4.47132e-23	6.5202e-25	1.43392e-26	2.03258e-28	3.75093e-30	3.99379e-32	7.14363e-34	6.26483e-36	9.55575e-38	7.94239e-40	9.15035e-42	6.43204e-44	8.70542e-46	4.63384e-48	4.41956e-50	2.54804e-52	2.34055e-54	1.03349e-56	8.85965e-59	3.39896e-61	2.71013e-63	1.03946e-65	6.0841e-68	2.09387e-70	1.61533e-72	4.21378e-75	2.16843e-77	6.51102e-80	3.40039e-82	8.00289e-85	4.2883e-87	9.1813e-90	4.51189e-92	9.57453e-95	3.36163e-97	6.78718e-100	3.35485e-102	5.05633e-105	1.67852e-107	3.31905e-110	1.17047e-112	1.65127e-115	5.52936e-118	7.48163e-121	2.60063e-123	5.52863e-126	2.95591e-128	2.26827e-130	
N37	0.158853	0.222751	0.241071	0.197109	0.113795	0.0491745	0.0138209	0.00294235	0.000430777	4.89507e-05	3.84117e-06	3.06484e-07	1.44168e-08	8.05472e-10	2.86508e-11	1.16787e-12	2.72407e-14	9.59028e-16	1.53222e-17	4.02058e-19	5.4371e-21	1.02472e-22	1.04052e-24	2.08996e-26	1.4956e-28	2.05463e-30	1.57134e-32	1.92347e-34	1.0057e-36	1.16676e-38	5.11719e-41	5.43286e-43	2.20636e-45	1.52967e-47	5.46618e-50	5.38681e-52	1.3297e-54	7.64661e-57	2.27596e-59	1.4603e-61	3.03982e-64	1.65882e-66	3.06439e-69	1.6892e-71	3.15147e-74	1.09826e-76	1.97976e-79	1.16656e-81	1.38764e-84	4.19686e-87	6.38507e-90	2.26506e-92	2.5087e-95	9.20139e-98	9.77155e-101	3.48586e-103	3.43706e-106	7.08873e-109	7.20398e-112	2.66852e-114	1.80415e-117	3.67358e-120	3.97212e-123	1.02895e-125	6.54516e-129	1.36642e-131	8.56601e-135	2.01285e-137	1.79202e-140	5.86088e-143	2.89761e-145	
N38	0.0671981	0.141765	0.233627	0.263273	0.184641	0.0838823	0.0214043	0.00375538	0.000416926	3.53261e-05	1.96708e-06	1.19697e-07	3.91117e-09	1.64134e-10	4.00222e-12	1.19565e-13	1.8775e-15	4.83622e-17	5.22794e-19	1.0232e-20	9.65618e-23	1.33734e-24	9.70017e-27	1.56336e-28	7.88415e-31	8.23864e-33	4.62934e-35	4.53397e-37	1.69697e-39	1.52291e-41	4.88997e-44	4.21693e-46	1.2316e-48	6.6288e-51	1.75973e-53	1.43846e-55	2.59461e-58	1.17053e-60	2.66966e-63	1.41801e-65	2.21443e-68	9.93722e-71	1.38422e-73	6.30248e-76	9.10163e-79	2.57296e-81	3.7544e-84	1.95887e-86	1.78387e-89	4.36954e-92	5.22454e-95	1.57362e-97	1.34729e-100	4.22503e-103	3.60932e-106	1.14594e-108	8.73133e-112	1.49241e-114	1.20083e-117	3.8811e-120	2.04724e-123	3.53088e-126	3.14666e-129	7.30825e-132	3.62302e-135	6.27114e-138	3.12462e-141	6.45598e-144	4.4667e-147	1.24438e-149	5.29878e-152	
Fimbristylis_autumnalis	0	0	0	0	1	0	0	0	0	0	0	0	0	0	0	0	0	0	0	0	0	0	0	0	0	0	0	0	0	0	0	0	0	0	0	0	0	0	0	0	0	0	0	0	0	0	0	0	0	0	0	0	0	0	0	0	0	0	0	0	0	0	0	0	0	0	0	0	0	0	0	
Fimbristylis_complanata	0	0	0	0	1	0	0	0	0	0	0	0	0	0	0	0	0	0	0	0	0	0	0	0	0	0	0	0	0	0	0	0	0	0	0	0	0	0	0	0	0	0	0	0	0	0	0	0	0	0	0	0	0	0	0	0	0	0	0	0	0	0	0	0	0	0	0	0	0	0	0	
N39	0.00040785	0.00654448	0.0575137	0.281816	0.522364	0.122643	0.0084244	0.00028144	5.07488e-06	5.98583e-08	4.55322e-10	3.01192e-12	1.24667e-14	5.09029e-17	1.45803e-19	4.05687e-22	7.64866e-25	1.72926e-27	2.27248e-30	3.8071e-33	4.1683e-36	5.24065e-39	4.35752e-42	5.2447e-45	3.26925e-48	2.95767e-51	1.77483e-54	1.3459e-57	6.09866e-61	4.38577e-64	1.64303e-67	1.00882e-70	3.53926e-74	1.6685e-77	4.98897e-81	2.68061e-84	6.19648e-88	2.41887e-91	6.00524e-95	2.2194e-98	4.30989e-102	1.51725e-105	2.56433e-109	8.2302e-113	1.40452e-116	3.44137e-120	5.27048e-124	1.63641e-127	1.94297e-131	4.21227e-135	5.63448e-139	1.20486e-142	1.28912e-146	2.82423e-150	2.74727e-154	5.52151e-158	5.31729e-162	7.98205e-166	7.23302e-170	1.42232e-173	9.98235e-178	1.40385e-181	1.22703e-185	1.77666e-189	1.15842e-193	1.61114e-197	1.0191e-201	1.48729e-205	1.52962e-209	3.46625e-213	9.63053e-217	
Fimbristylis_aestivalis	0	0	0	0	1	0	0	0	0	0	0	0	0	0	0	0	0	0	0	0	0	0	0	0	0	0	0	0	0	0	0	0	0	0	0	0	0	0	0	0	0	0	0	0	0	0	0	0	0	0	0	0	0	0	0	0	0	0	0	0	0	0	0	0	0	0	0	0	0	0	0	
Fimbristylis_squarrosa	0	0	0	0	1	0	0	0	0	0	0	0	0	0	0	0	0	0	0	0	0	0	0	0	0	0	0	0	0	0	0	0	0	0	0	0	0	0	0	0	0	0	0	0	0	0	0	0	0	0	0	0	0	0	0	0	0	0	0	0	0	0	0	0	0	0	0	0	0	0	0	
Fimbristylis_ovata	0	0	0	0	1	0	0	0	0	0	0	0	0	0	0	0	0	0	0	0	0	0	0	0	0	0	0	0	0	0	0	0	0	0	0	0	0	0	0	0	0	0	0	0	0	0	0	0	0	0	0	0	0	0	0	0	0	0	0	0	0	0	0	0	0	0	0	0	0	0	0	
N40	0.0273339	0.0668625	0.132495	0.195081	0.209816	0.180055	0.109873	0.0531128	0.0189251	0.0052113	0.00103064	0.000179222	2.18692e-05	2.64833e-06	2.49832e-07	2.20939e-08	1.4131e-09	9.7755e-11	4.30656e-12	2.20067e-13	8.21018e-15	3.35855e-16	1.00413e-17	3.87901e-19	8.82147e-21	2.5474e-22	5.09266e-24	1.13748e-25	1.65025e-27	3.27077e-29	3.7468e-31	6.12666e-33	6.66108e-35	9.16311e-37	9.07618e-39	1.43899e-40	1.21282e-42	1.53301e-44	1.32605e-46	1.4875e-48	9.98668e-51	1.02966e-52	5.6839e-55	4.9607e-57	2.59716e-59	1.73508e-61	7.64739e-64	5.66984e-66	1.95901e-68	1.07277e-70	3.88866e-73	1.96652e-75	5.77641e-78	2.93721e-80	7.64834e-83	3.46771e-85	8.99434e-88	3.25196e-90	7.71727e-93	3.3289e-95	6.37606e-98	2.10486e-100	4.63997e-103	1.47791e-105	2.56482e-108	8.08385e-111	1.35244e-113	4.43911e-116	1.23221e-118	6.20524e-121	4.0494e-123	
Bulbostylis_barbata	0	0	0	0	1	0	0	0	0	0	0	0	0	0	0	0	0	0	0	0	0	0	0	0	0	0	0	0	0	0	0	0	0	0	0	0	0	0	0	0	0	0	0	0	0	0	0	0	0	0	0	0	0	0	0	0	0	0	0	0	0	0	0	0	0	0	0	0	0	0	0	
N41	0.000102777	0.00121928	0.0100968	0.0481325	0.140357	0.206991	0.270687	0.159965	0.0993517	0.0503697	0.0088989	0.00260455	0.000864856	0.0003137	3.89345e-05	5.62516e-06	7.21018e-07	2.0949e-07	3.1735e-08	7.44887e-09	5.62486e-10	3.55786e-11	8.36618e-13	6.16045e-14	5.2894e-15	1.77282e-15	2.87967e-16	5.74822e-17	2.99126e-18	2.48549e-19	5.15749e-21	2.16648e-22	3.74842e-24	2.81821e-25	1.42789e-26	1.87863e-27	4.37632e-29	2.0081e-30	3.6428e-32	1.21772e-33	9.3279e-36	1.58942e-37	6.69917e-40	7.41274e-42	2.09819e-44	9.7656e-47	1.97816e-49	1.255e-51	1.23728e-54	2.95168e-57	3.11429e-60	7.54375e-63	4.80059e-66	1.04037e-68	5.63807e-72	1.06403e-74	4.61185e-78	4.21312e-81	1.73328e-84	2.74644e-87	6.69457e-91	5.11612e-94	1.9469e-97	1.85091e-100	3.63953e-104	2.44206e-107	4.49279e-111	3.32992e-114	7.98628e-118	7.5332e-121	1.02358e-123	
N42	2.29877e-05	0.000253715	0.00231132	0.0126316	0.040854	0.0829183	0.120732	0.116097	0.0875654	0.0859143	0.0246004	0.0556504	0.0229982	0.118232	0.0211235	0.0489711	0.00832126	0.0356356	0.00891495	0.0563704	0.0130109	0.006992	0.000383944	0.00139146	0.000173066	0.000902848	0.0017202	0.0187781	0.00186389	0.00301434	0.000255762	0.000997059	3.74379e-05	4.59766e-05	1.52662e-05	0.000264611	1.50113e-05	1.10155e-05	1.61752e-06	6.43648e-06	1.24591e-07	7.53594e-08	8.85022e-10	6.64735e-10	5.86426e-12	3.46941e-13	7.01259e-15	5.19566e-15	8.54709e-18	2.07009e-19	9.45366e-22	9.94479e-23	1.40555e-25	2.08451e-26	4.48834e-29	8.55628e-30	5.05051e-33	4.46995e-35	5.37677e-38	7.03556e-39	2.58617e-42	3.75414e-44	1.94073e-46	1.56826e-47	4.12234e-51	3.21287e-53	1.04396e-56	4.07816e-58	1.28993e-61	2.60457e-63	1.71877e-64	
Bulbostylis_juncoides	0	0	0	0	0	0	0	0	0	0	0	0	0	0	0	0	0	0	0	0	0	0	0	0	0	0	0	0	0	0	0	0	0	0	0	0	0	0	0	0	0	1	0	0	0	0	0	0	0	0	0	0	0	0	0	0	0	0	0	0	0	0	0	0	0	0	0	0	0	0	0	
Bulbostylis_densa	0	0	0	0	0	0	0	0	0	0	0	0	0	0	0	0	0	0	0	0	0	0	0	0	0	0	0	0	0	0	0	1	0	0	0	0	0	0	0	0	0	0	0	0	0	0	0	0	0	0	0	0	0	0	0	0	0	0	0	0	0	0	0	0	0	0	0	0	0	0	0	
Bulbostylis_hispidula	0	0	0	0	1	0	0	0	0	0	0	0	0	0	0	0	0	0	0	0	0	0	0	0	0	0	0	0	0	0	0	0	0	0	0	0	0	0	0	0	0	0	0	0	0	0	0	0	0	0	0	0	0	0	0	0	0	0	0	0	0	0	0	0	0	0	0	0	0	0	0	
N43	0.00414106	0.0114685	0.0299192	0.0631578	0.103587	0.146803	0.164523	0.164542	0.131381	0.0890093	0.0487627	0.0260045	0.0101501	0.00430209	0.00152381	0.000540624	0.000137781	3.85223e-05	6.59646e-06	1.37287e-06	2.15289e-07	4.00091e-08	5.39469e-09	9.52033e-10	9.17217e-11	1.13904e-11	9.93546e-13	1.14732e-13	1.07233e-14	1.79706e-15	1.89148e-16	3.00614e-17	2.92789e-18	3.43481e-19	2.57727e-20	2.95179e-21	1.56928e-22	1.21706e-23	5.98291e-25	3.78872e-26	1.32517e-27	7.18785e-29	1.94488e-30	8.47146e-32	2.06304e-33	6.41847e-35	1.25293e-36	4.21095e-38	6.03342e-40	1.38681e-41	2.00331e-43	4.07881e-45	4.48388e-47	8.71266e-49	8.07262e-51	1.33257e-52	1.16398e-54	1.42828e-56	1.09415e-58	1.56956e-60	9.1755e-63	9.48457e-65	6.28544e-67	6.16455e-69	3.06962e-71	2.87349e-73	1.34368e-75	1.27792e-77	9.66622e-80	1.41027e-81	3.07906e-83	
Eleocharis_dulcis	0	0	0	0	0	0	0	0	0	0	0	0	0	0	0	0	0	0	0	0	0	0	0	0	0	0	0	0	0	0	0	0	0	0	0	0	0	1	0	0	0	0	0	0	0	0	0	0	0	0	0	0	0	0	0	0	0	0	0	0	0	0	0	0	0	0	0	0	0	0	0	
N44	0.000289054	0.00141023	0.00652811	0.022455	0.0562646	0.111585	0.171358	0.21272	0.198013	0.132566	0.0610291	0.0203501	0.00454308	0.000778973	9.92107e-05	9.93499e-06	7.5143e-07	4.87686e-08	2.29197e-09	9.74678e-11	3.37539e-12	1.08951e-13	2.95018e-15	8.34512e-17	1.73722e-18	3.69926e-20	6.19747e-22	9.84739e-24	1.20419e-25	1.67447e-27	1.60485e-29	1.74428e-31	1.44221e-33	1.18426e-35	7.41182e-38	5.01663e-40	2.32137e-42	1.15381e-44	4.3548e-47	1.70206e-49	4.88028e-52	1.71397e-54	3.93423e-57	1.20944e-59	2.65225e-62	7.03039e-65	1.31599e-67	3.68917e-70	5.7771e-73	1.27557e-75	2.05464e-78	3.79829e-81	4.90999e-84	9.17212e-87	9.83555e-90	1.49204e-92	1.6326e-95	2.01162e-98	1.83989e-101	2.57921e-104	1.92062e-107	2.21856e-110	1.80141e-113	1.94323e-116	1.30168e-119	1.44614e-122	9.15851e-126	1.04034e-128	1.02461e-131	1.7563e-134	3.50951e-137	
N45	1.29217e-05	8.63809e-05	0.000590135	0.00300686	0.0112164	0.0310096	0.0663767	0.123202	0.187752	0.236796	0.194403	0.100529	0.031247	0.0100566	0.00285441	0.000709304	0.00011418	2.83131e-05	6.24588e-06	2.31935e-06	4.9765e-07	1.18151e-07	1.39503e-08	2.16462e-09	1.30404e-10	1.07561e-11	4.47472e-13	2.23973e-14	5.35505e-16	2.20222e-17	3.54594e-19	1.03422e-20	1.42834e-22	2.66542e-24	2.72013e-26	5.88555e-28	3.93174e-30	5.12608e-32	3.59601e-34	4.44982e-36	2.1127e-38	2.16673e-40	8.61205e-43	8.46802e-45	3.09908e-47	1.93724e-49	6.17762e-52	5.30403e-54	1.19943e-56	6.1004e-59	1.59667e-61	8.66473e-64	1.67001e-66	8.72195e-69	1.49311e-71	7.08973e-74	1.19014e-76	3.67281e-79	6.02501e-82	2.98328e-84	3.31223e-87	9.38267e-90	1.49435e-92	4.72593e-95	4.90625e-98	1.48401e-100	1.43101e-103	4.25678e-106	6.17742e-109	2.72437e-111	1.76894e-113	
Eleocharis_uniglumis	0	0	0	0	0	0	0	0	0	0	0	0	0	0	0	0	0	0	0	0	0	0	0	1	0	0	0	0	0	0	0	0	0	0	0	0	0	0	0	0	0	0	0	0	0	0	0	0	0	0	0	0	0	0	0	0	0	0	0	0	0	0	0	0	0	0	0	0	0	0	0	
Eleocharis_acicularis	0	0	0	0	0	0	0	0	0	1	0	0	0	0	0	0	0	0	0	0	0	0	0	0	0	0	0	0	0	0	0	0	0	0	0	0	0	0	0	0	0	0	0	0	0	0	0	0	0	0	0	0	0	0	0	0	0	0	0	0	0	0	0	0	0	0	0	0	0	0	0	
N46	0.000118433	0.000628969	0.00346424	0.0142439	0.0424829	0.0992825	0.178075	0.239424	0.222134	0.133935	0.0510533	0.0128702	0.00203526	0.00023199	1.90747e-05	1.25033e-06	5.99739e-08	3.6007e-09	1.11818e-10	5.27511e-12	1.34414e-13	4.64069e-15	7.64227e-17	2.35439e-18	2.62182e-20	5.97844e-22	5.75239e-24	9.76521e-26	6.69606e-28	1.08694e-29	5.77847e-32	7.42932e-34	4.05302e-36	3.645e-38	1.59621e-40	2.14178e-42	6.28751e-45	4.92395e-47	2.09209e-49	1.68756e-51	4.19989e-54	3.28037e-56	7.32357e-59	6.11083e-61	1.31688e-63	5.83152e-66	1.17764e-68	9.80229e-71	1.26109e-73	5.08237e-76	8.91045e-79	5.10691e-81	5.65176e-84	2.34005e-86	2.62985e-89	1.35834e-91	1.32332e-94	3.49064e-97	3.88798e-100	2.03039e-102	1.38077e-105	3.27931e-108	3.70605e-111	1.21145e-113	7.99402e-117	2.32058e-119	1.49854e-122	4.51452e-125	3.98862e-128	1.54543e-130	1.06946e-132	
N47	8.72232e-07	1.41523e-05	0.000194605	0.00166015	0.0080986	0.0405929	0.164901	0.378412	0.310389	0.0851622	0.00993695	0.000615223	2.12971e-05	5.03129e-07	8.44567e-09	1.12189e-10	1.12449e-12	1.20237e-14	7.90001e-17	5.94433e-19	2.96989e-21	1.58888e-23	5.38547e-26	2.39336e-28	5.70451e-31	1.89443e-33	3.86796e-36	9.93281e-39	1.5146e-41	3.74417e-44	4.56328e-47	9.16585e-50	1.10824e-52	1.72864e-55	1.70985e-58	3.13315e-61	2.32693e-64	3.03321e-67	2.4622e-70	2.97413e-73	1.7904e-76	2.05613e-79	1.06164e-82	1.14231e-85	5.6908e-89	4.43112e-92	1.93112e-95	1.88955e-98	6.35782e-102	4.29234e-105	1.5991e-108	1.11457e-111	3.23926e-115	2.12807e-118	5.56635e-122	3.43205e-125	8.90761e-129	3.95942e-132	9.8826e-136	6.22755e-139	1.14837e-142	4.70181e-146	1.14794e-149	4.86567e-153	8.61541e-157	3.81824e-160	6.30144e-164	2.68856e-167	7.25832e-171	4.91026e-174	4.36301e-177	
Eleocharis_mamillata_subsp_mamillata	0	0	0	0	0	0	0	1	0	0	0	0	0	0	0	0	0	0	0	0	0	0	0	0	0	0	0	0	0	0	0	0	0	0	0	0	0	0	0	0	0	0	0	0	0	0	0	0	0	0	0	0	0	0	0	0	0	0	0	0	0	0	0	0	0	0	0	0	0	0	0	
Eleocharis_compressa_var_compressa	0	0	0	0	0	0	0	0	1	0	0	0	0	0	0	0	0	0	0	0	0	0	0	0	0	0	0	0	0	0	0	0	0	0	0	0	0	0	0	0	0	0	0	0	0	0	0	0	0	0	0	0	0	0	0	0	0	0	0	0	0	0	0	0	0	0	0	0	0	0	0	
Eleocharis_flavescens_var_olivacea	0	0	0	0	0	0	0	0	0	1	0	0	0	0	0	0	0	0	0	0	0	0	0	0	0	0	0	0	0	0	0	0	0	0	0	0	0	0	0	0	0	0	0	0	0	0	0	0	0	0	0	0	0	0	0	0	0	0	0	0	0	0	0	0	0	0	0	0	0	0	0	
N48	0.0054024	0.017537	0.0477611	0.0962325	0.139643	0.170797	0.152147	0.131854	0.0913279	0.0655401	0.0347344	0.0267534	0.0104356	0.00639058	0.0021095	0.00100016	0.000220195	9.37775e-05	1.45166e-05	4.86429e-06	6.74175e-07	1.50912e-07	1.63539e-08	4.66561e-09	3.18722e-10	4.90514e-11	3.57086e-12	4.97649e-13	2.05231e-14	2.2442e-15	7.32015e-17	7.32349e-18	1.89632e-19	9.57676e-21	2.11522e-22	1.66578e-23	2.14556e-25	7.52301e-27	1.22184e-28	5.09722e-30	4.81544e-32	1.46288e-33	1.14915e-35	3.408e-37	2.60259e-39	4.17819e-41	3.22183e-43	1.01926e-44	4.14734e-47	4.92907e-49	2.56808e-51	3.88656e-53	1.32414e-55	1.93561e-57	6.581e-60	9.90698e-62	2.6928e-64	1.82434e-66	5.30498e-69	7.31799e-71	1.26797e-73	8.10433e-76	2.53635e-78	2.31862e-80	3.46488e-83	2.05474e-85	3.04971e-88	2.22543e-90	4.34944e-93	4.02055e-95	7.02944e-97	
N49	0.00135653	0.00556372	0.0196614	0.0508772	0.0944845	0.140903	0.157442	0.157906	0.130892	0.0995514	0.0614044	0.0429367	0.0199263	0.010895	0.00404466	0.00162384	0.000384929	0.000124575	1.83119e-05	3.99582e-06	4.40437e-07	6.07092e-08	4.38916e-09	5.60032e-10	2.49298e-11	1.8686e-12	7.23895e-14	4.13517e-15	9.66415e-17	4.57844e-18	7.58605e-20	3.02904e-21	4.1538e-23	1.04642e-24	1.10275e-26	3.98736e-28	2.64208e-30	5.2953e-32	4.44296e-34	8.79792e-36	4.45903e-38	8.02606e-40	3.35408e-42	5.63898e-44	2.42305e-46	2.34948e-48	8.84625e-51	1.51131e-52	3.43609e-55	2.91412e-57	8.47488e-60	8.21525e-62	1.56062e-64	1.39569e-66	2.51949e-69	2.34325e-71	3.69713e-74	1.80076e-76	2.88427e-79	2.52262e-81	2.50595e-84	1.08997e-86	1.83501e-89	1.04828e-91	8.96726e-95	3.97644e-97	3.47546e-100	1.85596e-102	1.97156e-105	1.10414e-107	1.36851e-109	
N50	0.000266106	0.00139429	0.00668557	0.0230777	0.0557868	0.102885	0.140197	0.163999	0.158417	0.133292	0.0913967	0.0642893	0.0319383	0.0169461	0.00637948	0.00235289	0.000529297	0.000145755	1.82142e-05	3.14856e-06	2.63379e-07	2.81655e-08	1.32158e-09	1.325e-10	3.42241e-12	2.19419e-13	5.08128e-15	2.32948e-16	2.9703e-18	1.24153e-19	1.0901e-21	3.50228e-23	2.56648e-25	4.72633e-27	2.51946e-29	5.88563e-31	1.87714e-33	2.31337e-35	8.64793e-38	1.01643e-39	2.18365e-42	2.10306e-44	3.68917e-47	3.50466e-49	6.1973e-52	2.68381e-54	4.09344e-57	3.98913e-59	3.25318e-62	1.18297e-64	1.72357e-67	8.43479e-70	5.79997e-73	2.5879e-75	1.78555e-78	9.52729e-81	5.98986e-84	1.12342e-86	8.24579e-90	4.73318e-92	1.6269e-95	3.00522e-98	2.45133e-101	8.01328e-104	2.40762e-107	4.89034e-110	1.76241e-113	5.59217e-116	1.9004e-119	4.35826e-122	2.18191e-124	
N51	0.000156083	0.000831137	0.00430478	0.0162237	0.0428137	0.085426	0.125919	0.157891	0.162861	0.144393	0.103713	0.0772697	0.0395992	0.0235068	0.0092368	0.00434158	0.000940268	0.000493896	5.03361e-05	2.65066e-05	2.04627e-06	7.72602e-07	3.06286e-08	1.43245e-08	2.99399e-10	9.70936e-11	2.19591e-12	4.79982e-13	5.44022e-15	1.15831e-15	9.82089e-18	1.81914e-18	1.56778e-20	1.08869e-21	6.54332e-24	1.12662e-24	3.21603e-27	1.60914e-28	1.51452e-30	9.89964e-32	2.04814e-34	1.08985e-35	2.78137e-38	3.29056e-39	9.62363e-42	1.21937e-43	4.75988e-46	7.27634e-47	7.35952e-50	1.15028e-51	6.50891e-54	4.00901e-55	3.30199e-58	8.15398e-60	1.26597e-62	1.08453e-63	8.15361e-67	6.11329e-69	1.22227e-71	9.29683e-73	3.93764e-76	2.81892e-78	7.14174e-81	2.88251e-82	1.01615e-85	1.08148e-87	7.06847e-91	2.56703e-92	9.49568e-96	7.54065e-98	3.20838e-99	
N52	1.08214e-06	5.96037e-06	3.45043e-05	0.000160769	0.000571461	0.00168086	0.0041862	0.00966813	0.018267	0.0250781	0.0286403	0.0347553	0.0383851	0.0418077	0.0510681	0.0782787	0.117377	0.165539	0.154317	0.118883	0.0613432	0.0280813	0.0117366	0.00637529	0.00248239	0.000965352	0.000246848	5.49184e-05	7.85519e-06	1.22611e-06	1.45098e-07	3.38465e-08	9.28963e-09	3.16345e-09	7.8745e-10	2.40221e-10	4.22701e-11	8.85658e-12	1.27423e-12	1.92126e-13	1.86596e-14	2.22584e-15	1.50003e-16	1.26614e-17	6.84752e-19	4.00232e-20	1.55648e-21	8.12857e-23	2.27714e-24	8.43501e-26	2.10538e-27	6.27312e-29	1.17632e-30	3.14627e-32	4.70799e-34	1.01467e-35	1.38208e-37	2.31052e-39	2.61265e-41	4.48095e-43	3.97594e-45	5.20877e-47	4.73425e-49	5.44632e-51	3.9046e-53	4.39637e-55	2.94847e-57	3.40036e-59	3.74957e-61	6.44329e-63	1.54101e-64	
N53	1.54374e-16	2.44242e-14	2.10849e-12	9.9283e-11	3.57359e-09	1.4165e-08	4.09673e-08	8.6223e-07	2.4087e-05	6.91738e-05	1.71799e-05	0.000137604	0.000479134	5.62751e-05	2.27836e-05	0.000479361	0.0101265	0.118481	0.546139	0.297007	0.0252271	0.00140827	0.000263778	5.46041e-05	6.22125e-06	3.42915e-07	6.42315e-09	5.77167e-11	3.15082e-13	1.3213e-15	8.46075e-18	5.83924e-19	5.44323e-20	4.46107e-21	2.83123e-22	1.56319e-23	5.53489e-25	1.42516e-26	2.03171e-28	1.45549e-30	5.717e-33	1.59203e-35	2.82364e-38	4.09849e-41	4.32037e-44	3.95605e-47	2.73814e-50	2.00833e-53	1.04801e-56	6.29737e-60	2.9606e-63	1.47917e-66	5.6167e-70	2.52897e-73	7.69451e-77	2.6465e-80	7.35998e-84	1.95668e-87	4.23892e-91	1.04007e-94	1.76656e-98	3.32394e-102	5.38647e-106	8.17577e-110	1.05036e-113	1.65768e-117	2.09924e-121	4.02077e-125	8.92036e-129	2.34841e-132	6.33702e-136	
Schoenoplectus_pungens	0	0	0	0	0	0	0	0	0	0	0	0	0	0	0	0	0	0	0	0	0	0	0	0	0	0	0	0	0	0	0	0	0	0	0	0	0	0	1	0	0	0	0	0	0	0	0	0	0	0	0	0	0	0	0	0	0	0	0	0	0	0	0	0	0	0	0	0	0	0	0	
N54	6.63395e-21	3.87776e-18	1.07526e-15	1.4595e-13	1.15932e-11	5.76624e-11	5.29247e-10	1.73415e-08	9.29601e-07	3.96965e-06	1.13993e-06	7.35314e-06	3.21003e-05	5.7785e-06	2.37208e-06	5.7752e-05	0.00336549	0.0875766	0.571763	0.313836	0.0228302	0.000500449	1.60267e-05	4.88684e-07	7.27417e-09	4.75021e-11	1.17695e-13	1.38025e-16	9.5485e-20	6.25702e-23	2.87307e-26	6.04956e-29	2.37245e-31	9.28949e-34	2.77014e-36	6.26906e-39	9.31114e-42	9.34187e-45	5.39741e-48	1.69547e-51	3.09208e-55	3.77595e-59	3.14305e-63	1.97619e-67	9.41495e-72	8.58392e-76	5.22769e-80	6.97848e-83	4.46335e-87	5.02965e-90	3.542e-94	2.11858e-97	1.53432e-101	8.95774e-105	1.25425e-108	1.94555e-112	6.02979e-116	4.68901e-120	4.62554e-124	5.42473e-128	1.58528e-132	9.90976e-137	5.07759e-141	8.43676e-146	3.44591e-150	1.58736e-154	2.96044e-159	1.27972e-162	1.32203e-166	1.17565e-169	7.13221e-173	
Schoenoplectus_acutus_var_acutus	0	0	0	0	0	0	0	0	0	0	0	0	0	0	0	0	0	0	1	0	0	0	0	0	0	0	0	0	0	0	0	0	0	0	0	0	0	0	0	0	0	0	0	0	0	0	0	0	0	0	0	0	0	0	0	0	0	0	0	0	0	0	0	0	0	0	0	0	0	0	0	
N55	3.97791e-23	2.69206e-20	9.39641e-18	1.44029e-15	1.24086e-13	2.28802e-12	6.24806e-11	1.44318e-09	7.16296e-08	3.04677e-07	2.85321e-07	1.08048e-06	5.12382e-06	2.02598e-06	2.40615e-06	2.07022e-05	0.000997235	0.0463561	0.501934	0.401008	0.0488419	0.000825461	5.40828e-06	3.10564e-08	3.12618e-10	3.60869e-12	1.08501e-13	6.0209e-16	2.42078e-18	8.07102e-21	4.93783e-24	7.51957e-27	5.87136e-30	2.9772e-32	1.97318e-35	2.07871e-37	6.8896e-41	4.4861e-43	6.92319e-47	1.79059e-49	1.8197e-53	2.09861e-56	1.65567e-60	1.201e-63	1.78945e-67	5.43162e-71	4.88973e-75	3.6588e-78	2.48471e-82	2.30845e-85	8.32521e-89	2.54641e-92	4.89628e-96	1.46937e-98	6.3601e-103	5.96046e-106	2.07358e-109	2.91848e-113	1.45657e-117	1.69282e-120	3.39214e-125	6.71348e-129	9.61694e-133	1.06552e-136	2.45683e-141	1.07955e-144	3.66106e-149	4.41905e-152	9.98906e-157	1.05799e-159	1.69461e-162	
Schoenoplectus_lacustris	0	0	0	0	0	0	0	0	0	0	0	0	0	0	0	0	0	0	0	0	1	0	0	0	0	0	0	0	0	0	0	0	0	0	0	0	0	0	0	0	0	0	0	0	0	0	0	0	0	0	0	0	0	0	0	0	0	0	0	0	0	0	0	0	0	0	0	0	0	0	0	
Schoenoplectus_heterochaetus	0	0	0	0	0	0	0	0	0	0	0	0	0	0	0	0	0	0	1	0	0	0	0	0	0	0	0	0	0	0	0	0	0	0	0	0	0	0	0	0	0	0	0	0	0	0	0	0	0	0	0	0	0	0	0	0	0	0	0	0	0	0	0	0	0	0	0	0	0	0	0	
Actinoscirpus_grossus	0	0	0	0	0	0	0	0	0	0	0	0	0	0	0	0	0	0	0	0	0	0	0	0	0	0	0	0	0	0	0	0	0	0	0	0	0	0	0	0	1	0	0	0	0	0	0	0	0	0	0	0	0	0	0	0	0	0	0	0	0	0	0	0	0	0	0	0	0	0	0	
N56	6.47741e-06	5.47574e-05	0.00044513	0.0024946	0.00967882	0.0273522	0.0564353	0.0953548	0.13622	0.166193	0.166045	0.146367	0.0955557	0.0568112	0.0260665	0.0106336	0.00306687	0.000996041	0.000178417	3.95472e-05	5.12742e-06	7.48736e-07	5.84716e-08	6.78096e-09	3.1213e-10	2.24698e-11	8.02615e-13	3.79489e-14	8.09862e-16	3.12977e-17	4.47315e-19	1.2172e-20	1.41432e-22	2.44421e-24	2.04446e-26	3.8759e-28	2.08765e-30	2.34043e-32	1.31815e-34	1.33512e-36	4.87597e-39	4.24391e-41	1.23774e-43	9.76306e-46	2.704e-48	1.2667e-50	2.93676e-53	2.06333e-55	3.127e-58	1.17795e-60	2.20057e-63	9.08632e-66	1.12258e-68	4.19626e-71	4.64231e-74	1.67172e-76	1.69749e-79	3.56781e-82	3.57612e-85	1.25359e-87	8.06526e-91	1.49052e-93	1.38782e-96	3.07646e-99	1.73596e-102	3.20061e-105	1.74292e-108	3.48537e-111	2.46026e-114	6.34126e-117	2.49334e-119	
N57	1.06781e-06	9.68093e-06	8.95259e-05	0.000584052	0.00274534	0.00952549	0.0237031	0.0467255	0.0801375	0.120878	0.15436	0.169992	0.145872	0.109248	0.0682333	0.038071	0.0164224	0.00905695	0.00267398	0.00123358	0.000310567	0.000105673	1.61845e-05	4.5037e-06	4.00818e-07	6.97865e-08	4.58633e-09	5.01472e-10	1.962e-11	1.73687e-12	4.47527e-14	2.7001e-15	6.00022e-17	2.19349e-18	3.42982e-20	1.60585e-21	1.50542e-23	3.69945e-25	4.49513e-27	1.03677e-28	6.75814e-31	1.3963e-32	7.51173e-35	1.53306e-36	7.61463e-39	7.47788e-41	3.24511e-43	5.93947e-45	1.50449e-47	1.20962e-49	4.15425e-52	4.56266e-54	9.03903e-57	6.9536e-59	1.35651e-61	1.26438e-63	2.02849e-66	8.92515e-69	1.59957e-71	1.4002e-73	1.44418e-76	5.37567e-79	9.08975e-82	4.75329e-84	4.39011e-87	1.81413e-89	1.65324e-92	7.51451e-95	8.4531e-98	4.42879e-100	4.47371e-102	
N58	3.58113e-07	3.31469e-06	3.27091e-05	0.000231907	0.00120384	0.00466877	0.0128715	0.0271039	0.0503508	0.0870129	0.133705	0.175356	0.175602	0.143497	0.0955366	0.0529866	0.0233866	0.0108768	0.00357804	0.00142417	0.000413973	0.000126743	2.2711e-05	5.82174e-06	6.02663e-07	1.14788e-07	9.57621e-09	1.33559e-09	6.6823e-11	9.45496e-12	3.13069e-13	3.09067e-14	9.44545e-16	5.92653e-17	1.2053e-18	8.86314e-20	1.14541e-21	5.43654e-23	7.42698e-25	3.04975e-26	2.68366e-28	9.77998e-30	6.90199e-32	2.29117e-33	1.54593e-35	2.89302e-37	1.59372e-39	4.77378e-41	1.72202e-43	2.60069e-45	1.397e-47	2.45396e-49	7.25514e-52	1.23815e-53	3.43813e-56	6.50025e-58	1.97199e-60	1.48131e-62	4.69493e-65	1.04892e-66	1.60167e-69	1.23846e-71	4.67716e-74	5.05409e-76	7.31013e-79	7.16712e-81	1.12238e-83	1.36658e-85	2.40761e-88	2.33646e-90	5.39e-92	
Scirpus_ficinioides	0	0	0	0	0	0	0	0	0	0	0	0	0	0	0	0	0	0	0	0	0	0	0	0	0	1	0	0	0	0	0	0	0	0	0	0	0	0	0	0	0	0	0	0	0	0	0	0	0	0	0	0	0	0	0	0	0	0	0	0	0	0	0	0	0	0	0	0	0	0	0	
N59	1.66569e-09	3.45799e-08	6.67755e-07	7.8986e-06	6.49776e-05	0.000408348	0.00172174	0.00434571	0.00966158	0.021873	0.047869	0.105325	0.19448	0.2555	0.210966	0.10496	0.0329411	0.00810047	0.00147949	0.000255901	3.49877e-05	3.84162e-06	2.85334e-07	1.82827e-08	7.43043e-10	3.21425e-11	1.17629e-12	5.12198e-14	1.80522e-15	9.17902e-17	3.00441e-18	1.33333e-19	3.81636e-21	1.13487e-22	2.03221e-24	4.8611e-26	5.30614e-28	7.7731e-30	6.85009e-32	6.91557e-34	3.92525e-36	3.36141e-38	1.32803e-40	8.36514e-43	2.76001e-45	1.23017e-47	2.9696e-50	1.24022e-52	2.16953e-55	6.38337e-58	1.01181e-60	2.46377e-63	2.89657e-66	6.36891e-69	5.99517e-72	1.09163e-74	9.60889e-78	1.28496e-80	9.55961e-84	1.5227e-86	8.35855e-90	9.18871e-93	6.04853e-96	6.07467e-99	2.83815e-102	2.95497e-105	1.2148e-108	1.16031e-111	7.6677e-115	1.12573e-117	2.15343e-120	
N60	7.48903e-10	1.33649e-08	2.43831e-07	2.96381e-06	2.53986e-05	0.000162065	0.000722305	0.00207519	0.00510299	0.0128359	0.0302052	0.0725282	0.162974	0.26344	0.254387	0.135671	0.0438718	0.0121812	0.00291639	0.00071427	0.000154822	2.61376e-05	2.8502e-06	6.67823e-07	7.94903e-08	3.68089e-08	5.94111e-09	2.19476e-09	1.96917e-10	5.67765e-11	2.94826e-12	5.09412e-13	1.68439e-14	1.64604e-15	3.29842e-17	2.42886e-18	3.00444e-20	1.32924e-21	1.78633e-23	5.04842e-25	4.20612e-27	1.62935e-28	8.81687e-31	2.22982e-32	2.00734e-34	2.22287e-36	1.16535e-38	3.57187e-40	8.89018e-43	9.95953e-45	5.6381e-47	7.76896e-49	1.51389e-51	1.81644e-53	3.95341e-56	7.05009e-58	1.09613e-60	6.40517e-63	1.33496e-65	2.26787e-67	2.10796e-70	1.07427e-72	2.00207e-75	2.23241e-77	1.68857e-80	7.60369e-83	8.40241e-86	8.5667e-88	6.44133e-91	3.38913e-93	4.19274e-95	
Isolepis_crassiuscula	0	0	0	0	0	0	0	0	0	0	0	0	0	0	0	0	0	0	0	0	0	0	0	0	0	0	0	0	0	0	0	1	0	0	0	0	0	0	0	0	0	0	0	0	0	0	0	0	0	0	0	0	0	0	0	0	0	0	0	0	0	0	0	0	0	0	0	0	0	0	0	
N61	1.39762e-11	3.95365e-10	1.02742e-08	1.57283e-07	1.69548e-06	1.55656e-05	0.000100609	0.000266744	0.00064635	0.00168976	0.00466289	0.0231196	0.110633	0.299195	0.358876	0.164232	0.0328837	0.00345534	0.000212098	9.03213e-06	2.98059e-07	7.5028e-09	1.51123e-10	2.95771e-12	3.9322e-14	5.55657e-16	6.26619e-18	6.73627e-20	5.44204e-22	4.47163e-24	2.47972e-26	1.37769e-28	5.36875e-31	2.09181e-33	5.68389e-36	1.84303e-38	3.80198e-41	1.0719e-43	2.17679e-46	5.69596e-49	1.04817e-51	2.96549e-54	4.73032e-57	1.03863e-59	1.80888e-62	2.99895e-65	3.93785e-68	7.11774e-71	7.03215e-74	9.48368e-77	1.00859e-79	1.20313e-82	1.00271e-85	1.3959e-88	1.03192e-91	1.35711e-94	9.99945e-98	1.1283e-100	7.52203e-104	8.69014e-107	4.80873e-110	4.43894e-113	2.37385e-116	1.99778e-119	8.73574e-123	6.54448e-126	2.59085e-129	1.90523e-132	1.00532e-135	1.19552e-138	1.92097e-141	
Ficinia_spiralis	0	0	0	0	0	0	0	0	0	0	0	0	0	0	1	0	0	0	0	0	0	0	0	0	0	0	0	0	0	0	0	0	0	0	0	0	0	0	0	0	0	0	0	0	0	0	0	0	0	0	0	0	0	0	0	0	0	0	0	0	0	0	0	0	0	0	0	0	0	0	0	
Ficinia_nodosa	0	0	0	0	0	0	0	0	0	0	0	0	0	0	1	0	0	0	0	0	0	0	0	0	0	0	0	0	0	0	0	0	0	0	0	0	0	0	0	0	0	0	0	0	0	0	0	0	0	0	0	0	0	0	0	0	0	0	0	0	0	0	0	0	0	0	0	0	0	0	0	
N62	1.1801e-09	1.74524e-08	2.7233e-07	2.96527e-06	2.25876e-05	0.000128268	0.00056792	0.00179272	0.00466995	0.0133039	0.0323265	0.0653527	0.139082	0.243499	0.267184	0.161603	0.0530146	0.0128701	0.00327017	0.000969645	0.00027462	5.63843e-05	7.81262e-06	1.20164e-06	1.08622e-07	2.95385e-08	7.88141e-09	3.14939e-09	5.88323e-10	1.79451e-10	1.97546e-11	3.57012e-12	2.36899e-13	2.37905e-14	8.91271e-16	6.14064e-17	1.36962e-18	5.76936e-20	1.13624e-21	3.24988e-23	4.42095e-25	1.39328e-26	1.30407e-28	2.74296e-30	3.10709e-32	4.09136e-34	3.08829e-36	6.15918e-38	2.8516e-40	3.15295e-42	1.97234e-44	2.12293e-46	7.65628e-49	8.03499e-51	2.62709e-53	2.88301e-55	8.03561e-58	5.08093e-60	1.42983e-62	1.43369e-64	2.58843e-67	1.38081e-69	3.27006e-72	2.27221e-74	3.31869e-77	1.51763e-79	2.38452e-82	1.46522e-84	2.35805e-87	1.48014e-89	1.61125e-91	
Isolepis_prolifera	0	0	0	0	0	0	0	0	0	0	0	0	0	0	0	0	0	0	0	0	0	0	0	0	0	0	0	0	0	0	0	0	1	0	0	0	0	0	0	0	0	0	0	0	0	0	0	0	0	0	0	0	0	0	0	0	0	0	0	0	0	0	0	0	0	0	0	0	0	0	0	
Isolepis_setacea	0	0	0	0	0	0	0	0	0	0	0	0	0	1	0	0	0	0	0	0	0	0	0	0	0	0	0	0	0	0	0	0	0	0	0	0	0	0	0	0	0	0	0	0	0	0	0	0	0	0	0	0	0	0	0	0	0	0	0	0	0	0	0	0	0	0	0	0	0	0	0	
Scirpoides_holoschoenus	0	0	0	0	0	0	0	0	0	0	0	0	0	0	0	0	0	0	0	0	1	0	0	0	0	0	0	0	0	0	0	0	0	0	0	0	0	0	0	0	0	0	0	0	0	0	0	0	0	0	0	0	0	0	0	0	0	0	0	0	0	0	0	0	0	0	0	0	0	0	0	
N63	1.65758e-07	2.09754e-06	2.54499e-05	0.000208186	0.00115856	0.00447272	0.0133778	0.0353215	0.0811322	0.147589	0.195732	0.196238	0.150421	0.0940466	0.0473501	0.0207318	0.00802957	0.0030678	0.000834736	0.000214262	3.9539e-05	6.29419e-06	6.50896e-07	7.25085e-08	4.21542e-09	2.79855e-10	1.09817e-11	4.51007e-13	1.05926e-14	3.2125e-16	4.84354e-18	9.80699e-20	1.11243e-21	1.51997e-23	1.19219e-25	1.4381e-27	7.74914e-30	6.34382e-32	3.15869e-34	2.01967e-36	7.11616e-39	4.27267e-41	1.14576e-43	5.43369e-46	1.39696e-48	4.67211e-51	9.36197e-54	3.64262e-56	5.26222e-59	1.37405e-61	2.10431e-64	5.05624e-67	5.61496e-70	1.25233e-72	1.17992e-75	2.34961e-78	2.05104e-81	2.91704e-84	2.27881e-87	3.99827e-90	2.31308e-93	2.75472e-96	1.84308e-99	2.19274e-102	1.06377e-105	1.1457e-108	5.1991e-112	5.70655e-115	3.71806e-118	6.00123e-121	1.2955e-123	
N64	7.49612e-08	6.19438e-07	5.76894e-06	4.12826e-05	0.000221449	0.000892378	0.00294302	0.00867815	0.0227748	0.048296	0.0739145	0.0845587	0.078712	0.0677498	0.0568371	0.0481041	0.0425116	0.0517298	0.0600956	0.0869652	0.0925647	0.0864549	0.0469237	0.028303	0.00768718	0.00253622	0.00041306	7.74152e-05	7.07008e-06	9.17378e-07	5.18782e-08	4.3776e-09	1.92116e-10	1.08632e-11	3.39026e-13	1.94602e-14	4.21531e-16	1.5956e-17	3.73503e-19	1.13104e-20	1.77262e-22	5.42617e-24	6.49049e-26	1.60107e-27	1.85038e-29	3.09567e-31	2.86771e-33	6.16796e-35	4.03343e-37	5.56697e-39	4.01011e-41	5.78915e-43	2.97099e-45	3.56418e-47	1.65425e-49	2.00047e-51	8.25062e-54	6.59064e-56	2.5997e-58	2.79887e-60	7.96483e-63	5.36441e-65	1.9173e-67	1.37198e-69	3.43291e-72	2.28852e-74	5.39867e-77	3.62975e-79	1.30079e-81	1.33092e-83	2.15578e-85	
Cyperus_fuscus	0	0	0	0	0	0	0	0	0	0	0	0	0	0	0	0	0	0	0	0	0	0	0	1	0	0	0	0	0	0	0	0	0	0	0	0	0	0	0	0	0	0	0	0	0	0	0	0	0	0	0	0	0	0	0	0	0	0	0	0	0	0	0	0	0	0	0	0	0	0	0	
Cyperus_eragrostis	0	0	0	0	0	0	0	0	0	0	0	0	0	0	0	0	0	0	0	0	1	0	0	0	0	0	0	0	0	0	0	0	0	0	0	0	0	0	0	0	0	0	0	0	0	0	0	0	0	0	0	0	0	0	0	0	0	0	0	0	0	0	0	0	0	0	0	0	0	0	0	
N65	5.44268e-08	7.69658e-07	1.05955e-05	9.81725e-05	0.000620292	0.00271547	0.00918779	0.0267955	0.0653895	0.129699	0.196676	0.219692	0.173393	0.102037	0.0474893	0.0182517	0.00589566	0.00164172	0.000340281	5.82504e-05	7.6275e-06	8.04599e-07	6.3639e-08	4.66774e-09	2.26721e-10	1.15765e-11	4.43561e-13	1.90465e-14	4.97013e-16	2.62982e-17	4.54762e-19	1.60632e-20	2.75805e-22	6.26705e-24	6.3915e-26	1.68287e-27	1.09605e-29	2.25633e-31	1.33061e-33	2.279e-35	9.66053e-38	1.50228e-39	4.93858e-42	6.27468e-44	1.82744e-46	1.65495e-48	3.79261e-51	3.54444e-53	6.30039e-56	4.02419e-58	7.8542e-61	4.24409e-63	6.00926e-66	3.89527e-68	4.5011e-71	2.501e-73	4.36868e-76	1.23239e-78	1.72085e-81	1.31981e-83	9.71645e-87	3.17334e-89	5.94983e-92	1.78075e-94	1.35809e-97	6.04432e-100	3.9762e-103	1.55699e-105	1.59008e-108	6.06314e-111	5.12492e-113	
N66	1.75304e-11	1.65037e-09	1.04978e-07	2.8731e-06	5.03663e-05	0.00054847	0.00253253	0.0122797	0.039342	0.10962	0.2336	0.311958	0.172174	0.0664239	0.0330635	0.0137554	0.00364078	0.000812075	0.000158667	3.03278e-05	5.70097e-06	1.08023e-06	1.69661e-07	3.05735e-08	2.39905e-09	2.07391e-10	8.48539e-12	3.073e-13	4.77707e-15	9.92785e-17	7.35761e-19	9.2963e-21	5.65216e-23	6.79625e-25	4.0306e-27	4.85723e-29	1.97025e-31	1.44647e-33	4.20198e-36	1.88104e-38	3.28066e-41	1.15225e-43	1.27739e-46	3.00798e-49	3.27228e-52	4.70254e-55	3.54481e-58	7.15688e-61	3.46014e-64	4.01309e-67	2.7064e-70	2.90341e-73	1.20702e-76	1.46137e-79	5.13999e-83	5.52373e-86	1.99041e-89	1.31209e-92	4.40699e-96	5.15385e-99	1.20537e-102	8.39417e-106	2.90065e-109	2.51164e-112	5.06256e-116	3.16582e-119	6.44969e-123	4.87351e-126	9.73009e-130	7.28849e-133	7.63551e-136	
N67	3.63363e-12	2.68856e-10	1.59297e-08	4.94452e-07	9.3853e-06	0.000111251	0.000660854	0.00382241	0.0153714	0.0435119	0.098465	0.155042	0.121497	0.0503978	0.0275996	0.0195009	0.0127137	0.0229028	0.0128751	0.037265	0.0262033	0.0827492	0.0408613	0.152106	0.0292009	0.0428497	0.00300025	0.00124808	2.9203e-05	5.96078e-06	8.73452e-08	2.04336e-08	1.10969e-09	1.58122e-10	4.66398e-12	1.93487e-12	1.8062e-14	1.53882e-15	5.79232e-17	3.2876e-18	1.32264e-20	7.92159e-22	2.67462e-24	2.05359e-25	4.88288e-28	4.46971e-30	1.23088e-32	7.31136e-34	4.94689e-37	3.43087e-39	6.46514e-42	2.04933e-43	8.45923e-47	4.62369e-49	3.50076e-52	8.20436e-54	2.43657e-57	6.60258e-60	4.40128e-63	7.12594e-65	1.32274e-68	2.64296e-71	1.90041e-74	1.21667e-76	2.01497e-80	8.44706e-83	1.52188e-86	7.39574e-89	1.53944e-92	3.98998e-95	4.41953e-97	
N68	5.93265e-12	2.4858e-10	9.68188e-09	2.36721e-07	3.73331e-06	3.82368e-05	0.000249548	0.00149496	0.00682465	0.0202524	0.0441539	0.0777218	0.0701953	0.033357	0.0211995	0.0211574	0.0218229	0.0317594	0.0247179	0.0378386	0.0366844	0.0602452	0.071236	0.16867	0.11156	0.105737	0.0228787	0.00916808	0.000693393	0.000252296	2.78585e-05	2.89183e-05	1.73273e-05	8.20833e-06	2.13687e-06	1.9575e-06	1.78625e-07	6.50404e-08	7.4579e-09	2.17394e-09	6.9381e-11	1.4156e-11	3.13039e-13	5.65678e-14	6.68608e-16	3.99844e-17	3.98352e-19	3.6913e-20	1.88463e-22	5.38131e-24	2.84706e-26	1.29471e-27	3.73874e-30	7.83678e-32	2.1532e-34	7.6853e-36	1.81967e-38	1.72105e-40	5.76451e-43	2.20616e-44	2.62223e-47	2.39868e-49	1.18547e-51	1.08972e-53	1.69101e-56	3.48433e-58	3.31914e-61	2.94225e-63	7.21225e-66	6.00565e-68	1.82792e-69	
N69	3.13053e-26	6.19511e-23	4.53875e-20	1.10473e-17	8.06646e-15	5.66717e-15	4.77731e-14	3.76678e-13	1.19668e-10	1.19333e-08	1.46773e-10	1.77436e-09	2.69122e-07	2.63387e-09	1.01997e-11	1.19427e-10	2.19573e-08	4.24448e-07	4.09226e-05	0.000249642	1.19898e-06	3.22141e-09	5.86779e-10	5.08632e-08	1.06218e-05	0.00058172	0.00018068	6.74046e-07	1.00635e-09	1.04355e-12	6.31096e-16	2.93655e-17	3.38129e-15	2.77437e-12	1.45009e-09	6.67175e-07	0.000130446	0.0158244	0.587683	0.391315	0.00396118	1.86267e-05	3.06857e-08	4.45944e-11	3.3114e-14	2.29024e-17	8.77703e-21	3.83116e-24	8.5285e-28	2.2277e-31	3.38158e-35	5.92407e-39	5.95095e-43	7.8146e-47	5.53749e-51	5.3343e-55	3.05942e-59	2.17117e-63	9.60531e-68	6.53477e-72	2.1889e-76	1.12949e-80	3.9767e-85	1.73666e-89	4.73908e-94	2.14693e-98	5.26047e-103	2.26005e-107	9.65376e-112	6.01472e-116	3.95573e-120	
Cyperus_houghtonii	0	0	0	0	0	0	0	0	0	0	0	0	0	0	0	0	0	0	0	0	0	0	0	0	0	0	0	0	0	0	0	0	0	0	0	0	0	0	1	0	0	0	0	0	0	0	0	0	0	0	0	0	0	0	0	0	0	0	0	0	0	0	0	0	0	0	0	0	0	0	0	
Cyperus_schweinitzii	0	0	0	0	0	0	0	0	0	0	0	0	0	0	0	0	0	0	0	0	0	0	0	0	0	0	0	0	0	0	0	0	0	0	0	0	0	0	0	1	0	0	0	0	0	0	0	0	0	0	0	0	0	0	0	0	0	0	0	0	0	0	0	0	0	0	0	0	0	0	0	
Lipocarpha_micrantha	0	0	0	0	0	0	0	0	0	0	0	0	0	0	0	0	0	0	0	0	0	0	0	0	0	1	0	0	0	0	0	0	0	0	0	0	0	0	0	0	0	0	0	0	0	0	0	0	0	0	0	0	0	0	0	0	0	0	0	0	0	0	0	0	0	0	0	0	0	0	0	
Lipocarpha_microcephala	0	0	0	0	0	0	0	0	0	0	0	0	0	0	0	0	0	0	0	0	0	0	1	0	0	0	0	0	0	0	0	0	0	0	0	0	0	0	0	0	0	0	0	0	0	0	0	0	0	0	0	0	0	0	0	0	0	0	0	0	0	0	0	0	0	0	0	0	0	0	0	
N70	9.0054e-12	8.49281e-10	6.17865e-08	2.13437e-06	4.32326e-05	0.000587439	0.0047747	0.0228244	0.0652916	0.170635	0.233041	0.264306	0.157126	0.0544298	0.0215389	0.00457881	0.00068775	0.000108373	1.99811e-05	4.21533e-06	5.92363e-07	6.21162e-08	9.03384e-09	1.71848e-09	1.98672e-10	1.24457e-11	4.62565e-13	1.58217e-14	7.03259e-16	5.75196e-17	2.28756e-18	1.14778e-19	3.41162e-21	9.87128e-23	3.30937e-24	2.34554e-25	4.56649e-27	1.28954e-28	2.10376e-30	9.695e-32	3.7263e-33	3.76942e-34	7.91951e-36	5.2966e-37	6.66123e-39	2.6159e-40	2.27494e-42	1.83825e-43	7.58181e-45	1.16857e-45	3.4243e-47	2.75966e-48	4.04654e-50	1.74153e-51	1.29203e-53	2.71006e-55	1.62189e-57	1.51655e-59	5.3312e-62	6.13529e-64	9.0634e-67	4.51821e-69	1.19964e-71	3.19787e-74	2.8565e-77	1.23095e-79	6.05133e-83	1.3605e-85	1.30076e-88	2.70276e-91	1.10181e-93	
N71	5.42818e-09	1.85822e-07	5.66471e-06	0.000105711	0.00128778	0.0120836	0.0753485	0.24305	0.358445	0.22765	0.0694964	0.0113694	0.00108893	6.61939e-05	2.7016e-06	7.66119e-08	1.63062e-09	2.90709e-11	4.5967e-13	6.36552e-15	7.53363e-17	7.82819e-19	7.34022e-21	5.84587e-23	3.58689e-25	1.62727e-27	5.50189e-30	1.46322e-32	3.37884e-35	7.658e-38	1.66221e-40	3.43985e-43	6.59951e-46	1.13834e-48	1.94085e-51	3.97624e-54	6.15345e-57	9.78438e-60	1.53685e-62	1.78031e-65	1.94379e-68	2.59883e-71	2.26908e-74	2.79367e-77	2.7035e-80	3.24954e-83	2.68669e-86	3.75626e-89	2.81421e-92	3.49288e-95	2.46522e-98	2.41608e-101	1.38358e-104	1.05062e-107	4.57074e-111	2.68442e-114	9.81725e-118	5.41755e-121	1.82951e-124	1.19074e-127	3.81726e-131	2.38081e-134	8.18775e-138	4.43921e-141	1.28718e-144	7.3458e-148	1.93032e-151	1.0915e-154	6.24784e-158	7.3785e-161	1.00575e-163	
Kyllinga_brevifolia	0	0	0	0	0	0	0	0	1	0	0	0	0	0	0	0	0	0	0	0	0	0	0	0	0	0	0	0	0	0	0	0	0	0	0	0	0	0	0	0	0	0	0	0	0	0	0	0	0	0	0	0	0	0	0	0	0	0	0	0	0	0	0	0	0	0	0	0	0	0	0	
Kyllinga_bulbosa	0	0	0	0	0	0	1	0	0	0	0	0	0	0	0	0	0	0	0	0	0	0	0	0	0	0	0	0	0	0	0	0	0	0	0	0	0	0	0	0	0	0	0	0	0	0	0	0	0	0	0	0	0	0	0	0	0	0	0	0	0	0	0	0	0	0	0	0	0	0	0	
N72	7.21037e-12	4.39997e-10	2.35925e-08	7.26557e-07	1.42598e-05	0.000184503	0.00145777	0.00728679	0.0248446	0.0719225	0.117682	0.164416	0.115994	0.0607786	0.0433117	0.0233515	0.0114243	0.0212107	0.00710537	0.0437075	0.0119589	0.0372862	0.00826904	0.0702223	0.020332	0.0662412	0.00976876	0.0161864	0.00382406	0.0239825	0.00357059	0.00688171	0.00206113	0.000747743	0.000175593	0.00146825	0.000103251	8.86532e-05	3.50628e-05	0.000162349	3.23459e-05	0.00011919	3.85594e-05	0.000447102	3.23948e-05	1.94698e-05	2.65706e-06	3.21658e-05	8.95428e-06	3.95781e-05	3.14867e-05	0.000675723	8.14548e-05	0.000188753	2.32953e-05	0.000156282	7.22009e-06	3.03661e-06	2.7974e-07	6.86976e-07	7.23973e-09	9.26225e-10	4.33384e-11	1.48635e-11	9.34483e-14	3.6115e-14	1.17373e-16	1.50975e-17	6.89906e-20	4.86806e-21	2.1639e-21	
Cyperus_papyrus	0	0	0	0	0	0	0	0	0	0	0	0	0	0	0	0	0	0	0	0	0	0	0	0	0	0	0	0	0	0	0	0	0	0	0	0	0	0	0	0	0	0	0	0	0	0	0	0	0	1	0	0	0	0	0	0	0	0	0	0	0	0	0	0	0	0	0	0	0	0	0	
Cyperus_longus	0	0	0	0	0	0	0	0	0	0	0	0	0	0	0	0	0	0	0	0	0	0	0	0	0	0	0	0	0	0	0	0	0	0	0	0	0	0	0	0	0	0	0	0	0	0	0	0	0	0	0	0	0	0	0	0	0	0	0	1	0	0	0	0	0	0	0	0	0	0	0	
N73	1.22287e-15	2.9834e-13	2.85413e-11	3.30344e-09	5.45326e-09	4.70745e-08	4.77091e-06	0.000186867	8.53445e-06	2.85641e-05	0.000148015	5.83542e-06	5.56096e-05	0.0037418	0.111804	0.840531	0.0428787	0.000602553	3.57968e-06	1.30214e-08	3.03603e-11	5.06218e-14	5.89639e-17	6.00515e-20	4.04988e-23	2.55389e-26	1.1862e-29	5.00605e-33	1.55419e-36	5.05617e-40	1.11685e-43	2.67545e-47	4.78283e-51	8.72683e-55	1.19145e-58	1.93526e-62	2.05671e-66	2.60294e-70	2.52765e-74	2.60458e-78	2.00259e-82	1.9263e-86	1.19777e-90	9.38719e-95	5.45974e-99	3.46842e-103	1.64056e-107	1.02814e-111	3.95253e-116	1.99054e-120	7.3361e-125	3.19411e-129	9.60921e-134	3.98557e-138	1.01447e-142	3.58559e-147	8.60598e-152	2.51701e-156	5.18678e-161	1.54546e-165	2.62326e-170	6.31904e-175	1.08805e-179	2.32817e-184	3.28118e-189	6.93414e-194	9.3547e-199	2.08727e-203	4.6672e-208	1.53693e-212	5.41813e-217	
Cyperus_involucratus	0	0	0	0	0	0	0	0	0	0	0	0	0	0	0	1	0	0	0	0	0	0	0	0	0	0	0	0	0	0	0	0	0	0	0	0	0	0	0	0	0	0	0	0	0	0	0	0	0	0	0	0	0	0	0	0	0	0	0	0	0	0	0	0	0	0	0	0	0	0	0	
Cyperus_alternifolius	0	0	0	0	0	0	0	0	0	0	0	0	0	0	0	1	0	0	0	0	0	0	0	0	0	0	0	0	0	0	0	0	0	0	0	0	0	0	0	0	0	0	0	0	0	0	0	0	0	0	0	0	0	0	0	0	0	0	0	0	0	0	0	0	0	0	0	0	0	0	0	
N74	1.15618e-06	1.14256e-05	9.91512e-05	0.000601688	0.00253596	0.00855985	0.0234698	0.0553004	0.099854	0.144281	0.175775	0.180701	0.141305	0.0906502	0.0481975	0.0206632	0.00633291	0.00143352	0.000203576	2.16156e-05	1.56845e-06	8.55347e-08	3.28622e-09	1.10213e-10	2.4853e-12	5.16151e-14	8.04181e-16	1.11601e-17	1.1662e-19	1.24338e-21	9.26369e-24	7.23027e-26	4.34176e-28	2.56292e-30	1.1694e-32	6.01947e-35	2.12674e-37	8.52391e-40	2.68158e-42	8.77725e-45	2.20106e-47	6.57548e-50	1.34978e-52	3.33294e-55	6.34034e-58	1.28994e-60	2.0332e-63	4.02058e-66	5.26789e-69	8.56585e-72	1.07812e-74	1.52524e-77	1.60752e-80	2.20065e-83	1.99653e-86	2.35464e-89	2.06007e-92	2.07422e-95	1.58345e-98	1.62705e-101	1.05746e-104	9.13127e-108	6.04946e-111	4.71003e-114	2.67251e-117	2.12605e-120	1.22161e-123	1.08962e-126	1.03368e-129	1.31674e-132	1.91653e-135	
Schoenoplectus_hallii	0	0	0	0	0	0	0	0	0	0	1	0	0	0	0	0	0	0	0	0	0	0	0	0	0	0	0	0	0	0	0	0	0	0	0	0	0	0	0	0	0	0	0	0	0	0	0	0	0	0	0	0	0	0	0	0	0	0	0	0	0	0	0	0	0	0	0	0	0	0	0	
N75	1.02088e-07	1.21969e-06	1.45408e-05	0.000120061	0.000673837	0.0028328	0.00972622	0.0280624	0.0642131	0.102489	0.127641	0.160923	0.159743	0.120607	0.0875034	0.0651263	0.0351947	0.0258523	0.00609845	0.00273939	0.000357637	7.67562e-05	3.91587e-06	5.84546e-07	1.4249e-08	1.24685e-09	2.08686e-11	1.06176e-12	1.04975e-14	4.33778e-16	2.89915e-18	8.12657e-20	5.83355e-22	8.81623e-24	4.4133e-26	1.35151e-27	3.62053e-30	4.5546e-32	2.86345e-34	3.72736e-36	7.87359e-39	1.05913e-40	2.13645e-43	3.66748e-45	6.65006e-48	3.43705e-50	6.66698e-53	1.17765e-54	1.02358e-57	4.90812e-60	8.17839e-63	9.48446e-65	6.56412e-68	3.17243e-70	2.88356e-73	2.97689e-75	1.75315e-78	4.96632e-81	4.53173e-84	4.24993e-86	1.72009e-89	4.1649e-92	4.04613e-95	2.05686e-97	8.04366e-101	2.94977e-103	1.22918e-106	5.33956e-109	2.61402e-112	9.63348e-115	9.12971e-117	
Schoenoplectus_articulatus	0	0	0	0	0	0	0	0	0	0	0	0	0	0	1	0	0	0	0	0	0	0	0	0	0	0	0	0	0	0	0	0	0	0	0	0	0	0	0	0	0	0	0	0	0	0	0	0	0	0	0	0	0	0	0	0	0	0	0	0	0	0	0	0	0	0	0	0	0	0	0	
N76	2.08367e-16	5.33074e-14	6.89074e-12	5.15685e-10	2.67185e-08	6.09132e-08	5.5882e-07	4.05071e-06	0.000171516	0.000963502	0.000480652	0.000444844	0.00216358	0.000999536	0.000291317	0.000203016	0.00271941	0.0536099	0.370207	0.451809	0.108111	0.00767529	0.000144883	1.79098e-06	8.70357e-09	4.05484e-11	9.62641e-14	2.2775e-16	2.82531e-19	4.36031e-22	3.24428e-25	3.2009e-28	1.73084e-31	1.1515e-34	4.37264e-38	2.67843e-41	7.30177e-45	3.15121e-48	8.71227e-52	2.97199e-55	5.93525e-59	2.05665e-62	3.11961e-66	8.31658e-70	1.24872e-73	2.39087e-77	2.78689e-81	6.38137e-85	5.38642e-89	8.46707e-93	7.66608e-97	1.16101e-100	7.68244e-105	1.04197e-108	6.05206e-113	7.75107e-117	4.03959e-121	3.65367e-125	1.7409e-129	1.91379e-133	6.80753e-138	5.06125e-142	2.06136e-146	1.54042e-150	4.53904e-155	3.0361e-159	8.36168e-164	5.73129e-168	2.33546e-172	2.41585e-176	3.18341e-180	
N77	2.25036e-22	4.3466e-19	3.06379e-16	8.72535e-14	3.12517e-11	5.48125e-11	2.11383e-09	1.07603e-08	1.49701e-06	8.15651e-05	6.90741e-05	1.55319e-05	3.44274e-05	3.07013e-05	7.67706e-06	3.41734e-06	1.05442e-05	0.000588096	0.0446068	0.633588	0.294404	0.0264536	0.000104166	5.12693e-07	1.8342e-09	7.29021e-12	2.73617e-14	2.63779e-17	2.2136e-20	1.55008e-23	2.62844e-27	1.76925e-30	3.29546e-34	4.86189e-37	5.61992e-41	8.14676e-44	5.27955e-48	4.40245e-51	1.63453e-55	6.07437e-59	1.56041e-63	3.33809e-67	6.54181e-72	9.31075e-76	2.67883e-80	1.49596e-84	3.19395e-89	7.69105e-93	1.12921e-97	2.17477e-101	1.80927e-105	1.09663e-109	2.60402e-114	9.3273e-118	7.57019e-123	7.99903e-127	4.02299e-131	1.00951e-135	9.37692e-141	1.33758e-144	5.51509e-150	1.87559e-154	4.23679e-159	1.5524e-163	5.70574e-169	3.53019e-173	3.0504e-178	5.83839e-182	1.73929e-187	1.61381e-191	2.58819e-195	
Schoenoplectus_smithii_var_smithii	0	0	0	0	0	0	0	0	0	0	0	0	0	0	0	0	0	0	0	1	0	0	0	0	0	0	0	0	0	0	0	0	0	0	0	0	0	0	0	0	0	0	0	0	0	0	0	0	0	0	0	0	0	0	0	0	0	0	0	0	0	0	0	0	0	0	0	0	0	0	0	
Schoenoplectiella_hotarui	0	0	0	0	0	0	0	0	0	0	0	0	0	0	0	0	0	0	0	0	0	1	0	0	0	0	0	0	0	0	0	0	0	0	0	0	0	0	0	0	0	0	0	0	0	0	0	0	0	0	0	0	0	0	0	0	0	0	0	0	0	0	0	0	0	0	0	0	0	0	0	
Schoenoplectus_purshianus_var_purshianus	0	0	0	0	0	0	0	0	0	0	0	0	0	0	0	0	0	0	1	0	0	0	0	0	0	0	0	0	0	0	0	0	0	0	0	0	0	0	0	0	0	0	0	0	0	0	0	0	0	0	0	0	0	0	0	0	0	0	0	0	0	0	0	0	0	0	0	0	0	0	0	
Fuirena_ciliaris	0	0	0	0	0	0	0	0	0	0	0	0	0	0	0	0	0	0	1	0	0	0	0	0	0	0	0	0	0	0	0	0	0	0	0	0	0	0	0	0	0	0	0	0	0	0	0	0	0	0	0	0	0	0	0	0	0	0	0	0	0	0	0	0	0	0	0	0	0	0	0	
N78	4.43506e-14	3.38526e-12	1.60824e-10	2.17528e-09	3.04126e-08	5.9193e-07	2.23681e-06	3.55242e-06	4.60065e-06	1.30366e-05	8.63041e-05	0.000806589	0.000653391	0.0029325	0.00367114	0.0012532	0.000445479	0.000313408	0.00127835	0.00167986	0.000914633	0.000863599	0.0104921	0.0477442	0.0405225	0.0209255	0.0189793	0.129442	0.292488	0.305523	0.109958	0.00877882	0.000221105	3.02128e-06	2.52212e-08	1.79802e-10	8.37499e-13	2.66063e-14	1.22434e-14	5.73449e-15	1.92105e-15	6.19208e-16	1.25944e-16	2.33589e-17	2.7373e-18	2.29986e-19	9.13786e-21	1.36873e-22	8.66477e-25	4.42136e-27	1.44082e-29	4.06609e-32	7.88712e-35	1.58712e-37	2.08565e-40	2.93721e-43	3.07078e-46	3.19034e-49	2.52382e-52	2.27665e-55	1.38921e-58	9.70009e-62	5.33967e-65	3.08013e-68	1.39455e-71	7.79702e-75	3.58029e-78	2.22157e-81	1.45661e-84	1.08855e-87	8.53663e-91	
Bolboschoenus_planiculmis	0	0	0	0	0	0	0	0	0	0	0	0	0	0	0	0	0	0	0	0	0	0	0	0	0	0	0	1	0	0	0	0	0	0	0	0	0	0	0	0	0	0	0	0	0	0	0	0	0	0	0	0	0	0	0	0	0	0	0	0	0	0	0	0	0	0	0	0	0	0	0	
Bolboschoenus_fluviatilis	0	0	0	0	0	0	0	0	0	0	0	0	0	0	0	0	0	0	0	0	0	0	0	0	0	0	0	0	0	0	0	0	0	0	0	0	0	0	0	0	0	0	0	0	0	0	1	0	0	0	0	0	0	0	0	0	0	0	0	0	0	0	0	0	0	0	0	0	0	0	0	
N79	0.157997	0.197363	0.198085	0.170079	0.121866	0.0791916	0.0417206	0.0204229	0.00851992	0.00325259	0.00103878	0.000348315	8.63576e-05	2.35065e-05	5.00554e-06	1.10163e-06	1.77342e-07	3.50463e-08	4.2721e-09	6.63745e-10	7.02048e-11	8.46704e-12	6.94369e-13	8.02019e-14	4.98399e-15	4.36629e-16	2.5801e-17	1.875e-18	8.35726e-20	5.69241e-21	2.07089e-22	1.1823e-23	3.97193e-25	1.73457e-26	4.87606e-28	2.34318e-29	5.05631e-31	1.7672e-32	3.98092e-34	1.28102e-35	2.24155e-37	6.79067e-39	1.01689e-40	2.74903e-42	4.08104e-44	8.42021e-46	1.09929e-47	2.76041e-49	2.79354e-51	4.95794e-53	5.51328e-55	9.40973e-57	8.34011e-59	1.43929e-60	1.14098e-62	1.7747e-64	1.38345e-66	1.62257e-68	1.16978e-70	1.73549e-72	9.71934e-75	1.04269e-76	7.06394e-79	7.60444e-81	3.88107e-83	4.0339e-85	1.98266e-87	2.14327e-89	1.72047e-91	2.8943e-93	7.33608e-95	
N80	0.000628677	0.00251434	0.00914156	0.0253936	0.0524414	0.0912758	0.133996	0.181248	0.196414	0.162026	0.0923265	0.0393324	0.0106638	0.00223186	0.000326607	3.73546e-05	3.07317e-06	2.28238e-07	1.15895e-08	5.5806e-10	2.03003e-11	6.74144e-13	1.70363e-14	4.50124e-16	8.20501e-18	1.60141e-19	2.42782e-21	3.66369e-23	4.20992e-25	5.53275e-27	5.02623e-29	5.28676e-31	4.24302e-33	3.58571e-35	2.34227e-37	1.87171e-39	9.89454e-42	6.35323e-44	3.17163e-46	1.74796e-48	7.17665e-51	3.72539e-53	1.29889e-55	5.78757e-58	1.93181e-60	7.2172e-63	2.06433e-65	7.84552e-68	1.89724e-70	5.96688e-73	1.43886e-75	4.05308e-78	8.31669e-81	2.32015e-83	4.19045e-86	1.02654e-88	1.82787e-91	3.83867e-94	6.09177e-97	1.35145e-99	1.83685e-102	3.42312e-105	4.88576e-108	8.38339e-111	1.03069e-113	1.82838e-116	2.31895e-119	4.65542e-122	9.81968e-125	2.815e-127	9.56087e-130	
Rhynchospora_albiceps	0	0	0	0	0	0	0	0	0	1	0	0	0	0	0	0	0	0	0	0	0	0	0	0	0	0	0	0	0	0	0	0	0	0	0	0	0	0	0	0	0	0	0	0	0	0	0	0	0	0	0	0	0	0	0	0	0	0	0	0	0	0	0	0	0	0	0	0	0	0	0	
N81	8.18355e-06	6.71666e-05	0.000496682	0.00258619	0.00929399	0.0232167	0.0477698	0.103793	0.200459	0.280098	0.217526	0.0931145	0.0189414	0.00242813	0.000189088	1.11343e-05	4.19858e-07	1.75263e-08	3.73903e-10	9.97515e-12	1.51462e-13	2.66879e-15	2.59672e-17	3.76366e-19	2.44166e-21	2.50416e-23	1.40525e-25	1.08882e-27	4.31197e-30	3.17521e-32	9.77442e-35	5.79701e-37	1.73442e-39	7.40092e-42	1.79496e-44	9.83195e-47	1.68144e-49	5.90762e-52	1.17721e-54	4.06824e-57	5.60887e-60	1.75674e-62	2.10213e-65	6.47863e-68	7.43538e-71	1.48959e-73	1.5311e-76	4.40625e-79	3.26524e-82	5.67198e-85	4.96357e-88	9.71464e-91	6.27615e-94	1.11368e-96	6.61677e-100	1.1558e-102	6.60706e-106	7.45728e-109	4.28949e-112	7.77469e-115	3.07254e-118	3.19634e-121	1.82889e-124	2.17084e-127	8.21518e-131	9.52932e-134	3.39012e-137	3.86115e-140	2.10671e-143	3.60835e-146	8.9336e-149	
Rhynchospora_rubra	0	0	0	0	0	0	0	0	0	1	0	0	0	0	0	0	0	0	0	0	0	0	0	0	0	0	0	0	0	0	0	0	0	0	0	0	0	0	0	0	0	0	0	0	0	0	0	0	0	0	0	0	0	0	0	0	0	0	0	0	0	0	0	0	0	0	0	0	0	0	0	
Rhynchospora_globosa	0	0	0	0	0	0	0	0	0	0	0	1	0	0	0	0	0	0	0	0	0	0	0	0	0	0	0	0	0	0	0	0	0	0	0	0	0	0	0	0	0	0	0	0	0	0	0	0	0	0	0	0	0	0	0	0	0	0	0	0	0	0	0	0	0	0	0	0	0	0	0	
N82	0.0872646	0.132048	0.167832	0.179655	0.1576	0.122157	0.0760595	0.0429149	0.0206852	0.00894594	0.00325575	0.00116031	0.000313802	8.50235e-05	1.83589e-05	3.78908e-06	5.90454e-07	1.03443e-07	1.17143e-08	1.55007e-09	1.4526e-10	1.45612e-11	1.02045e-12	9.24304e-14	4.84104e-15	3.33984e-16	1.59774e-17	8.95254e-19	3.25754e-20	1.70792e-21	5.03989e-23	2.19263e-24	6.01604e-26	2.05761e-27	4.70147e-29	1.72801e-30	3.09529e-32	8.58133e-34	1.58504e-35	3.98789e-37	5.82878e-39	1.40438e-40	1.75846e-42	3.7679e-44	4.66991e-46	7.82022e-48	8.44121e-50	1.65811e-51	1.42261e-53	2.0647e-55	1.91592e-57	2.64641e-59	1.98634e-61	2.76896e-63	1.85098e-65	2.31677e-67	1.53925e-69	1.49854e-71	9.1624e-74	1.10487e-75	5.35226e-78	4.79299e-80	2.76646e-82	2.44896e-84	1.09578e-86	9.67778e-89	4.17886e-91	3.83734e-93	2.76099e-95	4.02468e-97	8.65938e-99	
N83	3.71356e-08	7.5031e-07	1.07477e-05	8.40533e-05	0.000497645	0.00218533	0.00525175	0.00881508	0.0158839	0.0432011	0.0681836	0.136581	0.259276	0.288814	0.139919	0.0279368	0.00275323	0.000492601	9.62604e-05	1.58955e-05	1.24158e-06	5.91387e-08	1.58634e-09	6.77104e-11	7.07324e-12	1.34021e-12	1.76418e-13	2.11866e-14	1.52406e-15	1.08367e-16	3.72389e-18	1.16378e-19	1.95206e-21	2.90155e-23	2.62185e-25	2.72609e-27	1.48512e-29	9.57803e-32	4.13554e-34	1.94788e-36	5.85483e-39	2.28451e-41	5.17244e-44	1.56662e-46	3.11962e-49	7.09691e-52	1.12073e-54	2.51917e-57	3.08083e-60	5.19875e-63	6.14936e-66	8.93338e-69	8.41063e-72	1.16585e-74	9.25857e-78	1.08503e-80	8.21865e-84	7.73508e-87	5.07957e-90	5.12131e-93	2.72412e-96	2.15926e-99	1.217e-102	8.78382e-106	4.01231e-109	2.88108e-112	1.28131e-115	9.77903e-119	7.21714e-122	8.10313e-125	1.058e-127	
Rhynchospora_chinensis	0	0	0	0	0	0	0	0	0	0	0	0	0	0	0	0	0	0	0	0	0	0	0	0	0	0	0	0	0	0	1	0	0	0	0	0	0	0	0	0	0	0	0	0	0	0	0	0	0	0	0	0	0	0	0	0	0	0	0	0	0	0	0	0	0	0	0	0	0	0	0	
N84	1.25191e-11	7.26855e-10	3.1131e-08	5.23431e-07	8.37595e-06	0.000105675	0.000229642	0.000493013	0.00121052	0.00459947	0.0364999	0.208322	0.498825	0.21961	0.0286174	0.00144143	3.60907e-05	6.58583e-07	1.00904e-08	1.21573e-10	9.56136e-13	4.75696e-15	1.62845e-17	5.57679e-20	2.09054e-22	1.21847e-24	6.31349e-27	2.68089e-29	8.30984e-32	1.99749e-34	3.29066e-37	4.09349e-40	3.655e-43	2.52917e-46	1.30927e-49	6.69347e-53	2.6506e-56	2.20321e-59	1.4745e-62	1.72878e-65	1.06614e-68	1.32495e-71	6.89715e-75	4.85112e-78	3.43831e-81	1.39918e-84	5.634e-88	2.84089e-91	6.71096e-95	2.16883e-98	6.38659e-102	1.9631e-105	4.56125e-109	2.97339e-112	6.40477e-116	4.54445e-119	8.68733e-123	5.11384e-126	8.40102e-130	4.29039e-133	5.57072e-137	2.15501e-140	2.42052e-144	7.72461e-148	6.99434e-152	1.84982e-155	1.45135e-159	3.22577e-163	2.86506e-167	9.65075e-171	6.15243e-174	
Rhynchospora_capillacea	0	0	0	0	0	0	0	0	0	0	0	0	1	0	0	0	0	0	0	0	0	0	0	0	0	0	0	0	0	0	0	0	0	0	0	0	0	0	0	0	0	0	0	0	0	0	0	0	0	0	0	0	0	0	0	0	0	0	0	0	0	0	0	0	0	0	0	0	0	0	0	
Rhynchospora_alba	0	0	0	0	0	0	0	0	0	0	0	0	1	0	0	0	0	0	0	0	0	0	0	0	0	0	0	0	0	0	0	0	0	0	0	0	0	0	0	0	0	0	0	0	0	0	0	0	0	0	0	0	0	0	0	0	0	0	0	0	0	0	0	0	0	0	0	0	0	0	0	
N85	0.083574	0.137737	0.192426	0.215044	0.180248	0.115781	0.0522102	0.0176756	0.00436557	0.000811212	0.000113129	1.29456e-05	1.10574e-06	8.10594e-08	4.78486e-09	2.4262e-10	9.96414e-12	3.98927e-13	1.20217e-14	3.68736e-16	9.23046e-18	2.24147e-19	4.34552e-21	9.42072e-23	1.43429e-24	2.49743e-26	3.40169e-28	4.87387e-30	5.29453e-32	7.04228e-34	6.3103e-36	7.02938e-38	5.83348e-40	5.42579e-42	3.78429e-44	3.52216e-46	2.03823e-48	1.55979e-50	8.95833e-53	6.06843e-55	2.91116e-57	1.947e-59	8.07186e-62	4.73671e-64	1.95679e-66	9.65524e-69	3.45738e-71	1.84085e-73	5.56918e-76	2.43003e-78	7.62937e-81	3.05925e-83	8.13052e-86	3.30525e-88	7.80846e-91	2.83264e-93	6.70821e-96	2.05932e-98	4.41112e-101	1.51244e-103	2.7364e-106	7.68545e-109	1.5253e-111	4.03806e-114	6.70102e-117	1.82167e-119	2.97851e-122	8.71031e-125	2.43298e-127	1.11462e-129	6.46195e-132	
Rhynchospora_nervosa	0	0	0	0	1	0	0	0	0	0	0	0	0	0	0	0	0	0	0	0	0	0	0	0	0	0	0	0	0	0	0	0	0	0	0	0	0	0	0	0	0	0	0	0	0	0	0	0	0	0	0	0	0	0	0	0	0	0	0	0	0	0	0	0	0	0	0	0	0	0	0	
Rhynchospora_robusta	0	0	0	0	1	0	0	0	0	0	0	0	0	0	0	0	0	0	0	0	0	0	0	0	0	0	0	0	0	0	0	0	0	0	0	0	0	0	0	0	0	0	0	0	0	0	0	0	0	0	0	0	0	0	0	0	0	0	0	0	0	0	0	0	0	0	0	0	0	0	0	
N86	0.17237	0.204985	0.193326	0.158344	0.111299	0.0740897	0.0415724	0.0229964	0.0113871	0.00550433	0.00233696	0.00111417	0.000408	0.00017402	6.0393e-05	2.28434e-05	6.57881e-06	2.43821e-06	5.81606e-07	1.84076e-07	4.13089e-08	1.09114e-08	2.04408e-09	5.52001e-10	8.35621e-11	1.81398e-11	2.75577e-12	5.23905e-13	6.33548e-14	1.17969e-14	1.22237e-15	1.99366e-16	1.98642e-17	2.58636e-18	2.24307e-19	3.30138e-20	2.28428e-21	2.54307e-22	1.88685e-23	1.98008e-24	1.17882e-25	1.19625e-26	6.25309e-28	5.77395e-29	3.05387e-30	2.22301e-31	1.05479e-32	9.36005e-34	3.53737e-35	2.29667e-36	9.61385e-38	6.0538e-39	2.06857e-40	1.33231e-41	4.12601e-43	2.42645e-44	7.49256e-46	3.41874e-47	9.86885e-49	5.6469e-50	1.29649e-51	5.52364e-53	1.52757e-54	6.5278e-56	1.39541e-57	5.8675e-59	1.22843e-60	5.45516e-62	1.91764e-63	1.37018e-64	1.80823e-65	
Calyptrocarya_glomerulata	0	0	0	0	0	0	0	0	0	1	0	0	0	0	0	0	0	0	0	0	0	0	0	0	0	0	0	0	0	0	0	0	0	0	0	0	0	0	0	0	0	0	0	0	0	0	0	0	0	0	0	0	0	0	0	0	0	0	0	0	0	0	0	0	0	0	0	0	0	0	0	
Scleria_foliosa	0	0	0	0	0	0	0	0	0	1	0	0	0	0	0	0	0	0	0	0	0	0	0	0	0	0	0	0	0	0	0	0	0	0	0	0	0	0	0	0	0	0	0	0	0	0	0	0	0	0	0	0	0	0	0	0	0	0	0	0	0	0	0	0	0	0	0	0	0	0	0	
N87	8.17959e-13	5.21195e-11	1.90937e-09	3.628e-08	3.69458e-07	2.12726e-06	5.25383e-06	5.46201e-05	0.000480131	0.000440186	0.000336067	0.00191751	0.00220171	0.000429411	0.000614142	0.00784143	0.0765452	0.341295	0.468925	0.0952431	0.00350812	0.000111719	3.01914e-05	1.39167e-05	3.63509e-06	4.57579e-07	1.14099e-08	1.33446e-10	9.71172e-13	5.68618e-15	3.67031e-17	5.76944e-18	1.76294e-18	4.6055e-19	8.84804e-20	1.46697e-20	1.51194e-21	1.15599e-22	4.48111e-24	5.85905e-26	3.83711e-28	1.91271e-30	5.94693e-33	1.64305e-35	3.35963e-38	6.0539e-41	8.4367e-44	1.17943e-46	1.2006e-49	1.24541e-52	1.04989e-55	8.53808e-59	5.63241e-62	3.97472e-65	2.11891e-68	1.21346e-71	5.75371e-75	2.72802e-78	1.07754e-81	4.70963e-85	1.56385e-88	5.74823e-92	1.80377e-95	5.8678e-99	1.66887e-102	5.69543e-106	1.81961e-109	7.28751e-113	3.08161e-116	1.39104e-119	6.48295e-123	
Cladium_mariscus	0	0	0	0	0	0	0	0	0	0	0	0	0	0	0	0	0	1	0	0	0	0	0	0	0	0	0	0	0	0	0	0	0	0	0	0	0	0	0	0	0	0	0	0	0	0	0	0	0	0	0	0	0	0	0	0	0	0	0	0	0	0	0	0	0	0	0	0	0	0	0	
Cladium_mariscoides	0	0	0	0	0	0	0	0	0	0	0	0	0	0	0	0	0	0	0	0	0	0	0	0	0	0	0	0	0	0	0	0	0	0	0	0	0	0	1	0	0	0	0	0	0	0	0	0	0	0	0	0	0	0	0	0	0	0	0	0	0	0	0	0	0	0	0	0	0	0	0	
