NODE	1	2	3	4	5	6	7	8	9	10	11	12	13	14	15	16	17	18	19	20	21	22	23	24	25	26	27	28	29	30	31	32	33	34	35	36	37	38	39	40	41	42	43	44	45	46	47	48	49	50	51	52	53	54	55	56	57	58	59	60	61	62	
N1	3.36323e-30	1.61129e-29	3.19651e-27	1.17871e-25	6.34702e-24	1.06896e-22	6.73142e-22	3.44578e-21	2.45331e-20	1.73262e-19	8.14107e-19	2.48613e-18	6.05899e-18	1.32073e-17	2.59385e-17	5.30971e-17	1.27182e-16	7.34037e-13	4.68563e-12	2.57739e-11	1.11587e-10	3.6924e-10	9.75336e-10	2.27934e-09	5.26041e-09	1.23283e-08	2.74023e-08	5.37116e-08	9.21301e-08	1.46203e-07	2.32338e-07	4.08682e-07	7.92159e-07	1.62195e-06	3.38667e-06	7.09377e-06	1.47853e-05	3.0346e-05	6.03967e-05	0.000114632	0.000204766	0.000342141	0.000536195	0.000798146	0.00115438	0.00167253	0.00250317	0.00394185	0.00650636	0.0109826	0.0183272	0.0293118	0.0439576	0.0610962	0.0784933	0.0936377	0.104728	0.111174	0.113338	0.111815	0.106833	0.0984113	
N2	1.58173e-33	2.7752e-32	4.09263e-30	5.16658e-28	6.53376e-26	3.26413e-24	7.93443e-23	2.27115e-21	6.21286e-20	1.18447e-18	1.53403e-17	1.32236e-16	7.96533e-16	3.8564e-15	1.97791e-14	1.17744e-13	6.38801e-13	3.05617e-12	1.33392e-11	5.37481e-11	1.97719e-10	6.52786e-10	1.90625e-09	4.88785e-09	1.10487e-08	2.24417e-08	4.26133e-08	8.0639e-08	1.64198e-07	3.76763e-07	9.45433e-07	2.19662e-06	4.84864e-06	1.03369e-05	2.14568e-05	4.32969e-05	8.41894e-05	0.000156163	0.000274782	0.000459846	0.000740786	0.00117225	0.00186453	0.00302904	0.00502878	0.00840561	0.0138343	0.0219485	0.0330309	0.0466732	0.0616245	0.0760287	0.0880224	0.0963575	0.100615	0.100825	0.0967235	0.0872561	0.0711316	0.0490026	0.0259161	0.00971044	
N3	8.21389e-17	1.09993e-15	1.74812e-13	1.01791e-11	2.47711e-10	4.82259e-09	5.24837e-08	3.77531e-07	2.13945e-06	8.974e-06	3.58542e-05	0.000154501	0.000570508	0.00165753	0.00415291	0.0102169	0.0249032	0.0545952	0.0994817	0.146601	0.174433	0.169161	0.135127	0.0899556	0.0503825	0.023972	0.00976038	0.00342731	0.00104356	0.000277315	6.45713e-05	1.32501e-05	2.40292e-06	3.8737e-07	5.56214e-08	7.16416e-09	8.29009e-10	8.71052e-11	8.32295e-12	7.36371e-13	6.03742e-14	4.72278e-15	3.50132e-16	2.55352e-17	1.78024e-18	1.2341e-19	8.06407e-21	5.20606e-22	3.10827e-23	1.82337e-24	9.77249e-26	5.14809e-27	2.45991e-28	1.15982e-29	4.92891e-31	2.07865e-32	7.84075e-34	2.95743e-35	9.87321e-37	3.33223e-38	9.80868e-40	2.98742e-41	
N4	2.23062e-16	4.10538e-14	1.34628e-11	1.25501e-09	9.13014e-08	1.06784e-06	6.06325e-06	7.03555e-05	0.00116048	0.0104117	0.0491701	0.133347	0.223631	0.245688	0.184883	0.0987769	0.0385635	0.0112711	0.00251589	0.000436416	5.96858e-05	6.52159e-06	5.75443e-07	4.14515e-08	2.45651e-09	1.21034e-10	4.97919e-12	1.73692e-13	5.12403e-15	1.33375e-16	2.9899e-18	6.78033e-20	1.37179e-21	3.76788e-23	8.30238e-25	2.68483e-26	5.66275e-28	1.6581e-29	3.02881e-31	7.47207e-33	1.16522e-34	2.41691e-36	3.22927e-38	5.67575e-40	6.53288e-42	9.80965e-44	9.77931e-46	1.26419e-47	1.0969e-49	1.22955e-51	9.33735e-54	9.1491e-56	6.13692e-58	5.32527e-60	3.2326e-62	2.5425e-64	1.45289e-66	1.04685e-68	5.68521e-71	3.66061e-73	1.87517e-75	1.14115e-77	
Carex_lingii	0	0	0	0	0	1	0	0	0	0	0	0	0	0	0	0	0	0	0	0	0	0	0	0	0	0	0	0	0	0	0	0	0	0	0	0	0	0	0	0	0	0	0	0	0	0	0	0	0	0	0	0	0	0	0	0	0	0	0	0	0	0	
N5	1.34891e-17	3.17631e-14	1.59866e-11	8.39212e-09	2.8071e-07	4.34765e-06	0.00017531	0.00423923	0.0379806	0.145797	0.275495	0.283428	0.170851	0.0638102	0.0154185	0.00249796	0.000279108	2.20992e-05	1.2623e-06	5.38588e-08	1.71707e-09	4.75408e-11	1.03334e-12	3.75724e-14	8.45943e-16	4.65039e-17	8.79459e-19	4.04202e-20	5.67035e-22	2.01246e-23	2.10474e-25	5.86846e-27	4.64005e-29	1.03686e-30	6.28178e-33	1.14513e-34	5.37333e-37	8.11399e-39	2.98819e-41	3.79596e-43	1.10206e-45	1.19376e-47	2.82838e-50	2.69462e-52	5.03802e-55	4.36555e-57	8.49811e-60	7.71841e-62	1.04407e-64	1.05476e-66	3.00679e-69	2.92483e-71	3.22897e-74	3.37599e-76	9.57844e-79	7.71732e-81	6.95069e-84	6.19034e-86	1.90548e-88	1.39235e-90	4.39766e-93	2.60323e-95	
N6	8.04008e-16	3.55822e-13	3.66477e-10	4.65377e-08	1.15502e-06	6.2258e-05	0.0021124	0.0251965	0.120241	0.266044	0.303294	0.192212	0.0716968	0.0164723	0.00241682	0.000234676	1.5411e-05	7.77226e-07	2.8516e-08	2.95185e-09	1.20051e-10	3.0804e-11	8.88925e-13	1.85399e-13	3.49328e-15	5.71209e-16	7.18602e-18	9.44534e-19	8.10971e-21	8.74985e-22	5.24027e-24	4.72367e-25	2.0055e-27	1.53188e-28	4.8218e-31	3.21474e-32	7.24766e-35	4.31727e-36	1.41827e-38	9.8396e-40	1.35573e-42	1.0643e-43	1.26728e-45	8.50161e-47	7.89553e-50	5.84949e-51	6.66915e-53	3.60067e-54	2.24617e-57	1.34515e-58	1.26939e-60	5.61369e-62	2.41101e-65	1.1806e-66	9.33431e-69	3.44679e-70	1.04478e-73	4.23776e-75	2.8946e-77	9.18288e-79	1.37864e-81	4.16955e-83	
Carex_grandiligulata	0	0	0	0	0	1	0	0	0	0	0	0	0	0	0	0	0	0	0	0	0	0	0	0	0	0	0	0	0	0	0	0	0	0	0	0	0	0	0	0	0	0	0	0	0	0	0	0	0	0	0	0	0	0	0	0	0	0	0	0	0	0	
Carex_pachygyna	0	0	0	0	0	1	0	0	0	0	0	0	0	0	0	0	0	0	0	0	0	0	0	0	0	0	0	0	0	0	0	0	0	0	0	0	0	0	0	0	0	0	0	0	0	0	0	0	0	0	0	0	0	0	0	0	0	0	0	0	0	0	
Carex_siderosticta	0	0	0	0	0	1	0	0	0	0	0	0	0	0	0	0	0	0	0	0	0	0	0	0	0	0	0	0	0	0	0	0	0	0	0	0	0	0	0	0	0	0	0	0	0	0	0	0	0	0	0	0	0	0	0	0	0	0	0	0	0	0	
Carex_scaposa	0	0	0	0	0	0	0	0	0	0	0	1	0	0	0	0	0	0	0	0	0	0	0	0	0	0	0	0	0	0	0	0	0	0	0	0	0	0	0	0	0	0	0	0	0	0	0	0	0	0	0	0	0	0	0	0	0	0	0	0	0	0	
N7	2.66279e-28	7.86919e-27	1.82304e-24	4.11584e-22	1.17567e-20	2.41934e-19	7.42788e-18	1.20736e-16	9.44407e-16	4.24255e-15	1.41279e-14	8.51156e-14	6.94809e-13	4.20257e-12	2.30128e-11	9.55414e-11	2.95947e-10	7.56108e-10	1.70382e-09	3.44961e-09	6.28647e-09	1.1247e-08	2.77046e-08	1.06006e-07	4.14971e-07	1.39233e-06	4.34533e-06	1.37163e-05	4.10477e-05	0.000105302	0.000223904	0.000406321	0.000667146	0.00102681	0.00151461	0.00216252	0.00298311	0.00393494	0.00489612	0.00567798	0.00609612	0.00608189	0.00579368	0.0056865	0.00648204	0.00895456	0.013504	0.0197132	0.0263031	0.0317721	0.0353785	0.0376991	0.0403115	0.0451714	0.0539268	0.0672085	0.0832313	0.0980403	0.106446	0.105569	0.0949193	0.078051	
N8	8.13336e-25	3.6366e-24	8.11669e-22	5.96315e-20	9.54649e-18	2.80012e-16	4.61038e-16	1.34974e-14	1.8374e-14	2.02321e-12	8.4038e-11	1.29581e-10	6.02056e-11	7.2005e-11	4.90043e-10	1.90289e-09	2.15157e-09	1.24984e-09	4.06105e-09	4.00754e-07	7.38335e-06	3.07486e-05	4.55615e-05	3.231e-05	1.3625e-05	4.48473e-06	2.92157e-06	4.15708e-06	7.24473e-06	1.64416e-05	2.71891e-05	2.87149e-05	2.02244e-05	1.00798e-05	3.83924e-06	2.26169e-06	7.20997e-06	4.9723e-05	0.000830445	0.00780305	0.037037	0.102154	0.179908	0.220027	0.195366	0.134196	0.07249	0.0325918	0.0120483	0.00386256	0.00103757	0.000253657	5.87136e-05	1.56269e-05	4.3536e-06	1.1645e-06	2.48314e-07	4.46592e-08	6.16632e-09	7.33299e-10	6.77742e-11	5.64211e-12	
N9	1.92526e-31	2.84535e-29	4.17708e-26	1.46974e-23	3.05833e-21	5.78821e-20	1.31109e-18	5.60552e-17	5.05249e-16	3.49521e-14	3.14286e-13	4.07797e-13	6.67662e-13	3.72145e-12	1.78652e-11	8.85731e-11	3.02021e-10	8.40223e-10	5.118e-09	1.6783e-07	1.00685e-06	1.92386e-06	1.90677e-06	1.34306e-06	8.39542e-07	1.09077e-06	3.15287e-06	4.99618e-06	8.79472e-06	2.17041e-05	3.16942e-05	2.74096e-05	1.58337e-05	8.89944e-06	1.01731e-05	1.65352e-05	3.01011e-05	0.000281373	0.00395106	0.025092	0.0839537	0.16972	0.226414	0.212757	0.147821	0.0793937	0.0339263	0.0119171	0.00347206	0.000861782	0.000185532	4.4135e-05	1.51046e-05	5.62484e-06	1.54787e-06	3.20804e-07	4.54478e-08	6.12122e-09	1.1066e-09	6.07731e-10	3.08883e-10	1.03719e-10	
N10	6.17452e-32	3.77597e-29	4.72719e-26	1.09694e-23	1.78683e-21	6.07523e-20	4.13369e-19	1.74986e-17	1.51261e-16	6.25974e-15	1.42153e-13	6.54113e-13	1.36634e-12	3.00613e-12	4.84658e-11	3.80179e-10	1.18804e-09	1.94377e-09	6.74351e-09	1.3381e-07	6.8415e-07	1.45898e-06	2.19527e-06	3.02896e-06	3.46031e-06	2.86869e-06	1.74956e-06	2.70365e-06	1.48938e-05	3.28025e-05	3.44297e-05	2.50244e-05	2.11184e-05	2.3173e-05	2.29258e-05	1.89575e-05	8.12487e-05	0.0017792	0.0215463	0.0936326	0.203129	0.260226	0.217111	0.126058	0.053515	0.0172698	0.00436829	0.000890832	0.00015204	2.37214e-05	3.94e-06	7.39388e-07	1.32724e-07	1.9425e-08	2.22391e-09	2.22018e-10	2.60004e-11	4.18985e-12	6.75712e-13	8.34833e-14	6.66115e-15	2.70366e-16	
Trichophorum_alpinum	0	0	0	0	0	0	0	0	0	0	0	0	0	0	0	0	0	0	0	0	0	0	0	0	0	0	0	0	1	0	0	0	0	0	0	0	0	0	0	0	0	0	0	0	0	0	0	0	0	0	0	0	0	0	0	0	0	0	0	0	0	0	
Trichophorum_pumilum	0	0	0	0	0	0	0	0	0	0	0	0	0	0	0	0	0	0	0	0	0	0	0	0	0	0	0	0	0	0	0	0	0	0	0	0	0	0	1	0	0	0	0	0	0	0	0	0	0	0	0	0	0	0	0	0	0	0	0	0	0	0	
Trichophorum_cespitosum	0	0	0	0	0	0	0	0	0	0	0	0	0	0	0	0	0	0	0	0	0	0	0	0	0	0	0	0	0	0	0	0	0	0	0	0	0	0	0	0	0	0	0	0	0	0	0	0	0	0	0	1	0	0	0	0	0	0	0	0	0	0	
Trichophorum_uniflorum	0	0	0	0	0	0	0	0	0	0	0	0	0	0	0	0	0	0	0	0	0	0	0	0	0	0	0	0	0	0	0	0	0	0	0	0	1	0	0	0	0	0	0	0	0	0	0	0	0	0	0	0	0	0	0	0	0	0	0	0	0	0	
N11	4.21066e-26	6.08999e-25	2.02962e-22	1.60254e-20	4.63879e-19	3.03672e-17	5.31204e-16	4.15298e-15	2.65698e-14	1.21898e-13	1.09755e-12	1.65885e-11	1.15036e-10	4.52568e-10	1.42869e-09	4.58467e-09	1.48378e-08	4.2513e-08	1.00529e-07	2.06154e-07	6.37219e-07	4.45736e-06	2.79122e-05	0.0001149	0.000321543	0.000656795	0.00105407	0.00143959	0.00182928	0.00233763	0.00307122	0.00400235	0.00487178	0.00532495	0.00513777	0.0043664	0.0032961	0.00226209	0.00154109	0.00149384	0.00294757	0.00739631	0.016378	0.0302832	0.0480043	0.0681769	0.0897259	0.110747	0.126017	0.129205	0.116339	0.0907751	0.0604932	0.0342837	0.0163566	0.00658888	0.00223452	0.000658231	0.000173874	4.54499e-05	1.19239e-05	3.27918e-06	
N12	9.63567e-22	1.18164e-18	2.87576e-15	5.3116e-14	1.21583e-10	4.25601e-10	2.53306e-10	4.06816e-10	4.32441e-08	4.83341e-06	1.66975e-05	1.35424e-05	5.2697e-06	1.3471e-06	2.58193e-07	6.67522e-08	4.5345e-07	1.13531e-05	0.00114195	0.0489679	0.193465	0.304288	0.256583	0.134026	0.0471069	0.0118137	0.00220026	0.000314288	3.52518e-05	3.16807e-06	2.31639e-07	1.39693e-08	7.02208e-10	2.97152e-11	1.06668e-12	3.27327e-14	8.63801e-16	1.9741e-17	3.92917e-19	6.87002e-21	1.06351e-22	1.48013e-24	1.87885e-26	2.23893e-28	2.55004e-30	2.86811e-32	3.1581e-34	3.45299e-36	3.59899e-38	3.63978e-40	3.41393e-42	3.08046e-44	2.54991e-46	2.03828e-48	1.48657e-50	1.05405e-52	6.77198e-55	4.25907e-57	2.40234e-59	1.33692e-61	6.5741e-64	3.23438e-66	
Scirpus_lineatus	0	0	0	0	0	0	0	0	0	0	0	0	0	0	0	0	0	1	0	0	0	0	0	0	0	0	0	0	0	0	0	0	0	0	0	0	0	0	0	0	0	0	0	0	0	0	0	0	0	0	0	0	0	0	0	0	0	0	0	0	0	0	
Scirpus_pendulus	0	0	0	0	0	0	0	0	0	0	0	0	0	0	0	0	0	0	0	1	0	0	0	0	0	0	0	0	0	0	0	0	0	0	0	0	0	0	0	0	0	0	0	0	0	0	0	0	0	0	0	0	0	0	0	0	0	0	0	0	0	0	
N13	3.46485e-29	6.34526e-29	2.66927e-25	1.98368e-23	1.38634e-18	7.51771e-19	7.97536e-20	4.72502e-20	8.51112e-16	3.12071e-12	5.34524e-12	1.11527e-12	1.13905e-13	8.05248e-15	4.35955e-16	5.90775e-17	1.39894e-13	1.26857e-09	6.36477e-07	1.4248e-05	3.70794e-05	2.32831e-05	5.73835e-06	7.72888e-07	7.02838e-08	4.90188e-09	2.83625e-10	1.43362e-11	6.53733e-13	2.80347e-14	1.64861e-15	4.50637e-15	1.53345e-12	1.5417e-09	5.52875e-07	5.4339e-05	0.00164037	0.0183755	0.0894705	0.217525	0.287412	0.227367	0.111016	0.0370144	0.00832857	0.00148939	0.000198009	2.48183e-05	2.41708e-06	2.25017e-07	1.55893e-08	9.69039e-10	4.45576e-11	1.79897e-12	5.47615e-14	1.47483e-15	3.05201e-17	5.71898e-19	8.32458e-21	1.13432e-22	1.19598e-24	1.23709e-26	
N14	8.62703e-38	3.91286e-36	5.25469e-33	1.23023e-30	9.58223e-26	8.67978e-25	1.23284e-24	6.29125e-23	2.1173e-19	1.44686e-17	2.66879e-17	1.79136e-17	2.42315e-17	3.61751e-17	1.49222e-16	4.35313e-15	2.01286e-12	5.28967e-10	1.74749e-08	9.68596e-08	1.37652e-07	7.18332e-08	1.79327e-08	2.55822e-09	2.36358e-10	1.53843e-11	7.4258e-13	3.05878e-14	6.96557e-15	4.11915e-14	3.77987e-13	3.13632e-11	6.03232e-09	9.31756e-07	6.03141e-05	0.00153756	0.0168507	0.0863545	0.221781	0.302936	0.231771	0.104241	0.028701	0.00510285	0.00060676	5.26602e-05	3.38745e-06	1.80092e-07	7.323e-09	2.48871e-10	6.1499e-12	1.26718e-13	1.81347e-15	2.59616e-17	5.17305e-19	8.39885e-20	1.6143e-20	2.45687e-21	2.80095e-22	2.33288e-23	1.38837e-24	6.62912e-26	
N15	1.28191e-35	8.73318e-34	1.67572e-31	1.21786e-29	6.91373e-27	1.48333e-25	8.73111e-25	1.44357e-22	6.29803e-20	3.14579e-18	1.01049e-17	1.22466e-17	2.24217e-17	3.68343e-17	2.33992e-16	2.57492e-14	3.87123e-12	4.21357e-10	1.14283e-08	6.82247e-08	1.11691e-07	6.41199e-08	1.64752e-08	2.33603e-09	2.12387e-10	1.35783e-11	6.43608e-13	2.65057e-14	7.21454e-15	6.05641e-14	2.52208e-12	1.87991e-10	1.76765e-08	1.75938e-06	8.82471e-05	0.00193292	0.0192753	0.0928428	0.228336	0.301884	0.224932	0.09884	0.0266397	0.00463838	0.000540404	4.5902e-05	2.88936e-06	1.49923e-07	5.94828e-09	1.96746e-10	4.73134e-12	9.50114e-14	1.31685e-15	1.96885e-17	3.74119e-19	6.22547e-20	1.09419e-20	2.89637e-21	1.24547e-20	8.21998e-20	3.79496e-19	1.1067e-18	
Scirpus_maximowiczii	0	0	0	0	0	0	0	0	0	0	0	0	0	0	0	0	0	0	0	0	0	0	0	0	0	0	0	0	0	0	0	1	0	0	0	0	0	0	0	0	0	0	0	0	0	0	0	0	0	0	0	0	0	0	0	0	0	0	0	0	0	0	
N16	1.04668e-32	1.07435e-28	5.22717e-27	1.09125e-22	2.13701e-22	2.68531e-22	4.92892e-19	3.72545e-16	7.14346e-16	3.92325e-16	1.21692e-16	2.77489e-17	1.58301e-16	4.3716e-13	1.06621e-10	5.63593e-10	5.30265e-10	2.11298e-10	7.12304e-11	2.92259e-11	1.18923e-11	4.04722e-12	1.12222e-12	2.59565e-13	1.22429e-13	1.11789e-11	2.81989e-08	1.32018e-05	0.00146833	0.0229526	0.115137	0.255674	0.296925	0.199234	0.082357	0.0218916	0.00385134	0.000457022	3.7015e-05	2.05999e-06	7.90736e-08	2.10024e-09	3.88125e-11	5.04668e-13	4.71849e-15	3.53158e-17	4.38076e-19	2.62399e-20	1.81733e-21	1.21758e-22	6.58681e-24	3.16718e-25	1.25775e-26	4.3352e-28	1.24358e-29	3.06607e-31	6.30561e-33	1.11483e-34	1.65379e-36	2.14728e-38	2.38244e-40	2.41717e-42	
N17	7.82003e-36	1.19806e-31	1.08619e-29	1.81548e-25	4.60061e-25	2.60919e-24	5.03668e-21	9.42999e-19	2.5077e-18	2.67487e-18	1.69201e-18	1.06421e-18	4.099e-17	8.08478e-14	7.73833e-12	1.80477e-11	1.20244e-11	6.47774e-12	5.04921e-12	4.5438e-12	3.45484e-12	1.99569e-12	8.57845e-13	3.84436e-13	6.55663e-12	4.29049e-10	5.86939e-07	0.000306377	0.0243209	0.163924	0.339252	0.300374	0.133694	0.0329108	0.00476846	0.000424379	2.39009e-05	8.69753e-07	2.07457e-08	3.27564e-10	3.4491e-12	2.44554e-14	1.20195e-16	1.19957e-18	3.20938e-20	5.5729e-21	1.70563e-22	2.20581e-23	5.49454e-25	5.19451e-26	1.06554e-27	7.42625e-29	1.25446e-30	6.51101e-32	9.00994e-34	3.56762e-35	4.28336e-37	1.39117e-38	1.92744e-40	5.23912e-42	7.95349e-44	1.27539e-45	
Scirpus_polyphyllus	0	0	0	0	0	0	0	0	0	0	0	0	0	0	0	0	0	0	0	0	0	0	0	0	0	0	0	0	1	0	0	0	0	0	0	0	0	0	0	0	0	0	0	0	0	0	0	0	0	0	0	0	0	0	0	0	0	0	0	0	0	0	
N18	1.01312e-46	1.85393e-40	1.08379e-35	1.16896e-32	7.18111e-33	1.94316e-27	1.56659e-22	7.72548e-24	1.52568e-25	2.44763e-27	4.15747e-25	9.20712e-21	5.46566e-15	4.29264e-13	7.18894e-14	4.49176e-15	1.62746e-16	3.88585e-18	6.52436e-20	8.01042e-22	4.44603e-23	2.0694e-20	7.44683e-18	2.80002e-13	6.69155e-08	0.00119465	0.0856626	0.809731	0.0998367	0.00352418	5.01783e-05	3.34805e-07	1.13939e-09	2.09082e-12	2.15477e-15	1.28791e-18	4.58514e-22	9.96547e-26	1.36786e-29	2.41891e-33	1.29352e-36	4.08885e-39	2.88347e-42	7.5717e-45	2.79538e-44	3.82992e-41	2.05787e-42	2.85775e-43	1.21126e-44	1.37233e-45	5.2972e-47	4.92918e-48	1.74484e-49	1.40264e-50	1.14226e-51	1.44604e-51	1.59485e-51	3.49838e-48	2.30947e-46	4.4206e-46	3.92167e-46	3.95442e-46	
N19	2.54086e-49	1.60207e-45	3.75502e-40	1.50064e-37	2.41701e-36	2.425e-30	1.27388e-26	5.05629e-28	9.11171e-30	2.24452e-30	4.48427e-26	6.00145e-20	7.20921e-15	8.72204e-15	1.00516e-15	3.87845e-17	7.33749e-19	7.71407e-21	4.82949e-23	1.93223e-25	1.5566e-26	9.91763e-23	2.70084e-16	3.43971e-10	0.000116338	0.137605	0.511301	0.334109	0.0166506	0.000217482	1.03013e-06	2.07419e-09	1.95424e-12	9.20733e-16	2.28256e-19	3.10503e-23	2.40376e-27	1.14085e-31	3.59066e-36	2.00925e-38	1.55868e-42	5.76038e-44	3.21302e-47	2.79982e-48	4.25132e-51	2.71836e-52	3.44249e-55	1.5441e-56	1.63296e-59	5.08776e-61	4.54194e-64	9.61221e-66	7.1231e-69	9.88255e-71	5.04662e-74	4.49637e-76	1.98601e-80	1.50774e-82	2.55664e-87	1.67328e-89	1.61581e-94	9.23722e-97	
Scirpus_atrovirens	0	0	0	0	0	0	0	0	0	0	0	0	0	0	0	0	0	0	0	0	0	0	0	0	1	0	0	0	0	0	0	0	0	0	0	0	0	0	0	0	0	0	0	0	0	0	0	0	0	0	0	0	0	0	0	0	0	0	0	0	0	0	
Scirpus_georgianus	0	0	0	0	0	0	0	0	0	0	0	0	0	0	0	0	0	0	0	0	0	0	0	0	0	1	0	0	0	0	0	0	0	0	0	0	0	0	0	0	0	0	0	0	0	0	0	0	0	0	0	0	0	0	0	0	0	0	0	0	0	0	
N20	1.00157e-57	6.37719e-59	1.00337e-51	4.29889e-47	9.14947e-49	2.12139e-39	2.02995e-30	4.45214e-34	3.47547e-38	8.45767e-43	9.13363e-41	4.33077e-32	7.64916e-24	1.73382e-17	1.63341e-20	6.38738e-24	9.77909e-28	5.17637e-32	8.59545e-34	7.14142e-33	1.30388e-40	7.10639e-44	2.43364e-34	2.44864e-25	7.40137e-17	5.77996e-09	0.0583043	0.941667	2.86427e-05	1.73531e-10	2.91879e-16	1.39107e-22	1.74126e-29	4.12538e-36	5.9656e-39	6.45917e-38	6.46734e-38	6.59373e-37	6.60315e-37	6.00985e-36	6.01935e-36	4.82337e-35	4.83184e-35	3.34957e-34	3.35538e-34	1.96678e-33	1.9645e-33	9.42926e-33	9.15163e-33	3.4045e-32	2.73547e-32	7.01763e-32	1.85146e-32	4.32611e-32	5.17378e-33	1.14367e-32	7.60657e-34	1.59187e-33	7.01433e-35	1.53712e-34	1.23825e-34	4.78764e-34	
Scirpus_flaccidifolius	0	0	0	0	0	0	0	0	0	0	0	0	0	0	0	0	0	0	0	0	0	0	0	0	0	0	1	0	0	0	0	0	0	0	0	0	0	0	0	0	0	0	0	0	0	0	0	0	0	0	0	0	0	0	0	0	0	0	0	0	0	0	
Scirpus_pallidus	0	0	0	0	0	0	0	0	0	0	0	0	0	0	0	0	0	0	0	0	0	0	0	0	0	0	0	1	0	0	0	0	0	0	0	0	0	0	0	0	0	0	0	0	0	0	0	0	0	0	0	0	0	0	0	0	0	0	0	0	0	0	
Scirpus_ancistrochaetus	0	0	0	0	0	0	0	0	0	0	0	0	0	0	0	0	0	0	0	0	0	0	0	0	0	0	1	0	0	0	0	0	0	0	0	0	0	0	0	0	0	0	0	0	0	0	0	0	0	0	0	0	0	0	0	0	0	0	0	0	0	0	
N21	3.61192e-34	1.45663e-30	7.2893e-28	1.12448e-24	5.1788e-22	1.3697e-21	8.17697e-21	3.50038e-18	1.20195e-15	5.4859e-15	6.87435e-15	4.67536e-15	2.46797e-15	4.93665e-15	3.7228e-14	6.04415e-12	3.66043e-10	1.8071e-09	2.03857e-09	9.55042e-10	3.95095e-10	2.89985e-10	2.36568e-10	1.56637e-10	8.17259e-11	3.59928e-11	4.45017e-11	2.57395e-10	7.15343e-10	1.23056e-08	2.49907e-06	0.000226477	0.00596994	0.0493392	0.170062	0.290657	0.272703	0.14947	0.0497678	0.0103234	0.00135768	0.000114908	6.36356e-06	2.35705e-07	6.00876e-09	1.09963e-10	1.56555e-12	4.68824e-14	7.17195e-15	1.71784e-15	3.19353e-16	5.42071e-17	7.42564e-18	8.757e-19	8.45543e-20	6.87028e-21	4.56714e-22	2.52225e-23	1.1342e-24	4.23025e-26	1.29569e-27	3.42134e-29	
Scirpus_radicans	0	0	0	0	0	0	0	0	0	0	0	0	0	0	0	0	0	0	0	0	0	0	0	0	0	0	0	1	0	0	0	0	0	0	0	0	0	0	0	0	0	0	0	0	0	0	0	0	0	0	0	0	0	0	0	0	0	0	0	0	0	0	
N22	2.14432e-35	1.24539e-31	7.15706e-30	7.96097e-26	1.87774e-24	1.93696e-24	3.08105e-23	2.55612e-19	1.72271e-17	3.20456e-17	2.04761e-17	7.40363e-18	1.75439e-18	7.68222e-19	2.99018e-16	6.98938e-13	2.2577e-11	9.86197e-11	2.27534e-10	3.11199e-10	2.764e-10	1.71987e-10	7.77852e-11	2.60967e-11	6.59142e-12	1.26816e-12	1.8765e-13	3.16667e-14	1.25608e-12	3.80685e-09	8.81128e-06	0.00453594	0.0763737	0.278694	0.361271	0.208246	0.0604381	0.00952824	0.000857148	4.55001e-05	1.46098e-06	2.89985e-08	3.64692e-10	3.55775e-12	5.87465e-14	1.00915e-14	5.1201e-16	8.30845e-17	3.23599e-18	3.74608e-19	1.1566e-20	9.81255e-22	2.57594e-23	1.6693e-24	4.42098e-26	2.2849e-27	6.7586e-29	2.59457e-30	6.69323e-32	1.6563e-33	2.80301e-35	3.99892e-37	
N23	5.80173e-38	9.68594e-34	4.60294e-32	1.38605e-27	4.22891e-27	2.77634e-27	2.86185e-25	5.01177e-21	2.53713e-20	2.79694e-20	1.85241e-20	8.62231e-21	3.01148e-21	3.40772e-20	4.35153e-16	2.12755e-12	1.46909e-11	1.79552e-11	9.38792e-12	2.93946e-12	6.64517e-13	1.42052e-13	3.75135e-14	1.07101e-14	2.59374e-15	4.86369e-16	1.18127e-16	5.28298e-15	4.8538e-11	4.52686e-07	0.00120051	0.115755	0.394451	0.351897	0.117884	0.0174956	0.00126736	4.77853e-05	9.82257e-07	1.14113e-08	7.72829e-11	3.1579e-13	8.50555e-16	5.82218e-18	1.12381e-19	8.41634e-21	1.70242e-22	1.53527e-23	2.80779e-25	2.45684e-26	3.88073e-28	2.70261e-29	3.7764e-31	2.02379e-32	3.11314e-34	1.30405e-35	2.67994e-37	8.07196e-39	1.58099e-40	2.96122e-42	3.74995e-44	3.75881e-46	
Scirpus_sylvaticus	0	0	0	0	0	0	0	0	0	0	0	0	0	0	0	0	0	0	0	0	0	0	0	0	0	0	0	0	0	0	1	0	0	0	0	0	0	0	0	0	0	0	0	0	0	0	0	0	0	0	0	0	0	0	0	0	0	0	0	0	0	0	
Scirpus_microcarpus	0	0	0	0	0	0	0	0	0	0	0	0	0	0	0	0	0	0	0	0	0	0	0	0	0	0	0	0	0	0	0	1	0	0	0	0	0	0	0	0	0	0	0	0	0	0	0	0	0	0	0	0	0	0	0	0	0	0	0	0	0	0	
Scirpus_expansus	0	0	0	0	0	0	0	0	0	0	0	0	0	0	0	0	0	0	0	0	0	0	0	0	0	0	0	0	0	0	0	1	0	0	0	0	0	0	0	0	0	0	0	0	0	0	0	0	0	0	0	0	0	0	0	0	0	0	0	0	0	0	
N24	3.97528e-35	1.01441e-31	7.16308e-28	8.25186e-26	7.40667e-22	5.73105e-21	8.41535e-21	7.96647e-20	5.70492e-17	2.72163e-15	5.57942e-15	8.45884e-15	1.41327e-14	1.6586e-14	1.8188e-14	3.31469e-13	2.81454e-11	6.85842e-09	2.18129e-07	1.11318e-06	1.40764e-06	6.05991e-07	1.1684e-07	1.25064e-08	8.56995e-10	4.11683e-11	1.56921e-12	1.40854e-13	7.75369e-14	1.43401e-13	3.83586e-12	7.05576e-11	2.58608e-09	5.23279e-07	4.46735e-05	0.00132358	0.0155535	0.0821632	0.214695	0.299045	0.235913	0.111229	0.0327328	0.00635957	0.000844538	8.39305e-05	6.32162e-06	4.05538e-07	2.03734e-08	8.88353e-10	2.86562e-11	8.18481e-13	1.64908e-14	6.9399e-16	1.86056e-16	7.95289e-17	2.74779e-17	7.45323e-18	1.55466e-18	2.43094e-19	2.7482e-20	2.15323e-21	
N25	3.01805e-33	5.71882e-30	7.09541e-27	4.2954e-24	7.85307e-21	1.95467e-20	2.80996e-20	5.38549e-18	5.52231e-15	8.31738e-14	1.24493e-13	7.95906e-14	3.15976e-14	1.0618e-14	1.77929e-14	4.5452e-13	1.00048e-10	4.47631e-09	1.38674e-08	9.4804e-09	3.77199e-09	2.65704e-09	2.21043e-09	1.44887e-09	7.30833e-10	2.88552e-10	9.06488e-11	2.62451e-11	3.90555e-11	1.7507e-10	6.51437e-10	1.37809e-07	2.37434e-05	0.00157428	0.0271433	0.1422	0.301106	0.305057	0.163531	0.0494821	0.00884447	0.000968221	6.71109e-05	3.05053e-06	9.44998e-08	2.13276e-09	4.20204e-11	3.49236e-12	5.75453e-13	1.56848e-13	2.85948e-14	5.4012e-15	7.74906e-16	9.95131e-17	1.01399e-17	8.78332e-19	6.09652e-20	3.51934e-21	1.62502e-22	6.2075e-24	1.90729e-25	5.02236e-27	
Scirpus_polystachyus	0	0	0	0	0	0	0	0	0	0	0	0	0	0	0	0	0	0	0	0	0	0	0	0	0	0	0	0	0	1	0	0	0	0	0	0	0	0	0	0	0	0	0	0	0	0	0	0	0	0	0	0	0	0	0	0	0	0	0	0	0	0	
N26	2.38741e-37	2.98088e-33	6.60751e-30	3.19547e-27	1.87698e-23	2.70986e-23	1.70447e-23	4.24215e-21	2.86154e-17	1.74332e-16	2.13877e-16	1.34054e-16	5.35362e-17	1.44075e-17	5.62475e-18	3.30931e-15	5.21846e-12	1.36777e-10	2.78928e-10	2.76438e-10	2.45145e-10	2.05255e-10	1.55071e-10	9.62142e-11	4.61538e-11	1.67688e-11	4.59863e-12	9.52855e-13	1.5011e-13	3.82959e-14	1.73281e-11	6.25521e-08	7.24331e-05	0.0097582	0.116933	0.333186	0.343582	0.156595	0.0353333	0.00424274	0.000285343	1.11955e-05	2.65914e-07	3.98849e-09	4.10708e-11	1.08215e-12	6.56575e-14	1.90379e-14	1.14506e-15	2.64561e-16	1.26295e-17	2.17353e-18	9.08355e-20	1.19042e-20	5.78039e-22	5.94161e-23	3.5915e-24	2.59344e-25	1.30629e-26	5.78467e-28	1.79876e-29	4.34632e-31	
Scirpus_longii	0	0	0	0	0	0	0	0	0	0	0	0	0	0	0	0	0	0	0	0	0	0	0	0	0	0	0	0	0	0	0	0	1	0	0	0	0	0	0	0	0	0	0	0	0	0	0	0	0	0	0	0	0	0	0	0	0	0	0	0	0	0	
N27	4.84622e-42	2.23923e-37	9.79652e-35	6.44328e-31	1.64883e-27	6.52797e-28	4.26482e-28	4.57602e-24	5.54345e-20	7.36007e-20	3.26049e-20	8.46249e-21	1.45801e-21	1.93442e-22	1.28624e-20	2.03963e-16	1.54383e-12	9.02592e-12	8.17555e-12	3.55289e-12	1.19862e-12	3.88895e-13	1.1615e-13	2.8179e-14	5.21184e-15	7.23453e-16	7.53682e-17	5.907e-18	6.49717e-19	1.06248e-16	2.46157e-12	3.29101e-08	0.000147407	0.115016	0.450934	0.34126	0.0839195	0.00833666	0.000377564	8.4422e-06	9.89755e-08	6.40507e-10	2.40423e-12	6.05869e-15	2.72561e-17	2.04045e-18	4.84273e-20	4.66918e-21	8.67295e-23	6.65629e-24	1.0384e-25	6.04621e-27	1.01067e-28	4.48355e-30	9.81239e-32	3.11666e-33	6.65112e-35	1.38345e-36	2.09904e-38	2.65621e-40	2.41869e-42	1.70953e-44	
Scirpus_pedicellatus	0	0	0	0	0	0	0	0	0	0	0	0	0	0	0	0	0	0	0	0	0	0	0	0	0	0	0	0	0	0	0	0	0	1	0	0	0	0	0	0	0	0	0	0	0	0	0	0	0	0	0	0	0	0	0	0	0	0	0	0	0	0	
N28	2.55981e-48	6.03661e-43	5.27037e-41	9.45031e-36	1.80333e-33	2.49256e-34	4.3747e-33	7.6875e-28	3.51536e-24	1.60619e-24	3.34106e-25	4.37018e-26	3.79292e-27	2.29319e-27	1.06924e-22	7.51607e-18	7.16503e-14	3.97648e-14	5.36442e-15	4.11487e-16	2.47017e-17	1.74238e-18	1.97533e-19	2.40784e-20	2.33838e-21	1.70755e-22	9.34684e-24	1.6673e-24	5.9802e-22	1.09076e-16	1.28454e-11	6.055e-07	0.00728029	0.616773	0.336675	0.0379528	0.00130105	1.63863e-05	8.5832e-08	2.05691e-10	2.44638e-13	1.55474e-16	5.6759e-20	1.89821e-23	4.1436e-26	1.14635e-27	6.36881e-30	2.50079e-31	1.24996e-33	4.41065e-35	1.86866e-37	4.99445e-39	2.28199e-41	4.6168e-43	3.63721e-45	5.25447e-47	4.99634e-49	4.65498e-51	3.19741e-53	1.7606e-55	6.92565e-58	1.94504e-60	
Scirpus_atrocinctus	0	0	0	0	0	0	0	0	0	0	0	0	0	0	0	0	0	0	0	0	0	0	0	0	0	0	0	0	0	0	0	0	0	1	0	0	0	0	0	0	0	0	0	0	0	0	0	0	0	0	0	0	0	0	0	0	0	0	0	0	0	0	
Scirpus_cyperinus	0	0	0	0	0	0	0	0	0	0	0	0	0	0	0	0	0	0	0	0	0	0	0	0	0	0	0	0	0	0	0	0	1	0	0	0	0	0	0	0	0	0	0	0	0	0	0	0	0	0	0	0	0	0	0	0	0	0	0	0	0	0	
N29	1.32256e-33	6.42757e-30	5.40823e-28	5.54001e-24	1.76479e-22	3.40641e-22	5.09296e-21	3.52213e-17	1.61481e-15	4.65398e-15	4.68844e-15	2.7154e-15	1.0811e-15	1.02736e-15	7.50419e-13	4.48498e-10	7.1082e-09	1.67441e-08	1.16562e-08	3.42736e-09	5.10963e-10	4.32973e-11	3.39403e-12	9.00225e-13	3.78911e-13	1.33315e-13	3.84682e-14	1.14142e-13	1.71555e-10	2.06141e-07	4.37206e-05	0.00166102	0.0193739	0.0940476	0.225116	0.294382	0.224509	0.104219	0.0302941	0.00562142	0.000675582	5.3296e-05	2.80479e-06	1.00662e-07	2.53778e-09	4.67633e-11	6.5095e-13	7.19173e-15	7.87244e-17	4.23254e-18	6.4732e-19	9.4392e-20	1.13569e-20	1.14978e-21	9.5999e-23	6.64805e-24	3.76903e-25	1.74806e-26	6.55839e-28	1.99183e-29	4.88704e-31	9.96719e-33	
N30	2.90038e-37	1.4854e-32	7.53555e-31	6.39263e-26	3.56602e-26	2.75226e-26	5.39712e-22	2.25782e-18	2.33899e-18	5.55538e-19	7.43491e-20	7.47843e-21	4.39544e-20	6.6206e-16	7.99551e-13	6.7741e-11	5.14073e-11	6.65032e-12	4.45701e-13	5.22832e-14	9.54111e-15	1.44192e-15	1.66694e-16	1.57313e-17	8.1512e-18	1.03514e-16	1.35156e-12	4.48523e-09	4.79356e-06	0.00158204	0.059035	0.291593	0.39056	0.20203	0.048664	0.00609009	0.000424097	1.71881e-05	4.17895e-07	6.2269e-09	5.78186e-11	3.39782e-13	1.28629e-15	3.21486e-18	5.55538e-21	1.54094e-23	1.21477e-25	5.23636e-27	5.32261e-29	1.76467e-30	1.59554e-32	4.06547e-34	4.17242e-36	8.34146e-38	1.00543e-39	1.46287e-41	1.53447e-43	1.49653e-45	1.09676e-47	6.73936e-50	3.0749e-52	1.13601e-54	
N31	2.14467e-43	5.22625e-38	6.02522e-36	2.12201e-30	2.85269e-30	1.56263e-30	1.00506e-26	4.32388e-22	3.90515e-22	1.13549e-22	3.47591e-23	8.36824e-24	3.35663e-23	8.90184e-19	1.40083e-14	9.82868e-13	5.63179e-13	5.10224e-14	2.76589e-15	2.59082e-16	4.43169e-17	1.45894e-17	5.09881e-18	1.36324e-18	2.61456e-19	2.19342e-19	6.40934e-15	2.81163e-10	3.31235e-06	0.00302358	0.100734	0.390081	0.368857	0.120017	0.0162271	0.00102384	3.25393e-05	5.49147e-07	5.11124e-09	2.70005e-11	8.28945e-14	1.51282e-16	1.6833e-19	1.69374e-22	7.74307e-25	1.3696e-25	1.69108e-27	2.24063e-28	2.18036e-30	1.92656e-31	1.47157e-33	8.65796e-35	5.07144e-37	1.99899e-38	8.04711e-41	2.2726e-42	5.94645e-45	1.28583e-46	2.3968e-49	4.44182e-51	1.96715e-53	2.66736e-55	
Eriophorum_angustifolium	0	0	0	0	0	0	0	0	0	0	0	0	0	0	0	0	0	0	0	0	0	0	0	0	0	0	0	0	1	0	0	0	0	0	0	0	0	0	0	0	0	0	0	0	0	0	0	0	0	0	0	0	0	0	0	0	0	0	0	0	0	0	
N32	9.94401e-47	2.21088e-41	2.64605e-39	8.03807e-34	1.55379e-33	1.17598e-33	5.28846e-30	2.59781e-25	5.84194e-25	5.83952e-25	3.87479e-25	1.64577e-25	9.50036e-25	4.04557e-20	8.83025e-16	1.92847e-14	8.53339e-15	6.43064e-16	3.43274e-17	5.43037e-18	2.56484e-18	1.51354e-18	7.27188e-19	2.55603e-19	6.41672e-20	1.10286e-19	3.68885e-15	2.11754e-10	3.50415e-06	0.00825359	0.178109	0.466317	0.286815	0.0561835	0.00418387	0.000132981	1.95659e-06	1.41496e-08	5.26953e-11	1.05062e-13	1.16169e-16	7.39427e-20	3.09179e-23	8.32008e-25	1.34904e-26	3.29146e-27	4.2926e-29	7.66283e-30	7.9045e-32	9.85864e-33	8.15135e-35	7.05708e-36	4.75593e-38	2.84213e-39	1.57085e-41	6.39724e-43	2.78226e-45	7.65741e-47	2.39608e-49	5.16369e-51	2.83703e-53	4.23341e-55	
N33	1.33471e-46	4.62207e-41	3.17351e-39	1.2513e-33	3.07356e-34	2.69759e-33	2.6549e-28	2.93083e-25	8.03415e-26	1.12833e-26	1.39292e-27	1.40795e-27	2.46522e-23	5.04768e-18	7.5763e-14	1.61022e-13	8.948e-14	2.62001e-14	4.81737e-15	5.92896e-16	5.07066e-17	3.09253e-18	1.36945e-19	7.48022e-21	3.61171e-19	8.37153e-16	6.70154e-11	2.02424e-06	0.011486	0.631475	0.318733	0.036945	0.0013411	1.71179e-05	8.44064e-08	1.78021e-10	1.78069e-13	9.40598e-17	4.01605e-20	6.98084e-22	5.67465e-24	2.04317e-25	1.20692e-27	2.96308e-29	1.32071e-31	2.28371e-33	7.94461e-36	9.89745e-38	2.75933e-40	2.51537e-42	5.74276e-45	3.86967e-47	7.38503e-50	3.70511e-52	6.09252e-55	2.29478e-57	3.42721e-60	9.67139e-63	1.31539e-65	2.56791e-68	2.53685e-71	2.75739e-74	
Eriophorum_callitrix	0	0	0	0	0	0	0	0	0	0	0	0	0	0	0	0	0	0	0	0	0	0	0	0	0	0	0	0	0	1	0	0	0	0	0	0	0	0	0	0	0	0	0	0	0	0	0	0	0	0	0	0	0	0	0	0	0	0	0	0	0	0	
N34	1.31204e-54	5.7747e-48	7.55245e-45	4.34906e-39	7.56444e-40	7.3134e-36	1.76253e-29	2.65808e-28	3.20067e-29	2.07807e-30	9.03332e-32	2.70829e-29	2.62898e-23	1.07427e-17	5.03215e-16	3.32695e-17	8.26143e-19	1.07897e-20	1.13883e-22	2.96239e-24	1.24218e-25	4.11208e-27	1.17439e-28	2.46015e-26	5.07942e-20	6.53549e-14	3.41026e-08	0.00457098	0.821097	0.169242	0.00505596	3.44179e-05	6.59222e-08	4.04302e-11	9.09581e-15	8.7165e-19	4.08998e-23	1.07361e-27	3.12059e-32	1.22743e-34	1.17507e-37	1.77695e-39	1.9083e-42	2.36819e-44	2.02745e-47	1.78504e-49	1.2082e-52	7.58253e-55	4.13936e-58	1.86165e-60	8.34034e-64	2.68313e-66	1.00028e-69	2.27886e-72	7.13196e-76	1.12682e-78	2.92224e-82	3.07338e-85	5.85369e-89	3.79183e-92	3.21416e-96	1.57817e-99	
Scirpus_hattorianus	0	0	0	0	0	0	0	0	0	0	0	0	0	0	0	0	0	0	0	0	0	0	0	0	0	0	0	1	0	0	0	0	0	0	0	0	0	0	0	0	0	0	0	0	0	0	0	0	0	0	0	0	0	0	0	0	0	0	0	0	0	0	
Eriophorum_vaginatum	0	0	0	0	0	0	0	0	0	0	0	0	0	0	0	0	0	0	0	0	0	0	0	0	0	0	0	0	1	0	0	0	0	0	0	0	0	0	0	0	0	0	0	0	0	0	0	0	0	0	0	0	0	0	0	0	0	0	0	0	0	0	
N35	1.43698e-49	6.18936e-44	6.67314e-42	4.83481e-36	4.40713e-36	4.01468e-36	1.92766e-31	1.56813e-26	1.626e-26	5.29964e-27	9.30852e-28	1.16691e-28	2.63669e-26	1.41694e-21	3.1631e-17	9.10904e-17	4.35344e-17	4.15761e-17	2.89567e-17	1.42441e-17	5.30396e-18	1.52098e-18	3.31661e-19	5.38944e-20	2.63759e-20	1.39866e-17	2.23506e-13	1.64627e-08	0.000325054	0.0853663	0.448163	0.382221	0.0789928	0.00482986	0.000100921	8.10551e-07	2.76465e-09	4.37179e-12	3.47152e-15	1.49948e-18	5.51684e-22	3.38549e-23	4.61408e-25	5.52097e-26	5.4245e-28	4.34025e-29	3.20078e-31	1.76037e-32	1.00669e-34	3.87462e-36	1.76338e-38	4.7976e-40	1.77465e-42	3.42307e-44	1.04761e-46	1.42856e-48	3.72252e-51	3.59598e-53	9.06637e-56	6.2955e-58	1.74272e-60	6.94141e-63	
N36	2.8665e-51	6.2716e-46	1.00232e-43	3.00371e-38	7.94443e-38	2.12455e-37	4.97485e-33	1.90835e-29	3.20452e-29	3.28746e-29	3.04109e-29	2.19479e-29	5.62464e-27	2.89361e-22	1.66051e-18	6.69768e-18	8.92314e-18	7.04274e-18	3.34485e-18	1.0903e-18	3.71831e-19	2.40777e-19	1.91003e-19	1.21332e-19	1.06558e-19	1.3007e-15	9.87205e-11	2.64847e-06	0.0135348	0.220688	0.497264	0.238395	0.0290748	0.00102842	1.19995e-05	5.23811e-08	9.64112e-11	8.36687e-14	3.78983e-17	9.98815e-21	4.86801e-24	5.84055e-25	7.11562e-27	1.56442e-27	2.137e-29	6.46761e-30	9.01472e-32	2.26536e-32	2.65984e-34	4.88077e-35	4.75113e-37	6.29061e-38	5.14189e-40	4.8717e-41	3.38413e-43	2.25473e-44	1.33014e-46	6.05131e-48	2.91397e-50	8.9276e-52	4.30789e-54	9.59614e-56	
Eriophorum_brachyantherum	0	0	0	0	0	0	0	0	0	0	0	0	0	0	0	0	0	0	0	0	0	0	0	0	0	0	0	0	1	0	0	0	0	0	0	0	0	0	0	0	0	0	0	0	0	0	0	0	0	0	0	0	0	0	0	0	0	0	0	0	0	0	
Eriophorum_scheuchzeri	0	0	0	0	0	0	0	0	0	0	0	0	0	0	0	0	0	0	0	0	0	0	0	0	0	0	0	0	1	0	0	0	0	0	0	0	0	0	0	0	0	0	0	0	0	0	0	0	0	0	0	0	0	0	0	0	0	0	0	0	0	0	
Eriophorum_chamissonis	0	0	0	0	0	0	0	0	0	0	0	0	0	0	0	0	0	0	0	0	0	0	0	0	0	0	0	0	0	1	0	0	0	0	0	0	0	0	0	0	0	0	0	0	0	0	0	0	0	0	0	0	0	0	0	0	0	0	0	0	0	0	
Eriophorum_latifolium	0	0	0	0	0	0	0	0	0	0	0	0	0	0	0	0	0	0	0	0	0	0	0	0	0	0	1	0	0	0	0	0	0	0	0	0	0	0	0	0	0	0	0	0	0	0	0	0	0	0	0	0	0	0	0	0	0	0	0	0	0	0	
N37	3.50103e-33	3.48934e-29	1.44931e-27	3.70214e-23	1.01175e-22	9.40938e-23	4.04366e-20	1.47608e-16	3.6616e-16	2.42e-16	8.52354e-17	1.99078e-17	1.63928e-17	1.88945e-14	2.506e-11	1.47843e-10	2.5221e-10	3.29864e-10	3.17464e-10	2.18194e-10	1.09874e-10	4.14289e-11	1.18824e-11	2.62413e-12	4.58185e-13	4.20668e-13	6.95656e-11	2.64438e-07	0.000374406	0.0340259	0.196528	0.351387	0.276195	0.112037	0.0256438	0.00349733	0.000294298	1.56367e-05	5.32911e-07	1.17882e-08	1.71063e-10	1.66713e-12	1.18634e-14	2.3631e-16	8.02091e-18	8.97589e-19	2.96056e-20	2.51853e-21	6.96121e-23	4.55509e-24	1.17149e-25	6.06273e-27	1.61267e-28	6.52992e-30	1.69609e-31	5.08104e-33	1.08926e-34	2.28966e-36	3.56044e-38	5.06091e-40	5.27629e-42	5.0209e-44	
Eriophorum_virginicum	0	0	0	0	0	0	0	0	0	0	0	0	0	0	0	0	0	0	0	0	0	0	0	0	0	0	0	0	1	0	0	0	0	0	0	0	0	0	0	0	0	0	0	0	0	0	0	0	0	0	0	0	0	0	0	0	0	0	0	0	0	0	
Eriophorum_gracile	0	0	0	0	0	0	0	0	0	0	0	0	0	0	0	0	0	0	0	0	0	0	0	0	0	0	0	0	0	1	0	0	0	0	0	0	0	0	0	0	0	0	0	0	0	0	0	0	0	0	0	0	0	0	0	0	0	0	0	0	0	0	
N38	4.50563e-20	6.99139e-19	4.68468e-17	1.04927e-14	1.67783e-13	1.47115e-12	3.39927e-11	7.07563e-10	3.95835e-09	1.07315e-08	2.50961e-08	6.08922e-08	1.99753e-07	1.60579e-06	1.13251e-05	4.57227e-05	0.000112053	0.000186022	0.000233943	0.000253961	0.000273905	0.000316709	0.000375079	0.000430721	0.000556067	0.0012778	0.0044871	0.0145656	0.03752	0.0760053	0.122437	0.159748	0.170783	0.152163	0.113837	0.0727534	0.0398763	0.0191435	0.00805122	0.0030547	0.00103889	0.000329594	9.54817e-05	2.6482e-05	6.72466e-06	1.64854e-06	3.66025e-07	7.83512e-08	1.50222e-08	2.77691e-09	4.56907e-10	7.27523e-11	1.02739e-11	1.41269e-12	1.71653e-13	2.04681e-14	2.14518e-15	2.22863e-16	2.0186e-17	1.83742e-18	1.4412e-19	1.16857e-20	
N39	1.42288e-21	1.73943e-19	9.52272e-17	6.80612e-15	6.79535e-14	5.11194e-12	1.59199e-10	8.45453e-10	1.78718e-09	3.08465e-09	1.67184e-08	3.07961e-07	3.93496e-06	2.13222e-05	5.86844e-05	9.92783e-05	0.000118575	0.000109374	8.30916e-05	6.63967e-05	0.000102809	0.000305502	0.00187083	0.0116375	0.046039	0.11503	0.191782	0.224353	0.1912	0.122723	0.060658	0.0237696	0.0074609	0.0019662	0.000430217	8.93016e-05	1.60148e-05	3.47237e-06	6.13493e-07	1.47969e-07	2.4377e-08	5.31234e-09	7.43712e-10	1.33731e-10	1.56099e-11	2.29539e-12	2.24565e-13	2.72624e-14	2.25996e-15	2.29763e-16	1.64166e-17	1.42444e-18	9.00117e-20	6.78604e-21	3.85793e-22	2.50401e-23	1.24016e-24	6.59685e-26	2.63999e-27	1.10214e-28	3.3948e-30	1.17498e-31	
Blysmus_compressus	0	0	0	0	0	0	0	0	0	0	0	0	0	0	0	0	0	0	0	0	0	1	0	0	0	0	0	0	0	0	0	0	0	0	0	0	0	0	0	0	0	0	0	0	0	0	0	0	0	0	0	0	0	0	0	0	0	0	0	0	0	0	
Blysmus_rufus	0	0	0	0	0	0	0	0	0	0	0	0	0	0	0	0	0	0	0	1	0	0	0	0	0	0	0	0	0	0	0	0	0	0	0	0	0	0	0	0	0	0	0	0	0	0	0	0	0	0	0	0	0	0	0	0	0	0	0	0	0	0	
Dulichium_arundinaceum	0	0	0	0	0	0	0	0	0	0	0	0	0	0	0	1	0	0	0	0	0	0	0	0	0	0	0	0	0	0	0	0	0	0	0	0	0	0	0	0	0	0	0	0	0	0	0	0	0	0	0	0	0	0	0	0	0	0	0	0	0	0	
