NODE	1	2	3	4	5	6	7	8	9	10	11	12	13	14	15	16	17	18	19	20	21	22	23	24	25	26	27	28	29	30	31	32	33	34	35	36	37	38	39	40	41	42	43	44	45	46	47	48	49	50	51	52	53	54	55	56	57	58	59	60	61	62	
N1	0.0014905	0.00167028	0.00206283	0.00273565	0.00379182	0.00536935	0.00763555	0.0107734	0.0149567	0.0203137	0.0268808	0.0345543	0.0430515	0.0518956	0.0604373	0.0679197	0.0735815	0.0767807	0.0771132	0.0744942	0.0691824	0.0617362	0.0529146	0.0435456	0.0343961	0.0260706	0.0189569	0.013221	0.00884234	0.00567032	0.003486	0.00205436	0.00116042	0.000628214	0.000325932	0.00016205	7.72072e-005	3.52486e-005	1.54204e-005	6.46415e-006	2.59654e-006	9.99426e-007	3.68628e-007	1.30293e-007	4.4133e-008	1.43265e-008	4.45734e-009	1.32923e-009	3.79968e-010	1.04127e-010	2.73594e-011	6.8938e-012	1.66633e-012	3.86606e-013	1.49656e-016	6.93693e-017	3.16609e-017	1.43308e-017	6.54097e-018	3.12582e-018	1.68944e-018	1.17076e-018	
N2	0.00696142	0.00757023	0.00879132	0.0106657	0.0132417	0.0165617	0.0206446	0.0254661	0.0309394	0.0369006	0.0431021	0.0492184	0.0548666	0.059641	0.0631582	0.0651063	0.0652883	0.0636538	0.060309	0.0555047	0.0496039	0.0430338	0.0362325	0.0295997	0.023458	0.0180319	0.0134424	0.00971733	0.00681097	0.00462836	0.0030491	0.00194725	0.00120547	0.000723374	0.00042076	0.000237227	0.000129643	6.86745e-005	3.52619e-005	1.75504e-005	8.46746e-006	3.96019e-006	1.79552e-006	7.89223e-007	3.36328e-007	1.38966e-007	5.56758e-008	2.16311e-008	8.15073e-009	2.97914e-009	1.05649e-009	3.63642e-010	1.21555e-010	3.94973e-011	1.24959e-011	3.86016e-012	1.17041e-012	3.51766e-013	1.06917e-013	3.43251e-014	1.28583e-014	6.92185e-015	
N3	0.0316856	0.0325696	0.0342088	0.0365302	0.0394176	0.0427095	0.0462013	0.0496519	0.0527978	0.0553727	0.0571319	0.057878	0.0574827	0.0559035	0.0531885	0.0494726	0.0449609	0.039906	0.0345799	0.0292464	0.0241373	0.0194356	0.0152666	0.0116969	0.00874081	0.00637015	0.00452735	0.00313774	0.00212058	0.00139748	0.000898019	0.000562689	0.00034379	0.000204814	0.000118978	6.73941e-005	3.72242e-005	2.00487e-005	1.05295e-005	5.39259e-006	2.69318e-006	1.31166e-006	6.22981e-007	2.88561e-007	1.30353e-007	5.74304e-008	2.46782e-008	1.03433e-008	4.22864e-009	1.68647e-009	6.5622e-010	2.49179e-010	9.2372e-011	3.34548e-011	1.18549e-011	4.12208e-012	1.4147e-012	4.851e-013	1.70473e-013	6.4679e-014	2.9255e-014	1.83782e-014	
N4	0.0857464	0.0853898	0.0843774	0.0826431	0.0801151	0.0767398	0.072504	0.0674521	0.0616927	0.0553939	0.0487698	0.0420581	0.0354964	0.0292985	0.0236364	0.0186289	0.0143382	0.0107738	0.00790128	0.00565445	0.00394797	0.00268898	0.0017864	0.00115746	0.000731366	0.000450646	0.00027076	0.000158621	9.06039e-005	5.0458e-005	2.73967e-005	1.45025e-005	7.48444e-006	3.76565e-006	1.84707e-006	8.83259e-007	4.11769e-007	1.87147e-007	8.29232e-008	3.58212e-008	1.50862e-008	6.19446e-009	2.4798e-009	9.67895e-010	3.68341e-010	1.36676e-010	4.94505e-011	1.74461e-011	6.00203e-012	2.0137e-012	6.58914e-013	2.10316e-013	6.55022e-014	1.99173e-014	5.91979e-015	1.724e-015	4.94451e-016	1.41159e-016	4.10383e-017	1.27592e-017	4.71244e-018	2.5376e-018	
N5	0.119659	0.117349	0.112516	0.105456	0.0965897	0.0864255	0.0755123	0.0643952	0.0535711	0.0434538	0.0343496	0.0264481	0.0198262	0.0144631	0.010263	0.00708134	0.00474925	0.00309503	0.00195933	0.00120459	0.000719052	0.000416654	0.000234318	0.000127873	6.77071e-005	3.47788e-005	1.73289e-005	8.37464e-006	3.9252e-006	1.78415e-006	7.86405e-007	3.36117e-007	1.393e-007	5.59773e-008	2.18107e-008	8.23991e-009	3.01834e-009	1.07204e-009	3.69197e-010	1.23287e-010	3.99212e-011	1.25351e-011	3.8169e-012	1.12712e-012	3.22794e-013	8.96609e-014	2.41561e-014	6.31283e-015	1.60038e-015	3.93603e-016	9.39207e-017	2.17458e-017	4.88599e-018	1.06556e-018	2.25642e-019	4.64355e-020	9.3072e-021	1.82757e-021	3.5738e-022	7.29347e-023	1.77193e-023	7.04032e-024	
N6	0.137802	0.134119	0.126654	0.116028	0.103084	0.0887815	0.0740869	0.0598692	0.0468217	0.0354158	0.0258928	0.018286	0.0124667	0.00820026	0.00520134	0.00317979	0.00187277	0.00106218	0.000579943	0.000304731	0.000154056	7.49167e-005	3.50379e-005	1.57579e-005	6.81415e-006	2.83303e-006	1.13239e-006	4.35153e-007	1.60765e-007	5.71029e-008	1.95014e-008	6.40391e-009	2.02224e-009	6.14148e-010	1.79398e-010	5.04102e-011	1.36282e-011	3.54519e-012	8.87549e-013	2.13878e-013	4.96176e-014	1.10836e-014	2.38438e-015	4.9409e-016	9.86403e-017	1.89761e-017	3.51843e-018	6.28883e-019	1.08382e-019	1.80138e-020	2.88802e-021	4.46722e-022	6.66824e-023	9.60776e-024	1.33656e-024	1.79593e-025	2.33298e-026	2.93746e-027	3.61684e-028	4.50328e-029	6.4537e-030	1.65091e-030	
Fimbristylis_autumnalis	0	0	0	0	1	0	0	0	0	0	0	0	0	0	0	0	0	0	0	0	0	0	0	0	0	0	0	0	0	0	0	0	0	0	0	0	0	0	0	0	0	0	0	0	0	0	0	0	0	0	0	0	0	0	0	0	0	0	0	0	0	0	
Fimbristylis_complanata	0	0	0	0	1	0	0	0	0	0	0	0	0	0	0	0	0	0	0	0	0	0	0	0	0	0	0	0	0	0	0	0	0	0	0	0	0	0	0	0	0	0	0	0	0	0	0	0	0	0	0	0	0	0	0	0	0	0	0	0	0	0	
N7	0.140406	0.141226	0.140547	0.135455	0.123596	0.104736	0.0812641	0.0571853	0.0362871	0.0206998	0.0106021	0.00487571	0.00201498	0.000749371	0.000251238	7.60864e-005	2.08591e-005	5.18829e-006	1.1735e-006	2.41918e-007	4.55581e-008	7.85507e-009	1.24272e-009	1.80788e-010	2.42347e-011	2.99955e-012	3.43455e-013	3.64499e-014	3.59188e-015	3.29234e-016	2.81173e-017	2.24093e-018	1.66933e-019	1.16403e-020	7.60882e-022	4.6687e-023	2.69262e-024	1.46152e-025	7.47515e-027	3.60684e-028	1.64368e-029	7.08214e-031	2.88816e-032	1.11591e-033	4.08886e-035	1.42218e-036	4.69977e-038	1.47688e-039	4.417e-041	1.25828e-042	3.41698e-044	8.85235e-046	2.18963e-047	5.17542e-049	1.17007e-050	2.53386e-052	5.26829e-054	1.05647e-055	2.06292e-057	4.00091e-059	8.05426e-061	2.32744e-062	
Fimbristylis_aestivalis	0	0	0	0	1	0	0	0	0	0	0	0	0	0	0	0	0	0	0	0	0	0	0	0	0	0	0	0	0	0	0	0	0	0	0	0	0	0	0	0	0	0	0	0	0	0	0	0	0	0	0	0	0	0	0	0	0	0	0	0	0	0	
Fimbristylis_squarrosa	0	0	0	0	1	0	0	0	0	0	0	0	0	0	0	0	0	0	0	0	0	0	0	0	0	0	0	0	0	0	0	0	0	0	0	0	0	0	0	0	0	0	0	0	0	0	0	0	0	0	0	0	0	0	0	0	0	0	0	0	0	0	
Fimbristylis_ovata	0	0	0	0	1	0	0	0	0	0	0	0	0	0	0	0	0	0	0	0	0	0	0	0	0	0	0	0	0	0	0	0	0	0	0	0	0	0	0	0	0	0	0	0	0	0	0	0	0	0	0	0	0	0	0	0	0	0	0	0	0	0	
N8	0.00637336	0.00723153	0.00895002	0.0115587	0.015081	0.0195134	0.0248025	0.0308245	0.0373702	0.0441415	0.0507622	0.0568044	0.0618295	0.0654377	0.0673193	0.0672977	0.0653564	0.0616438	0.0564545	0.0501899	0.0433066	0.0362601	0.0294555	0.0232112	0.0177405	0.0131497	0.00945149	0.0065869	0.00445065	0.00291541	0.00185133	0.00113963	0.000680014	0.000393317	0.000220512	0.000119836	6.31258e-005	3.2233e-005	1.59543e-005	7.65507e-006	3.56068e-006	1.60563e-006	7.01959e-007	2.97545e-007	1.22291e-007	4.87381e-008	1.88368e-008	7.06067e-009	2.56702e-009	9.05338e-010	3.09785e-010	1.02868e-010	3.31615e-011	1.03847e-011	3.16275e-012	9.38877e-013	2.72886e-013	7.84047e-014	2.27519e-014	7.00878e-015	2.56674e-015	1.38484e-015	
Bulbostylis_barbata	0	0	0	0	1	0	0	0	0	0	0	0	0	0	0	0	0	0	0	0	0	0	0	0	0	0	0	0	0	0	0	0	0	0	0	0	0	0	0	0	0	0	0	0	0	0	0	0	0	0	0	0	0	0	0	0	0	0	0	0	0	0	
N9	2.16147e-006	4.40543e-006	1.08185e-005	2.64555e-005	6.23022e-005	0.000140464	0.000302704	0.000623038	0.00122402	0.00229402	0.00409926	0.00698041	0.0113214	0.0174804	0.025682	0.0358869	0.0476751	0.0601902	0.0721908	0.0822271	0.0889184	0.0912625	0.0888808	0.0821187	0.0719628	0.059804	0.0471242	0.035204	0.0249304	0.0167347	0.0106471	0.00642014	0.00366902	0.0019872	0.00102005	0.000496252	0.000228823	0.000100009	4.14337e-005	1.62734e-005	6.05975e-006	2.13962e-006	7.16436e-007	2.2753e-007	6.85469e-008	1.95928e-008	5.31425e-009	1.36807e-009	3.34336e-010	7.75823e-011	1.70983e-011	3.57989e-012	7.12287e-013	1.3474e-013	2.42475e-014	4.15589e-015	6.79998e-016	1.06818e-016	1.63561e-017	2.5538e-018	4.67551e-019	1.47946e-019	
N10	1.76555e-007	3.20442e-007	7.92049e-007	2.14347e-006	5.79298e-006	1.51469e-005	3.79139e-005	9.0517e-005	0.00020581	0.000445311	0.000916376	0.0017926	0.00333193	0.00588191	0.00985759	0.0156775	0.0236522	0.0338376	0.0458893	0.0589756	0.0718049	0.082802	0.0904121	0.0934575	0.0914361	0.0846564	0.0741607	0.0614611	0.0481827	0.0357277	0.0250559	0.0166182	0.0104234	0.00618272	0.00346813	0.00183977	0.000922993	0.000437949	0.000196548	8.34385e-005	3.35091e-005	1.27322e-005	4.5777e-006	1.55759e-006	5.01635e-007	1.52941e-007	4.41514e-008	1.20707e-008	3.12591e-009	7.6698e-010	1.78348e-010	3.9316e-011	8.21994e-012	1.63093e-012	3.07412e-013	5.51514e-014	9.45377e-015	1.56082e-015	2.52524e-016	4.15917e-017	7.64417e-018	2.12796e-018	
Bulbostylis_juncoides	0	0	0	0	0	0	0	0	0	0	0	0	0	0	0	0	0	0	0	0	0	0	0	0	0	0	0	0	0	0	0	0	0	0	0	0	0	0	0	0	0	1	0	0	0	0	0	0	0	0	0	0	0	0	0	0	0	0	0	0	0	0	
Bulbostylis_densa	0	0	0	0	0	0	0	0	0	0	0	0	0	0	0	0	0	0	0	0	0	0	0	0	0	0	0	0	0	0	0	1	0	0	0	0	0	0	0	0	0	0	0	0	0	0	0	0	0	0	0	0	0	0	0	0	0	0	0	0	0	0	
Bulbostylis_hispidula	0	0	0	0	1	0	0	0	0	0	0	0	0	0	0	0	0	0	0	0	0	0	0	0	0	0	0	0	0	0	0	0	0	0	0	0	0	0	0	0	0	0	0	0	0	0	0	0	0	0	0	0	0	0	0	0	0	0	0	0	0	0	
N11	0.00721629	0.00760979	0.00838935	0.00957973	0.0112126	0.013321	0.0159322	0.0190584	0.0226875	0.0267729	0.031226	0.0359118	0.0406495	0.0452198	0.0493786	0.0528764	0.0554819	0.0570061	0.057324	0.0563899	0.0542443	0.0510105	0.0468821	0.042102	0.0369377	0.0316551	0.0264954	0.0216574	0.0172868	0.0134731	0.0102527	0.00761736	0.0055253	0.00391273	0.00270501	0.00182565	0.00120289	0.000773738	0.000485882	0.000297882	0.000178299	0.000104199	5.9459e-005	3.31317e-005	1.80298e-005	9.58338e-006	4.97634e-006	2.52507e-006	1.25242e-006	6.07491e-007	2.88337e-007	1.34027e-007	6.10821e-008	2.73382e-008	1.20444e-008	5.24221e-009	2.26702e-009	9.83751e-010	4.3622e-010	2.04857e-010	1.09406e-010	7.51499e-011	
Eleocharis_dulcis	0	0	0	0	0	0	0	0	0	0	0	0	0	0	0	0	0	0	0	0	0	0	0	0	0	0	0	0	0	0	0	0	0	0	0	0	0	1	0	0	0	0	0	0	0	0	0	0	0	0	0	0	0	0	0	0	0	0	0	0	0	0	
N12	0.0163042	0.0171443	0.0188017	0.0213139	0.024709	0.0289789	0.0340502	0.0397583	0.045833	0.0519007	0.0575081	0.0621674	0.0654175	0.0668912	0.0663744	0.0638452	0.0594818	0.0536381	0.0467903	0.0394671	0.0321773	0.0253492	0.0192918	0.0141801	0.0100649	0.00689775	0.00456374	0.00291482	0.00179701	0.00106935	0.000614189	0.000340481	0.000182175	9.40795e-005	4.68943e-005	2.25619e-005	1.04781e-005	4.69737e-006	2.03293e-006	8.49393e-007	3.42646e-007	1.33465e-007	5.02007e-008	1.82352e-008	6.39758e-009	2.16806e-009	7.09791e-010	2.24519e-010	6.86296e-011	2.02766e-011	5.79186e-012	1.6001e-012	4.27783e-013	1.10771e-013	2.78205e-014	6.79334e-015	1.61959e-015	3.79961e-016	8.91477e-017	2.17393e-017	6.1208e-018	2.62761e-018	
N13	0.00480705	0.00543024	0.00672032	0.00878371	0.0117601	0.0157968	0.02101	0.0274359	0.034978	0.0433616	0.0521142	0.060583	0.0680007	0.0735918	0.076703	0.0769261	0.0741833	0.0687486	0.0612001	0.0523141	0.0429283	0.033809	0.0255515	0.0185285	0.0128905	0.00860364	0.00550886	0.00338382	0.00199399	0.00112726	0.000611404	0.000318172	0.000158876	7.6129e-005	3.50091e-005	1.54524e-005	6.54702e-006	2.66304e-006	1.04005e-006	3.90063e-007	1.40501e-007	4.86135e-008	1.61597e-008	5.16156e-009	1.58443e-009	4.67504e-010	1.32616e-010	3.61728e-011	9.48918e-012	2.39452e-012	5.81347e-013	1.35822e-013	3.05432e-014	6.61276e-015	1.3789e-015	2.77117e-016	5.37667e-017	1.01202e-017	1.87557e-018	3.58384e-019	8.10228e-020	3.05087e-020	
Eleocharis_uniglumis	0	0	0	0	0	0	0	0	0	0	0	0	0	0	0	0	0	0	0	0	0	0	0	1	0	0	0	0	0	0	0	0	0	0	0	0	0	0	0	0	0	0	0	0	0	0	0	0	0	0	0	0	0	0	0	0	0	0	0	0	0	0	
Eleocharis_acicularis	0	0	0	0	0	0	0	0	0	1	0	0	0	0	0	0	0	0	0	0	0	0	0	0	0	0	0	0	0	0	0	0	0	0	0	0	0	0	0	0	0	0	0	0	0	0	0	0	0	0	0	0	0	0	0	0	0	0	0	0	0	0	
N14	0.0325001	0.0337446	0.0361004	0.0394802	0.0437275	0.0485991	0.053755	0.0587641	0.0631322	0.0663537	0.0679799	0.0676928	0.0653656	0.0610942	0.0551891	0.0481278	0.0404779	0.0328089	0.0256128	0.019249	0.0139215	0.00968635	0.00648245	0.00417205	0.00258191	0.00153631	0.000878902	0.000483413	0.00025563	0.000129966	6.35314e-005	2.98614e-005	1.34965e-005	5.8662e-006	2.45217e-006	9.85925e-007	3.81311e-007	1.41875e-007	5.07888e-008	1.74953e-008	5.79988e-009	1.85062e-009	5.68424e-010	1.68092e-010	4.7863e-011	1.31249e-011	3.46658e-012	8.82022e-013	2.16222e-013	5.10775e-014	1.1629e-014	2.55216e-015	5.40017e-016	1.10187e-016	2.16875e-017	4.11995e-018	7.56497e-019	1.34843e-019	2.36556e-020	4.27108e-021	9.12176e-022	3.29248e-022	
N15	0.0373177	0.0405868	0.0469739	0.0562003	0.0674843	0.0793643	0.0897806	0.0964872	0.0976942	0.0926808	0.0820845	0.0677107	0.0519424	0.0370213	0.0245032	0.0150572	0.00859069	0.00455153	0.00224016	0.00102468	0.000435837	0.000172483	6.35557e-005	2.18202e-005	6.98544e-006	2.08691e-006	5.82297e-007	1.51873e-007	3.70583e-008	8.467e-009	1.81297e-009	3.64123e-010	6.86555e-011	1.21633e-011	2.02649e-012	3.1778e-013	4.69423e-014	6.53757e-015	8.59093e-016	1.06607e-016	1.25025e-017	1.38679e-018	1.45602e-019	1.44805e-020	1.36517e-021	1.22092e-022	1.03656e-023	8.36001e-025	6.40946e-026	4.67441e-027	3.24493e-028	2.14554e-029	1.35206e-030	8.12594e-032	4.66102e-033	2.55405e-034	1.33905e-035	6.73911e-037	3.28162e-038	1.57916e-039	8.06911e-041	6.82353e-042	
Eleocharis_mamillata_subsp_mamillata	0	0	0	0	0	0	0	1	0	0	0	0	0	0	0	0	0	0	0	0	0	0	0	0	0	0	0	0	0	0	0	0	0	0	0	0	0	0	0	0	0	0	0	0	0	0	0	0	0	0	0	0	0	0	0	0	0	0	0	0	0	0	
Eleocharis_compressa_var_compressa	0	0	0	0	0	0	0	0	1	0	0	0	0	0	0	0	0	0	0	0	0	0	0	0	0	0	0	0	0	0	0	0	0	0	0	0	0	0	0	0	0	0	0	0	0	0	0	0	0	0	0	0	0	0	0	0	0	0	0	0	0	0	
Eleocharis_flavescens_var_olivacea	0	0	0	0	0	0	0	0	0	1	0	0	0	0	0	0	0	0	0	0	0	0	0	0	0	0	0	0	0	0	0	0	0	0	0	0	0	0	0	0	0	0	0	0	0	0	0	0	0	0	0	0	0	0	0	0	0	0	0	0	0	0	
N16	0.000603764	0.000677255	0.000836056	0.00110851	0.00154028	0.00219741	0.00316886	0.00456681	0.00652295	0.00917885	0.0126688	0.0170955	0.0224996	0.0288287	0.0359114	0.0434442	0.050999	0.0580545	0.064051	0.0684616	0.0708674	0.0710233	0.0688978	0.0646805	0.0587533	0.0516321	0.043892	0.03609	0.0287005	0.0220732	0.016417	0.0118076	0.00821214	0.00552303	0.00359191	0.00225897	0.00137388	0.000808085	0.000459693	0.000252939	0.000134631	6.93287e-005	3.4545e-005	1.66587e-005	7.77634e-006	3.5148e-006	1.53869e-006	6.52649e-007	2.68332e-007	1.06989e-007	4.13935e-008	1.555e-008	5.67623e-009	2.01508e-009	6.96393e-010	2.34578e-010	7.71613e-011	2.48806e-011	7.94674e-012	2.59588e-012	9.5499e-013	4.99395e-013	
N17	0.000367537	0.000423366	0.000545706	0.000759291	0.00110451	0.00164087	0.00245042	0.00363979	0.00533895	0.00769471	0.0108569	0.014956	0.0200732	0.0262061	0.0332359	0.0409047	0.0488116	0.0564344	0.0631794	0.0684541	0.0717513	0.0727296	0.0712706	0.0675019	0.0617776	0.0546231	0.0466535	0.0384855	0.0306597	0.0235862	0.0175201	0.0125655	0.00870106	0.00581698	0.0037545	0.00233955	0.00140747	0.000817498	0.00045844	0.000248225	0.000129778	6.55199e-005	3.1945e-005	1.5043e-005	6.84261e-006	3.00702e-006	1.27693e-006	5.24109e-007	2.07993e-007	7.98435e-008	2.96652e-008	1.06761e-008	3.72558e-009	1.26249e-009	4.16279e-010	1.33939e-010	4.22357e-011	1.31502e-011	4.10542e-012	1.33493e-012	4.99232e-013	2.6736e-013	
N18	0.000174007	0.000203578	0.000269829	0.000389362	0.000590674	0.000918381	0.0014383	0.00224247	0.00345251	0.00521898	0.00771395	0.011114	0.0155724	0.0211812	0.0279278	0.0356552	0.0440361	0.0525734	0.0606347	0.0675222	0.0725687	0.0752433	0.0752425	0.072547	0.0674273	0.0603989	0.0521347	0.043358	0.0347381	0.0268098	0.0199296	0.014269	0.00983913	0.00653388	0.00417855	0.00257343	0.00152627	0.000871728	0.000479477	0.000253981	0.000129567	6.36601e-005	3.01258e-005	1.37322e-005	6.02982e-006	2.55082e-006	1.03973e-006	4.08419e-007	1.54644e-007	5.64604e-008	1.98851e-008	6.76032e-009	2.22064e-009	7.05834e-010	2.17595e-010	6.53089e-011	1.92101e-011	5.60468e-012	1.66116e-012	5.26325e-013	1.99051e-013	1.10061e-013	
N19	0.000132918	0.000153899	0.00020133	0.000288182	0.00043722	0.000685041	0.00108721	0.00172383	0.00270429	0.00416907	0.00628576	0.00923655	0.0131946	0.0182897	0.0245647	0.0319326	0.0401414	0.0487617	0.0572063	0.0647859	0.0707971	0.0746284	0.0758618	0.0743479	0.0702348	0.0639437	0.0560973	0.0474166	0.0386117	0.0302879	0.0228849	0.0166547	0.0116738	0.00788062	0.00512357	0.00320807	0.00193451	0.00112346	0.000628367	0.000338489	0.000175617	8.77609e-005	4.22445e-005	1.95887e-005	8.7508e-006	3.76658e-006	1.56233e-006	6.24611e-007	2.40758e-007	8.95048e-008	3.21097e-008	1.11243e-008	3.72571e-009	1.20812e-009	3.80138e-010	1.16456e-010	3.49208e-011	1.03439e-011	3.08152e-012	9.61475e-013	3.47112e-013	1.81013e-013	
N20	4.98391e-006	6.09579e-006	8.73913e-006	1.39196e-005	2.35259e-005	4.0865e-005	7.14998e-005	0.000124474	0.000214004	0.000361665	0.000598994	0.000970283	0.00153509	0.00236974	0.00356691	0.00523214	0.00747634	0.0104038	0.0140956	0.0185905	0.0238643	0.0298133	0.0362438	0.0428737	0.0493464	0.0552597	0.060205	0.063814	0.0658033	0.0660116	0.0644211	0.06116	0.0564854	0.0507497	0.0443568	0.0377155	0.0311972	0.0251045	0.0196534	0.0149686	0.0110915	0.00799623	0.00560891	0.00382818	0.00254247	0.00164326	0.0010337	0.000632982	0.000377398	0.000219163	0.000124029	6.84545e-005	3.68928e-005	1.94527e-005	1.00663e-005	5.1382e-006	2.60892e-006	1.33636e-006	7.0697e-007	4.01254e-007	2.58554e-007	2.02553e-007	
N21	1.00427e-015	6.20335e-015	5.65937e-014	5.17311e-013	4.49089e-012	3.65231e-011	2.7593e-010	1.92392e-009	1.23163e-008	7.20911e-008	3.84522e-007	1.86371e-006	8.18858e-006	3.25469e-005	0.000116812	0.000377965	0.00110102	0.0028841	0.00678686	0.0143363	0.027169	0.0461765	0.070374	0.0961755	0.117889	0.129659	0.128025	0.113564	0.090571	0.0650024	0.0420237	0.0244989	0.0128937	0.00613338	0.00264028	0.00102985	0.000364449	0.000117169	3.42674e-005	9.12929e-006	2.2186e-006	4.92508e-007	1.00012e-007	1.8604e-008	3.17473e-009	4.97714e-010	7.17899e-011	9.5413e-012	1.17025e-012	1.32671e-013	1.39262e-014	1.35596e-015	1.2272e-016	1.03488e-017	8.15499e-019	6.02693e-020	4.19693e-021	2.77105e-022	1.75097e-023	1.07858e-024	6.8407e-026	5.86277e-027	
Schoenoplectus_pungens	0	0	0	0	0	0	0	0	0	0	0	0	0	0	0	0	0	0	0	0	0	0	0	0	0	0	0	0	0	0	0	0	0	0	0	0	0	0	1	0	0	0	0	0	0	0	0	0	0	0	0	0	0	0	0	0	0	0	0	0	0	0	
N22	6.12751e-017	5.58489e-016	8.65751e-015	1.3384e-013	1.88146e-012	2.36106e-011	2.62911e-010	2.58836e-009	2.2461e-008	1.71311e-007	1.14528e-006	6.69389e-006	3.41211e-005	0.000151338	0.000582832	0.0019453	0.00561787	0.0140186	0.0301943	0.0560925	0.0898384	0.124037	0.147664	0.151657	0.134485	0.103082	0.0683857	0.039327	0.0196382	0.00853111	0.00323043	0.00106847	0.000309341	7.85659e-005	1.75432e-005	3.45165e-006	5.99729e-007	9.22263e-008	1.258e-008	1.5254e-009	1.64776e-010	1.58904e-011	1.37094e-012	1.06032e-013	7.36665e-015	4.60669e-016	2.59803e-017	1.32398e-018	6.10839e-020	2.55627e-021	9.72165e-023	3.36624e-024	1.06328e-025	3.06971e-027	8.11641e-029	1.96963e-030	4.39751e-032	9.06093e-034	1.73224e-035	3.11841e-037	5.62673e-039	1.58827e-040	
Schoenoplectus_acutus_var_acutus	0	0	0	0	0	0	0	0	0	0	0	0	0	0	0	0	0	0	1	0	0	0	0	0	0	0	0	0	0	0	0	0	0	0	0	0	0	0	0	0	0	0	0	0	0	0	0	0	0	0	0	0	0	0	0	0	0	0	0	0	0	0	
N23	6.09338e-017	6.75316e-016	1.26712e-014	2.29946e-013	3.71693e-012	5.27902e-011	6.55555e-010	7.09099e-009	6.65663e-008	5.40337e-007	3.77886e-006	2.26877e-005	0.000116531	0.000510362	0.00189998	0.00599546	0.0159963	0.0360103	0.0682866	0.108956	0.146188	0.164924	0.15652	0.125083	0.0842939	0.0479924	0.0231363	0.00946807	0.0032982	0.000980899	0.000249832	5.46675e-005	1.03104e-005	1.68154e-006	2.37921e-007	2.92998e-008	3.15055e-009	2.96734e-010	2.45554e-011	1.79075e-012	1.15428e-013	6.59517e-015	3.34957e-016	1.51629e-017	6.13407e-019	2.22333e-020	7.23814e-022	2.1216e-023	5.61216e-025	1.34279e-026	2.91242e-028	5.73839e-030	1.02923e-031	1.68379e-033	2.51744e-035	3.4462e-037	4.32736e-039	4.99316e-041	5.30342e-043	5.19819e-045	4.80853e-047	6.76606e-049	
Schoenoplectus_lacustris	0	0	0	0	0	0	0	0	0	0	0	0	0	0	0	0	0	0	0	0	1	0	0	0	0	0	0	0	0	0	0	0	0	0	0	0	0	0	0	0	0	0	0	0	0	0	0	0	0	0	0	0	0	0	0	0	0	0	0	0	0	0	
Schoenoplectus_heterochaetus	0	0	0	0	0	0	0	0	0	0	0	0	0	0	0	0	0	0	1	0	0	0	0	0	0	0	0	0	0	0	0	0	0	0	0	0	0	0	0	0	0	0	0	0	0	0	0	0	0	0	0	0	0	0	0	0	0	0	0	0	0	0	
Actinoscirpus_grossus	0	0	0	0	0	0	0	0	0	0	0	0	0	0	0	0	0	0	0	0	0	0	0	0	0	0	0	0	0	0	0	0	0	0	0	0	0	0	0	0	1	0	0	0	0	0	0	0	0	0	0	0	0	0	0	0	0	0	0	0	0	0	
N24	4.08494e-005	4.97122e-005	7.04744e-005	0.000110363	0.000182686	0.000310072	0.000529039	0.000895756	0.00149233	0.00243225	0.00386265	0.00596034	0.00891831	0.0129204	0.0181039	0.0245135	0.0320551	0.0404604	0.0492753	0.0578838	0.0655696	0.0716099	0.0753863	0.0764892	0.0747898	0.0704657	0.0639691	0.0559488	0.047143	0.0382676	0.0299239	0.0225408	0.016356	0.0114325	0.0076977	0.00499276	0.00311951	0.00187761	0.00108871	0.000608163	0.000327299	0.000169709	8.47854e-005	4.08148e-005	1.8933e-005	8.46359e-006	3.6463e-006	1.51408e-006	6.06004e-007	2.33819e-007	8.69776e-008	3.1198e-008	1.07929e-008	3.60264e-009	1.16125e-009	3.62112e-010	1.09696e-010	3.26091e-011	9.74435e-012	3.09665e-012	1.18009e-012	6.60848e-013	
N25	7.72189e-006	1.00275e-005	1.56268e-005	2.69272e-005	4.86192e-005	8.92358e-005	0.000163631	0.000296624	0.00052792	0.000918125	0.00155506	0.00255882	0.00408304	0.00630932	0.00943142	0.0136275	0.0190205	0.0256322	0.0333376	0.0418345	0.0506386	0.0591142	0.0665421	0.0722177	0.07556	0.0762094	0.0740915	0.0694313	0.0627127	0.0545962	0.0458114	0.0370503	0.0288815	0.0217005	0.0157163	0.0109719	0.00738383	0.0047904	0.00299626	0.00180689	0.00105066	0.000589129	0.000318576	0.000166156	8.35932e-005	4.05724e-005	1.90003e-005	8.58681e-006	3.74571e-006	1.57753e-006	6.41662e-007	2.52188e-007	9.58373e-008	3.5254e-008	1.25756e-008	4.3636e-009	1.48119e-009	4.9719e-010	1.68687e-010	6.0604e-011	2.54545e-011	1.49824e-011	
N26	1.79792e-006	2.29484e-006	3.55861e-006	6.28633e-006	1.1949e-005	2.34628e-005	4.6364e-005	9.07373e-005	0.000174182	0.000326056	0.000593022	0.00104553	0.0017841	0.00294351	0.00469189	0.00722146	0.0107279	0.0153772	0.0212619	0.0283529	0.0364581	0.0451997	0.0540225	0.0622409	0.0691213	0.0739881	0.0763328	0.0759018	0.0727413	0.0671892	0.0598156	0.0513261	0.0424508	0.0338438	0.0260102	0.0192712	0.0137662	0.00948202	0.00629818	0.00403472	0.00249319	0.00148632	0.00085499	0.000474664	0.000254381	0.000131631	6.5785e-005	3.17624e-005	1.48202e-005	6.68501e-006	2.91616e-006	1.23072e-006	5.02717e-007	1.98845e-007	7.62035e-008	2.83175e-008	1.02192e-008	3.59508e-009	1.24645e-009	4.40166e-010	1.74013e-010	9.57112e-011	
Scirpus_ficinioides	0	0	0	0	0	0	0	0	0	0	0	0	0	0	0	0	0	0	0	0	0	0	0	0	0	0	0	0	0	0	0	0	0	0	0	0	0	0	0	0	0	0	0	0	0	0	0	0	0	0	0	1	0	0	0	0	0	0	0	0	0	0	
N27	1.3892e-006	1.90331e-006	3.31965e-006	6.71182e-006	1.45595e-005	3.22125e-005	7.05862e-005	0.000150742	0.000311029	0.000617128	0.00117443	0.00214049	0.00373286	0.00622544	0.00992511	0.0151225	0.0220168	0.0306239	0.0406909	0.0516447	0.0626062	0.0724852	0.0801502	0.0846393	0.0853581	0.082209	0.0756131	0.0664175	0.0557165	0.0446388	0.0341572	0.0249639	0.017427	0.0116208	0.00740253	0.0045049	0.00261929	0.00145515	0.000772503	0.00039192	0.00019004	8.80822e-005	3.90279e-005	1.65332e-005	6.6971e-006	2.59431e-006	9.61214e-007	3.40678e-007	1.15521e-007	3.74836e-008	1.16404e-008	3.46046e-009	9.85094e-010	2.68657e-010	7.02502e-011	1.76404e-011	4.26793e-012	1.00237e-012	2.3269e-013	5.59155e-014	1.571e-014	6.87194e-015	
N28	2.62397e-006	3.648e-006	6.42171e-006	1.28805e-005	2.73047e-005	5.85372e-005	0.000123872	0.000255304	0.000508624	0.000975165	0.00179452	0.0031644	0.00534136	0.00862449	0.0133148	0.0196482	0.0277074	0.0373327	0.0480562	0.0590938	0.0694126	0.0778787	0.0834585	0.0854252	0.0835142	0.0779822	0.0695497	0.0592472	0.0482087	0.0374699	0.0278201	0.0197321	0.0133707	0.00865613	0.00535448	0.00316495	0.00178776	0.000965129	0.000498006	0.000245642	0.000115834	5.22263e-005	2.2517e-005	9.28445e-006	3.66171e-006	1.38151e-006	4.98691e-007	1.72259e-007	5.69475e-008	1.80214e-008	5.46025e-009	1.58436e-009	4.40418e-010	1.17346e-010	2.99951e-011	7.36769e-012	1.74487e-012	4.01326e-013	9.11965e-014	2.14021e-014	5.856e-015	2.50965e-015	
Isolepis_crassiuscula	0	0	0	0	0	0	0	0	0	0	0	0	0	0	0	0	0	0	0	0	0	0	0	0	0	0	0	0	0	0	0	1	0	0	0	0	0	0	0	0	0	0	0	0	0	0	0	0	0	0	0	0	0	0	0	0	0	0	0	0	0	0	
N29	6.76198e-005	9.31444e-005	0.000162346	0.000322123	0.000669192	0.00138165	0.00275493	0.00522662	0.0093638	0.0157814	0.0249714	0.0370593	0.0515537	0.0672038	0.0820769	0.0939086	0.100655	0.101071	0.0950846	0.0838178	0.0692424	0.053617	0.0389247	0.0265006	0.0169247	0.0101429	0.00570599	0.00301437	0.001496	0.00069779	0.000306033	0.00012626	4.90262e-005	1.79255e-005	6.17471e-006	2.00489e-006	6.13942e-007	1.77402e-007	4.83975e-008	1.24727e-008	3.03815e-009	6.99866e-010	1.52552e-010	3.14821e-011	6.15449e-012	1.14037e-012	2.00387e-013	3.34117e-014	5.28901e-015	7.9531e-016	1.13664e-016	1.54482e-017	1.99784e-018	2.46015e-019	2.88701e-020	3.23283e-021	3.46229e-022	3.563e-023	3.56009e-024	3.54715e-025	3.86658e-026	7.09559e-027	
Ficinia_spiralis	0	0	0	0	0	0	0	0	0	0	0	0	0	0	1	0	0	0	0	0	0	0	0	0	0	0	0	0	0	0	0	0	0	0	0	0	0	0	0	0	0	0	0	0	0	0	0	0	0	0	0	0	0	0	0	0	0	0	0	0	0	0	
Ficinia_nodosa	0	0	0	0	0	0	0	0	0	0	0	0	0	0	1	0	0	0	0	0	0	0	0	0	0	0	0	0	0	0	0	0	0	0	0	0	0	0	0	0	0	0	0	0	0	0	0	0	0	0	0	0	0	0	0	0	0	0	0	0	0	0	
N30	3.45388e-006	4.76718e-006	8.28084e-006	1.63034e-005	3.37823e-005	7.06155e-005	0.000145583	0.000292469	0.000568698	0.00106611	0.00192211	0.00332757	0.00552575	0.00879543	0.0134124	0.0195875	0.0273882	0.0366586	0.0469629	0.0575776	0.067552	0.0758373	0.0814649	0.0837315	0.082344	0.0774815	0.0697573	0.0600916	0.0495315	0.0390666	0.0294852	0.021296	0.0147201	0.00973809	0.00616615	0.00373738	0.00216855	0.00120465	0.00064075	0.000326357	0.000159194	7.43769e-005	3.32877e-005	1.42732e-005	5.8642e-006	2.30892e-006	8.71337e-007	3.15216e-007	1.09331e-007	3.63637e-008	1.16001e-008	3.54989e-009	1.04242e-009	2.93837e-010	7.95597e-011	2.07194e-011	5.20561e-012	1.27115e-012	3.07518e-013	7.75204e-014	2.31606e-014	1.07744e-014	
Isolepis_prolifera	0	0	0	0	0	0	0	0	0	0	0	0	0	0	0	0	0	0	0	0	0	0	0	0	0	0	0	0	0	0	0	0	1	0	0	0	0	0	0	0	0	0	0	0	0	0	0	0	0	0	0	0	0	0	0	0	0	0	0	0	0	0	
Isolepis_setacea	0	0	0	0	0	0	0	0	0	0	0	0	0	1	0	0	0	0	0	0	0	0	0	0	0	0	0	0	0	0	0	0	0	0	0	0	0	0	0	0	0	0	0	0	0	0	0	0	0	0	0	0	0	0	0	0	0	0	0	0	0	0	
Scirpoides_holoschoenus	0	0	0	0	0	0	0	0	0	0	0	0	0	0	0	0	0	0	0	0	1	0	0	0	0	0	0	0	0	0	0	0	0	0	0	0	0	0	0	0	0	0	0	0	0	0	0	0	0	0	0	0	0	0	0	0	0	0	0	0	0	0	
N31	0.000534656	0.000603503	0.000753694	0.00101433	0.00143169	0.00207166	0.00302136	0.0043886	0.0062975	0.00887871	0.0122534	0.0165109	0.0216826	0.0277151	0.0344492	0.0416098	0.0488132	0.0555943	0.0614528	0.0659125	0.068585	0.0692252	0.067768	0.0643389	0.0592356	0.0528848	0.0457829	0.0384317	0.0312811	0.0246875	0.0188919	0.0140178	0.0100854	0.00703592	0.00475962	0.00312217	0.00198602	0.00122509	0.00073286	0.000425166	0.00023922	0.000130543	6.90946e-005	3.54725e-005	1.7665e-005	8.53366e-006	3.99924e-006	1.81831e-006	8.02107e-007	3.43329e-007	1.4261e-007	5.74943e-008	2.25048e-008	8.55783e-009	3.16545e-009	1.14198e-009	4.04163e-010	1.42114e-010	5.10133e-011	1.97607e-011	9.14416e-012	5.85251e-012	
N32	0.000293005	0.000334031	0.000425675	0.000590478	0.000866398	0.00131113	0.00200636	0.00306046	0.00460757	0.00680087	0.00979795	0.0137377	0.0187095	0.0247186	0.031654	0.0392666	0.0471667	0.054846	0.0617256	0.0672256	0.0708448	0.0722356	0.0712589	0.0680071	0.0627889	0.0560811	0.0484564	0.0405027	0.0327504	0.0256184	0.0193864	0.0141925	0.0100519	0.00688777	0.00456629	0.002929	0.00181787	0.00109173	0.00063445	0.000356805	0.000194197	0.000102295	5.21552e-005	2.57394e-005	1.22967e-005	5.68721e-006	2.54661e-006	1.10412e-006	4.63546e-007	1.88468e-007	7.42163e-008	2.83103e-008	1.04636e-008	3.74893e-009	1.3033e-009	4.40586e-010	1.45556e-010	4.75401e-011	1.57607e-011	5.617e-012	2.40541e-012	1.46426e-012	
Cyperus_fuscus	0	0	0	0	0	0	0	0	0	0	0	0	0	0	0	0	0	0	0	0	0	0	0	1	0	0	0	0	0	0	0	0	0	0	0	0	0	0	0	0	0	0	0	0	0	0	0	0	0	0	0	0	0	0	0	0	0	0	0	0	0	0	
Cyperus_eragrostis	0	0	0	0	0	0	0	0	0	0	0	0	0	0	0	0	0	0	0	0	1	0	0	0	0	0	0	0	0	0	0	0	0	0	0	0	0	0	0	0	0	0	0	0	0	0	0	0	0	0	0	0	0	0	0	0	0	0	0	0	0	0	
N33	1.68975e-012	2.001e-011	3.05073e-010	4.21562e-009	5.12574e-008	5.41945e-007	4.92396e-006	3.79567e-005	0.000244857	0.00130252	0.00562471	0.0193961	0.0525235	0.1099	0.175195	0.210665	0.190347	0.12966	0.0672119	0.0268721	0.00841506	0.00209696	0.000422246	6.96986e-005	9.55642e-006	1.1015e-006	1.07893e-007	9.06888e-009	6.59915e-010	4.19024e-011	2.33841e-012	1.15439e-013	5.07112e-015	1.993e-016	7.04206e-018	2.24719e-019	6.50323e-021	1.71326e-022	4.12344e-024	9.09612e-026	1.84473e-027	3.44923e-029	5.9617e-031	9.54885e-033	1.42061e-034	1.96741e-036	2.54163e-038	3.06894e-040	3.47018e-042	3.68141e-044	3.67103e-046	3.44753e-048	3.05548e-050	2.56165e-052	2.03729e-054	1.54246e-056	1.11685e-058	7.78076e-061	5.25598e-063	3.4751e-065	2.27422e-067	1.73205e-069	
Cyperus_involucratus	0	0	0	0	0	0	0	0	0	0	0	0	0	0	0	1	0	0	0	0	0	0	0	0	0	0	0	0	0	0	0	0	0	0	0	0	0	0	0	0	0	0	0	0	0	0	0	0	0	0	0	0	0	0	0	0	0	0	0	0	0	0	
Cyperus_alternifolius	0	0	0	0	0	0	0	0	0	0	0	0	0	0	0	1	0	0	0	0	0	0	0	0	0	0	0	0	0	0	0	0	0	0	0	0	0	0	0	0	0	0	0	0	0	0	0	0	0	0	0	0	0	0	0	0	0	0	0	0	0	0	
N34	0.0037276	0.00419758	0.00518072	0.0067805	0.00914149	0.0124328	0.0168189	0.0224174	0.0292448	0.0371625	0.0458347	0.0547183	0.0630968	0.0701648	0.0751498	0.0774496	0.0767496	0.0730902	0.0668633	0.0587393	0.0495433	0.0401134	0.0311742	0.0232529	0.0166466	0.0114376	0.00754265	0.00477425	0.00290072	0.00169184	0.000947333	0.000509304	0.000262923	0.00013035	6.20686e-005	2.83905e-005	1.24759e-005	5.26789e-006	2.13761e-006	8.33712e-007	3.12589e-007	1.12687e-007	3.90657e-008	1.30263e-008	4.17863e-009	1.28983e-009	3.83189e-010	1.09596e-010	3.01865e-011	8.00991e-012	2.04857e-012	5.05308e-013	1.20316e-013	2.7688e-014	6.16923e-015	1.33439e-015	2.81301e-016	5.81644e-017	1.19364e-017	2.50127e-018	5.85594e-019	2.08358e-019	
Schoenoplectus_hallii	0	0	0	0	0	0	0	0	0	0	1	0	0	0	0	0	0	0	0	0	0	0	0	0	0	0	0	0	0	0	0	0	0	0	0	0	0	0	0	0	0	0	0	0	0	0	0	0	0	0	0	0	0	0	0	0	0	0	0	0	0	0	
N35	0.00168185	0.00195116	0.00254335	0.00357695	0.00523236	0.00774692	0.011395	0.0164454	0.023094	0.0313764	0.0410799	0.0516826	0.0623524	0.0720262	0.0795713	0.0839989	0.0846742	0.0814644	0.0747747	0.0654611	0.0546461	0.0434923	0.0329987	0.0238662	0.0164535	0.0108124	0.00677308	0.00404455	0.00230251	0.00124975	0.000646801	0.000319228	0.000150269	6.74735e-005	2.89043e-005	1.18148e-005	4.60892e-006	1.71617e-006	6.10086e-007	2.07099e-007	6.71443e-008	2.07959e-008	6.15426e-009	1.74061e-009	4.70607e-010	1.21659e-010	3.00793e-011	7.11434e-012	1.61011e-012	3.48776e-013	7.23307e-014	1.43651e-014	2.73295e-015	4.98237e-016	8.70732e-017	1.45953e-017	2.34908e-018	3.64147e-019	5.49564e-020	8.4026e-021	1.5002e-021	4.69855e-022	
Schoenoplectus_articulatus	0	0	0	0	0	0	0	0	0	0	0	0	0	0	1	0	0	0	0	0	0	0	0	0	0	0	0	0	0	0	0	0	0	0	0	0	0	0	0	0	0	0	0	0	0	0	0	0	0	0	0	0	0	0	0	0	0	0	0	0	0	0	
N36	7.00467e-013	5.32928e-012	5.56336e-011	5.52767e-010	5.01062e-009	4.10252e-008	3.01314e-007	1.97207e-006	1.14266e-005	5.82378e-005	0.000259443	0.00100404	0.00335528	0.00962656	0.023583	0.0490807	0.0863823	0.128072	0.159467	0.166402	0.145371	0.106333	0.0652028	0.0335932	0.0145881	0.00536049	0.00167419	0.000446578	0.000102254	2.02017e-005	3.4614e-006	5.16972e-007	6.76339e-008	7.78754e-009	7.92763e-010	7.1659e-011	5.77518e-012	4.166e-013	2.6998e-014	1.57731e-015	8.33493e-017	3.99613e-018	1.74343e-019	6.94073e-021	2.52803e-022	8.44527e-024	2.59372e-025	7.33975e-027	1.91781e-028	4.63628e-030	1.03897e-031	2.16221e-033	4.18606e-035	7.55186e-037	1.27161e-038	2.00196e-040	2.95296e-042	4.09468e-044	5.37658e-046	6.81221e-048	8.78068e-050	1.61197e-051	
N37	2.66987e-022	9.84724e-021	5.30091e-019	2.64421e-017	1.15337e-015	4.3288e-014	1.38523e-012	3.74843e-011	8.50393e-010	1.60252e-008	2.48318e-007	3.12918e-006	3.16812e-005	0.000254304	0.00159509	0.00769666	0.0281	0.0763221	0.15174	0.217799	0.22358	0.163622	0.0856734	0.0324115	0.00898588	0.00185614	0.000290617	3.50748e-005	3.3152e-006	2.4901e-007	1.50632e-008	7.4281e-010	3.0191e-011	1.02153e-012	2.90364e-014	6.99096e-016	1.43654e-017	2.5368e-019	3.87444e-021	5.1479e-023	5.98276e-025	6.1123e-027	5.51527e-029	4.41444e-031	3.14697e-033	2.00571e-035	1.14695e-037	5.90446e-040	2.74497e-042	1.15586e-044	4.42082e-047	1.53985e-049	4.89694e-052	1.42519e-054	3.80456e-057	9.33586e-060	2.11014e-062	4.40172e-065	8.48984e-068	1.51708e-070	2.53403e-073	5.44205e-076	
Schoenoplectus_smithii_var_smithii	0	0	0	0	0	0	0	0	0	0	0	0	0	0	0	0	0	0	0	1	0	0	0	0	0	0	0	0	0	0	0	0	0	0	0	0	0	0	0	0	0	0	0	0	0	0	0	0	0	0	0	0	0	0	0	0	0	0	0	0	0	0	
Schoenoplectiella_hotarui	0	0	0	0	0	0	0	0	0	0	0	0	0	0	0	0	0	0	0	0	0	1	0	0	0	0	0	0	0	0	0	0	0	0	0	0	0	0	0	0	0	0	0	0	0	0	0	0	0	0	0	0	0	0	0	0	0	0	0	0	0	0	
Schoenoplectus_purshianus_var_purshianus	0	0	0	0	0	0	0	0	0	0	0	0	0	0	0	0	0	0	1	0	0	0	0	0	0	0	0	0	0	0	0	0	0	0	0	0	0	0	0	0	0	0	0	0	0	0	0	0	0	0	0	0	0	0	0	0	0	0	0	0	0	0	
Fuirena_ciliaris	0	0	0	0	0	0	0	0	0	0	0	0	0	0	0	0	0	0	1	0	0	0	0	0	0	0	0	0	0	0	0	0	0	0	0	0	0	0	0	0	0	0	0	0	0	0	0	0	0	0	0	0	0	0	0	0	0	0	0	0	0	0	
N38	3.3281e-027	4.13535e-026	7.00483e-025	1.15424e-023	1.80487e-022	2.66955e-021	3.72836e-020	4.90841e-019	6.08041e-018	7.07444e-017	7.71587e-016	7.87318e-015	7.50072e-014	6.65783e-013	5.49426e-012	4.20615e-011	2.98056e-010	1.95063e-009	1.17635e-008	6.52248e-008	3.31765e-007	1.5447e-006	6.5694e-006	2.5468e-005	8.98279e-005	0.000287739	0.000835688	0.00219742	0.00522456	0.0112196	0.0217421	0.037993	0.0598313	0.0848762	0.108426	0.124702	0.129105	0.120313	0.10092	0.0762026	0.0518018	0.0317104	0.0174858	0.00868954	0.00389406	0.00157488	0.000575403	0.000190155	5.69251e-005	1.5464e-005	3.81992e-006	8.60065e-007	1.76983e-007	3.33889e-008	5.79523e-009	9.2911e-010	1.38212e-010	1.91764e-011	2.49892e-012	3.10361e-013	3.8939e-014	6.95911e-015	
Bolboschoenus_planiculmis	0	0	0	0	0	0	0	0	0	0	0	0	0	0	0	0	0	0	0	0	0	0	0	0	0	0	0	1	0	0	0	0	0	0	0	0	0	0	0	0	0	0	0	0	0	0	0	0	0	0	0	0	0	0	0	0	0	0	0	0	0	0	
Bolboschoenus_fluviatilis	0	0	0	0	0	0	0	0	0	0	0	0	0	0	0	0	0	0	0	0	0	0	0	0	0	0	0	0	0	0	0	0	0	0	0	0	0	0	0	0	0	0	0	0	0	0	1	0	0	0	0	0	0	0	0	0	0	0	0	0	0	0	
