NODE	1	2	3	4	5	6	7	8	9	10	11	12	13	14	15	16	17	18	19	20	21	22	23	24	25	26	27	28	29	30	31	32	33	34	35	36	37	38	39	40	41	42	43	44	45	46	47	48	49	50	51	52	53	54	55	56	57	58	
N1	0.215867	0.20257	0.177953	0.144296	0.106536	0.0708912	0.0422154	0.0223891	0.0105405	0.00439475	0.00162014	0.00052747	0.000151533	3.839e-005	8.5734e-006	1.68733e-006	2.92619e-007	4.47149e-008	6.02122e-009	7.14616e-010	7.47699e-011	6.89905e-012	5.61612e-013	5.86552e-017	1.47752e-017	3.49862e-018	7.79003e-019	1.63159e-019	3.21572e-020	5.96636e-021	1.04253e-021	1.71634e-022	2.66351e-023	3.89803e-024	5.38254e-025	7.01613e-026	8.6377e-027	1.00488e-027	1.1053e-028	1.15008e-029	1.13264e-030	1.05637e-031	9.33555e-033	7.82178e-034	6.21665e-035	4.68963e-036	3.35966e-037	2.28704e-038	1.48019e-039	9.11313e-041	5.34036e-042	2.98036e-043	1.5849e-044	8.03561e-046	3.88747e-047	1.80129e-048	8.35476e-050	6.50824e-051	
N2	0.0380079	0.0594698	0.0859412	0.112255	0.131113	0.136768	0.127416	0.106503	0.080043	0.0542858	0.0332634	0.0185089	0.00932099	0.00428302	0.00178821	0.0006849	0.000238669	7.80247e-005	2.3115e-005	6.68099e-006	1.7696e-006	4.85112e-007	1.19228e-007	3.38347e-008	7.83748e-009	2.22292e-009	4.8385e-010	1.29749e-010	2.4944e-011	6.24954e-012	1.04881e-012	2.37233e-013	3.53743e-014	7.18029e-015	9.37525e-016	1.76289e-016	2.02574e-017	3.42726e-018	3.60256e-019	5.61938e-020	5.28731e-021	7.7052e-022	6.64727e-023	9.10609e-024	7.42883e-025	9.07178e-026	6.87029e-027	8.48873e-028	5.77464e-029	6.159e-030	4.08239e-031	4.25583e-032	2.47923e-033	2.32396e-034	1.32626e-035	1.39253e-036	1.34014e-037	4.83508e-038	
N3	0.00504824	0.00894597	0.0158271	0.0266868	0.0419037	0.0607478	0.0809602	0.0992001	0.111695	0.115612	0.110004	0.0963174	0.0775217	0.0574422	0.0391651	0.0245892	0.0142109	0.00758029	0.00372157	0.00169005	0.000708568	0.00027548	9.90673e-005	3.34205e-005	1.04268e-005	3.09738e-006	8.61027e-007	2.32223e-007	5.87201e-008	1.51398e-008	3.57517e-009	8.90129e-010	2.0106e-010	4.80106e-011	9.99059e-012	2.28076e-012	4.29504e-013	8.99705e-014	1.54419e-014	2.94497e-015	4.50338e-016	7.9202e-017	1.08134e-017	1.72862e-018	2.14083e-019	3.11595e-020	3.4648e-021	4.67945e-022	4.69629e-023	5.80187e-024	5.37904e-025	6.14308e-026	5.25129e-027	5.81424e-028	5.13517e-029	6.89091e-030	1.16402e-030	4.96656e-031	
N4	2.24533e-009	6.50513e-009	2.17479e-008	7.14345e-008	2.22641e-007	6.58456e-007	1.85844e-006	5.04158e-006	1.321e-005	3.35851e-005	8.32785e-005	0.00020238	0.000482267	0.00112181	0.00251824	0.00537858	0.0107807	0.020067	0.0343818	0.0539538	0.0771951	0.10039	0.118353	0.126343	0.121784	0.10601	0.0832028	0.0588589	0.0374973	0.0215516	0.0111442	0.00520459	0.00219261	0.000835448	0.000287724	9.02989e-005	2.56393e-005	6.68099e-006	1.58891e-006	3.48907e-007	7.02176e-008	1.33054e-008	2.30318e-009	3.8014e-010	5.78938e-011	8.42822e-012	1.12572e-012	1.46993e-013	1.72756e-014	1.99928e-015	2.09837e-016	2.16907e-017	2.04471e-018	1.99516e-019	1.87228e-020	2.02978e-021	2.6741e-022	7.84548e-023	
Carex_pulicaris	0	0	0	0	0	0	0	0	0	0	0	0	0	0	0	0	0	0	0	0	0	0	0	0	0	0	0	0	0	1	0	0	0	0	0	0	0	0	0	0	0	0	0	0	0	0	0	0	0	0	0	0	0	0	0	0	0	0	
Carex_peregrina	0	0	0	0	0	0	0	0	0	0	0	0	0	0	0	0	0	0	0	0	0	0	0	0	0	0	0	0	0	0	1	0	0	0	0	0	0	0	0	0	0	0	0	0	0	0	0	0	0	0	0	0	0	0	0	0	0	0	
N5	0.00130019	0.00248926	0.00494694	0.00954756	0.0173317	0.0292096	0.0454021	0.0649659	0.0854383	0.103201	0.114423	0.116459	0.108694	0.0930655	0.0730616	0.0525845	0.0346873	0.0209885	0.0116335	0.00591685	0.00275985	0.00118165	0.000464256	0.000168077	5.58265e-005	1.71585e-005	4.86488e-006	1.28338e-006	3.13336e-007	7.29277e-008	1.56726e-008	3.30917e-009	6.5628e-010	1.315e-010	2.44001e-011	4.88061e-012	8.51142e-013	1.63663e-013	2.69888e-014	4.85008e-015	7.19512e-016	1.21057e-016	1.60305e-017	2.44121e-018	2.92797e-019	4.02868e-020	4.29792e-021	5.42561e-022	5.16706e-023	5.90729e-024	5.09906e-025	5.31198e-026	4.14907e-027	4.08566e-028	3.14952e-029	3.5751e-030	4.89099e-031	1.74588e-031	
Carex_microglochin	0	0	0	0	0	0	0	0	0	0	0	0	0	0	0	0	0	0	0	0	0	0	0	0	0	0	0	1	0	0	0	0	0	0	0	0	0	0	0	0	0	0	0	0	0	0	0	0	0	0	0	0	0	0	0	0	0	0	
N6	0.000207513	0.000467214	0.00112714	0.00262817	0.00572441	0.0115091	0.0212266	0.0358331	0.0552601	0.0777582	0.0997192	0.116455	0.123639	0.119247	0.104337	0.0827218	0.0593619	0.0385391	0.0226013	0.0119762	0.00573001	0.00247515	0.000965092	0.000340254	0.000108249	3.11919e-005	8.13506e-006	1.92567e-006	4.13454e-007	8.149e-008	1.45734e-008	2.42811e-009	3.72815e-010	5.43971e-011	7.35806e-012	1.00641e-012	1.24577e-013	1.62346e-014	1.90978e-015	2.35411e-016	2.49848e-017	2.90178e-018	2.72134e-019	2.81999e-020	2.36275e-021	2.16718e-022	1.57839e-023	1.30214e-024	8.27518e-026	6.0406e-027	3.40262e-028	2.20869e-029	1.09699e-030	6.5054e-032	3.02607e-033	1.88114e-034	1.30902e-035	2.37222e-036	
Schoenoxiphium_ludwigii	0	0	0	0	0	0	0	0	0	0	0	0	0	0	0	0	1	0	0	0	0	0	0	0	0	0	0	0	0	0	0	0	0	0	0	0	0	0	0	0	0	0	0	0	0	0	0	0	0	0	0	0	0	0	0	0	0	0	
N7	4.66051e-005	0.000110938	0.000293392	0.00076249	0.0018633	0.00421742	0.00877971	0.0167667	0.0293062	0.0468176	0.0682961	0.0909523	0.110419	0.122136	0.122829	0.112064	0.0925175	0.0690435	0.0464125	0.0281302	0.0153426	0.00753586	0.00332725	0.00133156	0.000477567	0.000156895	4.66364e-005	1.29702e-005	3.26604e-006	8.48078e-007	1.92069e-007	5.04684e-008	1.13159e-008	3.0679e-009	6.28765e-010	1.71447e-010	3.07735e-011	7.52184e-012	1.20127e-012	2.57899e-013	3.51553e-014	6.76296e-015	7.91394e-016	1.33383e-016	1.36456e-017	2.01645e-018	1.78266e-019	2.3528e-020	1.80429e-021	2.09809e-022	1.42235e-023	1.47219e-024	8.72455e-026	8.24794e-027	4.46496e-028	4.32898e-029	4.06078e-030	1.51116e-030	
N8	9.44928e-013	4.93598e-012	3.09701e-011	1.83573e-010	9.92258e-010	4.85753e-009	2.14688e-008	8.57938e-008	3.11228e-007	1.0242e-006	3.0325e-006	7.98307e-006	1.83258e-005	3.581e-005	5.84669e-005	8.05433e-005	0.000100093	0.000127461	0.000189773	0.000347563	0.000753207	0.0017981	0.00439637	0.0103696	0.0224793	0.0435722	0.074086	0.10949	0.139559	0.153759	0.144738	0.117741	0.0820565	0.049599	0.0257087	0.0118786	0.00467017	0.00167207	0.000514273	0.000144645	3.43971e-005	7.72499e-006	1.41945e-006	2.49284e-007	3.60481e-008	4.98063e-009	5.61765e-010	6.26477e-011	5.59569e-012	5.0333e-013	3.66068e-014	2.70665e-015	1.62129e-016	1.03422e-017	5.57659e-019	3.58256e-020	2.54056e-021	4.11702e-022	
Schoenoxiphium_burkei	0	0	0	0	0	0	0	0	0	0	0	0	0	0	0	0	0	0	0	0	0	0	0	0	0	0	0	0	0	0	0	0	0	0	1	0	0	0	0	0	0	0	0	0	0	0	0	0	0	0	0	0	0	0	0	0	0	0	
Schoenoxiphium_filiforme	0	0	0	0	0	0	0	0	0	0	0	0	0	0	0	0	0	0	0	0	0	0	0	0	0	0	0	0	0	0	0	0	0	0	0	1	0	0	0	0	0	0	0	0	0	0	0	0	0	0	0	0	0	0	0	0	0	0	
N9	1.35115e-005	3.53295e-005	0.000107482	0.000325259	0.000921741	0.00239438	0.00565158	0.012081	0.0233334	0.0406468	0.06376	0.0899383	0.113895	0.12935	0.131596	0.119815	0.0975611	0.0710162	0.0461843	0.0268363	0.013933	0.00646432	0.00268143	0.000995373	0.000330737	9.85335e-005	2.63497e-005	6.3333e-006	1.37058e-006	2.68065e-007	4.73642e-008	7.6136e-009	1.11634e-009	1.50242e-010	1.86335e-011	2.18319e-012	2.37563e-013	2.52423e-014	2.56844e-015	2.60361e-016	2.50239e-017	2.52141e-018	2.26957e-019	2.15297e-020	1.81785e-021	1.58407e-022	1.19354e-023	9.64519e-025	6.46524e-026	4.70221e-027	2.85106e-028	1.87275e-029	1.01763e-030	6.23944e-032	3.25632e-033	2.13176e-034	1.57603e-035	2.90781e-036	
Schoenoxiphium_ecklonii	0	0	0	0	0	0	0	0	0	0	0	0	0	0	0	0	0	1	0	0	0	0	0	0	0	0	0	0	0	0	0	0	0	0	0	0	0	0	0	0	0	0	0	0	0	0	0	0	0	0	0	0	0	0	0	0	0	0	
Schoenoxiphium_sparteum	0	0	0	0	0	0	0	0	0	0	0	0	0	0	0	0	0	1	0	0	0	0	0	0	0	0	0	0	0	0	0	0	0	0	0	0	0	0	0	0	0	0	0	0	0	0	0	0	0	0	0	0	0	0	0	0	0	0	
N10	0.000291208	0.000692035	0.00172958	0.00405664	0.00868348	0.0168778	0.0297449	0.0476238	0.0693059	0.0917579	0.110522	0.121233	0.120923	0.109833	0.0907538	0.0682567	0.046689	0.0291257	0.0165098	0.00855098	0.0040354	0.00174423	0.000687938	0.000251646	8.39137e-005	2.63716e-005	7.64133e-006	2.12732e-006	5.45786e-007	1.41362e-007	3.28466e-008	7.95348e-009	1.70903e-009	3.83721e-010	7.35867e-011	1.5312e-011	2.58376e-012	4.80343e-013	7.20277e-014	1.19034e-014	1.55475e-015	2.31764e-016	2.64723e-017	3.51443e-018	3.57319e-019	4.23683e-020	3.80043e-021	4.1111e-022	3.27542e-023	3.18829e-024	2.31683e-025	2.05985e-026	1.37065e-027	1.18244e-028	8.26197e-030	8.87672e-031	1.17576e-031	3.38666e-032	
Kobresia_fragilis	0	0	0	0	0	0	0	0	0	0	0	0	0	0	0	0	0	0	0	0	0	0	0	0	0	0	0	0	1	0	0	0	0	0	0	0	0	0	0	0	0	0	0	0	0	0	0	0	0	0	0	0	0	0	0	0	0	0	
N11	5.29949e-005	0.000136102	0.000384856	0.00104386	0.00260846	0.0059385	0.0122635	0.0229689	0.0389977	0.0600257	0.0837308	0.105886	0.121223	0.125723	0.118009	0.100237	0.0769823	0.0535417	0.0336189	0.0191286	0.00984063	0.00459188	0.00193716	0.000749384	0.000261092	8.47411e-005	2.49981e-005	7.04428e-006	1.78868e-006	4.75915e-007	1.07705e-007	2.81552e-008	6.0286e-009	1.56595e-009	2.98895e-010	7.77811e-011	1.29946e-011	3.10134e-012	4.65475e-013	9.97384e-014	1.2924e-014	2.53175e-015	2.85205e-016	4.96713e-017	4.97632e-018	7.69079e-019	6.75388e-020	9.50071e-021	7.35348e-022	9.2287e-023	6.48076e-024	7.41697e-025	4.7157e-026	5.1968e-027	3.30955e-028	4.24235e-029	5.15682e-030	2.04861e-030	
Kobresia_simpliciuscula	0	0	0	0	0	0	0	0	0	0	0	0	0	0	0	0	0	0	0	0	0	0	0	0	0	0	0	0	0	0	0	0	0	0	1	0	0	0	0	0	0	0	0	0	0	0	0	0	0	0	0	0	0	0	0	0	0	0	
N12	1.98918e-007	8.37085e-007	4.0204e-006	1.81551e-005	7.38825e-005	0.000267353	0.000855803	0.00242292	0.00607435	0.0135114	0.0267082	0.046975	0.0734832	0.102245	0.126407	0.138688	0.134809	0.115927	0.0879214	0.0587331	0.0344687	0.017739	0.00799015	0.00315297	0.00108561	0.000327614	8.64902e-005	2.00642e-005	4.08169e-006	7.43513e-007	1.18768e-007	1.74462e-008	2.29588e-009	2.86584e-010	3.19186e-011	3.63954e-012	3.49816e-013	3.55196e-014	2.98784e-015	2.62294e-016	1.82135e-017	1.38562e-018	7.87973e-020	4.99492e-021	2.3722e-022	1.25358e-023	4.88339e-025	2.19316e-026	7.06041e-028	2.66551e-029	7.21975e-031	2.30856e-032	5.24807e-034	1.46001e-035	2.941e-037	7.99438e-039	2.18313e-040	1.45456e-041	
N13	1.22569e-006	3.39978e-006	1.11681e-005	3.68452e-005	0.000115155	0.000334172	0.000893215	0.00219182	0.00492812	0.0101401	0.0190763	0.0327881	0.0514379	0.0735965	0.0959451	0.113852	0.122864	0.120493	0.107287	0.0867016	0.0635659	0.0422639	0.0254843	0.0139459	0.00692145	0.0031221	0.00128163	0.00047965	0.000164178	5.22414e-005	1.53405e-005	4.363e-006	1.21159e-006	3.4884e-007	1.0002e-007	3.35965e-008	9.93071e-009	3.42092e-009	1.00217e-009	3.25353e-010	8.50795e-011	2.61728e-011	6.07888e-012	1.69259e-012	3.55701e-013	8.95578e-014	1.66699e-014	3.8392e-015	6.34061e-016	1.32206e-016	1.95284e-017	3.6998e-018	4.88029e-019	8.60915e-020	1.07627e-020	2.10557e-021	4.80457e-022	3.72171e-022	
Carex_pauciflora	0	0	0	0	0	0	0	0	0	0	0	0	0	0	0	0	0	0	1	0	0	0	0	0	0	0	0	0	0	0	0	0	0	0	0	0	0	0	0	0	0	0	0	0	0	0	0	0	0	0	0	0	0	0	0	0	0	0	
Carex_backii	0	0	0	0	0	0	0	0	0	0	0	0	0	0	0	0	0	0	0	0	0	0	0	0	0	0	0	0	0	0	0	0	1	0	0	0	0	0	0	0	0	0	0	0	0	0	0	0	0	0	0	0	0	0	0	0	0	0	
N14	3.26514e-008	1.46414e-007	7.9816e-007	4.17554e-006	1.97277e-005	8.25513e-005	0.000303762	0.000981035	0.00278092	0.00692785	0.0152083	0.0295253	0.0508445	0.0778674	0.106142	0.128736	0.138762	0.132728	0.112234	0.083724	0.0548909	0.0315357	0.0158226	0.00696517	0.00265763	0.000897033	0.000264822	7.11253e-005	1.65868e-005	4.25481e-006	8.50628e-007	2.44411e-007	4.89593e-008	1.50245e-008	2.47502e-009	7.61862e-010	1.00299e-010	2.60497e-011	2.89205e-012	6.22095e-013	5.53936e-014	1.01789e-014	7.37136e-016	1.12592e-016	6.77769e-018	8.59891e-019	4.26306e-020	4.5849e-021	1.88231e-022	1.69357e-023	5.89237e-025	4.49178e-026	1.30305e-027	8.66875e-029	2.14427e-030	1.29409e-031	4.66814e-033	1.03118e-033	
N15	1.09528e-007	3.28716e-007	1.21603e-006	4.5822e-006	1.64155e-005	5.46627e-005	0.000167831	0.000473844	0.0012284	0.00292124	0.00636682	0.0127059	0.0231874	0.0386543	0.0587927	0.081496	0.102856	0.118107	0.12328	0.116921	0.10071	0.0787479	0.0558879	0.0360058	0.0210485	0.0111729	0.00538717	0.0023603	0.000940612	0.000341924	0.000113269	3.44189e-005	9.62509e-006	2.49379e-006	6.02589e-007	1.40268e-007	3.08721e-008	6.85659e-009	1.49641e-009	3.33952e-010	7.11669e-011	1.60793e-011	3.20892e-012	6.73868e-013	1.24757e-013	2.37524e-014	3.89529e-015	6.80464e-016	9.88307e-017	1.54808e-017	2.02014e-018	2.8498e-019	3.31817e-020	4.33896e-021	4.81435e-022	6.84662e-023	1.2194e-023	6.02115e-024	
Carex_rupestris	0	0	0	0	0	0	0	0	0	0	0	0	0	0	0	0	0	0	0	0	0	0	0	0	1	0	0	0	0	0	0	0	0	0	0	0	0	0	0	0	0	0	0	0	0	0	0	0	0	0	0	0	0	0	0	0	0	0	
Carex_obtusata	0	0	0	0	0	0	0	0	0	0	0	0	0	0	0	0	0	0	0	0	0	0	0	0	0	1	0	0	0	0	0	0	0	0	0	0	0	0	0	0	0	0	0	0	0	0	0	0	0	0	0	0	0	0	0	0	0	0	
N16	1.83082e-009	8.7904e-009	5.31699e-008	3.13948e-007	1.6947e-006	8.19107e-006	3.51756e-005	0.000133881	0.000451082	0.00134337	0.00353125	0.00819118	0.0167903	0.0305359	0.0495502	0.0722383	0.0953032	0.114465	0.125287	0.124776	0.112383	0.0908895	0.0655491	0.0422354	0.0240194	0.012327	0.00569074	0.00248099	0.000994406	0.000457415	0.000178608	9.04898e-005	3.55002e-005	1.72504e-005	5.67956e-006	2.53262e-006	6.82655e-007	2.56709e-007	5.81172e-008	1.83273e-008	3.38896e-009	9.10265e-010	1.38064e-010	3.11564e-011	3.925e-012	7.45513e-013	7.75026e-014	1.26206e-014	1.08779e-015	1.50446e-016	1.10375e-017	1.31743e-018	8.17138e-020	8.9005e-021	5.07381e-022	6.009e-023	7.34892e-024	3.34866e-024	
Carex_nardina	0	0	0	0	0	0	0	0	0	0	0	0	0	0	0	0	0	0	0	0	0	0	0	0	0	0	0	0	0	0	0	0	0	1	0	0	0	0	0	0	0	0	0	0	0	0	0	0	0	0	0	0	0	0	0	0	0	0	
N17	3.69694e-010	1.78735e-009	1.14567e-008	7.23967e-008	4.18327e-007	2.16834e-006	1.00225e-005	4.12411e-005	0.000151035	0.00049212	0.00142463	0.00365444	0.00827982	0.016532	0.0291012	0.0453994	0.0635569	0.0813284	0.0969197	0.108727	0.114516	0.111809	0.0997212	0.0803996	0.0580189	0.0374768	0.0216718	0.0112816	0.00531953	0.00240535	0.000995624	0.000437575	0.000183704	8.51892e-005	3.31086e-005	1.64358e-005	5.47546e-006	2.4988e-006	7.36929e-007	3.00768e-007	7.31496e-008	2.7318e-008	5.53279e-009	1.79127e-009	3.08903e-010	8.57501e-011	1.23651e-011	2.97083e-012	3.59728e-013	7.38649e-014	7.61318e-015	1.34172e-015	1.17224e-016	1.82302e-017	1.40825e-018	2.16518e-019	2.83186e-020	1.70876e-020	
N18	2.36541e-010	8.4906e-010	3.96225e-009	1.9134e-008	8.89795e-008	3.89969e-007	1.59755e-006	6.0921e-006	2.15606e-005	7.06459e-005	0.000213891	0.000597174	0.00153371	0.0036144	0.00779549	0.0153523	0.0275593	0.0450407	0.0669483	0.0904425	0.110956	0.12349	0.124553	0.113716	0.0938462	0.0699379	0.0470229	0.0285033	0.0155749	0.0076767	0.00341443	0.00137353	0.000500977	0.000166182	5.03635e-005	1.4044e-005	3.61317e-006	8.66539e-007	1.94648e-007	4.11171e-008	8.17894e-009	1.55156e-009	2.74487e-010	4.64123e-011	7.3628e-012	1.11065e-012	1.55797e-013	2.15636e-014	2.70454e-015	3.42888e-016	3.9966e-017	4.74818e-018	5.13987e-019	6.11286e-020	6.88007e-021	9.72708e-022	1.74724e-022	7.36594e-023	
Carex_capillacea	0	0	0	0	0	0	0	0	0	0	0	0	0	0	0	0	0	0	0	0	0	0	0	0	0	0	0	0	0	1	0	0	0	0	0	0	0	0	0	0	0	0	0	0	0	0	0	0	0	0	0	0	0	0	0	0	0	0	
Carex_leptalea	0	0	0	0	0	0	0	0	0	0	0	0	0	0	0	0	0	0	0	0	0	0	0	0	0	1	0	0	0	0	0	0	0	0	0	0	0	0	0	0	0	0	0	0	0	0	0	0	0	0	0	0	0	0	0	0	0	0	
N19	4.71316e-018	3.02588e-017	2.78441e-016	2.61563e-015	2.30723e-014	1.86546e-013	1.36826e-012	9.04948e-012	5.38271e-011	2.88356e-010	1.40098e-009	6.18006e-009	2.46464e-008	8.86123e-008	2.87048e-007	8.33319e-007	2.118e-006	4.51512e-006	7.77965e-006	1.08967e-005	1.34739e-005	1.68215e-005	2.35511e-005	3.77162e-005	6.8697e-005	0.000140895	0.000316499	0.000751807	0.00182116	0.00434984	0.00986323	0.0205969	0.0386075	0.0639491	0.0927829	0.118788	0.13249	0.132381	0.117765	0.0953517	0.0687992	0.0469881	0.0274122	0.0150867	0.00703264	0.00300876	0.00105881	0.000351131	9.23096e-005	2.30496e-005	4.59787e-006	8.72398e-007	1.32587e-007	2.03542e-008	2.71344e-009	4.62116e-010	1.16464e-010	7.93114e-011	
Uncinia_phleoides	0	0	0	0	0	0	0	0	0	0	0	0	0	0	0	0	0	0	0	0	0	0	0	0	0	0	0	0	0	0	0	0	0	0	0	0	0	0	0	0	0	0	0	0	0	0	0	1	0	0	0	0	0	0	0	0	0	0	
N20	4.53862e-018	2.88051e-017	2.64631e-016	2.48773e-015	2.19523e-014	1.77461e-013	1.30125e-012	8.61327e-012	5.13963e-011	2.76921e-010	1.35152e-009	5.97454e-009	2.38022e-008	8.47922e-008	2.67172e-007	7.33772e-007	1.72754e-006	3.44081e-006	5.79717e-006	8.45951e-006	1.12981e-005	1.49467e-005	2.12371e-005	3.41631e-005	6.30957e-005	0.00013158	0.000299398	0.000716939	0.00174703	0.00419464	0.00956243	0.0200771	0.0378434	0.0630321	0.0919767	0.118289	0.132646	0.132958	0.118677	0.0961794	0.0695976	0.0473527	0.0277273	0.0151805	0.00709204	0.00301717	0.00106551	0.000350154	9.25278e-005	2.28579e-005	4.58174e-006	8.59032e-007	1.3118e-007	1.9939e-008	2.65729e-009	4.49521e-010	1.15158e-010	9.5156e-011	
Uncinia_filiformis	0	0	0	0	0	0	0	0	0	0	0	0	0	0	0	0	0	0	0	0	0	0	0	0	0	0	0	0	0	0	0	0	0	0	0	0	0	0	0	0	0	0	0	1	0	0	0	0	0	0	0	0	0	0	0	0	0	0	
Uncinia_uncinata	0	0	0	0	0	0	0	0	0	0	0	0	0	0	0	0	0	0	0	0	0	0	0	0	0	0	0	0	0	0	0	0	0	0	0	0	0	0	0	0	0	0	0	1	0	0	0	0	0	0	0	0	0	0	0	0	0	0	
N21	0.0718898	0.100917	0.124751	0.137907	0.137348	0.12405	0.101908	0.0765458	0.0526684	0.0332908	0.0193402	0.0103675	0.00511032	0.00233181	0.000981301	0.000383863	0.000138668	4.74956e-005	1.49867e-005	4.64861e-006	1.3473e-006	4.07032e-007	1.13268e-007	3.6783e-008	1.00659e-008	3.41487e-009	9.15266e-010	3.05248e-010	7.48513e-011	2.41508e-011	5.33923e-012	1.60654e-012	3.25458e-013	9.07762e-014	1.65925e-014	4.41768e-015	7.31962e-016	1.81065e-016	2.82065e-017	6.62275e-018	9.51186e-019	2.15332e-019	2.91884e-020	6.38843e-021	8.45443e-022	1.70306e-022	2.15536e-023	4.51722e-024	5.29593e-025	9.86835e-026	1.1603e-026	2.16687e-027	2.30744e-028	4.02598e-029	4.43258e-030	9.64268e-031	2.21059e-031	1.81918e-031	
N22	1.16425e-015	2.29351e-014	4.71933e-013	8.17821e-012	1.165e-010	1.36802e-009	1.36672e-008	1.11827e-007	7.13709e-007	3.42123e-006	1.22412e-005	3.61834e-005	0.000114373	0.000431118	0.00165451	0.00570605	0.016813	0.0412952	0.0831119	0.135715	0.178358	0.187555	0.157035	0.104407	0.0549149	0.0228594	0.00752726	0.0019647	0.000407441	6.7549e-005	8.97061e-006	9.63379e-007	8.40289e-008	6.00457e-009	3.53298e-010	1.73499e-011	7.10118e-013	2.46724e-014	7.27346e-016	1.8468e-017	4.02878e-019	7.7583e-021	1.2906e-022	1.92967e-024	2.53318e-026	3.01801e-028	3.16592e-030	3.09528e-032	2.63898e-034	2.1244e-036	1.5104e-038	1.02033e-040	6.15681e-043	3.72452e-045	2.12973e-047	1.34512e-049	9.08204e-052	8.38647e-054	
N23	2.51294e-015	2.68818e-014	3.72312e-013	4.75185e-012	5.29032e-011	5.05212e-010	4.10069e-009	2.81824e-008	1.65136e-007	8.45563e-007	3.97338e-006	1.81615e-005	8.25744e-005	0.000360753	0.00143242	0.00495359	0.0145403	0.0356689	0.0723814	0.120625	0.164205	0.181858	0.163401	0.118899	0.0700057	0.0333585	0.0128801	0.00403694	0.00103031	0.000215362	3.70142e-005	5.31706e-006	6.69625e-007	7.62648e-008	8.97918e-009	1.44894e-009	1.93851e-010	3.2252e-011	4.75591e-012	6.64241e-013	6.91891e-014	1.04861e-014	8.4143e-016	1.1216e-016	7.84595e-018	8.9799e-019	5.03479e-020	4.94939e-021	2.24833e-022	1.82158e-023	6.7684e-025	4.51833e-026	1.37101e-027	7.62093e-029	1.91097e-030	9.24301e-032	2.67527e-033	3.55394e-034	
Carex_maritima	0	0	0	0	0	0	0	0	0	0	0	0	0	0	0	0	0	0	0	0	0	0	0	0	0	0	0	0	0	1	0	0	0	0	0	0	0	0	0	0	0	0	0	0	0	0	0	0	0	0	0	0	0	0	0	0	0	0	
N24	6.73498e-015	4.44809e-014	4.03829e-013	3.69192e-012	3.21447e-011	2.64727e-010	2.06371e-009	1.52219e-008	1.05841e-007	6.88031e-007	4.12986e-006	2.25329e-005	0.000109883	0.000471408	0.00175535	0.0056129	0.0152844	0.0352135	0.0682817	0.110971	0.150657	0.170425	0.160353	0.125363	0.0814054	0.0439227	0.0197122	0.00736996	0.00230091	0.000601823	0.000132284	2.45792e-005	3.8999e-006	5.3286e-007	6.44824e-008	7.46561e-009	8.25755e-010	1.01192e-010	1.37094e-011	1.80306e-012	2.19756e-013	3.05347e-014	3.07597e-015	3.69471e-016	3.43731e-017	3.65798e-018	2.82998e-019	2.78998e-020	1.82009e-021	1.54997e-022	8.66813e-024	6.33038e-025	2.98458e-026	1.88955e-027	7.71477e-029	4.56567e-030	2.37069e-031	4.03028e-032	
Carex_conferta	0	0	0	0	0	0	0	0	0	0	0	0	0	0	0	0	0	0	0	0	0	0	0	0	0	1	0	0	0	0	0	0	0	0	0	0	0	0	0	0	0	0	0	0	0	0	0	0	0	0	0	0	0	0	0	0	0	0	
Carex_cephalophora	0	0	0	0	0	0	0	0	0	0	0	0	0	0	0	0	0	0	0	0	0	0	0	1	0	0	0	0	0	0	0	0	0	0	0	0	0	0	0	0	0	0	0	0	0	0	0	0	0	0	0	0	0	0	0	0	0	0	
N25	3.55485e-021	1.56324e-019	8.31594e-018	3.71588e-016	1.30349e-014	3.45047e-013	7.65228e-012	1.48318e-010	2.25904e-009	2.56036e-008	2.09164e-007	1.21861e-006	5.4703e-006	2.39063e-005	0.000121929	0.000633095	0.00287455	0.0107461	0.0321197	0.0753749	0.137188	0.192056	0.205619	0.16768	0.103778	0.0486816	0.017308	0.00466192	0.000954577	0.000151388	1.83768e-005	1.83907e-006	1.58808e-007	1.30379e-008	9.2289e-010	9.16116e-011	4.91713e-012	3.90932e-013	1.66969e-014	9.71038e-016	2.71248e-017	1.28727e-018	2.49945e-020	8.80481e-022	1.27256e-023	3.34545e-025	3.54809e-027	7.15262e-029	5.69241e-031	8.78984e-033	5.36352e-035	6.43103e-037	3.03634e-039	2.88761e-041	1.07415e-043	8.37553e-046	3.30983e-048	5.03835e-050	
N26	2.89157e-018	3.8784e-017	6.70139e-016	1.06302e-014	1.47726e-013	1.78361e-012	1.87142e-011	1.71234e-010	1.38102e-009	1.00527e-008	6.86888e-008	4.58341e-007	3.02386e-006	1.91425e-005	0.000110479	0.000555626	0.00236162	0.00832061	0.0239825	0.0560077	0.105207	0.158081	0.189234	0.179984	0.13582	0.0813055	0.0386507	0.0146213	0.00441645	0.0010707	0.000209483	3.34545e-005	4.48211e-006	5.17949e-007	5.68671e-008	7.32122e-009	9.21629e-010	1.32304e-010	1.88936e-011	2.29033e-012	2.39271e-013	2.96315e-014	2.42387e-015	2.62512e-016	1.94053e-017	1.84637e-018	1.10853e-019	9.23874e-021	4.50818e-022	3.10519e-023	1.23891e-024	7.03781e-026	2.28423e-027	1.08347e-028	2.90512e-030	1.21331e-031	3.68887e-033	4.1028e-034	
Carex_echinata	0	0	0	0	0	0	0	0	0	0	0	0	0	0	0	0	0	0	0	0	0	0	0	0	0	1	0	0	0	0	0	0	0	0	0	0	0	0	0	0	0	0	0	0	0	0	0	0	0	0	0	0	0	0	0	0	0	0	
N27	8.11841e-026	3.22966e-024	1.77668e-022	8.53589e-021	3.38479e-019	1.08676e-017	2.79868e-016	6.03591e-015	1.09611e-013	1.70926e-012	2.11501e-011	1.64286e-010	7.00026e-010	2.1084e-009	9.38997e-009	7.88365e-008	8.4853e-007	9.19038e-006	8.77733e-005	0.000678286	0.00402033	0.0177061	0.0567458	0.130244	0.211264	0.239519	0.188183	0.101885	0.037944	0.00974215	0.00173389	0.000216015	1.90837e-005	1.21215e-006	5.64279e-008	1.98099e-009	5.3375e-011	1.16738e-012	2.18868e-014	3.60608e-016	5.33407e-018	7.67754e-020	8.8066e-022	9.63953e-024	8.64264e-026	7.05765e-028	5.00539e-030	1.52951e-031	2.46076e-032	4.70878e-033	6.59528e-034	9.07402e-035	9.22515e-036	9.9634e-037	8.44293e-038	8.736e-039	9.19259e-040	1.54845e-040	
N28	1.37425e-026	4.64953e-025	2.03258e-023	7.86727e-022	2.59662e-020	7.20384e-019	1.69532e-017	3.48031e-016	6.18953e-015	9.3673e-014	1.15906e-012	1.06617e-011	6.46571e-011	2.54711e-010	8.95751e-010	4.43926e-009	3.26727e-008	3.18336e-007	3.7115e-006	4.28939e-005	0.00041102	0.00297206	0.015512	0.0567688	0.14199	0.236807	0.257565	0.179798	0.0801556	0.0230234	0.00434514	0.000552723	4.8728e-005	3.06007e-006	1.41084e-007	4.99847e-009	1.433e-010	3.80846e-012	1.17104e-013	3.53646e-015	1.07309e-016	3.31027e-018	7.17878e-020	1.52492e-021	2.89744e-023	4.8147e-025	6.84045e-027	1.18186e-028	1.39832e-030	2.1792e-032	2.27621e-034	3.01678e-036	2.56062e-038	2.83662e-040	2.01185e-042	2.00537e-044	1.69444e-046	3.05147e-048	
Carex_pairae	0	0	0	0	0	0	0	0	0	0	0	0	0	0	0	0	0	0	0	0	0	0	0	0	0	0	0	1	0	0	0	0	0	0	0	0	0	0	0	0	0	0	0	0	0	0	0	0	0	0	0	0	0	0	0	0	0	0	
Carex_divulsa	0	0	0	0	0	0	0	0	0	0	0	0	0	0	0	0	0	0	0	0	0	0	0	0	0	0	0	1	0	0	0	0	0	0	0	0	0	0	0	0	0	0	0	0	0	0	0	0	0	0	0	0	0	0	0	0	0	0	
N29	1.0407e-025	3.7618e-024	2.01582e-022	9.45242e-021	3.64685e-019	1.14458e-017	2.93801e-016	6.14437e-015	1.01322e-013	1.2575e-012	1.10849e-011	6.65998e-011	2.91165e-010	1.22783e-009	7.37091e-009	6.72941e-008	7.51227e-007	8.34038e-006	8.07828e-005	0.000630822	0.00377997	0.0168446	0.0546509	0.127023	0.208721	0.239834	0.191109	0.105035	0.0397516	0.0103841	0.00188293	0.000239315	2.1666e-005	1.42169e-006	7.15173e-008	4.91684e-009	3.2655e-010	4.0117e-011	8.5987e-012	4.76007e-013	3.79365e-014	5.3431e-015	1.05033e-016	1.83076e-017	3.88058e-019	7.29279e-020	4.16956e-022	2.23082e-022	6.25251e-025	4.02945e-025	8.7011e-028	4.41559e-028	7.48515e-031	2.94978e-031	4.0544e-034	1.22267e-034	1.68763e-037	9.11269e-038	
Carex_lamprocarpa	0	0	0	0	0	0	0	0	0	0	0	0	0	0	0	0	0	0	0	0	0	0	0	0	0	0	0	0	1	0	0	0	0	0	0	0	0	0	0	0	0	0	0	0	0	0	0	0	0	0	0	0	0	0	0	0	0	0	
Carex_otrubae	0	0	0	0	0	0	0	0	0	0	0	0	0	0	0	0	0	0	0	0	0	0	0	0	0	0	0	0	1	0	0	0	0	0	0	0	0	0	0	0	0	0	0	0	0	0	0	0	0	0	0	0	0	0	0	0	0	0	
N30	6.7917e-022	1.81983e-020	6.31199e-019	1.97353e-017	5.39706e-016	1.28613e-014	2.69361e-013	4.88378e-012	7.34526e-011	8.82709e-010	8.44747e-009	6.75234e-008	4.94439e-007	3.51656e-006	2.39652e-005	0.000148809	0.000800844	0.00358737	0.0129849	0.0372418	0.0835483	0.145345	0.194942	0.200845	0.158592	0.0959286	0.0445301	0.0158844	0.00439094	0.000981991	0.000178273	3.2411e-005	7.65425e-006	1.71807e-006	3.45106e-007	1.06421e-007	1.30214e-008	3.13237e-009	3.25608e-010	6.35281e-011	4.308e-012	7.63578e-013	3.68072e-014	4.99646e-015	1.804e-016	1.82527e-017	4.90352e-019	3.73134e-020	7.56119e-022	4.34998e-023	6.73391e-025	2.9675e-026	3.53828e-028	1.21907e-029	1.13147e-031	3.11235e-033	2.91125e-035	1.95766e-036	
N31	9.66537e-020	1.15083e-018	1.89691e-017	2.95397e-016	4.11354e-015	5.05418e-014	5.45081e-013	5.16327e-012	4.30952e-011	3.14637e-010	1.98011e-009	1.05274e-008	4.58616e-008	1.58283e-007	4.28031e-007	9.53463e-007	2.01678e-006	4.8357e-006	1.43714e-005	5.10716e-005	0.000199217	0.000781986	0.00285532	0.0091499	0.0248035	0.0556997	0.102378	0.152785	0.18404	0.178115	0.137926	0.0853036	0.0421525	0.0166633	0.00531082	0.00139079	0.000302086	5.71623e-005	9.84194e-006	1.56702e-006	2.32845e-007	3.44317e-008	4.26024e-009	5.13599e-010	5.28253e-011	5.07137e-012	4.04172e-013	3.21684e-014	2.01776e-015	1.28598e-016	6.5387e-018	3.37615e-019	1.38043e-020	5.97791e-022	2.09213e-023	8.59891e-025	3.64924e-026	3.45236e-027	
Carex_ovalis	0	0	0	0	0	0	0	0	0	0	0	0	0	0	0	0	0	0	0	0	0	0	0	0	0	0	0	0	0	0	0	0	1	0	0	0	0	0	0	0	0	0	0	0	0	0	0	0	0	0	0	0	0	0	0	0	0	0	
Carex_xerantica	0	0	0	0	0	0	0	0	0	0	0	0	0	0	0	0	0	0	0	0	0	0	0	0	0	0	0	0	0	0	0	0	0	1	0	0	0	0	0	0	0	0	0	0	0	0	0	0	0	0	0	0	0	0	0	0	0	0	
N32	1.50032e-020	2.67663e-019	5.95963e-018	1.21471e-016	2.17375e-015	3.401e-014	4.66867e-013	5.64477e-012	6.03539e-011	5.75136e-010	4.9733e-009	4.0077e-008	3.08353e-007	2.27008e-006	1.56048e-005	9.63474e-005	0.000514348	0.00230388	0.00847038	0.0251678	0.0597695	0.112565	0.167223	0.195297	0.179012	0.128768	0.0727937	0.0324231	0.0114351	0.00322825	0.000739071	0.0001429	2.65107e-005	4.89879e-006	1.0292e-006	2.95931e-007	5.61663e-008	1.30422e-008	2.72577e-009	5.1285e-010	6.79438e-011	1.72662e-011	1.62751e-012	3.99876e-013	3.23863e-014	6.88099e-015	4.34147e-016	7.74488e-017	3.88762e-018	5.54902e-019	2.24522e-020	2.56594e-021	8.39374e-023	7.77817e-024	2.07738e-025	1.60589e-026	4.67297e-028	1.01632e-028	
Carex_chordorrhiza	0	0	0	0	0	0	0	0	0	0	0	0	0	0	0	0	0	0	0	0	0	0	0	0	0	0	0	0	0	0	1	0	0	0	0	0	0	0	0	0	0	0	0	0	0	0	0	0	0	0	0	0	0	0	0	0	0	0	
N33	2.25417e-025	7.54844e-024	3.33491e-022	1.35883e-020	4.9524e-019	1.46325e-017	2.64902e-016	4.45926e-015	8.73019e-014	1.68946e-012	2.73777e-011	2.90118e-010	1.65468e-009	4.64737e-009	8.34047e-009	2.17905e-008	1.01335e-007	6.14772e-007	4.57976e-006	3.7179e-005	0.000277603	0.00171294	0.00824942	0.0300169	0.0808094	0.158439	0.223334	0.223942	0.158519	0.0788894	0.0275926	0.00681179	0.00119692	0.000151359	1.39856e-005	9.62868e-007	5.02185e-008	2.0461e-009	6.75816e-011	1.86366e-012	4.50212e-014	1.02889e-015	2.04365e-017	3.88685e-019	6.54288e-021	9.8724e-023	1.26076e-024	1.56433e-026	1.53251e-028	1.48719e-030	1.17328e-032	9.0706e-035	5.66572e-037	3.67106e-039	1.97804e-041	1.22894e-043	7.80078e-046	7.83152e-048	
Carex_marina	0	0	0	0	0	0	0	0	0	0	0	0	0	0	0	0	0	0	0	0	0	0	0	0	0	0	0	0	0	0	1	0	0	0	0	0	0	0	0	0	0	0	0	0	0	0	0	0	0	0	0	0	0	0	0	0	0	0	
N34	1.38205e-025	4.54516e-024	1.94396e-022	7.31272e-021	2.3184e-019	6.11973e-018	1.34182e-016	2.44853e-015	3.67985e-014	4.41906e-013	4.06787e-012	2.73062e-011	1.30518e-010	4.76364e-010	1.62294e-009	6.51392e-009	3.58358e-008	2.65626e-007	2.31978e-006	2.08346e-005	0.000170847	0.00116343	0.00617082	0.0245331	0.0713928	0.149508	0.222282	0.232086	0.168854	0.0852493	0.0298621	0.00728809	0.00124958	0.000152225	1.33682e-005	8.64641e-007	4.20077e-008	1.62135e-009	6.92459e-011	2.91034e-012	1.71686e-013	1.79981e-014	6.77421e-016	3.53661e-017	2.04689e-018	5.74097e-020	1.55134e-021	8.24466e-023	1.05113e-024	6.44462e-026	7.70518e-028	4.89877e-029	3.90624e-031	2.68757e-032	1.6716e-034	9.82639e-036	9.25797e-038	1.20941e-038	
Carex_canescens	0	0	0	0	0	0	0	0	0	0	0	0	0	0	0	0	0	0	0	0	0	0	0	0	0	0	0	1	0	0	0	0	0	0	0	0	0	0	0	0	0	0	0	0	0	0	0	0	0	0	0	0	0	0	0	0	0	0	
Carex_lachenalii	0	0	0	0	0	0	0	0	0	0	0	0	0	0	0	0	0	0	0	0	0	0	0	0	0	0	0	0	0	0	1	0	0	0	0	0	0	0	0	0	0	0	0	0	0	0	0	0	0	0	0	0	0	0	0	0	0	0	
N35	0.000105277	0.000390423	0.00141954	0.00446311	0.0120109	0.0276812	0.0546125	0.0921394	0.132297	0.160793	0.164495	0.141041	0.100876	0.0600631	0.0297098	0.0122043	0.00416577	0.00118476	0.000281247	5.60182e-005	9.3985e-006	1.33554e-006	1.61537e-007	1.6754e-008	1.49452e-009	1.15672e-010	7.7962e-012	4.608e-013	2.3963e-014	1.10857e-015	4.54734e-017	1.68034e-018	5.57793e-020	1.68621e-021	4.61649e-023	1.17778e-024	2.72355e-026	5.97543e-028	1.20362e-029	2.32156e-031	4.09524e-033	7.12117e-035	1.10899e-036	1.7217e-038	2.40156e-040	3.32808e-042	4.09031e-044	5.12275e-046	5.55754e-048	6.20253e-050	6.038e-052	6.05474e-054	5.30681e-056	5.00979e-058	4.3347e-060	4.49191e-062	5.31941e-064	1.12789e-065	
N36	0.000173768	0.000413415	0.00109131	0.00279795	0.00662159	0.0142085	0.0274206	0.047442	0.0733885	0.101304	0.124571	0.136306	0.132506	0.114391	0.0876321	0.0595523	0.0358973	0.0192046	0.00911654	0.00384535	0.00144215	0.000481462	0.000143263	3.81062e-005	9.05895e-006	1.93418e-006	3.71444e-007	6.44373e-008	1.01203e-008	1.45766e-009	1.91338e-010	2.34727e-011	2.67928e-012	2.91862e-013	2.98873e-014	3.05064e-015	2.87553e-016	2.74628e-017	2.41415e-018	2.12639e-019	1.67549e-020	1.35901e-021	9.48317e-023	6.88036e-024	4.29859e-025	2.7905e-026	1.53716e-027	9.07394e-029	4.43076e-030	2.35774e-031	1.03717e-032	5.01497e-034	1.99118e-035	9.06348e-037	3.50571e-038	1.73187e-039	9.59088e-041	1.2793e-041	
Carex_livida	0	0	0	0	0	0	0	0	0	0	0	0	0	0	0	1	0	0	0	0	0	0	0	0	0	0	0	0	0	0	0	0	0	0	0	0	0	0	0	0	0	0	0	0	0	0	0	0	0	0	0	0	0	0	0	0	0	0	
Carex_panicea	0	0	0	0	0	0	0	0	0	0	0	0	0	0	0	1	0	0	0	0	0	0	0	0	0	0	0	0	0	0	0	0	0	0	0	0	0	0	0	0	0	0	0	0	0	0	0	0	0	0	0	0	0	0	0	0	0	0	
N37	5.53819e-006	3.2033e-005	0.000178824	0.000841289	0.00326061	0.010329	0.0268427	0.0578418	0.103596	0.15284	0.183417	0.177419	0.137031	0.0840969	0.0407529	0.0155432	0.00464696	0.00109175	0.000200195	2.89468e-005	3.28209e-006	2.96177e-007	2.09983e-008	1.23634e-009	5.62658e-011	2.30181e-012	7.2724e-014	2.37808e-015	5.39512e-017	1.75619e-018	2.98631e-020	8.9276e-022	1.22e-023	2.98653e-025	3.01236e-027	6.13083e-029	4.66384e-031	7.4337e-033	4.49098e-035	5.66242e-037	2.67012e-039	2.75146e-041	1.03323e-043	8.66859e-046	2.67049e-048	1.81854e-050	4.57298e-053	2.69675e-055	5.53946e-058	2.65911e-060	4.79606e-063	2.03396e-065	2.98741e-068	1.10852e-070	1.43287e-073	5.41597e-076	1.10207e-078	9.69672e-081	
N38	5.56303e-005	0.000193612	0.000727783	0.00248475	0.00739888	0.018928	0.0412804	0.0763594	0.119199	0.156186	0.170893	0.155442	0.117099	0.0728809	0.0374214	0.0158426	0.0055341	0.00159897	0.000382704	7.63607e-005	1.28021e-005	1.82589e-006	2.25677e-007	2.79104e-008	3.17433e-009	5.29574e-010	7.94369e-011	1.70882e-011	2.24897e-012	5.04112e-013	5.38241e-014	1.04348e-014	9.41369e-016	1.54169e-016	1.134e-017	1.58662e-018	9.54668e-020	1.12695e-020	5.60392e-022	5.62303e-023	2.30126e-024	2.01129e-025	6.8272e-027	5.20928e-028	1.55747e-029	1.03964e-030	2.73462e-032	2.00101e-033	4.85131e-035	2.99558e-036	9.45703e-038	6.20248e-039	1.56313e-040	1.06731e-041	2.66806e-043	2.19675e-044	1.25761e-045	3.23223e-046	
Carex_fuliginosa	0	0	0	0	0	0	0	0	0	0	0	0	0	0	0	0	0	0	0	1	0	0	0	0	0	0	0	0	0	0	0	0	0	0	0	0	0	0	0	0	0	0	0	0	0	0	0	0	0	0	0	0	0	0	0	0	0	0	
N39	0.000452029	0.00111481	0.00299216	0.00760018	0.0173948	0.0351926	0.0623426	0.0962078	0.12888	0.149472	0.149788	0.129516	0.0965053	0.0619417	0.0342426	0.0163081	0.00669675	0.00237546	0.00072839	0.000193791	4.48727e-005	9.08399e-006	1.61626e-006	2.59783e-007	3.73695e-008	5.2819e-009	7.29011e-010	1.13091e-010	1.65193e-011	3.09684e-012	4.33047e-013	7.76581e-014	9.86031e-015	1.56885e-015	1.67944e-016	2.39934e-017	2.16907e-018	2.70525e-019	2.0971e-020	2.28962e-021	1.50725e-022	1.46241e-023	8.21582e-025	7.07278e-026	3.4569e-027	2.65784e-028	1.12928e-029	8.10951e-031	3.05504e-032	1.99252e-033	7.26437e-035	4.47763e-036	1.52839e-037	9.68813e-039	3.45553e-040	2.56187e-041	2.04645e-042	5.15979e-043	
Carex_glacialis	0	0	0	0	0	0	0	0	0	0	0	0	0	0	0	0	1	0	0	0	0	0	0	0	0	0	0	0	0	0	0	0	0	0	0	0	0	0	0	0	0	0	0	0	0	0	0	0	0	0	0	0	0	0	0	0	0	0	
N40	0.00112874	0.00240424	0.00546251	0.0119221	0.0238727	0.0430249	0.0691377	0.0986501	0.12464	0.139197	0.137236	0.119366	0.0915057	0.0618279	0.0368151	0.0193212	0.00894126	0.00365279	0.00131748	0.000420413	0.000118826	2.98013e-005	6.64366e-006	1.32444e-006	2.35645e-007	3.79141e-008	5.52806e-009	7.43549e-010	9.23428e-011	1.12885e-011	1.2842e-012	1.53563e-013	1.73081e-014	2.0613e-015	2.17257e-016	2.51151e-017	2.362e-018	2.45555e-019	2.06147e-020	1.9031e-021	1.38526e-022	1.15391e-023	7.31158e-025	5.42688e-026	3.04031e-027	2.0213e-028	9.94312e-030	6.021e-031	2.61777e-032	1.43612e-033	5.6258e-035	2.82098e-036	9.96353e-038	4.73652e-039	1.6292e-040	8.46479e-042	4.77222e-043	7.63953e-044	
Carex_pilulifera	0	0	0	0	0	0	0	0	1	0	0	0	0	0	0	0	0	0	0	0	0	0	0	0	0	0	0	0	0	0	0	0	0	0	0	0	0	0	0	0	0	0	0	0	0	0	0	0	0	0	0	0	0	0	0	0	0	0	
Carex_humilis	0	0	0	0	0	0	0	0	0	0	0	0	0	0	0	0	0	1	0	0	0	0	0	0	0	0	0	0	0	0	0	0	0	0	0	0	0	0	0	0	0	0	0	0	0	0	0	0	0	0	0	0	0	0	0	0	0	0	
N41	1.20535e-007	1.10178e-006	9.60349e-006	6.99971e-005	0.000410742	0.00189101	0.00678125	0.0193886	0.0457862	0.089818	0.143856	0.185359	0.189024	0.151852	0.0949573	0.0464212	0.0174332	0.00537274	0.001228	0.000281329	4.6106e-005	1.13358e-005	1.3926e-006	3.77581e-007	3.18972e-008	6.59518e-009	3.94002e-010	5.72796e-011	2.33135e-012	2.48437e-013	7.11911e-015	5.5499e-016	1.17064e-017	6.70591e-019	1.04853e-020	4.90359e-022	5.72714e-024	1.99199e-025	2.02674e-027	6.53276e-029	4.94856e-031	1.33354e-032	9.21355e-035	3.18663e-036	1.94638e-038	3.39307e-040	2.05305e-042	7.57851e-044	2.88483e-046	4.13228e-048	2.03812e-050	5.52625e-052	1.59886e-054	1.85898e-056	6.21382e-059	1.50316e-060	6.17514e-063	2.47402e-064	
Carex_atrofusca	0	0	0	0	0	0	0	0	0	0	0	0	0	0	0	0	0	0	1	0	0	0	0	0	0	0	0	0	0	0	0	0	0	0	0	0	0	0	0	0	0	0	0	0	0	0	0	0	0	0	0	0	0	0	0	0	0	0	
N42	4.76366e-009	5.42246e-008	6.76225e-007	6.96567e-006	5.68074e-005	0.000361315	0.0017823	0.00684379	0.0207168	0.050229	0.0984141	0.155297	0.193845	0.189567	0.143151	0.0837947	0.0373146	0.0136762	0.0036384	0.00103473	0.000193557	6.48406e-005	8.14176e-006	3.20466e-006	2.46424e-007	7.63938e-008	3.90289e-009	8.41753e-010	2.74636e-011	4.21998e-012	9.14648e-014	9.70744e-015	1.46988e-016	1.05677e-017	1.11651e-019	6.14121e-021	4.54544e-023	1.68478e-024	1.06549e-026	3.45506e-028	1.45408e-030	3.56912e-032	1.3223e-034	4.3526e-036	1.29359e-038	1.57679e-040	4.63622e-043	1.56933e-044	2.30319e-047	2.0267e-049	4.72114e-052	1.08029e-053	1.05286e-056	6.7549e-059	8.97347e-062	1.80141e-063	1.92907e-066	3.47333e-068	
N43	3.94869e-009	4.03338e-008	4.69298e-007	4.60532e-006	3.63542e-005	0.000227284	0.0011205	0.00437978	0.0137745	0.0353648	0.0744954	0.12784	0.176316	0.193083	0.166379	0.112265	0.0592431	0.0246219	0.00808844	0.00216197	0.000482375	9.51737e-005	1.66295e-005	2.91099e-006	4.09526e-007	6.25213e-008	6.88581e-009	9.84161e-010	7.73917e-011	1.21472e-011	6.99473e-013	9.77245e-014	4.32355e-015	4.67774e-016	1.51801e-017	1.28232e-018	3.09834e-020	1.97805e-021	3.72503e-023	1.8859e-024	2.77678e-026	1.14752e-027	1.37862e-029	4.97056e-031	5.23301e-033	1.47504e-034	1.30966e-036	3.76296e-038	2.75772e-040	5.61465e-042	3.85989e-044	7.6902e-046	4.00158e-048	6.44882e-050	2.9422e-052	5.64526e-054	4.07255e-056	1.89741e-057	
N44	1.46845e-006	6.32035e-006	3.00434e-005	0.000131314	0.000509319	0.00173218	0.0051343	0.013211	0.029405	0.0564074	0.0928866	0.130763	0.156747	0.159472	0.137384	0.100104	0.0617069	0.0322342	0.014306	0.00541831	0.00176162	0.000494773	0.000121189	2.6418e-005	5.1486e-006	9.55385e-007	1.7681e-007	3.59333e-008	7.44017e-009	2.15282e-009	4.59327e-010	1.38708e-010	2.83949e-011	7.86246e-012	1.35966e-012	3.4556e-013	5.0477e-014	1.12076e-014	1.40228e-015	2.71998e-016	2.88457e-017	4.96015e-018	4.48339e-019	6.85346e-020	5.37059e-021	7.36257e-022	5.01619e-023	6.38526e-024	3.85362e-025	4.47083e-026	2.59093e-027	2.80105e-028	1.51605e-029	1.74238e-030	9.73623e-032	1.29172e-032	2.01848e-033	1.21977e-033	
N45	6.48845e-014	6.39217e-012	5.55395e-010	3.56265e-008	1.66686e-006	4.95439e-005	0.000407244	0.0057654	0.0579743	0.200822	0.337839	0.290403	0.101806	0.00456634	0.000285986	6.81429e-005	1.11563e-005	4.42689e-007	1.34774e-008	3.14234e-009	1.04152e-009	2.64824e-010	4.92782e-011	6.37373e-012	5.23041e-013	2.26023e-014	3.05146e-016	2.18384e-018	1.00563e-020	3.28878e-023	8.09583e-026	1.56283e-028	2.43411e-031	3.12686e-034	3.37134e-037	3.10413e-040	2.46165e-043	1.71005e-046	1.04921e-049	5.75656e-053	2.84349e-056	1.29509e-059	5.3694e-063	2.10023e-066	7.63766e-070	2.64108e-073	8.47401e-077	2.65023e-080	7.52157e-084	2.08981e-087	5.31071e-091	1.31651e-094	2.99717e-098	7.00557e-102	1.57918e-105	4.02923e-109	1.12536e-112	3.75151e-116	
Carex_capillaris	0	0	0	0	0	0	0	0	1	0	0	0	0	0	0	0	0	0	0	0	0	0	0	0	0	0	0	0	0	0	0	0	0	0	0	0	0	0	0	0	0	0	0	0	0	0	0	0	0	0	0	0	0	0	0	0	0	0	
Carex_halleriana	0	0	0	0	0	0	0	0	0	0	0	0	0	0	0	0	0	0	0	0	0	0	0	0	0	1	0	0	0	0	0	0	0	0	0	0	0	0	0	0	0	0	0	0	0	0	0	0	0	0	0	0	0	0	0	0	0	0	
Carex_baccans	0	0	0	0	0	0	0	0	0	0	0	0	0	0	0	0	0	0	0	0	0	0	1	0	0	0	0	0	0	0	0	0	0	0	0	0	0	0	0	0	0	0	0	0	0	0	0	0	0	0	0	0	0	0	0	0	0	0	
N46	1.01164e-009	1.00427e-008	1.15724e-007	1.15112e-006	9.39243e-006	6.18671e-005	0.000326505	0.00137632	0.00468244	0.0131608	0.0313695	0.0638885	0.109686	0.155736	0.180355	0.169149	0.128113	0.0787111	0.0390666	0.0160966	0.0055684	0.00179251	0.000511734	0.000225133	6.33414e-005	3.45268e-005	8.74042e-006	4.07586e-006	7.5334e-007	2.91613e-007	3.98652e-008	1.19216e-008	1.24087e-009	2.85335e-010	2.24305e-011	4.06771e-012	2.43708e-013	3.47819e-014	1.64759e-015	1.8997e-016	7.05211e-018	7.0475e-019	2.14935e-020	1.90798e-021	5.72749e-023	3.97945e-024	1.08754e-025	1.15644e-026	2.44792e-028	1.52919e-029	4.27148e-031	3.55438e-032	6.08043e-034	3.40204e-035	6.11712e-037	5.24659e-038	1.50847e-039	3.02727e-040	
Carex_echinochloe	0	0	0	0	0	0	0	0	0	0	0	0	0	0	0	0	0	0	0	0	1	0	0	0	0	0	0	0	0	0	0	0	0	0	0	0	0	0	0	0	0	0	0	0	0	0	0	0	0	0	0	0	0	0	0	0	0	0	
N47	1.24774e-012	1.4252e-011	2.11422e-010	2.82623e-009	3.19928e-008	3.01454e-007	2.3457e-006	1.49758e-005	7.85154e-005	0.000342053	0.00126766	0.00408404	0.0115079	0.0280425	0.0580447	0.100566	0.144451	0.171349	0.166851	0.134027	0.0889489	0.0495754	0.0233218	0.0104715	0.00404387	0.00184623	0.000699683	0.000318572	9.63255e-005	3.81355e-005	8.45459e-006	2.55393e-006	4.21737e-007	9.58045e-008	1.1471e-008	1.99858e-009	1.74834e-010	2.31621e-011	1.51187e-012	1.54307e-013	7.51961e-015	6.09751e-016	2.26243e-017	1.46592e-018	4.3994e-020	2.28979e-021	5.59264e-023	2.73322e-024	5.59273e-026	2.17891e-027	4.43951e-029	1.60641e-030	2.63356e-032	8.45009e-034	1.26845e-035	4.34631e-037	1.12535e-038	9.20016e-040	
N48	9.24876e-012	6.48305e-011	5.81329e-010	4.99353e-009	3.8698e-008	2.66122e-007	1.61431e-006	8.62004e-006	4.05443e-005	0.000168369	0.000618884	0.00201411	0.00578334	0.0145534	0.0318269	0.0600025	0.0968887	0.133403	0.15618	0.155379	0.131526	0.0950055	0.0589315	0.0317976	0.0151051	0.00650914	0.00262722	0.00101601	0.000377657	0.000150932	5.14384e-005	2.12623e-005	7.25159e-006	3.26012e-006	9.63792e-007	4.864e-007	1.21637e-007	5.5681e-008	1.20629e-008	4.73126e-009	8.44687e-010	2.86033e-010	4.23273e-011	1.21461e-011	1.51512e-012	3.70814e-013	3.89033e-014	8.35204e-015	7.49209e-016	1.41121e-016	1.12282e-017	1.8949e-018	1.34831e-019	2.13536e-020	1.41053e-021	2.22604e-022	2.84368e-023	2.10377e-023	
Carex_pendula	0	0	0	0	0	0	0	0	0	0	0	0	0	0	0	0	0	0	0	0	0	0	0	0	0	0	0	0	1	0	0	0	0	0	0	0	0	0	0	0	0	0	0	0	0	0	0	0	0	0	0	0	0	0	0	0	0	0	
N49	5.32231e-018	6.19893e-017	8.91523e-016	1.1886e-014	1.41384e-013	1.47803e-012	1.34554e-011	1.07101e-010	7.72244e-010	5.19119e-009	3.01978e-008	1.41292e-007	5.03759e-007	1.36439e-006	3.19062e-006	7.42354e-006	1.67209e-005	3.57576e-005	8.40265e-005	0.000236322	0.000668869	0.0016237	0.00351337	0.00828835	0.0221905	0.0556362	0.113237	0.177457	0.210337	0.187355	0.125002	0.0625307	0.0234735	0.00662586	0.00141275	0.000230218	2.88817e-005	2.86091e-006	2.27661e-007	1.49194e-008	8.18789e-010	3.94263e-011	1.62425e-012	6.10403e-014	2.01993e-015	6.11436e-017	1.6132e-018	4.02527e-020	8.50377e-022	1.7164e-023	2.9795e-025	4.94596e-027	7.10303e-029	1.03018e-030	1.35475e-032	2.00317e-034	3.17624e-036	8.06058e-038	
Carex_hostiana	0	0	0	0	0	0	0	0	0	0	0	0	0	0	0	0	0	0	0	0	0	0	0	0	0	0	0	1	0	0	0	0	0	0	0	0	0	0	0	0	0	0	0	0	0	0	0	0	0	0	0	0	0	0	0	0	0	0	
Carex_viridula	0	0	0	0	0	0	0	0	0	0	0	0	0	0	0	0	0	0	0	0	0	0	0	0	0	0	0	0	0	0	0	0	0	0	1	0	0	0	0	0	0	0	0	0	0	0	0	0	0	0	0	0	0	0	0	0	0	0	
N50	2.11329e-014	2.33861e-013	3.49339e-012	4.82035e-011	5.80296e-010	6.00895e-009	5.3222e-008	4.02176e-007	2.58755e-006	1.41335e-005	6.55202e-005	0.000258434	0.000875537	0.00259482	0.00688005	0.0164895	0.0353798	0.0664759	0.107065	0.145767	0.166408	0.15859	0.126047	0.0838903	0.0467856	0.0222446	0.00916233	0.00335993	0.00111232	0.000373436	0.000108573	3.46578e-005	9.20383e-006	2.64697e-006	5.57588e-007	1.42455e-007	2.31362e-008	4.73494e-009	6.04027e-010	9.71537e-011	9.41771e-012	1.20666e-012	8.94944e-014	9.0445e-015	5.22656e-016	4.20819e-017	1.8971e-018	1.24721e-019	4.45462e-021	2.39984e-022	7.02249e-024	3.15542e-025	7.63182e-027	3.00431e-028	6.40569e-030	2.43739e-031	8.57919e-033	9.84643e-034	
N51	1.72171e-013	9.9078e-013	7.58079e-012	5.64284e-011	3.82846e-010	2.33889e-009	1.28505e-008	6.35993e-008	2.841e-007	1.14662e-006	4.1839e-006	1.38275e-005	4.16216e-005	0.00011525	0.000297721	0.000728378	0.00171155	0.00389188	0.00851895	0.0176215	0.03362	0.0579004	0.0886156	0.119338	0.140427	0.143978	0.128532	0.0999019	0.067928	0.0412017	0.0222515	0.0114153	0.00574178	0.00298536	0.00151809	0.000893872	0.000420943	0.000224958	9.44233e-005	4.286e-005	1.4498e-005	5.69333e-006	1.55525e-006	5.04793e-007	1.13325e-007	3.04065e-008	5.52311e-009	1.2408e-009	1.83316e-010	3.44398e-011	4.18327e-012	6.63249e-013	6.64316e-014	9.08179e-015	7.7847e-016	1.02568e-016	1.32906e-017	6.76e-018	
Carex_punctata	0	0	0	0	0	0	0	0	0	0	0	0	0	0	0	0	0	0	0	0	0	0	0	0	0	0	0	0	0	0	0	0	0	1	0	0	0	0	0	0	0	0	0	0	0	0	0	0	0	0	0	0	0	0	0	0	0	0	
Carex_hochstetteriana	0	0	0	0	0	0	0	0	0	0	0	0	0	0	0	0	0	0	0	0	0	0	0	0	0	0	0	0	0	0	0	0	0	0	0	0	0	1	0	0	0	0	0	0	0	0	0	0	0	0	0	0	0	0	0	0	0	0	
N52	1.93722e-014	1.66731e-013	1.9353e-012	2.15517e-011	2.17852e-010	1.976e-009	1.60736e-008	1.17163e-007	7.52448e-007	4.14072e-006	1.91344e-005	7.42721e-005	0.000250056	0.000767703	0.00222627	0.00605652	0.0150012	0.0328922	0.0625962	0.102028	0.14107	0.164356	0.160654	0.13143	0.0898921	0.0514278	0.0246556	0.00993341	0.00337979	0.000978596	0.000242729	5.22757e-005	9.91657e-006	1.67165e-006	2.53683e-007	3.58057e-008	4.49207e-009	5.37457e-010	5.89344e-011	6.16687e-012	5.67558e-013	5.72949e-014	4.46394e-015	4.02277e-016	2.76136e-017	2.14597e-018	1.19386e-019	8.03951e-021	3.61941e-022	2.01305e-023	7.48074e-025	3.44579e-026	1.04559e-027	4.09292e-029	1.06255e-030	3.90703e-032	1.32347e-033	1.22525e-034	
Carex_comans	0	0	0	0	0	0	0	0	0	0	0	0	0	0	0	0	0	0	0	1	0	0	0	0	0	0	0	0	0	0	0	0	0	0	0	0	0	0	0	0	0	0	0	0	0	0	0	0	0	0	0	0	0	0	0	0	0	0	
N53	3.03678e-014	2.22042e-013	2.1426e-012	1.9755e-011	1.64006e-010	1.21437e-009	8.02656e-009	4.75044e-008	2.52548e-007	1.20904e-006	5.22801e-006	2.04942e-005	7.32299e-005	0.00024029	0.000731102	0.00207693	0.00549387	0.0133271	0.0290039	0.0554801	0.0918362	0.130158	0.156869	0.16012	0.13799	0.100368	0.0617022	0.0320675	0.0141707	0.00550015	0.00183461	0.000602078	0.000203254	7.76679e-005	2.61136e-005	1.42009e-005	3.89729e-006	1.88632e-006	4.65703e-007	1.90629e-007	3.55732e-008	1.33048e-008	1.95919e-009	6.07716e-010	7.35846e-011	1.87401e-011	1.83474e-012	3.88214e-013	3.10262e-014	5.43083e-015	3.58213e-016	5.22235e-017	2.84948e-018	3.51895e-019	1.6089e-020	1.75045e-021	1.01519e-022	4.00347e-023	
Carex_extensa	0	0	0	0	0	0	0	0	0	0	0	0	0	0	0	0	0	0	0	0	0	0	0	0	0	0	0	0	0	1	0	0	0	0	0	0	0	0	0	0	0	0	0	0	0	0	0	0	0	0	0	0	0	0	0	0	0	0	
Carex_distans	0	0	0	0	0	0	0	0	0	0	0	0	0	0	0	0	0	0	0	0	0	0	0	0	0	0	0	0	0	0	0	0	0	0	1	0	0	0	0	0	0	0	0	0	0	0	0	0	0	0	0	0	0	0	0	0	0	0	
N54	1.4823e-010	1.36954e-009	1.63941e-008	1.76461e-007	1.60025e-006	1.20107e-005	7.39691e-005	0.000371528	0.0015217	0.00511828	0.0143284	0.0337487	0.0669516	0.111102	0.152721	0.172702	0.16012	0.122746	0.0772923	0.0419802	0.0199011	0.0096855	0.00432381	0.00282824	0.00120855	0.000782913	0.000277433	0.00014374	3.73337e-005	1.53374e-005	2.91345e-006	9.15921e-007	1.2919e-007	3.11117e-008	3.2329e-009	6.14578e-010	4.74612e-011	7.06515e-012	4.27825e-013	5.18455e-014	2.45429e-015	2.62317e-016	1.05026e-017	1.01436e-018	3.97937e-020	2.93883e-021	1.02113e-022	9.36725e-024	2.48641e-025	1.45225e-026	3.96344e-028	2.54438e-029	4.89849e-031	2.18496e-032	3.92833e-034	2.12921e-035	5.40194e-037	6.63119e-038	
N55	2.12946e-009	1.01056e-008	6.15316e-008	3.67458e-007	2.01285e-006	9.92176e-006	4.3678e-005	0.000171065	0.000594571	0.00183054	0.00498402	0.0119782	0.0253475	0.0471018	0.0766415	0.108922	0.134975	0.145767	0.13722	0.11288	0.0814897	0.0519567	0.0295727	0.0153227	0.00731902	0.00333596	0.00146804	0.000632568	0.000259279	0.000108985	4.02735e-005	1.6168e-005	5.60051e-006	2.2266e-006	6.96932e-007	2.80773e-007	7.77568e-008	2.8743e-008	7.01423e-009	2.28852e-009	4.73776e-010	1.37553e-010	2.42478e-011	6.18668e-012	9.52732e-013	2.15898e-013	2.9091e-014	6.05474e-015	7.31349e-016	1.38413e-016	1.56074e-017	2.70496e-018	2.808e-019	4.59951e-020	4.5966e-021	8.06478e-022	1.5843e-022	1.16544e-022	
Carex_scirpoidea	0	0	0	0	0	0	0	0	0	0	0	0	0	0	0	0	0	0	0	0	0	0	0	0	0	0	0	0	0	0	1	0	0	0	0	0	0	0	0	0	0	0	0	0	0	0	0	0	0	0	0	0	0	0	0	0	0	0	
Carex_debilis	0	0	0	0	0	0	0	0	0	0	0	0	0	0	0	0	0	0	0	0	0	0	0	0	0	0	1	0	0	0	0	0	0	0	0	0	0	0	0	0	0	0	0	0	0	0	0	0	0	0	0	0	0	0	0	0	0	0	
N56	4.40271e-011	3.16517e-010	2.97283e-009	2.57617e-008	1.93807e-007	1.25423e-006	6.9829e-006	3.35179e-005	0.000139259	0.000503888	0.00160157	0.00450554	0.011252	0.0248641	0.0482161	0.0812432	0.117921	0.146609	0.155359	0.140445	0.108602	0.072384	0.0420863	0.0225602	0.0109368	0.00554058	0.00265696	0.00140657	0.000605318	0.000325938	0.000114618	5.43017e-005	1.57603e-005	6.27502e-006	1.42409e-006	4.75702e-007	8.43782e-008	2.28507e-008	3.21813e-009	7.07528e-010	7.86375e-011	1.43588e-011	1.27688e-012	1.93973e-013	1.43816e-014	1.83959e-015	1.14675e-016	1.33642e-017	7.22884e-019	7.20075e-020	3.7454e-021	3.37089e-022	1.52161e-023	1.28912e-024	5.38955e-026	4.76957e-027	3.79196e-028	1.1717e-028	
N57	3.60297e-014	2.5541e-013	2.32944e-012	2.07656e-011	1.71858e-010	1.30152e-009	8.94893e-009	5.61088e-008	3.2906e-007	1.8162e-006	9.15994e-006	4.09713e-005	0.00015825	0.000512466	0.00135281	0.00285948	0.00487935	0.00710884	0.00993096	0.0147933	0.023678	0.0385944	0.0610718	0.0903167	0.120439	0.141266	0.143569	0.125466	0.0940254	0.0605396	0.0334062	0.0159353	0.00659418	0.00238951	0.000762639	0.000222776	5.76645e-005	1.41698e-005	3.14889e-006	6.62422e-007	1.21829e-007	2.19283e-008	3.24699e-009	4.72338e-010	5.66765e-011	6.61807e-012	6.27099e-013	5.99911e-014	4.53175e-015	3.52234e-016	2.16901e-017	1.38908e-018	7.0065e-020	3.83606e-021	1.69908e-022	9.1077e-024	5.19959e-025	7.07575e-026	
Carex_grayi	0	0	0	0	0	0	0	0	0	0	0	0	0	0	0	0	0	0	0	0	0	0	0	0	0	1	0	0	0	0	0	0	0	0	0	0	0	0	0	0	0	0	0	0	0	0	0	0	0	0	0	0	0	0	0	0	0	0	
N58	1.21726e-017	1.05127e-016	1.26589e-015	1.49639e-014	1.63461e-013	1.62417e-012	1.45493e-011	1.16945e-010	8.46912e-010	5.55781e-009	3.27743e-008	1.70566e-007	7.70688e-007	2.9597e-006	9.36306e-006	2.35568e-005	4.61077e-005	7.14536e-005	9.55574e-005	0.000126744	0.000187558	0.000319848	0.000622066	0.00136934	0.0033223	0.00833852	0.0199282	0.0424684	0.0777108	0.119945	0.154377	0.165571	0.148172	0.110851	0.0701498	0.0400186	0.019622	0.00956924	0.00427377	0.0018408	0.000644984	0.000239245	6.12692e-005	1.69162e-005	3.31477e-006	6.85391e-007	9.79349e-008	1.58804e-008	1.69763e-009	2.11846e-010	1.75211e-011	1.71063e-012	1.09811e-013	8.64124e-015	4.51906e-016	3.17429e-017	2.05485e-018	3.95504e-019	
Carex_saxatilis	0	0	0	0	0	0	0	0	0	0	0	0	0	0	0	0	0	0	0	0	0	0	0	0	0	0	0	0	0	0	0	0	0	0	0	0	0	0	1	0	0	0	0	0	0	0	0	0	0	0	0	0	0	0	0	0	0	0	
N59	1.50522e-043	3.84067e-040	8.27198e-037	1.21292e-033	1.53984e-031	4.0028e-029	9.57917e-027	9.05918e-024	4.81811e-021	4.16792e-022	6.46857e-022	1.8033e-019	3.17753e-019	8.56009e-021	1.93592e-018	1.24353e-015	4.99243e-013	1.05808e-010	7.09082e-010	3.75284e-012	1.28576e-014	1.39767e-014	3.67579e-012	5.47357e-010	1.57278e-008	3.1644e-010	1.28748e-012	2.13939e-015	3.63869e-018	1.05156e-017	9.62192e-015	7.26235e-012	3.75761e-009	1.2434e-006	0.000236999	0.0217449	0.647469	0.327715	0.00282459	7.94058e-006	1.08377e-008	8.63432e-012	4.4672e-015	1.61924e-018	4.35065e-022	9.01791e-026	1.50152e-029	2.10887e-033	2.49253e-037	2.63824e-041	2.54037e-045	2.21142e-049	1.79157e-053	1.50538e-057	1.23206e-061	1.15064e-065	1.12116e-069	1.11693e-073	
Carex_membranacea	0	0	0	0	0	0	0	0	0	0	0	0	0	0	0	0	0	0	0	0	0	0	0	0	0	0	0	0	0	0	0	0	0	0	0	0	0	1	0	0	0	0	0	0	0	0	0	0	0	0	0	0	0	0	0	0	0	0	
Carex_rostrata	0	0	0	0	0	0	0	0	0	0	0	0	0	0	0	0	0	0	0	0	0	0	0	0	0	0	0	0	0	0	0	0	0	0	0	0	1	0	0	0	0	0	0	0	0	0	0	0	0	0	0	0	0	0	0	0	0	0	
N60	2.149e-015	2.24623e-014	3.14267e-013	4.1867e-012	4.99799e-011	5.23097e-010	4.74982e-009	3.73789e-008	2.56508e-007	1.53488e-006	7.97751e-006	3.562e-005	0.000133911	0.00041566	0.00106364	0.00232092	0.00466425	0.00933076	0.0188149	0.0364879	0.0647036	0.101459	0.137619	0.159225	0.155568	0.127884	0.0882996	0.0512323	0.0250476	0.0104388	0.00369642	0.00114312	0.000309711	7.53852e-005	1.62499e-005	3.35396e-006	5.86766e-007	1.00327e-007	1.44035e-008	1.98909e-009	2.20703e-010	2.47755e-011	2.10952e-012	1.85323e-013	1.2357e-014	8.52569e-016	4.38921e-017	2.43082e-018	9.7808e-020	4.33756e-021	1.39459e-022	5.02399e-024	1.2998e-025	3.93439e-027	8.726e-029	2.51232e-030	7.14881e-032	4.76091e-033	
N61	5.91572e-015	4.22946e-014	4.05942e-013	3.82114e-012	3.33133e-011	2.66078e-010	1.93988e-009	1.28586e-008	7.71664e-008	4.1759e-007	2.03233e-006	8.87085e-006	3.46286e-005	0.000120754	0.000377886	0.001075	0.00282702	0.00693926	0.0158003	0.0327373	0.0603352	0.0970245	0.134255	0.158351	0.158226	0.133441	0.0948014	0.0567078	0.0285849	0.0121673	0.00438632	0.00134513	0.00035289	7.96783e-005	1.56054e-005	2.67981e-006	4.05301e-007	5.48476e-008	6.78996e-009	7.65458e-010	8.14247e-011	9.14818e-012	9.12452e-013	1.02646e-013	1.1485e-014	1.25425e-015	1.16801e-016	1.40702e-017	1.08541e-018	1.16141e-019	8.34817e-021	7.96909e-022	4.77617e-023	4.28775e-024	2.31613e-025	2.12037e-026	1.85766e-027	5.02212e-028	
Carex_rariflora	0	0	0	0	0	0	0	0	0	0	0	0	0	0	0	0	0	0	0	0	0	0	0	0	0	1	0	0	0	0	0	0	0	0	0	0	0	0	0	0	0	0	0	0	0	0	0	0	0	0	0	0	0	0	0	0	0	0	
Carex_magellanica	0	0	0	0	0	0	0	0	0	0	0	0	0	0	0	0	0	0	0	0	0	0	0	0	0	0	0	0	1	0	0	0	0	0	0	0	0	0	0	0	0	0	0	0	0	0	0	0	0	0	0	0	0	0	0	0	0	0	
N62	5.95219e-018	6.25633e-017	8.81731e-016	1.16556e-014	1.37612e-013	1.44013e-012	1.32886e-011	1.08175e-010	7.96594e-010	5.46058e-009	3.39403e-008	1.83684e-007	8.46573e-007	3.26509e-006	1.04505e-005	2.79555e-005	6.36647e-005	0.000126314	0.000231573	0.000437834	0.000898459	0.00186387	0.00375169	0.00771392	0.0167212	0.0357933	0.0688875	0.112757	0.153474	0.172424	0.1589	0.120598	0.0758758	0.0398956	0.0179193	0.00746777	0.00270992	0.000990825	0.00032382	9.95034e-005	2.45316e-005	6.17056e-006	1.10462e-006	2.06442e-007	2.81511e-008	3.96556e-009	4.00044e-010	4.41175e-011	3.36588e-012	2.88258e-013	1.70953e-014	1.15644e-015	5.36648e-017	2.94938e-018	1.11964e-019	5.51724e-021	2.52121e-022	3.22752e-023	
Carex_shimidzensis	0	0	0	0	0	0	0	0	0	0	0	0	0	0	0	0	0	0	0	0	0	0	0	0	0	0	0	0	0	0	0	0	0	1	0	0	0	0	0	0	0	0	0	0	0	0	0	0	0	0	0	0	0	0	0	0	0	0	
N63	7.41235e-033	8.92265e-031	1.38731e-028	1.90121e-026	1.63683e-024	1.54897e-022	1.19549e-020	6.2894e-019	9.76875e-018	1.30935e-017	1.18142e-016	1.72165e-015	2.53903e-014	8.54418e-013	3.02907e-011	7.3082e-010	8.8381e-009	3.83561e-008	4.43024e-008	1.54008e-008	9.1024e-009	4.03807e-008	2.08482e-007	5.34241e-007	5.90539e-007	3.74715e-007	4.05597e-007	2.47227e-006	3.18558e-005	0.00034807	0.002781	0.0156329	0.0601137	0.153675	0.253751	0.263393	0.167558	0.0647627	0.0153998	0.00230166	0.000229073	1.68281e-005	8.83116e-007	3.77968e-008	1.28204e-009	3.33678e-011	6.55645e-013	1.16302e-014	1.39149e-016	1.58715e-018	1.32302e-020	1.03999e-022	5.92616e-025	3.57299e-027	1.60243e-029	8.64126e-032	4.42664e-034	3.17146e-036	
N64	2.10453e-038	4.35265e-036	9.03238e-034	1.38838e-031	1.38057e-029	1.32515e-027	1.0357e-025	6.71395e-024	2.36418e-022	1.03922e-021	2.27994e-020	6.60085e-019	1.05593e-017	5.38422e-016	2.53794e-014	7.44292e-013	1.1159e-011	6.11223e-011	7.69787e-011	2.84359e-011	1.89881e-011	6.93532e-011	3.24382e-010	1.09702e-009	1.8054e-009	1.52361e-009	1.1029e-009	4.36025e-009	5.71181e-008	1.14263e-006	2.55899e-005	0.000428376	0.00468378	0.0315702	0.124639	0.272917	0.314573	0.18506	0.0561145	0.009112	0.000829595	4.437e-005	1.46164e-006	3.12951e-008	4.93287e-010	7.29443e-012	1.54849e-013	5.36186e-015	1.0941e-016	1.96602e-018	3.60674e-020	3.50024e-022	3.10892e-024	2.8232e-026	1.52234e-028	1.12838e-030	1.45435e-032	2.81577e-034	
Carex_nigra	0	0	0	0	0	0	0	0	0	0	0	0	0	0	0	0	0	0	0	0	0	0	0	0	0	0	0	0	0	0	0	0	0	0	0	0	0	0	0	0	1	0	0	0	0	0	0	0	0	0	0	0	0	0	0	0	0	0	
N65	7.78347e-045	3.27993e-042	1.38809e-039	4.54296e-037	9.41965e-035	2.13919e-032	3.83694e-030	5.17077e-028	3.26146e-026	1.72808e-025	6.81112e-024	3.47439e-022	5.49926e-021	3.69894e-019	2.60077e-017	1.08042e-015	2.1666e-014	1.39906e-013	1.51608e-013	3.48751e-014	1.52745e-014	8.57387e-014	7.03813e-013	3.20717e-012	5.42813e-012	3.41181e-012	1.69122e-012	8.63479e-012	5.45905e-010	3.82877e-008	1.98043e-006	6.6531e-005	0.00135053	0.0155267	0.0940741	0.276553	0.361893	0.198813	0.0464834	0.00496607	0.000263667	7.52493e-006	1.23653e-007	1.24156e-009	8.03002e-012	3.52276e-014	1.13281e-016	4.1851e-019	3.12871e-021	3.54712e-023	6.49591e-025	4.88533e-027	3.30636e-029	2.96056e-031	1.09557e-033	4.79516e-036	3.806e-038	4.55715e-040	
Carex_aquatilis_var_minor	0	0	0	0	0	0	0	0	0	0	0	0	0	0	0	0	0	0	0	0	0	0	0	0	0	0	0	0	0	0	0	0	0	0	0	0	0	1	0	0	0	0	0	0	0	0	0	0	0	0	0	0	0	0	0	0	0	0	
N66	1.2118e-048	6.71797e-046	3.68917e-043	1.57772e-040	4.91889e-038	1.34106e-035	2.75909e-033	3.89309e-031	2.38948e-029	1.8603e-028	7.38667e-027	4.06079e-025	1.3587e-023	1.13115e-021	7.83784e-020	3.15954e-018	6.1602e-017	3.91104e-016	3.94961e-016	8.16414e-017	3.4023e-017	1.99118e-016	2.14107e-015	1.18864e-014	2.43898e-014	2.6512e-014	2.785e-014	1.94402e-013	2.25968e-011	2.92821e-009	2.57538e-007	1.416e-005	0.000456381	0.00799429	0.0693692	0.266346	0.398696	0.212515	0.0412152	0.00327133	0.000120462	2.29265e-006	2.46285e-008	1.6033e-010	6.70216e-013	1.8949e-015	4.04869e-018	2.3242e-020	3.64313e-022	5.12108e-024	1.1606e-025	9.70344e-028	6.73925e-030	6.70862e-032	2.42673e-034	9.83444e-037	7.01556e-039	7.94059e-041	
Carex_aquatilis_var_aquatilis	0	0	0	0	0	0	0	0	0	0	0	0	0	0	0	0	0	0	0	0	0	0	0	0	0	0	0	0	0	0	0	0	0	0	0	0	0	1	0	0	0	0	0	0	0	0	0	0	0	0	0	0	0	0	0	0	0	0	
N67	2.56819e-058	1.29982e-054	5.51231e-051	1.60724e-047	8.41014e-045	5.61853e-042	2.40336e-039	2.66662e-036	1.20034e-033	2.06891e-033	2.20605e-032	6.22394e-030	1.30506e-028	2.71154e-028	6.94969e-026	1.67229e-023	2.01421e-021	6.10234e-020	9.4976e-020	3.87622e-021	3.06433e-022	3.52567e-021	6.92731e-019	4.90701e-017	6.50883e-016	8.05025e-016	3.9575e-016	4.35489e-016	2.86649e-015	1.56347e-012	6.44922e-010	1.55006e-007	1.9917e-005	0.00122151	0.0305799	0.249763	0.490468	0.211019	0.0165634	0.000362167	2.97675e-006	1.11677e-008	2.1851e-011	2.4558e-014	1.70534e-017	7.7572e-021	2.4819e-024	1.02674e-027	1.45681e-030	2.81405e-033	7.23014e-036	8.16225e-039	7.48345e-042	8.11551e-045	3.90776e-048	1.9925e-051	1.34075e-053	1.25258e-053	
Carex_paleacea	0	0	0	0	0	0	0	0	0	0	0	0	0	0	0	0	0	0	0	0	0	0	0	0	0	0	0	0	0	0	0	0	0	0	0	1	0	0	0	0	0	0	0	0	0	0	0	0	0	0	0	0	0	0	0	0	0	0	
N68	1.55036e-056	1.30164e-055	8.95457e-054	1.29066e-050	1.26541e-047	9.44631e-045	4.64253e-042	1.31139e-039	1.38941e-037	1.28239e-036	3.55479e-035	4.14687e-033	2.67609e-031	4.46507e-029	1.01143e-026	1.23249e-024	6.28213e-023	8.43753e-022	1.09063e-021	1.00968e-022	2.56296e-023	1.91015e-022	1.53366e-020	6.76379e-019	6.97952e-018	1.50242e-017	3.01909e-017	4.36668e-017	6.09512e-016	3.28149e-013	1.68699e-010	5.11751e-008	8.30668e-006	0.000641467	0.0200597	0.202761	0.495974	0.257884	0.0221636	0.000503377	4.16295e-006	1.54193e-008	2.94581e-011	3.2129e-014	2.23677e-017	7.37843e-020	1.10094e-021	1.20245e-022	3.05163e-024	2.20429e-026	8.23056e-028	5.59157e-030	2.02217e-032	1.87699e-034	2.29626e-037	4.7984e-040	1.04697e-042	1.41572e-044	
Carex_aquatilis	0	0	0	0	0	0	0	0	0	0	0	0	0	0	0	0	0	0	0	0	0	0	0	0	0	0	0	0	0	0	0	0	0	0	0	0	0	1	0	0	0	0	0	0	0	0	0	0	0	0	0	0	0	0	0	0	0	0	
Carex_recta	0	0	0	0	0	0	0	0	0	0	0	0	0	0	0	0	0	0	0	0	0	0	0	0	0	0	0	0	0	0	0	0	0	0	0	0	0	1	0	0	0	0	0	0	0	0	0	0	0	0	0	0	0	0	0	0	0	0	
N69	2.5756e-032	1.59674e-030	1.14186e-028	6.766e-027	3.20704e-025	1.18609e-023	3.26708e-022	6.33833e-021	8.84973e-020	1.24329e-018	2.75324e-017	7.25651e-016	1.85938e-014	4.0409e-013	6.47801e-012	6.7945e-011	4.07442e-010	1.21059e-009	1.69372e-009	1.45991e-009	1.60917e-009	3.70625e-009	1.105e-008	2.68721e-008	5.06545e-008	8.59002e-008	1.89643e-007	1.17348e-006	1.43377e-005	0.000170366	0.00153533	0.00976862	0.0424398	0.12253	0.229205	0.27159	0.20028	0.0913187	0.0259106	0.00464781	0.00054156	4.26379e-005	2.35175e-006	9.54505e-008	3.80343e-009	2.3799e-010	2.43374e-011	5.46941e-012	4.06415e-013	2.90866e-014	3.14194e-015	1.10296e-016	4.40637e-018	2.28128e-019	3.93304e-021	1.06283e-022	6.59814e-024	1.41377e-024	
Carex_kiotensis	0	0	0	0	0	0	0	0	0	0	0	0	0	0	0	0	0	0	0	0	0	0	0	0	0	0	0	0	0	0	0	0	0	0	0	0	1	0	0	0	0	0	0	0	0	0	0	0	0	0	0	0	0	0	0	0	0	0	
Carex_heterolepis	0	0	0	0	0	0	0	0	0	0	0	0	0	0	0	0	0	0	0	0	0	0	0	0	0	0	0	0	0	0	0	0	0	0	0	0	0	0	0	1	0	0	0	0	0	0	0	0	0	0	0	0	0	0	0	0	0	0	
