NODE	1	2	3	4	5	6	7	8	9	10	11	12	13	14	15	16	17	18	19	20	21	22	23	24	25	26	27	28	29	30	31	32	33	34	35	36	37	38	39	40	41	42	43	44	45	46	47	48	49	50	51	52	53	54	55	56	57	58	59	60	61	62	
N1	0.00754119	0.0086602	0.0108898	0.0142687	0.0187954	0.0243551	0.0306866	0.0374046	0.0440367	0.0501016	0.0551607	0.0588844	0.0610704	0.0616623	0.060729	0.0584451	0.0550541	0.0508363	0.0460781	0.0410472	0.0359773	0.031057	0.0264286	0.0221883	0.0183928	0.0150642	0.0121988	0.00977287	0.00775034	0.00608757	0.00473818	0.00365595	0.00279737	0.00212322	0.00159913	0.00119555	0.000887609	0.000654685	0.000479972	0.000349945	0.000253878	0.000183353	0.00013185	9.44226e-005	6.73525e-005	4.78642e-005	3.38969e-005	2.39299e-005	1.6847e-005	1.18337e-005	8.29879e-006	5.8153e-006	4.0765e-006	2.86309e-006	2.0191e-006	1.43413e-006	1.03048e-006	7.53818e-007	5.66565e-007	4.43227e-007	3.67381e-007	3.30091e-007	
N2	0.00640033	0.00786953	0.0102657	0.0137065	0.0182402	0.0239073	0.0301059	0.0368298	0.0435076	0.0494868	0.0544904	0.058464	0.0604777	0.0612119	0.0604683	0.0581812	0.0548263	0.0509503	0.046059	0.0412012	0.0362922	0.0313804	0.0267722	0.0227448	0.0188434	0.0155991	0.0127794	0.0103273	0.00827043	0.00666365	0.00522072	0.0041333	0.00324418	0.00252343	0.00194755	0.00153122	0.0011604	0.000901588	0.000693261	0.000531768	0.000403787	0.000317072	0.000237098	0.000184752	0.000141482	0.000108923	8.24462e-005	6.54468e-005	4.88446e-005	3.85759e-005	2.97645e-005	2.34712e-005	1.82487e-005	1.52248e-005	1.21666e-005	1.05938e-005	9.28158e-006	8.59243e-006	8.11611e-006	8.22314e-006	8.39368e-006	9.17062e-006	
N3	0.0513526	0.0587636	0.0676916	0.0770663	0.0853575	0.0915205	0.0927393	0.0901046	0.0833512	0.0731731	0.0612643	0.0492334	0.0375116	0.0275111	0.0193516	0.0130316	0.00844308	0.00529513	0.00317729	0.00185106	0.00104301	0.000567363	0.000299319	0.000154106	7.64668e-005	3.71358e-005	1.75674e-005	8.08051e-006	3.62948e-006	1.60258e-006	6.86003e-007	2.89419e-007	1.19629e-007	4.8379e-008	1.92111e-008	7.54313e-009	2.8853e-009	1.09366e-009	4.07946e-010	1.49614e-010	5.40942e-011	1.94139e-011	6.81564e-012	2.37881e-012	8.19413e-013	2.78462e-013	9.35259e-014	3.12374e-014	1.02391e-014	3.3406e-015	1.07755e-015	3.4365e-016	1.08478e-016	3.40714e-017	1.05329e-017	3.2433e-018	9.89833e-019	3.00014e-019	9.08575e-020	2.80751e-020	9.31078e-021	4.15982e-021	
N4	0.0649703	0.0790469	0.0984339	0.118183	0.131362	0.132893	0.119091	0.0956638	0.0685319	0.0437154	0.0250214	0.0129707	0.00603318	0.00256593	0.000997488	0.000354634	0.000116298	3.55665e-005	1.00049e-005	2.649e-006	6.57631e-007	1.52969e-007	3.35981e-008	7.06979e-009	1.39029e-009	2.64256e-010	4.79851e-011	8.32033e-012	1.38527e-012	2.26531e-013	3.48336e-014	5.306e-015	7.79916e-016	1.11172e-016	1.5338e-017	2.12098e-018	2.75075e-019	3.60267e-020	4.55702e-021	5.65616e-022	6.79073e-023	8.28032e-024	9.43211e-025	1.0988e-025	1.23277e-026	1.371e-027	1.47348e-028	1.62628e-029	1.67876e-030	1.79308e-031	1.85298e-032	1.92896e-033	1.9614e-034	2.07606e-035	2.10084e-036	2.22377e-037	2.32198e-038	2.46842e-039	2.60568e-040	2.83725e-041	3.1354e-042	4.8558e-043	
Carex_lingii	0	0	0	0	0	1	0	0	0	0	0	0	0	0	0	0	0	0	0	0	0	0	0	0	0	0	0	0	0	0	0	0	0	0	0	0	0	0	0	0	0	0	0	0	0	0	0	0	0	0	0	0	0	0	0	0	0	0	0	0	0	0	
N5	0.0526822	0.0710573	0.100979	0.134441	0.157046	0.157326	0.131306	0.0928615	0.0554993	0.0280537	0.0121358	0.0045757	0.00147567	0.000422925	0.000107246	2.41327e-005	4.87757e-006	9.24389e-007	1.53237e-007	2.46299e-008	3.65522e-009	5.13303e-010	6.6806e-011	9.10474e-012	1.04649e-012	1.30977e-013	1.47218e-014	1.67259e-015	1.68799e-016	1.91432e-017	1.72814e-018	1.79699e-019	1.58932e-020	1.50317e-021	1.21741e-022	1.15194e-023	8.44955e-025	7.37121e-026	5.42687e-027	4.39553e-028	3.00598e-029	2.45593e-030	1.55496e-031	1.19618e-032	7.73675e-034	5.51816e-035	3.37362e-036	2.50979e-037	1.41955e-038	9.86416e-040	5.83157e-041	3.84894e-042	2.14849e-043	1.47435e-044	7.84762e-046	5.24454e-047	3.04379e-048	2.06783e-049	1.34514e-050	1.0772e-051	8.27276e-053	9.70218e-054	
N6	0.0476306	0.0666311	0.0993927	0.137631	0.164131	0.164543	0.134888	0.092269	0.0526506	0.0250915	0.0101307	0.00357886	0.00105955	0.000285334	6.82931e-005	1.48489e-005	2.90627e-006	6.24715e-007	1.03098e-007	2.1383e-008	3.65098e-009	7.09955e-010	1.05783e-010	2.24976e-011	2.83205e-012	5.50293e-013	7.05593e-014	1.2125e-014	1.36005e-015	2.42547e-016	2.42278e-017	3.9452e-018	4.06036e-019	5.84856e-020	5.66353e-021	9.23844e-022	7.66618e-023	1.07969e-023	1.05956e-024	1.44184e-025	1.24045e-026	1.82752e-027	1.46058e-028	2.08586e-029	1.80193e-030	2.15872e-031	1.83491e-032	2.75107e-033	1.90843e-034	2.3393e-035	1.97522e-036	2.51238e-037	1.80463e-038	2.29733e-039	1.62616e-040	2.08783e-041	1.4896e-042	1.66766e-043	1.43068e-044	2.22548e-045	2.69854e-046	7.28033e-047	
Carex_grandiligulata	0	0	0	0	0	1	0	0	0	0	0	0	0	0	0	0	0	0	0	0	0	0	0	0	0	0	0	0	0	0	0	0	0	0	0	0	0	0	0	0	0	0	0	0	0	0	0	0	0	0	0	0	0	0	0	0	0	0	0	0	0	0	
Carex_pachygyna	0	0	0	0	0	1	0	0	0	0	0	0	0	0	0	0	0	0	0	0	0	0	0	0	0	0	0	0	0	0	0	0	0	0	0	0	0	0	0	0	0	0	0	0	0	0	0	0	0	0	0	0	0	0	0	0	0	0	0	0	0	0	
Carex_siderosticta	0	0	0	0	0	1	0	0	0	0	0	0	0	0	0	0	0	0	0	0	0	0	0	0	0	0	0	0	0	0	0	0	0	0	0	0	0	0	0	0	0	0	0	0	0	0	0	0	0	0	0	0	0	0	0	0	0	0	0	0	0	0	
Carex_scaposa	0	0	0	0	0	0	0	0	0	0	0	1	0	0	0	0	0	0	0	0	0	0	0	0	0	0	0	0	0	0	0	0	0	0	0	0	0	0	0	0	0	0	0	0	0	0	0	0	0	0	0	0	0	0	0	0	0	0	0	0	0	0	
N7	0.000395777	0.00054612	0.000851458	0.00138393	0.0022359	0.00352886	0.00528406	0.00763197	0.0105626	0.0139826	0.0178254	0.0221046	0.0262477	0.0304925	0.0344731	0.0378779	0.0406843	0.043175	0.0443673	0.0452535	0.04541	0.044757	0.0435203	0.0423059	0.0400007	0.0379633	0.0356478	0.0331019	0.0304658	0.0282867	0.0255415	0.0233429	0.0211297	0.0189973	0.0169366	0.0153184	0.0134326	0.0119878	0.0105848	0.00931532	0.00812225	0.00721592	0.00620936	0.00546236	0.00475266	0.0041385	0.00357504	0.0031597	0.00271524	0.00239531	0.00209891	0.00185338	0.00163296	0.00147489	0.00131031	0.00119528	0.00109163	0.00101091	0.000944406	0.000908639	0.000883793	0.000897471	
N8	1.08722e-011	6.57658e-011	4.72004e-010	2.95015e-009	1.5495e-008	6.81993e-008	2.53933e-007	8.21224e-007	2.34884e-006	6.01101e-006	1.41458e-005	3.10161e-005	6.3024e-005	0.000120948	0.000219442	0.000375644	0.000610196	0.000947306	0.00139516	0.00199233	0.00276713	0.00374765	0.00498311	0.00655023	0.00838696	0.0106403	0.0133016	0.0163674	0.0199146	0.0241449	0.0286586	0.0338781	0.0394663	0.0450897	0.0505136	0.05578	0.0593976	0.0621372	0.0631456	0.0622235	0.0595525	0.0558566	0.0503487	0.0445526	0.0383072	0.0320164	0.0260389	0.0207828	0.0159831	0.0120644	0.00884692	0.00630658	0.00437005	0.0029649	0.00194172	0.00124738	0.00078151	0.000480329	0.00029251	0.000181453	0.000119009	9.15626e-005	
N9	5.28994e-013	2.78356e-012	2.13628e-011	1.54247e-010	9.57915e-010	5.02868e-009	2.24747e-008	8.70376e-008	2.97243e-007	9.05001e-007	2.50066e-006	6.33529e-006	1.47855e-005	3.21421e-005	6.55123e-005	0.000125514	0.00022754	0.000392422	0.000645147	0.00102213	0.00156935	0.00233973	0.00340177	0.00483104	0.00666765	0.00899437	0.0118615	0.0152865	0.0193531	0.0241505	0.0295519	0.0356586	0.0422785	0.048978	0.0554133	0.0611414	0.0651896	0.0675174	0.0677151	0.0656122	0.0616296	0.0563211	0.0497593	0.0429	0.0360019	0.0293247	0.023239	0.0179708	0.0133899	0.009725	0.00684728	0.0046515	0.00306325	0.00197299	0.00121951	0.000745834	0.00045255	0.000275954	0.00017518	0.00012015	8.89476e-005	7.86142e-005	
N10	2.50921e-013	1.25153e-012	9.40089e-012	6.73213e-011	4.17892e-010	2.22201e-009	1.01971e-008	4.09707e-008	1.46122e-007	4.67219e-007	1.35606e-006	3.60643e-006	8.8485e-006	2.01954e-005	4.31806e-005	8.69649e-005	0.000166024	0.000301848	0.000524091	0.000873665	0.00140425	0.00218317	0.00329671	0.00484629	0.00693196	0.0096612	0.0131184	0.0173469	0.0223894	0.0282667	0.0349075	0.0422592	0.0500864	0.0579024	0.0651303	0.0710161	0.0746468	0.0755654	0.0735109	0.0685571	0.0613705	0.0527657	0.0434796	0.0344426	0.0262276	0.0191684	0.0134764	0.00912444	0.005931	0.00371998	0.00225373	0.001319	0.000750965	0.000418661	0.000228548	0.000123629	6.64387e-005	3.54672e-005	1.8994e-005	1.04093e-005	6.10827e-006	4.34222e-006	
Trichophorum_alpinum	0	0	0	0	0	0	0	0	0	0	0	0	0	0	0	0	0	0	0	0	0	0	0	0	0	0	0	0	1	0	0	0	0	0	0	0	0	0	0	0	0	0	0	0	0	0	0	0	0	0	0	0	0	0	0	0	0	0	0	0	0	0	
Trichophorum_pumilum	0	0	0	0	0	0	0	0	0	0	0	0	0	0	0	0	0	0	0	0	0	0	0	0	0	0	0	0	0	0	0	0	0	0	0	0	0	0	1	0	0	0	0	0	0	0	0	0	0	0	0	0	0	0	0	0	0	0	0	0	0	0	
Trichophorum_cespitosum	0	0	0	0	0	0	0	0	0	0	0	0	0	0	0	0	0	0	0	0	0	0	0	0	0	0	0	0	0	0	0	0	0	0	0	0	0	0	0	0	0	0	0	0	0	0	0	0	0	0	0	1	0	0	0	0	0	0	0	0	0	0	
Trichophorum_uniflorum	0	0	0	0	0	0	0	0	0	0	0	0	0	0	0	0	0	0	0	0	0	0	0	0	0	0	0	0	0	0	0	0	0	0	0	0	1	0	0	0	0	0	0	0	0	0	0	0	0	0	0	0	0	0	0	0	0	0	0	0	0	0	
N11	7.2215e-005	0.000108702	0.000191331	0.00035276	0.000644795	0.00114431	0.00192189	0.003089	0.00473043	0.00689186	0.00961666	0.0129447	0.016669	0.0208299	0.0252287	0.0295859	0.0337872	0.0378066	0.0410404	0.0438322	0.0459342	0.0471425	0.0476283	0.0476729	0.0466715	0.0454066	0.0436797	0.0414357	0.0389282	0.0364737	0.0335069	0.0307435	0.0279435	0.025094	0.0223342	0.0198663	0.0173	0.015077	0.0130128	0.0111098	0.00940349	0.00797207	0.00661857	0.00551225	0.00454945	0.00372283	0.00302369	0.00246373	0.00197078	0.00158369	0.00126315	0.00100192	0.000790341	0.000626058	0.000489696	0.00038589	0.000304182	0.00024149	0.000194464	0.000161871	0.000139986	0.000130401	
N12	3.78543e-009	1.95635e-008	1.27208e-007	7.18507e-007	3.41284e-006	1.37935e-005	4.76434e-005	0.000142937	0.000373157	0.000862924	0.00185256	0.00384686	0.00779461	0.0155316	0.0296869	0.0526353	0.0840827	0.118366	0.143449	0.150078	0.135177	0.104915	0.070801	0.0419554	0.0217959	0.010094	0.00418387	0.00155829	0.000526639	0.000163038	4.60434e-005	1.2051e-005	2.92638e-006	6.60553e-007	1.39635e-007	2.78599e-008	5.20836e-009	9.26143e-010	1.56402e-010	2.50965e-011	3.84757e-012	5.67299e-013	7.97192e-014	1.08265e-014	1.41627e-015	1.78449e-016	2.17408e-017	2.57527e-018	2.93839e-019	3.26944e-020	3.5334e-021	3.70895e-022	3.79124e-023	3.79143e-024	3.67833e-025	3.49843e-026	3.24956e-027	2.9482e-028	2.61789e-029	2.28799e-030	1.99892e-031	2.39097e-032	
Scirpus_lineatus	0	0	0	0	0	0	0	0	0	0	0	0	0	0	0	0	0	1	0	0	0	0	0	0	0	0	0	0	0	0	0	0	0	0	0	0	0	0	0	0	0	0	0	0	0	0	0	0	0	0	0	0	0	0	0	0	0	0	0	0	0	0	
Scirpus_pendulus	0	0	0	0	0	0	0	0	0	0	0	0	0	0	0	0	0	0	0	1	0	0	0	0	0	0	0	0	0	0	0	0	0	0	0	0	0	0	0	0	0	0	0	0	0	0	0	0	0	0	0	0	0	0	0	0	0	0	0	0	0	0	
N13	3.47097e-014	4.84826e-013	7.46762e-012	8.75647e-011	7.86443e-010	5.47638e-009	3.0278e-008	1.36612e-007	5.23613e-007	1.75217e-006	5.28413e-006	1.45596e-005	3.64989e-005	8.38715e-005	0.000175356	0.000332579	0.000582195	0.000962736	0.00151779	0.00234309	0.00355143	0.00527887	0.00772422	0.0112038	0.0158784	0.0223153	0.0307756	0.0412284	0.0534229	0.0668943	0.078876	0.0888555	0.0943897	0.094032	0.0879893	0.0780428	0.0640433	0.0499071	0.0364906	0.0250302	0.0161549	0.00995146	0.00569604	0.00312745	0.00162346	0.000799146	0.000373647	0.000168643	7.14695e-005	2.93655e-005	1.15137e-005	4.32811e-006	1.55849e-006	5.45055e-007	1.8085e-007	5.83894e-008	1.80986e-008	5.41359e-009	1.56456e-009	4.47277e-010	1.32806e-010	5.42814e-011	
N14	2.0588e-015	1.84939e-014	2.65952e-013	3.43529e-012	3.59773e-011	3.0202e-010	2.06669e-009	1.17622e-008	5.70054e-008	2.39082e-007	8.82554e-007	2.8971e-006	8.5141e-006	2.25646e-005	5.43261e-005	0.000119735	0.000244592	0.000468985	0.000852974	0.00148905	0.00251415	0.00412282	0.00659297	0.0102965	0.0156542	0.0231457	0.033115	0.0455167	0.0598072	0.074688	0.087959	0.0974547	0.101183	0.0980072	0.0885795	0.0747165	0.0585582	0.0428628	0.0293244	0.0186905	0.0111762	0.00631497	0.00332851	0.00167363	0.000805958	0.000366067	0.000161197	7.07943e-005	2.89123e-005	1.20345e-005	4.99953e-006	1.96352e-006	7.70459e-007	3.18338e-007	1.17434e-007	4.73979e-008	1.94501e-008	8.209e-009	3.68476e-009	1.85934e-009	1.01156e-009	7.51933e-010	
N15	2.40129e-015	2.19571e-014	3.04987e-013	3.81021e-012	3.88246e-011	3.19397e-010	2.1527e-009	1.21278e-008	5.83292e-008	2.43372e-007	8.94455e-007	2.92488e-006	8.56737e-006	2.26462e-005	5.44199e-005	0.000119876	0.000244984	0.000470225	0.000856678	0.00149813	0.00253369	0.00416211	0.00666613	0.0104207	0.0158553	0.0234417	0.0335088	0.0459963	0.0603208	0.0751378	0.0882828	0.0975637	0.101036	0.0976623	0.0881036	0.0741693	0.0580752	0.0424639	0.0290311	0.0185044	0.0110694	0.00626135	0.00330688	0.00166666	0.000811249	0.000370045	0.000164933	7.66466e-005	3.13526e-005	1.38925e-005	6.85043e-006	2.73933e-006	1.18543e-006	7.51653e-007	2.40504e-007	1.37625e-007	7.47794e-008	3.24506e-008	1.25445e-008	1.18041e-008	6.8351e-009	2.60086e-008	
Scirpus_maximowiczii	0	0	0	0	0	0	0	0	0	0	0	0	0	0	0	0	0	0	0	0	0	0	0	0	0	0	0	0	0	0	0	1	0	0	0	0	0	0	0	0	0	0	0	0	0	0	0	0	0	0	0	0	0	0	0	0	0	0	0	0	0	0	
N16	1.63012e-015	1.81126e-014	2.76649e-013	3.52798e-012	3.57954e-011	2.88254e-010	1.87343e-009	1.01994e-008	4.88574e-008	2.09682e-007	8.14512e-007	2.81531e-006	8.46992e-006	2.22068e-005	5.22159e-005	0.000114086	0.000239041	0.000486866	0.00097014	0.00191643	0.00378281	0.00743308	0.0142629	0.0260154	0.0439557	0.067653	0.0938387	0.116512	0.129377	0.128561	0.114276	0.0912926	0.0657565	0.0427575	0.0252586	0.0136301	0.00671328	0.00304991	0.00128427	0.000500804	0.000183001	6.32467e-005	2.04726e-005	6.34647e-006	1.88688e-006	5.33501e-007	1.45793e-007	3.88957e-008	9.84731e-009	2.44872e-009	5.91221e-010	1.37398e-010	3.10823e-011	6.91617e-012	1.46778e-012	3.07024e-013	6.22306e-014	1.22338e-014	2.3372e-015	4.4187e-016	8.49452e-017	2.26819e-017	
N17	4.30407e-017	6.44097e-016	1.32984e-014	2.2109e-013	2.86476e-012	2.90871e-011	2.36969e-010	1.6006e-009	9.32216e-009	4.78436e-008	2.17672e-007	8.62317e-007	2.92927e-006	8.60712e-006	2.2586e-005	5.45455e-005	0.000124238	0.000272052	0.000585922	0.0012738	0.00281676	0.006255	0.0135455	0.0275731	0.0509067	0.0830259	0.117699	0.143797	0.151191	0.137049	0.10732	0.0730524	0.0434867	0.0227084	0.0105028	0.00434511	0.00160552	0.000540653	0.000168355	4.79984e-005	1.2994e-005	3.44515e-006	8.41614e-007	2.0658e-007	5.03145e-008	1.12835e-008	2.48999e-009	5.58438e-010	1.08158e-010	2.16335e-011	4.09749e-012	7.2627e-013	1.22504e-013	2.17336e-014	3.34539e-015	5.67661e-016	9.1554e-017	1.56736e-017	2.62004e-018	4.74752e-019	8.42016e-020	2.18778e-020	
Scirpus_polyphyllus	0	0	0	0	0	0	0	0	0	0	0	0	0	0	0	0	0	0	0	0	0	0	0	0	0	0	0	0	1	0	0	0	0	0	0	0	0	0	0	0	0	0	0	0	0	0	0	0	0	0	0	0	0	0	0	0	0	0	0	0	0	0	
N18	1.52542e-027	7.67462e-025	3.14104e-022	3.91077e-020	3.77578e-018	4.2768e-016	3.73563e-015	7.34247e-014	5.2076e-013	3.90086e-012	1.82833e-010	5.64711e-009	4.09517e-008	4.60228e-008	8.43382e-008	5.54167e-007	2.78719e-006	4.9573e-006	3.1897e-006	3.37883e-006	1.98331e-005	0.000236804	0.00324728	0.0282169	0.129007	0.288002	0.312636	0.17398	0.0535279	0.00985025	0.0011618	9.33878e-005	5.37983e-006	2.30742e-007	7.66095e-009	2.03788e-010	4.42203e-012	8.14547e-014	1.3121e-015	1.84966e-017	2.3832e-019	2.87952e-021	3.09728e-023	3.16524e-025	3.02318e-027	2.58373e-029	2.06296e-031	1.57406e-033	1.05215e-035	6.85576e-038	4.16095e-040	2.36628e-042	1.27301e-044	6.88646e-047	3.4013e-049	1.73065e-051	8.38959e-054	4.0728e-056	1.89191e-058	8.84878e-061	3.88989e-063	1.89193e-065	
N19	1.00713e-030	7.11196e-028	3.73766e-025	9.48995e-023	1.40571e-020	1.17776e-018	2.8033e-017	7.44525e-016	1.16246e-014	3.37448e-013	1.58288e-011	3.55754e-010	2.0227e-009	3.59348e-009	1.20065e-008	8.55421e-008	3.77106e-007	5.42034e-007	3.90885e-007	6.99377e-007	7.57647e-006	0.000181067	0.00346146	0.035556	0.169038	0.342289	0.298298	0.122	0.0258318	0.00309732	0.000226985	1.08455e-005	3.56681e-007	8.45187e-009	1.52063e-010	2.60336e-012	5.30663e-014	1.77578e-015	1.16031e-016	2.99662e-018	8.85841e-020	3.33598e-021	4.57946e-023	8.69263e-025	1.81232e-026	1.55238e-028	1.97863e-030	3.05738e-032	1.96184e-034	4.44423e-036	3.65472e-038	1.09122e-039	7.08717e-042	2.23547e-043	1.17214e-045	3.09229e-047	1.34931e-049	2.91566e-051	1.08426e-053	1.9718e-055	8.83449e-058	2.26575e-059	
Scirpus_atrovirens	0	0	0	0	0	0	0	0	0	0	0	0	0	0	0	0	0	0	0	0	0	0	0	0	1	0	0	0	0	0	0	0	0	0	0	0	0	0	0	0	0	0	0	0	0	0	0	0	0	0	0	0	0	0	0	0	0	0	0	0	0	0	
Scirpus_georgianus	0	0	0	0	0	0	0	0	0	0	0	0	0	0	0	0	0	0	0	0	0	0	0	0	0	1	0	0	0	0	0	0	0	0	0	0	0	0	0	0	0	0	0	0	0	0	0	0	0	0	0	0	0	0	0	0	0	0	0	0	0	0	
N20	6.26292e-049	2.70244e-043	6.12976e-038	6.55744e-035	1.32196e-031	3.42367e-027	1.77836e-023	3.63891e-024	6.59171e-020	1.2877e-022	4.37249e-022	5.83605e-018	1.87433e-014	2.89696e-012	2.06554e-015	2.4462e-016	3.57328e-013	1.94919e-009	3.25764e-009	3.26576e-012	1.44363e-015	1.09839e-017	2.06719e-015	3.07764e-011	2.23971e-007	0.00066094	0.531158	0.467686	0.000494376	1.59348e-007	2.38111e-011	2.04394e-015	1.26404e-019	7.05767e-024	4.51514e-028	3.0595e-032	1.40328e-036	5.35553e-041	1.66075e-045	3.24627e-050	5.2834e-055	7.08905e-060	6.04165e-065	4.66473e-070	2.84461e-075	1.43568e-080	5.45466e-086	1.96007e-091	3.5088e-097	4.46772e-103	1.54983e-109	7.77006e-073	4.07937e-033	4.2276e-033	3.15064e-033	2.98615e-033	2.10079e-033	1.87893e-033	1.33325e-033	1.35103e-033	1.33049e-033	1.8667e-033	
Scirpus_flaccidifolius	0	0	0	0	0	0	0	0	0	0	0	0	0	0	0	0	0	0	0	0	0	0	0	0	0	0	1	0	0	0	0	0	0	0	0	0	0	0	0	0	0	0	0	0	0	0	0	0	0	0	0	0	0	0	0	0	0	0	0	0	0	0	
Scirpus_pallidus	0	0	0	0	0	0	0	0	0	0	0	0	0	0	0	0	0	0	0	0	0	0	0	0	0	0	0	1	0	0	0	0	0	0	0	0	0	0	0	0	0	0	0	0	0	0	0	0	0	0	0	0	0	0	0	0	0	0	0	0	0	0	
Scirpus_ancistrochaetus	0	0	0	0	0	0	0	0	0	0	0	0	0	0	0	0	0	0	0	0	0	0	0	0	0	0	1	0	0	0	0	0	0	0	0	0	0	0	0	0	0	0	0	0	0	0	0	0	0	0	0	0	0	0	0	0	0	0	0	0	0	0	
N21	6.98898e-015	5.7628e-014	6.81815e-013	7.07814e-012	6.05206e-011	4.26128e-010	2.51012e-009	1.25216e-008	5.42814e-008	2.09178e-007	7.32203e-007	2.35808e-006	7.01427e-006	1.91609e-005	4.76615e-005	0.000107769	0.000224064	0.000435495	0.000804402	0.00142862	0.00245244	0.00407886	0.00660163	0.0104687	0.016309	0.0249355	0.0370386	0.0526214	0.0705602	0.0883329	0.102292	0.109365	0.107814	0.0977887	0.0819401	0.0636787	0.0457686	0.0307454	0.0193942	0.0114549	0.00642362	0.00345874	0.00176009	0.000871696	0.000419993	0.000193693	8.72917e-005	3.89099e-005	1.63773e-005	6.85279e-006	2.79478e-006	1.09835e-006	4.22718e-007	1.62448e-007	5.94131e-008	2.18247e-008	7.82126e-009	2.75164e-009	9.50181e-010	3.32834e-010	1.22367e-010	6.1104e-011	
Scirpus_radicans	0	0	0	0	0	0	0	0	0	0	0	0	0	0	0	0	0	0	0	0	0	0	0	0	0	0	0	1	0	0	0	0	0	0	0	0	0	0	0	0	0	0	0	0	0	0	0	0	0	0	0	0	0	0	0	0	0	0	0	0	0	0	
N22	1.28825e-017	1.98883e-016	4.17393e-015	7.01746e-014	9.14535e-013	9.36562e-012	7.69422e-011	5.03353e-010	2.76598e-009	1.33431e-008	5.83681e-008	2.40283e-007	9.31446e-007	3.23406e-006	9.61914e-006	2.43462e-005	5.41824e-005	0.000110968	0.000216547	0.000403282	0.000708627	0.00117929	0.00191856	0.0032185	0.00575014	0.0108152	0.0204013	0.0365904	0.0601476	0.0886576	0.11567	0.133305	0.135737	0.122018	0.0975132	0.0697686	0.0445768	0.0258437	0.0137095	0.00662072	0.00297558	0.00126701	0.000495746	0.000187149	6.782e-005	2.28741e-005	7.41912e-006	2.36464e-006	6.80111e-007	1.94086e-007	5.27094e-008	1.34903e-008	3.31671e-009	8.23792e-010	1.88001e-010	4.43375e-011	1.01145e-011	2.30047e-012	5.08881e-013	1.14578e-013	2.58753e-014	8.26484e-015	
N23	5.604e-020	1.37281e-018	4.35089e-017	1.04464e-015	1.88283e-014	2.59627e-013	2.79549e-012	2.30494e-011	1.57457e-010	9.32259e-010	4.93754e-009	2.5171e-008	1.22476e-007	5.11823e-007	1.69943e-006	4.50624e-006	1.03509e-005	2.26737e-005	4.92393e-005	0.000100936	0.000184147	0.000299369	0.000470729	0.000831867	0.00182287	0.00471584	0.0124954	0.0300505	0.0616097	0.104935	0.147182	0.170128	0.162713	0.129359	0.0862315	0.0486545	0.0233647	0.0096896	0.00351709	0.00112133	0.000321849	8.52854e-005	2.05154e-005	4.72256e-006	1.0541e-006	2.16955e-007	4.34784e-008	8.61263e-009	1.50562e-009	2.61078e-010	4.31601e-011	6.474e-012	9.34562e-013	1.36093e-013	1.76837e-014	2.41992e-015	3.22964e-016	4.34268e-017	5.75096e-018	7.8359e-019	1.03194e-019	1.91459e-020	
Scirpus_sylvaticus	0	0	0	0	0	0	0	0	0	0	0	0	0	0	0	0	0	0	0	0	0	0	0	0	0	0	0	0	0	0	1	0	0	0	0	0	0	0	0	0	0	0	0	0	0	0	0	0	0	0	0	0	0	0	0	0	0	0	0	0	0	0	
Scirpus_microcarpus	0	0	0	0	0	0	0	0	0	0	0	0	0	0	0	0	0	0	0	0	0	0	0	0	0	0	0	0	0	0	0	1	0	0	0	0	0	0	0	0	0	0	0	0	0	0	0	0	0	0	0	0	0	0	0	0	0	0	0	0	0	0	
Scirpus_expansus	0	0	0	0	0	0	0	0	0	0	0	0	0	0	0	0	0	0	0	0	0	0	0	0	0	0	0	0	0	0	0	1	0	0	0	0	0	0	0	0	0	0	0	0	0	0	0	0	0	0	0	0	0	0	0	0	0	0	0	0	0	0	
N24	8.54349e-015	8.11444e-014	1.0938e-012	1.24247e-011	1.12749e-010	8.23283e-010	4.94468e-009	2.49351e-008	1.08086e-007	4.09475e-007	1.37937e-006	4.17487e-006	1.14213e-005	2.84069e-005	6.4592e-005	0.000135117	0.000263133	0.00048305	0.000845237	0.00142661	0.00234119	0.00375253	0.00589853	0.00910652	0.0137652	0.0203437	0.0292404	0.0405675	0.0540227	0.0686127	0.0824026	0.0933139	0.0992212	0.0985623	0.0915304	0.0795343	0.0643061	0.0487453	0.0347031	0.0230857	0.0145105	0.00872006	0.00490349	0.00267787	0.00142662	0.000722718	0.000362168	0.000186178	8.80522e-005	4.34225e-005	2.12611e-005	9.8199e-006	4.48515e-006	2.15953e-006	9.18988e-007	4.28497e-007	1.98773e-007	9.52874e-008	4.71172e-008	2.57118e-008	1.46404e-008	1.10213e-008	
N25	2.12839e-015	1.95005e-014	2.51451e-013	2.79813e-012	2.53019e-011	1.86456e-010	1.14411e-009	5.89006e-009	2.59097e-008	1.00204e-007	3.51387e-007	1.13606e-006	3.44081e-006	9.796e-006	2.57988e-005	6.16711e-005	0.000133417	0.000264129	0.000488421	0.000861476	0.00146875	0.00242475	0.0038732	0.00600255	0.00908486	0.0136074	0.0202972	0.0299837	0.0432412	0.0597409	0.077598	0.0938692	0.105073	0.108228	0.10283	0.0903945	0.0732427	0.0552952	0.039076	0.025761	0.0160734	0.00960176	0.00539603	0.00294142	0.00155288	0.000780572	0.00038143	0.000183508	8.28464e-005	3.70372e-005	1.60586e-005	6.68506e-006	2.71443e-006	1.09832e-006	4.21336e-007	1.62144e-007	6.06991e-008	2.22799e-008	8.00912e-009	2.91897e-009	1.11356e-009	5.71746e-010	
Scirpus_polystachyus	0	0	0	0	0	0	0	0	0	0	0	0	0	0	0	0	0	0	0	0	0	0	0	0	0	0	0	0	0	1	0	0	0	0	0	0	0	0	0	0	0	0	0	0	0	0	0	0	0	0	0	0	0	0	0	0	0	0	0	0	0	0	
N26	1.19802e-017	1.67721e-016	3.24981e-015	5.13351e-014	6.35515e-013	6.24568e-012	5.01076e-011	3.27629e-010	1.77977e-009	8.37194e-009	3.53131e-008	1.3669e-007	5.01096e-007	1.73605e-006	5.4567e-006	1.49984e-005	3.5869e-005	7.63106e-005	0.000149978	0.000280597	0.000505037	0.000865909	0.00140456	0.00218281	0.00335243	0.00531758	0.00891817	0.0155659	0.0270738	0.0448155	0.0682407	0.093962	0.116008	0.127775	0.125901	0.111425	0.088414	0.0636142	0.0417934	0.0249901	0.0138444	0.00721757	0.00346411	0.00159532	0.000707015	0.000292287	0.000117007	4.63176e-005	1.66014e-005	5.93637e-006	2.03898e-006	6.54094e-007	2.02901e-007	6.39253e-008	1.83319e-008	5.50678e-009	1.61577e-009	4.75487e-010	1.37809e-010	4.12422e-011	1.25174e-011	5.33024e-012	
Scirpus_longii	0	0	0	0	0	0	0	0	0	0	0	0	0	0	0	0	0	0	0	0	0	0	0	0	0	0	0	0	0	0	0	0	1	0	0	0	0	0	0	0	0	0	0	0	0	0	0	0	0	0	0	0	0	0	0	0	0	0	0	0	0	0	
N27	1.28463e-021	4.58467e-020	1.9851e-018	6.16984e-017	1.36354e-015	2.25571e-014	2.98576e-013	2.86961e-012	1.99149e-011	1.2027e-010	6.31848e-010	2.91911e-009	1.48252e-008	8.10105e-008	3.80172e-007	1.33224e-006	3.40431e-006	6.92284e-006	1.35242e-005	2.90456e-005	6.49517e-005	0.000129586	0.000210766	0.000283072	0.000353252	0.000530215	0.00116402	0.00332398	0.00976044	0.0254694	0.05557	0.0993688	0.144919	0.17241	0.168298	0.135793	0.0910181	0.0513237	0.0246305	0.0101119	0.00362194	0.0011543	0.000325371	8.43246e-005	2.04136e-005	4.50223e-006	9.43304e-007	1.90935e-007	3.45417e-008	6.07058e-009	1.01141e-009	1.53151e-010	2.21885e-011	3.17544e-012	4.11052e-013	5.41664e-014	6.915e-015	8.61408e-016	1.0438e-016	1.26129e-017	1.46635e-018	2.33689e-019	
Scirpus_pedicellatus	0	0	0	0	0	0	0	0	0	0	0	0	0	0	0	0	0	0	0	0	0	0	0	0	0	0	0	0	0	0	0	0	0	1	0	0	0	0	0	0	0	0	0	0	0	0	0	0	0	0	0	0	0	0	0	0	0	0	0	0	0	0	
N28	5.79887e-027	7.02402e-025	8.49906e-023	6.41812e-021	2.9414e-019	9.62496e-018	2.78122e-016	4.93755e-015	4.29529e-014	3.99829e-013	2.94713e-012	1.23067e-011	8.60316e-011	1.00248e-009	9.36627e-009	5.10669e-008	1.36351e-007	2.00973e-007	3.28051e-007	1.01683e-006	3.97468e-006	1.0982e-005	1.76955e-005	1.72211e-005	1.21006e-005	1.15164e-005	3.55953e-005	0.000262789	0.00199555	0.0113164	0.0445853	0.11882	0.211079	0.249194	0.197802	0.108089	0.0418609	0.0118629	0.00253778	0.000420889	5.58439e-005	6.14344e-006	5.72071e-007	4.78778e-008	3.83265e-009	2.84567e-010	2.10858e-011	1.56496e-012	9.97762e-014	6.16734e-015	3.60437e-016	1.77121e-017	8.31953e-019	3.79376e-020	1.47458e-021	5.9019e-023	2.33818e-024	9.07648e-026	3.60602e-027	1.4818e-028	5.71683e-030	2.74733e-031	
Scirpus_atrocinctus	0	0	0	0	0	0	0	0	0	0	0	0	0	0	0	0	0	0	0	0	0	0	0	0	0	0	0	0	0	0	0	0	0	1	0	0	0	0	0	0	0	0	0	0	0	0	0	0	0	0	0	0	0	0	0	0	0	0	0	0	0	0	
Scirpus_cyperinus	0	0	0	0	0	0	0	0	0	0	0	0	0	0	0	0	0	0	0	0	0	0	0	0	0	0	0	0	0	0	0	0	1	0	0	0	0	0	0	0	0	0	0	0	0	0	0	0	0	0	0	0	0	0	0	0	0	0	0	0	0	0	
N29	1.11259e-015	1.11012e-014	1.58794e-013	1.9218e-012	1.86856e-011	1.46487e-010	9.4277e-010	5.08606e-009	2.38144e-008	9.88966e-008	3.712e-007	1.26507e-006	3.8789e-006	1.06119e-005	2.59982e-005	5.78826e-005	0.000119977	0.000235999	0.000446391	0.000821614	0.00148801	0.00268373	0.00484846	0.00872838	0.0153833	0.0260214	0.0414446	0.0611926	0.0830281	0.102961	0.116179	0.119385	0.111792	0.0953546	0.0743944	0.0532879	0.035004	0.021263	0.0119953	0.00627659	0.00308029	0.00143133	0.000623522	0.000260783	0.000105134	4.03605e-005	1.50791e-005	5.55646e-006	1.93789e-006	6.71936e-007	2.28219e-007	7.45951e-008	2.39995e-008	7.73333e-009	2.37104e-009	7.32248e-010	2.21238e-010	6.53587e-011	1.89318e-011	5.51829e-012	1.66378e-012	6.93004e-013	
N30	1.14892e-020	5.23802e-019	2.70365e-017	9.28285e-016	2.19553e-014	3.985e-013	5.40357e-012	3.92962e-011	2.56379e-010	1.47544e-009	7.35082e-009	4.56084e-008	2.72966e-007	1.19196e-006	3.58008e-006	7.88694e-006	1.59847e-005	3.69141e-005	9.132e-005	0.00020284	0.000387158	0.000709996	0.00151039	0.0039559	0.0108229	0.0266874	0.0558585	0.0972227	0.140038	0.166975	0.165079	0.136127	0.0941988	0.054964	0.0272948	0.0116408	0.00427824	0.00137425	0.000389803	9.77612e-005	2.21019e-005	4.58101e-006	8.58574e-007	1.51074e-007	2.51115e-008	3.85158e-009	5.63408e-010	7.98754e-011	1.02694e-011	1.29006e-012	1.5433e-013	1.71993e-014	1.84259e-015	1.95998e-016	1.92225e-017	1.90724e-018	1.82746e-019	1.70993e-020	1.54872e-021	1.39699e-022	1.22985e-023	1.41691e-024	
N31	6.46757e-024	5.9031e-022	5.66278e-020	3.37515e-018	1.32127e-016	3.79514e-015	7.76243e-014	8.24369e-013	7.6694e-012	6.05515e-011	4.10475e-010	3.38668e-009	2.59353e-008	1.40207e-007	5.05978e-007	1.31655e-006	3.14928e-006	8.51347e-006	2.41231e-005	6.05698e-005	0.000131021	0.000278734	0.000710297	0.00225047	0.007361	0.021253	0.0506766	0.0973042	0.14924	0.182691	0.178948	0.141105	0.0902533	0.0471266	0.0203087	0.00731765	0.00220986	0.000572827	0.000131458	2.61142e-005	4.85399e-006	9.25274e-007	1.49163e-007	2.60172e-008	4.83577e-009	6.90004e-010	1.02006e-010	1.6557e-011	1.79243e-012	2.30264e-013	2.68572e-014	2.70954e-015	2.4667e-016	2.7986e-017	2.01715e-018	2.06559e-019	1.51731e-020	1.45939e-021	1.09412e-022	1.30279e-023	1.3671e-024	2.33258e-025	
Eriophorum_angustifolium	0	0	0	0	0	0	0	0	0	0	0	0	0	0	0	0	0	0	0	0	0	0	0	0	0	0	0	0	1	0	0	0	0	0	0	0	0	0	0	0	0	0	0	0	0	0	0	0	0	0	0	0	0	0	0	0	0	0	0	0	0	0	
N32	6.64165e-026	7.60398e-024	8.76136e-022	6.43845e-020	3.16411e-018	1.08339e-016	2.51836e-015	3.76044e-014	4.67206e-013	4.85154e-012	4.62621e-011	4.47479e-010	3.62646e-009	2.09187e-008	8.49099e-008	2.69606e-007	8.07881e-007	2.51027e-006	7.59874e-006	2.05417e-005	5.02848e-005	0.000128434	0.000399244	0.00149093	0.00560976	0.0182859	0.0480059	0.0986254	0.157193	0.19437	0.18723	0.14148	0.0845963	0.0403763	0.0155624	0.00491866	0.00128599	0.000287135	5.83747e-005	1.06514e-005	2.02104e-006	4.53236e-007	8.22821e-008	1.65265e-008	3.47741e-009	5.06337e-010	7.69371e-011	1.2337e-011	1.30381e-012	1.60283e-013	1.82541e-014	1.76377e-015	1.5749e-016	1.78264e-017	1.29306e-018	1.4025e-019	1.03297e-020	1.0898e-021	8.27401e-023	1.01143e-023	1.03595e-024	1.797e-025	
N33	7.80866e-027	1.12529e-024	1.56595e-022	1.27977e-020	7.01007e-019	2.75023e-017	6.57152e-016	7.3525e-015	9.63198e-014	8.10114e-013	7.79759e-012	1.29859e-010	1.82953e-009	1.40869e-008	4.93177e-008	1.14536e-007	4.10036e-007	2.03867e-006	7.78414e-006	1.67457e-005	2.05614e-005	2.45443e-005	6.74538e-005	0.00039488	0.00281802	0.0158328	0.0605137	0.150714	0.241167	0.24899	0.169127	0.0779282	0.0252267	0.00593287	0.00105098	0.000145567	1.62202e-005	1.53064e-006	1.2936e-007	9.86222e-009	7.20821e-010	5.11886e-011	3.20695e-012	1.89772e-013	1.03782e-014	4.87395e-016	2.12016e-017	8.68183e-019	3.04412e-020	1.03838e-021	3.29968e-023	9.76651e-025	2.75334e-026	7.96986e-028	2.0967e-029	5.85326e-031	1.54339e-032	4.16805e-034	1.06174e-035	2.75475e-037	6.65993e-039	1.96625e-040	
Eriophorum_callitrix	0	0	0	0	0	0	0	0	0	0	0	0	0	0	0	0	0	0	0	0	0	0	0	0	0	0	0	0	0	1	0	0	0	0	0	0	0	0	0	0	0	0	0	0	0	0	0	0	0	0	0	0	0	0	0	0	0	0	0	0	0	0	
N34	6.04991e-034	5.75251e-031	4.09892e-028	1.20134e-025	2.62502e-023	4.18805e-021	3.71295e-019	2.54977e-018	1.14928e-016	8.56793e-016	8.15194e-015	5.4354e-013	2.5933e-011	4.50192e-010	7.78597e-010	5.39466e-010	3.64121e-009	5.56664e-008	2.90624e-007	2.92668e-007	1.03063e-007	3.99767e-008	2.26366e-007	9.60991e-006	0.000348664	0.00707729	0.0704367	0.290402	0.39861	0.188802	0.0396142	0.00439507	0.00029016	1.23833e-005	3.63797e-007	7.76854e-009	1.26703e-010	1.71925e-012	2.33096e-014	3.32472e-016	5.59227e-018	1.02873e-019	1.41714e-021	1.87792e-023	2.34011e-025	2.11026e-027	1.84421e-029	1.54874e-031	9.59461e-034	6.17545e-036	3.76179e-038	2.02145e-040	1.0686e-042	6.8311e-045	3.42843e-047	2.30329e-049	1.2003e-051	7.96642e-054	4.22979e-056	2.81331e-058	1.58509e-060	1.09762e-062	
Scirpus_hattorianus	0	0	0	0	0	0	0	0	0	0	0	0	0	0	0	0	0	0	0	0	0	0	0	0	0	0	0	1	0	0	0	0	0	0	0	0	0	0	0	0	0	0	0	0	0	0	0	0	0	0	0	0	0	0	0	0	0	0	0	0	0	0	
Eriophorum_vaginatum	0	0	0	0	0	0	0	0	0	0	0	0	0	0	0	0	0	0	0	0	0	0	0	0	0	0	0	0	1	0	0	0	0	0	0	0	0	0	0	0	0	0	0	0	0	0	0	0	0	0	0	0	0	0	0	0	0	0	0	0	0	0	
N35	5.15785e-028	8.49009e-026	1.39008e-023	1.37153e-021	8.88259e-020	4.12842e-018	1.25298e-016	1.98225e-015	2.8734e-014	3.19829e-013	3.38161e-012	4.3004e-011	4.61551e-010	3.26138e-009	1.46361e-008	4.93974e-008	1.76091e-007	7.10587e-007	2.64958e-006	7.98906e-006	2.02427e-005	5.55513e-005	0.000207955	0.00096543	0.00438799	0.0166532	0.048893	0.107564	0.1756	0.2129	0.192881	0.131825	0.0687659	0.0277194	0.00876923	0.00222306	0.000460162	8.17027e-005	1.36325e-005	2.16683e-006	3.68971e-007	6.80209e-008	1.04222e-008	1.56376e-009	2.21684e-010	2.43579e-011	2.55381e-012	2.57278e-013	2.00587e-014	1.59446e-015	1.17509e-016	7.74849e-018	4.82167e-019	3.33285e-020	1.85715e-021	1.25432e-022	7.18144e-024	4.83196e-025	2.83846e-026	1.9363e-027	1.17924e-028	9.97273e-030	
N36	1.23767e-027	1.23337e-025	1.31108e-023	9.58029e-022	4.89962e-020	1.78693e-018	4.64889e-017	8.9269e-016	1.41896e-014	1.90119e-013	2.34019e-012	2.62234e-011	2.33104e-010	1.513e-009	7.47299e-009	3.20726e-008	1.34458e-007	5.35269e-007	1.85065e-006	5.45129e-006	1.51987e-005	4.97653e-005	0.000215912	0.00109274	0.00517389	0.0197845	0.0571685	0.12175	0.189941	0.217694	0.184716	0.117296	0.0564628	0.0208942	0.00603845	0.00138979	0.000260071	4.13885e-005	6.33092e-006	9.69295e-007	1.82114e-007	4.54023e-008	8.21771e-009	1.61172e-009	3.32319e-010	4.31337e-011	6.02687e-012	8.78236e-013	8.06574e-014	8.61359e-015	8.94081e-016	7.30673e-017	5.98013e-018	6.54181e-019	4.5431e-020	5.37435e-021	3.9183e-022	4.65384e-023	3.46845e-024	4.52833e-025	4.63101e-026	8.64518e-027	
Eriophorum_brachyantherum	0	0	0	0	0	0	0	0	0	0	0	0	0	0	0	0	0	0	0	0	0	0	0	0	0	0	0	0	1	0	0	0	0	0	0	0	0	0	0	0	0	0	0	0	0	0	0	0	0	0	0	0	0	0	0	0	0	0	0	0	0	0	
Eriophorum_scheuchzeri	0	0	0	0	0	0	0	0	0	0	0	0	0	0	0	0	0	0	0	0	0	0	0	0	0	0	0	0	1	0	0	0	0	0	0	0	0	0	0	0	0	0	0	0	0	0	0	0	0	0	0	0	0	0	0	0	0	0	0	0	0	0	
Eriophorum_chamissonis	0	0	0	0	0	0	0	0	0	0	0	0	0	0	0	0	0	0	0	0	0	0	0	0	0	0	0	0	0	1	0	0	0	0	0	0	0	0	0	0	0	0	0	0	0	0	0	0	0	0	0	0	0	0	0	0	0	0	0	0	0	0	
Eriophorum_latifolium	0	0	0	0	0	0	0	0	0	0	0	0	0	0	0	0	0	0	0	0	0	0	0	0	0	0	1	0	0	0	0	0	0	0	0	0	0	0	0	0	0	0	0	0	0	0	0	0	0	0	0	0	0	0	0	0	0	0	0	0	0	0	
N37	1.16473e-016	1.38135e-015	2.32086e-014	3.22664e-013	3.56238e-012	3.14377e-011	2.25375e-010	1.34201e-009	6.96117e-009	3.23056e-008	1.38259e-007	5.47641e-007	1.93645e-006	5.90974e-006	1.55897e-005	3.66781e-005	8.0116e-005	0.000164815	0.000318385	0.000580798	0.00103302	0.00189705	0.00374251	0.00785028	0.016543	0.0328556	0.058691	0.0917718	0.124278	0.145344	0.146731	0.128562	0.0982776	0.0657561	0.038863	0.0204664	0.00961305	0.0040909	0.00159253	0.000566426	0.000187803	5.89265e-005	1.7155e-005	4.80231e-006	1.28951e-006	3.25033e-007	7.87738e-008	1.85876e-008	4.05489e-009	8.67817e-010	1.78231e-010	3.48546e-011	6.59853e-012	1.24012e-012	2.19706e-013	3.90105e-014	6.70825e-015	1.1296e-015	1.84578e-016	3.00067e-017	4.87414e-018	1.12099e-018	
Eriophorum_virginicum	0	0	0	0	0	0	0	0	0	0	0	0	0	0	0	0	0	0	0	0	0	0	0	0	0	0	0	0	1	0	0	0	0	0	0	0	0	0	0	0	0	0	0	0	0	0	0	0	0	0	0	0	0	0	0	0	0	0	0	0	0	0	
Eriophorum_gracile	0	0	0	0	0	0	0	0	0	0	0	0	0	0	0	0	0	0	0	0	0	0	0	0	0	0	0	0	0	1	0	0	0	0	0	0	0	0	0	0	0	0	0	0	0	0	0	0	0	0	0	0	0	0	0	0	0	0	0	0	0	0	
N38	0.000684466	0.000997366	0.00165644	0.0028229	0.00469433	0.00751062	0.0112762	0.0161823	0.0220983	0.0287055	0.0357341	0.0430347	0.049498	0.0554005	0.0601024	0.0631242	0.0645215	0.0646612	0.0626122	0.0595954	0.0554264	0.0502479	0.0445743	0.0389648	0.0330118	0.0276022	0.0226067	0.0180952	0.0142034	0.0110203	0.0082981	0.00618678	0.00452689	0.00324682	0.00228899	0.00160054	0.00108851	0.000735663	0.000489208	0.000320039	0.000206358	0.000132372	8.28718e-005	5.17003e-005	3.18136e-005	1.93211e-005	1.15927e-005	6.93054e-006	4.0582e-006	2.37008e-006	1.36784e-006	7.80982e-007	4.41309e-007	2.48583e-007	1.37732e-007	7.62275e-008	4.19134e-008	2.30275e-008	1.27774e-008	7.37395e-009	4.61134e-009	3.46897e-009	
N39	1.65413e-005	3.1473e-005	7.54839e-005	0.000185993	0.000435721	0.000951996	0.00190163	0.00353595	0.00611777	0.00986542	0.0149682	0.0215881	0.0293535	0.0383003	0.0478848	0.0572915	0.0659261	0.0734058	0.0778881	0.0799775	0.0789389	0.0745532	0.0676152	0.0593359	0.049357	0.039796	0.0308155	0.0228478	0.0162961	0.0113327	0.00746464	0.00481647	0.00299817	0.00180048	0.00104586	0.000599864	0.000325892	0.000175778	9.18132e-005	4.66647e-005	2.30181e-005	1.13403e-005	5.2901e-006	2.47897e-006	1.12705e-006	5.03192e-007	2.18793e-007	9.60916e-008	4.01399e-008	1.70468e-008	7.07304e-009	2.92324e-009	1.18837e-009	4.92599e-010	1.97336e-010	8.07786e-011	3.26355e-011	1.32403e-011	5.3623e-012	2.26161e-012	1.03004e-012	6.25097e-013	
Blysmus_compressus	0	0	0	0	0	0	0	0	0	0	0	0	0	0	0	0	0	0	0	0	0	1	0	0	0	0	0	0	0	0	0	0	0	0	0	0	0	0	0	0	0	0	0	0	0	0	0	0	0	0	0	0	0	0	0	0	0	0	0	0	0	0	
Blysmus_rufus	0	0	0	0	0	0	0	0	0	0	0	0	0	0	0	0	0	0	0	1	0	0	0	0	0	0	0	0	0	0	0	0	0	0	0	0	0	0	0	0	0	0	0	0	0	0	0	0	0	0	0	0	0	0	0	0	0	0	0	0	0	0	
Dulichium_arundinaceum	0	0	0	0	0	0	0	0	0	0	0	0	0	0	0	1	0	0	0	0	0	0	0	0	0	0	0	0	0	0	0	0	0	0	0	0	0	0	0	0	0	0	0	0	0	0	0	0	0	0	0	0	0	0	0	0	0	0	0	0	0	0	
