NODE	1	2	3	4	5	6	7	8	9	10	11	12	13	14	15	16	17	18	19	20	21	22	23	24	25	26	27	28	29	30	31	32	33	34	35	36	37	38	39	40	41	42	43	44	45	46	47	48	49	50	51	52	53	54	55	56	57	58	59	60	61	62	63	64	65	66	67	68	69	70	71	
N1	0.487607	0.308692	0.14	0.0479432	0.0126765	0.00260373	0.000418166	5.27854e-05	5.27815e-06	4.21489e-07	2.71058e-08	1.41339e-09	6.00865e-11	2.08991e-12	5.96423e-14	7.63498e-18	1.06073e-18	1.33761e-19	1.53213e-20	1.59518e-21	1.51114e-22	1.30394e-23	1.02624e-24	7.37735e-26	4.85171e-27	2.92373e-28	1.61719e-29	8.22436e-31	3.85218e-32	1.66463e-33	6.64771e-35	2.45753e-36	8.42396e-38	2.68183e-39	7.94214e-41	2.19136e-42	5.64189e-44	1.35743e-45	3.05653e-47	6.45018e-49	1.27747e-50	2.37797e-52	4.1845e-54	7.66296e-56	2.88839e-57	2.93801e-58	3.64938e-59	5.8071e-60	1.33467e-60	3.65075e-61	1.0292e-61	2.86281e-62	7.78787e-63	2.06972e-63	5.37894e-64	1.37371e-64	3.52389e-65	9.8611e-66	3.62492e-66	1.9199e-66	1.1972e-66	7.05612e-67	3.52711e-67	1.41134e-67	4.30825e-68	9.5603e-69	1.49736e-69	1.7339e-70	1.59075e-71	1.31832e-72	1.74871e-73	
N2	0.000127488	0.000431577	0.00140828	0.00382663	0.00848173	0.016512	0.0271482	0.0410909	0.0562786	0.0712241	0.0812615	0.09107	0.092878	0.0955032	0.0915204	0.085841	0.0746385	0.0650923	0.0448882	0.0283032	0.0139916	0.00588319	0.00188938	0.000563002	0.000119101	2.37065e-05	3.65445e-06	5.06421e-07	5.39348e-08	5.78522e-09	4.46617e-10	3.5228e-11	2.18467e-12	1.30444e-13	6.15061e-15	3.14819e-16	1.15456e-17	4.59341e-19	1.47078e-20	4.77549e-22	1.22139e-23	3.54203e-25	7.45311e-27	1.78682e-28	3.42467e-30	6.82039e-32	1.08828e-33	2.05866e-35	2.76756e-37	4.34859e-39	5.52846e-41	7.56819e-43	8.14166e-45	1.06547e-46	9.96029e-49	1.12608e-50	1.00756e-52	9.85532e-55	7.70258e-57	7.51205e-59	5.09748e-61	4.24726e-63	2.87391e-65	2.16828e-67	1.28803e-69	9.94339e-72	6.16416e-74	5.52448e-76	5.52711e-78	7.06031e-80	1.22535e-81	
Chrysitrix_capensis	0	0	0	0	0	0	0	0	0	0	0	0	0	0	0	0	0	0	0	0	0	0	1	0	0	0	0	0	0	0	0	0	0	0	0	0	0	0	0	0	0	0	0	0	0	0	0	0	0	0	0	0	0	0	0	0	0	0	0	0	0	0	0	0	0	0	0	0	0	0	0	
Lepironia_articulata	0	0	0	0	0	0	0	0	0	0	0	0	0	0	0	0	1	0	0	0	0	0	0	0	0	0	0	0	0	0	0	0	0	0	0	0	0	0	0	0	0	0	0	0	0	0	0	0	0	0	0	0	0	0	0	0	0	0	0	0	0	0	0	0	0	0	0	0	0	0	0	
N3	0.32229	0.327494	0.210897	0.0970951	0.0316931	0.00860113	0.00160507	0.000282713	3.65221e-05	4.75395e-06	4.16237e-07	5.23711e-08	3.13516e-09	2.96672e-10	1.48049e-11	1.09365e-12	3.61069e-14	2.34915e-15	5.457e-17	2.79203e-18	5.60869e-20	1.81643e-21	2.72073e-23	1.10738e-24	1.06459e-26	2.33166e-28	2.41811e-30	5.10626e-32	3.22463e-34	5.61956e-36	2.97747e-38	5.08311e-40	2.27827e-42	2.03818e-44	7.99513e-47	1.18873e-48	2.95678e-51	2.01772e-53	6.44928e-56	5.57639e-58	1.08768e-60	6.89972e-63	1.16198e-65	7.56094e-68	1.26688e-70	4.53158e-73	7.70902e-76	5.76095e-78	5.56815e-81	1.55825e-83	1.89955e-86	6.90185e-89	5.61884e-92	1.94919e-94	1.6047e-97	6.03483e-100	4.11769e-103	6.94608e-106	4.97546e-109	1.74429e-111	7.80262e-115	1.23772e-117	9.62326e-121	2.28492e-123	8.85762e-127	5.208e-43	8.23677e-44	4.69166e-44	6.25387e-45	3.89641e-45	5.13511e-45	
N4	0.316762	0.32633	0.213686	0.0996291	0.0327698	0.0088615	0.00163984	0.000282032	3.52175e-05	4.38515e-06	3.56432e-07	4.2732e-08	2.22949e-09	2.05713e-10	8.48732e-12	6.23243e-13	1.52762e-14	1.1e-15	1.64831e-17	1.07437e-18	1.32864e-20	5.79058e-22	4.33883e-24	3.39679e-25	1.26536e-27	6.33457e-29	3.27005e-31	1.5582e-32	3.31228e-35	1.64645e-36	2.98062e-39	1.82017e-40	3.08683e-43	6.61571e-45	9.1686e-48	5.43103e-49	3.91011e-52	7.68478e-54	1.24315e-56	3.56285e-58	1.97431e-61	3.71696e-63	2.16922e-66	7.29737e-68	5.15632e-71	2.90472e-73	2.15156e-76	1.01153e-77	2.46503e-81	1.36683e-83	1.58458e-86	2.3898e-88	4.96007e-92	5.26174e-94	1.7453e-97	5.22529e-99	1.22566e-102	2.53674e-105	1.21894e-108	3.80569e-110	4.26473e-114	1.11136e-116	1.14749e-119	1.63274e-121	1.54467e-125	5.81105e-128	1.09242e-131	1.90953e-133	2.33899e-137	5.88834e-140	1.04834e-141	
N5	0.241034	0.295773	0.242501	0.14097	0.0563233	0.0184633	0.0039538	0.000838896	0.00012061	1.99402e-05	1.83294e-06	3.40387e-07	1.96931e-08	2.7955e-09	1.39516e-10	1.57304e-11	4.73017e-13	4.69018e-14	9.70321e-16	8.16712e-17	1.49141e-18	6.14924e-20	8.40341e-22	6.44465e-23	4.72562e-25	1.30131e-26	1.35763e-28	4.94276e-30	2.3487e-32	5.73711e-34	2.57288e-36	8.66914e-38	2.94641e-40	3.12054e-42	1.08509e-44	3.39715e-46	6.09969e-49	5.0405e-51	1.5737e-53	2.81166e-55	3.98753e-58	3.58063e-60	4.68748e-63	5.64313e-65	7.64539e-68	3.36149e-70	6.09509e-73	1.08285e-74	7.37098e-78	2.40639e-80	2.56032e-83	1.72725e-85	1.05928e-88	6.85177e-91	5.21075e-94	4.53819e-96	2.21062e-99	4.53447e-102	2.90159e-105	2.35741e-107	7.62682e-111	1.69218e-113	1.6782e-116	9.47982e-119	2.64687e-122	5.52158e-125	1.65945e-128	6.20675e-131	2.11634e-134	7.36943e-137	6.93604e-139	
Lagenocarpus_guianensis	0	0	0	0	0	0	0	0	0	0	0	0	0	0	0	0	1	0	0	0	0	0	0	0	0	0	0	0	0	0	0	0	0	0	0	0	0	0	0	0	0	0	0	0	0	0	0	0	0	0	0	0	0	0	0	0	0	0	0	0	0	0	0	0	0	0	0	0	0	0	0	
N6	0.217497	0.283884	0.249916	0.154663	0.065389	0.022378	0.00500767	0.0010787	0.000158172	2.5757e-05	2.33274e-06	4.19414e-07	2.25418e-08	3.22474e-09	1.39801e-10	1.62796e-11	3.81655e-13	4.33962e-14	6.15597e-16	6.39365e-17	7.9261e-19	4.00152e-20	3.25337e-22	3.3229e-23	1.31151e-25	5.11814e-27	3.2704e-29	1.45747e-30	3.39606e-33	1.094e-34	2.43869e-37	1.15378e-38	1.98831e-41	2.19635e-43	3.78389e-46	1.71037e-47	1.25022e-50	1.06674e-52	2.10663e-55	4.5446e-57	2.44832e-60	2.32796e-62	1.35608e-65	2.66371e-67	1.60485e-70	4.78081e-73	4.32028e-76	1.19703e-77	2.74253e-81	6.88143e-84	4.98357e-87	4.70144e-89	9.39078e-93	5.42034e-95	1.67188e-98	2.29571e-100	3.74858e-104	5.08184e-107	1.67857e-110	2.13575e-112	2.18725e-116	3.28186e-119	1.96361e-122	1.49651e-124	1.24606e-128	2.18891e-131	2.63489e-135	1.4871e-137	1.47131e-141	2.8609e-144	2.25564e-146	
N7	0.0876745	0.153226	0.205248	0.208496	0.154712	0.101697	0.0472701	0.0244622	0.00950052	0.00479392	0.00150498	0.000986292	0.00024066	0.000133394	3.26816e-05	1.68166e-05	2.85864e-06	1.40367e-06	1.81347e-07	8.27678e-08	1.00031e-08	2.5043e-09	2.45707e-10	1.08351e-10	6.27446e-12	1.12196e-12	8.01151e-14	1.7175e-14	6.60804e-16	1.06008e-16	3.74614e-18	7.13556e-19	1.98306e-20	1.43792e-21	3.77058e-23	6.3587e-24	9.09848e-26	4.90483e-27	1.10126e-28	1.00737e-29	1.07387e-31	5.43024e-33	4.95855e-35	2.88823e-36	2.60045e-38	6.49545e-40	6.95598e-42	5.12039e-43	2.26475e-45	3.81179e-47	2.22849e-49	6.16961e-51	2.12593e-53	5.19865e-55	2.02261e-57	6.25523e-59	1.67317e-61	1.52503e-63	4.86529e-66	1.30354e-67	2.20835e-70	1.91878e-72	7.59211e-75	1.32652e-76	1.8453e-79	1.45886e-81	2.07205e-84	2.48466e-86	4.17058e-89	5.18628e-91	1.60873e-92	
Oreobolus_pectinatus	0	0	0	0	0	0	0	0	0	0	0	0	0	0	0	0	0	0	1	0	0	0	0	0	0	0	0	0	0	0	0	0	0	0	0	0	0	0	0	0	0	0	0	0	0	0	0	0	0	0	0	0	0	0	0	0	0	0	0	0	0	0	0	0	0	0	0	0	0	0	0	
N8	0.0528083	0.103204	0.161689	0.195607	0.176783	0.138964	0.0807468	0.0474028	0.0222481	0.011707	0.00441999	0.00282021	0.000847553	0.000498462	0.000146252	7.95428e-05	1.65726e-05	9.37758e-06	1.45699e-06	7.63801e-07	1.17414e-07	4.1682e-08	5.12181e-09	2.97938e-09	2.30588e-10	7.01565e-11	7.2118e-12	2.4447e-12	1.41138e-13	4.17786e-14	2.24597e-15	7.76792e-16	3.5511e-17	4.98972e-18	2.10921e-19	7.00184e-20	1.60867e-21	1.74851e-22	6.60522e-24	1.15052e-24	1.8995e-26	1.90048e-27	2.72419e-29	3.38351e-30	4.54529e-32	1.77429e-33	2.51512e-35	3.45676e-36	1.9245e-38	5.29399e-40	4.97916e-42	2.66817e-43	1.18902e-45	4.83958e-47	2.51759e-49	1.57375e-50	6.05074e-53	9.86977e-55	5.33201e-57	3.51757e-58	9.11646e-61	1.52202e-62	1.06848e-64	4.33389e-66	9.04691e-69	1.50514e-70	3.46462e-73	9.81187e-75	2.20071e-77	4.3482e-79	2.4489e-80	
N9	0.0199949	0.0429952	0.0805288	0.12275	0.14545	0.152754	0.122883	0.0987866	0.0655633	0.047858	0.026613	0.0252286	0.0121622	0.0123734	0.00663577	0.0069561	0.00297253	0.0034513	0.00121295	0.00135167	0.00052232	0.0004412	0.00015513	0.000221871	5.49037e-05	4.35158e-05	1.54518e-05	1.57207e-05	3.55083e-06	3.33567e-06	7.53432e-07	8.92026e-07	1.79614e-07	9.37546e-08	1.89701e-08	2.42683e-08	2.94572e-09	1.33075e-09	2.42011e-10	1.77155e-10	1.62819e-11	6.7953e-12	5.27693e-13	2.53402e-13	1.80268e-14	3.35846e-15	2.53e-16	1.34097e-16	4.69921e-18	6.60534e-19	3.6374e-20	1.00761e-20	4.00691e-22	1.18859e-22	5.70078e-24	2.14036e-24	7.53909e-26	8.70714e-27	3.48131e-28	1.16293e-28	2.39316e-30	2.4767e-31	1.14006e-32	2.27577e-33	3.62997e-35	3.37118e-36	5.24816e-38	6.68109e-39	1.17313e-40	1.57681e-41	6.77118e-42	
N10	0.0026251	0.00622826	0.014063	0.0276849	0.045547	0.0672123	0.0822474	0.0933883	0.0941104	0.0888667	0.0770506	0.0742171	0.0594293	0.0540194	0.0436874	0.0402473	0.031275	0.0306836	0.0196073	0.0158016	0.0096513	0.00764401	0.00474468	0.0043995	0.00231739	0.00168814	0.000813687	0.000467327	0.000160036	8.18268e-05	2.29905e-05	1.10728e-05	3.64893e-06	1.75266e-06	5.64917e-07	3.11429e-07	7.58126e-08	2.82261e-08	6.31215e-09	1.92587e-09	2.98242e-10	7.67615e-11	9.33845e-12	2.13601e-12	3.0471e-13	8.22094e-14	1.81576e-14	9.33421e-15	1.9719e-15	7.38561e-16	1.66105e-16	5.73508e-17	9.65207e-18	3.15827e-18	4.45837e-19	1.23248e-19	1.60381e-20	3.07157e-21	3.3729e-22	7.73587e-23	6.162e-24	9.22877e-25	8.15888e-26	1.15366e-26	7.1344e-28	8.97412e-29	4.95424e-30	6.15538e-31	5.35307e-32	1.25789e-32	5.80117e-33	
Schoenus_brevifolius	0	0	0	0	0	0	0	0	0	0	0	0	0	0	0	0	0	0	0	0	0	0	0	0	0	0	0	0	0	0	0	0	0	0	0	0	0	0	0	0	0	0	0	0	0	0	0	0	0	0	0	0	0	0	0	0	0	0	0	0	1	0	0	0	0	0	0	0	0	0	0	
Schoenus_nigricans	0	0	0	0	0	0	0	0	0	0	0	0	0	0	0	0	0	0	0	0	0	1	0	0	0	0	0	0	0	0	0	0	0	0	0	0	0	0	0	0	0	0	0	0	0	0	0	0	0	0	0	0	0	0	0	0	0	0	0	0	0	0	0	0	0	0	0	0	0	0	0	
Gahnia_aspera	0	0	0	0	0	0	0	0	0	0	0	0	0	0	0	0	0	0	0	0	0	0	0	0	0	0	0	0	0	0	0	0	0	0	0	0	0	0	0	1	0	0	0	0	0	0	0	0	0	0	0	0	0	0	0	0	0	0	0	0	0	0	0	0	0	0	0	0	0	0	0	
N11	0.0103395	0.0229515	0.0463789	0.0799485	0.114073	0.143314	0.149967	0.141138	0.114913	0.0816989	0.04914	0.0269423	0.011912	0.00487546	0.00169391	0.000532025	0.000138108	3.54844e-05	6.82437e-06	1.30814e-06	1.99022e-07	2.85668e-08	3.18808e-09	3.82673e-10	3.22049e-11	2.98438e-12	2.174e-13	1.63235e-14	9.39556e-16	6.43269e-17	3.03853e-18	1.71529e-19	7.32943e-21	3.37808e-22	1.17678e-23	5.17558e-25	1.46222e-26	5.14419e-28	1.37613e-29	4.20744e-31	9.39084e-33	2.80571e-34	5.57805e-36	1.52159e-37	3.12013e-39	7.63677e-41	1.42152e-42	3.77284e-44	6.13846e-46	1.3548e-47	2.21505e-49	4.3782e-51	5.96077e-53	1.1499e-54	1.35352e-56	2.24452e-58	2.55091e-60	3.50893e-62	3.4571e-64	5.00892e-66	4.12342e-68	4.82032e-70	4.11035e-72	4.3728e-74	3.08765e-76	3.27235e-78	2.22065e-80	2.47689e-82	2.77121e-84	4.88562e-86	1.27841e-87	
Tetraria_capillaris	0	0	0	0	0	0	0	0	0	1	0	0	0	0	0	0	0	0	0	0	0	0	0	0	0	0	0	0	0	0	0	0	0	0	0	0	0	0	0	0	0	0	0	0	0	0	0	0	0	0	0	0	0	0	0	0	0	0	0	0	0	0	0	0	0	0	0	0	0	0	0	
N12	5.34447e-05	0.000252272	0.00112275	0.00395428	0.010694	0.0244664	0.0466851	0.0876056	0.134498	0.159448	0.164864	0.152107	0.0941517	0.0534644	0.0324628	0.0198002	0.00923227	0.00388606	0.000976057	0.000221494	4.07299e-05	1.01882e-05	2.36412e-06	6.36909e-07	9.71971e-08	1.50758e-08	1.42464e-09	1.30791e-10	9.1222e-12	1.44353e-12	2.52399e-13	6.93512e-14	1.27798e-14	2.58701e-15	3.3643e-16	5.84081e-17	5.03516e-18	5.50067e-19	3.73073e-20	2.82269e-21	1.20638e-22	6.95926e-24	2.02333e-25	8.27333e-27	1.95263e-28	5.42287e-30	9.33297e-32	2.49465e-33	3.11487e-35	5.74703e-37	6.6892e-39	1.0439e-40	9.13689e-43	1.30633e-44	9.4017e-47	1.11987e-48	7.48371e-51	6.76535e-53	3.83974e-55	3.86089e-57	1.7173e-59	1.26638e-61	6.06375e-64	4.13446e-66	1.5284e-68	1.00917e-70	3.42153e-73	2.22407e-75	1.1899e-77	1.24315e-79	1.92497e-81	
Machaerina_articulata	0	0	0	0	0	0	0	0	0	0	0	1	0	0	0	0	0	0	0	0	0	0	0	0	0	0	0	0	0	0	0	0	0	0	0	0	0	0	0	0	0	0	0	0	0	0	0	0	0	0	0	0	0	0	0	0	0	0	0	0	0	0	0	0	0	0	0	0	0	0	0	
Machaerina_mariscoides	0	0	0	0	0	0	0	0	0	0	0	0	0	0	0	0	0	0	0	0	0	0	0	0	0	0	0	0	0	0	0	0	0	0	0	0	0	0	1	0	0	0	0	0	0	0	0	0	0	0	0	0	0	0	0	0	0	0	0	0	0	0	0	0	0	0	0	0	0	0	0	
N13	0.193298	0.256039	0.243793	0.172083	0.0874277	0.0349395	0.00970545	0.00225629	0.000390419	5.97596e-05	6.48932e-06	8.61021e-07	6.10384e-08	6.07499e-09	3.35861e-10	2.47887e-11	8.81781e-13	5.64959e-14	1.36356e-15	6.54554e-17	1.34271e-18	4.27823e-20	6.40433e-22	2.40007e-23	2.38108e-25	5.21894e-27	5.59123e-29	1.16033e-30	7.71864e-33	1.36769e-34	7.58854e-37	1.31357e-38	6.386e-41	6.0917e-43	2.58872e-45	4.06592e-47	1.12694e-49	8.44873e-52	2.94875e-54	2.78251e-56	6.21588e-59	4.45872e-61	8.71314e-64	6.55188e-66	1.28516e-68	5.35434e-71	1.05386e-73	9.12404e-76	1.07358e-78	3.66993e-81	5.55909e-84	2.50143e-86	2.58005e-89	1.14398e-91	1.19477e-94	5.6637e-97	5.05466e-100	1.10815e-102	1.03838e-105	4.86662e-108	2.90012e-111	6.22072e-114	6.57835e-117	2.14144e-119	1.15675e-122	2.48407e-125	1.32904e-128	3.52024e-131	2.39332e-134	7.84997e-137	4.61594e-139	
N14	0.0905408	0.165335	0.22887	0.228458	0.157887	0.085229	0.0311163	0.00977761	0.00223452	0.000471455	6.69705e-05	1.26936e-05	1.13382e-06	1.54754e-07	1.04077e-08	9.98242e-10	4.01075e-11	3.13496e-12	8.03516e-14	4.51112e-15	9.38011e-17	3.15264e-18	4.56414e-20	1.87703e-21	1.65734e-23	3.49308e-25	3.35638e-27	6.85158e-29	3.75293e-31	6.03164e-33	2.72125e-35	4.39876e-37	1.64672e-39	1.30434e-41	4.27616e-44	5.99706e-46	1.20829e-48	7.17131e-51	1.87748e-53	1.50385e-55	2.35756e-58	1.33195e-60	1.81043e-63	1.08609e-65	1.47591e-68	4.55278e-71	6.43606e-74	4.61191e-76	3.5535e-79	8.63972e-82	8.7886e-85	2.99538e-87	1.99496e-90	6.66815e-93	4.64627e-96	1.71592e-98	9.63219e-102	1.45193e-104	8.78149e-108	3.10668e-110	1.14412e-113	1.69877e-116	1.20718e-119	2.95934e-122	9.70732e-126	1.39987e-128	4.59877e-132	8.73892e-135	3.521e-138	7.77415e-141	3.11477e-143	
N15	0.0130456	0.0339881	0.0765165	0.133349	0.174212	0.187818	0.152046	0.107953	0.0626359	0.0333516	0.0144075	0.00708537	0.0023243	0.000923351	0.0002498	7.59439e-05	1.3958e-05	3.5948e-06	4.51021e-07	8.42807e-08	8.57822e-09	1.11009e-09	7.97326e-11	9.93437e-12	4.77475e-13	3.7724e-14	1.64583e-15	1.02543e-16	2.86842e-18	1.49271e-19	3.1294e-21	1.31661e-22	2.3206e-24	6.17806e-26	8.54453e-28	2.73913e-29	2.58597e-31	4.84445e-33	4.84875e-35	8.89093e-37	6.13872e-39	9.49684e-41	5.42819e-43	7.61185e-45	4.19808e-47	3.82693e-49	1.86676e-51	2.50581e-53	8.44053e-56	6.18298e-58	2.37041e-60	1.82758e-62	5.08473e-65	3.82785e-67	9.7773e-70	6.97967e-72	1.64565e-74	7.18468e-77	1.59507e-79	1.06694e-81	1.67695e-84	6.60416e-87	1.41717e-89	6.50845e-92	9.01108e-95	3.40591e-97	4.46168e-100	1.79097e-102	3.26212e-105	1.88634e-107	1.82529e-109	
N16	1.5774e-06	1.21225e-05	8.0971e-05	0.000396476	0.00139157	0.00379846	0.00905939	0.01968	0.0361468	0.0503253	0.0549968	0.0691474	0.0851285	0.0943489	0.10046	0.125471	0.13349	0.118183	0.0631661	0.0263344	0.00687382	0.00132813	0.000160795	1.70222e-05	1.06864e-06	6.27646e-08	2.5337e-09	9.2784e-11	2.34546e-12	6.35902e-14	1.0989e-15	2.09492e-17	2.85661e-19	3.96072e-21	3.98468e-23	4.82852e-25	3.65814e-27	3.31619e-29	2.22452e-31	1.63647e-33	8.52378e-36	5.64058e-38	2.38139e-40	1.2947e-42	5.03372e-45	2.20601e-47	7.05206e-50	3.0712e-52	8.06731e-55	2.80171e-57	7.1475e-60	2.17891e-62	4.58565e-65	1.35537e-67	2.46355e-70	6.26912e-73	1.10366e-75	2.34549e-78	3.59847e-81	8.07864e-84	1.04388e-86	1.9073e-89	2.5656e-92	4.28562e-95	4.81549e-98	8.0854e-101	8.81188e-104	1.57225e-106	2.84831e-109	8.00002e-112	2.81981e-114	
Dulichium_arundinaceum	0	0	0	0	0	0	0	0	0	0	0	0	0	0	0	1	0	0	0	0	0	0	0	0	0	0	0	0	0	0	0	0	0	0	0	0	0	0	0	0	0	0	0	0	0	0	0	0	0	0	0	0	0	0	0	0	0	0	0	0	0	0	0	0	0	0	0	0	0	0	0	
N17	5.9421e-10	1.10526e-08	1.75015e-07	1.89822e-06	1.32791e-05	4.7859e-05	0.000189685	0.000782778	0.00349334	0.00871858	0.00933034	0.00842427	0.0105292	0.0113381	0.0107342	0.013882	0.0338557	0.111998	0.231355	0.287525	0.182604	0.0632514	0.0104136	0.00142713	7.96168e-05	4.53497e-06	1.37729e-07	4.12928e-09	6.41536e-11	1.36345e-12	1.27627e-14	1.78148e-16	1.18619e-18	1.11927e-20	5.09389e-23	3.96144e-25	1.26908e-27	6.93007e-30	1.98766e-32	8.46238e-35	1.81806e-37	7.84552e-40	1.32312e-42	4.50668e-45	8.51612e-48	2.06696e-50	2.9819e-53	1.00155e-55	1.0301e-58	2.15133e-61	2.69689e-64	5.2754e-67	4.44571e-70	8.9424e-73	6.4499e-76	1.20152e-78	8.35242e-82	1.04399e-84	6.58666e-88	1.19218e-90	5.45956e-94	6.09887e-97	3.38634e-100	4.44831e-103	1.71983e-106	1.73524e-109	6.71336e-113	8.11543e-116	3.57741e-119	5.18766e-122	1.16381e-124	
Blysmus_compressus	0	0	0	0	0	0	0	0	0	0	0	0	0	0	0	0	0	0	0	0	0	1	0	0	0	0	0	0	0	0	0	0	0	0	0	0	0	0	0	0	0	0	0	0	0	0	0	0	0	0	0	0	0	0	0	0	0	0	0	0	0	0	0	0	0	0	0	0	0	0	0	
Blysmus_rufus	0	0	0	0	0	0	0	0	0	0	0	0	0	0	0	0	0	0	0	1	0	0	0	0	0	0	0	0	0	0	0	0	0	0	0	0	0	0	0	0	0	0	0	0	0	0	0	0	0	0	0	0	0	0	0	0	0	0	0	0	0	0	0	0	0	0	0	0	0	0	0	
N18	0.0040739	0.013187	0.0386966	0.0865233	0.14273	0.185208	0.179667	0.146146	0.098534	0.0579232	0.0279806	0.0129655	0.00436573	0.00148694	0.000389055	0.000100383	1.81773e-05	4.13535e-06	5.39689e-07	9.98154e-08	1.10996e-08	1.54297e-09	1.12815e-10	1.42635e-11	6.46923e-13	5.25156e-14	2.03572e-15	1.20083e-16	2.94725e-18	1.54816e-19	2.81971e-21	1.17318e-22	1.83715e-24	4.95344e-26	5.69984e-28	1.7225e-29	1.25978e-31	2.09556e-33	1.53149e-35	2.24072e-37	9.8826e-40	1.15617e-41	3.83966e-44	3.90602e-46	1.19946e-48	6.40151e-51	1.54328e-53	1.34759e-55	1.9564e-58	7.63674e-61	1.38655e-63	6.03799e-66	6.47899e-69	2.40922e-71	2.26915e-74	8.33798e-77	6.89712e-80	1.25686e-82	9.90694e-86	3.35361e-88	1.62571e-91	2.5122e-94	1.81868e-97	3.82953e-100	1.57562e-103	2.42533e-106	1.0164e-109	1.95411e-112	9.48869e-116	2.02953e-118	7.79524e-121	
N19	0.000340143	0.00130988	0.00486887	0.0145447	0.0336443	0.0644739	0.0980033	0.128494	0.140455	0.133024	0.110448	0.0943579	0.0640355	0.0473056	0.0294005	0.0191836	0.00889917	0.00501434	0.00149627	0.000550933	0.000116151	2.82256e-05	4.10346e-06	9.70447e-07	1.18769e-07	2.43093e-08	3.05644e-09	5.08643e-10	4.29584e-11	6.0789e-12	3.61402e-13	3.74388e-14	1.83668e-15	1.21409e-16	4.32044e-18	3.11147e-19	7.40327e-21	3.19611e-22	7.48429e-24	2.92958e-25	4.69978e-27	1.53209e-28	1.97948e-30	5.77307e-32	6.90212e-34	1.31455e-35	1.31921e-37	3.32524e-39	2.39895e-41	3.59337e-43	2.84977e-45	4.35288e-47	2.54306e-49	3.72568e-51	1.93125e-53	2.57168e-55	1.27133e-57	1.10145e-59	5.03102e-62	6.51192e-64	2.13154e-66	1.64973e-68	7.15316e-71	6.11752e-73	1.78558e-75	1.37788e-77	3.73244e-80	2.89468e-82	1.11845e-84	1.29128e-86	2.53777e-88	
N20	3.09083e-08	3.87459e-07	4.19938e-06	3.0017e-05	0.000161492	0.00073055	0.00263221	0.00476835	0.010452	0.0142931	0.014867	0.0321239	0.0655088	0.107354	0.112553	0.0776437	0.0797564	0.148388	0.161368	0.112946	0.0340688	0.00762836	0.00299664	0.00362367	0.00271592	0.00207541	0.000893796	0.000338399	6.46855e-05	1.21686e-05	9.62233e-07	7.80482e-08	3.24383e-09	1.32321e-10	3.02714e-12	9.18316e-14	1.26857e-15	2.32919e-17	2.62305e-19	3.5404e-21	2.68546e-23	3.05955e-25	1.72025e-27	1.51705e-29	7.57859e-32	4.77293e-34	1.84224e-36	1.22447e-38	3.55098e-41	1.65369e-43	4.72589e-46	1.96198e-48	4.27456e-51	1.65628e-53	3.04405e-56	1.01762e-58	1.76268e-61	4.43428e-64	6.67722e-67	1.96315e-69	2.3082e-72	4.86713e-75	6.353e-78	1.27982e-80	1.27476e-83	2.4704e-86	2.2613e-89	4.30719e-92	6.04093e-95	1.84119e-97	7.78318e-100	
Scirpus_pendulus	0	0	0	0	0	0	0	0	0	0	0	0	0	0	0	0	0	0	0	1	0	0	0	0	0	0	0	0	0	0	0	0	0	0	0	0	0	0	0	0	0	0	0	0	0	0	0	0	0	0	0	0	0	0	0	0	0	0	0	0	0	0	0	0	0	0	0	0	0	0	0	
N21	4.76799e-17	8.79362e-15	8.17562e-13	5.30396e-11	1.81876e-09	6.85377e-09	2.63155e-07	6.07564e-07	1.41728e-06	1.70541e-05	3.57695e-06	7.10557e-06	0.000174613	0.00191828	0.00755226	0.00132747	0.00014404	0.00049325	0.00370748	0.00530671	0.00091919	7.59963e-05	7.12581e-06	2.57115e-06	5.6243e-05	0.00131876	0.017946	0.132018	0.331395	0.416598	0.0735156	0.0053837	0.000107908	1.60858e-06	9.34799e-09	7.00905e-11	1.82564e-13	7.06711e-16	1.10906e-18	2.58751e-21	2.43702e-24	3.86835e-27	2.35501e-30	2.54178e-33	1.21761e-36	8.69609e-40	2.91108e-43	2.06534e-46	5.05099e-50	2.42939e-53	6.63889e-57	2.56268e-60	4.90122e-64	2.25301e-67	3.2144e-71	1.02353e-74	1.67748e-78	3.47913e-82	4.14382e-86	1.25928e-89	9.8368e-94	1.69062e-97	1.71423e-101	2.71982e-105	1.67044e-109	5.36733e-79	3.08802e-78	2.24075e-77	3.48182e-77	4.80834e-77	3.0022e-77	
N22	4.07939e-25	8.34713e-22	6.47345e-19	1.92959e-16	1.34066e-14	2.20555e-13	6.38823e-11	1.70581e-10	2.78531e-10	8.33836e-09	1.15461e-09	2.60871e-09	3.42927e-07	2.24743e-05	0.000196042	3.01203e-05	1.0931e-06	2.17802e-06	5.22515e-05	0.00015338	2.78119e-05	5.19098e-07	8.6942e-09	5.59444e-09	8.74272e-08	1.39502e-05	0.00114029	0.0365137	0.292864	0.535142	0.127372	0.00641194	5.48536e-05	6.31991e-07	1.14274e-09	1.72126e-11	1.33397e-14	4.15262e-17	4.11691e-20	2.93424e-23	1.1956e-26	9.50474e-30	1.22058e-33	4.13487e-37	8.45686e-41	1.54651e-44	9.60809e-49	7.20751e-52	1.86616e-56	1.66439e-59	3.52454e-64	2.56107e-67	3.70972e-72	1.96337e-75	2.06149e-80	7.49182e-84	5.70147e-89	1.17726e-92	7.19154e-98	1.26405e-101	5.68235e-107	5.11119e-111	2.93584e-116	1.63762e-120	5.9696e-126	1.30773e-90	2.06615e-91	3.03369e-91	1.62228e-92	4.70216e-93	5.97991e-93	
N23	3.50946e-27	3.31022e-24	1.4589e-21	5.28564e-19	1.43838e-17	3.65228e-16	4.61817e-14	9.73705e-13	5.71941e-13	1.36486e-11	2.45303e-11	3.16948e-11	3.86851e-09	3.14959e-07	6.32828e-06	7.04951e-06	1.54591e-07	2.47492e-08	5.18267e-07	5.25176e-06	6.12191e-06	2.83777e-07	3.88929e-09	1.69805e-10	3.42562e-10	9.19185e-08	1.97415e-05	0.00176792	0.0489255	0.343529	0.495424	0.107456	0.00283217	2.00706e-05	5.73072e-08	3.92581e-10	3.67315e-12	9.29713e-14	1.35503e-15	1.33533e-17	6.06458e-20	5.32123e-22	9.52523e-25	1.47873e-27	2.18794e-30	7.4131e-34	3.77546e-37	1.27087e-40	1.62352e-44	8.20462e-48	3.04604e-51	1.22682e-53	4.57085e-57	1.49779e-59	3.42851e-63	7.43262e-66	9.14864e-70	1.15847e-72	8.57106e-77	5.5279e-80	2.73972e-84	8.29795e-88	3.47328e-92	6.55796e-96	2.75593e-100	6.21132e-104	4.52661e-108	6.06075e-112	4.98452e-116	2.18229e-119	3.45823e-122	
N24	2.53973e-30	2.63436e-27	1.28296e-24	4.88834e-22	1.38114e-20	4.4268e-19	7.70729e-17	3.05335e-15	1.47629e-15	5.24249e-14	2.56864e-13	3.74726e-13	5.94978e-11	6.99675e-09	2.45427e-07	5.27132e-07	9.63648e-09	4.35606e-10	7.78142e-09	1.75618e-07	4.38507e-07	2.29803e-08	2.00012e-10	2.27799e-12	3.25163e-12	1.36127e-09	5.95493e-07	0.00011879	0.00851399	0.163288	0.596617	0.224318	0.00708932	5.17984e-05	1.35802e-07	1.6563e-10	1.23544e-13	4.25436e-16	7.20822e-18	8.98779e-20	4.30998e-22	5.22822e-24	1.50489e-26	2.48618e-29	6.7432e-32	3.37058e-35	2.28814e-38	1.17658e-41	1.66932e-45	4.5204e-49	7.5017e-53	1.24013e-56	3.64625e-60	1.28803e-62	3.28549e-66	9.62739e-69	1.42472e-72	2.82804e-75	2.30757e-79	2.80821e-82	1.40377e-86	9.09867e-90	3.23382e-94	1.11652e-97	2.99744e-102	6.29538e-106	2.00158e-110	2.92571e-114	1.86523e-118	3.64328e-122	4.84608e-125	
Scirpus_expansus	0	0	0	0	0	0	0	0	0	0	0	0	0	0	0	0	0	0	0	0	0	0	0	0	0	0	0	0	0	0	0	1	0	0	0	0	0	0	0	0	0	0	0	0	0	0	0	0	0	0	0	0	0	0	0	0	0	0	0	0	0	0	0	0	0	0	0	0	0	0	0	
N25	1.66458e-34	2.62499e-31	1.82844e-28	1.06936e-25	4.289e-24	1.2597e-22	3.88783e-20	2.23216e-18	2.07002e-18	2.1061e-16	1.3628e-15	1.76753e-15	3.83823e-13	7.31536e-11	4.79799e-09	1.30064e-08	1.41276e-10	4.75131e-12	5.65975e-11	2.98711e-09	1.79442e-08	6.93513e-10	3.87213e-12	2.79038e-14	2.77878e-14	1.26409e-11	1.15205e-08	5.28608e-06	0.00100458	0.0589523	0.641083	0.292908	0.00601916	2.80389e-05	4.76021e-08	3.76084e-11	1.60775e-14	4.33669e-18	5.393e-21	3.96689e-23	1.47843e-25	1.2412e-27	3.25499e-30	4.37859e-33	1.13195e-35	6.44139e-39	3.26625e-42	1.63318e-45	1.98339e-49	3.67611e-53	4.62239e-57	2.28442e-61	2.19836e-65	5.97198e-69	1.06265e-72	1.94631e-75	2.99832e-79	3.85012e-82	3.63445e-86	3.14663e-89	1.66132e-93	8.72471e-97	2.82257e-101	7.65274e-105	1.69936e-109	2.27398e-113	3.93249e-118	3.6636e-122	1.01381e-126	1.19131e-130	6.47178e-134	
Scirpus_sylvaticus	0	0	0	0	0	0	0	0	0	0	0	0	0	0	0	0	0	0	0	0	0	0	0	0	0	0	0	0	0	0	1	0	0	0	0	0	0	0	0	0	0	0	0	0	0	0	0	0	0	0	0	0	0	0	0	0	0	0	0	0	0	0	0	0	0	0	0	0	0	0	0	
Scirpus_microcarpus	0	0	0	0	0	0	0	0	0	0	0	0	0	0	0	0	0	0	0	0	0	0	0	0	0	0	0	0	0	0	0	1	0	0	0	0	0	0	0	0	0	0	0	0	0	0	0	0	0	0	0	0	0	0	0	0	0	0	0	0	0	0	0	0	0	0	0	0	0	0	0	
Scirpus_maximowiczii	0	0	0	0	0	0	0	0	0	0	0	0	0	0	0	0	0	0	0	0	0	0	0	0	0	0	0	0	0	0	0	1	0	0	0	0	0	0	0	0	0	0	0	0	0	0	0	0	0	0	0	0	0	0	0	0	0	0	0	0	0	0	0	0	0	0	0	0	0	0	0	
N26	5.33464e-28	1.13024e-24	1.07296e-21	2.52842e-19	2.63682e-17	2.30435e-15	5.70098e-13	2.01312e-12	5.34626e-12	7.29043e-11	2.84023e-11	1.98737e-10	3.62072e-08	2.87844e-06	1.74813e-05	3.34946e-06	3.20308e-07	3.42753e-07	5.78819e-06	1.53642e-05	2.60566e-06	4.57046e-08	2.50576e-09	1.36596e-09	1.61501e-08	4.15684e-06	0.000586506	0.0280901	0.304467	0.540665	0.120997	0.00509667	4.49942e-05	1.60311e-07	2.33351e-10	3.44492e-13	2.76007e-16	5.65505e-18	9.43516e-21	1.2136e-22	1.55603e-25	1.55286e-27	2.40452e-30	2.78117e-33	6.76903e-36	2.14386e-39	1.19969e-42	4.60101e-46	3.20466e-50	7.60114e-54	1.01892e-57	3.2346e-61	4.55364e-65	2.17262e-67	1.87398e-71	7.28762e-74	3.48532e-78	9.29487e-81	2.96249e-85	5.53824e-88	1.04452e-92	9.74008e-96	1.34604e-100	6.4014e-104	6.80398e-109	1.45099e-112	2.25308e-117	3.65102e-121	1.13307e-125	1.26695e-129	1.84518e-132	
N27	1.03042e-27	5.69792e-25	1.85895e-22	3.30801e-20	1.8244e-18	4.62529e-17	2.53512e-15	2.36889e-14	1.196e-13	4.01175e-12	3.01483e-11	1.44255e-10	4.26601e-09	1.70034e-07	1.60343e-06	8.78011e-07	1.17728e-07	6.62144e-08	3.21034e-07	1.94408e-06	1.26732e-06	1.43244e-07	5.27958e-09	6.14794e-09	4.6753e-08	5.28126e-07	5.16735e-05	0.003567	0.0843157	0.459178	0.371621	0.0766457	0.00455448	5.98611e-05	2.9822e-07	7.77969e-10	2.73632e-12	5.40262e-14	2.16527e-15	3.69839e-17	3.46831e-19	5.14293e-21	2.1402e-23	6.18205e-26	1.89279e-28	1.50593e-31	1.43404e-34	1.03922e-37	3.02198e-41	1.42727e-44	5.54629e-48	1.14852e-50	9.74506e-54	5.04449e-56	3.18583e-59	1.09375e-61	4.14924e-65	8.96874e-68	1.88956e-71	2.16611e-74	2.92562e-78	1.6785e-81	1.64167e-85	6.28933e-89	5.1279e-93	1.97664e-96	2.66719e-100	7.29494e-104	1.42882e-107	9.42882e-111	2.13357e-113	
Scirpus_polystachyus	0	0	0	0	0	0	0	0	0	0	0	0	0	0	0	0	0	0	0	0	0	0	0	0	0	0	0	0	0	1	0	0	0	0	0	0	0	0	0	0	0	0	0	0	0	0	0	0	0	0	0	0	0	0	0	0	0	0	0	0	0	0	0	0	0	0	0	0	0	0	0	
Scirpus_cyperinus	0	0	0	0	0	0	0	0	0	0	0	0	0	0	0	0	0	0	0	0	0	0	0	0	0	0	0	0	0	0	0	0	1	0	0	0	0	0	0	0	0	0	0	0	0	0	0	0	0	0	0	0	0	0	0	0	0	0	0	0	0	0	0	0	0	0	0	0	0	0	0	
N28	5.67836e-30	6.1713e-27	4.02671e-24	7.67553e-22	1.3957e-19	1.16727e-17	1.08412e-15	1.41781e-15	2.48316e-14	2.12451e-13	2.42903e-13	2.74083e-11	4.03216e-09	2.06202e-07	5.7851e-07	3.98552e-08	1.35002e-08	6.16447e-08	5.27491e-07	6.23808e-07	4.00075e-08	4.53071e-10	3.79695e-11	6.04659e-10	6.85602e-08	1.51122e-05	0.00158753	0.0588973	0.502471	0.400118	0.0362039	0.000700887	4.41036e-06	1.18461e-08	1.61565e-11	1.26566e-14	6.31666e-18	5.52562e-21	3.49697e-23	3.44202e-25	1.51802e-27	1.5281e-29	4.83575e-32	9.06567e-35	2.84436e-37	1.83131e-40	1.29431e-43	7.44233e-47	1.34721e-50	3.71148e-54	7.34183e-58	7.6531e-62	1.73841e-65	3.39771e-68	1.22111e-71	3.34509e-74	8.4085e-78	1.58926e-80	2.45723e-84	3.0623e-87	2.58854e-91	1.68832e-94	9.51101e-99	3.1883e-102	1.28928e-106	2.74839e-110	1.11099e-114	1.85907e-118	1.52096e-122	3.65647e-126	4.25456e-129	
N29	7.26836e-34	1.19454e-30	1.02714e-27	2.35305e-25	5.24227e-23	2.6641e-21	4.85842e-19	1.05158e-18	1.01253e-16	4.58317e-15	3.52055e-15	2.68481e-13	5.30654e-11	3.69812e-09	1.22187e-08	2.64645e-10	4.8525e-11	6.76587e-10	1.62823e-08	1.82883e-08	4.40907e-10	2.03041e-12	1.09767e-13	5.03063e-12	3.97945e-09	1.92823e-06	0.000424047	0.0327816	0.547048	0.405731	0.0139091	0.000104045	2.74447e-07	3.28484e-10	2.08443e-13	7.89142e-17	2.81493e-20	5.64129e-23	5.85636e-25	2.32245e-27	5.08412e-30	1.99653e-32	2.2684e-35	1.6934e-38	1.52227e-41	3.30506e-45	9.06942e-49	1.90648e-52	1.51833e-56	1.93099e-60	1.88151e-64	5.32251e-68	1.14554e-71	1.78317e-74	3.05468e-78	3.35092e-81	3.61687e-85	2.59577e-88	1.51253e-92	5.95068e-96	2.20596e-100	4.39609e-104	1.17905e-108	1.45248e-112	3.06462e-117	3.28532e-121	1.06577e-125	8.53346e-130	4.38073e-134	7.06497e-138	4.59535e-141	
Eriophorum_virginicum	0	0	0	0	0	0	0	0	0	0	0	0	0	0	0	0	0	0	0	0	0	0	0	0	0	0	0	0	1	0	0	0	0	0	0	0	0	0	0	0	0	0	0	0	0	0	0	0	0	0	0	0	0	0	0	0	0	0	0	0	0	0	0	0	0	0	0	0	0	0	0	
Eriophorum_gracile	0	0	0	0	0	0	0	0	0	0	0	0	0	0	0	0	0	0	0	0	0	0	0	0	0	0	0	0	0	1	0	0	0	0	0	0	0	0	0	0	0	0	0	0	0	0	0	0	0	0	0	0	0	0	0	0	0	0	0	0	0	0	0	0	0	0	0	0	0	0	0	
Eriophorum_angustifolium_subsp_angustifolium	0	0	0	0	0	0	0	0	0	0	0	0	0	0	0	0	0	0	0	0	0	0	0	0	0	0	0	0	1	0	0	0	0	0	0	0	0	0	0	0	0	0	0	0	0	0	0	0	0	0	0	0	0	0	0	0	0	0	0	0	0	0	0	0	0	0	0	0	0	0	0	
Scirpus_radicans	0	0	0	0	0	0	0	0	0	0	0	0	0	0	0	0	0	0	0	0	0	0	0	0	0	0	0	1	0	0	0	0	0	0	0	0	0	0	0	0	0	0	0	0	0	0	0	0	0	0	0	0	0	0	0	0	0	0	0	0	0	0	0	0	0	0	0	0	0	0	0	
Scirpus_divaricatus	0	0	0	0	0	0	0	0	0	0	0	0	0	1	0	0	0	0	0	0	0	0	0	0	0	0	0	0	0	0	0	0	0	0	0	0	0	0	0	0	0	0	0	0	0	0	0	0	0	0	0	0	0	0	0	0	0	0	0	0	0	0	0	0	0	0	0	0	0	0	0	
N30	0.00402872	0.012746	0.0370575	0.0828309	0.138568	0.181587	0.1798	0.148318	0.102383	0.0612509	0.0303705	0.0140186	0.00480658	0.00163659	0.00044383	0.000121681	2.31847e-05	7.19274e-06	9.72102e-07	4.07024e-07	5.69722e-08	2.85992e-08	2.39693e-09	1.98259e-09	9.50277e-11	6.76596e-11	3.49849e-12	1.83863e-12	5.60843e-14	3.314e-14	8.02398e-16	4.33698e-16	1.0655e-17	3.13135e-18	5.56498e-20	2.58389e-20	2.81787e-22	5.59864e-23	1.34494e-24	2.38606e-25	1.83913e-27	3.47252e-28	2.52257e-30	7.46256e-31	8.26977e-33	2.75881e-34	2.64602e-36	1.04632e-36	2.85704e-39	1.20496e-40	2.10604e-42	2.69375e-43	5.87063e-46	3.79653e-47	1.48999e-49	3.50781e-50	8.19537e-53	1.69239e-54	9.77383e-57	2.59549e-57	3.90535e-60	1.00488e-61	9.01777e-64	1.5993e-64	2.3395e-67	8.3064e-69	2.73491e-71	5.20605e-72	7.6155e-75	2.22557e-76	4.5128e-77	
N31	7.22422e-07	3.71232e-05	0.00102794	0.0099802	0.134259	0.758021	0.0934951	0.0031329	4.59566e-05	3.67969e-07	1.81221e-09	6.10826e-12	1.42807e-14	2.52027e-17	3.40654e-20	3.63434e-23	3.10007e-26	2.26815e-29	1.33018e-32	6.93535e-36	3.09447e-39	1.22095e-42	4.13237e-46	1.34592e-49	3.57251e-53	9.25503e-57	2.08169e-60	4.38867e-64	7.91318e-68	1.46597e-71	2.17166e-75	3.3345e-79	4.38197e-83	5.67443e-87	6.22519e-91	7.43967e-95	6.91701e-99	7.00673e-103	6.04153e-107	5.32206e-111	3.91311e-115	3.25753e-119	2.07737e-123	1.50029e-127	9.10604e-132	5.74175e-136	3.01437e-140	1.85593e-144	8.53264e-149	4.54867e-153	2.02436e-157	9.63312e-162	3.73224e-166	1.73898e-170	5.97563e-175	2.45454e-179	8.20894e-184	2.99148e-188	8.86048e-193	3.2389e-197	8.48313e-202	2.70903e-206	7.10235e-211	2.06977e-215	4.81864e-220	1.44674e-224	3.50497e-229	1.22832e-233	4.87726e-238	2.49307e-242	1.36807e-246	
Carex_pachygyna	0	0	0	0	0	1	0	0	0	0	0	0	0	0	0	0	0	0	0	0	0	0	0	0	0	0	0	0	0	0	0	0	0	0	0	0	0	0	0	0	0	0	0	0	0	0	0	0	0	0	0	0	0	0	0	0	0	0	0	0	0	0	0	0	0	0	0	0	0	0	0	
Carex_siderosticta	0	0	0	0	0	1	0	0	0	0	0	0	0	0	0	0	0	0	0	0	0	0	0	0	0	0	0	0	0	0	0	0	0	0	0	0	0	0	0	0	0	0	0	0	0	0	0	0	0	0	0	0	0	0	0	0	0	0	0	0	0	0	0	0	0	0	0	0	0	0	0	
N32	2.82159e-08	2.5709e-07	2.09023e-06	1.19721e-05	5.30302e-05	0.000198446	0.000462078	0.000950471	0.00165481	0.00307718	0.00717639	0.0161307	0.0210074	0.0178973	0.0168904	0.0194003	0.0200741	0.0150383	0.00730036	0.00643414	0.00725727	0.0132337	0.0319166	0.0961768	0.163094	0.215647	0.137208	0.0678667	0.0286772	0.0286272	0.0234408	0.0198503	0.00914988	0.00335439	0.000622459	0.000109018	8.63e-06	6.98014e-07	3.50098e-08	2.08375e-09	2.15277e-10	9.87947e-11	3.23346e-11	1.37718e-11	3.63229e-12	1.02975e-12	1.8331e-13	4.26231e-14	4.79498e-15	6.53209e-16	5.27035e-17	4.47063e-18	2.01684e-19	1.14352e-20	3.12847e-22	1.11129e-23	2.2248e-25	5.01807e-27	7.02492e-29	1.42201e-30	1.38108e-32	1.88422e-34	1.69197e-36	1.87497e-38	1.22045e-40	1.2112e-42	6.7921e-45	6.34771e-47	5.37461e-49	7.47947e-51	1.48778e-52	
Trichophorum_cespitosum	0	0	0	0	0	0	0	0	0	0	0	0	0	0	0	0	0	0	0	0	0	0	0	0	0	0	0	0	0	0	0	0	0	0	0	0	0	0	0	0	0	0	0	0	0	0	0	0	0	0	0	1	0	0	0	0	0	0	0	0	0	0	0	0	0	0	0	0	0	0	0	
Trichophorum_alpinum	0	0	0	0	0	0	0	0	0	0	0	0	0	0	0	0	0	0	0	0	0	0	0	0	0	0	0	0	1	0	0	0	0	0	0	0	0	0	0	0	0	0	0	0	0	0	0	0	0	0	0	0	0	0	0	0	0	0	0	0	0	0	0	0	0	0	0	0	0	0	0	
N33	0.0461968	0.110764	0.196676	0.240828	0.200502	0.125291	0.0539472	0.0192029	0.00515559	0.00119743	0.000197103	3.84615e-05	3.88365e-06	5.57836e-07	4.09013e-08	4.10044e-09	1.73284e-10	1.41435e-11	3.62115e-13	2.00533e-14	4.00021e-16	1.33399e-17	1.77317e-19	6.62194e-21	5.3311e-23	1.06021e-24	9.24578e-27	1.6852e-28	7.99108e-31	1.17062e-32	4.43423e-35	6.39266e-37	2.00586e-39	1.33873e-41	3.57088e-44	4.40906e-46	6.85697e-49	3.31469e-51	6.71356e-54	4.51365e-56	5.22359e-59	2.29682e-61	2.31988e-64	1.17e-66	1.12902e-69	2.60403e-72	2.56034e-75	1.42833e-77	7.59542e-81	1.36608e-83	9.87447e-87	2.63533e-89	1.20669e-92	3.01934e-95	1.4031e-98	3.86046e-101	1.44425e-104	1.53543e-107	6.35196e-111	1.74601e-113	4.17191e-117	4.3172e-120	2.10657e-123	3.83083e-126	8.08013e-130	8.55205e-133	1.80039e-136	2.46439e-139	6.27224e-143	9.61758e-146	2.71097e-148	
N34	0.0769238	0.142013	0.209633	0.227606	0.177268	0.103683	0.0438963	0.0144633	0.00365579	0.000729055	0.000111103	1.56599e-05	1.52182e-06	1.54926e-07	1.14167e-08	9.24314e-10	4.56691e-11	3.77731e-12	1.28725e-13	8.49614e-15	2.48923e-16	1.20411e-17	2.49642e-19	1.20986e-20	1.74245e-22	5.84963e-24	8.40527e-26	2.3381e-27	2.24585e-29	6.05009e-31	4.68678e-33	1.12728e-34	8.54603e-37	1.22923e-38	7.79346e-41	1.98079e-42	8.06907e-45	9.79891e-47	5.6029e-49	8.6805e-51	2.91145e-53	3.49247e-55	1.08443e-57	1.57247e-59	4.73548e-62	3.28291e-64	9.76267e-67	1.5154e-68	2.83197e-71	1.77053e-73	4.61172e-76	4.50562e-78	7.65202e-81	5.99453e-83	1.04564e-85	1.0022e-87	1.53527e-90	6.60529e-93	1.14352e-95	1.17105e-97	1.21146e-100	4.86971e-103	9.12432e-106	5.92225e-108	5.64818e-111	2.66217e-113	2.49037e-116	1.33279e-118	1.56184e-121	9.71505e-124	1.26504e-125	
N35	0.161542	0.220637	0.231223	0.188706	0.116469	0.055628	0.0193832	0.00518591	0.00104329	0.000161063	1.87846e-05	1.91859e-06	1.40899e-07	1.01521e-08	5.72495e-10	3.22527e-11	1.28731e-12	6.61886e-14	1.88267e-15	7.36527e-17	1.73665e-18	5.14232e-20	8.91182e-22	2.47643e-23	3.172e-25	6.63019e-27	8.17843e-29	1.42431e-30	1.29605e-32	2.22903e-34	1.66013e-36	2.44048e-38	1.7609e-40	1.87801e-42	1.12227e-44	1.53469e-46	6.7984e-49	6.03809e-51	2.97028e-53	2.69467e-55	9.73245e-58	7.82896e-60	2.46906e-62	1.96e-64	6.08094e-67	3.23287e-69	8.96492e-72	6.91759e-74	1.43135e-76	6.62674e-79	1.60033e-81	8.13886e-84	1.48749e-86	7.41979e-89	1.25137e-91	5.9376e-94	9.82957e-97	3.02757e-99	4.83698e-102	2.40855e-104	2.7661e-107	8.03357e-110	1.29328e-112	4.37767e-115	4.71191e-118	1.45728e-120	1.48371e-123	4.69566e-126	6.83754e-129	3.2083e-131	2.45383e-133	
N36	0.192535	0.249231	0.238726	0.174717	0.0936787	0.0379279	0.0105938	0.00221548	0.000333344	3.79837e-05	3.16101e-06	2.38618e-07	1.23281e-08	6.54565e-10	2.57336e-11	1.03042e-12	2.78978e-14	9.66469e-16	1.84182e-17	4.78322e-19	7.55933e-21	1.47899e-22	1.7453e-24	3.31121e-26	2.91745e-28	4.12818e-30	3.58227e-32	4.3212e-34	2.77459e-36	3.24593e-38	1.71994e-40	1.741e-42	8.75469e-45	6.4749e-47	2.73017e-49	2.4977e-51	7.94954e-54	4.86277e-56	1.68434e-58	1.03823e-60	2.71566e-63	1.51338e-65	3.45867e-68	1.84784e-70	4.22428e-73	1.57958e-75	3.25138e-78	1.7357e-80	2.69212e-83	8.85227e-86	1.60092e-88	5.58414e-91	7.75098e-94	2.77018e-96	3.56858e-99	1.1967e-101	1.52045e-104	3.40887e-107	4.11542e-110	1.41459e-112	1.26254e-115	2.69793e-118	3.27247e-121	7.97857e-124	6.65853e-127	1.45795e-129	1.16039e-132	2.66329e-135	3.05131e-138	1.0526e-140	5.69397e-143	
N37	0.132639	0.215831	0.258919	0.217515	0.119083	0.0443189	0.00996021	0.00156141	0.000159861	1.21828e-05	6.20432e-07	3.25015e-08	9.66554e-10	3.58023e-11	7.94255e-13	2.13419e-14	3.02466e-16	6.96038e-18	6.66303e-20	1.13809e-21	9.20731e-24	1.1112e-25	6.682e-28	9.0379e-30	3.8272e-32	3.37603e-34	1.56873e-36	1.29377e-38	3.98456e-41	3.01627e-43	7.84768e-46	5.72216e-48	1.36645e-50	6.05384e-53	1.26814e-55	8.73858e-58	1.26405e-60	4.62488e-63	8.13414e-66	3.61653e-68	4.37489e-71	1.56259e-73	1.68662e-76	6.34274e-79	6.96008e-82	1.53944e-84	1.65752e-87	7.10412e-90	4.95892e-93	9.49824e-96	8.5838e-99	2.07087e-101	1.3249e-104	3.30867e-107	2.10687e-110	5.36553e-113	3.09642e-116	4.05228e-119	2.40369e-122	6.36413e-125	2.50096e-128	3.2748e-131	2.17585e-134	4.09672e-137	1.50879e-140	2.02986e-143	7.38302e-147	1.18976e-149	5.60957e-153	1.1713e-155	4.12958e-158	
N38	0.0485103	0.126709	0.24221	0.291152	0.197637	0.0765582	0.0151672	0.00190278	0.000144378	8.18986e-06	2.97072e-07	1.22562e-08	2.57208e-10	7.35421e-12	1.13078e-13	2.27995e-15	2.20831e-17	3.82679e-19	2.53598e-21	3.36377e-23	1.96632e-25	1.80129e-27	8.01736e-30	9.16693e-32	2.82774e-34	1.95915e-36	6.84293e-39	4.72214e-41	1.06618e-43	6.40358e-46	1.24984e-48	7.67954e-51	1.34916e-53	4.76828e-56	7.60332e-59	4.52078e-61	4.89971e-64	1.44655e-66	2.02269e-69	7.70026e-72	7.18671e-75	2.19516e-77	1.83636e-80	5.8639e-83	5.12787e-86	9.48058e-89	8.56715e-92	3.39117e-94	1.86477e-97	2.97362e-100	2.15142e-103	4.56909e-106	2.29758e-109	4.99118e-112	2.62507e-115	6.21981e-118	2.81919e-121	3.14141e-124	1.5008e-127	3.55213e-130	1.11114e-133	1.25983e-136	7.05653e-140	1.2288e-142	3.5982e-146	4.09336e-149	1.20579e-152	1.75789e-155	6.60259e-159	1.20111e-161	3.76249e-164	
Fimbristylis_autumnalis	0	0	0	0	1	0	0	0	0	0	0	0	0	0	0	0	0	0	0	0	0	0	0	0	0	0	0	0	0	0	0	0	0	0	0	0	0	0	0	0	0	0	0	0	0	0	0	0	0	0	0	0	0	0	0	0	0	0	0	0	0	0	0	0	0	0	0	0	0	0	0	
Fimbristylis_complanata	0	0	0	0	1	0	0	0	0	0	0	0	0	0	0	0	0	0	0	0	0	0	0	0	0	0	0	0	0	0	0	0	0	0	0	0	0	0	0	0	0	0	0	0	0	0	0	0	0	0	0	0	0	0	0	0	0	0	0	0	0	0	0	0	0	0	0	0	0	0	0	
N39	0.000194573	0.00419335	0.0463246	0.276299	0.570359	0.0979337	0.00459373	0.000100404	1.16703e-06	8.75401e-09	4.20304e-11	1.76743e-13	4.61165e-16	1.21066e-18	2.18423e-21	3.93195e-24	4.61787e-27	6.79012e-30	5.52375e-33	6.01881e-36	4.07508e-39	3.31559e-42	1.69026e-45	1.34272e-48	5.12136e-52	2.99594e-55	1.10599e-58	5.49023e-62	1.50483e-65	7.02902e-69	1.59011e-72	6.40651e-76	1.35102e-79	4.05006e-83	7.20737e-87	2.56667e-90	3.5064e-94	8.63397e-98	1.27464e-101	3.06237e-105	3.46488e-109	7.74478e-113	7.62236e-117	1.5721e-120	1.55728e-124	2.3491e-128	2.08201e-132	4.23902e-136	2.87455e-140	3.7958e-144	2.9083e-148	3.90052e-152	2.3272e-156	3.15018e-160	1.72663e-164	2.1883e-168	1.16989e-172	1.03952e-176	5.19536e-181	6.41128e-185	2.44134e-189	2.0082e-193	9.71965e-198	8.66379e-202	3.00767e-206	2.43784e-210	8.06413e-215	6.78236e-219	3.34488e-223	4.33863e-227	7.50745e-231	
Fimbristylis_aestivalis	0	0	0	0	1	0	0	0	0	0	0	0	0	0	0	0	0	0	0	0	0	0	0	0	0	0	0	0	0	0	0	0	0	0	0	0	0	0	0	0	0	0	0	0	0	0	0	0	0	0	0	0	0	0	0	0	0	0	0	0	0	0	0	0	0	0	0	0	0	0	0	
Fimbristylis_squarrosa	0	0	0	0	1	0	0	0	0	0	0	0	0	0	0	0	0	0	0	0	0	0	0	0	0	0	0	0	0	0	0	0	0	0	0	0	0	0	0	0	0	0	0	0	0	0	0	0	0	0	0	0	0	0	0	0	0	0	0	0	0	0	0	0	0	0	0	0	0	0	0	
Fimbristylis_ovata	0	0	0	0	1	0	0	0	0	0	0	0	0	0	0	0	0	0	0	0	0	0	0	0	0	0	0	0	0	0	0	0	0	0	0	0	0	0	0	0	0	0	0	0	0	0	0	0	0	0	0	0	0	0	0	0	0	0	0	0	0	0	0	0	0	0	0	0	0	0	0	
N40	0.0203341	0.059449	0.133186	0.209622	0.230001	0.188169	0.1031	0.0414556	0.0117981	0.00248036	0.000357774	4.37401e-05	3.72307e-06	3.16397e-07	2.07989e-08	1.27957e-09	5.50296e-11	2.58826e-12	7.48634e-14	2.58483e-15	6.35711e-17	1.78064e-18	3.51446e-20	9.36988e-22	1.39012e-23	2.70595e-25	3.48917e-27	5.22073e-29	4.79765e-31	6.3495e-33	4.60675e-35	5.07849e-37	3.54733e-39	3.3004e-41	2.11418e-43	2.33915e-45	1.26522e-47	1.0734e-49	5.90507e-52	4.47616e-54	1.8721e-56	1.28404e-58	4.40456e-61	2.57311e-63	8.36053e-66	3.64282e-68	9.92022e-71	4.99646e-73	1.0611e-75	3.77823e-78	8.46612e-81	2.83759e-83	5.05895e-86	1.69407e-88	2.69744e-91	8.14078e-94	1.28599e-96	2.98684e-99	4.30545e-102	1.24888e-104	1.44386e-107	3.06974e-110	4.1658e-113	8.86648e-116	9.27645e-119	1.90519e-121	1.88551e-124	3.93217e-127	6.0891e-130	2.02557e-132	9.34125e-135	
Bulbostylis_barbata	0	0	0	0	1	0	0	0	0	0	0	0	0	0	0	0	0	0	0	0	0	0	0	0	0	0	0	0	0	0	0	0	0	0	0	0	0	0	0	0	0	0	0	0	0	0	0	0	0	0	0	0	0	0	0	0	0	0	0	0	0	0	0	0	0	0	0	0	0	0	0	
N41	5.41732e-05	0.000857887	0.00889527	0.0496817	0.161737	0.227879	0.292587	0.141269	0.0771188	0.0342574	0.00413567	0.00109173	0.000323951	0.000101506	8.83566e-06	1.0668e-06	1.09102e-07	2.84856e-08	3.6123e-09	7.36458e-10	3.99949e-11	1.69936e-12	2.42777e-14	1.64544e-15	1.5101e-16	4.8607e-17	6.43338e-18	1.11028e-18	4.00188e-20	2.41377e-21	3.1831e-23	9.9855e-25	1.38102e-26	1.00059e-27	3.62289e-29	3.86155e-30	5.89138e-32	1.89581e-33	2.20888e-35	5.49507e-37	2.54671e-39	2.90836e-41	7.07107e-44	5.18523e-46	8.24805e-49	2.30674e-51	2.63881e-54	1.15768e-56	6.25481e-60	8.81292e-63	5.12689e-66	7.92057e-69	2.69393e-72	3.70482e-75	1.12163e-78	1.42709e-81	3.3411e-85	1.79861e-88	3.97634e-92	4.18693e-95	5.46862e-99	2.48415e-102	5.36542e-106	3.4545e-109	3.60247e-113	3.57189e-97	3.54116e-98	1.5091e-98	1.24838e-99	3.95894e-100	1.61532e-100	
N42	1.08248e-05	0.00016178	0.00184077	0.0117677	0.0418349	0.0859689	0.123536	0.108791	0.0742718	0.0800746	0.0186014	0.0578345	0.0236848	0.138623	0.0193527	0.0482379	0.00714385	0.0324574	0.0082662	0.0631225	0.0134783	0.00505315	0.000210736	0.00103628	0.000163221	0.000989039	0.00180835	0.0258143	0.00209624	0.00267682	0.000167978	0.000664348	2.44901e-05	3.53983e-05	9.194e-06	0.000173597	7.82026e-06	4.78575e-06	5.49232e-07	2.17633e-06	3.01943e-08	1.69422e-08	1.21012e-10	6.30387e-11	3.72338e-13	1.54495e-14	2.22295e-16	1.41594e-16	1.39485e-19	2.20965e-21	5.43472e-24	4.24064e-25	3.18788e-28	3.51298e-29	5.08497e-32	8.30614e-33	2.84137e-36	1.63396e-38	9.64657e-42	9.6572e-43	2.04446e-46	1.99873e-48	6.981e-51	4.42663e-52	6.87601e-56	3.12861e-58	5.75604e-62	1.7566e-63	3.02512e-67	3.86191e-69	2.01657e-70	
Bulbostylis_juncoides	0	0	0	0	0	0	0	0	0	0	0	0	0	0	0	0	0	0	0	0	0	0	0	0	0	0	0	0	0	0	0	0	0	0	0	0	0	0	0	0	0	1	0	0	0	0	0	0	0	0	0	0	0	0	0	0	0	0	0	0	0	0	0	0	0	0	0	0	0	0	0	
Bulbostylis_densa	0	0	0	0	0	0	0	0	0	0	0	0	0	0	0	0	0	0	0	0	0	0	0	0	0	0	0	0	0	0	0	1	0	0	0	0	0	0	0	0	0	0	0	0	0	0	0	0	0	0	0	0	0	0	0	0	0	0	0	0	0	0	0	0	0	0	0	0	0	0	0	
Bulbostylis_hispidula	0	0	0	0	1	0	0	0	0	0	0	0	0	0	0	0	0	0	0	0	0	0	0	0	0	0	0	0	0	0	0	0	0	0	0	0	0	0	0	0	0	0	0	0	0	0	0	0	0	0	0	0	0	0	0	0	0	0	0	0	0	0	0	0	0	0	0	0	0	0	0	
N43	0.00213194	0.00740643	0.0231267	0.0557437	0.101581	0.155029	0.182827	0.181753	0.137295	0.0843412	0.0408042	0.0186277	0.00617198	0.00224876	0.000668563	0.000194872	3.85649e-05	8.38845e-06	1.07211e-06	1.75343e-07	2.15175e-08	3.25093e-09	3.32934e-10	4.56345e-11	3.15574e-12	2.92374e-13	1.90243e-14	1.89438e-15	1.54693e-16	2.32656e-17	1.9553e-18	2.54628e-19	1.87005e-20	1.70851e-21	9.35433e-23	8.40316e-24	3.17741e-25	1.82855e-26	6.26691e-28	2.9358e-29	6.89968e-31	2.67386e-32	4.77142e-34	1.47321e-35	2.32839e-37	4.9209e-39	6.14091e-41	1.4547e-42	1.31408e-44	2.01191e-46	1.83292e-48	2.53122e-50	1.71579e-52	2.23905e-54	1.28851e-56	1.44631e-58	7.79458e-61	6.23516e-63	2.93457e-65	2.87984e-67	1.025e-69	6.89197e-72	2.83288e-74	1.88053e-76	5.66359e-79	3.47412e-81	9.65108e-84	5.89056e-86	2.47328e-88	2.36724e-90	3.62848e-92	
Eleocharis_dulcis	0	0	0	0	0	0	0	0	0	0	0	0	0	0	0	0	0	0	0	0	0	0	0	0	0	0	0	0	0	0	0	0	0	0	0	0	0	1	0	0	0	0	0	0	0	0	0	0	0	0	0	0	0	0	0	0	0	0	0	0	0	0	0	0	0	0	0	0	0	0	0	
N44	9.80892e-05	0.000654269	0.00388779	0.0162618	0.0478836	0.108217	0.184537	0.238224	0.213492	0.125844	0.0469893	0.0117766	0.00188956	0.000224351	1.95228e-05	1.31405e-06	6.57492e-08	2.75301e-09	8.26664e-11	2.22028e-12	4.90209e-14	1.02491e-15	1.80937e-17	3.34593e-19	4.47278e-21	6.0458e-23	6.33964e-25	6.34677e-27	4.85166e-29	4.34358e-31	2.65544e-33	1.8524e-35	9.67872e-38	4.98985e-40	1.93138e-42	7.95965e-45	2.24129e-47	6.66415e-50	1.48458e-52	3.45481e-55	5.78896e-58	1.22617e-60	1.65562e-63	3.17047e-66	4.19792e-69	7.03079e-72	7.97534e-75	1.43481e-77	1.36579e-80	1.87142e-83	1.85918e-86	2.10459e-89	1.64273e-92	1.91337e-95	1.23397e-98	1.14879e-101	7.67466e-105	5.77186e-108	3.17516e-111	2.84075e-114	1.27606e-117	9.42545e-121	4.64288e-124	3.28776e-127	1.33451e-130	9.5088e-134	3.57675e-137	2.49696e-140	1.33143e-143	1.43372e-146	1.9006e-149	
N45	3.5462e-06	3.23826e-05	0.000285844	0.00179857	0.00801719	0.0254396	0.0622395	0.128226	0.208736	0.263312	0.194147	0.0812626	0.0196146	0.00531646	0.00127072	0.000258	3.15034e-05	6.99776e-06	1.39049e-06	4.66695e-07	7.95982e-08	1.57956e-08	1.39088e-09	1.69854e-10	7.0526e-12	4.19507e-13	1.16484e-14	4.08626e-16	6.24627e-18	1.81257e-19	1.852e-21	3.80941e-23	3.34283e-25	4.17305e-27	2.65385e-29	4.12734e-31	1.69808e-33	1.47326e-35	6.36781e-38	5.65043e-40	1.62399e-42	1.1074e-44	2.68364e-47	1.87826e-49	4.15908e-52	1.70917e-54	3.30102e-57	2.04456e-59	2.79204e-62	9.28053e-65	1.48898e-67	5.61621e-70	6.51057e-73	2.3689e-75	2.47699e-78	8.24935e-81	8.50152e-84	1.70763e-86	1.72566e-89	6.30358e-92	4.24109e-95	7.89284e-98	7.95334e-101	1.80438e-103	1.12814e-106	2.31994e-109	1.34491e-112	2.74765e-115	2.20134e-118	6.36851e-121	3.00663e-123	
Eleocharis_uniglumis	0	0	0	0	0	0	0	0	0	0	0	0	0	0	0	0	0	0	0	0	0	0	0	1	0	0	0	0	0	0	0	0	0	0	0	0	0	0	0	0	0	0	0	0	0	0	0	0	0	0	0	0	0	0	0	0	0	0	0	0	0	0	0	0	0	0	0	0	0	0	0	
Eleocharis_acicularis	0	0	0	0	0	0	0	0	0	1	0	0	0	0	0	0	0	0	0	0	0	0	0	0	0	0	0	0	0	0	0	0	0	0	0	0	0	0	0	0	0	0	0	0	0	0	0	0	0	0	0	0	0	0	0	0	0	0	0	0	0	0	0	0	0	0	0	0	0	0	0	
N46	3.42585e-05	0.000253512	0.00183085	0.00934036	0.03359	0.0926188	0.189004	0.267543	0.237569	0.123656	0.0370258	0.00674746	0.000729957	5.44911e-05	2.91031e-06	1.25206e-07	3.89613e-09	1.67908e-10	3.31478e-12	1.11356e-13	1.74036e-15	4.19821e-17	4.15072e-19	8.68308e-21	5.76986e-23	8.79555e-25	5.02665e-27	5.61103e-29	2.26505e-31	2.48585e-33	7.81981e-36	6.76989e-38	2.34405e-40	1.34927e-42	3.63555e-45	3.62489e-47	6.33296e-50	3.24793e-52	8.71497e-55	5.1009e-57	7.3726e-60	3.77497e-62	5.08433e-65	3.19022e-67	3.95486e-70	1.1429e-72	1.35935e-75	8.42825e-78	6.39322e-81	1.65583e-83	1.69538e-86	7.21705e-89	4.63532e-92	1.25845e-94	8.26132e-98	3.07265e-100	1.75556e-103	2.95941e-106	1.96378e-109	7.65183e-112	3.05236e-115	4.60267e-118	3.21833e-121	7.37098e-124	2.8954e-127	6.04947e-130	2.27282e-133	4.60245e-136	2.33919e-139	5.84685e-142	3.00198e-144	
N47	1.77845e-07	4.12832e-06	7.63558e-05	0.000834254	0.00496604	0.0322295	0.162067	0.416765	0.312879	0.0647326	0.00522887	0.000212173	4.69301e-06	6.91722e-08	7.30714e-10	6.18717e-12	3.97373e-14	2.85354e-16	1.19955e-18	6.05012e-21	1.90597e-23	6.80756e-26	1.43282e-28	4.20673e-31	6.16493e-34	1.34241e-36	1.68079e-39	2.82458e-42	2.62994e-45	4.37664e-48	3.29322e-51	4.43668e-54	3.42022e-57	3.50585e-60	2.17122e-63	2.7767e-66	1.27556e-69	1.0999e-72	5.59591e-76	4.69053e-79	1.7258e-82	1.31965e-85	4.2009e-89	3.17929e-92	9.65055e-96	4.97531e-99	1.3199e-102	9.08113e-106	1.85863e-109	8.23565e-113	1.86796e-116	9.05174e-120	1.5801e-123	6.99114e-127	1.10983e-130	4.72649e-134	7.48421e-138	2.17056e-141	3.34032e-145	1.52205e-148	1.70841e-152	4.5787e-156	7.06351e-160	2.06475e-163	2.23863e-167	6.87217e-171	6.88438e-175	1.95883e-178	2.99026e-182	1.33368e-185	8.67067e-189	
Eleocharis_mamillata_subsp_mamillata	0	0	0	0	0	0	0	1	0	0	0	0	0	0	0	0	0	0	0	0	0	0	0	0	0	0	0	0	0	0	0	0	0	0	0	0	0	0	0	0	0	0	0	0	0	0	0	0	0	0	0	0	0	0	0	0	0	0	0	0	0	0	0	0	0	0	0	0	0	0	0	
Eleocharis_compressa_var_compressa	0	0	0	0	0	0	0	0	1	0	0	0	0	0	0	0	0	0	0	0	0	0	0	0	0	0	0	0	0	0	0	0	0	0	0	0	0	0	0	0	0	0	0	0	0	0	0	0	0	0	0	0	0	0	0	0	0	0	0	0	0	0	0	0	0	0	0	0	0	0	0	
Eleocharis_flavescens_var_olivacea	0	0	0	0	0	0	0	0	0	1	0	0	0	0	0	0	0	0	0	0	0	0	0	0	0	0	0	0	0	0	0	0	0	0	0	0	0	0	0	0	0	0	0	0	0	0	0	0	0	0	0	0	0	0	0	0	0	0	0	0	0	0	0	0	0	0	0	0	0	0	0	
N48	0.00223418	0.00958929	0.0324092	0.0765243	0.125534	0.166227	0.156299	0.139975	0.100462	0.0773395	0.0434956	0.0379659	0.0155677	0.0105776	0.00349671	0.00175894	0.000361483	0.000153616	2.09443e-05	6.82719e-06	8.1153e-07	1.62473e-07	1.41029e-08	3.66309e-09	1.86868e-10	2.26559e-11	1.18404e-12	1.34359e-13	3.74012e-15	3.04408e-16	6.59677e-18	5.15314e-19	8.59404e-21	3.01788e-22	4.20065e-24	2.54447e-25	2.03793e-27	4.80892e-29	4.93236e-31	1.52478e-32	8.68002e-35	1.80202e-36	8.48547e-39	1.77207e-40	8.10069e-43	8.42138e-45	3.97599e-47	9.5259e-49	2.29472e-51	1.7372e-53	5.30524e-56	5.5782e-58	1.07903e-60	1.05859e-62	2.14586e-65	2.37395e-67	3.69934e-70	1.57992e-72	2.6309e-75	2.59473e-77	2.57473e-80	1.0389e-82	1.97717e-85	1.31522e-87	1.11629e-90	4.19009e-93	3.52633e-96	1.75649e-98	1.80027e-101	1.03657e-103	1.27978e-105	
N49	0.000423336	0.00237751	0.0108424	0.0340889	0.0740509	0.123954	0.150587	0.158351	0.137596	0.111719	0.0751793	0.059381	0.0309007	0.0189376	0.00748135	0.00315188	0.000720152	0.000222596	2.86185e-05	5.47691e-06	4.89942e-07	5.42481e-08	2.98654e-09	2.93135e-10	9.4878e-12	4.96067e-13	1.29994e-14	5.18888e-16	7.86003e-18	2.49979e-19	2.59096e-21	7.22007e-23	6.17725e-25	1.04363e-26	6.72456e-29	1.76502e-30	7.138e-33	9.5276e-35	5.00439e-37	6.77024e-39	2.06133e-41	2.50208e-43	6.25014e-46	7.24537e-48	1.83155e-50	1.19667e-52	2.65895e-55	3.24372e-57	4.38686e-60	2.47335e-62	4.07455e-65	2.73178e-67	2.97938e-70	1.74691e-72	1.84305e-75	1.19321e-77	1.0876e-80	3.38293e-83	3.0763e-86	1.85641e-88	1.05895e-91	2.89828e-94	2.96093e-97	1.16426e-99	5.67807e-103	1.66081e-105	8.26748e-109	3.05678e-111	1.85943e-114	6.32861e-117	5.62646e-119	
N50	6.00609e-05	0.00044936	0.00291208	0.0127161	0.0373856	0.0807962	0.124216	0.154441	0.156853	0.140835	0.106481	0.0847845	0.0490496	0.029879	0.0126359	0.00501453	0.0011454	0.000305069	3.42917e-05	5.22081e-06	3.52803e-07	3.08803e-08	1.04718e-09	8.45386e-11	1.46461e-12	7.18579e-14	1.06923e-15	3.59758e-17	2.79427e-19	8.17313e-21	4.24408e-23	9.41634e-25	3.94403e-27	4.80192e-29	1.42255e-31	2.21649e-33	3.94622e-36	3.06263e-38	6.41347e-41	4.85247e-43	5.67338e-46	3.45708e-48	3.28488e-51	2.04377e-53	2.03973e-56	5.12078e-59	4.30065e-62	2.94258e-64	1.28098e-67	2.74061e-70	2.34254e-73	7.60537e-76	2.73594e-79	7.5405e-82	2.84551e-85	1.05979e-87	3.53709e-91	3.87669e-94	1.5376e-97	6.19225e-100	1.14135e-103	1.23248e-106	5.5796e-110	1.2893e-112	2.04327e-116	2.41962e-119	4.76526e-123	1.06055e-125	1.79e-129	2.29695e-132	7.50212e-135	
N51	3.19855e-05	0.000243691	0.00171364	0.00822326	0.0266125	0.0627061	0.105076	0.141413	0.154386	0.146405	0.116699	0.0993072	0.0601602	0.0424784	0.0193483	0.0108591	0.00244162	0.00163352	0.000149783	0.00010183	6.62691e-06	2.76635e-06	8.4479e-08	3.88569e-08	5.97385e-10	1.77955e-10	2.76988e-12	5.30105e-13	4.00173e-15	6.94778e-16	3.83871e-18	5.68442e-19	3.3573e-21	1.53295e-22	5.89464e-25	8.69496e-26	1.47617e-28	4.70582e-30	3.53169e-32	1.78439e-33	2.14308e-36	7.91523e-38	1.28828e-40	1.36562e-41	2.35608e-44	2.01619e-46	5.01383e-49	6.63555e-50	4.14047e-53	4.1748e-55	1.38234e-57	7.58995e-59	3.66622e-62	5.57287e-64	5.28889e-67	3.76407e-68	1.55913e-71	7.72145e-74	9.05504e-77	5.49649e-78	1.38494e-81	6.14087e-84	9.19092e-87	2.90743e-88	6.02526e-92	4.5319e-94	1.56018e-97	4.00274e-99	8.80267e-103	4.30132e-105	1.41704e-106	
N52	1.69932e-07	1.2508e-06	9.29038e-06	5.35295e-05	0.000227897	0.000792398	0.00232935	0.00623412	0.0127861	0.0178951	0.0213448	0.0280205	0.0330571	0.0381789	0.0530356	0.0914522	0.143089	0.194764	0.167734	0.111394	0.0474465	0.0182176	0.00690318	0.00343775	0.00114539	0.000364587	7.19164e-05	1.20631e-05	1.24033e-06	1.43206e-07	1.44018e-08	3.47926e-09	8.825e-10	2.58701e-10	5.21052e-11	1.31178e-11	1.82985e-12	3.0757e-13	3.42469e-14	4.02428e-15	2.90439e-16	2.61793e-17	1.26049e-18	7.7244e-20	2.90701e-21	1.19337e-22	3.13026e-24	1.14478e-25	2.13186e-27	5.38723e-29	8.85256e-31	1.80118e-32	2.18975e-34	3.95675e-36	3.83521e-38	5.5991e-40	4.89837e-42	5.47009e-44	3.94954e-46	4.58378e-48	2.5969e-50	2.25572e-52	1.30715e-54	1.01095e-56	4.56626e-59	3.39358e-61	1.39407e-63	1.01947e-65	6.65241e-68	7.77224e-70	1.32558e-71	
N53	8.83311e-18	1.99368e-15	2.39369e-13	1.50453e-11	6.73326e-10	3.48865e-09	1.01436e-08	3.18981e-07	1.11861e-05	2.9295e-05	7.04832e-06	8.16676e-05	0.000300169	2.11364e-05	1.15708e-05	0.000350153	0.00885284	0.120059	0.612822	0.243879	0.0129208	0.000541241	9.47954e-05	1.60026e-05	1.47667e-06	6.32712e-08	7.88023e-10	4.46376e-12	1.52426e-14	4.02526e-17	2.54578e-19	1.82334e-20	1.43928e-21	1.01521e-22	5.61613e-24	2.70521e-25	8.30086e-27	1.79495e-28	2.04685e-30	1.01807e-32	2.64461e-35	4.70915e-38	5.29535e-41	4.77656e-44	3.10482e-47	1.75365e-50	7.43837e-54	3.44117e-57	1.12859e-60	4.46248e-64	1.35926e-67	4.53741e-71	1.11853e-74	3.36505e-78	6.645e-82	1.49525e-85	2.72085e-89	4.67536e-93	6.50496e-97	1.03769e-100	1.12224e-104	1.33785e-108	1.38988e-112	1.3189e-116	1.05486e-120	1.04102e-124	7.77746e-129	9.13122e-133	1.30605e-136	2.42027e-140	4.65405e-144	
Schoenoplectus_pungens	0	0	0	0	0	0	0	0	0	0	0	0	0	0	0	0	0	0	0	0	0	0	0	0	0	0	0	0	0	0	0	0	0	0	0	0	0	0	1	0	0	0	0	0	0	0	0	0	0	0	0	0	0	0	0	0	0	0	0	0	0	0	0	0	0	0	0	0	0	0	0	
N54	1.85191e-22	1.68568e-19	6.86188e-17	1.35882e-14	1.45165e-12	8.52095e-12	8.84515e-11	4.49954e-09	3.26877e-07	1.33188e-06	3.23834e-07	3.30233e-06	1.63217e-05	1.89001e-06	8.27972e-07	3.44937e-05	0.00267053	0.0860749	0.642254	0.257269	0.0115207	0.000148545	3.40629e-06	7.13102e-08	7.06836e-10	2.93925e-12	4.12885e-15	2.63948e-18	9.98079e-22	3.92379e-25	1.05273e-28	1.59388e-31	4.45342e-34	1.23877e-36	2.62639e-39	4.22447e-42	4.39269e-45	3.0081e-48	1.12717e-51	2.07059e-55	2.11115e-59	1.40231e-63	6.30923e-68	2.12143e-72	5.40822e-77	3.73685e-81	1.43937e-85	1.62571e-88	6.01485e-93	5.19091e-96	2.10916e-100	9.27222e-104	4.07777e-108	1.73119e-111	1.75237e-115	1.73328e-119	3.88824e-123	1.95725e-127	1.24923e-131	8.8175e-136	1.46895e-140	5.71099e-145	1.63911e-149	1.51977e-154	3.76716e-159	1.09113e-163	1.28894e-168	4.77694e-172	2.97449e-176	2.09821e-179	1.00082e-182	
Schoenoplectus_acutus_var_acutus	0	0	0	0	0	0	0	0	0	0	0	0	0	0	0	0	0	0	1	0	0	0	0	0	0	0	0	0	0	0	0	0	0	0	0	0	0	0	0	0	0	0	0	0	0	0	0	0	0	0	0	0	0	0	0	0	0	0	0	0	0	0	0	0	0	0	0	0	0	0	0	
N55	7.71013e-25	7.98385e-22	4.08017e-19	9.0547e-17	1.06321e-14	2.54639e-13	9.45836e-12	2.92725e-10	2.04032e-08	8.13703e-08	7.51986e-08	3.95052e-07	2.344e-06	6.92042e-07	8.58081e-07	9.09702e-06	0.000702712	0.0435524	0.569401	0.355049	0.0309813	0.000299457	1.05905e-06	3.4781e-09	2.98966e-11	2.49165e-13	5.91219e-15	2.30511e-17	6.03235e-20	1.15305e-22	3.95123e-26	3.63065e-29	1.62221e-32	6.99048e-35	2.84649e-38	2.42595e-40	4.7864e-44	2.4384e-46	2.12271e-50	3.4873e-53	2.04629e-57	1.42056e-60	6.66562e-65	2.91223e-68	3.01879e-72	4.57577e-76	2.70654e-80	1.22756e-83	5.11555e-88	3.79325e-91	1.06574e-94	2.05645e-98	2.55902e-102	6.20616e-105	1.59481e-109	1.11572e-112	2.62884e-116	2.33528e-120	6.37363e-125	4.98581e-128	5.87704e-133	7.0674e-137	6.16491e-141	4.37498e-145	5.883e-150	1.62573e-153	3.80246e-158	3.87678e-161	4.61075e-166	3.67872e-169	4.6894e-172	
Schoenoplectus_lacustris	0	0	0	0	0	0	0	0	0	0	0	0	0	0	0	0	0	0	0	0	1	0	0	0	0	0	0	0	0	0	0	0	0	0	0	0	0	0	0	0	0	0	0	0	0	0	0	0	0	0	0	0	0	0	0	0	0	0	0	0	0	0	0	0	0	0	0	0	0	0	0	
Schoenoplectus_heterochaetus	0	0	0	0	0	0	0	0	0	0	0	0	0	0	0	0	0	0	1	0	0	0	0	0	0	0	0	0	0	0	0	0	0	0	0	0	0	0	0	0	0	0	0	0	0	0	0	0	0	0	0	0	0	0	0	0	0	0	0	0	0	0	0	0	0	0	0	0	0	0	0	
Actinoscirpus_grossus	0	0	0	0	0	0	0	0	0	0	0	0	0	0	0	0	0	0	0	0	0	0	0	0	0	0	0	0	0	0	0	0	0	0	0	0	0	0	0	0	1	0	0	0	0	0	0	0	0	0	0	0	0	0	0	0	0	0	0	0	0	0	0	0	0	0	0	0	0	0	0	
N56	1.08835e-06	1.24697e-05	0.000131289	0.000916656	0.00434407	0.0145593	0.0345397	0.0643857	0.100168	0.133536	0.150588	0.15581	0.126976	0.0979584	0.060969	0.0342516	0.0133509	0.00580069	0.00129038	0.000351055	5.06703e-05	8.20715e-06	6.3179e-07	7.47716e-08	3.09811e-09	2.10085e-10	6.31137e-12	2.6577e-13	4.49424e-15	1.47655e-16	1.61033e-18	3.61854e-20	3.1202e-22	4.24453e-24	2.54823e-26	3.92862e-28	1.50173e-30	1.27759e-32	5.13082e-35	4.0772e-37	1.02483e-39	6.78246e-42	1.35282e-44	8.36499e-47	1.59091e-49	5.38709e-52	8.44151e-55	4.75356e-57	4.80483e-60	1.30106e-62	1.64858e-65	5.31651e-68	4.28175e-71	1.17323e-73	8.6415e-77	2.43367e-79	1.60869e-82	2.39441e-85	1.5695e-88	4.33324e-91	1.81255e-94	2.34918e-97	1.44695e-100	2.49145e-103	9.00157e-107	1.17898e-109	4.12196e-113	6.18648e-116	2.57857e-119	4.54238e-122	1.38409e-124	
N57	1.27632e-07	1.66592e-06	2.08385e-05	0.000175133	0.00104078	0.00434647	0.0123875	0.0277272	0.0547609	0.0942593	0.136227	0.168096	0.164979	0.139621	0.0983787	0.0576389	0.0255735	0.0107763	0.00291905	0.000859139	0.000170931	3.65339e-05	4.21475e-06	8.01357e-07	5.22917e-08	6.28514e-09	3.08126e-10	2.27811e-11	6.28186e-13	3.79074e-14	6.62184e-16	2.72447e-17	3.70851e-19	9.91886e-21	9.257e-23	2.43256e-24	1.50442e-26	2.41428e-28	1.48973e-30	1.9619e-32	7.80605e-35	9.491e-37	2.90736e-39	3.11965e-41	1.02038e-43	5.80824e-46	1.48509e-48	1.65758e-50	2.5749e-53	1.2713e-55	3.03721e-58	1.79658e-60	2.26801e-63	1.1813e-65	1.38281e-68	7.84585e-71	8.50254e-74	2.21624e-76	2.40593e-79	1.37928e-81	8.73376e-85	2.04199e-87	2.09115e-90	7.56114e-93	4.05489e-96	9.40557e-99	5.54578e-102	1.89329e-104	1.07344e-107	3.13203e-110	1.85587e-112	
N58	3.73837e-08	5.04461e-07	6.77878e-06	6.22385e-05	0.000410944	0.00193398	0.00612152	0.0146142	0.0319929	0.0655788	0.117265	0.172007	0.190189	0.168492	0.120105	0.0672707	0.0286496	0.0109153	0.00320218	0.000926258	0.000207001	4.22159e-05	5.56347e-06	1.01928e-06	7.90915e-08	1.11808e-08	7.59877e-10	7.50998e-11	2.74814e-12	2.88246e-13	6.32992e-15	4.78938e-16	8.77706e-18	4.50683e-19	5.33621e-21	2.7343e-22	2.1702e-24	7.5271e-26	5.43633e-28	1.4894e-29	7.54555e-32	1.78314e-33	7.03715e-36	1.42126e-37	5.88857e-40	6.7671e-42	2.14121e-44	4.33923e-46	9.14666e-49	8.92679e-51	3.45082e-53	3.37567e-55	6.17198e-58	7.88565e-60	1.24356e-62	1.51113e-64	3.18892e-67	1.39653e-69	2.58262e-72	4.11878e-74	3.62697e-77	1.76877e-79	4.09614e-82	3.32379e-84	2.6095e-87	1.52206e-89	1.50715e-92	1.54955e-94	1.30916e-97	7.64385e-100	1.17536e-101	
Scirpus_ficinioides	0	0	0	0	0	0	0	0	0	0	0	0	0	0	0	0	0	0	0	0	0	0	0	0	0	1	0	0	0	0	0	0	0	0	0	0	0	0	0	0	0	0	0	0	0	0	0	0	0	0	0	0	0	0	0	0	0	0	0	0	0	0	0	0	0	0	0	0	0	0	0	
N59	9.97721e-11	3.17144e-09	8.69863e-08	1.37375e-06	1.51885e-05	0.000124303	0.000624161	0.00171143	0.00461238	0.0130179	0.0357871	0.0974036	0.207968	0.286477	0.225831	0.0969875	0.0243091	0.00442486	0.000620262	7.71781e-05	7.50625e-06	5.40739e-07	2.5995e-08	1.00688e-09	2.61056e-11	7.23308e-13	1.87089e-14	5.64075e-16	1.43274e-17	5.34753e-19	1.25756e-20	3.94277e-22	7.65797e-24	1.53283e-25	1.73354e-27	2.6902e-29	1.82043e-31	1.73544e-33	9.03872e-36	5.88094e-38	1.9732e-40	1.056e-42	2.44253e-45	9.45847e-48	1.79667e-50	4.93671e-53	6.78389e-56	1.72976e-58	1.75216e-61	3.15388e-64	2.90565e-67	4.27739e-70	2.93035e-73	4.04972e-76	2.20679e-79	2.46884e-82	1.31029e-85	1.06046e-88	4.62323e-92	4.74993e-95	1.52172e-98	1.02774e-101	4.09368e-105	2.56009e-108	6.93726e-112	4.5552e-115	1.07484e-118	6.3997e-122	2.23794e-125	1.99273e-128	2.53971e-131	
N60	4.32862e-11	1.16235e-09	2.94514e-08	4.76465e-07	5.38059e-06	4.38198e-05	0.000233158	0.000754581	0.00223791	0.00709902	0.0208828	0.0636014	0.170957	0.2958	0.273617	0.124374	0.0317783	0.00696759	0.00135183	0.000246888	4.29121e-05	5.21616e-06	4.33717e-07	8.92999e-08	9.85368e-09	4.35484e-09	5.56387e-10	1.86396e-10	1.24241e-11	3.13169e-12	1.15574e-13	1.62971e-14	3.53877e-16	2.62067e-17	3.2644e-19	1.6584e-20	1.25049e-22	3.74359e-24	3.12489e-26	5.62034e-28	2.88748e-30	8.34329e-32	2.68725e-34	4.54254e-36	2.92071e-38	2.00533e-40	6.39388e-43	1.43952e-44	2.1385e-47	1.54549e-49	5.79347e-52	5.42685e-54	6.17623e-57	4.8996e-59	6.48116e-62	8.96819e-64	8.02121e-67	3.04907e-69	3.84219e-72	5.09885e-74	2.79786e-77	9.08741e-80	9.98612e-83	8.78099e-85	3.87663e-88	1.0786e-90	7.10842e-94	5.5642e-96	2.32481e-99	7.08079e-102	5.83271e-104	
Isolepis_crassiuscula	0	0	0	0	0	0	0	0	0	0	0	0	0	0	0	0	0	0	0	0	0	0	0	0	0	0	0	0	0	0	0	1	0	0	0	0	0	0	0	0	0	0	0	0	0	0	0	0	0	0	0	0	0	0	0	0	0	0	0	0	0	0	0	0	0	0	0	0	0	0	0	
N61	6.07976e-13	2.55753e-11	9.22643e-10	1.87079e-08	2.70725e-07	3.28114e-06	2.66003e-05	7.59341e-05	0.000229916	0.000744522	0.00252878	0.0173803	0.105006	0.322445	0.385987	0.143378	0.0206811	0.00145282	5.76193e-05	1.53933e-06	3.23962e-08	5.19531e-10	6.79458e-12	8.8374e-14	7.67686e-16	7.29332e-18	5.60584e-20	4.16037e-22	2.28863e-24	1.26754e-26	4.65795e-29	1.67907e-31	4.13773e-34	1.01412e-36	1.68245e-39	3.36944e-42	4.18624e-45	7.49674e-48	9.33007e-51	1.6003e-53	1.86665e-56	3.59947e-59	3.72356e-62	5.34152e-65	6.30717e-68	6.65132e-71	5.62267e-74	6.60885e-77	4.09594e-80	3.44056e-83	2.32954e-86	1.74862e-89	9.06321e-93	8.40082e-96	3.93375e-99	3.57067e-102	1.65363e-105	1.26519e-108	5.29797e-112	4.13026e-115	1.42757e-118	8.61798e-122	2.79399e-125	1.55032e-128	4.09373e-132	1.9448e-135	4.55389e-139	2.09256e-142	5.91246e-146	4.29136e-149	4.69254e-152	
Ficinia_spiralis	0	0	0	0	0	0	0	0	0	0	0	0	0	0	1	0	0	0	0	0	0	0	0	0	0	0	0	0	0	0	0	0	0	0	0	0	0	0	0	0	0	0	0	0	0	0	0	0	0	0	0	0	0	0	0	0	0	0	0	0	0	0	0	0	0	0	0	0	0	0	0	
Ficinia_nodosa	0	0	0	0	0	0	0	0	0	0	0	0	0	0	1	0	0	0	0	0	0	0	0	0	0	0	0	0	0	0	0	0	0	0	0	0	0	0	0	0	0	0	0	0	0	0	0	0	0	0	0	0	0	0	0	0	0	0	0	0	0	0	0	0	0	0	0	0	0	0	0	
N62	7.58865e-11	1.64234e-09	3.48596e-08	4.972e-07	4.84904e-06	3.42066e-05	0.000182944	0.000674783	0.00212027	0.00781087	0.0231572	0.05569	0.143519	0.272984	0.29134	0.153843	0.03926	0.00730831	0.00158254	0.000381248	8.93403e-05	1.40158e-05	1.45489e-06	1.67182e-07	1.22585e-08	3.51216e-09	8.45373e-10	3.10737e-10	4.68797e-11	1.2664e-11	1.07889e-12	1.62678e-13	7.70488e-15	5.93136e-16	1.46395e-17	7.11636e-19	1.00377e-20	2.88968e-22	3.5936e-24	6.8134e-26	5.84952e-28	1.33944e-29	7.82392e-32	1.10914e-33	8.61646e-36	7.34413e-38	3.48196e-40	4.96937e-42	1.41123e-44	1.01958e-46	4.14951e-49	3.05478e-51	6.65759e-54	4.71695e-56	9.56344e-59	7.81742e-61	1.3071e-63	5.49604e-66	9.51886e-69	7.15097e-71	7.80819e-74	2.72767e-76	3.9059e-79	2.02958e-81	1.76419e-84	5.18009e-87	4.89798e-90	2.18999e-92	1.92687e-95	7.29103e-98	5.43149e-100	
Isolepis_prolifera	0	0	0	0	0	0	0	0	0	0	0	0	0	0	0	0	0	0	0	0	0	0	0	0	0	0	0	0	0	0	0	0	1	0	0	0	0	0	0	0	0	0	0	0	0	0	0	0	0	0	0	0	0	0	0	0	0	0	0	0	0	0	0	0	0	0	0	0	0	0	0	
Isolepis_setacea	0	0	0	0	0	0	0	0	0	0	0	0	0	1	0	0	0	0	0	0	0	0	0	0	0	0	0	0	0	0	0	0	0	0	0	0	0	0	0	0	0	0	0	0	0	0	0	0	0	0	0	0	0	0	0	0	0	0	0	0	0	0	0	0	0	0	0	0	0	0	0	
Scirpoides_holoschoenus	0	0	0	0	0	0	0	0	0	0	0	0	0	0	0	0	0	0	0	0	1	0	0	0	0	0	0	0	0	0	0	0	0	0	0	0	0	0	0	0	0	0	0	0	0	0	0	0	0	0	0	0	0	0	0	0	0	0	0	0	0	0	0	0	0	0	0	0	0	0	0	
N63	3.39116e-07	2.87492e-06	2.52161e-05	0.00016551	0.000793523	0.00284326	0.0082077	0.019994	0.0422887	0.0732194	0.100681	0.121553	0.133447	0.131509	0.113128	0.0910378	0.067485	0.0492238	0.02543	0.0126199	0.00454818	0.00143916	0.000286311	6.3846e-05	6.98637e-06	9.1625e-07	6.66006e-08	5.41535e-09	2.35951e-10	1.43079e-11	4.08054e-13	1.68932e-14	3.71792e-16	1.06607e-17	1.6661e-19	4.45767e-21	4.98439e-23	9.2051e-25	1.01543e-26	1.53235e-28	1.21576e-30	1.83002e-32	1.14063e-34	1.39423e-36	8.70925e-39	7.45161e-41	3.66394e-43	3.9808e-45	1.432e-47	1.0089e-49	3.97705e-52	2.77816e-54	7.91396e-57	5.01029e-59	1.25451e-61	7.62857e-64	1.77101e-66	7.38925e-69	1.57539e-71	8.7642e-74	1.40198e-76	5.02e-79	9.50827e-82	3.67041e-84	5.02924e-87	1.69082e-89	2.19601e-92	7.76453e-95	1.34643e-97	6.82784e-100	5.63339e-102	
N64	2.21493e-08	2.06532e-07	2.05277e-06	1.54913e-05	8.64042e-05	0.000355448	0.0012129	0.00377495	0.010608	0.0238603	0.038562	0.04843	0.0526657	0.0559397	0.0593086	0.0629334	0.0668306	0.084672	0.103894	0.123061	0.114388	0.0842745	0.039762	0.0196906	0.00438936	0.00111483	0.000146732	2.06663e-05	1.4419e-06	1.40579e-07	5.89818e-09	3.6951e-10	1.09753e-11	4.56979e-13	9.20685e-15	3.24238e-16	4.57023e-18	1.11354e-19	1.47814e-21	2.80625e-23	2.72161e-25	5.37097e-27	4.01552e-29	6.12145e-31	4.95466e-33	5.23568e-35	3.19899e-37	4.63e-39	1.99071e-41	1.77834e-43	9.07222e-46	7.97528e-48	2.74202e-50	2.28191e-52	6.88074e-55	5.6022e-57	1.56471e-59	8.30294e-62	2.14906e-64	1.63121e-66	3.06472e-69	1.411e-71	3.20141e-74	1.7167e-76	2.71062e-79	1.1332e-81	1.76696e-84	8.62407e-87	1.5841e-89	9.59211e-92	9.98e-94	
Cyperus_fuscus	0	0	0	0	0	0	0	0	0	0	0	0	0	0	0	0	0	0	0	0	0	0	0	1	0	0	0	0	0	0	0	0	0	0	0	0	0	0	0	0	0	0	0	0	0	0	0	0	0	0	0	0	0	0	0	0	0	0	0	0	0	0	0	0	0	0	0	0	0	0	0	
Cyperus_eragrostis	0	0	0	0	0	0	0	0	0	0	0	0	0	0	0	0	0	0	0	0	1	0	0	0	0	0	0	0	0	0	0	0	0	0	0	0	0	0	0	0	0	0	0	0	0	0	0	0	0	0	0	0	0	0	0	0	0	0	0	0	0	0	0	0	0	0	0	0	0	0	0	
N65	1.58462e-16	4.78332e-14	5.4117e-12	7.30086e-10	1.11701e-09	1.09541e-08	1.34578e-06	6.24284e-05	1.94924e-06	8.59651e-06	5.29861e-05	1.58336e-06	2.4156e-05	0.00216276	0.0864197	0.875111	0.0357686	0.000383156	1.77008e-06	4.61755e-09	7.544e-12	8.32939e-15	6.48854e-18	3.94238e-21	1.74394e-24	6.48312e-28	1.94988e-31	5.01573e-35	1.05941e-38	2.2004e-42	3.47102e-46	5.45952e-50	7.12158e-54	8.61975e-58	8.47639e-62	8.82147e-66	6.73116e-70	5.5064e-74	3.63259e-78	2.42449e-82	1.27702e-86	7.59816e-91	3.26485e-95	1.59986e-99	6.11645e-104	2.48259e-108	7.75277e-113	2.8903e-117	7.50347e-122	2.31571e-126	5.55782e-131	1.46211e-135	2.92866e-140	7.44865e-145	1.27371e-149	2.74042e-154	4.5666e-159	8.40065e-164	1.19348e-168	2.22611e-173	2.68195e-178	4.1335e-183	4.99698e-188	6.70618e-193	6.7425e-198	9.11409e-203	8.63339e-208	1.21831e-212	1.86626e-217	4.00895e-222	9.32036e-227	
Cyperus_involucratus	0	0	0	0	0	0	0	0	0	0	0	0	0	0	0	1	0	0	0	0	0	0	0	0	0	0	0	0	0	0	0	0	0	0	0	0	0	0	0	0	0	0	0	0	0	0	0	0	0	0	0	0	0	0	0	0	0	0	0	0	0	0	0	0	0	0	0	0	0	0	0	
Cyperus_alternifolius	0	0	0	0	0	0	0	0	0	0	0	0	0	0	0	1	0	0	0	0	0	0	0	0	0	0	0	0	0	0	0	0	0	0	0	0	0	0	0	0	0	0	0	0	0	0	0	0	0	0	0	0	0	0	0	0	0	0	0	0	0	0	0	0	0	0	0	0	0	0	0	
N66	1.90398e-07	2.62329e-06	3.02827e-05	0.000234491	0.00121873	0.00500641	0.0166281	0.0458419	0.09161	0.144817	0.188714	0.198293	0.151859	0.0908182	0.0441538	0.0161489	0.0039135	0.000640971	6.35507e-05	4.41402e-06	2.06152e-07	7.02646e-09	1.68855e-10	3.50382e-12	4.92837e-14	6.32772e-16	6.13442e-18	5.26528e-20	3.40307e-22	2.23557e-24	1.0268e-26	4.92372e-29	1.80529e-31	6.55531e-34	1.81467e-36	5.69336e-39	1.22305e-41	2.99394e-44	5.68316e-47	1.1391e-49	1.72696e-52	3.17891e-55	3.96513e-58	6.03376e-61	7.04381e-64	8.87351e-67	8.56181e-70	1.05919e-72	8.5403e-76	8.65065e-79	6.72992e-82	5.93695e-85	3.84652e-88	3.30141e-91	1.84258e-94	1.3604e-97	7.32236e-101	4.61384e-104	2.15521e-107	1.39308e-110	5.55953e-114	3.00612e-117	1.21656e-120	5.97002e-124	2.05083e-127	1.00631e-130	3.35565e-134	1.76635e-137	9.70619e-141	8.07226e-144	7.99409e-147	
Schoenoplectus_hallii	0	0	0	0	0	0	0	0	0	0	1	0	0	0	0	0	0	0	0	0	0	0	0	0	0	0	0	0	0	0	0	0	0	0	0	0	0	0	0	0	0	0	0	0	0	0	0	0	0	0	0	0	0	0	0	0	0	0	0	0	0	0	0	0	0	0	0	0	0	0	0	
N67	1.38591e-08	2.39046e-07	3.85308e-06	4.12e-05	0.0002891	0.00150654	0.00634407	0.0217918	0.057186	0.0976171	0.129421	0.178199	0.176089	0.124193	0.0901516	0.0626505	0.0294892	0.0198322	0.00365164	0.00139613	0.000125367	2.1022e-05	6.72341e-07	7.41384e-08	1.10266e-09	6.89123e-11	6.81741e-13	2.38507e-14	1.3874e-16	3.88997e-18	1.5275e-20	2.84719e-22	1.32862e-24	1.25607e-26	3.84831e-29	8.98322e-31	1.43057e-33	1.183e-35	5.02665e-38	4.592e-40	5.62116e-43	5.07346e-45	6.18947e-48	8.26772e-50	8.5575e-53	2.87784e-55	3.32182e-58	4.59495e-60	2.36167e-63	7.22831e-66	6.99798e-69	6.46542e-71	2.60392e-74	7.92517e-77	4.21435e-80	3.3331e-82	1.14338e-85	2.06356e-88	1.09714e-91	7.78205e-94	1.8599e-97	2.8373e-100	1.68203e-103	6.01847e-106	1.40208e-109	3.80259e-112	9.02378e-116	2.63016e-118	7.71447e-122	1.80474e-124	1.30648e-126	
Schoenoplectus_articulatus	0	0	0	0	0	0	0	0	0	0	0	0	0	0	1	0	0	0	0	0	0	0	0	0	0	0	0	0	0	0	0	0	0	0	0	0	0	0	0	0	0	0	0	0	0	0	0	0	0	0	0	0	0	0	0	0	0	0	0	0	0	0	0	0	0	0	0	0	0	0	0	
N68	1.56365e-17	5.91094e-15	1.08117e-12	1.14674e-10	7.65753e-09	1.87199e-08	2.09621e-07	2.09556e-06	0.000117266	0.000684517	0.000300866	0.000333966	0.00204464	0.000728553	0.000200907	0.000144231	0.0026724	0.0569184	0.41799	0.435645	0.0782526	0.00391579	4.80772e-05	3.97477e-07	1.22018e-09	3.80368e-12	5.61916e-15	8.85498e-18	6.74425e-21	6.79321e-24	3.07097e-27	1.9588e-30	6.374e-34	2.72666e-37	6.21274e-41	2.52721e-44	4.20425e-48	1.18666e-51	2.10467e-55	4.68406e-59	5.83584e-63	1.37509e-66	1.28735e-70	2.27961e-74	2.14864e-78	2.66213e-82	1.90969e-86	3.03099e-90	1.56023e-94	1.61257e-98	9.01503e-103	9.60231e-107	3.84294e-111	3.42853e-115	1.22391e-119	1.10216e-123	3.44826e-128	2.04692e-132	5.8827e-137	4.49567e-141	9.61608e-146	4.6347e-150	1.14292e-154	5.86762e-159	1.02721e-163	4.50602e-168	7.37503e-173	3.37525e-177	7.62567e-182	5.13852e-186	4.93281e-190	
N69	9.82166e-24	2.89998e-20	2.98699e-17	1.28387e-14	6.65906e-12	1.16834e-11	6.5288e-10	3.97909e-09	8.29066e-07	5.26482e-05	4.15514e-05	9.78742e-06	2.62034e-05	1.94459e-05	4.03665e-06	2.06666e-06	6.36637e-06	0.000529458	0.0471179	0.68932	0.246193	0.0166386	3.80764e-05	1.46071e-07	3.63978e-10	9.58276e-13	2.44255e-15	1.51046e-18	8.25103e-22	3.41566e-25	3.35049e-29	1.63169e-32	1.75286e-36	2.11177e-39	1.40242e-43	1.54229e-46	5.78251e-51	3.551e-54	7.5698e-59	1.80569e-62	2.69082e-67	3.63687e-71	4.22803e-76	3.76764e-80	7.04934e-85	2.25239e-89	3.12958e-94	6.08667e-98	5.23673e-103	7.54435e-107	4.31313e-111	1.66358e-115	2.29009e-120	6.33566e-124	3.00563e-129	2.19311e-133	7.4754e-138	1.18529e-142	6.19206e-148	5.97421e-152	1.44821e-157	3.09641e-162	4.40935e-167	1.23845e-171	2.56667e-177	1.00345e-181	5.91116e-187	9.40545e-191	1.52444e-196	8.90005e-201	1.09104e-204	
Schoenoplectus_smithii_var_smithii	0	0	0	0	0	0	0	0	0	0	0	0	0	0	0	0	0	0	0	1	0	0	0	0	0	0	0	0	0	0	0	0	0	0	0	0	0	0	0	0	0	0	0	0	0	0	0	0	0	0	0	0	0	0	0	0	0	0	0	0	0	0	0	0	0	0	0	0	0	0	0	
Schoenoplectiella_hotarui	0	0	0	0	0	0	0	0	0	0	0	0	0	0	0	0	0	0	0	0	0	1	0	0	0	0	0	0	0	0	0	0	0	0	0	0	0	0	0	0	0	0	0	0	0	0	0	0	0	0	0	0	0	0	0	0	0	0	0	0	0	0	0	0	0	0	0	0	0	0	0	
Schoenoplectus_purshianus_var_purshianus	0	0	0	0	0	0	0	0	0	0	0	0	0	0	0	0	0	0	1	0	0	0	0	0	0	0	0	0	0	0	0	0	0	0	0	0	0	0	0	0	0	0	0	0	0	0	0	0	0	0	0	0	0	0	0	0	0	0	0	0	0	0	0	0	0	0	0	0	0	0	0	
Fuirena_ciliaris	0	0	0	0	0	0	0	0	0	0	0	0	0	0	0	0	0	0	1	0	0	0	0	0	0	0	0	0	0	0	0	0	0	0	0	0	0	0	0	0	0	0	0	0	0	0	0	0	0	0	0	0	0	0	0	0	0	0	0	0	0	0	0	0	0	0	0	0	0	0	0	
N70	6.22002e-15	6.34591e-13	3.92952e-11	6.26886e-10	1.14277e-08	2.796e-07	1.18091e-06	1.76876e-06	2.62323e-06	7.58454e-06	6.46535e-05	0.000667509	0.000505521	0.00283873	0.00310574	0.000878901	0.000298967	0.000233309	0.00118085	0.00133117	0.000620069	0.000683784	0.0113548	0.0488708	0.035395	0.0159252	0.0186864	0.157967	0.318024	0.288805	0.087663	0.00480752	7.89845e-05	7.01895e-07	3.76852e-09	1.75777e-11	5.50828e-14	2.86316e-15	1.22746e-15	4.98536e-16	1.42186e-16	3.97312e-17	6.86146e-18	1.09627e-18	1.08545e-19	7.75361e-21	2.50012e-22	2.54681e-24	1.04224e-26	3.47105e-29	7.22366e-32	1.32363e-34	1.62399e-37	2.11859e-40	1.75724e-43	1.5964e-46	1.05081e-49	7.00397e-53	3.46428e-56	2.01237e-59	7.64882e-63	3.39816e-66	1.16147e-69	4.23932e-73	1.16007e-76	3.97923e-80	1.03797e-83	3.80841e-87	1.5122e-90	7.5393e-94	4.06272e-97	
Bolboschoenus_planiculmis	0	0	0	0	0	0	0	0	0	0	0	0	0	0	0	0	0	0	0	0	0	0	0	0	0	0	0	1	0	0	0	0	0	0	0	0	0	0	0	0	0	0	0	0	0	0	0	0	0	0	0	0	0	0	0	0	0	0	0	0	0	0	0	0	0	0	0	0	0	0	0	
Bolboschoenus_fluviatilis	0	0	0	0	0	0	0	0	0	0	0	0	0	0	0	0	0	0	0	0	0	0	0	0	0	0	0	0	0	0	0	0	0	0	0	0	0	0	0	0	0	0	0	0	0	0	1	0	0	0	0	0	0	0	0	0	0	0	0	0	0	0	0	0	0	0	0	0	0	0	0	
N71	0.132547	0.184539	0.202612	0.184156	0.135571	0.0867172	0.0438303	0.0195978	0.00724502	0.0023544	0.000621628	0.000167236	3.25515e-05	6.84366e-06	1.09318e-06	1.79697e-07	2.0723e-08	2.968e-09	2.49762e-10	2.73261e-11	1.93875e-12	1.60821e-13	8.60331e-15	6.80545e-16	2.72076e-17	1.59264e-18	6.00876e-20	2.91681e-21	8.14177e-23	3.66914e-24	8.30133e-26	3.14067e-27	6.52515e-29	1.84279e-30	3.16394e-32	1.01304e-33	1.33013e-35	2.98458e-37	4.09921e-39	8.67435e-41	9.12619e-43	1.78901e-44	1.61368e-46	2.8584e-48	2.5561e-50	3.34936e-52	2.62917e-54	4.42541e-56	2.68393e-58	3.02508e-60	2.02903e-62	2.26113e-64	1.1877e-66	1.32992e-68	6.33142e-71	6.51723e-73	3.03745e-75	2.25454e-77	9.69473e-80	9.61558e-82	3.19221e-84	2.17137e-86	8.90448e-89	6.37442e-91	1.92148e-93	1.27995e-95	3.66654e-98	2.51183e-100	1.09193e-102	1.1772e-104	2.04296e-106	
N72	0.000241335	0.0012446	0.00551402	0.017902	0.0419655	0.0819364	0.136601	0.200537	0.221932	0.171855	0.084702	0.028725	0.00587013	0.00087793	8.90727e-05	6.89644e-06	3.76806e-07	1.84717e-08	6.09942e-10	1.91106e-11	4.46259e-13	9.58055e-15	1.53537e-16	2.61878e-18	3.01273e-20	3.77733e-22	3.60606e-24	3.49852e-26	2.51637e-28	2.13233e-30	1.21194e-32	8.20844e-35	4.12956e-37	2.2419e-39	9.13203e-42	4.73911e-44	1.56296e-46	6.46006e-49	2.01839e-51	7.19956e-54	1.83888e-56	6.19082e-59	1.34385e-61	3.88623e-64	8.09875e-67	1.95125e-69	3.46974e-72	8.64825e-75	1.29972e-77	2.64194e-80	3.98055e-83	7.30627e-86	9.29063e-89	1.69212e-91	1.90191e-94	3.04872e-97	3.38433e-100	4.59919e-103	4.5387e-106	6.65641e-109	5.61178e-112	6.77859e-115	6.05714e-118	6.80832e-121	5.14297e-124	5.87238e-127	4.36939e-130	5.37665e-133	6.72259e-136	1.31087e-138	3.169e-141	
Rhynchospora_albiceps	0	0	0	0	0	0	0	0	0	1	0	0	0	0	0	0	0	0	0	0	0	0	0	0	0	0	0	0	0	0	0	0	0	0	0	0	0	0	0	0	0	0	0	0	0	0	0	0	0	0	0	0	0	0	0	0	0	0	0	0	0	0	0	0	0	0	0	0	0	0	0	
N73	2.1637e-06	2.39462e-05	0.000224461	0.00142468	0.00599318	0.0167356	0.0393495	0.0999818	0.217067	0.312759	0.219281	0.0751134	0.0110334	0.000959039	4.96614e-05	1.96293e-06	4.83845e-08	1.39892e-09	1.91336e-11	3.49124e-13	3.32274e-15	3.9624e-17	2.37754e-19	2.30808e-21	9.17454e-24	6.23214e-26	2.15284e-28	1.10472e-30	2.66515e-33	1.33538e-35	2.52406e-38	1.02434e-40	1.94089e-43	5.45401e-46	8.22804e-49	3.23422e-51	3.39249e-54	7.89828e-57	9.81382e-60	2.41573e-62	2.01175e-65	4.19172e-68	3.07224e-71	6.81762e-74	4.71759e-77	6.24984e-80	3.88958e-83	8.09425e-86	3.63566e-89	4.1458e-92	2.20429e-95	3.06592e-98	1.18726e-101	1.435e-104	5.16832e-108	6.37014e-111	2.21689e-114	1.63366e-117	5.77753e-121	7.75396e-124	1.85533e-127	1.2652e-130	4.59257e-134	3.87634e-137	8.92304e-141	7.24659e-144	1.56104e-147	1.21842e-150	3.76732e-154	4.26302e-157	7.81525e-160	
Rhynchospora_rubra	0	0	0	0	0	0	0	0	0	1	0	0	0	0	0	0	0	0	0	0	0	0	0	0	0	0	0	0	0	0	0	0	0	0	0	0	0	0	0	0	0	0	0	0	0	0	0	0	0	0	0	0	0	0	0	0	0	0	0	0	0	0	0	0	0	0	0	0	0	0	0	
Rhynchospora_globosa	0	0	0	0	0	0	0	0	0	0	0	1	0	0	0	0	0	0	0	0	0	0	0	0	0	0	0	0	0	0	0	0	0	0	0	0	0	0	0	0	0	0	0	0	0	0	0	0	0	0	0	0	0	0	0	0	0	0	0	0	0	0	0	0	0	0	0	0	0	0	0	
N74	0.0685379	0.118298	0.166563	0.190177	0.172655	0.132776	0.0801831	0.0422268	0.0185618	0.00704593	0.00217657	0.000630798	0.000135063	2.81111e-05	4.55018e-06	6.96407e-07	7.7856e-08	9.88973e-09	7.76541e-10	7.2513e-11	4.57856e-12	3.16788e-13	1.45403e-14	9.0029e-16	3.04085e-17	1.40775e-18	4.31161e-20	1.6182e-21	3.71237e-23	1.30343e-24	2.41588e-26	7.03772e-28	1.2155e-29	2.73354e-31	3.89033e-33	9.70661e-35	1.0791e-36	1.96474e-38	2.26329e-40	3.82362e-42	3.436e-44	5.47979e-46	4.22722e-48	6.0871e-50	4.64158e-52	5.07017e-54	3.35708e-56	4.50645e-58	2.36337e-60	2.23418e-62	1.27587e-64	1.18165e-66	5.37054e-69	4.98008e-71	2.03892e-73	1.72512e-75	7.00502e-78	4.42063e-80	1.65034e-82	1.36848e-84	4.01543e-87	2.33806e-89	8.37458e-92	5.02909e-94	1.36131e-96	7.95022e-99	2.04732e-101	1.21846e-103	4.88166e-106	4.69407e-108	7.14433e-110	
N75	1.02803e-08	2.74903e-07	4.91063e-06	4.56045e-05	0.000323956	0.00162094	0.00397246	0.00700366	0.0137822	0.0428154	0.0664439	0.148534	0.294084	0.289431	0.114348	0.016265	0.00111536	0.000176863	2.93419e-05	3.8775e-06	2.19843e-07	7.07934e-09	1.24435e-10	4.59962e-12	4.71222e-13	7.70759e-14	8.25044e-15	8.25153e-16	4.69353e-17	2.69514e-18	6.86402e-20	1.54394e-21	1.71423e-23	1.70618e-25	9.79303e-28	6.80663e-30	2.32568e-32	9.79193e-35	2.65131e-37	8.213e-40	1.53111e-42	3.91642e-45	5.5024e-48	1.0966e-50	1.35783e-53	2.00446e-56	1.961e-59	2.94099e-62	2.22386e-65	2.44035e-68	1.79844e-71	1.72312e-74	9.99202e-78	9.13331e-81	4.49798e-84	3.49956e-87	1.64514e-90	1.00705e-93	4.09774e-97	2.77697e-100	9.10941e-104	4.70776e-107	1.66001e-110	7.97755e-114	2.2357e-117	1.04976e-120	2.76986e-124	1.32367e-127	5.64222e-131	4.28143e-134	4.0127e-137	
Rhynchospora_chinensis	0	0	0	0	0	0	0	0	0	0	0	0	0	0	0	0	0	0	0	0	0	0	0	0	0	0	0	0	0	0	1	0	0	0	0	0	0	0	0	0	0	0	0	0	0	0	0	0	0	0	0	0	0	0	0	0	0	0	0	0	0	0	0	0	0	0	0	0	0	0	0	
N76	1.81178e-12	1.49787e-10	8.54382e-09	1.78902e-07	3.67763e-06	5.75789e-05	0.000118328	0.000296634	0.000801808	0.00354318	0.0327407	0.209795	0.547531	0.187477	0.0170718	0.000554581	8.55176e-06	9.94083e-08	1.04011e-09	8.51727e-12	4.31912e-14	1.32385e-16	2.71996e-19	5.7311e-22	1.426e-24	5.97388e-27	2.17338e-29	6.40068e-32	1.34015e-34	2.15317e-37	2.27792e-40	1.7636e-43	9.52548e-47	3.89952e-50	1.17761e-53	3.6074e-57	8.63389e-61	5.42816e-64	2.40701e-67	2.03199e-70	7.88088e-74	6.90908e-77	2.34202e-80	1.07427e-83	5.32384e-87	1.36271e-90	3.53693e-94	1.14827e-97	1.65453e-101	3.34365e-105	6.09701e-109	1.28175e-112	1.88019e-116	9.42281e-120	1.29133e-123	6.90508e-127	8.10834e-131	3.4824e-134	3.52269e-138	1.31047e-141	1.03563e-145	2.79192e-149	1.88181e-153	4.12765e-157	2.23548e-161	3.93266e-165	1.84952e-169	2.70536e-173	1.42409e-177	3.07685e-181	1.50696e-184	
Rhynchospora_capillacea	0	0	0	0	0	0	0	0	0	0	0	0	1	0	0	0	0	0	0	0	0	0	0	0	0	0	0	0	0	0	0	0	0	0	0	0	0	0	0	0	0	0	0	0	0	0	0	0	0	0	0	0	0	0	0	0	0	0	0	0	0	0	0	0	0	0	0	0	0	0	0	
Rhynchospora_alba	0	0	0	0	0	0	0	0	0	0	0	0	1	0	0	0	0	0	0	0	0	0	0	0	0	0	0	0	0	0	0	0	0	0	0	0	0	0	0	0	0	0	0	0	0	0	0	0	0	0	0	0	0	0	0	0	0	0	0	0	0	0	0	0	0	0	0	0	0	0	0	
N77	0.0621247	0.122006	0.196056	0.236586	0.200429	0.119778	0.0471461	0.012995	0.00249579	0.00034554	3.48867e-05	2.78962e-06	1.64642e-07	8.10696e-09	3.19007e-10	1.06332e-11	2.85781e-13	7.48786e-15	1.47137e-16	2.96524e-18	4.85299e-20	7.79127e-22	9.79677e-24	1.40914e-25	1.38403e-27	1.59135e-29	1.38939e-31	1.31289e-33	9.06829e-36	7.9611e-38	4.52594e-40	3.3214e-42	1.7507e-44	1.07026e-46	4.71336e-49	2.92845e-51	1.07187e-53	5.41319e-56	1.98356e-58	8.92774e-61	2.7098e-63	1.21197e-65	3.18083e-68	1.24917e-70	3.28177e-73	1.07093e-75	2.42105e-78	8.73051e-81	1.66389e-83	4.80866e-86	9.54867e-89	2.5754e-91	4.28054e-94	1.1633e-96	1.72873e-99	4.23229e-102	6.28586e-105	1.27729e-107	1.71444e-110	4.01058e-113	4.53196e-116	8.42336e-119	1.05615e-121	1.88973e-124	1.94852e-127	3.52593e-130	3.49056e-133	6.5281e-136	1.0604e-138	3.31025e-141	1.39161e-143	
Rhynchospora_nervosa	0	0	0	0	1	0	0	0	0	0	0	0	0	0	0	0	0	0	0	0	0	0	0	0	0	0	0	0	0	0	0	0	0	0	0	0	0	0	0	0	0	0	0	0	0	0	0	0	0	0	0	0	0	0	0	0	0	0	0	0	0	0	0	0	0	0	0	0	0	0	0	
Rhynchospora_robusta	0	0	0	0	1	0	0	0	0	0	0	0	0	0	0	0	0	0	0	0	0	0	0	0	0	0	0	0	0	0	0	0	0	0	0	0	0	0	0	0	0	0	0	0	0	0	0	0	0	0	0	0	0	0	0	0	0	0	0	0	0	0	0	0	0	0	0	0	0	0	0	
N78	0.150415	0.195456	0.197528	0.16905	0.12165	0.0804435	0.0441909	0.0231398	0.0106482	0.00465963	0.00175228	0.000726363	0.000226577	8.15444e-05	2.32035e-05	7.2052e-06	1.63686e-06	4.86208e-07	8.87718e-08	2.19908e-08	3.68741e-09	7.45526e-10	1.01655e-10	2.09289e-11	2.27138e-12	3.6604e-13	3.9451e-14	5.55283e-15	4.66146e-16	6.3436e-17	4.52155e-18	5.38165e-19	3.65739e-20	3.38413e-21	1.97285e-22	2.11598e-23	9.77418e-25	7.63395e-26	3.78234e-27	2.83727e-28	1.10927e-29	7.9096e-31	2.71186e-32	1.77312e-33	6.13384e-35	3.06712e-36	9.47659e-38	6.05002e-39	1.48042e-40	6.57174e-42	1.78755e-43	7.87499e-45	1.71692e-46	7.66607e-48	1.52981e-49	6.34264e-51	1.25394e-52	3.86855e-54	7.12813e-56	2.89459e-57	4.21256e-59	1.21141e-60	2.16167e-62	6.49465e-64	8.73729e-66	2.49734e-67	3.23382e-69	9.57447e-71	1.94515e-72	9.40265e-74	8.95448e-75	
Calyptrocarya_glomerulata	0	0	0	0	0	0	0	0	0	1	0	0	0	0	0	0	0	0	0	0	0	0	0	0	0	0	0	0	0	0	0	0	0	0	0	0	0	0	0	0	0	0	0	0	0	0	0	0	0	0	0	0	0	0	0	0	0	0	0	0	0	0	0	0	0	0	0	0	0	0	0	
Scleria_foliosa	0	0	0	0	0	0	0	0	0	1	0	0	0	0	0	0	0	0	0	0	0	0	0	0	0	0	0	0	0	0	0	0	0	0	0	0	0	0	0	0	0	0	0	0	0	0	0	0	0	0	0	0	0	0	0	0	0	0	0	0	0	0	0	0	0	0	0	0	0	0	0	
N79	1.25277e-13	1.06109e-11	4.97038e-10	1.16317e-08	1.36622e-07	9.58684e-07	2.44425e-06	3.22495e-05	0.000333234	0.000262077	0.000221655	0.00153457	0.0016063	0.000268267	0.000443178	0.00707787	0.0780387	0.374607	0.465885	0.0680005	0.0016287	3.98245e-05	1.12176e-05	4.48708e-06	1.00087e-06	1.04753e-07	1.73271e-09	1.31213e-11	6.16789e-14	2.35829e-16	1.36744e-18	2.66404e-19	7.01398e-20	1.57345e-20	2.56547e-21	3.64383e-22	3.16722e-23	2.0423e-24	6.43178e-26	5.66738e-28	2.39979e-30	7.77992e-33	1.54224e-35	2.74473e-38	3.56514e-41	4.12188e-44	3.62297e-47	3.25103e-50	2.08126e-53	1.37611e-56	7.28237e-60	3.76617e-63	1.54793e-66	6.94047e-70	2.29812e-73	8.30977e-77	2.44085e-80	7.26749e-84	1.76437e-87	4.84576e-91	9.82882e-95	2.24053e-98	4.25683e-102	8.44205e-106	1.39162e-109	2.7669e-113	4.82439e-117	1.12379e-120	2.89929e-124	8.60777e-128	2.69429e-131	
Cladium_mariscus	0	0	0	0	0	0	0	0	0	0	0	0	0	0	0	0	0	1	0	0	0	0	0	0	0	0	0	0	0	0	0	0	0	0	0	0	0	0	0	0	0	0	0	0	0	0	0	0	0	0	0	0	0	0	0	0	0	0	0	0	0	0	0	0	0	0	0	0	0	0	0	
Cladium_mariscoides	0	0	0	0	0	0	0	0	0	0	0	0	0	0	0	0	0	0	0	0	0	0	0	0	0	0	0	0	0	0	0	0	0	0	0	0	0	0	1	0	0	0	0	0	0	0	0	0	0	0	0	0	0	0	0	0	0	0	0	0	0	0	0	0	0	0	0	0	0	0	0	
