NODE	1	2	3	4	5	6	7	8	9	10	11	12	13	14	15	16	17	18	19	20	21	22	23	24	25	26	27	28	29	30	31	32	33	34	35	36	37	38	39	40	41	42	43	44	45	46	47	48	49	50	51	52	53	54	55	56	57	58	59	60	61	62	63	64	65	66	67	68	69	70	71	
N1	0.0043138	0.00491954	0.00562832	0.0063635	0.00710147	0.00783252	0.00854768	0.00924233	0.00991109	0.0105514	0.01116	0.0117356	0.0122766	0.0127827	0.0132532	0.0136885	0.0140889	0.0144551	0.014788	0.0150889	0.0153587	0.0155989	0.0158105	0.0159952	0.0161543	0.0162895	0.0164023	0.0164941	0.0165661	0.0166196	0.0166559	0.0166761	0.0166815	0.0166733	0.0166526	0.0166214	0.0165814	0.0165335	0.0164782	0.0164164	0.0163485	0.016275	0.0161966	0.0161136	0.0160265	0.0159357	0.0158416	0.0157461	0.0156503	0.0155542	0.0154581	0.0153621	0.0152665	0.0151712	0.0150765	0.0149824	0.014889	0.0147963	0.0147044	0.0146133	0.0145232	0.0144339	0.0143455	0.0142581	0.0141717	0.0140862	0.0140018	0.0139183	0.0138359	0.0137546	0.0136743	
N2	0.00161943	0.00382766	0.00556823	0.0068044	0.00779131	0.00919658	0.00985795	0.0110335	0.012049	0.0128474	0.0136181	0.0147527	0.0150998	0.0159865	0.0166276	0.0170937	0.0175309	0.0182638	0.0182729	0.0188204	0.0191103	0.0192599	0.0194018	0.0197982	0.01958	0.0198549	0.0198943	0.0198305	0.0197793	0.019957	0.0196128	0.0197116	0.0196014	0.0194325	0.019277	0.0193225	0.0189285	0.0189352	0.0187648	0.0185543	0.0183578	0.0183368	0.0179463	0.0178896	0.017659	0.0173729	0.0170587	0.0168352	0.0162161	0.0157993	0.0151415	0.0143704	0.0135315	0.0127848	0.0117699	0.0110629	0.0103136	0.00965037	0.00909277	0.00873697	0.00821372	0.00796521	0.0076387	0.00732179	0.00702198	0.00683169	0.00644046	0.00625532	0.00597789	0.00570271	0.00543588	
N3	0.00132923	0.00345335	0.00539886	0.00687079	0.00805413	0.00960051	0.0104058	0.0116967	0.0128325	0.0137291	0.0145989	0.0158096	0.0162333	0.017173	0.0178677	0.018364	0.0188327	0.0195724	0.0195974	0.0201344	0.0204206	0.0205486	0.020674	0.0210328	0.0207947	0.0210244	0.0210313	0.0209239	0.0208369	0.0209607	0.0205854	0.0206288	0.0204791	0.0202614	0.0200649	0.0200535	0.0196268	0.0195731	0.0193504	0.0190669	0.0187823	0.0186241	0.0180722	0.0177722	0.0172465	0.0165951	0.0158728	0.0152105	0.0142006	0.013447	0.0125845	0.0117495	0.0110021	0.0104611	0.00975411	0.00936628	0.00892997	0.00852317	0.00815929	0.00792015	0.00747612	0.00724969	0.00692818	0.0065956	0.00627218	0.00604278	0.00563207	0.00541899	0.0051343	0.00486703	0.00461745	
N4	0.000754898	0.00241641	0.00454583	0.00657957	0.0083749	0.0104474	0.0117141	0.013427	0.0149563	0.0161576	0.0172933	0.0188425	0.0193523	0.0205225	0.0213431	0.0218981	0.0223904	0.0232683	0.023134	0.0237349	0.023962	0.023999	0.0240123	0.024387	0.0238967	0.0241051	0.0239654	0.0236936	0.0234083	0.023428	0.0226766	0.0224992	0.0219481	0.0212663	0.0205055	0.0199616	0.0187531	0.0180706	0.0171256	0.0161757	0.0152721	0.0146828	0.0136712	0.0131938	0.0125527	0.0119526	0.0113943	0.0110782	0.0103778	0.0100932	0.00963807	0.00921544	0.00880138	0.00858425	0.00805349	0.00786077	0.00750978	0.00719413	0.00685933	0.00667882	0.00624657	0.00608075	0.00578277	0.00553624	0.00526528	0.00513198	0.00480184	0.00468486	0.0044566	0.00428129	0.00407448	
N5	0.000665342	0.00220767	0.00429893	0.0063904	0.00828142	0.0104567	0.0117979	0.0135926	0.0151865	0.0164299	0.0175824	0.0192235	0.0196739	0.0209072	0.0217257	0.0222748	0.0227274	0.023699	0.0234249	0.024098	0.0242917	0.02431	0.0242639	0.0247352	0.0240705	0.0243498	0.0241354	0.0237966	0.0233755	0.0234002	0.0223527	0.0221219	0.02136	0.020527	0.0195925	0.0190808	0.0176914	0.0171459	0.0162411	0.0154181	0.0146009	0.0142474	0.0132247	0.0129463	0.0123387	0.0118109	0.0112571	0.0110676	0.0102838	0.0101126	0.00963748	0.00925675	0.00881034	0.00866688	0.00803743	0.00790409	0.00749832	0.00719919	0.00682163	0.00670242	0.00620722	0.00611453	0.00580961	0.00563187	0.00540763	0.00544513	0.00522513	0.00534002	0.00525231	0.00520794	0.00502966	
Lagenocarpus_guianensis	0	0	0	0	0	0	0	0	0	0	0	0	0	0	0	0	1	0	0	0	0	0	0	0	0	0	0	0	0	0	0	0	0	0	0	0	0	0	0	0	0	0	0	0	0	0	0	0	0	0	0	0	0	0	0	0	0	0	0	0	0	0	0	0	0	0	0	0	0	0	0	
N6	0.000166343	0.000750761	0.00200444	0.0039128	0.00628617	0.0091739	0.0116288	0.014335	0.0168291	0.0187599	0.0204628	0.0225503	0.0230665	0.0244047	0.0250989	0.0253308	0.0253781	0.0260865	0.0250698	0.0254	0.025033	0.0245202	0.0239057	0.0240486	0.0227006	0.022705	0.0220353	0.0213853	0.0206392	0.0205967	0.0193218	0.0192041	0.0184835	0.0178959	0.0171853	0.0170551	0.0159447	0.015797	0.0151675	0.0146673	0.0140495	0.0139045	0.0130271	0.0128849	0.0123496	0.0119385	0.0114397	0.0113079	0.0105974	0.0104655	0.010028	0.0097049	0.00929328	0.00917489	0.00861368	0.00850526	0.00815184	0.0078947	0.00756782	0.00746826	0.00702671	0.00693666	0.00665525	0.00645037	0.00618745	0.00610736	0.00575884	0.00568472	0.00545545	0.00529583	0.00508671	
N7	0.000163919	0.000744819	0.00201201	0.00398869	0.00650564	0.00954656	0.0122478	0.0150936	0.017704	0.0196894	0.0213907	0.0232888	0.023784	0.0248802	0.0254479	0.0255327	0.0255102	0.0260172	0.0250721	0.0252438	0.0248631	0.0242975	0.0236926	0.0237113	0.0224641	0.0223588	0.0217048	0.0210238	0.0203004	0.0201702	0.0189786	0.0187959	0.0181168	0.0175234	0.0168572	0.0166955	0.0156651	0.0154912	0.0148979	0.0143983	0.0138144	0.0136526	0.0128201	0.0126655	0.012158	0.0117528	0.0112793	0.011146	0.0104688	0.0103384	0.00992224	0.00960771	0.00921696	0.00910633	0.00856894	0.00847277	0.00814291	0.00790372	0.00760096	0.00752011	0.00709969	0.00702478	0.00675763	0.00656157	0.00630768	0.00623458	0.00588982	0.00582185	0.00559695	0.0054411	0.00523524	
Gahnia_aspera	0	0	0	0	0	0	0	0	0	0	0	0	0	0	0	0	0	0	0	0	0	0	0	0	0	0	0	0	0	0	0	0	0	0	0	0	0	0	0	1	0	0	0	0	0	0	0	0	0	0	0	0	0	0	0	0	0	0	0	0	0	0	0	0	0	0	0	0	0	0	0	
Oreobolus_pectinatus	0	0	0	0	0	0	0	0	0	0	0	0	0	0	0	0	0	0	1	0	0	0	0	0	0	0	0	0	0	0	0	0	0	0	0	0	0	0	0	0	0	0	0	0	0	0	0	0	0	0	0	0	0	0	0	0	0	0	0	0	0	0	0	0	0	0	0	0	0	0	0	
N8	0.000124717	0.000614546	0.00179885	0.00382206	0.00659606	0.010118	0.0134168	0.0169218	0.0201557	0.0226213	0.0246983	0.0269808	0.0275629	0.0288621	0.02951	0.0295842	0.0295045	0.0300219	0.0288277	0.0288984	0.0283058	0.0275029	0.0266358	0.0264334	0.024873	0.0245174	0.0235913	0.022639	0.0216573	0.0212608	0.0198392	0.0193915	0.0184863	0.0176566	0.0167815	0.0163591	0.0151827	0.0147607	0.0139952	0.0133074	0.0125758	0.0121942	0.0112907	0.0109402	0.0103375	0.00981991	0.00927982	0.00900383	0.0083467	0.00810017	0.00766703	0.00730721	0.00691477	0.00671738	0.00623958	0.00606343	0.00574264	0.00547999	0.00519023	0.00504458	0.00469343	0.00456484	0.00432758	0.00413651	0.00392199	0.00381788	0.00355988	0.00346738	0.00328998	0.00315319	0.00299448	
Morelotia_affinis	0	0	0	0	0	0	0	0	0	0	0	0	0	0	0	0	0	0	0	0	0	0	1	0	0	0	0	0	0	0	0	0	0	0	0	0	0	0	0	0	0	0	0	0	0	0	0	0	0	0	0	0	0	0	0	0	0	0	0	0	0	0	0	0	0	0	0	0	0	0	0	
N9	0.000123781	0.000614779	0.00181375	0.0038826	0.00674511	0.0103782	0.0138271	0.0174585	0.0208082	0.0233693	0.0255331	0.0278119	0.0284789	0.0297431	0.030391	0.0304382	0.0303527	0.0307402	0.0295897	0.029531	0.0288961	0.0280184	0.0271198	0.0267688	0.0252426	0.0247508	0.0237884	0.0227674	0.0217608	0.0212378	0.0198464	0.0192849	0.0183554	0.0174628	0.0165627	0.016038	0.0148891	0.0143823	0.013609	0.0128921	0.0121711	0.0117454	0.0108931	0.0105106	0.0099323	0.00941462	0.00889491	0.00859252	0.0079772	0.00770614	0.00728852	0.0069251	0.00654795	0.00633158	0.00588634	0.00569426	0.00538921	0.00512868	0.00485467	0.00469965	0.00437692	0.00423901	0.00401323	0.00381914	0.00360563	0.00347585	0.00321502	0.00309136	0.00290584	0.00276044	0.00260929	
N10	0.000149485	0.000757166	0.0022796	0.00496793	0.00874318	0.0135267	0.0180784	0.0227348	0.0269232	0.029981	0.0324172	0.0348985	0.0353085	0.0363847	0.0366748	0.0361954	0.0355422	0.0354759	0.0335612	0.0329711	0.0317143	0.0302104	0.0287009	0.0278704	0.0257228	0.0247981	0.0233713	0.0219429	0.0205555	0.0197454	0.0180395	0.0172609	0.0161165	0.0150693	0.0140299	0.013406	0.0121851	0.0116226	0.0108093	0.0100886	0.00936296	0.0089305	0.00812307	0.00774985	0.00720352	0.00673537	0.00626126	0.00598162	0.00545045	0.00520633	0.00484422	0.00454194	0.00422516	0.00403963	0.00368884	0.00352966	0.00328897	0.00309152	0.00288263	0.00276168	0.00253095	0.00242772	0.00226856	0.00213935	0.00200033	0.00192197	0.00176802	0.00170026	0.00159236	0.00150729	0.0014135	
Schoenus_brevifolius	0	0	0	0	0	0	0	0	0	0	0	0	0	0	0	0	0	0	0	0	0	0	0	0	0	0	0	0	0	0	0	0	0	0	0	0	0	0	0	0	0	0	0	0	0	0	0	0	0	0	0	0	0	0	0	0	0	0	0	0	1	0	0	0	0	0	0	0	0	0	0	
N11	0.000401093	0.00196587	0.00568327	0.0118675	0.0199797	0.0294477	0.0375777	0.044907	0.0504908	0.0533617	0.0546768	0.0555452	0.0532717	0.051742	0.0492486	0.0458774	0.0425459	0.0399809	0.0358216	0.0331619	0.0301615	0.0271595	0.0244325	0.022404	0.0196409	0.0178944	0.0159906	0.0142204	0.0126312	0.0114606	0.00994216	0.00897896	0.00793682	0.00701177	0.00617519	0.0055617	0.00478972	0.00430593	0.00378704	0.00333711	0.00292933	0.0026341	0.00226807	0.00203871	0.00179018	0.00157762	0.00138408	0.00124416	0.00107038	0.000961827	0.000843897	0.000744805	0.000653254	0.000587553	0.000506056	0.000455496	0.000400007	0.000353866	0.00031091	0.000280232	0.000242081	0.000218482	0.000192361	0.000170778	0.000150493	0.000136156	0.000118113	0.000107035	9.45905e-05	8.44668e-05	7.48269e-05	
Schoenus_nigricans	0	0	0	0	0	0	0	0	0	0	0	0	0	0	0	0	0	0	0	0	0	1	0	0	0	0	0	0	0	0	0	0	0	0	0	0	0	0	0	0	0	0	0	0	0	0	0	0	0	0	0	0	0	0	0	0	0	0	0	0	0	0	0	0	0	0	0	0	0	0	0	
Schoenus_apogon	0	0	0	1	0	0	0	0	0	0	0	0	0	0	0	0	0	0	0	0	0	0	0	0	0	0	0	0	0	0	0	0	0	0	0	0	0	0	0	0	0	0	0	0	0	0	0	0	0	0	0	0	0	0	0	0	0	0	0	0	0	0	0	0	0	0	0	0	0	0	0	
N12	0.000146991	0.000809568	0.00261244	0.00597323	0.010833	0.0170639	0.0228926	0.0287441	0.0337674	0.0370872	0.0394363	0.0418529	0.0413297	0.0418736	0.0413222	0.0399224	0.0383363	0.0376969	0.0347116	0.0336354	0.0317229	0.0297201	0.0277194	0.0266599	0.0240831	0.0230292	0.0213752	0.0198365	0.0183088	0.0174642	0.0156732	0.0148933	0.0137148	0.0127033	0.0116757	0.0110887	0.00993279	0.00942515	0.00867401	0.00803939	0.00738453	0.00700624	0.00629771	0.00597378	0.00549435	0.00509657	0.00468792	0.00444913	0.00400811	0.00380566	0.00350919	0.00326936	0.0030159	0.00286886	0.00259713	0.00247293	0.00228703	0.00213758	0.00197855	0.00188557	0.00171424	0.00163528	0.00151684	0.00142152	0.00131906	0.00125958	0.00114951	0.0010983	0.00102055	0.000959324	0.000892549	
N13	1.08398e-05	9.94775e-05	0.000501076	0.00162172	0.00386948	0.00760728	0.0121269	0.0176281	0.0233882	0.0283958	0.0328993	0.0380007	0.0397332	0.042978	0.0444961	0.0449384	0.0447906	0.0462829	0.0435833	0.0440534	0.0424945	0.0407404	0.0384429	0.0378668	0.0341212	0.0332109	0.0307544	0.0284574	0.0257447	0.024172	0.020671	0.01891	0.0163781	0.0142814	0.0121926	0.0108461	0.00889766	0.00784619	0.00660181	0.00559998	0.00464062	0.00398475	0.00316852	0.00267235	0.0021442	0.00173133	0.00136816	0.00111756	0.000851499	0.000688443	0.000534492	0.0004202	0.000324602	0.000259844	0.000195867	0.000156245	0.000120004	9.3268e-05	7.12643e-05	5.61187e-05	4.17174e-05	3.25855e-05	2.45278e-05	1.8618e-05	1.38829e-05	1.06434e-05	7.73621e-06	5.88677e-06	4.33111e-06	3.22547e-06	2.37126e-06	
Machaerina_mariscoides	0	0	0	0	0	0	0	0	0	0	0	0	0	0	0	0	0	0	0	0	0	0	0	0	0	0	0	0	0	0	0	0	0	0	0	0	0	0	1	0	0	0	0	0	0	0	0	0	0	0	0	0	0	0	0	0	0	0	0	0	0	0	0	0	0	0	0	0	0	0	0	
Machaerina_articulata	0	0	0	0	0	0	0	0	0	0	0	1	0	0	0	0	0	0	0	0	0	0	0	0	0	0	0	0	0	0	0	0	0	0	0	0	0	0	0	0	0	0	0	0	0	0	0	0	0	0	0	0	0	0	0	0	0	0	0	0	0	0	0	0	0	0	0	0	0	0	0	
Tetraria_capillaris	0	0	0	0	0	0	0	0	0	1	0	0	0	0	0	0	0	0	0	0	0	0	0	0	0	0	0	0	0	0	0	0	0	0	0	0	0	0	0	0	0	0	0	0	0	0	0	0	0	0	0	0	0	0	0	0	0	0	0	0	0	0	0	0	0	0	0	0	0	0	0	
N14	0.00125895	0.00532562	0.0133049	0.0243982	0.0366756	0.0491278	0.0572915	0.063367	0.0662888	0.0654143	0.0628605	0.0603889	0.0545343	0.0504296	0.0457041	0.0406631	0.0360964	0.0327549	0.0281055	0.0252456	0.0222023	0.0193994	0.0169302	0.0151908	0.0129074	0.011546	0.0100797	0.00879299	0.00765306	0.00686376	0.00583201	0.00522257	0.00455389	0.00398881	0.00347682	0.00312334	0.00266122	0.00239207	0.00209312	0.00184256	0.0016115	0.00145266	0.00124585	0.00112423	0.000986755	0.000872667	0.000766778	0.000694079	0.000598455	0.000542628	0.000478992	0.000426902	0.000377428	0.000343701	0.000298667	0.000272574	0.000242128	0.000217271	0.000193383	0.000177112	0.000155078	0.000142359	0.000127288	0.000114982	0.000102992	9.49176e-05	8.37433e-05	7.73426e-05	6.9575e-05	6.33271e-05	5.7129e-05	
N15	0.000341812	0.00234567	0.00867374	0.020889	0.0375434	0.0566941	0.069772	0.0799628	0.084455	0.082455	0.0775592	0.0740645	0.0634036	0.0575187	0.0498139	0.0424381	0.0355536	0.0312246	0.0245644	0.0211042	0.0171441	0.0139127	0.0110261	0.00916174	0.00683372	0.00553882	0.00421623	0.00320849	0.00237178	0.00183088	0.00127403	0.000955015	0.000671391	0.000474742	0.000325422	0.000231792	0.000149867	0.000104072	6.81855e-05	4.4904e-05	2.86872e-05	1.9018e-05	1.15981e-05	7.53114e-06	4.6314e-06	2.86998e-06	1.73444e-06	1.08408e-06	6.27329e-07	3.85125e-07	2.25367e-07	1.33059e-07	7.66196e-08	4.55738e-08	2.53166e-08	1.48509e-08	8.33395e-09	4.72169e-09	2.61891e-09	1.49598e-09	8.03731e-10	4.54164e-10	2.46862e-10	1.35425e-10	7.29315e-11	4.04538e-11	2.12664e-11	1.17305e-11	6.25948e-12	3.3901e-12	1.81632e-12	
Rhynchospora_corniculata	0	0	0	0	0	0	0	0	1	0	0	0	0	0	0	0	0	0	0	0	0	0	0	0	0	0	0	0	0	0	0	0	0	0	0	0	0	0	0	0	0	0	0	0	0	0	0	0	0	0	0	0	0	0	0	0	0	0	0	0	0	0	0	0	0	0	0	0	0	0	0	
N16	1.55109e-05	0.000232625	0.00163814	0.00641297	0.0168212	0.034223	0.0531869	0.0723152	0.0867514	0.093794	0.0965053	0.10044	0.091634	0.0870191	0.0751523	0.0603961	0.0445974	0.0328299	0.0196437	0.0124655	0.00690982	0.00366553	0.0017864	0.000902145	0.000374883	0.000172461	6.99076e-05	2.81048e-05	1.05008e-05	4.1902e-06	1.39271e-06	5.22526e-07	1.73369e-07	5.88302e-08	1.86163e-08	6.35709e-09	1.81991e-09	5.97688e-10	1.7554e-10	5.30725e-11	1.49798e-11	4.60309e-12	1.21292e-12	3.63456e-13	9.77975e-14	2.73181e-14	7.21381e-15	2.05999e-15	5.09523e-16	1.42325e-16	3.62552e-17	9.58264e-18	2.39276e-18	6.42879e-19	1.53212e-19	4.05363e-20	9.87918e-21	2.49403e-21	6.02023e-22	1.5413e-22	3.57244e-23	9.0307e-24	2.1399e-24	5.20607e-25	1.21928e-25	3.00234e-26	6.84095e-27	1.66699e-27	3.85717e-28	9.18229e-29	2.14272e-29	
Rhynchospora_albiceps	0	0	0	0	0	0	0	0	0	1	0	0	0	0	0	0	0	0	0	0	0	0	0	0	0	0	0	0	0	0	0	0	0	0	0	0	0	0	0	0	0	0	0	0	0	0	0	0	0	0	0	0	0	0	0	0	0	0	0	0	0	0	0	0	0	0	0	0	0	0	0	
N17	2.20109e-07	9.15352e-06	0.000149202	0.00109158	0.00485472	0.0144827	0.0289507	0.0476256	0.0723444	0.102641	0.138629	0.177895	0.166683	0.126092	0.0706898	0.0312396	0.0113823	0.00390254	0.000990637	0.00027032	6.08109e-05	1.3044e-05	2.47367e-06	5.04836e-07	7.77561e-08	1.4292e-08	2.1615e-09	3.36515e-10	4.63365e-11	7.29992e-12	8.71524e-13	1.28903e-13	1.56887e-14	2.05934e-15	2.39882e-16	3.24345e-17	3.31401e-18	4.32625e-19	4.72195e-20	5.54547e-21	5.75473e-22	7.02923e-23	6.67899e-24	7.98214e-25	7.9087e-26	8.58419e-27	8.37631e-28	9.56102e-29	8.43425e-30	9.44751e-31	8.94857e-32	9.3247e-33	8.60614e-34	9.36752e-35	8.17964e-36	8.84289e-37	8.15704e-38	8.28576e-39	7.69191e-40	8.08782e-41	7.11523e-42	7.41644e-43	6.91471e-44	6.85723e-45	6.33254e-46	6.42959e-47	5.80326e-48	5.82158e-49	5.38427e-50	5.23909e-51	4.91487e-52	
Rhynchospora_rubra	0	0	0	0	0	0	0	0	0	1	0	0	0	0	0	0	0	0	0	0	0	0	0	0	0	0	0	0	0	0	0	0	0	0	0	0	0	0	0	0	0	0	0	0	0	0	0	0	0	0	0	0	0	0	0	0	0	0	0	0	0	0	0	0	0	0	0	0	0	0	0	
Rhynchospora_globosa	0	0	0	0	0	0	0	0	0	0	0	1	0	0	0	0	0	0	0	0	0	0	0	0	0	0	0	0	0	0	0	0	0	0	0	0	0	0	0	0	0	0	0	0	0	0	0	0	0	0	0	0	0	0	0	0	0	0	0	0	0	0	0	0	0	0	0	0	0	0	0	
N18	0.00192197	0.00821523	0.0204881	0.0369664	0.0539851	0.0695906	0.0773809	0.0813542	0.0807038	0.0753545	0.0685632	0.0626956	0.0535162	0.0472107	0.0407111	0.0345034	0.0291643	0.0253985	0.020662	0.0178337	0.014971	0.0125217	0.010432	0.00901946	0.00728024	0.00628092	0.00524232	0.00438921	0.00365201	0.00316417	0.00255724	0.00221298	0.00184584	0.00155531	0.00129742	0.00112743	0.000914377	0.000795585	0.000667191	0.000566339	0.000475108	0.000415494	0.000341077	0.000299148	0.000252817	0.000216624	0.000183476	0.000161442	0.00013363	0.000117599	9.98783e-05	8.60448e-05	7.31001e-05	6.44005e-05	5.36395e-05	4.73324e-05	4.0378e-05	3.49613e-05	2.9893e-05	2.64459e-05	2.22207e-05	1.97031e-05	1.69364e-05	1.4763e-05	1.27147e-05	1.13146e-05	9.59971e-06	8.56052e-06	7.41238e-06	6.51416e-06	5.66201e-06	
N19	1.45296e-08	9.15575e-07	2.13253e-05	0.000207664	0.00112211	0.00407528	0.0102451	0.0215747	0.0378787	0.0558491	0.0729433	0.090729	0.0936461	0.098761	0.0950989	0.0882393	0.0781694	0.070893	0.053988	0.0432508	0.0307132	0.0208618	0.0131699	0.00846838	0.00462935	0.00269577	0.00140991	0.000718143	0.000343234	0.000168831	7.2092e-05	3.29283e-05	1.36689e-05	5.61239e-06	2.16316e-06	8.48965e-07	2.88662e-07	1.02974e-07	3.3041e-08	1.02891e-08	2.97145e-09	8.65608e-10	2.22186e-10	5.9707e-11	1.47736e-11	3.65303e-12	8.72188e-13	2.17206e-13	4.99216e-14	1.23557e-14	2.9288e-15	7.32024e-16	2.09341e-16	9.54591e-17	6.70758e-17	6.44743e-17	6.32112e-17	6.35167e-17	6.21868e-17	6.26132e-17	5.86641e-17	5.77142e-17	5.41063e-17	5.09812e-17	4.67492e-17	4.399e-17	3.88603e-17	3.58643e-17	3.17101e-17	2.827e-17	2.46506e-17	
Rhynchospora_chinensis	0	0	0	0	0	0	0	0	0	0	0	0	0	0	0	0	0	0	0	0	0	0	0	0	0	0	0	0	0	0	1	0	0	0	0	0	0	0	0	0	0	0	0	0	0	0	0	0	0	0	0	0	0	0	0	0	0	0	0	0	0	0	0	0	0	0	0	0	0	0	0	
N20	1.40278e-08	8.90583e-07	2.08721e-05	0.000204538	0.00111089	0.00404962	0.0102163	0.0215606	0.037914	0.055953	0.0731361	0.0908745	0.09387	0.0988932	0.0952115	0.0882787	0.0782296	0.0707904	0.0539418	0.0431065	0.0305763	0.0207151	0.0130616	0.00836195	0.00456734	0.0026486	0.00138229	0.000701608	0.000334807	0.000163884	6.98873e-05	3.17623e-05	1.3143e-05	5.36809e-06	2.06132e-06	8.02988e-07	2.71924e-07	9.62401e-08	3.0695e-08	9.48208e-09	2.72146e-09	7.85743e-10	2.0043e-10	5.33972e-11	1.31245e-11	3.21874e-12	7.63454e-13	1.88545e-13	4.30092e-14	1.05168e-14	2.43908e-15	5.68486e-16	1.27425e-16	2.9113e-17	6.06851e-18	1.31144e-18	2.64099e-19	5.25034e-20	9.96165e-21	1.90159e-21	3.32802e-22	5.9951e-23	1.0137e-23	1.69329e-24	2.71386e-25	4.38812e-26	6.5789e-27	1.01508e-27	1.48299e-28	2.16489e-29	3.15047e-30	
N21	1.95057e-08	1.10493e-06	2.46774e-05	0.000252421	0.00147367	0.00568634	0.0156647	0.0332914	0.0572516	0.0827338	0.104946	0.119444	0.121258	0.11444	0.100159	0.080617	0.0601902	0.0416849	0.0261278	0.01561	0.00885409	0.00483046	0.0026022	0.00141119	0.000713748	0.000373016	0.000187477	8.95182e-05	4.27267e-05	2.17223e-05	8.95812e-06	4.39419e-06	1.87566e-06	7.72299e-07	2.98037e-07	1.2709e-07	3.95166e-08	1.58218e-08	4.95212e-09	1.69761e-09	4.86979e-10	1.70177e-10	4.23235e-11	1.41465e-11	3.50591e-12	1.03863e-12	2.42282e-13	7.25155e-14	1.5019e-14	4.26601e-15	9.02928e-16	2.30974e-16	4.68658e-17	1.23005e-17	2.2366e-18	5.74238e-19	1.13294e-19	2.60395e-20	5.09283e-21	1.26979e-21	2.29918e-22	5.85715e-23	1.24149e-23	2.95726e-24	6.42598e-25	1.61558e-25	3.35759e-26	8.0751e-27	1.72017e-27	3.83037e-28	8.05943e-29	
Rhynchospora_microcarpa	0	0	0	0	0	0	0	0	0	0	0	0	0	0	0	0	0	1	0	0	0	0	0	0	0	0	0	0	0	0	0	0	0	0	0	0	0	0	0	0	0	0	0	0	0	0	0	0	0	0	0	0	0	0	0	0	0	0	0	0	0	0	0	0	0	0	0	0	0	0	0	
N22	5.53489e-08	2.7738e-06	5.72032e-05	0.000565498	0.00328409	0.0124242	0.0326979	0.0639605	0.100216	0.131785	0.148157	0.14396	0.122138	0.0933257	0.0642035	0.0392898	0.0217278	0.0112099	0.00550248	0.00276271	0.00141003	0.000704629	0.000342652	0.000160756	6.70679e-05	2.77997e-05	1.07012e-05	3.8227e-06	1.31639e-06	4.58202e-07	1.33931e-07	4.33296e-08	1.24568e-08	3.54057e-09	9.46e-10	2.81635e-10	6.49213e-11	1.89737e-11	4.5802e-12	1.19958e-12	2.7702e-13	7.67689e-14	1.57484e-14	4.27157e-15	9.12608e-16	2.20968e-16	4.55178e-17	1.15717e-17	2.13045e-18	5.29186e-19	1.02473e-19	2.33075e-20	4.40294e-21	1.05053e-21	1.80928e-22	4.28682e-23	7.90057e-24	1.72319e-24	3.15348e-25	7.33109e-26	1.27045e-26	3.00693e-27	5.88083e-28	1.3265e-28	2.6711e-29	6.29762e-30	1.23879e-30	2.83326e-31	5.7681e-32	1.24965e-32	2.56549e-33	
Rhynchospora_rugosa	0	0	0	0	0	0	0	0	0	0	0	0	0	0	0	0	0	1	0	0	0	0	0	0	0	0	0	0	0	0	0	0	0	0	0	0	0	0	0	0	0	0	0	0	0	0	0	0	0	0	0	0	0	0	0	0	0	0	0	0	0	0	0	0	0	0	0	0	0	0	0	
N23	7.68868e-17	2.88551e-11	1.64752e-06	0.00024311	0.166275	0.831176	0.000506802	0.000843356	0.000953926	1.51988e-07	1.23904e-09	9.08208e-10	2.09278e-13	1.86987e-17	1.26335e-20	1.39497e-20	1.09649e-20	4.2009e-21	1.08002e-24	1.44967e-28	1.31033e-32	8.95879e-37	5.0989e-41	2.59043e-45	1.06945e-49	4.28602e-54	1.48984e-58	4.68057e-63	1.33666e-67	3.705e-72	8.49298e-77	2.00639e-81	4.09931e-86	7.9937e-91	1.39746e-95	2.44473e-100	3.4931e-105	5.22286e-110	6.6245e-115	8.03002e-120	8.51102e-125	8.95607e-130	7.51474e-135	6.44809e-140	4.53579e-145	2.92105e-150	1.57266e-155	7.7952e-161	2.81915e-166	9.10911e-172	2.02157e-177	3.06711e-183	2.20809e-189	1.03726e-86	2.61475e-89	6.82796e-92	1.54022e-94	3.30829e-97	6.2292e-100	1.11735e-102	1.61082e-105	2.17313e-108	2.27817e-111	1.90991e-114	1.07001e-117	3.2881e-121	1.11618e-25	1.12313e-25	1.07674e-25	1.06479e-25	1.02605e-25	
Rhynchospora_brownii	0	0	0	0	0	0	0	0	0	0	0	0	0	0	0	0	0	1	0	0	0	0	0	0	0	0	0	0	0	0	0	0	0	0	0	0	0	0	0	0	0	0	0	0	0	0	0	0	0	0	0	0	0	0	0	0	0	0	0	0	0	0	0	0	0	0	0	0	0	0	0	
Rhynchospora_marisculus	0	0	0	0	1	0	0	0	0	0	0	0	0	0	0	0	0	0	0	0	0	0	0	0	0	0	0	0	0	0	0	0	0	0	0	0	0	0	0	0	0	0	0	0	0	0	0	0	0	0	0	0	0	0	0	0	0	0	0	0	0	0	0	0	0	0	0	0	0	0	0	
N24	9.86072e-10	8.78201e-08	2.89944e-06	4.01268e-05	0.000291594	0.001365	0.00475046	0.0124838	0.0244582	0.0374904	0.0491084	0.0600186	0.0702262	0.089175	0.112472	0.126598	0.124639	0.111463	0.0746327	0.0501789	0.0275267	0.0135288	0.00577297	0.00253634	0.000811979	0.000302942	8.93408e-05	2.66815e-05	6.80043e-06	1.96761e-06	4.12733e-07	1.07692e-07	2.21786e-08	4.94436e-09	9.41336e-10	2.10513e-10	3.40756e-11	7.18653e-12	1.22273e-12	2.25112e-13	3.56933e-14	6.76242e-15	9.53664e-16	1.73869e-16	2.54078e-17	4.09417e-18	5.78612e-19	9.7509e-20	1.20895e-20	1.97041e-21	2.61522e-22	3.87248e-23	4.90229e-24	7.55765e-25	8.86327e-26	1.34733e-26	1.67098e-27	2.34999e-28	2.93098e-29	4.28217e-30	4.98958e-31	7.18834e-32	8.98125e-33	1.21253e-33	1.48934e-34	2.05115e-35	2.45203e-36	3.30558e-37	4.03947e-38	5.23376e-39	6.47267e-40	
N25	2.6371e-10	2.78712e-08	1.09539e-06	1.78961e-05	0.00015495	0.000877005	0.00353895	0.00947067	0.0188112	0.0289567	0.0379449	0.0518499	0.078759	0.123625	0.165481	0.170412	0.137845	0.0919922	0.04599	0.0215508	0.00845784	0.00292554	0.000918171	0.000313468	7.44701e-05	2.36509e-05	5.76353e-06	1.46719e-06	3.15523e-07	8.69641e-08	1.46287e-08	3.78394e-09	6.52452e-10	1.42472e-10	2.26861e-11	5.14186e-12	6.73964e-13	1.4695e-13	2.1074e-14	3.94042e-15	5.2274e-16	1.02999e-16	1.20474e-17	2.32155e-18	2.98884e-19	4.88731e-20	6.2084e-21	1.13815e-21	1.18419e-22	2.13438e-23	2.70626e-24	4.2084e-25	4.91867e-26	8.50899e-27	8.6983e-28	1.5079e-28	1.74996e-29	2.61408e-30	3.06134e-31	5.04601e-32	4.86054e-33	8.17889e-34	1.00312e-34	1.5371e-35	1.86754e-36	3.18007e-37	4.07206e-38	6.74304e-39	9.13749e-40	1.4092e-40	1.98327e-41	
Rhynchospora_alba	0	0	0	0	0	0	0	0	0	0	0	0	1	0	0	0	0	0	0	0	0	0	0	0	0	0	0	0	0	0	0	0	0	0	0	0	0	0	0	0	0	0	0	0	0	0	0	0	0	0	0	0	0	0	0	0	0	0	0	0	0	0	0	0	0	0	0	0	0	0	0	
Rhynchospora_fusca	0	0	0	0	0	0	0	0	0	0	0	0	1	0	0	0	0	0	0	0	0	0	0	0	0	0	0	0	0	0	0	0	0	0	0	0	0	0	0	0	0	0	0	0	0	0	0	0	0	0	0	0	0	0	0	0	0	0	0	0	0	0	0	0	0	0	0	0	0	0	0	
Rhynchospora_capillacea	0	0	0	0	0	0	0	0	0	0	0	0	1	0	0	0	0	0	0	0	0	0	0	0	0	0	0	0	0	0	0	0	0	0	0	0	0	0	0	0	0	0	0	0	0	0	0	0	0	0	0	0	0	0	0	0	0	0	0	0	0	0	0	0	0	0	0	0	0	0	0	
N26	0.00901364	0.0336138	0.0708059	0.106141	0.127288	0.133807	0.120314	0.102214	0.0817972	0.0615013	0.0450863	0.0333868	0.0228925	0.0163596	0.0113787	0.00778417	0.00529836	0.00373528	0.00243265	0.00169523	0.00114064	0.000765499	0.000509349	0.000352923	0.000226165	0.000155706	0.000103019	6.83966e-05	4.49137e-05	3.07427e-05	1.95044e-05	1.32593e-05	8.64308e-06	5.68689e-06	3.68857e-06	2.48723e-06	1.5598e-06	1.04625e-06	6.74154e-07	4.3846e-07	2.80712e-07	1.8656e-07	1.16172e-07	7.68655e-08	4.88939e-08	3.14259e-08	1.99174e-08	1.30653e-08	8.05552e-09	5.25988e-09	3.31162e-09	2.10859e-09	1.32208e-09	8.56732e-10	5.24442e-10	3.38782e-10	2.11342e-10	1.3336e-10	8.29979e-11	5.32643e-11	3.24369e-11	2.07795e-11	1.28963e-11	8.09541e-12	5.01942e-12	3.20983e-12	1.95767e-12	1.25406e-12	7.81097e-13	4.9422e-13	3.103e-13	
Rhynchospora_robusta	0	0	0	0	1	0	0	0	0	0	0	0	0	0	0	0	0	0	0	0	0	0	0	0	0	0	0	0	0	0	0	0	0	0	0	0	0	0	0	0	0	0	0	0	0	0	0	0	0	0	0	0	0	0	0	0	0	0	0	0	0	0	0	0	0	0	0	0	0	0	0	
N27	0.0111167	0.0417417	0.0870516	0.12688	0.145694	0.145953	0.122443	0.0974665	0.0725395	0.0503293	0.0339377	0.023625	0.0145772	0.00979412	0.00624325	0.00394796	0.00244484	0.00164549	0.000940561	0.000627489	0.000382362	0.000239014	0.000143037	9.56641e-05	5.29869e-05	3.5347e-05	2.09897e-05	1.30311e-05	7.61624e-06	5.08339e-06	2.76549e-06	1.83545e-06	1.06206e-06	6.60633e-07	3.8131e-07	2.52249e-07	1.34076e-07	8.85425e-08	5.09767e-08	3.15115e-08	1.78125e-08	1.16511e-08	6.21997e-09	4.07071e-09	2.29729e-09	1.40783e-09	7.96662e-10	5.18965e-10	2.73981e-10	1.78425e-10	1.01603e-10	6.30231e-11	3.57904e-11	2.34373e-11	1.28259e-11	8.44653e-12	4.9106e-12	3.08851e-12	1.81569e-12	1.18608e-12	6.70892e-13	4.38054e-13	2.61482e-13	1.64837e-13	9.85184e-14	6.40825e-14	3.77909e-14	2.46225e-14	1.50268e-14	9.63536e-15	5.98893e-15	
Rhynchospora_nervosa	0	0	0	0	1	0	0	0	0	0	0	0	0	0	0	0	0	0	0	0	0	0	0	0	0	0	0	0	0	0	0	0	0	0	0	0	0	0	0	0	0	0	0	0	0	0	0	0	0	0	0	0	0	0	0	0	0	0	0	0	0	0	0	0	0	0	0	0	0	0	0	
Rhynchospora_latifolia	0	0	0	0	1	0	0	0	0	0	0	0	0	0	0	0	0	0	0	0	0	0	0	0	0	0	0	0	0	0	0	0	0	0	0	0	0	0	0	0	0	0	0	0	0	0	0	0	0	0	0	0	0	0	0	0	0	0	0	0	0	0	0	0	0	0	0	0	0	0	0	
N28	0.000745167	0.00270447	0.00584615	0.00959208	0.0134659	0.0176674	0.0208146	0.0241034	0.0269632	0.0289989	0.0307194	0.0326567	0.0330795	0.0340746	0.0345228	0.0343619	0.0340332	0.0339722	0.0325593	0.0318678	0.0306874	0.0291721	0.0276768	0.0265945	0.0246444	0.0235395	0.0221933	0.0208009	0.019542	0.0186899	0.0172148	0.0164213	0.0154083	0.0144204	0.0134968	0.0128843	0.0118235	0.0112852	0.0105737	0.00991636	0.00928355	0.00888627	0.00817393	0.00782971	0.00734498	0.00691211	0.00648516	0.00622834	0.00574136	0.00551889	0.00519015	0.00490795	0.00461873	0.00445319	0.00411984	0.00397767	0.00375249	0.00356344	0.00336399	0.00325462	0.00302168	0.00292719	0.00276849	0.00263796	0.00249619	0.00242241	0.00225499	0.00219029	0.00207496	0.00198395	0.00188136	
N29	0.00127722	0.00534912	0.0132123	0.0239175	0.0354558	0.0469045	0.0539019	0.0589929	0.0611902	0.0599814	0.0574522	0.0553951	0.0500318	0.0466968	0.0426938	0.0384229	0.0345329	0.0319259	0.0277379	0.0254528	0.0227984	0.0203442	0.018116	0.0166716	0.0144458	0.0132724	0.0118621	0.0106196	0.00947324	0.00874586	0.00761287	0.00702324	0.00629015	0.00567276	0.00508394	0.00471167	0.00412549	0.00382845	0.00345071	0.00313486	0.00282588	0.00263283	0.00232724	0.0021718	0.00196753	0.00179893	0.00163259	0.00152952	0.00136177	0.0012783	0.00116646	0.001076	0.000983612	0.000927589	0.00083328	0.000787594	0.000723635	0.00067223	0.000618881	0.000586854	0.000531278	0.000504827	0.000466751	0.000436176	0.00040383	0.000384892	0.000350809	0.000334866	0.000311042	0.000292378	0.000272164	
Scleria_pergracilis	0	0	0	0	1	0	0	0	0	0	0	0	0	0	0	0	0	0	0	0	0	0	0	0	0	0	0	0	0	0	0	0	0	0	0	0	0	0	0	0	0	0	0	0	0	0	0	0	0	0	0	0	0	0	0	0	0	0	0	0	0	0	0	0	0	0	0	0	0	0	0	
N30	0.000289474	0.00193664	0.00708464	0.0170744	0.0309537	0.0473979	0.0594173	0.069523	0.0751304	0.0751981	0.0726228	0.0711944	0.0627989	0.0585917	0.0522937	0.0458984	0.0396598	0.0358508	0.0291678	0.0258443	0.0217477	0.0183088	0.0151254	0.0131208	0.0103094	0.00881427	0.00713812	0.00580746	0.00462577	0.00386154	0.00293506	0.00240865	0.00186911	0.00146416	0.00111881	0.000890088	0.000647496	0.000505852	0.000374747	0.00027939	0.00020278	0.000152669	0.000106166	7.84904e-05	5.51115e-05	3.89714e-05	2.69164e-05	1.92018e-05	1.27134e-05	8.91102e-06	5.96181e-06	4.01982e-06	2.64558e-06	1.79558e-06	1.13963e-06	7.62294e-07	4.88171e-07	3.15235e-07	1.99346e-07	1.2965e-07	7.93695e-08	5.1024e-08	3.1565e-08	1.96894e-08	1.20592e-08	7.59903e-09	4.53955e-09	2.84207e-09	1.72104e-09	1.05623e-09	6.40505e-10	
Scleria_microcarpa	0	0	0	0	0	0	0	0	0	1	0	0	0	0	0	0	0	0	0	0	0	0	0	0	0	0	0	0	0	0	0	0	0	0	0	0	0	0	0	0	0	0	0	0	0	0	0	0	0	0	0	0	0	0	0	0	0	0	0	0	0	0	0	0	0	0	0	0	0	0	0	
N31	8.43361e-05	0.000747389	0.0035034	0.0103088	0.0219538	0.0381469	0.0531588	0.0673687	0.0776194	0.0816483	0.0819108	0.0824278	0.0738589	0.0693436	0.0616152	0.053225	0.0447965	0.0394197	0.0304168	0.0258573	0.0204537	0.0161187	0.012244	0.00987546	0.00685837	0.0053286	0.00376251	0.0026645	0.00179063	0.00129063	0.000788767	0.000545046	0.000337241	0.000213672	0.000127311	8.20037e-05	4.45171e-05	2.77744e-05	1.5525e-05	8.94873e-06	4.82275e-06	2.83989e-06	1.42805e-06	8.23439e-07	4.24971e-07	2.28991e-07	1.16478e-07	6.4737e-08	3.09306e-08	1.69123e-08	8.38426e-09	4.34213e-09	2.11696e-09	1.11888e-09	5.20278e-10	2.71064e-10	1.29371e-10	6.42578e-11	3.04242e-11	1.53721e-11	6.99438e-12	3.49679e-12	1.63308e-12	7.86798e-13	3.64366e-13	1.78392e-13	8.06553e-14	3.92356e-14	1.81062e-14	8.63359e-15	4.02181e-15	
Scleria_tessellata	0	0	0	0	0	0	0	0	0	0	0	0	0	1	0	0	0	0	0	0	0	0	0	0	0	0	0	0	0	0	0	0	0	0	0	0	0	0	0	0	0	0	0	0	0	0	0	0	0	0	0	0	0	0	0	0	0	0	0	0	0	0	0	0	0	0	0	0	0	0	0	
Scleria_foliosa	0	0	0	0	0	0	0	0	0	1	0	0	0	0	0	0	0	0	0	0	0	0	0	0	0	0	0	0	0	0	0	0	0	0	0	0	0	0	0	0	0	0	0	0	0	0	0	0	0	0	0	0	0	0	0	0	0	0	0	0	0	0	0	0	0	0	0	0	0	0	0	
Calyptrocarya_glomerulata	0	0	0	0	0	0	0	0	0	1	0	0	0	0	0	0	0	0	0	0	0	0	0	0	0	0	0	0	0	0	0	0	0	0	0	0	0	0	0	0	0	0	0	0	0	0	0	0	0	0	0	0	0	0	0	0	0	0	0	0	0	0	0	0	0	0	0	0	0	0	0	
N32	3.6123e-08	8.31335e-07	8.90965e-06	5.07512e-05	0.000189778	0.000542447	0.00116883	0.00221637	0.00370451	0.00551295	0.00787641	0.0113552	0.0143173	0.0179608	0.0208958	0.0236401	0.0263954	0.0301736	0.0305609	0.0325411	0.0331779	0.0347211	0.0376967	0.0449379	0.0507803	0.0612627	0.0679156	0.0710512	0.0683878	0.0640389	0.0521856	0.0434255	0.0336439	0.0260879	0.0200787	0.0162831	0.0123618	0.00991726	0.00744198	0.0054273	0.00373164	0.00254453	0.00155579	0.000967601	0.000556741	0.000312984	0.000169425	9.43621e-05	5.03114e-05	2.9534e-05	1.76943e-05	1.1357e-05	7.50895e-06	5.25116e-06	3.48502e-06	2.41299e-06	1.58282e-06	1.02421e-06	6.36421e-07	3.96356e-07	2.27916e-07	1.34061e-07	7.44136e-08	4.06965e-08	2.14471e-08	1.13748e-08	5.62331e-09	2.85415e-09	1.37924e-09	6.63556e-10	3.11319e-10	
Cladium_mariscus	0	0	0	0	0	0	0	0	0	0	0	0	0	0	0	0	0	1	0	0	0	0	0	0	0	0	0	0	0	0	0	0	0	0	0	0	0	0	0	0	0	0	0	0	0	0	0	0	0	0	0	0	0	0	0	0	0	0	0	0	0	0	0	0	0	0	0	0	0	0	0	
Cladium_mariscoides	0	0	0	0	0	0	0	0	0	0	0	0	0	0	0	0	0	0	0	0	0	0	0	0	0	0	0	0	0	0	0	0	0	0	0	0	0	0	1	0	0	0	0	0	0	0	0	0	0	0	0	0	0	0	0	0	0	0	0	0	0	0	0	0	0	0	0	0	0	0	0	
N33	1.60618e-05	0.000130198	0.000584363	0.00171501	0.0037659	0.00693348	0.0104399	0.0145665	0.0187098	0.0221958	0.0253197	0.0290391	0.0302142	0.0327953	0.0341926	0.0349224	0.0351755	0.0366464	0.0348958	0.0355606	0.0347429	0.0338035	0.0324639	0.0324211	0.029865	0.0295086	0.0279717	0.0265783	0.0249444	0.0243697	0.0221022	0.0214466	0.0199955	0.0188283	0.0175091	0.0169266	0.0152783	0.0147259	0.0136604	0.0127703	0.0117495	0.0111847	0.00998098	0.00942302	0.00855142	0.00782091	0.00705069	0.00656771	0.0057647	0.00535033	0.0047965	0.00434447	0.00387631	0.00356584	0.00309774	0.00282796	0.00248767	0.00220294	0.00191662	0.00170907	0.0014398	0.00126696	0.00107426	0.000914746	0.00076466	0.000654205	0.000530379	0.000447939	0.000365182	0.000299778	0.000242105	
Lepironia_articulata	0	0	0	0	0	0	0	0	0	0	0	0	0	0	0	0	1	0	0	0	0	0	0	0	0	0	0	0	0	0	0	0	0	0	0	0	0	0	0	0	0	0	0	0	0	0	0	0	0	0	0	0	0	0	0	0	0	0	0	0	0	0	0	0	0	0	0	0	0	0	0	
Chrysitrix_capensis	0	0	0	0	0	0	0	0	0	0	0	0	0	0	0	0	0	0	0	0	0	0	1	0	0	0	0	0	0	0	0	0	0	0	0	0	0	0	0	0	0	0	0	0	0	0	0	0	0	0	0	0	0	0	0	0	0	0	0	0	0	0	0	0	0	0	0	0	0	0	0	
