NODE	1	2	3	4	5	6	7	8	9	10	11	12	13	14	15	16	17	18	19	20	21	22	23	24	25	26	27	28	29	30	31	32	33	34	35	36	37	38	39	40	41	42	43	44	45	46	47	48	49	50	51	52	53	54	55	56	57	58	59	60	61	62	
N1	0.354453	0.294588	0.196444	0.101029	0.0392094	0.0113748	0.00245661	0.000393258	4.63895e-005	4.00807e-006	2.52359e-007	1.1537e-008	3.82237e-010	9.1781e-012	1.60041e-013	1.02964e-017	9.94037e-019	8.24569e-020	5.90058e-021	3.65839e-022	1.97414e-023	9.31401e-025	3.85928e-026	1.41042e-027	4.56487e-029	1.3134e-030	3.37135e-032	7.74633e-034	1.59825e-035	2.96994e-037	4.98489e-039	7.57826e-041	1.0463e-042	1.31538e-044	1.50958e-046	1.58544e-048	1.52748e-050	1.35315e-052	1.10472e-054	8.32998e-057	5.81357e-059	3.76304e-061	2.26355e-063	1.26772e-065	6.62261e-068	3.23278e-070	1.47706e-072	6.32705e-075	2.54486e-077	9.62578e-080	3.42883e-082	1.15185e-084	3.65393e-087	1.09597e-089	3.11204e-092	8.37554e-095	2.13893e-097	5.18887e-100	1.19702e-102	2.62876e-105	5.51112e-108	1.30894e-110	
N2	0.0598428	0.103935	0.14852	0.179037	0.167639	0.138183	0.090971	0.0574615	0.0287104	0.0153512	0.00611167	0.00290311	0.000883742	0.000342942	7.81327e-005	2.53815e-005	4.39755e-006	1.15616e-006	1.64962e-007	3.98306e-008	4.49282e-009	8.37564e-010	7.78577e-011	1.3349e-011	9.28086e-013	1.10895e-013	6.30863e-015	7.06326e-016	2.9472e-017	2.24675e-018	8.0064e-020	6.12236e-021	1.58909e-022	7.83917e-024	1.75481e-025	8.94493e-027	1.48747e-028	5.10161e-030	7.98464e-032	3.09944e-033	3.59042e-035	8.6361e-037	9.27491e-039	2.51374e-040	2.06716e-042	3.82028e-044	3.24548e-046	7.37735e-048	4.62071e-050	6.25553e-052	3.77814e-054	6.0454e-056	2.83137e-058	3.11837e-060	1.57617e-062	2.27524e-064	8.44383e-067	7.19185e-069	2.94674e-071	3.75872e-073	3.51665e-075	1.00111e-076	
N3	1.97698e-005	9.68971e-005	0.000423344	0.00150637	0.00373767	0.0083227	0.0185113	0.0343152	0.0481032	0.0554687	0.0461806	0.0366262	0.0437488	0.0790212	0.121186	0.158525	0.144293	0.11016	0.0562657	0.024534	0.00692255	0.00171345	0.000273829	4.03035e-005	3.83581e-006	3.53348e-007	2.15652e-008	1.34659e-009	5.56948e-011	2.45117e-012	7.31944e-014	2.43226e-015	5.40379e-017	1.36622e-018	2.37022e-020	4.84653e-022	6.62581e-024	1.07887e-025	1.21163e-027	1.67199e-029	1.5318e-031	1.72805e-033	1.34387e-035	1.32725e-037	8.62612e-040	7.11429e-042	4.03361e-044	2.99949e-046	1.44611e-048	9.08302e-051	3.8955e-053	2.25188e-055	8.34081e-058	4.13222e-060	1.39495e-062	6.55762e-065	2.00463e-067	8.79488e-070	3.30256e-072	1.99544e-074	1.27929e-076	1.18416e-078	
Dulichium_arundinaceum	0	0	0	0	0	0	0	0	0	0	0	0	0	0	0	1	0	0	0	0	0	0	0	0	0	0	0	0	0	0	0	0	0	0	0	0	0	0	0	0	0	0	0	0	0	0	0	0	0	0	0	0	0	0	0	0	0	0	0	0	0	0	
N4	2.40823e-008	2.41907e-007	2.10546e-006	1.51095e-005	5.90395e-005	0.000131934	0.0005489	0.00278696	0.0093821	0.0154663	0.00933062	0.00269702	0.00104545	0.00120558	0.00432606	0.0210289	0.0734982	0.177108	0.255404	0.244208	0.123655	0.0471645	0.00905019	0.00171505	0.000153947	1.57872e-005	7.51805e-007	4.37844e-008	1.20774e-009	4.26961e-011	7.44833e-013	1.7475e-014	2.03944e-016	3.3178e-018	2.74153e-020	3.32808e-022	2.00031e-024	1.83226e-026	8.44741e-029	6.46284e-031	2.30038e-033	1.41193e-035	4.26339e-038	2.59173e-040	6.42743e-043	3.17657e-045	7.61075e-048	4.23602e-050	8.2649e-053	3.35082e-055	6.48009e-058	2.95351e-060	4.49654e-063	1.42229e-065	2.14358e-068	7.66363e-071	9.10752e-074	2.26372e-076	2.9024e-079	9.80987e-082	2.47595e-084	1.44797e-086	
Blysmus_compressus	0	0	0	0	0	0	0	0	0	0	0	0	0	0	0	0	0	0	0	0	0	1	0	0	0	0	0	0	0	0	0	0	0	0	0	0	0	0	0	0	0	0	0	0	0	0	0	0	0	0	0	0	0	0	0	0	0	0	0	0	0	0	
Blysmus_rufus	0	0	0	0	0	0	0	0	0	0	0	0	0	0	0	0	0	0	0	1	0	0	0	0	0	0	0	0	0	0	0	0	0	0	0	0	0	0	0	0	0	0	0	0	0	0	0	0	0	0	0	0	0	0	0	0	0	0	0	0	0	0	
N5	0.0265346	0.0550354	0.0983644	0.147019	0.169008	0.162534	0.128473	0.0961845	0.0599004	0.0343637	0.0145803	0.00578298	0.0015976	0.000475318	0.000105476	3.18878e-005	6.76526e-006	1.96535e-006	3.36813e-007	8.55914e-008	1.10137e-008	2.30175e-009	2.33802e-010	4.3362e-011	3.25488e-012	4.37993e-013	2.4969e-014	2.77551e-015	1.09487e-016	8.00916e-018	2.39871e-019	1.50093e-020	3.06401e-022	1.2138e-023	1.94004e-025	7.13102e-027	7.86987e-029	1.82999e-030	1.70321e-032	4.1917e-034	2.695e-036	3.93657e-038	2.24934e-040	3.86078e-042	1.57218e-044	1.62497e-046	6.72191e-049	9.53864e-051	2.93771e-053	2.46522e-055	8.54557e-058	1.10816e-059	3.13483e-062	2.53361e-064	8.23427e-067	9.75646e-069	2.19399e-071	1.31368e-073	3.15626e-076	2.94464e-078	1.4328e-080	2.52015e-082	
N6	0.00323411	0.00825708	0.0194656	0.0399244	0.0669435	0.0954305	0.109399	0.117954	0.118571	0.12189	0.104524	0.0852571	0.0517535	0.0320622	0.0139904	0.00710881	0.00241461	0.00112439	0.000377068	0.000201387	6.92857e-005	3.41366e-005	9.56027e-006	3.82483e-006	7.73703e-007	2.25169e-007	3.40975e-008	8.21948e-009	9.05069e-010	1.57866e-010	1.38546e-011	2.15921e-012	1.40583e-013	1.53479e-014	8.29412e-016	8.4256e-017	3.42301e-018	2.434e-019	8.56112e-021	5.95481e-022	1.58941e-023	7.64395e-025	1.79797e-026	8.76348e-028	1.60208e-029	5.58684e-031	9.50215e-033	3.58099e-034	4.74314e-036	1.22932e-037	1.51561e-039	4.34546e-041	4.27251e-043	8.89109e-045	8.84785e-047	2.20083e-048	1.72252e-050	2.87117e-052	2.50269e-054	6.20904e-056	1.29815e-057	7.31274e-059	
N7	1.2364e-006	9.34457e-006	6.19405e-005	0.000271785	0.00114936	0.00459597	0.0113698	0.00969194	0.00798961	0.0154693	0.0300685	0.0617631	0.132812	0.240794	0.230747	0.128713	0.0402398	0.0106517	0.00258913	0.0029242	0.00529691	0.0105405	0.0127358	0.0157605	0.0110732	0.00795724	0.00313524	0.00126632	0.000260743	5.44916e-005	5.79019e-006	6.66497e-007	3.85046e-008	2.56974e-009	9.26655e-011	4.26322e-012	1.01635e-013	3.18972e-015	5.61331e-017	1.41025e-018	1.82057e-020	3.33643e-022	3.46829e-024	5.49191e-026	4.41504e-028	5.28555e-030	3.61217e-032	3.93341e-034	2.13818e-036	1.7833e-038	8.48196e-041	6.64666e-043	2.57531e-045	1.58349e-047	5.55276e-050	3.33513e-052	9.73766e-055	4.71013e-057	1.48747e-059	9.54301e-062	6.06109e-064	7.022e-066	
Scirpus_pendulus	0	0	0	0	0	0	0	0	0	0	0	0	0	0	0	0	0	0	0	1	0	0	0	0	0	0	0	0	0	0	0	0	0	0	0	0	0	0	0	0	0	0	0	0	0	0	0	0	0	0	0	0	0	0	0	0	0	0	0	0	0	0	
N8	9.90055e-015	8.6741e-013	4.47209e-011	1.04419e-009	4.33762e-009	1.90903e-007	3.60962e-006	2.2697e-006	1.82485e-007	6.61566e-008	1.91077e-006	5.32967e-005	0.000922172	0.00800222	0.0166187	0.00144333	3.42962e-005	5.82268e-007	2.06854e-008	1.78117e-009	1.92127e-009	7.80874e-008	2.23722e-006	4.99051e-005	0.000656895	0.00738928	0.0403189	0.202469	0.314956	0.332232	0.0664494	0.00813064	0.000255195	7.65292e-006	8.23856e-008	1.04287e-009	5.33118e-012	3.52393e-014	1.02562e-016	4.16659e-019	7.55672e-022	1.99173e-024	2.43786e-027	4.6281e-030	3.9531e-033	5.40475e-036	3.42857e-039	3.83414e-042	1.81138e-045	1.55543e-048	6.07084e-052	5.17466e-055	1.60601e-058	1.0773e-061	3.28291e-065	2.62736e-068	6.3624e-072	3.59801e-075	1.11793e-078	1.01586e-081	7.77374e-085	9.62965e-088	
N9	1.20462e-021	8.3824e-019	2.86015e-016	1.72454e-014	1.10678e-013	2.88698e-011	3.03515e-009	2.03985e-009	2.07623e-011	5.23062e-012	4.7513e-010	7.92992e-008	7.18469e-006	0.000245374	0.000832738	6.23981e-005	3.55182e-007	8.64788e-010	2.46116e-012	2.09983e-014	2.273e-014	1.56599e-012	3.82925e-010	6.27116e-008	5.4372e-006	0.000297108	0.00708534	0.093608	0.346628	0.43797	0.105477	0.00766245	0.000117456	9.78228e-007	2.263e-009	9.11076e-012	6.45323e-015	5.38607e-017	3.05953e-020	3.41643e-022	1.17797e-025	8.01955e-028	1.71076e-031	7.40942e-034	9.63656e-038	2.62341e-040	2.38031e-044	4.5703e-047	2.77249e-051	3.49043e-054	1.65869e-058	1.67194e-061	5.60363e-066	3.6817e-069	1.05257e-073	6.3526e-077	1.29872e-081	4.65033e-085	8.12377e-090	2.805e-093	4.54396e-098	1.91615e-101	
N10	1.47596e-023	5.80413e-021	1.20298e-018	1.83979e-016	8.36117e-016	9.76389e-014	5.33317e-012	1.92334e-011	6.89985e-013	1.72635e-013	7.16951e-012	1.42328e-009	1.54433e-007	6.67966e-006	6.00176e-005	3.80177e-005	8.84437e-007	5.49195e-009	1.59877e-011	2.83578e-014	2.13181e-016	8.25625e-016	3.11166e-013	1.22224e-010	2.94274e-008	4.03669e-006	0.000283605	0.00915119	0.104608	0.394134	0.398598	0.0888006	0.00424952	6.54152e-005	4.14099e-007	1.43096e-009	2.56398e-012	6.1163e-015	5.14847e-018	2.45467e-020	1.82656e-023	4.22447e-025	1.40218e-027	4.39565e-029	1.08031e-031	2.11378e-033	3.8557e-036	4.90375e-038	6.34217e-041	5.38764e-043	4.96577e-046	2.8646e-048	1.76053e-051	6.97117e-054	2.9569e-057	7.99171e-060	2.06082e-063	3.29112e-066	5.76409e-070	5.60316e-073	7.57535e-077	7.72284e-080	
N11	4.01605e-026	1.63906e-023	3.42319e-021	4.97585e-019	2.03811e-018	2.5529e-016	1.66398e-014	1.25999e-013	1.04701e-014	2.76891e-015	1.00542e-013	2.72729e-011	4.15741e-009	2.65797e-007	4.38125e-006	5.17226e-006	1.48834e-007	1.03724e-009	3.12977e-012	4.98156e-015	5.70735e-018	2.06235e-018	9.28043e-016	7.07227e-013	3.41775e-010	9.71909e-008	1.46447e-005	0.0010257	0.0278529	0.243235	0.526497	0.190342	0.0108505	0.000171559	1.04676e-006	3.03812e-009	4.75335e-012	4.72627e-015	2.88435e-018	2.45888e-021	8.89562e-025	2.242e-027	1.25145e-030	3.06624e-032	5.64183e-035	1.38127e-036	2.18034e-039	3.54325e-041	4.18207e-044	4.53484e-046	4.00083e-049	2.95464e-051	1.8618e-054	9.49942e-057	4.03689e-060	1.42448e-062	3.77438e-066	8.92274e-069	1.51279e-072	2.28641e-075	3.17921e-079	4.8023e-082	
Scirpus_expansus	0	0	0	0	0	0	0	0	0	0	0	0	0	0	0	0	0	0	0	0	0	0	0	0	0	0	0	0	0	0	0	1	0	0	0	0	0	0	0	0	0	0	0	0	0	0	0	0	0	0	0	0	0	0	0	0	0	0	0	0	0	0	
N12	6.12233e-030	3.52895e-027	9.54047e-025	1.9557e-022	5.17233e-022	1.02492e-019	1.32604e-017	3.34907e-016	5.28618e-017	1.08865e-017	3.24061e-016	1.4006e-013	3.66309e-011	4.31893e-009	1.50643e-007	2.53386e-007	5.05567e-009	2.60125e-011	5.85222e-014	6.91823e-017	5.7167e-020	4.8976e-021	1.21792e-018	1.78493e-015	1.75315e-012	1.05944e-009	3.61003e-007	6.18493e-005	0.00452051	0.110325	0.601344	0.272753	0.0108839	0.000111461	4.37211e-007	8.17848e-010	8.3768e-013	5.18175e-016	2.06797e-019	5.8158e-023	1.14315e-026	2.72877e-030	4.086e-034	1.35484e-036	1.30919e-039	1.98406e-041	1.90346e-044	1.98363e-046	1.49567e-049	1.05538e-051	6.38103e-055	3.06659e-057	1.472e-060	4.83383e-063	1.77037e-066	3.99277e-069	1.03428e-072	1.60645e-075	2.74131e-079	2.91111e-082	4.78228e-086	5.30117e-089	
Scirpus_sylvaticus	0	0	0	0	0	0	0	0	0	0	0	0	0	0	0	0	0	0	0	0	0	0	0	0	0	0	0	0	0	0	1	0	0	0	0	0	0	0	0	0	0	0	0	0	0	0	0	0	0	0	0	0	0	0	0	0	0	0	0	0	0	0	
Scirpus_microcarpus	0	0	0	0	0	0	0	0	0	0	0	0	0	0	0	0	0	0	0	0	0	0	0	0	0	0	0	0	0	0	0	1	0	0	0	0	0	0	0	0	0	0	0	0	0	0	0	0	0	0	0	0	0	0	0	0	0	0	0	0	0	0	
Scirpus_maximowiczii	0	0	0	0	0	0	0	0	0	0	0	0	0	0	0	0	0	0	0	0	0	0	0	0	0	0	0	0	0	0	0	1	0	0	0	0	0	0	0	0	0	0	0	0	0	0	0	0	0	0	0	0	0	0	0	0	0	0	0	0	0	0	
N13	3.64211e-024	2.61318e-021	9.7522e-019	5.27435e-017	2.06023e-015	5.52603e-013	4.67448e-011	3.05092e-011	3.64043e-013	2.24099e-013	4.14003e-011	1.07884e-008	1.3164e-006	4.58186e-005	0.000122217	1.1412e-005	9.62465e-008	2.42651e-010	3.1837e-013	3.05342e-015	5.10123e-016	5.10924e-014	2.09574e-011	6.91731e-009	1.205e-006	0.000112218	0.00458049	0.0783227	0.362809	0.44279	0.104623	0.00647401	0.000106713	6.47249e-007	1.66621e-009	2.4398e-012	1.8088e-015	2.3741e-018	8.24837e-022	3.11998e-024	7.4689e-028	3.67283e-030	2.25264e-033	6.70674e-035	6.3912e-038	1.48841e-039	1.15921e-042	1.91773e-044	9.36364e-048	1.10568e-049	3.80899e-053	3.31581e-055	7.17455e-059	4.56549e-061	7.25319e-065	3.50132e-067	3.33515e-071	1.07084e-073	7.42965e-078	1.72379e-080	8.97658e-085	1.69446e-087	
N14	3.75442e-024	8.71942e-022	1.31517e-019	8.35117e-018	1.1929e-016	7.71626e-015	2.193e-013	6.5284e-013	2.90979e-013	5.93696e-013	1.72691e-011	1.83665e-009	1.13729e-007	2.83846e-006	1.57458e-005	8.00636e-006	5.11576e-007	6.98853e-009	4.28373e-011	1.67371e-013	6.59632e-015	3.19663e-014	1.35202e-012	3.59137e-010	6.78826e-008	7.59484e-006	0.000452566	0.0124803	0.130801	0.42516	0.340008	0.0839524	0.00692974	0.000178264	1.91566e-006	1.05014e-008	3.28547e-011	6.90063e-014	9.2661e-017	1.70128e-019	1.54773e-022	1.52046e-024	5.69895e-027	2.6341e-028	1.05383e-030	3.31599e-032	1.04877e-034	2.17985e-036	5.39725e-039	7.45438e-041	1.45258e-043	1.34003e-045	1.98295e-048	1.22379e-050	1.2901e-053	5.26089e-056	3.54944e-059	9.12392e-062	4.00245e-065	6.21007e-068	2.13516e-071	3.75325e-074	
Scirpus_polystachyus	0	0	0	0	0	0	0	0	0	0	0	0	0	0	0	0	0	0	0	0	0	0	0	0	0	0	0	0	0	1	0	0	0	0	0	0	0	0	0	0	0	0	0	0	0	0	0	0	0	0	0	0	0	0	0	0	0	0	0	0	0	0	
Scirpus_cyperinus	0	0	0	0	0	0	0	0	0	0	0	0	0	0	0	0	0	0	0	0	0	0	0	0	0	0	0	0	0	0	0	0	1	0	0	0	0	0	0	0	0	0	0	0	0	0	0	0	0	0	0	0	0	0	0	0	0	0	0	0	0	0	
N15	4.99636e-026	2.18273e-023	6.65383e-021	3.12637e-019	3.25758e-017	3.84447e-015	1.28828e-013	2.48626e-014	1.86573e-015	6.48171e-014	1.6868e-011	2.68863e-009	2.02191e-007	4.32138e-006	6.17546e-006	3.2652e-007	4.05555e-009	2.10293e-011	6.35171e-014	1.51773e-015	6.30612e-015	1.94978e-013	6.09796e-011	1.65965e-008	2.61783e-006	0.000220756	0.00854884	0.124085	0.49053	0.332823	0.0422646	0.00149445	1.96015e-005	1.17073e-007	3.6683e-010	6.71385e-013	7.6858e-016	6.10437e-019	3.28803e-022	2.01997e-025	6.86346e-029	1.08252e-031	3.63962e-035	3.57166e-037	5.50245e-040	1.13785e-041	1.84247e-044	2.69331e-046	3.47903e-049	3.49538e-051	3.68126e-054	2.55492e-056	2.12542e-059	1.02067e-061	6.40702e-065	2.12489e-067	9.15009e-071	2.08392e-073	6.02494e-077	9.19117e-080	2.17061e-083	3.34221e-086	
N16	7.22243e-030	4.88264e-027	2.06878e-024	9.60743e-023	7.31803e-021	1.49286e-018	1.63626e-016	1.56455e-016	2.55363e-017	3.51637e-016	1.32405e-013	3.20507e-011	3.63638e-009	1.28842e-007	2.45092e-007	6.45743e-009	4.45629e-011	1.35048e-013	2.17517e-016	6.85424e-019	1.0839e-018	8.74876e-016	7.90771e-013	4.58174e-010	1.56251e-007	2.83702e-005	0.00236839	0.0724152	0.54165	0.361117	0.0220758	0.000342376	2.00139e-006	5.49719e-009	8.16656e-012	7.23879e-015	4.10809e-018	1.5856e-021	4.30697e-025	9.28486e-029	1.50348e-032	1.6431e-035	1.73176e-038	2.24065e-040	2.29965e-043	2.05524e-045	1.67658e-048	1.01848e-050	6.65109e-054	2.75977e-056	1.43873e-059	4.08709e-062	1.6449e-065	3.19949e-068	9.30376e-072	1.2308e-074	2.37318e-078	2.06093e-081	2.52984e-085	1.32526e-088	1.30201e-092	7.17963e-096	
Eriophorum_virginicum	0	0	0	0	0	0	0	0	0	0	0	0	0	0	0	0	0	0	0	0	0	0	0	0	0	0	0	0	1	0	0	0	0	0	0	0	0	0	0	0	0	0	0	0	0	0	0	0	0	0	0	0	0	0	0	0	0	0	0	0	0	0	
Eriophorum_gracile	0	0	0	0	0	0	0	0	0	0	0	0	0	0	0	0	0	0	0	0	0	0	0	0	0	0	0	0	0	1	0	0	0	0	0	0	0	0	0	0	0	0	0	0	0	0	0	0	0	0	0	0	0	0	0	0	0	0	0	0	0	0	
Eriophorum_angustifolium_subsp_angustifolium	0	0	0	0	0	0	0	0	0	0	0	0	0	0	0	0	0	0	0	0	0	0	0	0	0	0	0	0	1	0	0	0	0	0	0	0	0	0	0	0	0	0	0	0	0	0	0	0	0	0	0	0	0	0	0	0	0	0	0	0	0	0	
Scirpus_radicans	0	0	0	0	0	0	0	0	0	0	0	0	0	0	0	0	0	0	0	0	0	0	0	0	0	0	0	1	0	0	0	0	0	0	0	0	0	0	0	0	0	0	0	0	0	0	0	0	0	0	0	0	0	0	0	0	0	0	0	0	0	0	
Scirpus_divaricatus	0	0	0	0	0	0	0	0	0	0	0	0	0	1	0	0	0	0	0	0	0	0	0	0	0	0	0	0	0	0	0	0	0	0	0	0	0	0	0	0	0	0	0	0	0	0	0	0	0	0	0	0	0	0	0	0	0	0	0	0	0	0	
N17	0.0251507	0.0518708	0.093374	0.141113	0.166149	0.161776	0.131055	0.100541	0.0652094	0.0380405	0.0165638	0.00654719	0.00182751	0.000572014	0.000133154	5.46171e-005	1.17446e-005	7.21382e-006	1.06013e-006	1.04077e-006	1.00384e-007	1.08489e-007	8.06045e-009	8.39666e-009	4.65645e-010	3.48114e-010	1.60858e-011	1.11025e-011	3.79158e-013	1.68685e-013	5.09987e-015	2.51918e-015	5.2645e-017	1.37458e-017	2.94561e-019	1.33226e-019	1.67383e-021	2.60281e-022	4.87642e-024	2.71882e-024	2.16193e-026	2.0678e-027	3.57648e-029	2.12783e-029	1.30942e-031	1.04488e-032	2.04853e-034	1.48249e-034	1.02623e-036	8.80107e-038	1.73671e-039	1.26348e-039	8.01548e-042	6.09121e-043	1.07726e-044	6.53403e-045	3.23962e-047	1.79459e-048	2.07894e-050	9.58039e-051	7.84106e-053	4.90733e-053	
N18	6.20999e-006	0.000178477	0.0028646	0.0201554	0.200826	0.651982	0.117562	0.0062738	0.000148583	1.99208e-006	1.64325e-008	9.35764e-011	3.73885e-013	1.13923e-015	2.61594e-018	4.88998e-021	7.19824e-024	9.08242e-027	9.30216e-030	8.55053e-033	6.49351e-036	4.60407e-039	2.71937e-042	1.54729e-045	7.30859e-049	3.39903e-052	1.30596e-055	5.03313e-059	1.58837e-062	5.11281e-066	1.34328e-069	3.67121e-073	8.11845e-077	1.90201e-080	3.60041e-084	7.37499e-088	1.20753e-091	2.17403e-095	3.1309e-099	5.0475e-103	6.42557e-107	9.23928e-111	1.05422e-114	1.37534e-118	1.40368e-122	1.64218e-126	1.51691e-130	1.62147e-134	1.34552e-138	1.29211e-142	9.75112e-147	8.60832e-151	5.85623e-155	4.67045e-159	2.92862e-163	2.20701e-167	1.33797e-171	1.04298e-175	8.08193e-180	8.56482e-184	9.7222e-188	1.23713e-191	
Carex_pachygyna	0	0	0	0	0	1	0	0	0	0	0	0	0	0	0	0	0	0	0	0	0	0	0	0	0	0	0	0	0	0	0	0	0	0	0	0	0	0	0	0	0	0	0	0	0	0	0	0	0	0	0	0	0	0	0	0	0	0	0	0	0	0	
Carex_siderosticta	0	0	0	0	0	1	0	0	0	0	0	0	0	0	0	0	0	0	0	0	0	0	0	0	0	0	0	0	0	0	0	0	0	0	0	0	0	0	0	0	0	0	0	0	0	0	0	0	0	0	0	0	0	0	0	0	0	0	0	0	0	0	
N19	4.8837e-007	2.79519e-006	1.45573e-005	5.85297e-005	0.000216555	0.000549636	0.00064802	0.000848476	0.00208503	0.00686557	0.0184028	0.0349801	0.0325646	0.0147852	0.00351969	0.000783192	0.000293359	0.000289637	0.000579548	0.00238982	0.00834853	0.0299884	0.0715143	0.161202	0.203816	0.214663	0.115688	0.0554374	0.0147524	0.00395671	0.000633327	0.000109524	1.12616e-005	1.37089e-006	1.4448e-007	5.27179e-008	3.06174e-008	2.80144e-008	1.71774e-008	1.32083e-008	6.05194e-009	3.39091e-009	1.17821e-009	5.1472e-010	1.29141e-010	3.99685e-011	7.43545e-012	1.75148e-012	2.24592e-013	3.52981e-014	3.18751e-015	3.63511e-016	2.16498e-017	1.60472e-018	6.80473e-020	3.82937e-021	1.15575e-022	4.77138e-024	1.44256e-025	7.01096e-027	3.47724e-028	3.21791e-029	
Trichophorum_cespitosum	0	0	0	0	0	0	0	0	0	0	0	0	0	0	0	0	0	0	0	0	0	0	0	0	0	0	0	0	0	0	0	0	0	0	0	0	0	0	0	0	0	0	0	0	0	0	0	0	0	0	0	1	0	0	0	0	0	0	0	0	0	0	
Trichophorum_alpinum	0	0	0	0	0	0	0	0	0	0	0	0	0	0	0	0	0	0	0	0	0	0	0	0	0	0	0	0	1	0	0	0	0	0	0	0	0	0	0	0	0	0	0	0	0	0	0	0	0	0	0	0	0	0	0	0	0	0	0	0	0	0	
N20	0.18801	0.259301	0.244362	0.173246	0.0857502	0.0352966	0.0103655	0.00295007	0.000562604	0.000133291	1.83691e-005	4.23844e-006	4.29387e-007	8.00341e-008	5.91634e-009	9.26842e-010	4.5652e-011	4.64772e-012	1.66014e-013	1.62898e-014	3.82823e-016	2.16456e-017	4.16362e-019	2.80282e-020	3.468e-022	1.10631e-023	1.17076e-025	4.77134e-027	3.28082e-029	6.34291e-031	4.13455e-033	1.1552e-034	4.73615e-037	5.58982e-039	2.10492e-041	3.71307e-043	9.43602e-046	8.21731e-048	2.44724e-050	3.81727e-052	6.82344e-055	3.88728e-057	6.8746e-060	6.79004e-062	8.29441e-065	4.27058e-067	7.81358e-070	7.97925e-072	7.77625e-075	2.51202e-077	2.51459e-080	1.49635e-082	1.04556e-085	3.26182e-088	3.63114e-091	2.38811e-093	1.39076e-096	2.81818e-099	1.82152e-102	7.74144e-105	1.11475e-107	9.10276e-110	
N21	0.210655	0.259024	0.231183	0.162456	0.0848841	0.0360855	0.0116252	0.00324075	0.000682302	0.000138791	2.06434e-005	3.57331e-006	3.99177e-007	6.22478e-008	5.33188e-009	7.61324e-010	4.8787e-011	5.6858e-012	2.82559e-013	2.93233e-014	1.09392e-015	8.47028e-017	2.59357e-018	1.95383e-019	4.47627e-021	2.30414e-022	4.56822e-024	2.6003e-025	3.78783e-027	1.36392e-028	1.86217e-030	8.64811e-032	8.46e-034	2.1954e-035	2.09167e-037	7.7129e-039	5.39354e-041	1.11135e-042	8.54849e-045	2.82028e-046	1.57512e-048	2.62781e-050	1.60016e-052	4.41457e-054	2.07553e-056	3.22561e-058	1.89256e-060	5.17527e-062	2.07445e-064	2.53787e-066	1.08744e-068	2.2252e-070	7.05115e-073	7.89132e-075	3.28155e-077	6.79394e-079	1.76269e-081	1.45337e-083	4.19677e-086	6.71026e-088	4.49261e-090	1.62914e-091	
N22	0.261429	0.284845	0.218622	0.134927	0.0642597	0.0255086	0.00785964	0.00205312	0.000411569	7.32378e-005	9.89646e-006	1.31129e-006	1.27136e-007	1.37757e-008	1.02116e-009	9.54192e-011	5.43982e-012	4.15512e-013	1.83867e-014	1.17123e-015	3.97905e-017	2.01022e-018	5.50155e-020	2.46305e-021	5.34841e-023	1.91314e-024	3.55983e-026	1.23167e-027	1.86592e-029	5.06629e-031	6.9504e-033	1.95082e-034	2.16895e-036	4.52346e-038	4.63796e-040	1.03117e-041	8.56499e-044	1.40186e-045	1.11368e-047	2.03586e-049	1.29909e-051	1.6739e-053	1.02138e-055	1.49986e-057	7.44962e-060	7.9557e-062	4.01857e-064	5.20482e-066	2.09761e-068	1.82196e-070	7.26038e-073	7.64758e-075	2.4862e-077	1.8947e-079	6.72516e-082	6.70231e-084	1.86057e-086	1.17877e-088	3.69499e-091	3.61542e-093	2.74097e-095	5.62851e-097	
N23	0.264259	0.288079	0.219797	0.133953	0.0618921	0.0234348	0.00667869	0.0015809	0.000277435	4.24889e-005	4.78729e-006	5.20797e-007	4.04023e-008	3.41911e-009	1.9612e-010	1.3693e-011	5.89488e-013	3.26056e-014	1.0735e-015	4.87118e-017	1.22093e-018	4.36271e-020	8.77117e-022	2.76158e-023	4.40669e-025	1.11172e-026	1.51818e-028	3.64867e-030	4.07782e-032	7.77149e-034	7.82795e-036	1.49648e-037	1.23091e-039	1.78718e-041	1.34214e-043	2e-045	1.22774e-047	1.39101e-049	8.06401e-052	9.8251e-054	4.63009e-056	4.13693e-058	1.8439e-060	1.80805e-062	6.63522e-065	4.91958e-067	1.81223e-069	1.57134e-071	4.69975e-074	2.86243e-076	8.41329e-079	5.97752e-081	1.45456e-083	7.76031e-086	2.02331e-088	1.34951e-090	2.83067e-093	1.27952e-095	3.08162e-098	2.09993e-100	1.1964e-102	1.63375e-104	
N24	0.207727	0.261891	0.237794	0.167517	0.0834539	0.0315868	0.00814172	0.0016388	0.000221296	2.58868e-005	2.00767e-006	1.62436e-007	8.10053e-009	5.05337e-010	1.7695e-011	8.91502e-013	2.20247e-014	8.23671e-016	1.50303e-017	4.63616e-019	6.19742e-021	1.42864e-022	1.53811e-024	3.37312e-026	2.78856e-028	4.48859e-030	3.25333e-032	5.5972e-034	3.17322e-036	3.80742e-038	2.02082e-040	2.78608e-042	1.13535e-044	1.00974e-046	3.8746e-049	4.07086e-051	1.21355e-053	8.41333e-056	2.51304e-058	2.2122e-060	5.02419e-063	2.69135e-065	5.99071e-068	4.14048e-070	7.22114e-073	3.29922e-075	6.39029e-078	4.1707e-080	5.96373e-083	2.15611e-085	3.13629e-088	1.58314e-090	1.80341e-093	6.01288e-096	8.45354e-099	4.36527e-101	4.32751e-104	1.13867e-106	1.27722e-109	5.69464e-112	1.56831e-114	1.37904e-116	
N25	0.098206	0.179762	0.24548	0.242027	0.151664	0.0636269	0.0160197	0.0028679	0.000315544	2.94799e-005	1.72112e-006	1.10275e-007	4.05204e-009	1.96527e-010	4.94537e-012	1.86855e-013	3.22184e-015	8.77683e-017	1.11138e-018	2.57931e-020	2.3996e-022	4.15197e-024	3.2134e-026	5.6784e-028	3.40571e-030	4.23628e-032	2.28541e-034	3.16912e-036	1.32396e-038	1.22175e-040	4.83659e-043	5.31618e-045	1.59431e-047	1.08751e-049	3.08333e-052	2.59046e-054	5.66519e-057	3.08108e-059	6.9736e-062	5.15656e-064	8.74416e-067	3.71598e-069	6.27296e-072	3.66111e-074	4.80829e-077	1.82237e-079	2.85908e-082	1.66512e-084	1.86321e-087	5.51923e-090	6.37956e-093	2.76185e-095	2.47631e-098	6.94883e-101	8.0885e-104	3.67966e-106	2.9177e-109	6.34468e-112	5.67784e-115	2.12295e-117	4.48748e-120	3.29591e-122	
Fimbristylis_autumnalis	0	0	0	0	1	0	0	0	0	0	0	0	0	0	0	0	0	0	0	0	0	0	0	0	0	0	0	0	0	0	0	0	0	0	0	0	0	0	0	0	0	0	0	0	0	0	0	0	0	0	0	0	0	0	0	0	0	0	0	0	0	0	
Fimbristylis_complanata	0	0	0	0	1	0	0	0	0	0	0	0	0	0	0	0	0	0	0	0	0	0	0	0	0	0	0	0	0	0	0	0	0	0	0	0	0	0	0	0	0	0	0	0	0	0	0	0	0	0	0	0	0	0	0	0	0	0	0	0	0	0	
N26	0.00088848	0.0112034	0.0771526	0.321273	0.465468	0.11467	0.00899102	0.000345775	6.97901e-006	9.66606e-008	8.34988e-010	6.09433e-012	2.92515e-014	1.38226e-016	4.2882e-019	1.46801e-021	3.13034e-024	7.87913e-027	1.21938e-029	2.41616e-032	2.7834e-035	4.29334e-038	3.92733e-041	5.22629e-044	3.80139e-047	4.05548e-050	2.50289e-053	2.44287e-056	1.23438e-059	9.66835e-063	4.31625e-066	3.23509e-069	1.18767e-072	7.01553e-076	2.31319e-079	1.34677e-082	3.67947e-086	1.70403e-089	4.34055e-093	2.08328e-096	4.41467e-100	1.64055e-103	3.27501e-107	1.28328e-110	2.1582e-114	6.70276e-118	1.11684e-121	3.84227e-125	5.36173e-129	1.38545e-132	1.88853e-136	5.34449e-140	6.18008e-144	1.37905e-147	1.64103e-151	4.21839e-155	4.20434e-159	8.10728e-163	9.33907e-167	2.59412e-170	6.59395e-174	2.98866e-177	
Fimbristylis_aestivalis	0	0	0	0	1	0	0	0	0	0	0	0	0	0	0	0	0	0	0	0	0	0	0	0	0	0	0	0	0	0	0	0	0	0	0	0	0	0	0	0	0	0	0	0	0	0	0	0	0	0	0	0	0	0	0	0	0	0	0	0	0	0	
Fimbristylis_squarrosa	0	0	0	0	1	0	0	0	0	0	0	0	0	0	0	0	0	0	0	0	0	0	0	0	0	0	0	0	0	0	0	0	0	0	0	0	0	0	0	0	0	0	0	0	0	0	0	0	0	0	0	0	0	0	0	0	0	0	0	0	0	0	
Fimbristylis_ovata	0	0	0	0	1	0	0	0	0	0	0	0	0	0	0	0	0	0	0	0	0	0	0	0	0	0	0	0	0	0	0	0	0	0	0	0	0	0	0	0	0	0	0	0	0	0	0	0	0	0	0	0	0	0	0	0	0	0	0	0	0	0	
N27	0.0454478	0.0951912	0.157453	0.204218	0.198181	0.156203	0.0892989	0.0390508	0.0116776	0.0027496	0.000455323	6.65675e-005	7.1869e-006	8.00529e-007	7.03282e-008	7.24532e-009	5.47048e-010	4.69501e-011	2.64756e-012	1.70192e-013	6.68083e-015	3.08033e-016	8.73425e-018	3.10997e-019	6.49265e-021	1.74896e-022	2.87073e-024	6.49159e-026	8.39046e-028	1.50558e-029	1.6495e-031	2.68084e-033	2.43237e-035	3.24232e-037	2.65297e-039	3.45543e-041	2.53389e-043	3.02995e-045	2.39497e-047	3.45911e-049	2.84068e-051	3.88472e-053	3.1942e-055	4.44207e-057	3.06355e-059	3.37305e-061	2.11242e-063	2.27834e-065	1.15651e-067	9.49562e-070	4.37689e-072	3.54087e-074	1.34622e-076	8.57291e-079	3.08921e-081	2.02993e-083	6.11562e-086	3.17857e-088	1.09441e-090	7.83548e-093	5.48584e-095	6.92034e-097	
Bulbostylis_barbata	0	0	0	0	1	0	0	0	0	0	0	0	0	0	0	0	0	0	0	0	0	0	0	0	0	0	0	0	0	0	0	0	0	0	0	0	0	0	0	0	0	0	0	0	0	0	0	0	0	0	0	0	0	0	0	0	0	0	0	0	0	0	
N28	0.000487065	0.00400319	0.0223215	0.0861929	0.141506	0.195933	0.24347	0.212792	0.070454	0.0179806	0.00375477	0.000813685	0.000165984	8.70389e-005	2.73565e-005	1.00389e-005	1.26706e-006	1.82855e-007	9.4406e-009	6.75365e-010	2.07729e-011	2.17156e-012	1.52584e-013	2.16221e-014	9.39475e-016	7.10996e-017	2.06433e-018	1.84844e-019	1.63644e-020	6.08658e-021	9.01228e-022	3.03824e-022	2.28144e-023	3.10943e-024	1.42194e-025	1.51949e-026	3.45882e-028	1.53544e-029	2.2953e-031	8.7002e-033	6.34259e-035	9.17242e-037	4.32539e-039	5.62237e-041	1.42194e-043	8.49017e-046	1.80781e-048	1.23298e-050	1.48902e-053	4.28095e-056	4.34524e-059	1.52426e-061	1.01794e-064	1.9808e-067	1.48417e-070	4.11583e-073	1.86851e-076	2.21594e-079	1.02581e-082	1.93021e-085	2.00816e-088	6.48993e-091	
N29	0.000138016	0.00110559	0.00702624	0.0306277	0.0741718	0.114672	0.186738	0.202348	0.0776538	0.0617525	0.0162808	0.0262388	0.00426981	0.0309353	0.0150318	0.0942139	0.0166625	0.0311315	0.00260343	0.00368698	0.000156073	0.00022175	4.99576e-005	0.000467033	3.43306e-005	2.8429e-005	3.62823e-006	2.3849e-005	2.7993e-006	1.43824e-005	1.38109e-005	0.000593032	0.000112236	0.00021307	5.17276e-005	0.00064716	3.83192e-005	2.49349e-005	2.42714e-006	1.18071e-005	2.0846e-007	3.83713e-008	6.82223e-010	8.31502e-010	4.65874e-012	4.83909e-013	1.10698e-014	8.91613e-015	1.91777e-017	5.30566e-019	1.16999e-021	2.97027e-022	3.25835e-025	1.77706e-026	1.82204e-028	5.09553e-029	3.70869e-032	3.78426e-034	3.02595e-037	3.20682e-038	8.94274e-041	1.88498e-041	
Bulbostylis_juncoides	0	0	0	0	0	0	0	0	0	0	0	0	0	0	0	0	0	0	0	0	0	0	0	0	0	0	0	0	0	0	0	0	0	0	0	0	0	0	0	0	0	1	0	0	0	0	0	0	0	0	0	0	0	0	0	0	0	0	0	0	0	0	
Bulbostylis_densa	0	0	0	0	0	0	0	0	0	0	0	0	0	0	0	0	0	0	0	0	0	0	0	0	0	0	0	0	0	0	0	1	0	0	0	0	0	0	0	0	0	0	0	0	0	0	0	0	0	0	0	0	0	0	0	0	0	0	0	0	0	0	
Bulbostylis_hispidula	0	0	0	0	1	0	0	0	0	0	0	0	0	0	0	0	0	0	0	0	0	0	0	0	0	0	0	0	0	0	0	0	0	0	0	0	0	0	0	0	0	0	0	0	0	0	0	0	0	0	0	0	0	0	0	0	0	0	0	0	0	0	
N30	0.0104855	0.0250721	0.0534667	0.0962	0.136335	0.173762	0.177071	0.147526	0.0877992	0.0472126	0.0227892	0.0126443	0.00569024	0.00268535	0.000878308	0.000301919	6.40349e-005	1.44225e-005	1.91565e-006	2.89633e-007	2.54819e-008	2.94966e-009	2.57216e-010	4.60793e-011	6.89085e-012	1.68096e-012	2.57188e-013	5.80282e-014	7.102e-015	1.24615e-015	1.26613e-016	1.96095e-017	1.54699e-018	1.79826e-019	1.17604e-020	1.21791e-021	6.13908e-023	4.74341e-024	2.02431e-025	1.44136e-026	4.73977e-028	2.46466e-029	6.94578e-031	3.39078e-032	7.48616e-034	2.73607e-035	5.42875e-037	1.95893e-038	3.06952e-040	8.07757e-042	1.14353e-043	2.98854e-045	3.41476e-047	6.80882e-049	7.38751e-051	1.54243e-052	1.3595e-054	2.13779e-056	2.10389e-058	4.53913e-060	9.56444e-062	4.65842e-063	
Eleocharis_dulcis	0	0	0	0	0	0	0	0	0	0	0	0	0	0	0	0	0	0	0	0	0	0	0	0	0	0	0	0	0	0	0	0	0	0	0	0	0	1	0	0	0	0	0	0	0	0	0	0	0	0	0	0	0	0	0	0	0	0	0	0	0	0	
N31	0.0011602	0.00437229	0.0150652	0.0413731	0.0852527	0.145163	0.199087	0.214921	0.162663	0.0880267	0.0322365	0.00873912	0.00166266	0.000248529	2.67853e-005	2.37181e-006	1.58962e-007	9.71329e-009	4.93773e-010	2.48252e-011	9.873e-013	3.86201e-014	1.10709e-015	3.4771e-017	7.70054e-019	2.0869e-020	3.86811e-022	8.70499e-024	1.29288e-025	2.18664e-027	2.52304e-029	3.18514e-031	2.77617e-033	2.57942e-035	1.70418e-037	1.20558e-039	6.01504e-042	3.25693e-044	1.2502e-046	5.48296e-049	1.62637e-051	5.83052e-054	1.39139e-056	4.5341e-059	8.80879e-062	2.5594e-064	4.45404e-067	1.36405e-069	2.10316e-072	5.70951e-075	8.71635e-078	2.48718e-080	3.39858e-083	8.03298e-086	1.08189e-088	2.53787e-091	3.03306e-094	6.11152e-097	9.03481e-100	2.47721e-102	6.70747e-105	2.52423e-107	
N32	5.51521e-005	0.000283886	0.00141065	0.00574256	0.0172765	0.0360808	0.0654916	0.135941	0.227131	0.259858	0.170059	0.0651354	0.0129548	0.00205787	0.000306704	0.000123598	5.077e-005	2.8735e-005	8.67873e-006	3.30711e-006	6.02633e-007	1.39171e-007	1.48172e-008	2.09746e-009	1.26173e-010	1.05971e-011	3.92299e-013	2.38333e-014	5.69465e-016	2.31952e-017	4.24791e-019	1.58427e-020	2.08875e-022	5.15273e-024	5.75894e-026	1.40502e-027	1.14796e-029	1.8155e-031	1.30573e-033	2.15112e-035	1.15014e-037	1.2307e-039	5.92373e-042	6.92083e-044	2.54791e-046	1.98698e-048	6.8916e-051	6.25373e-053	1.66739e-055	9.79895e-058	2.48396e-060	1.77313e-062	3.53703e-065	1.71147e-067	3.59099e-070	2.31322e-072	3.72018e-075	1.4552e-077	2.63857e-080	1.6988e-082	8.28573e-085	1.04365e-086	
Eleocharis_uniglumis	0	0	0	0	0	0	0	0	0	0	0	0	0	0	0	0	0	0	0	0	0	0	0	1	0	0	0	0	0	0	0	0	0	0	0	0	0	0	0	0	0	0	0	0	0	0	0	0	0	0	0	0	0	0	0	0	0	0	0	0	0	0	
Eleocharis_acicularis	0	0	0	0	0	0	0	0	0	1	0	0	0	0	0	0	0	0	0	0	0	0	0	0	0	0	0	0	0	0	0	0	0	0	0	0	0	0	0	0	0	0	0	0	0	0	0	0	0	0	0	0	0	0	0	0	0	0	0	0	0	0	
N33	0.000496558	0.00204457	0.0083152	0.0269947	0.0668762	0.134767	0.209858	0.238758	0.181906	0.0922312	0.0300244	0.00664829	0.000965802	0.000106555	7.89451e-006	5.82521e-007	2.73755e-008	1.91608e-009	6.70664e-011	4.15708e-012	1.04034e-013	4.74133e-015	8.44536e-017	2.83635e-018	3.6394e-020	9.02381e-022	8.74245e-024	1.76126e-025	1.28529e-027	2.00267e-029	1.21114e-031	1.89959e-033	8.92669e-036	1.05754e-037	4.90279e-040	7.91913e-042	2.77106e-044	2.73062e-046	1.04314e-048	1.52026e-050	4.06817e-053	3.09534e-055	8.98509e-058	1.02991e-059	2.11093e-062	1.24665e-064	2.77477e-067	2.53343e-069	4.04306e-072	1.87732e-074	3.21328e-077	2.35451e-079	2.97554e-082	1.13402e-084	1.57653e-087	9.89399e-090	1.00502e-092	3.12745e-095	3.52764e-098	1.99149e-100	4.6789e-103	5.43878e-105	
N34	3.82555e-006	4.4859e-005	0.000440333	0.00284079	0.0118365	0.0588593	0.212578	0.377026	0.258114	0.0692724	0.00840784	0.000554439	2.10748e-005	5.48384e-007	9.42191e-009	1.42682e-010	1.52274e-012	1.82972e-014	1.43015e-016	1.35268e-018	7.4871e-021	5.11209e-023	1.99289e-025	9.98825e-028	2.79373e-030	1.05389e-032	2.20824e-035	6.76763e-038	1.08859e-040	2.73265e-043	3.66158e-046	8.74941e-049	9.89179e-052	2.01248e-054	2.14416e-057	4.54991e-060	4.11674e-063	6.79469e-066	5.80127e-069	9.8756e-072	6.86719e-075	8.67697e-078	5.6171e-081	7.40883e-084	3.9044e-087	3.83053e-090	1.89517e-093	1.99909e-096	8.08287e-100	6.29736e-103	2.40792e-106	2.08271e-109	6.56197e-113	4.2179e-116	1.29766e-119	9.77194e-123	2.47272e-126	1.34714e-129	3.76738e-133	3.14095e-136	2.25825e-139	3.43721e-142	
Eleocharis_mamillata_subsp_mamillata	0	0	0	0	0	0	0	1	0	0	0	0	0	0	0	0	0	0	0	0	0	0	0	0	0	0	0	0	0	0	0	0	0	0	0	0	0	0	0	0	0	0	0	0	0	0	0	0	0	0	0	0	0	0	0	0	0	0	0	0	0	0	
Eleocharis_compressa_var_compressa	0	0	0	0	0	0	0	0	1	0	0	0	0	0	0	0	0	0	0	0	0	0	0	0	0	0	0	0	0	0	0	0	0	0	0	0	0	0	0	0	0	0	0	0	0	0	0	0	0	0	0	0	0	0	0	0	0	0	0	0	0	0	
Eleocharis_flavescens_var_olivacea	0	0	0	0	0	0	0	0	0	1	0	0	0	0	0	0	0	0	0	0	0	0	0	0	0	0	0	0	0	0	0	0	0	0	0	0	0	0	0	0	0	0	0	0	0	0	0	0	0	0	0	0	0	0	0	0	0	0	0	0	0	0	
N35	0.022976	0.0555593	0.106367	0.159846	0.17372	0.163128	0.116033	0.0862595	0.0468606	0.0333606	0.0151696	0.0114595	0.00439564	0.00304731	0.000972415	0.000627855	0.000142279	6.1593e-005	1.00908e-005	3.98994e-006	4.29232e-007	9.89726e-008	8.34968e-009	2.02095e-009	1.10068e-010	1.36662e-011	6.04555e-013	8.48128e-014	2.47161e-015	1.83774e-016	4.94735e-018	4.80276e-019	8.36209e-021	3.78194e-022	5.90828e-024	3.57224e-025	3.82198e-027	1.25256e-028	1.5063e-030	7.76847e-032	5.88098e-034	1.26137e-035	9.28533e-038	2.98732e-039	1.5478e-041	2.79091e-043	1.89821e-045	5.89333e-047	2.36529e-049	2.79239e-051	1.12787e-053	2.10796e-055	6.05781e-058	6.33471e-060	2.48357e-062	4.86673e-064	1.11878e-066	8.14481e-069	2.09168e-071	2.89528e-073	1.77456e-075	6.12146e-077	
N36	0.00762834	0.0226131	0.0549968	0.104351	0.145798	0.169391	0.150137	0.123608	0.0812043	0.0592571	0.0335593	0.0245595	0.0114419	0.00730251	0.00249931	0.0012576	0.000284802	9.30027e-005	1.38488e-005	3.29076e-006	3.07784e-007	4.53638e-008	2.86974e-009	3.61808e-010	1.4506e-011	1.16283e-012	3.40609e-014	2.86021e-015	5.50989e-017	2.99549e-018	4.98696e-020	3.17639e-021	3.56692e-023	1.28345e-024	1.30591e-026	5.44405e-028	3.90936e-030	9.56551e-032	6.78814e-034	2.095e-035	1.02795e-037	1.6902e-039	7.94126e-042	1.67044e-043	5.70033e-046	7.0641e-048	2.63062e-050	4.90108e-052	1.21297e-054	1.06546e-056	2.70815e-059	3.72344e-061	6.63064e-064	4.8094e-066	1.08913e-068	1.59277e-070	2.1258e-073	1.14209e-075	1.86595e-078	2.32163e-080	8.63228e-083	2.38038e-084	
N37	0.00213587	0.00782686	0.0245307	0.0592075	0.104349	0.149516	0.161551	0.150422	0.112371	0.0865536	0.0557502	0.041756	0.022149	0.0138174	0.00505641	0.00231253	0.000516162	0.000153869	2.00629e-005	4.22716e-006	3.08032e-007	4.30633e-008	1.90667e-009	2.22982e-010	5.8737e-012	4.38244e-013	8.19116e-015	5.3895e-016	6.4004e-018	2.45578e-019	2.31544e-021	8.60432e-023	5.28327e-025	1.09183e-026	5.70503e-029	1.2893e-030	4.58334e-033	5.88123e-035	2.02539e-037	3.55094e-039	8.32014e-042	7.42867e-044	1.82108e-046	2.67484e-048	4.34832e-051	2.96687e-053	5.87232e-056	8.3152e-058	9.36872e-061	4.49052e-063	6.13231e-066	6.78126e-068	5.46091e-071	2.10977e-073	2.50255e-076	2.44037e-078	1.46108e-081	3.94148e-084	3.15066e-087	2.27498e-089	3.10967e-092	3.59973e-094	
N38	0.00134175	0.00504746	0.0169904	0.04451	0.0851843	0.131801	0.154514	0.154658	0.121672	0.0977245	0.0652385	0.053723	0.0293474	0.0225779	0.00792753	0.00574349	0.00108273	0.000773218	7.62767e-005	6.14794e-005	3.29279e-006	2.10653e-006	7.51436e-008	4.17754e-008	9.21011e-010	2.90216e-010	4.92977e-012	1.50332e-012	1.57921e-014	2.39059e-015	2.27462e-017	4.71118e-018	2.65545e-020	2.17157e-021	1.50142e-023	3.12961e-024	1.24674e-026	7.15776e-028	5.24431e-030	1.44247e-030	4.09824e-033	1.46262e-034	8.9164e-037	2.20346e-037	4.22224e-040	1.03768e-041	5.45696e-044	1.09225e-044	1.46209e-047	2.37489e-049	7.81461e-052	1.11006e-052	1.09871e-055	1.44337e-057	4.37633e-060	5.09801e-061	3.74327e-064	3.34749e-066	5.82525e-069	4.82067e-070	5.92094e-073	5.20914e-074	
N39	5.18809e-006	2.3146e-005	0.000101449	0.00037651	0.00103164	0.0027614	0.00739061	0.0156542	0.0207579	0.0168212	0.010389	0.00983174	0.0168469	0.0380957	0.0753093	0.133245	0.17403	0.19566	0.145174	0.0896297	0.0334021	0.0107885	0.0021744	0.000428724	5.70239e-005	9.81785e-006	2.3127e-006	1.27553e-006	5.82886e-007	3.14309e-007	1.1177e-007	4.68966e-008	1.24009e-008	3.92204e-009	7.87432e-010	1.95564e-010	2.91431e-011	5.36027e-012	6.06037e-013	8.71149e-014	7.19302e-015	7.45907e-016	4.67209e-017	3.81679e-018	1.76035e-019	1.05096e-020	3.8048e-022	1.87019e-023	5.15842e-025	1.9104e-026	4.31321e-028	1.37791e-029	2.45993e-031	6.13909e-033	9.37672e-035	2.12166e-036	2.68117e-038	5.05444e-040	6.99509e-042	1.7282e-043	4.48651e-045	2.23196e-046	
N40	1.11776e-015	1.23567e-013	5.56491e-012	4.08869e-010	6.12227e-009	1.57744e-009	6.25217e-008	2.9436e-006	5.90545e-005	7.67809e-005	2.46951e-006	3.87987e-008	1.81255e-008	8.23299e-007	3.62252e-005	0.00111277	0.0204045	0.187435	0.54701	0.226097	0.0172491	0.000506572	7.49491e-006	6.80408e-008	3.88786e-010	1.70711e-012	1.59752e-014	2.31391e-015	3.79971e-016	6.82148e-017	9.24566e-018	1.26861e-018	1.21968e-019	1.06571e-020	6.3204e-022	3.10074e-023	9.73237e-025	2.22762e-026	2.82615e-028	2.12359e-030	8.87869e-033	2.71119e-035	5.38686e-038	8.87895e-041	1.01373e-043	1.05056e-046	7.71516e-050	5.64773e-053	2.88352e-056	1.62303e-059	6.20939e-063	2.96947e-066	9.03689e-070	3.80543e-073	1.03228e-076	4.46239e-080	1.43627e-083	8.18209e-087	4.79746e-090	3.24075e-093	1.97296e-096	1.20231e-099	
Schoenoplectus_pungens	0	0	0	0	0	0	0	0	0	0	0	0	0	0	0	0	0	0	0	0	0	0	0	0	0	0	0	0	0	0	0	0	0	0	0	0	0	0	1	0	0	0	0	0	0	0	0	0	0	0	0	0	0	0	0	0	0	0	0	0	0	0	
N41	1.04149e-019	3.7098e-017	5.14466e-015	8.38279e-013	2.10936e-011	1.05626e-011	8.858e-010	9.58313e-008	3.1194e-006	4.99692e-006	1.05167e-007	7.59806e-010	1.42748e-010	1.43925e-008	2.29927e-006	0.000211362	0.0092392	0.150162	0.576139	0.247327	0.0166484	0.000260613	1.45734e-006	3.76985e-009	5.21204e-012	5.05289e-015	4.32881e-018	5.91909e-020	2.38619e-022	3.55376e-024	2.33647e-026	1.87093e-028	9.87739e-031	4.27158e-033	1.27171e-035	2.80331e-038	4.05097e-041	3.99082e-044	2.32425e-047	8.25652e-051	1.78184e-054	2.63403e-058	2.71367e-062	2.13008e-066	1.23467e-070	6.55614e-075	2.36403e-079	1.6761e-083	4.28901e-088	7.28712e-092	1.51706e-096	3.55868e-100	6.26593e-105	1.76831e-108	1.07566e-112	1.86304e-115	1.22496e-119	3.10888e-122	7.99532e-125	1.88795e-127	3.25371e-130	3.95878e-133	
Schoenoplectus_acutus_var_acutus	0	0	0	0	0	0	0	0	0	0	0	0	0	0	0	0	0	0	1	0	0	0	0	0	0	0	0	0	0	0	0	0	0	0	0	0	0	0	0	0	0	0	0	0	0	0	0	0	0	0	0	0	0	0	0	0	0	0	0	0	0	0	
N42	6.52004e-022	2.60564e-019	4.57654e-017	7.40505e-015	2.91503e-013	8.03935e-013	6.17036e-011	7.48446e-009	2.67214e-007	4.73987e-007	2.28783e-008	1.89396e-010	6.21773e-011	1.15715e-009	2.4524e-007	4.13771e-005	0.00316559	0.0853018	0.525826	0.344748	0.0401338	0.000777766	4.79971e-006	1.28051e-008	1.76086e-011	1.54177e-014	1.6135e-017	7.34763e-019	2.91412e-021	1.32276e-022	3.10543e-025	8.48313e-027	1.16079e-029	1.98878e-031	1.50853e-034	1.61847e-036	6.32387e-040	3.81275e-042	7.97991e-046	1.9938e-048	2.76068e-052	3.32143e-055	3.17286e-059	2.40603e-062	1.60629e-066	9.07466e-070	4.31179e-074	1.99101e-077	6.89915e-082	2.72646e-085	7.11689e-090	2.79021e-093	6.17302e-098	4.33791e-101	8.05523e-105	4.0079e-107	1.29002e-111	2.25956e-114	1.47161e-117	7.75124e-120	2.76064e-122	9.99872e-125	
Schoenoplectus_lacustris	0	0	0	0	0	0	0	0	0	0	0	0	0	0	0	0	0	0	0	0	1	0	0	0	0	0	0	0	0	0	0	0	0	0	0	0	0	0	0	0	0	0	0	0	0	0	0	0	0	0	0	0	0	0	0	0	0	0	0	0	0	0	
Schoenoplectus_heterochaetus	0	0	0	0	0	0	0	0	0	0	0	0	0	0	0	0	0	0	1	0	0	0	0	0	0	0	0	0	0	0	0	0	0	0	0	0	0	0	0	0	0	0	0	0	0	0	0	0	0	0	0	0	0	0	0	0	0	0	0	0	0	0	
Actinoscirpus_grossus	0	0	0	0	0	0	0	0	0	0	0	0	0	0	0	0	0	0	0	0	0	0	0	0	0	0	0	0	0	0	0	0	0	0	0	0	0	0	0	0	1	0	0	0	0	0	0	0	0	0	0	0	0	0	0	0	0	0	0	0	0	0	
N43	8.67238e-005	0.000458761	0.00223477	0.00841536	0.0230523	0.0487732	0.0818273	0.119362	0.140685	0.145094	0.125033	0.107714	0.076802	0.0572326	0.0313474	0.0191807	0.00764206	0.0036653	0.000980602	0.000341959	5.59931e-005	1.29406e-005	1.31528e-006	2.10723e-007	1.33009e-008	1.35708e-009	5.73241e-011	4.27851e-012	1.17476e-013	5.58064e-015	1.10336e-016	4.2833e-018	5.72042e-020	1.42349e-021	1.47036e-023	3.41566e-025	2.47481e-027	3.70205e-029	2.27402e-031	3.66459e-033	1.60605e-035	1.58374e-037	6.27318e-040	7.35783e-042	2.11776e-044	1.50406e-046	4.2974e-049	3.95221e-051	8.08753e-054	4.15196e-056	8.45593e-059	5.76272e-061	8.68159e-064	3.4895e-066	5.67938e-069	3.17015e-071	3.68333e-074	1.10756e-076	1.38938e-079	6.55526e-082	1.72021e-084	1.52885e-086	
N44	9.51312e-006	6.05195e-005	0.000372015	0.00180304	0.00668203	0.0167159	0.0309792	0.05971	0.10497	0.150085	0.165617	0.157322	0.120435	0.0833235	0.0468394	0.0282204	0.0145213	0.00796614	0.00290825	0.00113367	0.000245395	6.97174e-005	9.37129e-006	2.11303e-006	1.83864e-007	2.98035e-008	1.74734e-009	2.0246e-010	7.85003e-012	5.9921e-013	1.6434e-014	9.38283e-016	1.77928e-017	6.90183e-019	9.90516e-021	3.22273e-022	3.42757e-024	8.44667e-026	9.16261e-028	3.54975e-029	5.52768e-031	2.55836e-032	4.75395e-034	2.91992e-035	4.04946e-037	1.53408e-038	2.11034e-040	1.13144e-041	1.04433e-043	2.81901e-045	2.72105e-047	1.09932e-048	6.91077e-051	1.32771e-052	9.227e-055	2.70893e-056	1.18934e-058	1.57275e-060	7.82695e-063	1.75432e-064	1.61939e-066	6.77522e-068	
N45	2.1967e-006	1.46738e-005	0.000100605	0.000545589	0.0023316	0.00672152	0.0133887	0.0269374	0.0603458	0.12442	0.192382	0.21572	0.160862	0.0910766	0.0445293	0.0270427	0.0169686	0.0101557	0.00431952	0.00162148	0.000397511	9.92986e-005	1.42585e-005	2.77017e-006	2.31087e-007	3.7782e-008	1.9251e-009	2.70659e-010	9.23847e-012	1.01856e-012	2.69431e-014	2.55425e-015	6.13598e-017	7.66451e-018	4.54733e-019	1.46425e-019	1.22369e-020	3.67904e-021	2.85048e-022	8.25686e-023	5.26075e-024	1.14727e-024	6.38738e-026	1.40329e-026	5.8753e-028	8.49556e-029	3.17215e-030	5.52461e-031	1.38711e-032	1.28711e-033	3.22279e-035	4.76762e-036	6.96531e-038	4.25421e-039	7.55146e-041	9.37849e-042	8.4111e-044	3.38341e-045	4.27527e-047	4.30472e-048	1.07219e-049	2.13953e-050	
Scirpus_ficinioides	0	0	0	0	0	0	0	0	0	0	0	0	0	0	0	0	0	0	0	0	0	0	0	0	0	0	0	0	0	0	0	0	0	0	0	0	0	0	0	0	0	0	0	0	0	0	0	0	0	0	0	1	0	0	0	0	0	0	0	0	0	0	
N46	1.30803e-008	1.67359e-007	2.02783e-006	1.6308e-005	0.000118444	0.000630037	0.00166629	0.00251969	0.00547942	0.0203149	0.0703964	0.172588	0.265997	0.252035	0.142009	0.0516409	0.0122092	0.00211125	0.00024345	2.09382e-005	1.31469e-006	8.29392e-008	5.67449e-009	4.75999e-010	4.13973e-011	4.37128e-012	3.89542e-013	3.35192e-014	1.90316e-015	1.09259e-016	3.84166e-018	1.66356e-019	4.0711e-021	1.42591e-022	2.6398e-024	7.14779e-026	9.60341e-028	1.81618e-029	1.77181e-031	2.38188e-033	1.67071e-035	1.57096e-037	8.2259e-040	5.69789e-042	2.21966e-044	1.11512e-046	3.32629e-049	1.29247e-051	2.93235e-054	8.58775e-057	1.51291e-059	3.65083e-062	5.00732e-065	9.606e-068	1.05698e-070	1.82398e-073	1.60882e-076	2.36074e-079	2.22099e-082	5.28603e-085	1.46657e-087	6.03208e-090	
N47	5.37796e-009	6.27296e-008	7.53701e-007	6.4824e-006	4.48166e-005	0.000225009	0.000649347	0.00120932	0.0025835	0.00925425	0.0377224	0.118233	0.240388	0.293524	0.201295	0.0762848	0.0161819	0.00217554	0.000196333	1.9593e-005	2.6229e-006	1.56789e-006	4.49823e-007	4.27268e-007	8.79478e-008	5.63663e-008	7.38116e-009	2.9224e-009	2.39919e-010	5.79979e-011	2.98803e-012	4.50563e-013	1.46442e-014	1.39843e-015	2.96839e-017	1.92548e-018	2.7382e-020	1.20405e-021	1.23658e-023	4.59066e-025	3.25083e-027	8.35209e-029	5.94584e-031	2.71136e-032	1.17483e-034	2.4507e-036	1.62413e-038	7.53912e-040	2.27356e-042	3.28458e-044	1.51025e-046	5.03135e-048	1.08958e-050	1.09067e-052	3.43706e-055	8.32421e-057	1.34065e-059	9.73282e-062	2.19512e-064	4.08672e-066	1.03974e-068	2.59108e-070	
Isolepis_crassiuscula	0	0	0	0	0	0	0	0	0	0	0	0	0	0	0	0	0	0	0	0	0	0	0	0	0	0	0	0	0	0	0	1	0	0	0	0	0	0	0	0	0	0	0	0	0	0	0	0	0	0	0	0	0	0	0	0	0	0	0	0	0	0	
N48	5.48041e-011	1.08277e-009	1.95633e-008	2.03691e-007	2.12933e-006	1.92722e-005	7.94008e-005	0.000100542	0.000121476	0.000719502	0.00672004	0.0439767	0.16655	0.328838	0.30419	0.122919	0.0233071	0.00231922	0.000132037	4.85143e-006	1.22037e-007	2.93302e-009	6.25928e-011	1.82887e-012	3.70462e-014	8.24117e-016	1.16372e-017	1.65741e-019	1.55565e-021	1.43776e-023	9.00317e-026	5.61167e-028	2.38622e-030	1.05668e-032	3.14159e-035	1.05977e-037	2.28857e-040	6.35985e-043	1.048e-045	2.62167e-048	3.48117e-051	8.29002e-054	1.02435e-056	2.81775e-059	3.62156e-062	1.01611e-064	1.5325e-067	4.64889e-070	6.25259e-073	1.50848e-075	1.98903e-078	4.51689e-081	4.97699e-084	8.9116e-087	9.08293e-090	1.50091e-092	1.29126e-095	1.73917e-098	1.45599e-101	2.15533e-104	2.86673e-107	7.11553e-110	
Ficinia_spiralis	0	0	0	0	0	0	0	0	0	0	0	0	0	0	1	0	0	0	0	0	0	0	0	0	0	0	0	0	0	0	0	0	0	0	0	0	0	0	0	0	0	0	0	0	0	0	0	0	0	0	0	0	0	0	0	0	0	0	0	0	0	0	
Ficinia_nodosa	0	0	0	0	0	0	0	0	0	0	0	0	0	0	1	0	0	0	0	0	0	0	0	0	0	0	0	0	0	0	0	0	0	0	0	0	0	0	0	0	0	0	0	0	0	0	0	0	0	0	0	0	0	0	0	0	0	0	0	0	0	0	
N49	6.60681e-009	6.71008e-008	7.11891e-007	5.47944e-006	3.24923e-005	0.000166217	0.000582522	0.00138818	0.00247749	0.00615629	0.0238649	0.0826484	0.195599	0.289741	0.248809	0.116026	0.0282378	0.00390107	0.000336084	2.44004e-005	1.72374e-006	5.11386e-007	2.29454e-007	2.16615e-007	8.82401e-008	5.81313e-008	1.54175e-008	6.42293e-009	1.06841e-009	2.75446e-010	2.79259e-011	4.40261e-012	2.6525e-013	2.54613e-014	9.19341e-016	5.6504e-017	1.27452e-018	5.28529e-020	8.16128e-022	2.74282e-023	3.05113e-025	8.14611e-027	8.75148e-029	3.0259e-030	2.47056e-032	5.53805e-034	5.01785e-036	1.42356e-037	8.30793e-040	1.27152e-041	7.91128e-044	1.55252e-045	6.41257e-048	6.80139e-050	2.9353e-052	4.13093e-054	1.24493e-056	9.61688e-059	3.07233e-061	3.47841e-063	1.6875e-065	3.4594e-067	
Isolepis_prolifera	0	0	0	0	0	0	0	0	0	0	0	0	0	0	0	0	0	0	0	0	0	0	0	0	0	0	0	0	0	0	0	0	1	0	0	0	0	0	0	0	0	0	0	0	0	0	0	0	0	0	0	0	0	0	0	0	0	0	0	0	0	0	
Isolepis_setacea	0	0	0	0	0	0	0	0	0	0	0	0	0	1	0	0	0	0	0	0	0	0	0	0	0	0	0	0	0	0	0	0	0	0	0	0	0	0	0	0	0	0	0	0	0	0	0	0	0	0	0	0	0	0	0	0	0	0	0	0	0	0	
Scirpoides_holoschoenus	0	0	0	0	0	0	0	0	0	0	0	0	0	0	0	0	0	0	0	0	1	0	0	0	0	0	0	0	0	0	0	0	0	0	0	0	0	0	0	0	0	0	0	0	0	0	0	0	0	0	0	0	0	0	0	0	0	0	0	0	0	0	
N50	1.96901e-005	8.73849e-005	0.000399983	0.00155609	0.00461768	0.0114561	0.0262012	0.0529625	0.0867272	0.111614	0.107133	0.0882413	0.0787309	0.087627	0.0931281	0.0909838	0.0675604	0.0476797	0.0238289	0.0128191	0.00437541	0.00173138	0.000392986	0.00010711	1.57812e-005	2.86525e-006	2.79038e-007	3.49435e-008	2.29907e-009	2.01711e-010	9.4303e-012	6.27728e-013	2.12687e-014	1.06223e-015	2.796e-017	1.19473e-018	2.42387e-020	8.06441e-022	1.38973e-023	4.42007e-025	6.04003e-027	1.4574e-028	1.78268e-030	4.3272e-032	4.1978e-034	7.46239e-036	6.64607e-038	1.21877e-039	8.61068e-042	1.13578e-043	7.44253e-046	1.03472e-047	5.4455e-050	5.50202e-052	2.74563e-054	3.01291e-056	1.21908e-058	9.73469e-061	4.10852e-063	4.37825e-065	3.80957e-067	8.64002e-069	
N51	1.31453e-006	6.70535e-006	3.6219e-005	0.000168811	0.000587348	0.00164487	0.00469967	0.013603	0.0308279	0.046933	0.0449707	0.0323495	0.0238984	0.0221347	0.0283926	0.0506017	0.0852735	0.125453	0.135119	0.135455	0.0924309	0.0701784	0.0314128	0.0171027	0.00474416	0.00163337	0.000274932	5.90728e-005	6.17584e-006	8.5214e-007	5.8298e-008	5.52311e-009	2.56994e-010	1.72348e-011	5.77418e-013	2.99161e-014	7.37961e-016	2.92807e-017	5.74686e-019	2.0416e-020	3.1508e-022	8.89082e-024	1.22447e-025	3.59712e-027	3.98109e-029	8.77481e-031	9.26065e-033	2.23785e-034	1.84966e-036	3.11221e-038	2.47925e-040	4.62981e-042	2.88189e-044	3.69511e-046	2.23468e-048	3.23874e-050	1.54748e-052	1.54854e-054	7.75371e-057	1.03851e-058	9.97392e-061	2.76537e-062	
Cyperus_fuscus	0	0	0	0	0	0	0	0	0	0	0	0	0	0	0	0	0	0	0	0	0	0	0	1	0	0	0	0	0	0	0	0	0	0	0	0	0	0	0	0	0	0	0	0	0	0	0	0	0	0	0	0	0	0	0	0	0	0	0	0	0	0	
Cyperus_eragrostis	0	0	0	0	0	0	0	0	0	0	0	0	0	0	0	0	0	0	0	0	1	0	0	0	0	0	0	0	0	0	0	0	0	0	0	0	0	0	0	0	0	0	0	0	0	0	0	0	0	0	0	0	0	0	0	0	0	0	0	0	0	0	
N52	3.11753e-014	4.57833e-012	2.51537e-010	1.58343e-008	2.78219e-009	1.85729e-007	1.28451e-005	0.000284208	7.82591e-006	8.14158e-008	1.6032e-008	1.59354e-006	0.000137255	0.00660194	0.139532	0.798119	0.0542886	0.00100613	8.18913e-006	3.79541e-008	1.07884e-010	2.138e-013	2.94051e-016	3.12925e-019	2.46192e-022	1.62081e-025	8.20038e-029	3.75421e-032	1.35117e-035	4.76724e-039	1.3335e-042	3.88992e-046	8.87066e-050	2.16151e-053	4.06027e-057	8.19369e-061	1.26157e-064	2.08975e-068	2.64964e-072	3.63855e-076	3.81506e-080	4.36568e-084	3.82983e-088	3.71592e-092	2.74168e-096	2.26556e-100	1.42369e-104	1.02236e-108	5.49131e-113	3.43034e-117	1.59951e-121	8.93337e-126	3.62899e-130	1.80704e-134	6.58339e-139	3.0853e-143	1.07502e-147	5.32548e-152	2.61774e-156	1.93237e-160	1.50412e-164	1.27446e-168	
Cyperus_involucratus	0	0	0	0	0	0	0	0	0	0	0	0	0	0	0	1	0	0	0	0	0	0	0	0	0	0	0	0	0	0	0	0	0	0	0	0	0	0	0	0	0	0	0	0	0	0	0	0	0	0	0	0	0	0	0	0	0	0	0	0	0	0	
Cyperus_alternifolius	0	0	0	0	0	0	0	0	0	0	0	0	0	0	0	1	0	0	0	0	0	0	0	0	0	0	0	0	0	0	0	0	0	0	0	0	0	0	0	0	0	0	0	0	0	0	0	0	0	0	0	0	0	0	0	0	0	0	0	0	0	0	
N53	7.4223e-006	5.44327e-005	0.000341411	0.00161338	0.00525641	0.0160144	0.0445333	0.0913451	0.123812	0.134814	0.12835	0.128636	0.126937	0.104854	0.0603052	0.024851	0.00674536	0.00133495	0.000174972	1.76848e-005	1.20766e-006	6.84856e-008	2.69344e-009	9.46076e-011	2.33663e-012	5.4472e-014	9.04159e-016	1.47987e-017	1.72813e-019	2.0555e-021	1.76248e-023	1.59032e-025	1.02996e-027	7.20157e-030	3.64662e-032	2.05856e-034	8.29957e-037	3.81651e-039	1.26535e-041	4.94575e-044	1.36023e-046	4.48164e-049	1.0552e-051	3.06503e-054	6.16051e-057	1.53565e-059	2.71685e-062	6.10368e-065	9.35886e-068	1.81435e-070	2.48653e-073	4.40088e-076	5.27361e-079	8.10542e-082	8.81322e-085	1.26328e-087	1.25312e-090	1.7002e-093	2.02418e-096	3.7042e-099	7.26752e-102	1.89839e-104	
Schoenoplectus_hallii	0	0	0	0	0	0	0	0	0	0	1	0	0	0	0	0	0	0	0	0	0	0	0	0	0	0	0	0	0	0	0	0	0	0	0	0	0	0	0	0	0	0	0	0	0	0	0	0	0	0	0	0	0	0	0	0	0	0	0	0	0	0	
N54	8.65936e-007	7.52732e-006	6.27088e-005	0.000393546	0.00166662	0.0061247	0.0202351	0.0478633	0.0883647	0.123549	0.107072	0.0840429	0.101717	0.137353	0.123935	0.092114	0.0361292	0.0222256	0.0044377	0.00239135	0.000239388	7.06012e-005	3.61909e-006	5.70278e-007	1.62493e-008	1.45795e-009	2.55472e-011	1.47985e-012	1.66904e-014	6.27585e-016	5.06021e-018	1.59084e-019	8.7061e-022	1.78594e-023	9.00093e-026	2.87815e-027	9.0518e-030	1.32269e-031	5.67267e-034	2.01026e-035	4.272e-038	4.45293e-040	1.39555e-042	3.7851e-044	5.77357e-047	4.29398e-049	9.4962e-052	1.907e-053	2.16478e-056	1.18167e-058	1.86614e-061	2.82843e-063	2.46111e-066	1.03555e-068	1.2346e-071	1.48436e-073	1.00914e-076	3.31302e-079	2.97419e-082	2.87561e-084	3.17858e-087	4.34731e-089	
Schoenoplectus_articulatus	0	0	0	0	0	0	0	0	0	0	0	0	0	0	1	0	0	0	0	0	0	0	0	0	0	0	0	0	0	0	0	0	0	0	0	0	0	0	0	0	0	0	0	0	0	0	0	0	0	0	0	0	0	0	0	0	0	0	0	0	0	0	
N55	3.23681e-015	5.52648e-013	3.72544e-011	3.75901e-009	8.79726e-008	1.88625e-008	2.67151e-007	1.75232e-005	0.000561589	0.00212995	0.00023355	4.66991e-006	4.56061e-007	3.78266e-007	1.21256e-005	0.000460846	0.00961946	0.105448	0.420175	0.385059	0.070331	0.00581881	0.000124573	1.94674e-006	1.20163e-008	7.0526e-011	1.90949e-013	5.56769e-016	8.01559e-019	1.35294e-021	1.166e-024	1.27966e-027	7.11771e-031	5.44223e-034	2.1088e-037	1.25493e-040	3.5717e-044	1.69232e-047	4.013e-051	1.84852e-054	3.67018e-058	1.3803e-061	2.62139e-065	1.01578e-068	1.54348e-072	4.32777e-076	6.11709e-080	1.72315e-083	1.88617e-087	3.75353e-091	3.77058e-095	7.63866e-099	6.02108e-103	8.72109e-107	6.32614e-111	9.55227e-115	5.51865e-119	6.02832e-123	3.41338e-127	4.58413e-131	4.55683e-135	1.03593e-138	
N56	5.88061e-021	6.87787e-018	2.25577e-015	7.65029e-013	1.44325e-010	4.02516e-011	1.1676e-010	3.92908e-008	6.79434e-006	0.000204055	5.56421e-005	2.20704e-007	1.00618e-009	9.98507e-011	3.38985e-010	5.63548e-008	1.50573e-005	0.00180581	0.0722717	0.644899	0.259282	0.0213614	9.78998e-005	1.58009e-007	1.13713e-010	1.76557e-013	1.69447e-016	1.69854e-018	1.12266e-021	6.58323e-024	2.39008e-027	8.21462e-030	1.71573e-033	3.58366e-036	4.58421e-040	5.91906e-043	4.57191e-047	3.31009e-050	1.59861e-054	5.80608e-058	1.88367e-062	4.02588e-066	9.2354e-071	1.4926e-074	2.56478e-079	3.01298e-083	3.893e-088	3.93657e-092	3.92415e-097	3.06661e-101	2.98452e-106	7.2284e-110	5.80628e-115	9.64917e-119	3.70851e-123	2.02745e-126	1.36042e-131	1.77539e-135	5.96964e-140	2.67608e-143	3.16543e-147	1.34392e-150	
Schoenoplectus_smithii_var_smithii	0	0	0	0	0	0	0	0	0	0	0	0	0	0	0	0	0	0	0	1	0	0	0	0	0	0	0	0	0	0	0	0	0	0	0	0	0	0	0	0	0	0	0	0	0	0	0	0	0	0	0	0	0	0	0	0	0	0	0	0	0	0	
Schoenoplectiella_hotarui	0	0	0	0	0	0	0	0	0	0	0	0	0	0	0	0	0	0	0	0	0	1	0	0	0	0	0	0	0	0	0	0	0	0	0	0	0	0	0	0	0	0	0	0	0	0	0	0	0	0	0	0	0	0	0	0	0	0	0	0	0	0	
Schoenoplectus_purshianus_var_purshianus	0	0	0	0	0	0	0	0	0	0	0	0	0	0	0	0	0	0	1	0	0	0	0	0	0	0	0	0	0	0	0	0	0	0	0	0	0	0	0	0	0	0	0	0	0	0	0	0	0	0	0	0	0	0	0	0	0	0	0	0	0	0	
Fuirena_ciliaris	0	0	0	0	0	0	0	0	0	0	0	0	0	0	0	0	0	0	1	0	0	0	0	0	0	0	0	0	0	0	0	0	0	0	0	0	0	0	0	0	0	0	0	0	0	0	0	0	0	0	0	0	0	0	0	0	0	0	0	0	0	0	
N57	1.10531e-012	6.26261e-011	2.4076e-009	1.52679e-008	4.66747e-007	8.22072e-006	3.4869e-006	1.12141e-006	2.54053e-006	5.6312e-005	0.0013398	0.0089055	0.00428147	0.000832642	2.43686e-005	1.24739e-006	1.02964e-006	9.21053e-007	7.72467e-007	1.01821e-005	0.000349451	0.00940217	0.128736	0.405953	0.288085	0.122293	0.0263859	0.00320761	0.000115112	2.44577e-006	2.82769e-008	2.63078e-010	3.1112e-012	2.19431e-012	2.06857e-012	1.87886e-012	1.17033e-012	7.12667e-013	2.99293e-013	1.23911e-013	3.42677e-014	9.16797e-015	1.59275e-015	2.56824e-016	2.42033e-017	1.84503e-018	6.4145e-020	1.01995e-021	7.24542e-024	4.25491e-026	1.48297e-028	5.02869e-031	1.08252e-033	2.42097e-036	3.70007e-039	6.25686e-042	7.58681e-045	1.10993e-047	1.48657e-050	2.55777e-053	4.39386e-056	8.60976e-059	
Bolboschoenus_planiculmis	0	0	0	0	0	0	0	0	0	0	0	0	0	0	0	0	0	0	0	0	0	0	0	0	0	0	0	1	0	0	0	0	0	0	0	0	0	0	0	0	0	0	0	0	0	0	0	0	0	0	0	0	0	0	0	0	0	0	0	0	0	0	
Bolboschoenus_fluviatilis	0	0	0	0	0	0	0	0	0	0	0	0	0	0	0	0	0	0	0	0	0	0	0	0	0	0	0	0	0	0	0	0	0	0	0	0	0	0	0	0	0	0	0	0	0	0	1	0	0	0	0	0	0	0	0	0	0	0	0	0	0	0	
