NODE	1	2	3	4	5	6	7	8	9	10	11	12	13	14	15	16	17	18	19	20	21	22	23	24	25	26	27	28	29	30	31	32	33	34	35	36	37	38	39	40	41	42	43	44	45	46	47	48	49	50	51	52	53	54	55	56	57	58	59	60	61	62	63	64	65	66	67	68	69	70	71	
N1	0.265772	0.233879	0.183554	0.130089	0.0840796	0.0499246	0.0273858	0.0139294	0.00658844	0.00290301	0.00119344	0.000458207	0.000164456	5.52146e-005	1.73526e-005	5.1073e-006	1.40847e-006	3.64065e-007	8.8232e-008	2.00527e-008	4.27468e-009	8.54769e-010	1.60342e-010	2.82162e-011	4.65809e-012	7.2137e-013	9.08096e-017	3.35215e-017	1.19843e-017	4.14936e-018	1.39133e-018	4.51801e-019	1.42081e-019	4.32711e-020	1.27626e-020	3.64565e-021	1.0086e-021	2.7027e-022	7.01514e-023	1.76388e-023	4.2967e-024	1.01409e-024	2.31922e-025	5.14023e-026	1.10422e-026	2.29944e-027	4.64241e-028	9.08842e-029	1.72555e-029	3.17783e-030	5.67776e-031	9.84334e-032	1.65618e-032	2.70494e-033	4.28919e-034	6.60466e-035	9.87816e-036	1.43532e-036	2.02664e-037	2.78148e-038	3.71181e-039	4.81819e-040	6.08713e-041	7.49118e-042	8.9938e-043	1.05637e-043	1.22079e-044	1.40478e-045	1.64983e-046	2.08016e-047	3.50967e-048	
N2	0.00329672	0.00441101	0.00646795	0.00981345	0.0145957	0.0211183	0.0287827	0.0377381	0.0469488	0.0559489	0.0635858	0.0703175	0.0739825	0.0761892	0.0755706	0.0728218	0.067398	0.0610592	0.0522795	0.0436274	0.0345867	0.0263363	0.0189472	0.0132401	0.00859337	0.00541572	0.00320673	0.00181924	0.000967116	0.000501397	0.00023937	0.000111674	4.87206e-005	2.04724e-005	8.03462e-006	3.10195e-006	1.09634e-006	3.82105e-007	1.24251e-007	3.91925e-008	1.15155e-008	3.35853e-009	8.93743e-010	2.36698e-010	5.83662e-011	1.40602e-011	3.15234e-012	7.07899e-013	1.44595e-013	2.96443e-014	5.65636e-015	1.06226e-015	1.85487e-016	3.27183e-017	5.24664e-018	8.52241e-019	1.29039e-019	1.94154e-020	2.73553e-021	3.94795e-022	5.26095e-023	7.25532e-024	9.63494e-025	1.31345e-025	1.76319e-026	2.47938e-027	3.43103e-028	4.89719e-029	6.97407e-030	1.05988e-030	2.55766e-031	
Chrysitrix_capensis	0	0	0	0	0	0	0	0	0	0	0	0	0	0	0	0	0	0	0	0	0	0	1	0	0	0	0	0	0	0	0	0	0	0	0	0	0	0	0	0	0	0	0	0	0	0	0	0	0	0	0	0	0	0	0	0	0	0	0	0	0	0	0	0	0	0	0	0	0	0	0	
Lepironia_articulata	0	0	0	0	0	0	0	0	0	0	0	0	0	0	0	0	1	0	0	0	0	0	0	0	0	0	0	0	0	0	0	0	0	0	0	0	0	0	0	0	0	0	0	0	0	0	0	0	0	0	0	0	0	0	0	0	0	0	0	0	0	0	0	0	0	0	0	0	0	0	0	
N3	0.21476	0.211916	0.183574	0.143375	0.10089	0.0657368	0.0386308	0.0213207	0.0108113	0.00515434	0.0022642	0.000969976	0.000374608	0.000144631	5.14083e-005	1.82723e-005	5.89885e-006	2.04593e-006	6.03337e-007	1.97552e-007	5.59217e-008	1.70952e-008	4.40505e-009	1.32256e-009	3.05891e-010	8.40184e-011	1.85738e-011	4.67012e-012	9.20998e-013	2.23343e-013	3.95748e-014	8.77573e-015	1.47755e-015	2.93511e-016	4.46775e-017	8.79233e-018	1.1784e-018	2.04926e-019	2.68728e-020	4.29924e-021	4.95755e-022	7.58621e-023	7.88565e-024	1.10626e-024	1.09483e-025	1.34163e-026	1.2054e-027	1.49212e-028	1.16158e-029	1.23888e-030	9.55531e-032	9.4829e-033	6.37155e-034	6.00726e-035	3.67863e-036	3.20787e-037	1.85872e-038	1.40182e-039	7.5113e-041	5.83426e-042	2.69658e-043	1.79539e-044	8.48722e-046	5.37359e-047	2.23102e-048	1.3859e-049	6.00765e-051	4.21183e-052	2.76676e-053	2.7869e-054	3.5702e-055	
N4	0.214063	0.211442	0.183459	0.143565	0.101198	0.0660648	0.038851	0.021465	0.0108761	0.00518361	0.00226772	0.00097209	0.000371744	0.000143676	5.03856e-005	1.79568e-005	5.64302e-006	1.9968e-006	5.60712e-007	1.89939e-007	5.08557e-008	1.62833e-008	3.84324e-009	1.27743e-009	2.58564e-010	8.07881e-011	1.56815e-011	4.61682e-012	7.51761e-013	2.32518e-013	3.22204e-014	9.6495e-015	1.27477e-015	3.41694e-016	3.85884e-017	1.20719e-017	1.08669e-018	2.97309e-019	2.86663e-020	7.63082e-021	5.69047e-022	1.55779e-022	1.03481e-023	2.85513e-024	1.85494e-025	3.88163e-026	2.28664e-027	6.30153e-028	2.7855e-029	5.61068e-030	3.03649e-031	6.41303e-032	2.47047e-033	4.76042e-034	1.8186e-035	3.82788e-036	1.33142e-037	1.79963e-038	6.46498e-040	1.3383e-040	3.21722e-042	4.08144e-043	1.45503e-044	2.25817e-045	4.81121e-047	5.96329e-048	1.43975e-049	2.29838e-050	5.64272e-052	8.60867e-053	2.58184e-053	
N5	0.184778	0.188355	0.172859	0.145542	0.111523	0.0796774	0.0513685	0.0312231	0.0174019	0.00916118	0.00442183	0.00212271	0.000902019	0.00039863	0.000158868	6.67989e-005	2.43682e-005	1.06144e-005	3.54231e-006	1.5077e-006	4.92651e-007	1.98564e-007	5.8807e-008	2.42833e-008	6.36811e-009	2.40382e-009	6.19621e-010	2.17258e-010	4.92597e-011	1.70485e-011	3.48894e-012	1.12768e-012	2.22498e-013	6.27789e-014	1.13555e-014	3.45151e-015	5.29007e-016	1.34957e-016	2.16323e-017	5.35562e-018	7.19319e-019	1.68575e-019	2.08332e-020	4.71928e-021	5.52766e-022	1.01487e-022	1.11814e-023	2.34954e-024	2.08851e-025	3.40577e-026	3.26052e-027	5.37918e-028	4.20368e-029	6.34313e-030	4.70566e-031	7.02962e-032	4.77189e-033	5.53036e-034	3.67273e-035	5.05056e-036	2.65393e-037	2.76916e-038	1.6636e-039	1.81652e-040	8.57667e-042	8.38325e-043	4.02996e-044	4.42791e-045	3.16194e-046	5.21326e-047	1.21621e-047	
Lagenocarpus_guianensis	0	0	0	0	0	0	0	0	0	0	0	0	0	0	0	0	1	0	0	0	0	0	0	0	0	0	0	0	0	0	0	0	0	0	0	0	0	0	0	0	0	0	0	0	0	0	0	0	0	0	0	0	0	0	0	0	0	0	0	0	0	0	0	0	0	0	0	0	0	0	0	
N6	0.173418	0.179105	0.168121	0.145587	0.11502	0.0848378	0.0564557	0.0354577	0.0204112	0.0111176	0.00554194	0.00276374	0.00121022	0.000558125	0.00022903	0.000101149	3.75885e-005	1.75707e-005	5.86121e-006	2.72847e-006	8.86826e-007	3.96671e-007	1.14075e-007	5.49824e-008	1.35734e-008	6.10813e-009	1.50448e-009	6.44733e-010	1.3455e-010	5.98777e-011	1.1123e-011	4.80562e-012	8.72161e-013	3.19974e-013	5.29464e-014	2.33564e-014	3.09654e-015	1.08646e-015	1.64886e-016	5.95961e-017	6.95444e-018	2.34854e-018	2.61086e-019	9.29332e-020	9.6872e-021	2.43909e-021	2.5104e-022	8.89732e-023	6.56601e-024	1.52136e-024	1.42984e-025	3.90605e-026	2.558e-027	5.816e-028	3.97463e-029	1.06042e-029	6.16192e-031	9.93405e-032	6.42637e-033	1.69153e-033	7.08945e-035	1.0653e-035	6.68665e-037	1.35236e-037	5.10457e-039	7.61553e-040	3.25637e-041	6.36604e-042	2.95853e-043	6.31336e-044	2.72213e-044	
N7	0.103783	0.115234	0.122867	0.125382	0.119584	0.108151	0.0894103	0.0703566	0.0512817	0.0356124	0.0229407	0.0148029	0.0086031	0.00522551	0.00292316	0.00172749	0.000912631	0.000564518	0.000281274	0.000171867	8.53472e-005	5.01295e-005	2.31689e-005	1.39856e-005	5.90233e-006	3.33652e-006	1.40446e-006	7.5247e-007	2.88028e-007	1.5505e-007	5.49154e-008	2.80546e-008	9.78291e-009	4.51825e-009	1.46965e-009	7.19918e-010	2.06214e-010	8.85322e-011	2.61931e-011	1.08106e-011	2.79201e-012	1.11392e-012	2.66137e-013	1.01341e-013	2.33298e-014	7.60037e-015	1.63952e-015	5.80069e-016	1.06198e-016	3.12237e-017	5.97167e-018	1.71922e-018	2.81672e-019	7.69482e-020	1.18555e-020	3.12458e-021	4.55381e-022	9.98122e-023	1.39663e-023	3.41858e-024	3.99874e-025	8.00187e-026	1.02371e-026	2.04828e-027	2.19169e-028	4.15368e-029	4.56268e-030	9.66875e-031	1.63776e-031	5.29581e-032	2.62839e-032	
Oreobolus_pectinatus	0	0	0	0	0	0	0	0	0	0	0	0	0	0	0	0	0	0	1	0	0	0	0	0	0	0	0	0	0	0	0	0	0	0	0	0	0	0	0	0	0	0	0	0	0	0	0	0	0	0	0	0	0	0	0	0	0	0	0	0	0	0	0	0	0	0	0	0	0	0	0	
N8	0.0755837	0.086928	0.0983435	0.107896	0.111464	0.109569	0.0988879	0.0850124	0.0679297	0.0516786	0.03662	0.0257811	0.0164979	0.0108521	0.00663313	0.00419891	0.0024128	0.00158158	0.000855807	0.000556392	0.000300727	0.000190516	9.60447e-005	6.37377e-005	2.94301e-005	1.86497e-005	8.65067e-006	5.26496e-006	2.22363e-006	1.39168e-006	5.43624e-007	3.26689e-007	1.26867e-007	6.96653e-008	2.52269e-008	1.49814e-008	4.77885e-009	2.50643e-009	8.39098e-010	4.27536e-010	1.24668e-010	6.25103e-011	1.69429e-011	8.23079e-012	2.17785e-012	8.98315e-013	2.24539e-013	1.05212e-013	2.20655e-014	8.46196e-015	1.92562e-015	7.46416e-016	1.42744e-016	5.26317e-017	9.61921e-018	3.53731e-018	6.121e-019	1.81242e-019	3.086e-020	1.09481e-020	1.504e-021	4.15358e-022	6.58985e-023	1.91059e-023	2.41536e-024	6.43261e-025	8.28472e-026	2.46821e-026	4.6972e-027	2.24983e-027	1.92489e-027	
N9	0.0396368	0.0470378	0.056584	0.0678059	0.0781999	0.0872339	0.0905064	0.0902751	0.0843997	0.0755837	0.0635054	0.0531372	0.0407935	0.0321613	0.0238021	0.0182139	0.0128529	0.0102795	0.00697156	0.00563482	0.00390809	0.00315528	0.00210451	0.00181437	0.00114664	0.000967227	0.000628705	0.000519832	0.000318366	0.000273855	0.000159733	0.000134106	7.93002e-005	6.26178e-005	3.54412e-005	3.01909e-005	1.56199e-005	1.21723e-005	6.64764e-006	5.09386e-006	2.52008e-006	1.94635e-006	9.13694e-007	6.90861e-007	3.24686e-007	2.18311e-007	9.8656e-008	7.44686e-008	2.9581e-008	1.93062e-008	8.29839e-009	5.46308e-009	2.0716e-009	1.34111e-009	4.91021e-010	3.15425e-010	1.12552e-010	6.18487e-011	2.16862e-011	1.36451e-011	4.08893e-012	2.15064e-012	7.19798e-013	3.88696e-013	1.11878e-013	5.90623e-014	1.81714e-014	1.13933e-014	5.85128e-015	6.34323e-015	9.69339e-015	
N10	0.0106553	0.0131133	0.0168732	0.0221829	0.0287369	0.0366545	0.0444954	0.0525248	0.0592333	0.0644459	0.0670542	0.0684274	0.0661501	0.0631674	0.0580516	0.0525167	0.0458285	0.0405789	0.0340045	0.029291	0.0243598	0.0205836	0.016681	0.0142545	0.0111888	0.00931317	0.0072543	0.00582649	0.00432297	0.00345775	0.00244537	0.00188459	0.00132278	0.000983044	0.000662526	0.000496037	0.000319207	0.000229349	0.000147394	0.000102146	6.28013e-005	4.39028e-005	2.60601e-005	1.77736e-005	1.07186e-005	7.11906e-006	4.18406e-006	2.86163e-006	1.62003e-006	1.06575e-006	6.10637e-007	3.87417e-007	2.10534e-007	1.33638e-007	6.89014e-008	4.16199e-008	2.12603e-008	1.2092e-008	5.85837e-009	3.35821e-009	1.52691e-009	8.25702e-010	3.82113e-010	2.02077e-010	9.25665e-011	5.28339e-011	2.74673e-011	1.84577e-011	1.30797e-011	1.16428e-011	1.32181e-011	
Schoenus_brevifolius	0	0	0	0	0	0	0	0	0	0	0	0	0	0	0	0	0	0	0	0	0	0	0	0	0	0	0	0	0	0	0	0	0	0	0	0	0	0	0	0	0	0	0	0	0	0	0	0	0	0	0	0	0	0	0	0	0	0	0	0	1	0	0	0	0	0	0	0	0	0	0	
Schoenus_nigricans	0	0	0	0	0	0	0	0	0	0	0	0	0	0	0	0	0	0	0	0	0	1	0	0	0	0	0	0	0	0	0	0	0	0	0	0	0	0	0	0	0	0	0	0	0	0	0	0	0	0	0	0	0	0	0	0	0	0	0	0	0	0	0	0	0	0	0	0	0	0	0	
Gahnia_aspera	0	0	0	0	0	0	0	0	0	0	0	0	0	0	0	0	0	0	0	0	0	0	0	0	0	0	0	0	0	0	0	0	0	0	0	0	0	0	0	1	0	0	0	0	0	0	0	0	0	0	0	0	0	0	0	0	0	0	0	0	0	0	0	0	0	0	0	0	0	0	0	
N11	0.0456374	0.0527591	0.0608909	0.0697474	0.0774521	0.0839057	0.0862238	0.0858824	0.0816626	0.074711	0.0652949	0.055517	0.0446972	0.0350458	0.0262504	0.018972	0.0130666	0.00879808	0.00556456	0.00344813	0.00203078	0.00115904	0.000627229	0.000335959	0.000167252	8.28142e-005	3.87686e-005	1.7785e-005	7.68665e-006	3.34706e-006	1.33862e-006	5.42213e-007	2.05944e-007	7.77252e-008	2.74395e-008	9.93291e-009	3.263e-009	1.10407e-009	3.47795e-010	1.10267e-010	3.24008e-011	9.89365e-012	2.71269e-012	7.75209e-013	2.04033e-013	5.44154e-014	1.33292e-014	3.42299e-015	7.78267e-016	1.85738e-016	4.04751e-017	8.98756e-018	1.81352e-018	3.86373e-019	7.22295e-020	1.42863e-020	2.55816e-021	4.69651e-022	7.81636e-023	1.38734e-023	2.15568e-024	3.59894e-025	5.5414e-026	9.00482e-027	1.39192e-027	2.38961e-028	3.98703e-029	7.34005e-030	1.37496e-030	2.91319e-031	1.00202e-031	
Tetraria_capillaris	0	0	0	0	0	0	0	0	0	1	0	0	0	0	0	0	0	0	0	0	0	0	0	0	0	0	0	0	0	0	0	0	0	0	0	0	0	0	0	0	0	0	0	0	0	0	0	0	0	0	0	0	0	0	0	0	0	0	0	0	0	0	0	0	0	0	0	0	0	0	0	
N12	0.00199774	0.00302921	0.00523692	0.00923076	0.0154998	0.02465	0.0360514	0.0496245	0.0632756	0.0756228	0.0846857	0.0913469	0.0924428	0.0907664	0.0843353	0.074544	0.0610895	0.0475545	0.033422	0.022462	0.0140135	0.00843655	0.00479564	0.00274596	0.00146059	0.000796087	0.000416678	0.000223246	0.000115665	6.36751e-005	3.22757e-005	1.70746e-005	8.28723e-006	4.00142e-006	1.73436e-006	7.69324e-007	2.92109e-007	1.13697e-007	3.89986e-008	1.33155e-008	3.97892e-009	1.23266e-009	3.2168e-010	8.75831e-011	2.07424e-011	4.96191e-012	1.03201e-012	2.27004e-013	4.14853e-014	8.05372e-015	1.35504e-015	2.3401e-016	3.48256e-017	5.57931e-018	7.38412e-019	1.05725e-019	1.30101e-020	1.66497e-021	1.83807e-022	2.22143e-023	2.19958e-024	2.40026e-025	2.28405e-026	2.32464e-027	2.1161e-028	2.21411e-029	2.14965e-030	2.42155e-031	2.73995e-032	3.4834e-033	6.78447e-034	
Machaerina_articulata	0	0	0	0	0	0	0	0	0	0	0	1	0	0	0	0	0	0	0	0	0	0	0	0	0	0	0	0	0	0	0	0	0	0	0	0	0	0	0	0	0	0	0	0	0	0	0	0	0	0	0	0	0	0	0	0	0	0	0	0	0	0	0	0	0	0	0	0	0	0	0	
Machaerina_mariscoides	0	0	0	0	0	0	0	0	0	0	0	0	0	0	0	0	0	0	0	0	0	0	0	0	0	0	0	0	0	0	0	0	0	0	0	0	0	0	1	0	0	0	0	0	0	0	0	0	0	0	0	0	0	0	0	0	0	0	0	0	0	0	0	0	0	0	0	0	0	0	0	
N13	0.140652	0.146966	0.142089	0.129882	0.111876	0.0926602	0.0721429	0.0542821	0.038855	0.0267287	0.0174995	0.0111649	0.00669955	0.00393065	0.00219408	0.00118694	0.000609463	0.000310113	0.0001468	6.93514e-005	3.09709e-005	1.36164e-005	5.62952e-006	2.3647e-006	9.04161e-007	3.53694e-007	1.28604e-007	4.67836e-008	1.56884e-008	5.4604e-009	1.68763e-009	5.44604e-010	1.59962e-010	4.77478e-011	1.29222e-011	3.70004e-012	9.20444e-013	2.43436e-013	5.78906e-014	1.41943e-014	3.10788e-015	7.31398e-016	1.47771e-016	3.2247e-017	6.24532e-018	1.25962e-018	2.25536e-019	4.40332e-020	7.26653e-021	1.31038e-021	2.08773e-022	3.50246e-023	5.15167e-024	8.35493e-025	1.139e-025	1.71785e-026	2.26082e-027	3.16059e-028	3.87284e-029	5.29531e-030	6.02275e-031	7.68451e-032	8.68442e-033	1.06845e-033	1.19288e-034	1.55034e-035	1.89684e-036	2.71666e-037	3.96338e-038	6.68028e-039	1.80294e-039	
N14	0.0156236	0.0220848	0.0340584	0.0520111	0.0737706	0.0967344	0.113873	0.123266	0.120719	0.107644	0.0864407	0.0635702	0.0414879	0.0247458	0.0132	0.00637401	0.00274937	0.00109163	0.000382472	0.000124099	3.61158e-005	9.65957e-006	2.32099e-006	5.25811e-007	1.05236e-007	2.0024e-008	3.43753e-009	5.54255e-010	8.06046e-011	1.13478e-011	1.40902e-012	1.70602e-013	1.86444e-014	1.95309e-015	1.84682e-016	1.72938e-017	1.42201e-018	1.16496e-019	8.6166e-021	6.21942e-022	4.04607e-023	2.65659e-024	1.52901e-025	8.93093e-027	4.70269e-028	2.45154e-029	1.15285e-030	5.56324e-032	2.34358e-033	1.01678e-034	3.97964e-036	1.562e-037	5.51782e-039	2.0269e-040	6.492e-042	2.16989e-043	6.52984e-045	1.99206e-046	5.48922e-048	1.5948e-049	4.05626e-051	1.09719e-052	2.73834e-054	7.15435e-056	1.77967e-057	4.85584e-059	1.28478e-060	3.68697e-062	1.05475e-063	3.12014e-065	1.20761e-066	
Rhynchospora_albiceps	0	0	0	0	0	0	0	0	0	1	0	0	0	0	0	0	0	0	0	0	0	0	0	0	0	0	0	0	0	0	0	0	0	0	0	0	0	0	0	0	0	0	0	0	0	0	0	0	0	0	0	0	0	0	0	0	0	0	0	0	0	0	0	0	0	0	0	0	0	0	0	
N15	0.000854769	0.00183874	0.00483983	0.0121867	0.0268935	0.0519295	0.0860072	0.124843	0.155264	0.164285	0.144961	0.107689	0.0650476	0.0329839	0.0137464	0.00480316	0.00138758	0.000350973	7.2494e-005	1.35676e-005	2.14915e-006	3.10898e-007	3.80596e-008	4.61646e-009	4.47552e-010	4.4493e-011	3.65386e-012	2.99568e-013	1.99134e-014	1.42509e-015	7.74193e-017	4.62733e-018	2.17973e-019	1.09318e-020	4.3087e-022	1.94569e-023	6.4392e-025	2.48307e-026	7.44287e-028	2.50026e-029	6.43058e-031	2.00067e-032	4.47586e-034	1.23259e-035	2.5759e-037	6.2081e-039	1.14867e-040	2.70147e-042	4.358e-044	8.96893e-046	1.40644e-047	2.63083e-049	3.62047e-051	6.51375e-053	8.05751e-055	1.31876e-056	1.55838e-058	2.2509e-060	2.42556e-062	3.52286e-064	3.32945e-066	4.24779e-068	4.00938e-070	4.79267e-072	4.04378e-074	4.76988e-076	4.13348e-078	5.32818e-080	6.37819e-082	1.02537e-083	2.04014e-085	
Rhynchospora_rubra	0	0	0	0	0	0	0	0	0	1	0	0	0	0	0	0	0	0	0	0	0	0	0	0	0	0	0	0	0	0	0	0	0	0	0	0	0	0	0	0	0	0	0	0	0	0	0	0	0	0	0	0	0	0	0	0	0	0	0	0	0	0	0	0	0	0	0	0	0	0	0	
Rhynchospora_globosa	0	0	0	0	0	0	0	0	0	0	0	1	0	0	0	0	0	0	0	0	0	0	0	0	0	0	0	0	0	0	0	0	0	0	0	0	0	0	0	0	0	0	0	0	0	0	0	0	0	0	0	0	0	0	0	0	0	0	0	0	0	0	0	0	0	0	0	0	0	0	0	
N16	0.10715	0.117064	0.121987	0.121911	0.115026	0.103769	0.0871488	0.0699536	0.052809	0.037901	0.0256208	0.016722	0.0101655	0.00599095	0.00332738	0.00177539	0.000889953	0.000438623	0.000198703	8.92238e-005	3.74355e-005	1.53636e-005	5.85605e-006	2.26582e-006	7.84849e-007	2.78903e-007	9.07989e-008	2.96346e-008	8.76873e-009	2.71907e-009	7.31319e-010	2.07912e-010	5.26824e-011	1.36935e-011	3.15677e-012	7.82864e-013	1.63787e-013	3.71197e-014	7.38066e-015	1.53759e-015	2.78594e-016	5.55386e-017	9.20723e-018	1.69221e-018	2.68402e-019	4.53064e-020	6.60746e-021	1.08405e-021	1.44793e-022	2.18318e-023	2.82723e-024	3.9609e-025	4.71286e-026	6.41384e-027	7.05422e-028	8.91763e-029	9.50587e-030	1.10879e-030	1.09803e-031	1.26294e-032	1.15057e-033	1.22242e-034	1.10621e-035	1.12013e-036	9.77631e-038	1.03509e-038	9.8617e-040	1.16636e-040	1.39744e-041	1.98649e-042	4.46806e-043	
N17	2.83809e-006	1.12182e-005	5.44252e-005	0.000230849	0.00081465	0.00244138	0.00614723	0.0135868	0.0272086	0.0505983	0.0851667	0.130627	0.168358	0.178275	0.146251	0.0953932	0.0513258	0.0253114	0.0111081	0.00454346	0.00164528	0.000575621	0.000202475	7.82667e-005	2.84531e-005	1.00153e-005	3.01852e-006	8.14007e-007	1.82389e-007	3.75424e-008	6.20226e-009	9.48492e-010	1.19677e-010	1.37129e-011	1.30096e-012	1.17257e-013	8.49298e-015	5.92463e-016	3.45922e-017	1.90855e-018	8.84053e-020	4.0559e-021	1.5186e-022	5.7007e-024	1.81463e-025	5.63992e-027	1.4953e-028	4.06187e-030	9.05483e-032	2.08329e-033	4.11374e-035	8.13677e-037	1.37854e-038	2.45088e-040	3.60075e-042	5.58668e-044	7.44672e-046	1.01271e-047	1.19048e-049	1.49847e-051	1.56106e-053	1.75583e-055	1.73754e-057	1.81287e-059	1.71385e-061	1.81959e-063	1.80909e-065	2.01948e-067	2.23093e-069	2.57892e-071	3.54291e-073	
Rhynchospora_chinensis	0	0	0	0	0	0	0	0	0	0	0	0	0	0	0	0	0	0	0	0	0	0	0	0	0	0	0	0	0	0	1	0	0	0	0	0	0	0	0	0	0	0	0	0	0	0	0	0	0	0	0	0	0	0	0	0	0	0	0	0	0	0	0	0	0	0	0	0	0	0	0	
N18	1.37385e-008	9.53626e-008	8.8764e-007	7.00523e-006	4.37589e-005	0.000208899	0.000815446	0.00311069	0.0117647	0.0392767	0.102861	0.194462	0.249706	0.213395	0.121419	0.0470426	0.0128475	0.00258831	0.000396241	4.86149e-005	4.94715e-006	4.32802e-007	3.33498e-008	2.30099e-009	1.37899e-010	7.19201e-012	3.18608e-013	1.19555e-014	3.77747e-016	1.01487e-017	2.29683e-019	4.45599e-021	7.37714e-023	1.0556e-024	1.30268e-026	1.43257e-028	1.36704e-030	1.21504e-032	1.0081e-034	8.12007e-037	6.37902e-039	5.76497e-041	4.34068e-043	3.63761e-045	2.86386e-047	2.02718e-049	1.29978e-051	9.3048e-054	4.88023e-056	2.97424e-058	1.53227e-060	8.25535e-063	3.62217e-065	1.9907e-067	7.65507e-070	3.86413e-072	1.3986e-074	6.43384e-077	2.0685e-079	8.86768e-082	2.53254e-084	9.74003e-087	2.52729e-089	8.70345e-092	2.00982e-094	6.37033e-097	1.35984e-099	4.20556e-102	1.09357e-104	4.46819e-107	2.13692e-109	
Rhynchospora_capillacea	0	0	0	0	0	0	0	0	0	0	0	0	1	0	0	0	0	0	0	0	0	0	0	0	0	0	0	0	0	0	0	0	0	0	0	0	0	0	0	0	0	0	0	0	0	0	0	0	0	0	0	0	0	0	0	0	0	0	0	0	0	0	0	0	0	0	0	0	0	0	0	
Rhynchospora_alba	0	0	0	0	0	0	0	0	0	0	0	0	1	0	0	0	0	0	0	0	0	0	0	0	0	0	0	0	0	0	0	0	0	0	0	0	0	0	0	0	0	0	0	0	0	0	0	0	0	0	0	0	0	0	0	0	0	0	0	0	0	0	0	0	0	0	0	0	0	0	0	
N19	0.155418	0.162437	0.156567	0.141378	0.118518	0.0934293	0.0674677	0.0454984	0.028142	0.0160266	0.00832023	0.00399971	0.00173137	0.000693847	0.000252698	8.45908e-005	2.57404e-005	7.32937e-006	1.87565e-006	4.52539e-007	9.97912e-008	2.06101e-008	3.89403e-009	7.09824e-010	1.15967e-010	1.84785e-011	2.69777e-012	3.78868e-013	4.8568e-014	6.21586e-015	7.03364e-016	8.01577e-017	8.2765e-018	8.41704e-019	7.72588e-020	7.2684e-021	5.94042e-022	5.0114e-023	3.78878e-024	2.88086e-025	1.95331e-026	1.38779e-027	8.47639e-029	5.4633e-030	3.12503e-031	1.82906e-032	9.4939e-034	5.27448e-035	2.4871e-036	1.26089e-037	5.64969e-039	2.63129e-040	1.07719e-041	4.80167e-043	1.80343e-044	7.40785e-046	2.66527e-047	1.00846e-048	3.3505e-050	1.23066e-051	3.77327e-053	1.28707e-054	3.89317e-056	1.27187e-057	3.78031e-059	1.30242e-060	4.22679e-062	1.60073e-063	6.11464e-065	2.53131e-066	1.43155e-067	
Rhynchospora_nervosa	0	0	0	0	1	0	0	0	0	0	0	0	0	0	0	0	0	0	0	0	0	0	0	0	0	0	0	0	0	0	0	0	0	0	0	0	0	0	0	0	0	0	0	0	0	0	0	0	0	0	0	0	0	0	0	0	0	0	0	0	0	0	0	0	0	0	0	0	0	0	0	
Rhynchospora_robusta	0	0	0	0	1	0	0	0	0	0	0	0	0	0	0	0	0	0	0	0	0	0	0	0	0	0	0	0	0	0	0	0	0	0	0	0	0	0	0	0	0	0	0	0	0	0	0	0	0	0	0	0	0	0	0	0	0	0	0	0	0	0	0	0	0	0	0	0	0	0	0	
N20	0.138281	0.144366	0.139409	0.127369	0.109831	0.0913933	0.0717421	0.0547974	0.0400762	0.0284423	0.0193828	0.0130746	0.00837042	0.00534907	0.00329474	0.00201204	0.00118138	0.000709816	0.000399107	0.00023232	0.000128822	7.27074e-005	3.87143e-005	2.18459e-005	1.11153e-005	6.04668e-006	3.03888e-006	1.58775e-006	7.57324e-007	3.92958e-007	1.77735e-007	8.8135e-008	3.92038e-008	1.84921e-008	7.79697e-009	3.6616e-009	1.45547e-009	6.47588e-010	2.54858e-010	1.08084e-010	4.01102e-011	1.68571e-011	5.917e-012	2.36569e-012	8.20388e-013	3.09518e-013	1.01607e-013	3.8386e-014	1.18313e-014	4.20269e-015	1.28975e-015	4.36428e-016	1.25819e-016	4.224e-017	1.15201e-017	3.6746e-018	9.90919e-019	2.97334e-019	7.61654e-020	2.30253e-020	5.53376e-021	1.57467e-021	3.84465e-022	1.0667e-022	2.56913e-023	7.61415e-024	2.05941e-024	7.07224e-025	2.58797e-025	1.26045e-025	9.64965e-026	
Calyptrocarya_glomerulata	0	0	0	0	0	0	0	0	0	1	0	0	0	0	0	0	0	0	0	0	0	0	0	0	0	0	0	0	0	0	0	0	0	0	0	0	0	0	0	0	0	0	0	0	0	0	0	0	0	0	0	0	0	0	0	0	0	0	0	0	0	0	0	0	0	0	0	0	0	0	0	
Scleria_foliosa	0	0	0	0	0	0	0	0	0	1	0	0	0	0	0	0	0	0	0	0	0	0	0	0	0	0	0	0	0	0	0	0	0	0	0	0	0	0	0	0	0	0	0	0	0	0	0	0	0	0	0	0	0	0	0	0	0	0	0	0	0	0	0	0	0	0	0	0	0	0	0	
N21	9.75139e-011	9.81616e-010	1.09477e-008	9.53608e-008	6.00934e-007	3.11799e-006	1.47937e-005	6.62031e-005	0.000199625	0.000316349	0.000424799	0.000912954	0.0019524	0.00361905	0.0102047	0.0385073	0.118099	0.247317	0.297663	0.184244	0.062348	0.0183909	0.00838147	0.00466392	0.00198321	0.000570398	0.000103303	1.2543e-005	1.10725e-006	9.38002e-008	1.74391e-008	7.33681e-009	3.09356e-009	1.10802e-009	3.20913e-010	7.67642e-011	1.41094e-011	2.06295e-012	2.26275e-013	1.89444e-014	1.19243e-015	6.04057e-017	2.36955e-018	7.84826e-020	2.13293e-021	4.99063e-023	9.86321e-025	1.75586e-026	2.64637e-028	3.66335e-030	4.44351e-032	4.93599e-034	4.85877e-036	4.52232e-038	3.69684e-040	2.88866e-042	2.04145e-044	1.36819e-046	8.39241e-049	5.03945e-051	2.76261e-053	1.50359e-055	7.76194e-058	3.96238e-060	1.95172e-062	9.62323e-065	4.56012e-067	2.13511e-069	9.63083e-072	4.21105e-074	1.99416e-076	
Cladium_mariscus	0	0	0	0	0	0	0	0	0	0	0	0	0	0	0	0	0	1	0	0	0	0	0	0	0	0	0	0	0	0	0	0	0	0	0	0	0	0	0	0	0	0	0	0	0	0	0	0	0	0	0	0	0	0	0	0	0	0	0	0	0	0	0	0	0	0	0	0	0	0	0	
Cladium_mariscoides	0	0	0	0	0	0	0	0	0	0	0	0	0	0	0	0	0	0	0	0	0	0	0	0	0	0	0	0	0	0	0	0	0	0	0	0	0	0	1	0	0	0	0	0	0	0	0	0	0	0	0	0	0	0	0	0	0	0	0	0	0	0	0	0	0	0	0	0	0	0	0	
