NODE	1	2	3	4	5	6	7	8	9	10	11	12	13	14	15	16	17	18	19	20	21	22	23	24	25	26	27	28	29	30	31	32	33	34	35	36	37	38	39	40	41	42	43	44	45	46	47	48	49	50	51	52	53	54	55	56	57	58	59	60	61	62	63	64	65	66	67	68	69	70	71	
N1	0.388009	0.292512	0.177891	0.0888061	0.036397	0.0121813	0.00331552	0.000733728	0.000132344	1.95069e-05	2.35198e-06	2.3178e-07	1.86342e-08	1.22002e-09	6.49895e-11	2.81738e-12	9.95338e-14	1.22592e-17	1.88495e-18	2.62794e-19	3.32842e-20	3.83746e-21	4.03585e-22	3.87988e-23	3.41665e-24	2.76171e-25	2.05321e-26	1.40679e-27	8.90029e-29	5.20926e-30	2.82577e-31	1.42317e-32	6.66615e-34	2.90881e-35	1.18433e-36	4.50626e-38	1.60472e-39	5.35614e-41	1.67795e-42	4.94046e-44	1.36895e-45	3.57429e-47	8.8045e-49	2.04855e-50	4.50727e-52	9.38834e-54	1.85327e-55	3.4707e-57	6.17249e-59	1.04351e-60	1.67854e-62	2.5714e-64	3.75489e-66	5.23106e-68	6.95841e-70	8.84532e-72	1.07533e-73	1.25121e-75	1.39445e-77	1.48961e-79	1.52631e-81	1.50111e-83	1.41799e-85	1.28736e-87	1.12402e-89	9.44405e-92	7.64095e-94	5.959e-96	4.49679e-98	3.39149e-100	3.58399e-102	
N2	7.36264e-05	0.000224819	0.000693555	0.00190049	0.00437845	0.00898794	0.0164115	0.0273223	0.0399998	0.0529548	0.0608926	0.0662751	0.073359	0.0903788	0.107986	0.12046	0.111838	0.0918242	0.0607816	0.0358756	0.0168349	0.00716862	0.00240225	0.000746045	0.00018024	4.12201e-05	7.29754e-06	1.25265e-06	1.6535e-07	2.16387e-08	2.18144e-09	2.23413e-10	1.75393e-11	1.42666e-12	8.94159e-14	5.93554e-15	3.01567e-16	1.64732e-17	6.93889e-19	3.20259e-20	1.12826e-21	4.39933e-23	1.32253e-24	4.47459e-26	1.15105e-27	3.35397e-29	7.52571e-31	1.94357e-32	3.79392e-34	8.55414e-36	1.48107e-37	3.00949e-39	4.5919e-41	8.23724e-43	1.13082e-44	1.8555e-46	2.26779e-48	3.31092e-50	3.68329e-52	4.97723e-54	4.97556e-56	6.03245e-58	5.56543e-60	6.35668e-62	5.43055e-64	5.86666e-66	5.41918e-68	6.98092e-70	9.38739e-72	1.61994e-73	3.87286e-75	
Chrysitrix_capensis	0	0	0	0	0	0	0	0	0	0	0	0	0	0	0	0	0	0	0	0	0	0	1	0	0	0	0	0	0	0	0	0	0	0	0	0	0	0	0	0	0	0	0	0	0	0	0	0	0	0	0	0	0	0	0	0	0	0	0	0	0	0	0	0	0	0	0	0	0	0	0	
Lepironia_articulata	0	0	0	0	0	0	0	0	0	0	0	0	0	0	0	0	1	0	0	0	0	0	0	0	0	0	0	0	0	0	0	0	0	0	0	0	0	0	0	0	0	0	0	0	0	0	0	0	0	0	0	0	0	0	0	0	0	0	0	0	0	0	0	0	0	0	0	0	0	0	0	
N3	0.229258	0.270455	0.22921	0.151639	0.0755608	0.0309282	0.00965811	0.00263008	0.00053731	0.000106021	1.4945e-05	2.43177e-06	2.4902e-07	3.47922e-08	2.64624e-09	3.11212e-10	1.69007e-11	1.4701e-12	5.81751e-14	4.14389e-15	1.1698e-16	5.98347e-18	1.31895e-19	6.37122e-21	1.03707e-22	3.438e-24	4.74071e-26	1.66994e-27	1.71632e-29	3.87838e-31	3.6033e-33	9.34509e-35	6.33597e-37	9.73348e-39	6.00699e-41	1.09264e-42	4.98937e-45	5.53275e-47	2.47304e-49	3.54299e-51	1.14701e-53	9.14963e-56	2.8302e-58	2.95711e-60	6.85323e-63	4.39274e-65	1.12655e-67	1.06823e-69	1.9226e-72	9.14244e-75	1.64343e-77	1.11334e-79	1.50536e-82	6.28469e-85	1.05494e-87	7.0797e-90	7.94289e-93	2.44945e-95	2.83884e-98	1.3121e-100	1.1493e-103	3.30807e-106	3.85633e-109	1.8533e-111	1.3838e-114	2.89582e-117	2.27597e-120	7.44838e-123	6.15675e-126	2.49872e-128	1.83961e-130	
N4	0.222989	0.267084	0.230759	0.155107	0.078316	0.0322431	0.0100979	0.00272848	0.000551137	0.000106041	1.44219e-05	2.24757e-06	2.1276e-07	2.8608e-08	1.88443e-09	2.22952e-10	9.59222e-12	9.20171e-13	2.55285e-14	2.3637e-15	3.94772e-17	3.24067e-18	3.54566e-20	3.68691e-21	2.43646e-23	2.06666e-24	1.07403e-26	1.22838e-27	4.19854e-30	2.96049e-31	9.64816e-34	9.52104e-35	2.03884e-37	9.77528e-39	2.18336e-41	1.63593e-42	2.34499e-45	7.51247e-47	1.27101e-49	8.22522e-51	7.98254e-54	1.65015e-55	2.1036e-58	1.16922e-59	7.88222e-63	1.11775e-64	1.32203e-67	7.98749e-69	3.76618e-72	3.33627e-74	3.12428e-77	1.70572e-78	6.00588e-82	4.03796e-84	4.36908e-87	2.52205e-88	6.78816e-92	2.99282e-94	2.21606e-97	1.04091e-98	2.28601e-102	9.3148e-105	8.646e-108	3.90951e-109	6.94431e-113	1.93174e-115	9.94489e-119	3.43899e-120	5.43945e-124	2.7024e-126	6.57244e-128	
N5	0.155564	0.217677	0.230414	0.190579	0.116729	0.0581378	0.0215678	0.00713047	0.00168429	0.000429564	6.83385e-05	1.68103e-05	1.88017e-06	4.3825e-07	3.52287e-08	7.19684e-09	3.95849e-10	5.62069e-11	2.26794e-12	2.88775e-13	7.91591e-15	6.27614e-16	1.41724e-17	1.39e-18	2.09168e-20	1.02885e-21	1.45967e-23	1.17881e-24	1.07687e-26	3.54407e-28	3.41606e-30	2.16416e-31	1.26955e-33	2.75809e-35	1.69069e-37	7.33736e-39	2.87025e-41	4.52092e-43	2.09456e-45	7.36541e-47	1.99009e-49	2.12671e-51	6.146e-54	1.4447e-55	2.7578e-58	2.51003e-60	7.07307e-63	1.67721e-64	2.38729e-67	1.42867e-69	2.20183e-72	3.2223e-74	3.33462e-77	2.05828e-79	4.09357e-82	7.06951e-84	5.96117e-87	2.21693e-89	2.05787e-92	2.04212e-94	1.28359e-97	5.74358e-100	8.32559e-103	1.04315e-104	5.67855e-108	1.40282e-110	8.45057e-114	5.79199e-116	2.99978e-119	1.86625e-121	2.46326e-123	
Lagenocarpus_guianensis	0	0	0	0	0	0	0	0	0	0	0	0	0	0	0	0	1	0	0	0	0	0	0	0	0	0	0	0	0	0	0	0	0	0	0	0	0	0	0	0	0	0	0	0	0	0	0	0	0	0	0	0	0	0	0	0	0	0	0	0	0	0	0	0	0	0	0	0	0	0	0	
N6	0.136235	0.201017	0.226846	0.199323	0.129527	0.0680582	0.026729	0.00923715	0.00230032	0.000600626	9.92463e-05	2.44065e-05	2.72508e-06	6.51561e-07	4.84674e-08	1.09812e-08	5.1093e-10	9.12526e-11	2.8159e-12	5.11234e-13	9.92863e-15	1.27649e-15	1.96433e-17	3.30914e-18	3.31742e-20	2.95051e-21	2.84452e-23	4.05784e-24	2.36311e-26	1.30238e-27	8.18619e-30	8.90175e-31	2.97468e-33	9.26196e-35	3.5387e-37	2.674e-38	5.24655e-41	9.89959e-43	2.72709e-45	1.75187e-46	2.10367e-49	2.33894e-51	4.04705e-54	1.92375e-55	1.51864e-58	1.24393e-60	2.10118e-63	9.6446e-65	5.25525e-68	2.66919e-70	2.47712e-73	7.7689e-75	3.13058e-78	1.46203e-80	1.70768e-83	5.26045e-85	1.58378e-88	4.53321e-91	2.41502e-94	4.81659e-96	1.15542e-99	3.5886e-102	2.97758e-105	6.26112e-107	1.15898e-110	2.07635e-113	6.50394e-117	8.43221e-119	1.39862e-122	5.45866e-125	6.48763e-127	
N7	0.0508587	0.0937494	0.144965	0.183501	0.178812	0.146864	0.0941649	0.0565619	0.0261101	0.0140484	0.00526073	0.00318592	0.00101607	0.00061925	0.000162416	9.23165e-05	1.86527e-05	8.23903e-06	1.35073e-06	6.10734e-07	7.87217e-08	2.65086e-08	3.29773e-09	1.54593e-09	1.51913e-10	4.11629e-11	3.77227e-12	1.39082e-12	8.55361e-14	1.48196e-14	8.38493e-16	2.0535e-16	7.30585e-18	7.47298e-19	2.38035e-20	3.54044e-21	7.382e-23	5.02328e-24	1.11124e-25	1.2865e-26	1.73583e-28	7.45334e-30	9.63752e-32	6.99521e-33	6.11154e-35	2.1693e-36	2.64503e-38	1.89135e-39	1.26831e-41	2.88494e-43	1.99191e-45	8.65846e-47	4.2449e-49	9.70995e-51	7.94676e-53	4.07632e-54	1.78646e-56	2.80671e-58	1.34158e-60	4.29811e-62	1.46366e-64	2.4556e-66	1.45392e-68	5.45163e-70	1.57441e-72	1.64316e-74	5.04216e-77	1.07445e-78	2.9214e-81	6.12761e-83	2.70134e-84	
Oreobolus_pectinatus	0	0	0	0	0	0	0	0	0	0	0	0	0	0	0	0	0	0	1	0	0	0	0	0	0	0	0	0	0	0	0	0	0	0	0	0	0	0	0	0	0	0	0	0	0	0	0	0	0	0	0	0	0	0	0	0	0	0	0	0	0	0	0	0	0	0	0	0	0	0	0	
N8	0.0298572	0.0600689	0.10479	0.151918	0.172895	0.165491	0.126163	0.0871439	0.0484507	0.0280282	0.0125483	0.00729544	0.00275894	0.00163934	0.000515645	0.00030613	7.61425e-05	4.02112e-05	8.02521e-06	4.43383e-06	7.3157e-07	3.77272e-07	6.17253e-08	4.13861e-08	5.57024e-09	2.61089e-09	3.16044e-10	1.7377e-10	1.42691e-11	4.216e-12	3.11289e-13	1.16812e-13	5.43089e-15	9.3061e-16	3.97536e-17	9.74169e-18	2.59811e-19	2.76349e-20	7.69703e-22	1.47153e-22	2.43792e-24	1.69583e-25	3.16636e-27	4.93846e-28	6.51334e-30	4.49401e-31	9.76507e-33	1.97771e-33	2.51481e-35	1.47016e-36	2.30307e-38	3.42638e-39	3.18031e-41	1.5435e-42	2.2252e-44	2.94114e-45	1.93546e-47	5.88114e-49	4.68931e-51	3.84167e-52	1.82047e-54	4.87263e-56	3.97105e-58	3.06746e-59	1.06948e-61	1.76341e-63	7.4272e-66	3.46592e-67	1.05583e-69	3.08936e-71	2.11089e-72	
N9	0.010564	0.0226909	0.0451722	0.0783169	0.110366	0.134412	0.134386	0.124116	0.0948357	0.0756791	0.0479591	0.0395714	0.021737	0.0204248	0.0102296	0.0111358	0.0050847	0.00537271	0.00219716	0.00235434	0.000860405	0.000885096	0.000372044	0.000542897	0.000214036	0.000234296	8.78512e-05	0.000124055	3.29833e-05	2.52984e-05	6.38931e-06	7.13015e-06	1.17489e-06	5.86453e-07	9.33477e-08	7.31587e-08	7.68832e-09	2.65467e-09	2.99525e-10	1.8673e-10	1.47659e-11	4.32282e-12	4.63765e-13	3.37594e-13	3.37349e-14	1.34419e-14	1.82454e-15	1.50455e-15	1.24726e-16	3.58127e-17	3.07289e-18	1.65494e-18	9.56807e-20	2.3268e-20	1.8904e-21	9.79898e-22	4.15496e-23	6.3391e-24	2.78804e-25	8.60937e-26	2.5504e-27	3.72998e-28	1.8475e-29	6.08409e-30	1.39478e-31	1.19511e-32	2.87094e-34	5.3487e-35	1.15583e-36	2.27e-37	1.15404e-37	
N10	0.00130979	0.00297869	0.00672068	0.0139973	0.0253384	0.0405808	0.0555654	0.0710474	0.0850548	0.0995061	0.104402	0.105182	0.0890863	0.0713519	0.0456072	0.0318851	0.0214099	0.0206676	0.0181605	0.0203248	0.0166217	0.0168914	0.0116756	0.0104773	0.00592757	0.00438453	0.00198795	0.00119219	0.000410725	0.000183585	4.87138e-05	1.74174e-05	3.55974e-06	9.9325e-07	1.7366e-07	4.67768e-08	8.16993e-09	2.6859e-09	7.53077e-10	4.42372e-10	1.59369e-10	9.60418e-11	3.41664e-11	2.13005e-11	6.45164e-12	3.28759e-12	9.22754e-13	4.78813e-13	1.11819e-13	4.48913e-14	9.6977e-15	3.91262e-15	6.99887e-16	2.17577e-16	3.66172e-17	1.14925e-17	1.58187e-18	3.70178e-19	4.69066e-20	1.08667e-20	1.12859e-21	2.01078e-22	1.96615e-23	3.55036e-24	2.83755e-25	3.86814e-26	2.9966e-27	4.62449e-28	4.99313e-29	1.38698e-29	6.92169e-30	
Schoenus_brevifolius	0	0	0	0	0	0	0	0	0	0	0	0	0	0	0	0	0	0	0	0	0	0	0	0	0	0	0	0	0	0	0	0	0	0	0	0	0	0	0	0	0	0	0	0	0	0	0	0	0	0	0	0	0	0	0	0	0	0	0	0	1	0	0	0	0	0	0	0	0	0	0	
Schoenus_nigricans	0	0	0	0	0	0	0	0	0	0	0	0	0	0	0	0	0	0	0	0	0	1	0	0	0	0	0	0	0	0	0	0	0	0	0	0	0	0	0	0	0	0	0	0	0	0	0	0	0	0	0	0	0	0	0	0	0	0	0	0	0	0	0	0	0	0	0	0	0	0	0	
Gahnia_aspera	0	0	0	0	0	0	0	0	0	0	0	0	0	0	0	0	0	0	0	0	0	0	0	0	0	0	0	0	0	0	0	0	0	0	0	0	0	0	0	1	0	0	0	0	0	0	0	0	0	0	0	0	0	0	0	0	0	0	0	0	0	0	0	0	0	0	0	0	0	0	0	
N11	0.00860388	0.0178819	0.0351238	0.0618288	0.0928546	0.122691	0.139134	0.140355	0.123861	0.099333	0.0699981	0.0445988	0.0243743	0.0119154	0.00488708	0.00180652	0.000552018	0.000155754	3.585e-05	7.874e-06	1.38195e-06	2.39122e-07	3.23795e-08	4.46768e-09	4.70968e-10	5.20805e-11	4.34155e-12	3.91458e-13	2.61403e-14	1.93582e-15	1.06075e-16	6.65669e-18	3.06584e-19	1.67258e-20	6.91141e-22	3.61034e-23	1.4648e-24	7.88003e-26	3.34897e-27	1.87988e-28	7.70704e-30	4.00413e-31	1.49427e-32	7.09586e-34	2.29694e-35	9.40654e-37	2.68863e-38	9.98429e-40	2.46156e-41	7.84841e-43	1.72523e-44	5.05224e-46	9.6498e-48	2.43699e-49	4.20972e-51	9.9228e-53	1.50006e-54	3.05432e-56	4.22203e-58	8.11965e-60	9.89832e-62	1.65514e-63	1.87137e-65	3.00585e-67	3.03831e-69	4.3295e-71	4.4772e-73	7.30138e-75	1.12031e-76	2.6602e-78	9.3206e-80	
Tetraria_capillaris	0	0	0	0	0	0	0	0	0	1	0	0	0	0	0	0	0	0	0	0	0	0	0	0	0	0	0	0	0	0	0	0	0	0	0	0	0	0	0	0	0	0	0	0	0	0	0	0	0	0	0	0	0	0	0	0	0	0	0	0	0	0	0	0	0	0	0	0	0	0	0	
N12	4.74604e-05	0.000199156	0.000839806	0.00300331	0.00839211	0.0222038	0.05427	0.108729	0.147606	0.125408	0.0873638	0.0850324	0.0949767	0.0969896	0.0769867	0.0509867	0.0243713	0.00955236	0.00244119	0.000520532	7.02493e-05	9.06194e-06	7.92325e-07	8.01193e-08	8.44717e-09	2.64643e-09	9.49729e-10	4.37479e-10	1.32812e-10	4.77239e-11	1.10245e-11	3.10245e-12	5.35636e-13	1.14117e-13	1.48363e-14	2.47168e-15	2.35509e-16	2.88082e-17	2.05638e-18	1.96963e-19	1.02126e-20	7.04468e-22	2.80541e-23	1.56677e-24	4.66483e-26	1.92013e-27	4.61567e-29	1.62243e-30	3.02531e-32	8.06523e-34	1.26485e-35	3.01163e-37	3.78451e-39	7.04373e-41	7.72642e-43	1.33971e-44	1.20428e-46	1.65352e-48	1.32853e-50	1.75061e-52	1.17521e-54	1.25045e-56	7.73757e-59	8.19901e-61	4.29408e-63	3.68035e-65	1.88919e-67	1.82558e-69	1.32999e-71	1.93253e-73	3.99594e-75	
Machaerina_articulata	0	0	0	0	0	0	0	0	0	0	0	1	0	0	0	0	0	0	0	0	0	0	0	0	0	0	0	0	0	0	0	0	0	0	0	0	0	0	0	0	0	0	0	0	0	0	0	0	0	0	0	0	0	0	0	0	0	0	0	0	0	0	0	0	0	0	0	0	0	0	0	
Machaerina_mariscoides	0	0	0	0	0	0	0	0	0	0	0	0	0	0	0	0	0	0	0	0	0	0	0	0	0	0	0	0	0	0	0	0	0	0	0	0	0	0	1	0	0	0	0	0	0	0	0	0	0	0	0	0	0	0	0	0	0	0	0	0	0	0	0	0	0	0	0	0	0	0	0	
N13	0.120396	0.17192	0.19879	0.191147	0.146326	0.0933777	0.0475016	0.0206198	0.00705746	0.00218354	0.000520938	0.000129794	2.32416e-05	5.32636e-06	7.57797e-07	1.62017e-07	1.78442e-08	3.15662e-09	2.67924e-10	3.99613e-11	2.57371e-12	2.98844e-13	1.55036e-14	1.67484e-15	6.79444e-17	5.57202e-18	1.96655e-19	1.73009e-20	4.79753e-22	2.94483e-23	7.56534e-25	5.49069e-26	1.07456e-27	4.87139e-29	8.95498e-31	4.99989e-32	6.96052e-34	2.38075e-35	3.2695e-37	1.46343e-38	1.49875e-40	3.84106e-42	3.83249e-44	1.3122e-45	9.97699e-48	2.07302e-49	1.70579e-51	5.18856e-53	3.11154e-55	4.97843e-57	3.01221e-59	6.97562e-61	3.22325e-63	4.58231e-65	2.59254e-67	5.98423e-69	2.32099e-71	2.51829e-73	1.01322e-75	1.70437e-77	5.22197e-80	5.45478e-82	2.27608e-84	4.09047e-86	1.09493e-88	8.44149e-91	2.39274e-93	3.02523e-95	9.12219e-98	1.39193e-99	3.47041e-101	
N14	0.00662745	0.0164548	0.037805	0.0731974	0.113552	0.149883	0.163202	0.154913	0.120832	0.0831223	0.0455996	0.0223282	0.00837835	0.00299305	0.000811335	0.000234966	5.04664e-05	1.25619e-05	2.20019e-06	4.613e-07	6.24954e-08	1.0254e-08	1.05087e-09	1.36422e-10	1.0431e-11	1.03436e-12	6.09162e-14	4.93664e-15	2.21942e-16	1.37986e-17	4.97363e-19	2.63191e-20	7.36236e-22	2.96517e-23	6.83443e-25	2.41944e-26	4.3735e-28	1.18306e-29	1.81636e-31	4.5046e-33	5.48693e-35	1.03811e-36	1.09842e-38	1.9678e-40	1.67941e-42	2.3337e-44	1.79785e-46	2.47862e-48	1.55785e-50	1.64255e-52	9.45745e-55	1.00659e-56	4.80117e-59	4.00191e-61	1.82508e-63	1.60491e-65	6.07394e-68	4.04633e-70	1.45939e-72	1.02172e-74	3.10363e-77	1.71427e-79	5.18632e-82	3.14018e-84	7.92065e-87	3.60887e-89	9.21744e-92	4.90924e-94	1.71785e-96	1.33601e-98	1.4611e-100	
N15	7.99742e-07	5.18761e-06	3.15789e-05	0.000153636	0.000527041	0.00160262	0.00478436	0.0114081	0.0210896	0.0301829	0.0291392	0.0261768	0.0404717	0.0848824	0.144634	0.192419	0.180372	0.131426	0.0656631	0.026217	0.007002	0.0015516	0.000227903	2.92278e-05	2.49352e-06	1.96025e-07	1.0421e-08	5.39476e-10	1.90216e-11	6.85044e-13	1.70367e-14	4.54494e-16	8.33114e-18	1.69848e-19	2.40857e-21	3.95195e-23	4.4435e-25	5.89326e-27	5.45464e-29	6.12279e-31	4.68291e-33	4.35967e-35	2.8393e-37	2.30212e-39	1.26359e-41	8.62027e-44	4.11166e-46	2.50034e-48	1.01752e-50	5.26226e-53	1.89059e-55	8.89778e-58	2.75929e-60	1.11717e-62	3.11147e-65	1.17196e-67	2.84722e-70	9.28398e-73	2.05572e-75	6.34647e-78	1.23884e-80	3.33809e-83	6.04951e-86	1.57694e-88	2.5639e-91	5.96561e-94	1.00736e-96	2.73913e-99	7.06497e-102	2.78187e-104	1.32756e-106	
Dulichium_arundinaceum	0	0	0	0	0	0	0	0	0	0	0	0	0	0	0	1	0	0	0	0	0	0	0	0	0	0	0	0	0	0	0	0	0	0	0	0	0	0	0	0	0	0	0	0	0	0	0	0	0	0	0	0	0	0	0	0	0	0	0	0	0	0	0	0	0	0	0	0	0	0	0	
N16	3.36856e-10	4.62836e-09	5.93522e-08	5.9701e-07	3.34196e-06	1.16098e-05	7.35942e-05	0.000497832	0.00218794	0.00449657	0.00308985	0.000947524	0.000454012	0.000682658	0.00331532	0.0187712	0.0737282	0.187663	0.282774	0.255375	0.120414	0.0381561	0.00626357	0.00100765	7.86619e-05	7.2259e-06	2.96426e-07	1.52162e-08	3.55213e-10	1.09043e-11	1.58014e-13	3.15404e-15	3.02383e-17	4.15702e-19	2.77916e-21	2.79467e-23	1.34894e-25	1.02236e-27	3.71859e-30	2.28381e-32	6.38307e-35	3.16976e-37	7.36899e-40	3.54625e-42	6.85089e-45	2.77577e-47	5.28102e-50	2.51602e-52	3.96362e-55	1.37587e-57	2.20956e-60	8.95146e-63	1.11148e-65	3.00665e-68	3.74913e-71	1.18422e-73	1.14007e-76	2.38633e-79	2.29339e-82	5.69081e-85	4.29749e-88	7.12973e-91	5.3875e-94	1.07934e-96	6.49718e-100	8.70982e-103	5.27796e-106	8.86889e-109	5.42579e-112	1.01495e-114	2.62324e-117	
Blysmus_compressus	0	0	0	0	0	0	0	0	0	0	0	0	0	0	0	0	0	0	0	0	0	1	0	0	0	0	0	0	0	0	0	0	0	0	0	0	0	0	0	0	0	0	0	0	0	0	0	0	0	0	0	0	0	0	0	0	0	0	0	0	0	0	0	0	0	0	0	0	0	0	0	
Blysmus_rufus	0	0	0	0	0	0	0	0	0	0	0	0	0	0	0	0	0	0	0	1	0	0	0	0	0	0	0	0	0	0	0	0	0	0	0	0	0	0	0	0	0	0	0	0	0	0	0	0	0	0	0	0	0	0	0	0	0	0	0	0	0	0	0	0	0	0	0	0	0	0	0	
N17	0.00211101	0.00628999	0.0181881	0.0437742	0.0819881	0.124268	0.156847	0.174715	0.160964	0.120418	0.0674471	0.0295144	0.00968641	0.00280711	0.000719031	0.000200083	4.7951e-05	1.20454e-05	2.20817e-06	4.63071e-07	6.28367e-08	1.15263e-08	1.17572e-09	1.88661e-10	1.39457e-11	1.74047e-12	9.14735e-14	8.55013e-15	3.09838e-16	2.00693e-17	5.17221e-19	2.50571e-20	4.51088e-22	1.51348e-23	2.02275e-25	5.46703e-27	5.2165e-29	9.82564e-31	7.37674e-33	1.25801e-34	6.80135e-37	7.8744e-39	3.60336e-41	4.43429e-43	1.47523e-45	1.18398e-47	3.79433e-50	4.0215e-52	1.00717e-54	6.99987e-57	2.02764e-59	2.22808e-61	5.21399e-64	3.43035e-66	8.81027e-69	8.38326e-71	1.51405e-73	7.42492e-76	1.37259e-78	9.49844e-81	1.23733e-83	4.50537e-86	6.22913e-89	3.28842e-91	3.15573e-94	8.37758e-97	8.37131e-100	3.29282e-102	3.05657e-105	1.18053e-107	6.77657e-110	
N18	0.000200325	0.000681058	0.00236189	0.00711728	0.017636	0.0357645	0.0589566	0.0882729	0.123809	0.160232	0.16932	0.147022	0.0965794	0.0541061	0.0228239	0.00963859	0.00315586	0.00137576	0.000495476	0.000275181	0.000103316	5.17029e-05	1.48009e-05	5.50559e-06	1.08989e-06	2.87159e-07	3.97223e-08	7.87693e-09	7.6617e-10	1.11679e-10	8.20103e-12	1.01689e-12	5.6369e-14	5.24245e-15	2.42141e-16	2.09767e-17	7.48498e-19	4.65885e-20	1.43581e-21	8.60959e-23	2.03317e-24	8.54282e-26	1.76782e-27	7.39007e-29	1.18687e-30	3.51839e-32	5.09115e-34	1.56954e-35	1.78242e-37	3.87741e-39	4.03141e-41	9.47127e-43	7.85761e-45	1.32627e-46	1.05495e-48	2.04444e-50	1.29884e-52	1.73725e-54	1.06479e-56	1.68438e-58	8.40053e-61	9.58221e-63	5.06619e-65	7.34463e-67	3.09097e-69	2.90886e-71	1.27164e-73	1.58671e-75	9.60562e-78	1.76742e-79	4.78659e-81	
N19	3.04576e-08	3.13697e-07	3.05773e-06	2.05768e-05	0.000131011	0.000731742	0.0024499	0.0024917	0.00279235	0.00712103	0.0172824	0.0450736	0.125661	0.2606	0.270354	0.139623	0.0405534	0.0090774	0.00208181	0.00254618	0.00498191	0.0102451	0.0131001	0.0167313	0.0122464	0.00890413	0.00351195	0.00136112	0.000267015	5.08215e-05	4.7715e-06	4.63445e-07	2.25441e-08	1.24333e-09	3.63597e-11	1.34391e-12	2.58983e-14	6.65282e-16	9.44204e-18	1.94842e-19	2.06895e-21	3.19127e-23	2.76027e-25	3.70736e-27	2.50574e-29	2.55214e-31	1.46658e-33	1.35522e-35	6.19903e-38	4.38263e-40	1.74778e-42	1.15795e-44	3.74557e-47	1.93018e-49	5.58455e-52	2.78938e-54	6.64054e-57	2.59437e-59	5.62285e-62	2.18899e-64	3.95919e-67	1.22108e-69	2.06584e-72	6.5802e-75	9.36728e-78	2.34914e-80	3.27458e-83	9.39493e-86	1.78958e-88	7.7283e-91	4.3408e-93	
Scirpus_pendulus	0	0	0	0	0	0	0	0	0	0	0	0	0	0	0	0	0	0	0	1	0	0	0	0	0	0	0	0	0	0	0	0	0	0	0	0	0	0	0	0	0	0	0	0	0	0	0	0	0	0	0	0	0	0	0	0	0	0	0	0	0	0	0	0	0	0	0	0	0	0	0	
N20	3.87321e-17	5.18637e-15	4.63368e-13	1.86357e-11	1.31513e-10	8.2814e-09	2.18928e-07	1.8708e-07	1.83195e-08	8.56429e-09	3.54866e-07	1.34859e-05	0.000325645	0.0037129	0.00960744	0.000760456	1.54199e-05	2.21107e-07	8.20008e-09	6.66385e-10	8.16306e-10	3.70711e-08	1.2099e-06	2.90911e-05	0.000432019	0.00521283	0.0321657	0.183465	0.318511	0.367278	0.0704489	0.00780888	0.000205554	5.25291e-06	4.55468e-08	4.77634e-10	1.94396e-12	1.0633e-14	2.43703e-17	8.09931e-20	1.15823e-22	2.51855e-25	2.42136e-28	3.74998e-31	2.53199e-34	2.85263e-37	1.42179e-40	1.28053e-43	4.78131e-47	3.3548e-50	1.02627e-53	7.06153e-57	1.73438e-60	9.63413e-64	2.36662e-67	1.63311e-70	3.16491e-74	1.48208e-77	3.03091e-81	1.74142e-84	2.59515e-88	9.20609e-92	1.42623e-95	6.18937e-99	6.98745e-103	1.8591e-106	2.18932e-110	7.48513e-114	9.53125e-118	3.78975e-121	1.82609e-124	
N21	3.73338e-25	5.00091e-22	3.65211e-19	4.10887e-17	5.53643e-16	2.48067e-13	4.33532e-11	4.01677e-11	4.04531e-13	1.22656e-13	2.02842e-11	5.8381e-09	9.04357e-07	4.9076e-05	0.000228797	1.57769e-05	6.33654e-08	1.04187e-10	2.39652e-13	1.90991e-15	3.1641e-15	3.3556e-13	1.05884e-10	2.11055e-08	2.29671e-06	0.000151995	0.00453802	0.0746475	0.334114	0.466863	0.11223	0.00706934	8.87968e-05	5.2089e-07	9.41579e-10	2.38059e-12	1.30686e-15	9.43502e-18	4.19397e-21	4.16123e-23	1.10194e-26	6.60717e-29	1.04009e-32	3.86092e-35	3.74074e-39	8.79558e-42	5.76145e-46	9.23795e-49	4.07675e-53	4.32508e-56	1.45779e-60	1.19644e-63	2.85842e-68	1.54745e-71	3.12786e-76	1.54118e-79	2.19699e-84	6.27747e-88	7.54594e-93	2.04829e-96	1.82062e-101	2.71124e-105	1.99515e-110	2.9077e-114	1.67807e-119	2.31031e-87	2.1285e-88	2.62876e-88	4.10674e-90	2.29302e-90	1.30157e-89	
N22	4.05087e-27	2.62674e-24	9.55688e-22	2.25062e-19	1.67299e-18	2.94925e-16	2.22069e-14	1.12414e-13	7.83218e-15	3.14402e-15	2.38513e-13	7.10633e-11	1.11586e-08	6.83048e-07	8.21067e-06	5.76117e-06	1.05324e-07	4.95576e-10	1.07422e-12	1.39574e-15	1.17685e-17	9.0583e-17	5.25653e-14	2.73514e-11	8.72054e-09	1.57523e-06	0.000145809	0.0061065	0.0871404	0.385736	0.42514	0.0919721	0.00369727	4.48641e-05	2.20049e-07	5.46026e-10	7.32056e-13	8.85299e-16	5.22182e-19	1.39108e-21	8.76216e-25	2.16886e-26	6.13594e-29	1.7581e-30	3.64576e-33	6.50606e-35	9.70159e-38	1.11807e-39	1.183e-42	9.08709e-45	6.7765e-48	3.53102e-50	1.75299e-53	6.28346e-56	2.12564e-59	5.17775e-62	1.03159e-65	1.46514e-68	1.93164e-72	1.5929e-75	1.43995e-79	6.40964e-83	4.01089e-87	1.25089e-90	5.54747e-95	1.36844e-98	4.37704e-103	9.39301e-107	7.15887e-111	1.40817e-113	3.00357e-116	
N23	3.55099e-30	2.27068e-27	8.13149e-25	1.76278e-22	1.32842e-21	2.51899e-19	2.31409e-17	3.75059e-16	8.41707e-17	2.9828e-17	2.139e-15	8.26633e-13	1.72347e-10	1.48814e-08	3.23071e-07	4.32965e-07	9.99508e-09	5.42581e-11	1.25529e-13	1.51281e-16	1.48383e-19	1.55745e-19	1.25866e-16	1.29479e-13	8.43611e-11	3.21198e-08	6.45851e-06	0.000596661	0.0208399	0.222941	0.549213	0.196857	0.00942644	0.000118408	5.60937e-07	1.24342e-09	1.48055e-12	1.0589e-15	4.78421e-19	1.83383e-22	4.34266e-26	4.96422e-29	2.95842e-32	8.29252e-34	1.4088e-36	3.28233e-38	4.30874e-41	6.58e-43	6.51628e-46	6.63236e-48	4.91334e-51	3.39566e-53	1.80578e-56	8.604e-59	3.0697e-62	1.01082e-64	2.19798e-68	4.84969e-71	6.5313e-75	9.0568e-78	8.04414e-82	6.42148e-85	4.08243e-89	1.90369e-92	8.92974e-97	2.65775e-100	9.16329e-105	2.0262e-108	5.65372e-113	2.50397e-116	3.8428e-119	
Scirpus_expansus	0	0	0	0	0	0	0	0	0	0	0	0	0	0	0	0	0	0	0	0	0	0	0	0	0	0	0	0	0	0	0	1	0	0	0	0	0	0	0	0	0	0	0	0	0	0	0	0	0	0	0	0	0	0	0	0	0	0	0	0	0	0	0	0	0	0	0	0	0	0	0	
N24	1.69291e-34	1.53763e-31	7.46149e-29	2.29108e-26	1.34821e-25	4.97744e-23	1.49746e-20	1.26399e-18	2.80552e-19	7.10462e-20	4.32679e-18	2.57169e-15	8.80185e-13	1.34988e-10	6.06411e-09	1.13173e-08	1.81068e-10	7.34146e-13	1.2874e-15	1.17878e-18	8.4956e-22	3.06498e-22	1.61647e-19	3.15967e-16	4.09926e-13	3.26134e-10	1.46043e-07	3.27153e-05	0.00309131	0.0950339	0.616903	0.275826	0.00903962	7.32196e-05	2.23676e-07	3.23288e-10	2.54806e-13	1.20733e-16	3.68943e-20	7.70353e-24	1.1395e-27	1.35425e-31	1.28863e-35	3.09528e-38	3.0126e-41	4.3664e-43	3.4914e-46	3.43136e-48	2.15994e-51	1.43754e-53	7.25506e-57	3.28437e-59	1.32302e-62	4.08219e-65	1.26141e-68	2.66351e-71	5.80939e-75	8.42656e-78	1.17834e-81	1.1474e-84	9.89234e-89	5.93967e-92	3.35545e-96	1.12934e-99	4.46936e-104	8.54289e-108	2.39493e-112	3.25905e-116	6.78903e-121	1.09094e-124	4.57728e-128	
Scirpus_sylvaticus	0	0	0	0	0	0	0	0	0	0	0	0	0	0	0	0	0	0	0	0	0	0	0	0	0	0	0	0	0	0	1	0	0	0	0	0	0	0	0	0	0	0	0	0	0	0	0	0	0	0	0	0	0	0	0	0	0	0	0	0	0	0	0	0	0	0	0	0	0	0	0	
Scirpus_microcarpus	0	0	0	0	0	0	0	0	0	0	0	0	0	0	0	0	0	0	0	0	0	0	0	0	0	0	0	0	0	0	0	1	0	0	0	0	0	0	0	0	0	0	0	0	0	0	0	0	0	0	0	0	0	0	0	0	0	0	0	0	0	0	0	0	0	0	0	0	0	0	0	
Scirpus_maximowiczii	0	0	0	0	0	0	0	0	0	0	0	0	0	0	0	0	0	0	0	0	0	0	0	0	0	0	0	0	0	0	0	1	0	0	0	0	0	0	0	0	0	0	0	0	0	0	0	0	0	0	0	0	0	0	0	0	0	0	0	0	0	0	0	0	0	0	0	0	0	0	0	
N25	3.83127e-28	4.87233e-25	3.32999e-22	3.80523e-20	3.63234e-18	1.59629e-15	2.20402e-13	1.90705e-13	2.10971e-15	2.8543e-15	1.15724e-12	4.92029e-10	9.55901e-08	5.12646e-06	1.78395e-05	1.57977e-06	1.00216e-08	1.79142e-11	1.66695e-14	1.64532e-16	3.31408e-17	6.21148e-15	4.16423e-12	1.79966e-09	4.2292e-07	5.14493e-05	0.00277659	0.0613672	0.350121	0.470794	0.108915	0.00587084	7.8801e-05	3.63512e-07	7.00362e-10	7.01114e-13	3.75874e-16	2.37178e-19	5.88117e-23	1.39801e-25	2.51184e-29	1.06169e-31	5.70977e-35	1.55642e-36	1.41787e-39	3.02647e-41	1.90599e-44	2.84038e-46	1.14488e-49	1.22844e-51	3.39516e-55	2.68545e-57	4.72262e-61	2.76349e-63	3.55332e-67	1.58113e-69	1.20039e-73	3.58321e-76	1.95629e-80	4.20391e-83	1.45184e-87	1.63145e-90	4.14313e-95	2.61897e-98	5.01581e-103	1.5287e-106	2.20658e-111	4.6815e-115	5.4309e-120	1.91584e-123	3.98441e-126	
N26	6.12901e-28	2.07689e-25	4.76995e-23	4.58178e-21	1.19478e-19	1.11917e-17	5.21841e-16	4.68447e-15	3.48484e-15	1.07562e-14	5.29678e-13	7.67218e-11	6.149e-09	1.96272e-07	1.32851e-06	6.64079e-07	3.69781e-08	4.05714e-10	1.97541e-12	6.32771e-15	5.00524e-16	3.66389e-15	2.56053e-13	9.2785e-11	2.30219e-08	3.36129e-06	0.000259717	0.00913849	0.117858	0.436358	0.348966	0.0812496	0.00603543	0.000127478	1.09082e-06	4.66871e-09	1.1361e-11	1.74479e-14	1.76269e-17	1.5369e-20	9.23677e-24	6.35327e-26	2.36479e-28	1.06525e-29	3.63984e-32	1.08305e-33	2.85115e-36	5.58423e-38	1.15465e-40	1.50235e-42	2.45127e-45	2.1265e-47	2.65289e-50	1.53495e-52	1.36308e-55	5.19424e-58	2.89371e-61	6.91626e-64	2.42511e-67	3.36036e-70	7.86842e-74	6.22568e-77	1.0014e-80	5.57302e-84	6.3049e-88	2.84094e-91	2.33416e-95	9.27035e-99	1.12886e-102	2.40909e-105	7.15746e-108	
Scirpus_polystachyus	0	0	0	0	0	0	0	0	0	0	0	0	0	0	0	0	0	0	0	0	0	0	0	0	0	0	0	0	0	1	0	0	0	0	0	0	0	0	0	0	0	0	0	0	0	0	0	0	0	0	0	0	0	0	0	0	0	0	0	0	0	0	0	0	0	0	0	0	0	0	0	
Scirpus_cyperinus	0	0	0	0	0	0	0	0	0	0	0	0	0	0	0	0	0	0	0	0	0	0	0	0	0	0	0	0	0	0	0	0	1	0	0	0	0	0	0	0	0	0	0	0	0	0	0	0	0	0	0	0	0	0	0	0	0	0	0	0	0	0	0	0	0	0	0	0	0	0	0	
N27	5.6323e-30	3.84625e-27	1.8113e-24	1.55191e-22	2.78108e-20	4.5294e-18	2.18236e-16	5.34359e-17	1.30758e-17	1.24007e-15	4.57417e-13	9.90611e-11	1.01047e-08	2.92031e-07	4.88862e-07	2.21193e-08	2.20824e-10	8.96433e-13	2.16213e-15	6.94801e-17	3.91482e-16	2.54192e-14	1.30287e-11	4.71719e-09	9.94068e-07	0.000110522	0.00559981	0.104065	0.49947	0.349646	0.0399204	0.00117413	1.23173e-05	5.7628e-08	1.39957e-10	1.9654e-13	1.72376e-16	1.01093e-19	4.09849e-23	1.35317e-26	3.108e-30	1.78557e-33	4.90857e-37	5.82843e-39	8.96683e-42	1.78111e-43	2.39113e-46	3.27986e-48	3.53849e-51	3.33825e-53	2.92236e-56	1.90113e-58	1.32409e-61	5.9481e-64	3.13661e-67	9.71135e-70	3.49762e-73	7.44457e-76	1.75884e-79	2.47448e-82	3.59019e-86	2.81922e-89	2.8095e-93	1.2724e-96	9.03269e-101	2.72272e-104	1.37589e-108	3.2786e-112	1.34337e-116	6.26307e-120	8.35563e-123	
N28	3.03711e-34	3.05745e-31	2.01609e-28	1.78757e-26	3.48064e-24	1.77004e-21	5.6778e-19	7.84906e-19	1.43506e-19	4.34092e-18	2.26934e-15	7.16037e-13	1.05282e-10	4.80177e-09	1.02944e-08	2.21796e-10	1.22316e-12	2.91941e-15	3.68698e-18	1.40637e-20	1.06432e-19	1.43291e-16	1.71945e-13	1.31069e-10	5.87585e-08	1.39798e-05	0.00151975	0.0595901	0.548322	0.371213	0.0191014	0.000238304	1.0979e-06	2.35085e-09	2.70562e-12	1.84981e-15	8.07922e-19	2.38366e-22	4.95615e-26	7.6057e-30	8.89162e-34	4.52097e-37	4.13197e-40	5.10737e-42	4.39229e-45	3.70588e-47	2.51465e-50	1.44061e-52	7.84682e-56	3.06744e-58	1.33944e-61	3.57648e-64	1.21224e-67	2.20937e-70	5.40866e-74	6.68607e-77	1.06697e-80	8.62107e-84	8.42328e-88	3.96034e-91	2.58827e-95	6.95512e-99	3.20877e-103	5.7285e-107	1.89369e-111	2.59948e-115	6.27535e-120	7.29341e-124	1.9051e-128	8.71012e-132	7.29081e-135	
Eriophorum_virginicum	0	0	0	0	0	0	0	0	0	0	0	0	0	0	0	0	0	0	0	0	0	0	0	0	0	0	0	0	1	0	0	0	0	0	0	0	0	0	0	0	0	0	0	0	0	0	0	0	0	0	0	0	0	0	0	0	0	0	0	0	0	0	0	0	0	0	0	0	0	0	0	
Eriophorum_gracile	0	0	0	0	0	0	0	0	0	0	0	0	0	0	0	0	0	0	0	0	0	0	0	0	0	0	0	0	0	1	0	0	0	0	0	0	0	0	0	0	0	0	0	0	0	0	0	0	0	0	0	0	0	0	0	0	0	0	0	0	0	0	0	0	0	0	0	0	0	0	0	
Eriophorum_angustifolium_subsp_angustifolium	0	0	0	0	0	0	0	0	0	0	0	0	0	0	0	0	0	0	0	0	0	0	0	0	0	0	0	0	1	0	0	0	0	0	0	0	0	0	0	0	0	0	0	0	0	0	0	0	0	0	0	0	0	0	0	0	0	0	0	0	0	0	0	0	0	0	0	0	0	0	0	
Scirpus_radicans	0	0	0	0	0	0	0	0	0	0	0	0	0	0	0	0	0	0	0	0	0	0	0	0	0	0	0	1	0	0	0	0	0	0	0	0	0	0	0	0	0	0	0	0	0	0	0	0	0	0	0	0	0	0	0	0	0	0	0	0	0	0	0	0	0	0	0	0	0	0	0	
Scirpus_divaricatus	0	0	0	0	0	0	0	0	0	0	0	0	0	1	0	0	0	0	0	0	0	0	0	0	0	0	0	0	0	0	0	0	0	0	0	0	0	0	0	0	0	0	0	0	0	0	0	0	0	0	0	0	0	0	0	0	0	0	0	0	0	0	0	0	0	0	0	0	0	0	0	
N29	0.00210374	0.00616762	0.0176946	0.0424217	0.0799305	0.121075	0.154048	0.173992	0.163856	0.123909	0.0701422	0.0304889	0.0100337	0.00296239	0.000814371	0.00026034	6.73249e-05	2.46217e-05	4.26816e-06	2.71273e-06	2.8056e-07	3.01978e-07	2.13613e-08	2.31429e-08	1.20719e-09	1.00586e-09	4.05226e-11	2.61772e-11	8.03502e-13	3.73815e-13	9.18055e-15	3.53424e-15	6.62831e-17	1.77407e-17	2.87559e-19	8.26648e-20	9.53185e-22	1.53393e-22	1.99166e-24	7.17993e-25	4.96048e-27	4.78971e-28	6.65782e-30	3.43726e-30	1.7589e-32	1.32046e-33	2.34912e-35	1.70593e-35	1.02319e-37	8.41295e-39	1.61104e-40	1.17474e-40	6.15595e-43	4.07071e-44	6.03584e-46	3.45988e-46	1.40101e-48	6.91064e-50	7.24626e-52	3.18444e-52	1.00747e-54	3.92045e-56	3.24919e-58	1.15089e-58	2.87961e-61	8.61014e-63	5.04539e-65	1.39592e-65	2.92662e-68	1.17374e-69	2.66566e-70	
N30	9.63261e-07	3.93408e-05	0.000975818	0.0121795	0.166925	0.690645	0.122896	0.00619783	0.000138222	1.70368e-06	1.29235e-08	6.60459e-11	2.37143e-13	6.31935e-16	1.27164e-18	2.01819e-21	2.5342e-24	2.63017e-27	2.23584e-30	1.64104e-33	1.01399e-36	5.65563e-40	2.70761e-43	1.21909e-46	4.73335e-50	1.7786e-53	5.71169e-57	1.80601e-60	4.80902e-64	1.2783e-67	2.82992e-71	6.35849e-75	1.17826e-78	2.25845e-82	3.54722e-86	5.8905e-90	7.94027e-94	1.15552e-97	1.35787e-101	1.76009e-105	1.82371e-109	2.11818e-113	1.96429e-117	2.07352e-121	1.73119e-125	1.65599e-129	1.25837e-133	1.104e-137	7.61283e-142	6.05597e-146	3.8168e-150	2.79121e-154	1.59438e-158	1.05565e-162	5.51146e-167	3.36785e-171	1.59163e-175	8.81791e-180	3.818e-184	1.9665e-188	7.72343e-193	3.62177e-197	1.31291e-201	5.8031e-206	1.94902e-210	8.18902e-215	2.91648e-219	1.45282e-223	7.62563e-228	5.26158e-232	3.84489e-236	
Carex_pachygyna	0	0	0	0	0	1	0	0	0	0	0	0	0	0	0	0	0	0	0	0	0	0	0	0	0	0	0	0	0	0	0	0	0	0	0	0	0	0	0	0	0	0	0	0	0	0	0	0	0	0	0	0	0	0	0	0	0	0	0	0	0	0	0	0	0	0	0	0	0	0	0	
Carex_siderosticta	0	0	0	0	0	1	0	0	0	0	0	0	0	0	0	0	0	0	0	0	0	0	0	0	0	0	0	0	0	0	0	0	0	0	0	0	0	0	0	0	0	0	0	0	0	0	0	0	0	0	0	0	0	0	0	0	0	0	0	0	0	0	0	0	0	0	0	0	0	0	0	
N31	1.28307e-08	9.29948e-08	6.51034e-07	3.59003e-06	1.74449e-05	5.62216e-05	8.9045e-05	0.000166466	0.000571811	0.00230792	0.00736239	0.0156855	0.0161119	0.00708818	0.00160764	0.000328728	0.000134824	0.00014099	0.000345677	0.00160211	0.00636701	0.0248689	0.0669143	0.162554	0.226737	0.245246	0.133895	0.0602776	0.0152364	0.00367099	0.00052633	7.73184e-05	6.75791e-06	6.45854e-07	4.83654e-08	1.7915e-08	1.28375e-08	1.24427e-08	7.69412e-09	5.80394e-09	2.65595e-09	1.46647e-09	5.06897e-10	2.15326e-10	5.37966e-11	1.61675e-11	2.9482e-12	6.57077e-13	8.15919e-14	1.20021e-14	1.01651e-15	1.0432e-16	5.65096e-18	3.67359e-19	1.35748e-20	6.4318e-22	1.61588e-23	5.2331e-25	9.89462e-27	2.58746e-28	3.63604e-30	7.03665e-32	8.10857e-34	1.37453e-35	1.25425e-37	1.66089e-39	1.42013e-41	2.00975e-43	2.42855e-45	4.73435e-47	1.2786e-48	
Trichophorum_cespitosum	0	0	0	0	0	0	0	0	0	0	0	0	0	0	0	0	0	0	0	0	0	0	0	0	0	0	0	0	0	0	0	0	0	0	0	0	0	0	0	0	0	0	0	0	0	0	0	0	0	0	0	1	0	0	0	0	0	0	0	0	0	0	0	0	0	0	0	0	0	0	0	
Trichophorum_alpinum	0	0	0	0	0	0	0	0	0	0	0	0	0	0	0	0	0	0	0	0	0	0	0	0	0	0	0	0	1	0	0	0	0	0	0	0	0	0	0	0	0	0	0	0	0	0	0	0	0	0	0	0	0	0	0	0	0	0	0	0	0	0	0	0	0	0	0	0	0	0	0	
N32	0.0998396	0.142247	0.169274	0.17566	0.153258	0.116297	0.073826	0.0406013	0.0184521	0.00729556	0.00236229	0.00068374	0.000160871	3.58597e-05	6.42098e-06	1.1871e-06	1.69171e-07	2.67937e-08	3.08013e-09	4.13855e-10	3.77355e-11	4.1506e-12	3.00612e-13	2.7476e-14	1.58117e-15	1.18595e-16	5.58958e-18	3.64174e-19	1.41145e-20	7.7262e-22	2.57689e-23	1.29172e-24	3.64013e-26	1.52835e-27	3.827e-29	1.51418e-30	3.21363e-32	1.04812e-33	2.00923e-35	6.31488e-37	1.02087e-38	2.60049e-40	3.82796e-42	9.57756e-44	1.19158e-45	2.42101e-47	2.80172e-49	5.77256e-51	5.65897e-53	9.33047e-55	8.58596e-57	1.46179e-58	1.14814e-60	1.58229e-62	1.206e-64	1.78404e-66	1.16082e-68	1.34834e-70	8.51531e-73	1.06598e-74	5.79922e-77	5.8569e-79	3.23052e-81	3.65844e-83	1.72382e-85	1.50211e-87	7.31997e-90	7.67351e-92	5.34706e-94	8.42337e-96	1.93925e-97	
N33	0.000205322	0.000939725	0.00399025	0.0133763	0.0340225	0.0745595	0.139607	0.210084	0.22504	0.171141	0.0869643	0.0310807	0.007477	0.00132886	0.00016546	1.64123e-05	1.18453e-06	7.3595e-08	3.40885e-09	1.45674e-10	4.65276e-12	1.44448e-13	3.3403e-15	7.83695e-17	1.35165e-18	2.44505e-20	3.24469e-22	4.68036e-24	4.88299e-26	5.69226e-28	4.81478e-30	4.70688e-32	3.27438e-34	2.68351e-36	1.58038e-38	1.12862e-40	5.64429e-43	3.45136e-45	1.5059e-47	8.23458e-50	3.10478e-52	1.46636e-54	4.9096e-57	2.11016e-59	6.16383e-62	2.30339e-64	6.05894e-67	2.09689e-69	4.84528e-72	1.46336e-74	3.07939e-77	8.73919e-80	1.62761e-82	4.05719e-85	6.97786e-88	1.66316e-90	2.54776e-93	5.33684e-96	7.62753e-99	1.54501e-101	1.98128e-104	3.54804e-107	4.30957e-110	7.59412e-113	8.39038e-116	1.332e-118	1.55003e-121	2.8991e-124	5.15099e-127	1.39945e-129	4.54519e-132	
Rhynchospora_albiceps	0	0	0	0	0	0	0	0	0	1	0	0	0	0	0	0	0	0	0	0	0	0	0	0	0	0	0	0	0	0	0	0	0	0	0	0	0	0	0	0	0	0	0	0	0	0	0	0	0	0	0	0	0	0	0	0	0	0	0	0	0	0	0	0	0	0	0	0	0	0	0	
N34	2.02862e-06	1.78174e-05	0.000145438	0.000892916	0.00368742	0.0110073	0.0322198	0.102942	0.236121	0.31261	0.211248	0.0743662	0.0132416	0.0014065	8.64568e-05	4.30026e-06	1.33823e-07	4.80297e-09	9.78612e-11	2.7035e-12	3.6639e-14	7.0214e-16	6.39741e-18	8.6453e-20	5.44632e-22	5.31327e-24	2.43467e-26	1.86993e-28	6.35499e-31	3.80132e-33	1.0385e-35	5.85009e-38	1.27788e-40	5.76845e-43	1.17182e-45	6.05606e-48	1.00401e-50	3.69004e-53	6.01829e-56	2.62365e-58	3.31897e-61	9.34556e-64	1.1539e-66	3.90255e-69	3.73034e-72	8.09416e-75	7.61046e-78	2.0401e-80	1.49585e-83	2.54829e-86	1.84078e-89	3.97828e-92	2.27457e-95	3.16285e-98	1.83504e-101	3.39857e-104	1.5486e-107	1.76768e-110	8.13159e-114	1.27594e-116	4.68554e-120	4.73811e-123	1.95179e-126	2.9823e-129	9.33915e-133	7.93334e-136	2.65312e-139	3.54574e-142	1.55244e-145	2.99362e-148	7.47138e-151	
Rhynchospora_rubra	0	0	0	0	0	0	0	0	0	1	0	0	0	0	0	0	0	0	0	0	0	0	0	0	0	0	0	0	0	0	0	0	0	0	0	0	0	0	0	0	0	0	0	0	0	0	0	0	0	0	0	0	0	0	0	0	0	0	0	0	0	0	0	0	0	0	0	0	0	0	0	
Rhynchospora_globosa	0	0	0	0	0	0	0	0	0	0	0	1	0	0	0	0	0	0	0	0	0	0	0	0	0	0	0	0	0	0	0	0	0	0	0	0	0	0	0	0	0	0	0	0	0	0	0	0	0	0	0	0	0	0	0	0	0	0	0	0	0	0	0	0	0	0	0	0	0	0	0	
N35	0.0544481	0.0927447	0.135162	0.167852	0.170706	0.147803	0.10638	0.0666266	0.0347118	0.0155899	0.00565092	0.00176802	0.000438468	9.78375e-05	1.71299e-05	2.92931e-06	3.82501e-07	5.36234e-08	5.45667e-09	6.40967e-10	5.08593e-11	4.83504e-12	2.98892e-13	2.30252e-14	1.1057e-15	6.80937e-17	2.60646e-18	1.34947e-19	4.14245e-21	1.76896e-22	4.55182e-24	1.74648e-25	3.74401e-27	1.20609e-28	2.28029e-30	6.96248e-32	1.11941e-33	2.83956e-35	4.15499e-37	1.02827e-38	1.27656e-40	2.56109e-42	2.92417e-44	5.82009e-46	5.64211e-48	9.09061e-50	8.26572e-52	1.36111e-53	1.05617e-55	1.39957e-57	1.03384e-59	1.43868e-61	9.22871e-64	1.05606e-65	6.70228e-68	8.44177e-70	4.69493e-72	4.77973e-74	2.6469e-76	3.00513e-78	1.46568e-80	1.36468e-82	6.84962e-85	7.34647e-87	3.18194e-89	2.63544e-91	1.18689e-93	1.20768e-95	7.8394e-98	1.21813e-99	2.7705e-101	
N36	7.85729e-09	1.65631e-07	2.60077e-06	2.36261e-05	0.000192757	0.00106503	0.00195044	0.00274946	0.0032709	0.0107713	0.0524646	0.179009	0.321779	0.296406	0.111798	0.0174233	0.00105057	4.33886e-05	1.08839e-06	2.89293e-08	2.18806e-09	7.07988e-10	1.74333e-10	4.45983e-11	7.1038e-12	1.17877e-12	1.17885e-13	1.23095e-14	7.10894e-16	4.08757e-17	1.20768e-18	3.42221e-20	4.77564e-22	6.95514e-24	5.59517e-26	5.23002e-28	2.70308e-30	1.68528e-32	6.28832e-35	3.02076e-37	8.2659e-40	2.92549e-42	6.35339e-45	1.88763e-47	3.20014e-50	7.38382e-53	1.05267e-55	2.16295e-58	2.49564e-61	4.07702e-64	4.0974e-67	6.17896e-70	5.15971e-73	6.33346e-76	4.77194e-79	5.61363e-82	3.57251e-85	3.42373e-88	2.0007e-91	1.86656e-94	9.36041e-98	7.24831e-101	3.43366e-104	2.66456e-107	1.09401e-110	7.04954e-114	2.94141e-117	2.16994e-120	1.32728e-123	1.42515e-126	1.7784e-129	
Rhynchospora_chinensis	0	0	0	0	0	0	0	0	0	0	0	0	0	0	0	0	0	0	0	0	0	0	0	0	0	0	0	0	0	0	1	0	0	0	0	0	0	0	0	0	0	0	0	0	0	0	0	0	0	0	0	0	0	0	0	0	0	0	0	0	0	0	0	0	0	0	0	0	0	0	0	
N37	1.7007e-12	1.01662e-10	4.76991e-09	1.07153e-07	3.0339e-06	3.21941e-05	2.81662e-05	2.14751e-05	0.000205049	0.00282408	0.0344876	0.229973	0.5081	0.200409	0.0229025	0.000994049	1.92824e-05	1.93917e-07	1.11818e-09	4.36142e-12	1.42019e-14	1.08513e-16	1.06148e-18	1.18921e-20	9.19639e-23	6.02487e-25	2.83776e-27	1.06319e-29	2.86102e-32	5.94844e-35	8.84761e-38	1.00496e-40	8.3117e-44	5.39019e-47	2.62118e-50	1.08663e-53	3.38394e-57	1.07659e-60	2.351e-64	8.42769e-68	1.53974e-71	9.86826e-75	2.88317e-78	4.54013e-81	1.70774e-84	2.51951e-87	1.02176e-90	1.38139e-93	4.55736e-97	4.92035e-100	1.48095e-103	1.38185e-106	3.42163e-110	2.58194e-113	5.64012e-117	3.64135e-120	6.50934e-124	3.33105e-127	5.11025e-131	2.22776e-134	2.80218e-138	9.53437e-142	1.00204e-145	2.90434e-149	2.52767e-153	5.85422e-157	4.21163e-161	8.57497e-165	5.53028e-169	1.35722e-172	5.36254e-176	
Rhynchospora_capillacea	0	0	0	0	0	0	0	0	0	0	0	0	1	0	0	0	0	0	0	0	0	0	0	0	0	0	0	0	0	0	0	0	0	0	0	0	0	0	0	0	0	0	0	0	0	0	0	0	0	0	0	0	0	0	0	0	0	0	0	0	0	0	0	0	0	0	0	0	0	0	0	
Rhynchospora_alba	0	0	0	0	0	0	0	0	0	0	0	0	1	0	0	0	0	0	0	0	0	0	0	0	0	0	0	0	0	0	0	0	0	0	0	0	0	0	0	0	0	0	0	0	0	0	0	0	0	0	0	0	0	0	0	0	0	0	0	0	0	0	0	0	0	0	0	0	0	0	0	
N38	0.0685018	0.120806	0.181577	0.218649	0.19514	0.128443	0.0601609	0.0205595	0.0050762	0.000941375	0.000130283	1.40652e-05	1.16802e-06	7.87509e-08	4.1884e-09	1.89726e-10	6.91238e-12	2.29113e-13	6.18446e-15	1.65746e-16	3.57968e-18	8.30492e-20	1.49357e-21	3.01671e-23	4.49242e-25	7.67051e-27	9.39875e-29	1.35022e-30	1.35973e-32	1.64088e-34	1.3782e-36	1.43375e-38	1.01217e-40	9.0938e-43	5.53407e-45	4.4826e-47	2.36664e-49	1.70356e-51	8.09303e-54	5.50842e-56	2.33676e-58	1.42392e-60	5.61741e-63	3.31633e-65	1.17467e-67	6.10467e-70	2.02935e-72	1.02735e-74	3.03682e-77	1.32909e-79	3.68495e-82	1.57896e-84	3.87616e-87	1.43046e-89	3.31202e-92	1.21226e-94	2.48406e-97	7.79633e-100	1.51408e-102	4.77204e-105	8.22727e-108	2.2303e-110	3.69074e-113	1.02527e-115	1.51094e-118	3.60413e-121	5.36854e-124	1.47348e-126	3.16235e-129	1.34473e-131	7.39571e-134	
Rhynchospora_nervosa	0	0	0	0	1	0	0	0	0	0	0	0	0	0	0	0	0	0	0	0	0	0	0	0	0	0	0	0	0	0	0	0	0	0	0	0	0	0	0	0	0	0	0	0	0	0	0	0	0	0	0	0	0	0	0	0	0	0	0	0	0	0	0	0	0	0	0	0	0	0	0	
Rhynchospora_robusta	0	0	0	0	1	0	0	0	0	0	0	0	0	0	0	0	0	0	0	0	0	0	0	0	0	0	0	0	0	0	0	0	0	0	0	0	0	0	0	0	0	0	0	0	0	0	0	0	0	0	0	0	0	0	0	0	0	0	0	0	0	0	0	0	0	0	0	0	0	0	0	
N39	0.119903	0.160122	0.174498	0.167099	0.137185	0.101678	0.0654047	0.0386304	0.0197336	0.00946519	0.00389224	0.00157562	0.000537445	0.000193979	5.70522e-05	1.91681e-05	4.90022e-06	1.50272e-06	3.30881e-07	9.15984e-08	1.70873e-08	4.14263e-09	6.64288e-10	1.46307e-10	2.01147e-11	3.88143e-12	4.73297e-13	8.56714e-14	9.11142e-15	1.43295e-15	1.38675e-16	2.09639e-17	1.76436e-18	2.26032e-19	1.743e-20	2.17952e-21	1.4501e-22	1.51909e-23	9.39386e-25	9.88088e-26	5.25315e-27	4.54521e-28	2.26588e-29	2.00406e-30	8.62091e-32	6.29433e-33	2.61311e-34	2.02035e-35	7.24147e-37	4.49629e-38	1.56071e-39	1.02958e-40	3.1048e-42	1.67422e-43	5.05836e-45	3.00098e-46	7.82151e-48	3.64259e-49	9.39064e-51	4.75147e-52	1.06688e-53	4.40215e-55	1.01499e-56	4.72742e-58	9.34279e-60	3.36893e-61	6.91225e-63	2.98406e-64	8.53699e-66	5.64912e-67	7.0375e-68	
Calyptrocarya_glomerulata	0	0	0	0	0	0	0	0	0	1	0	0	0	0	0	0	0	0	0	0	0	0	0	0	0	0	0	0	0	0	0	0	0	0	0	0	0	0	0	0	0	0	0	0	0	0	0	0	0	0	0	0	0	0	0	0	0	0	0	0	0	0	0	0	0	0	0	0	0	0	0	
Scleria_foliosa	0	0	0	0	0	0	0	0	0	1	0	0	0	0	0	0	0	0	0	0	0	0	0	0	0	0	0	0	0	0	0	0	0	0	0	0	0	0	0	0	0	0	0	0	0	0	0	0	0	0	0	0	0	0	0	0	0	0	0	0	0	0	0	0	0	0	0	0	0	0	0	
N40	4.97449e-14	3.27604e-12	1.23461e-10	4.26389e-09	2.61794e-08	3.80333e-08	9.86004e-07	2.39394e-05	0.000233983	0.000124364	3.68611e-06	2.21174e-07	3.54882e-07	1.12862e-05	0.000332837	0.00655193	0.073253	0.38514	0.456418	0.075408	0.00245236	4.43156e-05	5.0372e-07	4.27505e-09	2.56506e-11	1.27186e-13	8.91518e-16	2.90306e-16	1.52655e-16	7.30697e-17	2.67754e-17	8.888e-18	2.19644e-18	4.8327e-19	7.57427e-20	1.00871e-20	8.68498e-22	5.54434e-23	1.73847e-24	2.13589e-26	1.28095e-28	5.82698e-31	1.70854e-33	4.46037e-36	8.17108e-39	1.42893e-41	1.84185e-44	2.36929e-47	2.28559e-50	2.25836e-53	1.71241e-56	1.36236e-59	8.32557e-63	5.41188e-66	2.74676e-69	1.50896e-72	6.42877e-76	2.98867e-79	1.09353e-82	4.43083e-86	1.39796e-89	4.91416e-93	1.37033e-96	4.34199e-100	1.10251e-103	3.30532e-107	9.04675e-111	3.18631e-114	1.18179e-117	5.09982e-121	2.32048e-124	
Cladium_mariscus	0	0	0	0	0	0	0	0	0	0	0	0	0	0	0	0	0	1	0	0	0	0	0	0	0	0	0	0	0	0	0	0	0	0	0	0	0	0	0	0	0	0	0	0	0	0	0	0	0	0	0	0	0	0	0	0	0	0	0	0	0	0	0	0	0	0	0	0	0	0	0	
Cladium_mariscoides	0	0	0	0	0	0	0	0	0	0	0	0	0	0	0	0	0	0	0	0	0	0	0	0	0	0	0	0	0	0	0	0	0	0	0	0	0	0	1	0	0	0	0	0	0	0	0	0	0	0	0	0	0	0	0	0	0	0	0	0	0	0	0	0	0	0	0	0	0	0	0	
