NODE	1	2	3	4	5	6	7	8	9	10	11	12	13	14	15	16	17	18	19	20	21	22	23	24	25	26	27	28	29	30	31	32	33	34	35	36	37	38	39	40	41	42	43	44	45	46	47	48	49	50	51	52	53	54	55	56	57	58	59	60	61	62	63	64	65	66	67	68	69	70	
N1	0.614337	0.291772	0.0782827	0.0137133	0.00172323	0.00015967	1.12506e-005	6.04806e-007	2.50267e-008	7.97732e-010	1.96524e-011	3.74885e-013	1.32578e-017	1.42331e-018	1.34971e-019	1.132e-020	8.40784e-022	5.53769e-023	3.2386e-024	1.68403e-025	7.79639e-027	3.21805e-028	1.18598e-029	3.90861e-031	1.15384e-032	3.05656e-034	7.27984e-036	1.5621e-037	3.02648e-039	5.30628e-041	8.43867e-043	1.22015e-044	1.60785e-046	1.93551e-048	2.13347e-050	2.15835e-052	2.00858e-054	1.72325e-056	1.36594e-058	1.00242e-060	6.82455e-063	4.31872e-065	2.54511e-067	1.39932e-069	7.19022e-072	3.45869e-074	1.56e-076	6.60775e-079	2.63238e-081	9.8771e-084	3.49539e-086	1.16821e-088	3.69201e-091	1.10471e-093	3.13324e-096	8.43314e-099	2.15631e-101	5.24343e-104	1.21379e-106	2.67745e-109	5.63324e-112	1.13148e-114	2.17157e-117	3.98569e-120	7.00153e-123	1.17811e-125	1.90028e-128	2.94072e-131	4.37839e-134	7.19241e-137	
N2	0.33033	0.32611	0.206152	0.0916528	0.0324098	0.0103504	0.0023567	0.000517185	0.000102752	1.58307e-005	2.148e-006	3.27342e-007	3.13038e-008	3.40282e-009	3.13755e-010	2.38354e-011	1.5584e-012	1.34696e-013	5.89563e-015	3.38564e-016	1.64339e-017	6.794e-019	2.34452e-020	1.11129e-021	2.62089e-023	9.14045e-025	2.86817e-026	6.89798e-028	1.35131e-029	4.13436e-031	6.10602e-033	1.33648e-034	2.25e-036	3.38534e-038	4.34074e-040	9.52751e-042	7.8415e-044	1.05143e-045	1.23817e-047	1.42835e-049	1.2474e-051	1.72046e-053	1.07093e-055	1.18968e-057	1.11296e-059	8.34159e-062	5.32758e-064	6.3248e-066	2.95358e-068	2.2588e-070	1.38722e-072	8.42059e-075	3.98815e-077	3.7374e-079	1.15087e-081	6.44489e-084	2.76656e-086	1.19323e-088	4.12543e-091	2.59154e-093	5.98882e-096	2.53858e-098	9.58039e-101	2.87926e-103	6.58362e-106	3.10961e-108	6.72189e-111	3.13018e-113	1.9451e-115	2.18551e-117	
N3	0.29329	0.305834	0.215136	0.111945	0.048004	0.0186086	0.00535344	0.00142141	0.000334671	6.09431e-005	9.59699e-006	1.5325e-006	1.66233e-007	1.83409e-008	1.75985e-009	1.34405e-010	8.9828e-012	6.93325e-013	3.17189e-014	1.67381e-015	7.81082e-017	3.02463e-018	1.01128e-019	4.10271e-021	9.67844e-023	2.91425e-024	8.04555e-026	1.72952e-027	3.21688e-029	8.12907e-031	1.16647e-032	2.196e-034	3.49257e-036	4.84248e-038	5.98074e-040	1.08504e-041	9.3768e-044	1.14679e-045	1.27267e-047	1.29818e-049	1.08551e-051	1.26569e-053	7.75511e-056	7.17207e-058	5.9172e-060	3.94033e-062	2.32051e-064	2.16726e-066	9.91689e-069	6.59649e-071	3.76038e-073	2.01628e-075	9.23145e-078	7.10653e-080	2.31364e-082	1.18687e-084	5.17866e-087	2.16709e-089	7.71958e-092	4.36747e-094	1.1383e-096	4.77391e-099	1.84918e-101	5.81333e-104	1.53409e-106	7.16898e-109	1.89658e-111	9.91724e-114	7.05702e-116	8.08187e-118	
N4	0.0818614	0.152881	0.218711	0.218276	0.163293	0.101382	0.0427711	0.0152777	0.00444834	0.000919883	0.000151449	2.35886e-005	2.35517e-006	2.31988e-007	1.94125e-008	1.26729e-009	7.054e-011	4.42412e-012	1.58408e-013	6.40711e-015	2.24957e-016	6.53097e-018	1.64718e-019	5.14524e-021	9.42707e-023	2.24014e-024	4.87676e-026	8.18439e-028	1.16667e-029	2.22881e-031	2.34815e-033	3.19707e-035	3.59792e-037	3.48977e-039	2.9969e-041	3.83712e-043	2.36415e-045	2.149e-047	1.84745e-049	1.5274e-051	1.06681e-053	1.06719e-055	5.60819e-058	4.47278e-060	3.14271e-062	1.75633e-064	8.52173e-067	6.49599e-069	2.35789e-071	1.23027e-073	5.39112e-076	2.19122e-078	7.45654e-081	4.23961e-083	9.92261e-086	3.63794e-088	1.11478e-090	3.2444e-093	7.92142e-096	3.06089e-098	5.32963e-101	1.48953e-103	3.80138e-106	7.79539e-109	1.32394e-111	3.98251e-114	6.64604e-117	2.18702e-119	9.71722e-122	6.69797e-124	
Bulbostylis_barbata	0	0	0	0	1	0	0	0	0	0	0	0	0	0	0	0	0	0	0	0	0	0	0	0	0	0	0	0	0	0	0	0	0	0	0	0	0	0	0	0	0	0	0	0	0	0	0	0	0	0	0	0	0	0	0	0	0	0	0	0	0	0	0	0	0	0	0	0	0	0	
N5	0.00510332	0.0224193	0.0771999	0.160819	0.227283	0.23651	0.150867	0.0736534	0.0334944	0.00996441	0.00201173	0.000532119	0.000112617	2.58251e-005	3.65376e-006	3.72065e-007	3.12502e-008	6.40981e-009	7.97911e-010	1.44691e-010	1.59091e-011	1.11074e-012	4.35772e-014	2.22797e-015	4.88707e-017	5.16177e-018	9.67911e-019	1.40587e-019	1.31578e-020	2.17786e-021	1.09853e-022	8.62269e-024	3.49172e-025	1.11021e-026	2.3236e-028	9.82061e-030	8.51192e-032	1.4079e-033	1.70989e-035	2.12518e-037	1.48762e-039	1.92975e-041	7.45717e-044	6.95625e-046	4.38854e-048	2.1014e-050	7.62358e-053	7.26116e-055	1.61703e-057	7.62973e-060	2.51712e-062	9.48774e-065	2.22867e-067	1.56028e-069	2.04138e-072	7.05333e-075	1.42826e-077	3.42591e-080	5.84968e-083	2.62145e-085	2.51319e-088	6.24542e-091	1.30561e-093	2.17853e-096	2.1226e-099	6.65008e-102	5.94361e-105	1.46057e-107	4.09258e-110	2.96328e-112	
Bulbostylis_densa	0	0	0	0	0	0	0	0	0	0	0	0	0	0	0	0	0	0	0	0	0	0	0	0	0	0	0	0	0	0	0	1	0	0	0	0	0	0	0	0	0	0	0	0	0	0	0	0	0	0	0	0	0	0	0	0	0	0	0	0	0	0	0	0	0	0	0	0	0	0	
Bulbostylis_hispidula	0	0	0	0	1	0	0	0	0	0	0	0	0	0	0	0	0	0	0	0	0	0	0	0	0	0	0	0	0	0	0	0	0	0	0	0	0	0	0	0	0	0	0	0	0	0	0	0	0	0	0	0	0	0	0	0	0	0	0	0	0	0	0	0	0	0	0	0	0	0	
N6	0.150987	0.235158	0.264665	0.196522	0.101309	0.0395475	0.00961936	0.00187297	0.000286506	3.04262e-005	2.52763e-006	1.94488e-007	9.09842e-009	3.99636e-010	1.39783e-011	3.60826e-013	7.59756e-015	1.78093e-016	2.27828e-018	3.28854e-020	4.00054e-022	3.91033e-024	3.17034e-026	3.1107e-028	1.66724e-030	1.15198e-032	7.10815e-035	3.33362e-037	1.31287e-039	7.18119e-042	2.11005e-044	8.31712e-047	2.68257e-049	7.51789e-052	1.83872e-054	6.84369e-057	1.12654e-059	2.71161e-062	5.81397e-065	1.15416e-067	1.82031e-070	4.12249e-073	4.63137e-076	8.21123e-079	1.26862e-081	1.56835e-084	1.68485e-087	3.0131e-090	2.45839e-093	3.02876e-096	3.12548e-099	3.07525e-102	2.51311e-105	3.64926e-108	2.05902e-111	1.92292e-114	1.48013e-117	1.10962e-120	6.93423e-124	7.23121e-127	3.21191e-130	2.41248e-133	1.65076e-136	9.10732e-140	4.07835e-143	3.42524e-146	1.49451e-149	1.33413e-152	1.62285e-155	3.12992e-158	
Abildgaardia_ovata	0	0	0	0	0	0	0	0	0	1	0	0	0	0	0	0	0	0	0	0	0	0	0	0	0	0	0	0	0	0	0	0	0	0	0	0	0	0	0	0	0	0	0	0	0	0	0	0	0	0	0	0	0	0	0	0	0	0	0	0	0	0	0	0	0	0	0	0	0	0	
N7	0.14838	0.241269	0.279215	0.202392	0.093601	0.0292654	0.0051784	0.000639884	5.56922e-005	2.98791e-006	1.1375e-007	4.04799e-009	7.4158e-011	1.49079e-012	2.3125e-014	2.69382e-016	2.33644e-018	3.84195e-020	1.61695e-022	1.65413e-024	8.88526e-027	5.42794e-029	1.73604e-031	1.44556e-033	2.37253e-036	1.38162e-038	4.61151e-041	1.30937e-043	1.80064e-046	1.11156e-048	1.06315e-051	3.89045e-054	6.25008e-057	1.05668e-059	1.10261e-062	6.21458e-065	2.5708e-068	4.95516e-071	6.80322e-074	1.24543e-076	7.22765e-080	1.70116e-082	5.56307e-086	1.36492e-088	1.14612e-091	7.86464e-095	3.45198e-098	1.13275e-100	2.61551e-104	2.58036e-107	1.42997e-110	1.56077e-113	4.15522e-117	1.0631e-119	1.5079e-123	1.8649e-126	5.24879e-130	3.08509e-133	1.03486e-136	1.95851e-139	2.10909e-143	1.3766e-146	7.3882e-150	3.56675e-153	4.58894e-157	6.54255e-160	8.73185e-164	6.35915e-167	2.46786e-170	6.71286e-173	
Fimbristylis_littoralis	0	0	0	0	1	0	0	0	0	0	0	0	0	0	0	0	0	0	0	0	0	0	0	0	0	0	0	0	0	0	0	0	0	0	0	0	0	0	0	0	0	0	0	0	0	0	0	0	0	0	0	0	0	0	0	0	0	0	0	0	0	0	0	0	0	0	0	0	0	0	
N8	0.12602	0.228118	0.290736	0.220367	0.100217	0.02963	0.00441957	0.000458309	3.28157e-005	1.37938e-006	4.09876e-008	1.75394e-009	2.19166e-011	5.99989e-013	6.91937e-015	9.50291e-017	5.66525e-019	1.18103e-020	3.13666e-023	3.57237e-025	1.73871e-027	8.88104e-030	2.30943e-032	2.60252e-034	2.69521e-037	1.41303e-039	5.5636e-042	1.60414e-044	1.40068e-047	9.31046e-050	7.07964e-053	3.35517e-055	3.41261e-058	5.26447e-061	4.58129e-064	3.65046e-066	9.68677e-070	1.56128e-072	1.62312e-075	3.97439e-078	1.85671e-081	4.59716e-084	9.77632e-088	2.47151e-090	1.73583e-093	1.02092e-096	4.08152e-100	1.82514e-102	2.64831e-106	2.20885e-109	9.76399e-113	9.95866e-116	2.30421e-119	8.32227e-122	8.28683e-126	1.18549e-128	1.99564e-132	1.00024e-135	2.61836e-139	6.70124e-142	5.22097e-146	3.3594e-149	1.79908e-152	9.89299e-156	7.59261e-160	9.92897e-163	9.85255e-167	7.42409e-170	2.26027e-173	6.9382e-176	
Fimbristylis_complanata	0	0	0	0	1	0	0	0	0	0	0	0	0	0	0	0	0	0	0	0	0	0	0	0	0	0	0	0	0	0	0	0	0	0	0	0	0	0	0	0	0	0	0	0	0	0	0	0	0	0	0	0	0	0	0	0	0	0	0	0	0	0	0	0	0	0	0	0	0	0	
N9	0.0976785	0.199875	0.289937	0.244337	0.121266	0.0398039	0.00626366	0.000766157	6.79418e-005	3.79959e-006	1.46521e-007	1.03345e-008	1.60339e-010	7.20013e-012	1.10281e-013	2.49599e-015	2.04427e-017	7.86771e-019	2.87356e-021	5.83402e-023	4.71898e-025	3.78719e-027	1.57079e-029	3.7342e-031	5.57248e-034	5.13432e-036	3.66692e-038	2.0459e-040	2.63538e-043	3.28121e-045	4.25062e-048	4.18177e-050	6.60864e-053	1.86299e-055	2.91166e-058	5.3104e-060	2.23584e-063	6.58315e-066	1.23497e-068	6.31577e-071	5.22666e-074	2.82058e-076	9.70237e-080	4.8423e-082	6.14525e-085	6.99099e-088	5.52212e-091	5.867e-093	1.37114e-096	2.18794e-099	1.72919e-102	3.85599e-105	1.59787e-108	1.35858e-110	2.39056e-114	8.21247e-117	2.23262e-120	2.193e-123	1.03711e-126	6.10344e-129	8.41912e-133	1.18903e-135	1.4199e-138	1.64916e-141	2.12473e-145	5.59117e-148	1.01213e-151	1.69649e-154	1.01438e-157	7.33626e-160	
Fimbristylis_ferruginea	0	0	0	0	1	0	0	0	0	0	0	0	0	0	0	0	0	0	0	0	0	0	0	0	0	0	0	0	0	0	0	0	0	0	0	0	0	0	0	0	0	0	0	0	0	0	0	0	0	0	0	0	0	0	0	0	0	0	0	0	0	0	0	0	0	0	0	0	0	0	
N10	0.0221251	0.0830785	0.217227	0.303664	0.23758	0.110281	0.0225703	0.00315886	0.000297727	1.63118e-005	6.29625e-007	2.98318e-008	5.77099e-010	1.61335e-011	2.88474e-013	4.61302e-015	4.93641e-017	1.06948e-018	5.96746e-021	6.92159e-023	5.13174e-025	3.43404e-027	1.55009e-029	1.54735e-031	3.54397e-034	2.06614e-036	9.66657e-039	3.24151e-041	6.09179e-044	3.47784e-046	4.93655e-049	1.92008e-051	3.51369e-054	7.14916e-057	1.05196e-059	5.61603e-062	3.64193e-065	7.04869e-068	1.0164e-070	2.02872e-073	1.7887e-076	4.19469e-079	2.03721e-082	3.94785e-085	4.28584e-088	3.71018e-091	2.38641e-094	6.54838e-097	2.27057e-100	2.37747e-103	1.57622e-106	1.56704e-109	7.30571e-113	1.71842e-115	4.09281e-119	4.20647e-122	1.71213e-125	1.06567e-128	4.29033e-132	6.98651e-135	1.34189e-138	9.80695e-142	5.98922e-145	2.99349e-148	6.13817e-152	6.69518e-155	1.37538e-158	1.05986e-161	7.15889e-165	1.78563e-167	
Fimbristylis_dichotoma	0	0	0	0	1	0	0	0	0	0	0	0	0	0	0	0	0	0	0	0	0	0	0	0	0	0	0	0	0	0	0	0	0	0	0	0	0	0	0	0	0	0	0	0	0	0	0	0	0	0	0	0	0	0	0	0	0	0	0	0	0	0	0	0	0	0	0	0	0	0	
N11	3.73058e-005	0.0011074	0.0184933	0.125258	0.40817	0.338952	0.087318	0.0194545	0.00105484	0.000130784	2.03154e-005	2.38248e-006	3.61824e-008	4.43365e-010	2.71844e-012	1.18096e-014	3.17512e-017	1.42845e-019	1.75574e-022	3.87043e-025	5.58682e-028	6.92913e-031	5.84986e-034	9.77851e-037	4.25937e-040	4.24748e-043	3.39831e-046	1.94955e-049	6.64646e-053	6.10441e-056	1.54311e-059	9.59711e-063	3.0681e-066	1.03909e-069	2.59709e-073	2.08467e-076	2.42343e-080	7.65125e-084	1.83079e-087	5.66347e-091	8.48051e-095	3.10718e-098	2.61858e-102	7.73411e-106	1.36114e-109	1.90736e-113	2.00343e-117	7.92749e-121	4.72078e-125	7.74961e-129	8.2863e-133	1.23825e-136	9.41692e-141	3.14267e-144	1.25347e-148	1.88823e-152	1.25784e-156	1.195e-160	7.50845e-165	1.70347e-168	5.35821e-173	5.80928e-177	5.26615e-181	3.83131e-185	1.27047e-189	1.94947e-193	6.24452e-198	6.91027e-202	7.21522e-206	2.37937e-209	
Fimbristylis_velata	0	0	0	0	0	0	0	0	0	0	0	1	0	0	0	0	0	0	0	0	0	0	0	0	0	0	0	0	0	0	0	0	0	0	0	0	0	0	0	0	0	0	0	0	0	0	0	0	0	0	0	0	0	0	0	0	0	0	0	0	0	0	0	0	0	0	0	0	0	0	
Fimbristylis_squarrosa	0	0	0	0	1	0	0	0	0	0	0	0	0	0	0	0	0	0	0	0	0	0	0	0	0	0	0	0	0	0	0	0	0	0	0	0	0	0	0	0	0	0	0	0	0	0	0	0	0	0	0	0	0	0	0	0	0	0	0	0	0	0	0	0	0	0	0	0	0	0	
N12	0.20502	0.259164	0.236233	0.156008	0.0822799	0.0406879	0.013654	0.00483761	0.00158422	0.000405702	9.15715e-005	2.90335e-005	4.66158e-006	1.13301e-006	2.09791e-007	3.58685e-008	4.63639e-009	1.1516e-009	9.57034e-011	1.63007e-011	2.13839e-012	2.73956e-013	2.63256e-014	4.98287e-015	2.67267e-016	3.14243e-017	3.05111e-018	2.20171e-019	1.07638e-020	1.49023e-021	6.9399e-023	8.38171e-024	5.91315e-025	4.48299e-026	2.57132e-027	4.32887e-028	1.1803e-029	8.05217e-031	4.15136e-032	2.59752e-033	8.14816e-035	5.72789e-036	1.00034e-037	5.44901e-039	1.82482e-040	4.70531e-042	9.03059e-044	5.78603e-045	6.26774e-047	1.71241e-048	3.07611e-050	7.1466e-052	8.9107e-054	4.26323e-055	2.75662e-057	5.92941e-059	6.16689e-061	8.48272e-063	7.85273e-065	2.33553e-066	1.09287e-068	1.58637e-070	1.90616e-072	1.84156e-074	8.68364e-077	1.6733e-078	7.43924e-081	1.05616e-082	1.58675e-084	9.55553e-086	
Eleocharis_dulcis	0	0	0	0	0	0	0	0	0	0	0	0	0	0	0	0	0	0	0	0	0	0	0	0	0	0	0	0	0	0	0	0	0	0	0	0	0	1	0	0	0	0	0	0	0	0	0	0	0	0	0	0	0	0	0	0	0	0	0	0	0	0	0	0	0	0	0	0	0	0	
N13	0.166101	0.227381	0.234648	0.17957	0.108002	0.0555793	0.0200719	0.00642392	0.00177545	0.000368667	6.53002e-005	1.19747e-005	1.42309e-006	1.76854e-007	1.85543e-008	1.51573e-009	1.03918e-010	8.54245e-012	3.6234e-013	1.84036e-014	7.71467e-016	2.59913e-017	7.02567e-019	2.3967e-020	4.01048e-022	9.1261e-024	1.78242e-025	2.55289e-027	2.88961e-029	4.87823e-031	3.8837e-033	4.4277e-035	3.81713e-037	2.84665e-039	1.75817e-041	1.80147e-043	6.76868e-046	4.01855e-048	2.01997e-050	9.55118e-053	3.28847e-055	1.75134e-057	3.95904e-060	1.5955e-062	5.20736e-065	1.33205e-067	2.80203e-070	1.12112e-072	1.67542e-075	4.17969e-078	8.16408e-081	1.57602e-083	2.31918e-086	7.0097e-089	6.55252e-092	1.15607e-094	1.53572e-097	2.06189e-100	2.17785e-103	4.37479e-106	3.00108e-109	3.99661e-112	4.66845e-115	4.33454e-118	2.94685e-121	4.47324e-124	2.78773e-127	3.91374e-130	7.26218e-133	2.45896e-135	
N14	0.103793	0.156923	0.192442	0.183662	0.144419	0.105803	0.0558915	0.0300224	0.0156285	0.00659437	0.00261633	0.00145547	0.000444881	0.000201996	7.0901e-005	2.27105e-005	5.55365e-006	2.4905e-006	3.57754e-007	9.54273e-008	1.79372e-008	3.02241e-009	3.62502e-010	8.44813e-011	5.55525e-012	8.12689e-013	9.72156e-014	8.40991e-015	4.515e-016	6.28076e-017	2.51099e-018	2.38283e-019	1.2067e-020	6.39437e-022	2.51318e-023	3.02715e-024	5.70844e-026	2.82731e-027	1.0713e-028	5.13051e-030	1.22914e-031	6.97376e-033	9.5743e-035	4.41428e-036	1.24382e-037	2.77785e-039	4.67485e-041	2.83195e-042	2.77693e-044	7.25623e-046	1.25748e-047	2.93891e-049	3.63715e-051	1.87847e-052	1.23776e-054	2.94455e-056	3.25686e-058	5.0235e-060	5.19941e-062	1.86728e-063	9.86901e-066	1.73538e-067	2.55065e-069	3.05893e-071	1.72556e-073	4.32346e-075	2.35978e-077	4.31836e-079	7.73576e-081	5.75377e-082	
Eleocharis_tuberculosa	0	0	0	0	0	0	0	0	0	0	0	0	0	0	1	0	0	0	0	0	0	0	0	0	0	0	0	0	0	0	0	0	0	0	0	0	0	0	0	0	0	0	0	0	0	0	0	0	0	0	0	0	0	0	0	0	0	0	0	0	0	0	0	0	0	0	0	0	0	0	
Eleocharis_quinqueflora	0	0	0	0	0	0	0	0	0	1	0	0	0	0	0	0	0	0	0	0	0	0	0	0	0	0	0	0	0	0	0	0	0	0	0	0	0	0	0	0	0	0	0	0	0	0	0	0	0	0	0	0	0	0	0	0	0	0	0	0	0	0	0	0	0	0	0	0	0	0	
N15	0.118611	0.186778	0.229844	0.205072	0.138881	0.0782594	0.0295079	0.00969416	0.00269677	0.000544105	9.21549e-005	1.76819e-005	1.9107e-006	2.53591e-007	2.73991e-008	2.5034e-009	1.88278e-010	2.31856e-011	1.05473e-012	7.99654e-014	4.33724e-015	2.07749e-016	6.95476e-018	4.02088e-019	7.33718e-021	2.69884e-022	7.83911e-024	1.63028e-025	2.21092e-027	7.07776e-029	6.72065e-031	1.38542e-032	1.6447e-034	1.91038e-036	1.62994e-038	3.87875e-040	1.6238e-042	1.69678e-044	1.35677e-046	1.27978e-048	6.22649e-051	6.85282e-053	1.9449e-055	1.76311e-057	9.77114e-060	4.21407e-062	1.34304e-064	1.45445e-066	2.82558e-069	1.39603e-071	4.60035e-074	1.94264e-076	4.4011e-079	3.90248e-081	4.75929e-084	2.00357e-086	4.16235e-089	1.16244e-091	2.19175e-094	1.33805e-096	1.26472e-099	3.81163e-102	9.51182e-105	1.96556e-107	1.99422e-110	8.7426e-113	8.3563e-116	2.55033e-118	7.63795e-121	8.315e-123	
Eleocharis_confervoides	0	0	0	0	0	0	0	0	0	0	0	0	0	0	0	0	0	0	1	0	0	0	0	0	0	0	0	0	0	0	0	0	0	0	0	0	0	0	0	0	0	0	0	0	0	0	0	0	0	0	0	0	0	0	0	0	0	0	0	0	0	0	0	0	0	0	0	0	0	0	
N16	0.101285	0.174383	0.233896	0.220632	0.151126	0.0806281	0.0282192	0.00783541	0.00171121	0.000253107	2.87969e-005	3.12945e-006	1.94832e-007	1.21666e-008	5.96567e-010	2.14114e-011	6.05874e-013	2.27297e-014	3.54176e-016	7.72845e-018	1.2719e-019	1.763e-021	1.78478e-023	2.89286e-025	1.67424e-027	1.84028e-029	1.59714e-031	1.0183e-033	4.49945e-036	4.35644e-038	1.34051e-040	8.58545e-043	3.31195e-045	1.27235e-047	3.49197e-050	2.58959e-052	3.72795e-055	1.36644e-057	3.64515e-060	1.1334e-062	1.88028e-065	7.15621e-068	7.09172e-071	2.20394e-073	4.30051e-076	6.48913e-079	7.17242e-082	2.69414e-084	1.8618e-087	3.35449e-090	4.08082e-093	6.06229e-096	4.79235e-099	1.51721e-101	6.61962e-105	1.04761e-107	8.44139e-111	8.79709e-114	6.21828e-117	1.53616e-119	6.28151e-123	9.80449e-126	1.45809e-128	2.06118e-131	1.52769e-134	5.36277e-137	4.10351e-140	1.05514e-142	2.47294e-145	2.17631e-147	
N17	0.0358671	0.0925194	0.191151	0.251748	0.218925	0.137454	0.0530546	0.0154074	0.00335334	0.000468766	4.72101e-005	4.19425e-006	2.1358e-007	9.78346e-009	3.20912e-010	6.77087e-012	9.99144e-014	1.49874e-015	9.82705e-018	6.78323e-020	3.41278e-022	1.34157e-024	1.69386e-026	2.56961e-027	2.53154e-028	3.80965e-029	5.3653e-030	6.03018e-031	5.7892e-032	9.14481e-033	7.24194e-034	9.01086e-035	9.03325e-036	8.47665e-037	7.03222e-038	1.06285e-038	6.08276e-040	5.99184e-041	5.29072e-042	4.72558e-043	3.21598e-044	3.62122e-045	1.79735e-046	1.69802e-047	1.3596e-048	8.93094e-050	5.06559e-051	5.79842e-052	2.54084e-053	1.9617e-054	1.2344e-055	8.09241e-057	4.18122e-058	4.71644e-059	1.6647e-060	1.1706e-061	6.32527e-063	3.63566e-064	1.69266e-065	1.57983e-066	5.1131e-068	3.34482e-069	1.97888e-070	9.59099e-072	3.49331e-073	2.93579e-074	1.04426e-075	8.61238e-077	9.63495e-078	1.99911e-078	
Eleocharis_geniculata	0	0	0	0	1	0	0	0	0	0	0	0	0	0	0	0	0	0	0	0	0	0	0	0	0	0	0	0	0	0	0	0	0	0	0	0	0	0	0	0	0	0	0	0	0	0	0	0	0	0	0	0	0	0	0	0	0	0	0	0	0	0	0	0	0	0	0	0	0	0	
N18	0.0354551	0.0916931	0.190343	0.251682	0.219477	0.138311	0.0534547	0.0156144	0.0034287	0.000485251	4.95166e-005	5.08548e-006	2.39541e-007	2.12114e-008	7.0691e-010	6.1948e-011	5.92072e-013	1.20021e-013	1.46027e-016	5.95635e-017	9.6517e-020	1.17902e-020	5.86671e-024	1.36142e-024	1.67343e-028	4.35507e-029	5.56752e-032	1.36374e-033	8.32802e-038	2.14189e-038	1.27446e-042	2.85667e-043	2.30733e-046	6.3988e-049	5.22308e-053	2.61775e-053	2.0616e-058	4.51693e-060	1.69821e-062	2.97019e-064	4.17039e-069	1.02162e-070	1.62409e-075	1.01685e-075	6.9764e-080	4.40257e-083	2.29753e-087	1.37949e-087	8.77498e-093	1.52043e-095	1.13141e-098	3.68564e-100	8.35566e-106	4.27001e-107	1.7158e-112	5.87478e-113	3.16068e-118	2.62091e-121	8.36342e-125	4.3532e-126	5.36651e-132	8.04694e-135	1.03265e-137	1.3169e-139	1.39366e-145	9.14182e-147	4.81061e-152	7.98028e-154	8.61405e-159	6.69398e-160	
Eleocharis_multicaulis	0	0	0	0	0	0	0	0	0	1	0	0	0	0	0	0	0	0	0	0	0	0	0	0	0	0	0	0	0	0	0	0	0	0	0	0	0	0	0	0	0	0	0	0	0	0	0	0	0	0	0	0	0	0	0	0	0	0	0	0	0	0	0	0	0	0	0	0	0	0	
N19	0.0312446	0.0814204	0.174856	0.242813	0.223915	0.153002	0.0637787	0.0215059	0.00603514	0.00116873	0.000187813	6.45246e-005	5.36572e-006	2.17362e-006	2.0843e-007	4.26828e-008	1.82505e-009	5.8471e-010	9.22004e-012	1.72223e-012	6.5075e-014	3.45332e-015	5.64837e-017	9.7098e-018	4.83009e-020	2.87496e-021	1.12603e-022	3.52361e-024	1.32656e-026	1.23568e-027	5.1067e-030	3.86609e-031	2.13107e-033	2.61671e-035	1.32741e-037	1.86019e-038	1.9869e-041	2.87966e-043	2.33659e-045	8.72923e-047	1.93377e-049	5.38935e-051	4.87597e-054	2.07525e-055	8.47999e-058	3.42805e-060	8.75687e-063	7.26399e-064	4.38428e-067	3.04148e-069	9.7846e-072	1.1525e-073	1.22075e-076	7.52849e-078	3.21052e-081	8.56221e-083	5.26709e-086	2.2255e-088	4.06386e-091	1.8279e-092	5.79364e-096	3.49861e-098	1.80701e-100	1.43649e-102	3.90633e-106	6.67053e-108	3.24509e-111	2.85682e-113	4.21749e-116	2.07509e-117	
Eleocharis_flavescens	0	0	0	0	0	0	0	0	0	0	0	0	0	0	1	0	0	0	0	0	0	0	0	0	0	0	0	0	0	0	0	0	0	0	0	0	0	0	0	0	0	0	0	0	0	0	0	0	0	0	0	0	0	0	0	0	0	0	0	0	0	0	0	0	0	0	0	0	0	0	
Eleocharis_atropurpurea	0	0	0	0	1	0	0	0	0	0	0	0	0	0	0	0	0	0	0	0	0	0	0	0	0	0	0	0	0	0	0	0	0	0	0	0	0	0	0	0	0	0	0	0	0	0	0	0	0	0	0	0	0	0	0	0	0	0	0	0	0	0	0	0	0	0	0	0	0	0	
N20	0.045785	0.10314	0.188478	0.232431	0.201306	0.138167	0.0600119	0.0221972	0.00679732	0.00141179	0.000228261	4.20398e-005	3.40003e-006	3.39039e-007	2.12592e-008	1.04345e-009	3.338e-011	1.81376e-012	2.71503e-014	7.34738e-016	1.27314e-017	1.88341e-019	1.83184e-021	3.48731e-023	1.65919e-025	1.80218e-027	1.53172e-029	9.08736e-032	3.1034e-034	2.91241e-036	7.06635e-039	4.29444e-041	1.2768e-043	3.9945e-046	8.85597e-049	6.49415e-051	6.40415e-054	1.76294e-056	3.58954e-059	9.57182e-062	1.16802e-064	3.56681e-067	2.36625e-070	5.82628e-073	8.13347e-076	8.90157e-079	7.13896e-082	2.27158e-084	1.00134e-087	1.253e-090	1.00413e-093	1.12578e-096	6.16769e-100	1.58035e-102	4.4022e-106	4.9556e-109	2.31636e-112	1.59573e-115	7.11795e-119	1.21227e-121	2.58212e-125	1.98915e-128	1.26292e-131	6.60093e-135	1.45861e-138	1.62108e-141	3.48158e-145	2.67995e-148	1.82392e-151	4.47074e-154	
N21	0.0105399	0.0290294	0.0718868	0.128473	0.17234	0.193698	0.153307	0.110606	0.0727728	0.0357528	0.0142972	0.00575414	0.00122638	0.00026804	4.26753e-005	4.9935e-006	4.42838e-007	5.26232e-008	2.5458e-009	1.707e-010	8.73688e-012	3.71296e-013	1.19491e-014	5.79723e-016	1.10268e-017	3.55901e-019	9.68371e-021	1.93246e-022	2.81047e-024	7.78155e-026	8.27252e-028	1.58134e-029	2.02242e-031	2.44598e-033	2.3649e-035	5.02448e-037	2.74602e-039	3.0182e-041	2.71115e-043	2.61812e-045	1.60223e-047	1.84636e-049	7.13712e-052	6.50001e-054	4.3393e-056	2.29318e-058	9.6535e-061	1.02683e-062	2.89839e-065	1.69263e-067	7.23879e-070	3.51495e-072	1.13491e-074	1.03121e-076	1.97852e-079	9.49154e-082	2.86164e-084	1.00419e-086	2.59269e-089	1.66947e-091	2.57461e-094	9.82586e-097	3.21904e-099	8.45271e-102	1.38147e-104	6.76224e-107	1.02949e-109	4.17311e-112	2.02794e-114	2.47682e-116	
Eleocharis_gracilis	0	0	0	0	0	0	0	0	0	1	0	0	0	0	0	0	0	0	0	0	0	0	0	0	0	0	0	0	0	0	0	0	0	0	0	0	0	0	0	0	0	0	0	0	0	0	0	0	0	0	0	0	0	0	0	0	0	0	0	0	0	0	0	0	0	0	0	0	0	0	
Eleocharis_congesta	0	0	0	0	0	0	0	0	0	1	0	0	0	0	0	0	0	0	0	0	0	0	0	0	0	0	0	0	0	0	0	0	0	0	0	0	0	0	0	0	0	0	0	0	0	0	0	0	0	0	0	0	0	0	0	0	0	0	0	0	0	0	0	0	0	0	0	0	0	0	
N22	0.0320201	0.0764442	0.155432	0.217754	0.214986	0.167211	0.0840636	0.035525	0.012683	0.00310801	0.00060715	0.000147564	1.50918e-005	2.37265e-006	2.25643e-007	1.92667e-008	9.88645e-010	1.19518e-010	2.86788e-012	1.93991e-013	6.61562e-015	2.41334e-016	4.78473e-018	2.76647e-019	2.55136e-021	8.46153e-023	2.01496e-024	3.43577e-026	2.63645e-028	9.78501e-030	5.55917e-032	1.31532e-033	1.10525e-035	1.10516e-037	6.89043e-040	2.50621e-041	5.75453e-044	5.9663e-046	4.25032e-048	5.21024e-050	1.79182e-052	2.35995e-054	4.23359e-057	5.74933e-059	2.795e-061	1.08843e-063	2.87078e-066	5.69297e-068	7.12025e-071	3.83251e-073	1.16581e-075	6.71084e-078	1.15031e-080	1.88006e-082	1.5092e-085	1.0076e-087	1.51408e-090	4.83311e-093	8.96065e-096	1.05351e-097	6.66806e-101	2.47035e-103	7.53511e-106	2.19141e-108	1.52328e-111	1.15597e-113	8.83438e-117	3.68861e-119	8.55622e-122	1.45473e-123	
N23	7.77912e-011	1.13322e-008	7.93817e-007	1.55927e-005	0.000438653	0.000587945	0.00286913	0.00344651	0.0990591	0.848594	0.0443073	0.000676686	3.90445e-006	1.40787e-008	3.3222e-011	4.95834e-014	5.49155e-017	5.6339e-020	3.39906e-023	1.98775e-026	9.73643e-030	3.66392e-033	1.1502e-036	3.87185e-040	8.0416e-044	1.87472e-047	3.9288e-051	6.30536e-055	8.78398e-059	1.4778e-062	1.5247e-066	1.85608e-070	1.95792e-074	1.73513e-078	1.37394e-082	1.41862e-086	7.95018e-091	5.65849e-095	3.68029e-099	2.10271e-103	1.02082e-107	6.31559e-112	2.25326e-116	1.08041e-120	4.71817e-125	1.65273e-129	5.16957e-134	2.2772e-138	5.52717e-143	1.76793e-147	4.95081e-152	1.24402e-156	2.74723e-161	8.98376e-166	1.42989e-170	3.19617e-175	6.29598e-180	1.13286e-184	1.76405e-189	3.90441e-194	4.48906e-199	7.42698e-204	1.13747e-208	1.40196e-213	1.50234e-218	2.52826e-223	2.73863e-228	5.37012e-233	1.37693e-237	4.33125e-242	
Eleocharis_acicularis_f_longiseta	0	0	0	0	0	0	0	0	0	1	0	0	0	0	0	0	0	0	0	0	0	0	0	0	0	0	0	0	0	0	0	0	0	0	0	0	0	0	0	0	0	0	0	0	0	0	0	0	0	0	0	0	0	0	0	0	0	0	0	0	0	0	0	0	0	0	0	0	0	0	
Eleocharis_acicularis	0	0	0	0	0	0	0	0	0	1	0	0	0	0	0	0	0	0	0	0	0	0	0	0	0	0	0	0	0	0	0	0	0	0	0	0	0	0	0	0	0	0	0	0	0	0	0	0	0	0	0	0	0	0	0	0	0	0	0	0	0	0	0	0	0	0	0	0	0	0	
N24	0.00032228	0.00357117	0.0268616	0.102855	0.227752	0.303941	0.208366	0.0917274	0.0283857	0.00547815	0.000678096	5.92107e-005	2.4378e-006	7.48568e-008	1.53772e-009	1.9867e-011	1.85939e-013	1.81304e-015	8.48641e-018	4.36585e-020	1.76444e-022	5.50752e-025	1.33863e-027	4.00968e-030	5.85409e-033	1.15587e-035	1.95554e-038	2.42666e-041	2.39868e-044	3.55341e-047	2.49844e-050	2.53866e-053	1.97328e-056	1.34194e-059	7.62976e-063	7.3465e-066	2.60452e-069	1.49081e-072	7.30038e-076	3.4256e-079	1.17921e-082	6.36672e-086	1.47162e-089	6.14554e-093	2.09954e-096	5.65568e-100	1.26695e-103	5.46014e-107	8.84341e-111	2.41828e-114	5.22487e-118	1.13052e-121	1.87745e-125	6.52522e-129	6.97837e-133	1.43085e-136	2.20774e-140	3.50599e-144	4.39316e-148	1.06496e-151	8.79655e-156	1.42026e-159	2.01985e-163	2.29878e-167	1.92695e-171	3.62199e-175	2.81801e-179	4.93613e-183	1.14687e-186	4.59954e-190	
N25	3.5178e-005	0.000421868	0.0043107	0.0236633	0.0758582	0.156102	0.192914	0.184285	0.159578	0.10981	0.0589497	0.0295602	0.00388008	0.000592131	3.76313e-005	1.99094e-006	5.28521e-008	2.97046e-009	3.15528e-011	7.96439e-013	1.18104e-014	1.44974e-016	1.08181e-018	2.20488e-020	7.26164e-023	7.46348e-025	5.91575e-027	3.40443e-029	8.38207e-032	8.37079e-034	1.67527e-036	1.19766e-038	2.92134e-041	8.9173e-044	1.78369e-046	1.82335e-048	1.38168e-051	3.98052e-054	8.09597e-057	2.67487e-059	3.11215e-062	1.23943e-064	6.89687e-068	2.19608e-070	3.11405e-073	3.75403e-076	3.23337e-079	1.6887e-081	6.49614e-085	9.59686e-088	8.27734e-091	1.28109e-093	7.10736e-097	3.0724e-099	8.10772e-103	1.45208e-105	6.37057e-109	5.53321e-112	2.76575e-115	8.05645e-118	1.69219e-121	1.88965e-124	1.7537e-127	1.33821e-130	2.85703e-134	4.89337e-137	1.11677e-140	1.30953e-143	9.9918e-147	4.17598e-149	
Eleocharis_montevidensis	0	0	0	0	0	0	0	0	0	1	0	0	0	0	0	0	0	0	0	0	0	0	0	0	0	0	0	0	0	0	0	0	0	0	0	0	0	0	0	0	0	0	0	0	0	0	0	0	0	0	0	0	0	0	0	0	0	0	0	0	0	0	0	0	0	0	0	0	0	0	
Eleocharis_tenuis	0	0	0	0	0	0	0	0	0	0	0	1	0	0	0	0	0	0	0	0	0	0	0	0	0	0	0	0	0	0	0	0	0	0	0	0	0	0	0	0	0	0	0	0	0	0	0	0	0	0	0	0	0	0	0	0	0	0	0	0	0	0	0	0	0	0	0	0	0	0	
N26	5.34539e-005	0.00110808	0.0150523	0.0898849	0.263407	0.353803	0.201101	0.0623298	0.0120157	0.00118429	5.90711e-005	1.76311e-006	2.44695e-008	2.7116e-010	2.68874e-012	1.60884e-014	7.83603e-017	5.72129e-019	1.08151e-021	4.599e-024	8.83418e-027	2.39907e-029	2.72648e-032	8.20826e-035	5.01e-038	1.01318e-040	1.1521e-043	9.71947e-047	4.76871e-050	9.96476e-053	2.95126e-056	3.3545e-059	2.02712e-062	1.06257e-065	3.42759e-069	5.97773e-072	7.76126e-076	4.53502e-079	1.88055e-082	1.0544e-085	1.75503e-089	1.07866e-092	1.10583e-096	9.08675e-100	2.05687e-103	4.06094e-107	5.03251e-111	4.85648e-114	3.4336e-118	9.90902e-122	1.53787e-125	4.71132e-129	3.5774e-133	2.58513e-136	1.00873e-140	3.06247e-144	2.6655e-148	4.29677e-152	4.17439e-156	2.17223e-159	6.40449e-164	1.07314e-167	1.47299e-171	1.94319e-175	7.53072e-180	3.35146e-183	1.14848e-187	2.22176e-191	2.29712e-195	1.6097e-198	
N27	1.32356e-005	0.000393178	0.0080292	0.0720134	0.292285	0.382077	0.171621	0.0613557	0.0115778	0.000616846	1.63312e-005	3.52282e-007	3.38951e-009	3.45482e-011	2.34648e-013	1.19634e-015	4.24686e-018	2.4357e-020	4.48183e-023	1.44857e-025	3.25938e-028	6.4243e-031	8.8481e-034	2.32764e-036	1.73695e-039	2.91898e-042	4.00837e-045	3.97071e-048	2.4183e-051	3.98388e-054	1.81311e-057	2.04579e-060	1.18483e-063	7.35003e-067	3.30099e-070	4.83711e-073	1.04034e-076	6.21782e-080	2.80783e-083	1.67419e-086	4.76336e-090	3.3691e-093	5.39994e-097	3.16263e-100	1.09541e-103	2.98117e-107	6.05432e-111	4.80098e-114	5.58568e-118	1.82735e-121	3.93117e-125	1.1682e-128	1.75853e-132	1.22308e-135	9.62112e-140	3.02762e-143	4.06e-147	8.06994e-151	1.04649e-154	5.1993e-158	3.31381e-162	7.61269e-166	1.44538e-169	2.29962e-173	1.55743e-177	5.26504e-181	3.53288e-185	8.48174e-189	1.8085e-192	1.34794e-195	
Eleocharis_erythropoda	0	0	0	0	0	0	0	0	1	0	0	0	0	0	0	0	0	0	0	0	0	0	0	0	0	0	0	0	0	0	0	0	0	0	0	0	0	0	0	0	0	0	0	0	0	0	0	0	0	0	0	0	0	0	0	0	0	0	0	0	0	0	0	0	0	0	0	0	0	0	
Eleocharis_palustris	0	0	0	0	1	0	0	0	0	0	0	0	0	0	0	0	0	0	0	0	0	0	0	0	0	0	0	0	0	0	0	0	0	0	0	0	0	0	0	0	0	0	0	0	0	0	0	0	0	0	0	0	0	0	0	0	0	0	0	0	0	0	0	0	0	0	0	0	0	0	
N28	4.34136e-006	0.000189811	0.00515303	0.0544775	0.25031	0.379763	0.217049	0.0717437	0.0189427	0.00224292	0.000118205	5.95609e-006	8.36802e-008	2.15885e-009	2.07023e-011	2.10919e-013	7.92575e-016	9.36765e-018	1.32098e-020	7.38499e-023	1.6866e-025	3.79419e-028	4.29423e-031	2.06665e-033	9.39822e-037	2.25361e-039	4.22155e-042	5.7282e-045	2.33896e-048	7.44838e-051	2.6201e-054	5.89865e-057	2.53901e-060	1.71705e-063	6.2018e-067	2.09576e-069	2.20929e-073	1.43281e-076	5.73722e-080	5.62828e-083	9.84716e-087	9.0773e-090	6.84927e-094	6.30917e-097	1.60062e-100	3.24728e-104	4.4625e-108	7.00198e-111	3.35311e-115	9.33415e-119	1.3923e-122	4.66199e-126	3.50903e-130	4.28873e-133	1.33669e-137	6.28789e-141	3.23312e-145	5.1139e-149	4.13786e-153	3.46698e-156	8.13237e-161	1.61516e-164	2.63213e-168	4.65345e-172	1.01387e-176	3.91721e-180	1.14813e-184	2.62378e-188	2.27297e-192	2.00592e-195	
N29	7.15885e-011	1.42141e-008	1.58663e-006	4.93863e-005	0.00135074	0.00339739	0.0103016	0.0148751	0.180071	0.721457	0.0454602	0.0185542	0.00434082	0.000139919	1.06809e-006	1.98983e-008	4.18907e-009	1.57661e-009	1.19346e-010	9.59311e-012	8.00561e-014	3.1533e-016	6.03328e-019	1.92959e-021	1.30063e-024	1.86045e-027	1.91275e-030	1.32533e-033	4.74849e-037	4.61064e-040	1.13829e-043	7.00943e-047	2.00484e-050	5.94771e-054	1.23857e-057	8.76363e-061	7.80205e-065	1.95755e-068	3.60904e-072	8.68932e-076	9.62847e-080	2.75643e-083	1.58944e-087	3.44756e-091	4.12015e-095	4.03032e-099	2.86818e-103	8.37794e-107	3.1805e-111	3.50074e-115	2.42225e-119	2.44101e-123	1.15657e-127	2.69008e-131	6.48714e-136	6.64097e-140	2.60843e-144	1.56135e-148	5.8922e-153	8.88738e-157	1.6265e-161	1.13522e-165	6.59714e-170	2.96128e-174	5.57529e-179	5.38026e-183	9.63157e-188	6.54044e-192	3.86847e-196	7.99426e-200	
Eleocharis_acuta	0	0	0	0	0	0	0	0	0	1	0	0	0	0	0	0	0	0	0	0	0	0	0	0	0	0	0	0	0	0	0	0	0	0	0	0	0	0	0	0	0	0	0	0	0	0	0	0	0	0	0	0	0	0	0	0	0	0	0	0	0	0	0	0	0	0	0	0	0	0	
Eleocharis_pallens	0	0	0	0	0	0	0	0	0	0	0	0	0	0	0	0	0	0	0	1	0	0	0	0	0	0	0	0	0	0	0	0	0	0	0	0	0	0	0	0	0	0	0	0	0	0	0	0	0	0	0	0	0	0	0	0	0	0	0	0	0	0	0	0	0	0	0	0	0	0	
N30	2.04577e-006	0.000115408	0.0039944	0.0543909	0.307387	0.394188	0.180966	0.0479206	0.010138	0.00087257	2.51e-005	4.81624e-007	4.01386e-009	4.18247e-011	3.21083e-013	1.37972e-015	3.96764e-018	2.80841e-020	2.86906e-023	1.44637e-025	1.70946e-028	4.24936e-031	3.33231e-034	9.56975e-037	3.47722e-040	6.7995e-043	8.30607e-046	6.30369e-049	2.07407e-052	6.27763e-055	1.16802e-058	1.5737e-061	7.21011e-065	3.39776e-068	8.52427e-072	2.09566e-074	1.64112e-078	9.48213e-082	3.37962e-085	3.25622e-088	3.67677e-092	2.36318e-095	1.68497e-099	2.13633e-102	4.54497e-106	7.50514e-110	7.30679e-114	1.04454e-116	5.17533e-121	1.49386e-124	2.22404e-128	7.32608e-132	4.59351e-136	5.51741e-139	1.4614e-143	6.26619e-147	3.70471e-151	6.34115e-155	6.14847e-159	6.20174e-162	1.22954e-166	2.11879e-170	2.88601e-174	5.41857e-178	1.35112e-182	8.75848e-186	2.50578e-190	5.82409e-194	4.47519e-198	4.19052e-201	
Eleocharis_cylindrostachys	0	0	0	0	0	0	0	0	0	1	0	0	0	0	0	0	0	0	0	0	0	0	0	0	0	0	0	0	0	0	0	0	0	0	0	0	0	0	0	0	0	0	0	0	0	0	0	0	0	0	0	0	0	0	0	0	0	0	0	0	0	0	0	0	0	0	0	0	0	0	
N31	1.6759e-006	0.000128291	0.00546721	0.0882534	0.604787	0.270781	0.029255	0.00129623	2.92725e-005	2.91702e-007	1.33657e-009	4.26272e-012	9.31983e-015	2.53469e-017	7.73984e-020	1.03823e-022	1.26687e-025	2.62012e-028	1.376e-031	2.61198e-034	1.46231e-037	1.62247e-040	6.6834e-044	6.51163e-047	1.45266e-050	1.16287e-053	6.67876e-057	2.38738e-060	5.45094e-064	7.26229e-067	8.54062e-071	4.56139e-074	1.30004e-077	3.24555e-081	4.7404e-085	4.02347e-088	2.30615e-092	6.97327e-096	1.36909e-099	6.19656e-103	4.55823e-107	1.41013e-110	7.49955e-115	4.16495e-118	5.72277e-122	5.55919e-126	3.23832e-130	1.66033e-133	6.45732e-138	1.03506e-141	9.55498e-146	1.33048e-149	6.12127e-154	2.91646e-157	5.80616e-162	1.04679e-165	4.82941e-170	4.79913e-174	2.9362e-178	1.30814e-181	1.97096e-186	1.80743e-190	1.22629e-194	1.12859e-198	2.32344e-203	7.01763e-207	1.45776e-211	1.64669e-215	8.48995e-220	3.38907e-223	
Eleocharis_obtusa	0	0	0	0	1	0	0	0	0	0	0	0	0	0	0	0	0	0	0	0	0	0	0	0	0	0	0	0	0	0	0	0	0	0	0	0	0	0	0	0	0	0	0	0	0	0	0	0	0	0	0	0	0	0	0	0	0	0	0	0	0	0	0	0	0	0	0	0	0	0	
Eleocharis_engelmannii	0	0	0	0	1	0	0	0	0	0	0	0	0	0	0	0	0	0	0	0	0	0	0	0	0	0	0	0	0	0	0	0	0	0	0	0	0	0	0	0	0	0	0	0	0	0	0	0	0	0	0	0	0	0	0	0	0	0	0	0	0	0	0	0	0	0	0	0	0	0	
N32	0.379798	0.341566	0.184449	0.067099	0.0194744	0.00609707	0.00111186	0.000313578	7.35579e-005	1.47325e-005	2.2727e-006	8.22975e-007	8.51655e-008	2.06303e-008	2.95065e-009	5.12795e-010	4.61608e-011	1.49103e-011	7.59573e-013	1.35883e-013	1.15496e-014	1.08262e-015	6.41194e-017	1.29744e-017	3.16705e-019	2.88082e-020	2.08181e-021	1.00087e-022	2.11467e-024	2.13738e-025	3.34021e-027	2.22131e-028	4.28929e-030	1.15426e-031	2.00185e-033	1.93089e-034	1.09985e-036	2.53611e-038	3.98572e-040	1.11486e-041	8.89258e-044	2.44361e-045	9.63226e-048	2.42762e-049	2.67203e-051	2.19982e-053	1.31168e-055	5.10095e-057	1.2164e-059	1.20173e-061	6.60044e-064	7.02458e-066	2.49226e-068	7.14835e-070	1.11411e-072	1.1569e-074	3.22922e-077	1.68326e-079	5.32498e-082	9.63247e-084	1.12684e-086	6.73282e-089	3.25922e-091	1.52899e-093	1.73962e-096	1.70471e-098	2.29631e-101	1.48299e-103	6.36922e-106	1.62515e-107	
N33	0.192966	0.249822	0.235252	0.160793	0.0879152	0.0460862	0.0166529	0.00670496	0.00259712	0.000825012	0.00024286	0.000105733	2.45051e-005	8.72728e-006	2.481e-006	6.77456e-007	1.49134e-007	6.27892e-008	9.12727e-009	2.46116e-009	4.80669e-010	8.49641e-011	1.09364e-011	2.5592e-012	1.76399e-013	2.42994e-014	2.63697e-015	1.95201e-016	8.89917e-018	8.88763e-019	2.60509e-020	1.54099e-021	4.88818e-023	1.47309e-024	3.17993e-026	1.74466e-027	1.66734e-029	3.56558e-031	5.64149e-033	1.00391e-034	9.26025e-037	1.7531e-038	8.84951e-041	1.23952e-042	1.10796e-044	7.4821e-047	3.7706e-049	5.64885e-051	1.61246e-053	1.06469e-055	4.66343e-058	2.46991e-060	7.33709e-063	7.28659e-065	1.10607e-067	4.89222e-070	1.12138e-072	3.14069e-075	5.96107e-078	3.20785e-080	3.07772e-083	8.16868e-086	1.77283e-088	3.01192e-091	2.6676e-094	8.3785e-097	6.64231e-100	1.51789e-102	3.65519e-105	2.39003e-107	
N34	0.123847	0.180833	0.207399	0.180392	0.128683	0.0890138	0.0433511	0.0235506	0.0125553	0.00555413	0.00230185	0.00152374	0.000495083	0.000285115	0.000122505	5.46391e-005	1.80864e-005	1.42403e-005	3.04545e-006	1.61616e-006	5.71923e-007	2.06688e-007	5.18986e-008	3.23729e-008	4.42184e-009	1.71212e-009	5.23048e-010	1.14644e-010	1.33495e-011	5.19907e-012	4.39519e-013	1.10022e-013	1.19016e-014	1.43739e-015	1.18994e-016	3.9908e-017	1.39565e-018	1.64976e-019	1.44907e-020	1.87614e-021	9.79952e-023	1.50618e-023	4.31454e-025	5.73411e-026	3.80532e-027	1.95684e-028	7.09374e-030	1.23746e-030	2.23706e-032	1.31048e-033	4.60809e-035	2.47904e-036	5.4489e-038	6.92241e-039	7.21907e-041	3.78016e-042	6.703e-044	1.92944e-045	3.40594e-047	2.65596e-048	1.95643e-050	6.02314e-052	1.50456e-053	3.16495e-055	2.33947e-057	1.09275e-058	8.04593e-061	2.38064e-062	5.47508e-064	7.44841e-065	
N35	0.00656307	0.0147221	0.0307448	0.0514282	0.0726375	0.0960104	0.0993952	0.101814	0.100203	0.0853079	0.0711473	0.0663081	0.0468771	0.0375278	0.0307362	0.023406	0.0176567	0.0163329	0.00969269	0.00694897	0.00495228	0.00337725	0.00227062	0.00192628	0.000968136	0.000580414	0.000299698	0.000112609	3.4563e-005	1.35196e-005	3.12976e-006	1.0419e-006	3.61272e-007	1.29607e-007	4.52792e-008	2.28521e-008	5.53436e-009	1.77407e-009	4.93294e-010	1.18581e-010	2.24156e-011	5.49276e-012	6.87183e-013	1.19916e-013	1.78586e-014	2.04105e-015	1.97204e-016	2.80427e-017	1.92419e-018	1.79672e-019	1.38785e-020	9.58441e-022	5.48864e-023	4.9489e-024	1.88798e-025	1.06965e-026	5.04921e-028	2.19507e-029	7.93852e-031	4.32897e-032	1.09257e-033	4.22432e-035	1.47682e-036	4.09644e-038	9.43723e-040	3.67434e-041	8.20232e-043	3.51639e-044	2.09954e-045	2.58863e-046	
Actinoscirpus_grossus	0	0	0	0	0	0	0	0	0	0	0	0	0	0	0	0	0	0	0	0	0	0	0	0	0	0	0	0	0	0	0	0	0	0	0	0	0	0	0	0	1	0	0	0	0	0	0	0	0	0	0	0	0	0	0	0	0	0	0	0	0	0	0	0	0	0	0	0	0	0	
N36	5.46723e-009	1.02697e-007	1.47133e-006	1.13696e-005	5.95573e-005	0.000252924	0.00068436	0.00182274	0.00425737	0.00674202	0.0114104	0.026256	0.0428337	0.0412577	0.0309326	0.0237101	0.0342868	0.0870592	0.160484	0.196495	0.15561	0.0968476	0.0525954	0.0213462	0.00439754	0.000592762	5.03033e-005	2.49613e-006	8.58512e-008	2.44325e-009	4.32669e-011	6.74157e-013	8.84118e-015	1.0284e-016	1.61161e-018	4.25779e-020	9.08815e-022	1.90383e-023	3.3067e-025	4.26304e-027	4.41287e-029	4.37591e-031	2.82177e-033	1.80111e-035	1.00394e-037	4.28346e-040	1.59137e-042	6.31599e-045	1.69717e-047	4.79359e-050	1.21594e-052	2.56254e-055	4.89215e-058	1.05918e-060	1.50887e-063	2.38286e-066	3.50238e-069	4.39635e-072	5.02042e-075	6.50374e-078	5.78789e-081	5.88057e-084	5.72879e-087	4.65138e-090	3.67668e-093	3.74969e-096	3.57923e-099	4.86594e-102	7.5347e-105	1.30781e-107	
N37	6.80278e-011	1.74173e-009	4.0236e-008	5.11288e-007	4.12876e-006	2.49427e-005	9.64176e-005	0.000360845	0.00100597	0.00189743	0.00458537	0.0135597	0.0281826	0.0229929	0.0192813	0.0190145	0.033423	0.0896755	0.186331	0.218953	0.13055	0.0923453	0.0785889	0.0442576	0.0121533	0.00231919	0.000365265	2.96172e-005	1.70056e-006	1.25693e-007	4.14096e-009	7.92593e-010	3.62642e-010	7.75707e-011	1.61979e-011	4.21626e-012	3.08826e-013	5.28698e-014	2.77526e-015	2.67954e-016	5.47294e-018	3.3927e-019	3.25182e-021	1.03544e-022	1.07962e-024	1.35972e-026	6.93283e-029	1.03738e-030	4.07496e-033	3.12319e-035	1.3499e-037	5.29474e-040	1.7469e-042	1.57331e-044	2.13883e-047	1.12737e-049	4.17878e-052	1.15444e-054	2.17988e-057	1.95584e-059	1.5929e-062	6.19815e-065	1.64429e-067	2.90511e-070	2.81625e-073	1.58231e-075	9.66844e-079	2.30429e-081	5.36989e-084	4.14841e-086	
Schoenoplectus_lacustris	0	0	0	0	0	0	0	0	0	0	0	0	0	0	0	0	0	0	0	0	1	0	0	0	0	0	0	0	0	0	0	0	0	0	0	0	0	0	0	0	0	0	0	0	0	0	0	0	0	0	0	0	0	0	0	0	0	0	0	0	0	0	0	0	0	0	0	0	0	0	
Schoenoplectus_pungens	0	0	0	0	0	0	0	0	0	0	0	0	0	0	0	0	0	0	0	0	0	0	0	0	0	0	0	0	0	0	0	0	0	0	0	0	0	0	1	0	0	0	0	0	0	0	0	0	0	0	0	0	0	0	0	0	0	0	0	0	0	0	0	0	0	0	0	0	0	0	
N38	4.93608e-022	5.1273e-019	2.94416e-016	1.83394e-014	2.65033e-012	5.55102e-011	5.75265e-009	7.7932e-010	1.16303e-007	5.43233e-007	3.68195e-007	2.27333e-007	3.68051e-005	0.00131164	2.78408e-005	1.17828e-007	1.66135e-008	4.28679e-006	0.000735375	0.0528552	0.917932	0.0268978	0.000196715	6.56265e-007	1.09589e-009	1.20151e-012	9.85369e-016	5.26788e-019	2.27931e-022	9.26465e-026	2.32923e-029	5.47622e-033	1.14968e-036	1.70098e-040	2.23316e-044	3.08687e-048	2.59864e-052	2.33186e-056	1.81909e-060	1.17361e-064	6.32405e-069	4.09142e-073	1.58637e-077	7.83825e-082	3.39855e-086	1.18167e-090	3.44967e-095	1.33152e-099	2.9636e-104	8.12969e-109	1.89008e-113	3.70046e-118	6.4503e-123	1.55926e-127	1.86462e-132	2.93469e-137	4.23885e-142	5.06841e-147	5.26118e-152	7.55075e-157	5.38819e-162	5.58687e-167	5.17405e-172	3.80492e-177	2.35996e-182	1.60278e-119	3.28412e-119	7.05426e-119	2.41752e-119	2.4497e-119	
Schoenoplectus_validus	0	0	0	0	0	0	0	0	0	0	0	0	0	0	0	0	0	0	0	0	1	0	0	0	0	0	0	0	0	0	0	0	0	0	0	0	0	0	0	0	0	0	0	0	0	0	0	0	0	0	0	0	0	0	0	0	0	0	0	0	0	0	0	0	0	0	0	0	0	0	
N39	2.6549e-029	2.20582e-025	7.75855e-022	2.2754e-019	1.33514e-016	1.21691e-014	4.24531e-012	4.43156e-013	2.59563e-010	1.35414e-009	8.06827e-010	8.08443e-010	8.1495e-007	0.00010376	5.2995e-007	2.89783e-010	1.25669e-011	2.67017e-008	3.92428e-005	0.0170353	0.974387	0.00842349	9.75679e-006	3.44663e-009	5.1969e-013	1.11462e-016	1.85818e-019	4.04672e-022	2.00586e-025	4.49198e-028	1.5711e-031	3.31327e-035	3.50487e-039	6.93355e-044	5.15192e-048	1.86708e-052	3.01024e-057	3.06688e-060	7.54354e-065	8.54732e-068	1.06185e-072	7.98672e-076	3.30998e-081	5.53488e-085	3.99157e-090	2.0647e-094	2.80637e-099	1.67888e-103	1.48281e-108	3.6718e-113	2.30597e-118	1.79299e-123	3.38029e-128	5.39283e-133	1.26362e-138	2.0972e-142	5.19129e-147	6.72963e-152	5.79311e-157	1.71013e-160	2.2432e-166	2.08854e-170	4.11242e-175	2.50058e-180	2.90459e-186	2.15502e-190	1.37134e-196	1.38737e-201	1.50197e-206	8.86347e-211	
Schoenoplectus_triqueter	0	0	0	0	0	0	0	0	0	0	0	0	0	0	0	0	0	0	0	0	1	0	0	0	0	0	0	0	0	0	0	0	0	0	0	0	0	0	0	0	0	0	0	0	0	0	0	0	0	0	0	0	0	0	0	0	0	0	0	0	0	0	0	0	0	0	0	0	0	0	
Schoenoplectus_tabernaemontani	0	0	0	0	0	0	0	0	0	0	0	0	0	0	0	0	0	0	0	0	1	0	0	0	0	0	0	0	0	0	0	0	0	0	0	0	0	0	0	0	0	0	0	0	0	0	0	0	0	0	0	0	0	0	0	0	0	0	0	0	0	0	0	0	0	0	0	0	0	0	
N40	0.000790226	0.00275799	0.00892454	0.0211548	0.0398408	0.0665677	0.0858443	0.104096	0.118465	0.112832	0.101238	0.0992431	0.0823803	0.0657917	0.0444281	0.0233628	0.0114742	0.00639516	0.00272406	0.00114669	0.000407198	0.000106998	2.24331e-005	4.41292e-006	5.48037e-007	6.55187e-008	6.63441e-009	4.93393e-010	3.07066e-011	1.98788e-012	8.37938e-014	3.64491e-015	1.3702e-016	4.13991e-018	1.10379e-019	3.31836e-021	6.21589e-023	1.29571e-024	2.47075e-026	3.97067e-028	5.60049e-030	8.99794e-032	9.46128e-034	1.16509e-035	1.33645e-037	1.24103e-039	1.05304e-041	1.09261e-043	7.33913e-046	5.78549e-048	4.16995e-050	2.61697e-052	1.50977e-054	1.10971e-056	4.90736e-059	2.66992e-061	1.35505e-063	6.10088e-066	2.49842e-068	1.28002e-070	4.13805e-073	1.68729e-075	6.60793e-078	2.15342e-080	6.64843e-083	2.85439e-085	1.02569e-087	5.82619e-090	4.02758e-092	3.6318e-094	
N41	5.31325e-005	0.000247894	0.00116179	0.00402911	0.0108101	0.0243037	0.042556	0.0658748	0.0913185	0.103291	0.108325	0.124933	0.13475	0.128328	0.0935471	0.0452785	0.0158258	0.00442347	0.000806478	0.000121395	1.46224e-005	1.26877e-006	8.78503e-008	5.52456e-009	2.35968e-010	9.7597e-012	3.70327e-013	1.08579e-014	2.87143e-016	8.59661e-018	1.67433e-019	3.53336e-021	6.77246e-023	1.00751e-024	1.36301e-026	2.18731e-028	2.08086e-030	2.37464e-032	2.48957e-034	2.29083e-036	1.82034e-038	1.86661e-040	1.12333e-042	9.21829e-045	6.79394e-047	4.13468e-049	2.18361e-051	1.63633e-053	6.89434e-056	3.79538e-058	1.83158e-060	7.67918e-063	2.92273e-065	1.66362e-067	4.57148e-070	1.80439e-072	6.5272e-075	2.12038e-077	6.0574e-080	2.59283e-082	5.49115e-085	1.81065e-087	5.44937e-090	1.36021e-092	2.88406e-095	1.04774e-097	2.11386e-100	8.24709e-103	4.49382e-105	3.85879e-107	
Schoenoplectiella_articulata	0	0	0	0	0	0	0	0	0	0	0	0	0	0	1	0	0	0	0	0	0	0	0	0	0	0	0	0	0	0	0	0	0	0	0	0	0	0	0	0	0	0	0	0	0	0	0	0	0	0	0	0	0	0	0	0	0	0	0	0	0	0	0	0	0	0	0	0	0	0	
Schoenoplectiella_senegalensis	0	0	0	0	0	0	0	0	0	0	0	0	0	1	0	0	0	0	0	0	0	0	0	0	0	0	0	0	0	0	0	0	0	0	0	0	0	0	0	0	0	0	0	0	0	0	0	0	0	0	0	0	0	0	0	0	0	0	0	0	0	0	0	0	0	0	0	0	0	0	
N42	2.73419e-014	4.31299e-012	3.65268e-010	9.93547e-009	1.71119e-007	1.55022e-006	9.72615e-006	3.54796e-005	0.000159675	0.000605359	0.00117135	0.00280141	0.00513454	0.0117996	0.018962	0.0101173	0.00840997	0.0248644	0.0623373	0.100871	0.225085	0.321795	0.16541	0.0370755	0.00317411	0.000174685	5.25551e-006	7.64853e-008	7.27719e-010	8.64384e-012	1.22283e-013	5.23764e-015	2.86777e-016	9.72647e-018	2.01819e-019	3.41877e-021	2.38737e-023	1.38052e-025	5.38446e-028	1.36579e-030	2.39776e-033	4.14442e-036	3.70305e-039	3.55767e-042	2.76822e-045	1.53719e-048	6.92122e-052	3.72764e-055	1.09507e-058	3.71047e-062	1.04355e-065	2.41404e-069	4.72524e-073	1.21246e-076	1.57381e-080	2.58234e-084	3.67815e-088	4.5062e-092	4.6855e-096	6.35765e-100	4.66618e-104	4.55928e-108	4.05327e-112	2.84041e-116	1.73145e-120	1.54496e-124	9.26203e-129	9.58976e-133	1.27297e-136	2.00365e-140	
N43	3.05665e-015	3.60153e-013	3.00894e-011	1.10208e-009	2.26681e-008	2.66901e-007	1.98834e-006	1.10008e-005	5.43988e-005	0.00020603	0.000585923	0.00148891	0.00295288	0.00559706	0.0113751	0.00817099	0.00656795	0.0212381	0.0624872	0.0764146	0.147895	0.321394	0.253309	0.0723786	0.00728595	0.000514406	6.78214e-005	2.94692e-006	1.01848e-007	2.00096e-008	5.72934e-009	2.58933e-009	1.02358e-009	9.94329e-011	1.26646e-011	2.06237e-012	4.26917e-014	7.7924e-015	6.61802e-017	6.30798e-018	2.49571e-020	1.35077e-021	2.73135e-024	7.15109e-026	1.84675e-028	1.36276e-030	2.00081e-033	1.80725e-035	2.8607e-038	1.13998e-040	1.85115e-043	3.23198e-046	5.40979e-049	3.91232e-051	1.38875e-054	8.09184e-057	2.09088e-059	2.61853e-062	1.673e-065	2.06225e-067	4.1478e-071	1.45223e-073	2.63425e-076	2.07475e-079	6.20765e-083	4.04667e-085	6.14955e-089	9.07236e-092	9.82698e-095	4.81205e-097	
Schoenoplectiella_juncoides	0	0	0	0	0	0	0	0	0	0	0	0	0	0	0	0	0	0	0	0	0	0	0	0	0	0	0	0	0	0	0	0	0	0	0	0	1	0	0	0	0	0	0	0	0	0	0	0	0	0	0	0	0	0	0	0	0	0	0	0	0	0	0	0	0	0	0	0	0	0	
Schoenoplectiella_hotarui	0	0	0	0	0	0	0	0	0	0	0	0	0	0	0	0	0	0	0	0	0	1	0	0	0	0	0	0	0	0	0	0	0	0	0	0	0	0	0	0	0	0	0	0	0	0	0	0	0	0	0	0	0	0	0	0	0	0	0	0	0	0	0	0	0	0	0	0	0	0	
N44	2.97814e-017	9.54848e-015	1.7904e-012	1.11514e-010	3.52085e-009	5.91034e-008	5.38244e-007	3.75893e-006	2.63115e-005	0.000108678	0.000250167	0.000958451	0.00242499	0.00690909	0.0127344	0.00572991	0.00500126	0.0226614	0.0662593	0.122049	0.288257	0.331104	0.11397	0.018519	0.0027955	0.000228543	9.36982e-006	2.86555e-007	2.44856e-008	1.93603e-008	4.79021e-009	9.95257e-010	2.05124e-010	8.81087e-012	2.65411e-013	6.8256e-015	2.47196e-017	1.26569e-019	3.19356e-022	5.69586e-025	6.45935e-028	4.10642e-030	2.5143e-033	1.79653e-035	7.76183e-039	3.06676e-041	7.37673e-045	2.01965e-047	3.82519e-051	4.43865e-054	1.02711e-057	4.99845e-061	1.16906e-064	1.09251e-067	9.85125e-072	2.85394e-075	1.06671e-078	1.37232e-082	2.60476e-086	1.11552e-089	5.87769e-094	3.32477e-097	9.83144e-101	1.75069e-104	1.61516e-108	2.06982e-111	6.63048e-116	2.77478e-119	7.12217e-123	4.29886e-126	
Schoenoplectiella_mucronata	0	0	0	0	0	0	0	0	0	0	0	0	0	0	0	0	0	0	0	0	1	0	0	0	0	0	0	0	0	0	0	0	0	0	0	0	0	0	0	0	0	0	0	0	0	0	0	0	0	0	0	0	0	0	0	0	0	0	0	0	0	0	0	0	0	0	0	0	0	0	
N45	5.09427e-018	1.22843e-015	2.03083e-013	1.41795e-011	5.25398e-010	1.0141e-008	1.16933e-007	1.13842e-006	8.30346e-006	4.51771e-005	0.000111326	0.00060102	0.00135631	0.00370685	0.0115753	0.0059341	0.00457368	0.0282265	0.0773307	0.112707	0.244952	0.283949	0.103545	0.0199144	0.00680868	0.00148423	0.000552692	0.000338429	0.00024129	0.0036018	0.0116875	0.0217481	0.0415777	0.0101531	0.00288654	0.000376313	5.5408e-006	3.3998e-007	2.84323e-009	3.11598e-010	1.22431e-012	1.12478e-013	2.0547e-016	9.58018e-018	1.2142e-020	2.13812e-022	1.63395e-025	1.6803e-027	1.9557e-030	7.16494e-033	1.0248e-035	1.34508e-038	2.36297e-041	6.33308e-044	1.55866e-047	3.41879e-050	6.75062e-053	5.67273e-056	3.65363e-059	4.75304e-061	7.42789e-065	3.55538e-067	5.65617e-070	3.57721e-073	9.74644e-077	8.01516e-079	6.72823e-083	1.05979e-085	1.07368e-088	2.29904e-091	
Schoenoplectiella_lineolata	0	0	0	0	0	0	0	0	0	0	0	0	0	0	0	0	0	0	0	0	0	0	0	0	0	0	0	0	0	1	0	0	0	0	0	0	0	0	0	0	0	0	0	0	0	0	0	0	0	0	0	0	0	0	0	0	0	0	0	0	0	0	0	0	0	0	0	0	0	0	
Schoenoplectiella_wallichii	0	0	0	0	0	0	0	0	0	0	0	0	0	0	0	0	0	0	0	0	0	0	0	0	0	0	0	0	0	0	0	0	0	0	0	1	0	0	0	0	0	0	0	0	0	0	0	0	0	0	0	0	0	0	0	0	0	0	0	0	0	0	0	0	0	0	0	0	0	0	
N46	0.170045	0.224539	0.224243	0.168735	0.103816	0.0617905	0.0258029	0.0120367	0.00551172	0.00209017	0.00073102	0.000443031	0.000114103	6.3804e-005	2.28892e-005	9.83967e-006	2.61127e-006	2.3657e-006	3.7144e-007	2.39484e-007	7.1417e-008	2.62234e-008	4.95967e-009	3.64571e-009	3.10112e-010	1.31701e-010	3.46238e-011	7.44874e-012	5.60179e-013	2.86992e-013	1.6644e-014	5.47922e-015	4.8757e-016	5.88907e-017	3.88942e-018	2.09098e-018	4.449e-020	5.80222e-021	4.91048e-022	7.45077e-023	2.47355e-024	4.26927e-025	6.95566e-027	1.26452e-027	6.29714e-029	2.54652e-030	6.48928e-032	1.78077e-032	1.83103e-034	1.05481e-035	3.22958e-037	2.2149e-038	2.93941e-040	5.76171e-041	3.62429e-043	3.10406e-044	3.64019e-046	1.13052e-047	1.854e-049	2.4604e-050	1.11214e-052	4.00793e-054	1.18298e-055	3.46759e-057	1.63351e-059	1.28488e-060	7.43698e-063	3.08659e-064	5.15611e-066	1.17205e-066	
N47	0.0246819	0.0451048	0.073753	0.0993115	0.115886	0.128657	0.113637	0.0997433	0.0849741	0.0627118	0.0451091	0.0363888	0.0229079	0.0159762	0.0110142	0.00694808	0.00448541	0.00368981	0.00207936	0.00137923	0.000836633	0.000418546	0.000179883	8.83978e-005	2.57555e-005	8.88827e-006	2.74141e-006	6.41661e-007	1.27875e-007	3.20883e-008	4.66794e-009	8.31241e-010	1.24755e-010	1.57969e-011	1.7626e-012	2.68912e-013	2.0684e-014	2.11355e-015	1.95395e-016	1.61311e-017	1.10801e-018	1.01008e-019	5.06991e-021	3.61141e-022	2.32041e-023	1.19985e-024	5.52048e-026	3.78608e-027	1.35558e-028	6.70514e-030	2.87805e-031	1.13366e-032	3.8764e-034	2.08302e-035	5.1049e-037	1.85386e-038	5.84038e-040	1.71877e-041	4.34599e-043	1.64378e-044	3.05885e-046	8.62567e-048	2.2514e-049	4.75209e-051	8.59884e-053	2.58323e-054	4.72577e-056	1.63775e-057	7.78361e-059	7.20703e-060	
Schoenoplectus_litoralis	0	0	0	0	0	0	0	0	0	0	0	0	0	0	0	0	0	0	0	1	0	0	0	0	0	0	0	0	0	0	0	0	0	0	0	0	0	0	0	0	0	0	0	0	0	0	0	0	0	0	0	0	0	0	0	0	0	0	0	0	0	0	0	0	0	0	0	0	0	0	
N48	5.21424e-016	1.52058e-013	2.26588e-011	8.62755e-010	1.89129e-008	2.13671e-007	2.035e-006	6.56974e-006	5.0219e-005	0.00016394	0.000121842	0.000917163	0.00470941	0.00968614	0.00325638	0.00154996	0.00399596	0.0273855	0.303076	0.531784	0.103284	0.00485517	0.00290358	0.00196498	0.000255362	2.06197e-005	6.48424e-006	3.4927e-006	6.48282e-007	5.35948e-008	1.41314e-009	1.02968e-011	3.01649e-014	4.37028e-017	4.10914e-020	3.20769e-023	1.45584e-026	6.24592e-030	9.81133e-033	1.3469e-034	1.7611e-036	2.07615e-038	1.45332e-040	9.26428e-043	8.83865e-045	3.51023e-046	1.39503e-047	4.6625e-049	9.91529e-051	2.35341e-052	5.41208e-054	1.11023e-055	2.20802e-057	5.27655e-059	8.87777e-061	1.74769e-062	3.38598e-064	5.91593e-066	9.90391e-068	1.97282e-069	2.84061e-071	4.88303e-073	8.4071e-075	1.26754e-076	1.95137e-078	4.02778e-080	8.19163e-082	2.39444e-083	8.11243e-085	2.9699e-086	
Bolboschoenus_maritimus	0	0	0	0	0	0	0	0	0	0	0	0	0	0	0	0	0	0	0	1	0	0	0	0	0	0	0	0	0	0	0	0	0	0	0	0	0	0	0	0	0	0	0	0	0	0	0	0	0	0	0	0	0	0	0	0	0	0	0	0	0	0	0	0	0	0	0	0	0	0	
N49	1.06117e-016	2.80095e-014	4.29211e-012	2.0638e-010	5.40965e-009	7.36136e-008	6.37817e-007	3.56735e-006	2.66097e-005	7.06954e-005	9.6137e-005	0.000758296	0.00353697	0.00860541	0.0023656	0.00154144	0.0037647	0.022338	0.251309	0.424093	0.0866772	0.00414903	0.00297393	0.00241183	0.000464591	0.000202234	0.00176881	0.015416	0.0391182	0.111766	0.0149466	0.00155976	3.6339e-005	1.80675e-007	1.10962e-009	4.44287e-011	1.5308e-014	7.94174e-015	9.66006e-017	1.82471e-015	2.0168e-017	1.40944e-016	9.6861e-019	2.22353e-018	4.14766e-020	6.71248e-021	3.09178e-023	2.04588e-024	3.15382e-027	3.26198e-029	5.13865e-032	1.66331e-034	1.6295e-037	6.05172e-039	3.13003e-043	1.40859e-044	4.1705e-047	3.21959e-050	3.03621e-054	2.37503e-055	3.98804e-060	3.46144e-062	5.49714e-065	2.27441e-068	5.89696e-073	1.23846e-074	2.55725e-079	6.31174e-082	2.93294e-085	2.47459e-087	
Bolboschoenus_fluviatilis	0	0	0	0	0	0	0	0	0	0	0	0	0	0	0	0	0	0	0	0	0	0	0	0	0	0	0	0	0	0	0	0	0	0	0	0	0	0	0	0	0	0	0	0	0	0	1	0	0	0	0	0	0	0	0	0	0	0	0	0	0	0	0	0	0	0	0	0	0	0	
Bolboschoenus_planiculmis	0	0	0	0	0	0	0	0	0	0	0	0	0	0	0	0	0	0	0	0	0	0	0	0	0	0	0	1	0	0	0	0	0	0	0	0	0	0	0	0	0	0	0	0	0	0	0	0	0	0	0	0	0	0	0	0	0	0	0	0	0	0	0	0	0	0	0	0	0	0	
N50	5.00486e-007	5.9706e-006	5.67538e-005	0.00031275	0.00121737	0.00380596	0.00871839	0.0175689	0.0318089	0.0465808	0.0625718	0.0900031	0.110585	0.138456	0.17004	0.151329	0.0952661	0.0480181	0.0153108	0.00478166	0.00205192	0.00098289	0.000383898	0.00011919	2.10547e-005	2.88851e-006	2.83651e-007	1.77654e-008	8.17451e-010	3.29438e-011	8.32064e-013	1.89596e-014	3.52686e-016	4.96691e-018	5.89999e-020	7.07998e-022	5.56838e-024	4.43232e-026	3.15547e-028	1.8333e-030	9.32199e-033	4.99705e-035	1.86196e-037	7.45608e-040	2.76945e-042	8.33291e-045	2.29221e-047	7.07591e-050	1.5308e-052	3.61497e-055	7.90146e-058	1.48062e-060	2.57772e-063	5.22619e-066	7.11182e-069	1.09916e-071	1.60995e-074	2.05986e-077	2.43915e-080	3.34408e-083	3.19362e-086	3.55003e-089	3.83663e-092	3.53692e-095	3.24736e-098	3.90818e-101	4.52205e-104	7.25869e-107	1.30967e-109	2.71069e-112	
Fuirena_umbellata	0	0	0	0	0	0	0	0	0	0	0	0	0	0	0	0	0	0	0	0	0	0	0	0	0	1	0	0	0	0	0	0	0	0	0	0	0	0	0	0	0	0	0	0	0	0	0	0	0	0	0	0	0	0	0	0	0	0	0	0	0	0	0	0	0	0	0	0	0	0	
N51	5.6871e-009	1.20459e-007	2.20794e-006	2.21358e-005	0.000146115	0.000672912	0.00227701	0.00580074	0.015616	0.0298045	0.0378147	0.0575331	0.117651	0.200675	0.217953	0.151314	0.0846279	0.0474533	0.0210457	0.00711525	0.00199582	0.000413208	5.96774e-005	5.65695e-006	2.86222e-007	9.62025e-009	2.16557e-010	3.03046e-012	3.00527e-014	2.61062e-016	1.51262e-018	1.11914e-020	9.04523e-023	6.3188e-025	3.67477e-027	3.36996e-029	1.16756e-031	5.10794e-034	2.35717e-036	5.69051e-039	1.43119e-041	4.38972e-044	5.78885e-047	1.28152e-049	2.28882e-052	4.14262e-055	4.79633e-058	1.57731e-060	1.3899e-063	3.77303e-066	3.51413e-069	7.09264e-072	5.04975e-075	1.21876e-077	6.32409e-081	8.82927e-084	6.67826e-087	6.7247e-090	4.05594e-093	4.43865e-096	1.74133e-099	1.45937e-102	1.26544e-105	5.26278e-109	2.24128e-112	2.46358e-115	7.88755e-119	7.76992e-122	1.10452e-124	3.56114e-127	
Fuirena_simplex	0	0	0	0	0	0	0	0	0	0	0	0	0	0	1	0	0	0	0	0	0	0	0	0	0	0	0	0	0	0	0	0	0	0	0	0	0	0	0	0	0	0	0	0	0	0	0	0	0	0	0	0	0	0	0	0	0	0	0	0	0	0	0	0	0	0	0	0	0	0	
N52	4.05299e-013	3.33656e-011	2.09776e-009	5.77296e-008	9.94221e-007	8.91565e-006	6.25152e-005	0.000286867	0.00116429	0.00437118	0.0127653	0.0242954	0.0354865	0.0653203	0.108601	0.146032	0.0828125	0.0330325	0.0623548	0.121118	0.172616	0.0983804	0.0279916	0.00320255	9.42625e-005	2.29202e-006	3.59576e-008	3.46337e-010	2.22805e-012	2.23915e-014	8.52486e-017	5.58311e-019	1.76925e-021	6.44817e-024	1.30794e-026	5.27603e-029	5.99658e-032	1.20561e-034	1.9766e-037	2.61217e-040	2.76729e-043	5.21318e-046	3.00259e-049	4.25962e-052	4.60901e-055	3.77505e-058	2.22917e-061	3.72576e-064	1.29794e-067	1.06234e-070	6.27227e-074	3.4755e-077	1.21018e-080	1.28845e-083	2.62611e-087	1.48652e-090	5.12129e-094	2.00299e-097	5.47632e-101	3.86378e-104	5.77378e-108	2.58968e-111	8.85423e-115	3.04518e-118	4.25367e-122	2.25992e-125	3.41174e-129	1.64505e-132	6.34743e-136	7.51831e-139	
Fuirena_ciliaris	0	0	0	0	0	0	0	0	0	0	0	0	0	0	0	0	0	0	1	0	0	0	0	0	0	0	0	0	0	0	0	0	0	0	0	0	0	0	0	0	0	0	0	0	0	0	0	0	0	0	0	0	0	0	0	0	0	0	0	0	0	0	0	0	0	0	0	0	0	0	
N53	7.54682e-022	7.11028e-019	3.67211e-016	4.52087e-014	6.00907e-012	6.36209e-011	2.81361e-009	1.2598e-008	9.02808e-008	5.51103e-006	2.38115e-005	2.07112e-005	6.83792e-006	0.000318728	0.00867238	0.00155501	3.47983e-005	3.5934e-007	3.42611e-006	0.000276521	0.0109875	0.166249	0.749691	0.0610844	0.00105903	1.07155e-005	7.48216e-008	1.64244e-010	2.79145e-013	4.26308e-016	2.45317e-019	2.00156e-022	1.04488e-025	7.15607e-029	2.30585e-032	2.07617e-035	4.13576e-039	2.13209e-042	4.11214e-046	1.28467e-049	1.79973e-053	4.51008e-057	4.04253e-061	3.47205e-064	3.97845e-066	2.79376e-068	2.2489e-070	4.56687e-072	2.42474e-074	3.7737e-076	4.31438e-078	4.46834e-080	3.19315e-082	1.16681e-083	1.0106e-085	3.73731e-087	3.8255e-089	2.97869e-091	1.42391e-093	2.49711e-095	7.32302e-098	6.37751e-100	5.00259e-102	2.78231e-104	9.7281e-107	1.22439e-108	4.51003e-111	5.39417e-113	5.22216e-115	1.90508e-116	
Fuirena_breviseta	0	0	0	0	0	0	0	0	0	0	0	0	0	0	0	0	0	0	0	0	0	0	1	0	0	0	0	0	0	0	0	0	0	0	0	0	0	0	0	0	0	0	0	0	0	0	0	0	0	0	0	0	0	0	0	0	0	0	0	0	0	0	0	0	0	0	0	0	0	0	
N54	3.49621e-035	1.54101e-030	2.40495e-026	1.74324e-023	6.99403e-020	9.22374e-019	2.0351e-016	1.81892e-015	3.13577e-014	7.18461e-011	4.27571e-010	3.24674e-010	7.14856e-012	2.13523e-008	2.78425e-005	1.87514e-007	5.93415e-011	5.6476e-015	1.42098e-013	1.28293e-009	5.04076e-006	0.00570565	0.992012	0.00224851	7.08041e-007	7.21954e-011	3.54756e-015	2.39721e-019	2.14656e-023	9.00259e-027	6.92468e-031	4.45608e-035	4.0866e-039	8.88621e-044	1.7826e-048	2.63559e-053	8.78052e-059	5.57494e-064	2.10152e-069	1.39376e-074	4.27929e-080	1.28153e-084	1.98369e-090	3.66738e-095	3.10669e-101	2.58688e-106	8.71084e-113	2.48386e-118	6.60243e-125	5.35824e-131	1.60812e-137	2.76878e-144	3.16179e-151	2.94024e-158	9.07185e-167	1.12482e-035	1.06748e-035	3.64163e-036	2.72628e-036	9.6893e-036	2.28108e-036	9.17189e-036	1.41445e-035	1.35856e-035	7.38244e-036	5.8931e-035	1.12088e-035	3.0822e-035	5.00435e-035	1.42291e-034	
Fuirena_pumila	0	0	0	0	0	0	0	0	0	0	0	0	0	0	0	0	0	0	0	0	0	0	1	0	0	0	0	0	0	0	0	0	0	0	0	0	0	0	0	0	0	0	0	0	0	0	0	0	0	0	0	0	0	0	0	0	0	0	0	0	0	0	0	0	0	0	0	0	0	0	
Fuirena_scirpoidea	0	0	0	0	0	0	0	0	0	0	0	0	0	0	0	0	0	0	0	0	0	0	1	0	0	0	0	0	0	0	0	0	0	0	0	0	0	0	0	0	0	0	0	0	0	0	0	0	0	0	0	0	0	0	0	0	0	0	0	0	0	0	0	0	0	0	0	0	0	0	
N55	0.0354149	0.0728024	0.127269	0.166179	0.172537	0.160282	0.110315	0.0723637	0.0439552	0.0217178	0.00983152	0.00479802	0.00165872	0.00060902	0.000198124	5.17758e-005	1.1783e-005	3.08578e-006	4.74069e-007	8.40755e-008	1.31511e-008	1.69751e-009	1.85659e-010	2.38192e-011	1.7015e-012	1.46857e-013	1.10039e-014	6.09893e-016	2.79696e-017	1.67363e-018	5.60971e-020	2.43928e-021	9.04071e-023	2.94703e-024	8.59661e-026	3.60882e-027	7.13298e-029	1.90449e-030	4.42067e-032	8.94792e-034	1.41644e-035	2.93624e-037	3.0818e-039	4.57621e-041	5.80279e-043	5.68769e-045	4.75635e-047	5.99921e-049	3.69089e-051	3.21883e-053	2.43145e-055	1.75649e-057	1.12847e-059	1.23985e-061	6.09264e-064	4.70304e-066	3.11242e-068	1.93959e-070	1.01421e-072	8.04733e-075	2.93563e-077	1.63812e-079	8.22175e-082	3.2542e-084	1.06096e-086	5.81175e-089	1.81703e-091	1.07328e-093	8.33572e-096	1.00042e-097	
N56	0.0109676	0.0261441	0.0572818	0.0967792	0.131265	0.158105	0.142826	0.121673	0.0971624	0.0637443	0.0391898	0.0277058	0.0133451	0.00745301	0.00375661	0.00157575	0.00059014	0.000316222	7.96643e-005	2.88052e-005	8.42266e-006	2.13931e-006	4.22839e-007	1.26637e-007	1.57348e-008	3.35508e-009	6.03063e-010	8.0301e-011	7.87653e-012	1.46127e-012	1.0041e-013	1.21183e-014	9.66457e-016	6.96875e-017	3.84695e-018	4.5592e-019	1.33296e-020	7.79064e-022	3.58779e-023	1.71021e-024	4.92426e-026	2.66179e-027	4.59618e-029	1.91195e-030	5.53389e-032	1.23507e-033	2.1092e-035	9.35078e-037	1.05323e-038	2.51529e-040	4.33192e-042	8.58334e-044	1.10233e-045	4.24229e-047	3.3008e-049	6.90388e-051	8.96913e-053	1.39028e-054	1.56064e-056	4.50004e-058	2.86269e-060	4.6711e-062	6.38566e-064	7.0217e-066	4.58047e-068	9.53292e-070	5.59173e-072	8.81091e-074	1.59821e-075	9.12821e-077	
N57	3.30295e-006	1.97912e-005	0.000112037	0.00043909	0.00132589	0.00348988	0.00677339	0.0126602	0.0211695	0.026587	0.0372345	0.0618613	0.0744136	0.0673796	0.0493521	0.044923	0.0643854	0.111897	0.123117	0.110367	0.0769706	0.0389283	0.0216691	0.0189509	0.0129827	0.00805608	0.00367967	0.00102426	0.000193856	3.16203e-005	2.91956e-006	2.54081e-007	2.18595e-008	3.36682e-009	1.07191e-009	4.59912e-010	1.17545e-010	3.11444e-011	6.87069e-012	1.14263e-012	1.46877e-013	1.89049e-014	1.35999e-015	1.00697e-016	6.08561e-018	2.63427e-019	9.34365e-021	3.7472e-022	8.7841e-024	2.27501e-025	5.01732e-027	9.084e-029	1.42779e-030	2.78092e-032	3.03058e-034	3.97758e-036	4.67251e-038	4.71863e-040	4.17502e-042	4.58709e-044	3.00712e-046	2.48274e-048	1.91508e-050	1.1941e-052	6.80607e-055	5.39614e-057	3.32774e-059	3.32562e-061	4.11767e-063	7.08368e-065	
Scirpoides_holoschoenus	0	0	0	0	0	0	0	0	0	0	0	0	0	0	0	0	0	0	0	0	1	0	0	0	0	0	0	0	0	0	0	0	0	0	0	0	0	0	0	0	0	0	0	0	0	0	0	0	0	0	0	0	0	0	0	0	0	0	0	0	0	0	0	0	0	0	0	0	0	0	
Scirpoides_holoschoenus_subsp_thunbergii	0	0	0	0	0	0	0	0	0	0	0	0	0	0	0	0	0	0	0	0	0	0	0	0	0	0	0	0	0	0	0	0	0	0	0	0	0	0	0	0	0	1	0	0	0	0	0	0	0	0	0	0	0	0	0	0	0	0	0	0	0	0	0	0	0	0	0	0	0	0	
N58	6.83327e-007	1.18772e-005	0.000152909	0.00103925	0.00464521	0.0152631	0.0353249	0.0684013	0.114561	0.156578	0.178271	0.177275	0.1256	0.0748844	0.0337969	0.0105377	0.0027313	0.000737587	0.000149241	3.15349e-005	5.57335e-006	6.65328e-007	5.56244e-008	3.89317e-009	1.43455e-010	4.62332e-012	1.11653e-013	1.7475e-015	2.0534e-017	2.41418e-019	1.60736e-021	1.08179e-023	5.82575e-026	2.39716e-028	8.26317e-031	3.33351e-033	7.39129e-036	1.90871e-038	4.36499e-041	8.32958e-044	1.3265e-046	2.51021e-049	2.75208e-052	3.74255e-055	4.52048e-058	4.22706e-061	3.43261e-064	3.63988e-067	2.16143e-070	1.58681e-073	1.00326e-076	5.46391e-080	2.58781e-083	1.70272e-086	5.63499e-090	2.479e-093	9.60004e-097	3.29977e-100	9.76332e-104	3.92592e-107	8.45955e-111	2.51672e-114	6.90087e-118	1.51351e-121	2.90675e-125	8.45062e-129	1.63087e-132	5.57729e-136	2.4898e-139	1.38671e-142	
N59	1.07057e-006	1.01263e-005	9.66221e-005	0.000619515	0.00276821	0.00921517	0.0230737	0.0472921	0.0835999	0.120608	0.144257	0.154238	0.134111	0.100054	0.0663759	0.0328137	0.0175965	0.0174226	0.00963486	0.0108582	0.0105719	0.00777074	0.00351722	0.00270884	0.000491169	0.000237187	4.60345e-005	9.23965e-006	7.57431e-007	1.92455e-007	9.6201e-009	1.2372e-009	7.56126e-011	4.43226e-012	1.6034e-013	2.1943e-014	3.13918e-016	1.73028e-017	6.88787e-019	2.38552e-020	3.77741e-022	2.27969e-023	1.80499e-025	7.62735e-027	1.44892e-028	2.15017e-030	1.96949e-032	1.03006e-033	4.95937e-036	9.03961e-038	9.43374e-040	1.90101e-041	8.68025e-044	2.9909e-045	8.415e-048	1.82566e-049	8.93786e-052	8.76164e-054	4.67683e-056	1.11285e-057	2.10217e-060	2.2364e-062	1.94556e-064	1.24345e-066	2.64684e-069	4.70551e-071	1.03484e-073	1.05703e-075	6.60794e-078	2.7207e-079	
Cyperus_fuscus	0	0	0	0	0	0	0	0	0	0	0	0	0	0	0	0	0	0	0	0	0	0	0	1	0	0	0	0	0	0	0	0	0	0	0	0	0	0	0	0	0	0	0	0	0	0	0	0	0	0	0	0	0	0	0	0	0	0	0	0	0	0	0	0	0	0	0	0	0	0	
Cyperus_eragrostis	0	0	0	0	0	0	0	0	0	0	0	0	0	0	0	0	0	0	0	0	1	0	0	0	0	0	0	0	0	0	0	0	0	0	0	0	0	0	0	0	0	0	0	0	0	0	0	0	0	0	0	0	0	0	0	0	0	0	0	0	0	0	0	0	0	0	0	0	0	0	
N60	4.25137e-008	1.15717e-006	2.47182e-005	0.000263983	0.00170954	0.00733118	0.0221075	0.0523184	0.0989195	0.1552	0.197565	0.197874	0.13954	0.0793088	0.0343772	0.010323	0.00246239	0.000566098	9.13463e-005	1.46457e-005	1.83152e-006	1.37625e-007	6.87844e-009	3.0001e-010	6.18892e-012	1.5363e-013	3.46375e-015	6.84233e-017	1.18859e-018	6.4573e-020	1.0149e-021	3.29964e-023	6.75572e-025	8.71176e-027	7.99938e-029	1.57366e-030	5.35593e-033	6.64458e-035	2.96466e-037	2.67539e-039	6.39165e-042	7.93766e-044	1.09387e-046	1.22639e-048	3.5554e-051	2.65048e-053	5.82512e-056	9.30367e-058	1.6973e-060	1.24492e-062	3.35558e-065	1.30538e-067	2.13954e-070	2.04604e-072	1.51768e-075	7.89224e-078	2.06164e-080	4.57744e-083	6.69171e-086	6.36374e-088	3.11459e-091	1.21437e-093	3.03353e-096	4.9939e-099	2.70764e-102	1.75808e-104	6.19354e-108	1.6474e-110	2.36866e-113	1.54795e-115	
N61	1.56293e-016	4.45476e-014	7.70253e-012	5.64322e-010	1.59436e-008	1.11211e-007	3.91927e-006	3.89951e-005	4.36148e-005	0.000635748	0.00142841	0.00010227	0.000257719	0.0108434	0.208002	0.697733	0.0790568	0.00184106	1.27746e-005	4.33614e-008	8.30945e-011	8.63316e-014	5.89817e-017	3.17014e-020	1.26287e-023	1.59801e-025	8.4899e-027	3.72585e-028	1.51066e-029	6.96474e-031	2.26896e-032	8.26177e-034	2.82389e-035	8.22223e-037	2.27109e-038	7.72742e-040	1.69608e-041	4.52436e-043	1.16802e-044	2.68087e-046	5.64423e-048	1.4764e-049	2.50894e-051	5.46056e-053	1.14942e-054	2.0186e-056	3.32726e-058	7.38905e-060	1.02888e-061	1.8356e-063	3.04153e-065	4.5648e-067	6.41743e-069	1.28427e-070	1.43478e-072	2.18853e-074	3.13754e-076	4.16824e-078	5.037e-080	8.45633e-082	8.26714e-084	1.13736e-085	1.51153e-087	1.67629e-089	1.71439e-091	2.68738e-093	2.9838e-095	6.00848e-097	1.64661e-098	5.60503e-100	
Cyperus_alternifolius	0	0	0	0	0	0	0	0	0	0	0	0	0	0	0	1	0	0	0	0	0	0	0	0	0	0	0	0	0	0	0	0	0	0	0	0	0	0	0	0	0	0	0	0	0	0	0	0	0	0	0	0	0	0	0	0	0	0	0	0	0	0	0	0	0	0	0	0	0	0	
N62	1.20775e-016	3.40785e-014	6.07561e-012	4.30046e-010	1.23329e-008	9.94462e-008	3.55704e-006	3.19192e-005	4.07568e-005	0.000578719	0.00130967	9.71939e-005	0.000235816	0.0103359	0.205986	0.701156	0.0784717	0.00174151	1.12446e-005	3.51845e-008	1.4833e-010	1.34021e-012	8.79252e-015	1.36457e-016	1.38978e-019	5.19349e-022	8.16141e-025	1.03751e-027	3.92502e-031	8.98088e-033	1.72102e-037	2.74908e-038	2.98455e-043	1.72755e-044	1.37534e-049	4.53512e-051	3.71845e-056	4.62589e-058	2.05695e-062	3.00807e-065	1.87799e-069	2.72827e-072	4.66882e-077	2.98565e-079	2.10858e-082	4.19565e-086	2.98271e-091	3.01711e-092	3.67123e-098	3.57102e-100	2.03613e-103	3.02394e-107	6.32448e-113	2.06879e-114	2.00221e-120	2.7726e-122	1.98117e-126	2.10836e-130	2.34006e-135	9.67348e-137	5.12602e-143	2.03432e-146	3.24897e-150	9.5668e-152	3.44434e-158	1.16057e-161	5.13773e-166	1.64345e-167	1.09663e-173	1.00535e-175	
Cyperus_difformis	0	0	0	0	0	0	0	0	0	0	0	0	0	0	0	1	0	0	0	0	0	0	0	0	0	0	0	0	0	0	0	0	0	0	0	0	0	0	0	0	0	0	0	0	0	0	0	0	0	0	0	0	0	0	0	0	0	0	0	0	0	0	0	0	0	0	0	0	0	0	
Cyperus_involucratus	0	0	0	0	0	0	0	0	0	0	0	0	0	0	0	1	0	0	0	0	0	0	0	0	0	0	0	0	0	0	0	0	0	0	0	0	0	0	0	0	0	0	0	0	0	0	0	0	0	0	0	0	0	0	0	0	0	0	0	0	0	0	0	0	0	0	0	0	0	0	
N63	2.1334e-009	9.16171e-008	3.16375e-006	5.26825e-005	0.00049257	0.0029148	0.0122353	0.0379778	0.0817132	0.145723	0.214337	0.224569	0.153915	0.0803851	0.0324452	0.00997668	0.00250022	0.000617475	0.000113689	2.339e-005	4.48134e-006	5.03077e-007	4.7814e-008	7.72629e-009	3.2668e-010	3.76952e-011	3.19631e-012	4.19816e-013	3.66003e-014	1.18827e-014	5.08795e-016	9.49373e-017	3.20371e-018	2.90073e-019	5.59903e-021	6.91825e-022	5.9063e-024	3.10888e-025	4.92328e-027	2.06781e-028	6.69256e-030	1.45792e-030	2.94421e-032	4.13016e-033	2.5445e-034	8.55739e-036	1.50345e-037	2.44883e-038	1.67261e-040	9.1415e-042	4.14759e-043	2.06704e-044	2.70965e-046	4.30442e-047	2.25683e-049	1.41341e-050	1.60518e-052	2.22265e-054	1.37182e-056	6.98744e-058	1.0898e-060	1.39482e-062	1.1714e-064	1.11375e-066	1.10341e-069	1.55641e-071	2.42933e-074	3.03894e-076	6.00282e-079	1.85435e-080	
Kyllingiella_microcephala	0	0	0	0	0	0	0	0	0	0	0	0	0	0	0	0	0	0	0	0	0	0	0	0	0	0	0	0	0	0	0	0	0	0	0	0	0	0	0	0	0	0	0	0	0	0	0	0	0	1	0	0	0	0	0	0	0	0	0	0	0	0	0	0	0	0	0	0	0	0	
N64	1.83241e-010	1.19426e-008	6.01042e-007	1.43171e-005	0.000180917	0.00143808	0.00789548	0.0337046	0.0760378	0.129602	0.228253	0.270463	0.154485	0.0619389	0.023805	0.00881489	0.00266091	0.000611325	8.22698e-005	1.00734e-005	1.60628e-006	2.16374e-007	2.43234e-008	2.98483e-009	1.75447e-010	1.87721e-011	1.91093e-012	1.69169e-013	9.76245e-015	1.04007e-015	4.89538e-017	6.51254e-018	4.97977e-019	3.42503e-020	1.18153e-021	6.97446e-023	8.42929e-025	2.21788e-026	3.52707e-028	9.65267e-030	1.4865e-031	1.07175e-032	1.08573e-034	4.93624e-036	2.03003e-037	1.65167e-038	1.46183e-039	3.55961e-040	1.3569e-041	9.25535e-043	5.16314e-044	1.57867e-045	3.11485e-047	1.72108e-048	1.20394e-050	3.38679e-052	3.28624e-054	5.60452e-056	3.12401e-058	1.21189e-059	2.23334e-062	3.71582e-064	1.47192e-066	1.56247e-068	1.83134e-071	2.11307e-073	2.76723e-076	1.84713e-078	4.97478e-081	9.26461e-083	
Cyperus_cuspidatus	0	0	0	0	0	0	0	0	0	0	0	0	0	0	0	0	0	0	0	0	0	0	0	0	0	0	0	0	0	0	0	0	0	0	0	0	0	0	0	0	0	0	0	0	0	0	0	0	0	0	0	0	0	0	0	1	0	0	0	0	0	0	0	0	0	0	0	0	0	0	
N65	1.82535e-011	2.00094e-009	1.53474e-007	5.22659e-006	8.84443e-005	0.000979485	0.00620369	0.0369887	0.0840992	0.1192	0.242316	0.311166	0.142606	0.0350919	0.011843	0.00660326	0.00234049	0.000428303	3.88717e-005	2.55354e-006	1.76926e-007	1.27854e-008	1.79093e-009	5.01179e-010	7.99724e-011	8.71838e-012	5.99327e-013	2.20113e-014	5.12055e-016	1.34222e-017	1.78988e-019	4.24213e-021	1.46648e-022	9.14198e-024	5.57638e-025	6.43434e-026	4.83558e-027	4.20762e-028	2.59869e-029	1.01268e-030	2.57855e-032	9.83847e-034	9.46425e-036	2.66949e-037	3.13181e-039	4.59542e-041	2.48592e-043	5.36982e-045	2.09194e-047	1.64122e-049	9.17808e-052	3.18835e-054	8.86635e-057	3.967e-059	4.67283e-062	8.50215e-065	1.24223e-067	1.35529e-070	1.24831e-073	2.146e-076	9.36892e-080	1.19897e-082	9.81786e-086	1.38202e-088	4.753e-092	1.48257e-094	4.05992e-098	1.02854e-100	9.03554e-104	4.89628e-106	
Cyperus_cyperoides	0	0	0	0	0	0	0	0	0	0	0	0	0	0	0	0	0	0	0	0	0	0	0	0	0	0	0	0	0	0	0	0	0	0	0	0	0	0	0	0	1	0	0	0	0	0	0	0	0	0	0	0	0	0	0	0	0	0	0	0	0	0	0	0	0	0	0	0	0	0	
N66	2.17307e-012	4.59968e-010	6.13313e-008	3.22465e-006	6.62199e-005	0.00110748	0.0057072	0.0474311	0.0976433	0.111108	0.270442	0.335355	0.101956	0.0129061	0.00872287	0.00586123	0.00149473	0.000184321	1.12295e-005	2.22414e-007	9.53391e-009	1.98034e-009	7.56107e-010	2.38761e-010	2.50594e-011	9.97075e-013	1.74768e-014	1.2967e-016	6.19826e-019	5.18564e-021	8.3118e-023	5.07194e-024	8.67462e-025	2.73173e-025	6.36373e-026	1.26633e-026	6.98873e-028	2.2745e-029	3.81307e-031	2.70303e-033	1.11666e-035	4.00428e-038	4.96297e-041	8.25308e-044	8.87318e-047	9.67519e-050	4.58131e-053	1.34648e-055	3.69627e-059	1.02139e-061	4.191e-065	7.13264e-068	2.50188e-071	5.73861e-074	1.73416e-077	1.45548e-080	1.12029e-083	4.71793e-087	2.12868e-090	1.44355e-093	2.53277e-097	1.00269e-100	4.69564e-104	5.80273e-108	1.05969e-111	4.6686e-115	4.05115e-119	2.08257e-122	9.48074e-126	1.89158e-128	
N67	3.06474e-008	6.77592e-007	1.40416e-005	0.00019061	0.00170417	0.0104703	0.0440052	0.125281	0.237683	0.289915	0.202429	0.07179	0.0137325	0.00231532	0.000412802	5.12896e-005	3.656e-006	1.4919e-007	3.54217e-009	5.33753e-011	9.85497e-013	4.36544e-014	2.13652e-015	7.12493e-017	1.35926e-018	1.4759e-020	9.76067e-023	4.09513e-025	1.24036e-027	3.30885e-030	8.7287e-033	7.7973e-035	1.58208e-036	3.09962e-038	4.93255e-040	5.91993e-042	4.1494e-044	1.97242e-046	6.38526e-049	1.29052e-051	1.94107e-054	2.39031e-057	2.06758e-060	2.37344e-063	3.30092e-066	1.54302e-068	3.24451e-071	2.52254e-073	4.05477e-076	2.17378e-078	4.02754e-081	1.52881e-083	3.41246e-086	1.59388e-088	2.84197e-091	5.48116e-094	1.26245e-096	1.22912e-099	1.4022e-102	1.56242e-105	8.01671e-109	5.717e-112	4.04578e-115	1.41593e-118	8.04583e-122	1.05754e-124	1.66122e-127	1.18334e-129	7.07246e-132	4.44841e-134	
Kyllinga_bulbosa	0	0	0	0	0	0	1	0	0	0	0	0	0	0	0	0	0	0	0	0	0	0	0	0	0	0	0	0	0	0	0	0	0	0	0	0	0	0	0	0	0	0	0	0	0	0	0	0	0	0	0	0	0	0	0	0	0	0	0	0	0	0	0	0	0	0	0	0	0	0	
Kyllinga_brevifolia	0	0	0	0	0	0	0	0	1	0	0	0	0	0	0	0	0	0	0	0	0	0	0	0	0	0	0	0	0	0	0	0	0	0	0	0	0	0	0	0	0	0	0	0	0	0	0	0	0	0	0	0	0	0	0	0	0	0	0	0	0	0	0	0	0	0	0	0	0	0	
N68	8.98835e-014	1.88572e-011	2.73963e-009	1.67957e-007	4.41252e-006	8.22952e-005	0.000590585	0.00556882	0.0129782	0.021319	0.0654548	0.116742	0.0378296	0.0113855	0.026893	0.0520137	0.0710453	0.148087	0.0240612	0.0116071	0.00376132	0.0161196	0.0162882	0.144265	0.0459829	0.0749147	0.0149	0.00228173	9.7632e-005	0.000170033	2.90259e-005	7.51699e-005	0.000188699	0.000807385	0.00149196	0.0370876	0.00830867	0.013967	0.00883657	0.0045635	0.000160579	4.00508e-005	4.93941e-007	1.82303e-007	2.5558e-009	4.94672e-011	5.66391e-013	2.5887e-013	1.58951e-015	7.39922e-017	1.32769e-018	1.25628e-019	7.6483e-022	2.47137e-022	9.60423e-025	1.18632e-025	7.61117e-028	1.52779e-029	1.28103e-031	9.25746e-033	7.19577e-036	7.39009e-038	5.80646e-040	4.72917e-042	3.70499e-045	1.55368e-046	7.9336e-050	7.06797e-052	9.68273e-055	3.62738e-056	
Cyperus_capitatus	0	0	0	0	0	0	0	0	0	0	0	0	0	0	0	0	0	0	0	0	0	0	0	0	0	0	0	0	0	0	0	0	0	0	0	0	0	0	0	0	1	0	0	0	0	0	0	0	0	0	0	0	0	0	0	0	0	0	0	0	0	0	0	0	0	0	0	0	0	0	
N69	1.29425e-015	2.67013e-013	4.06665e-011	2.66748e-009	8.64219e-008	1.71666e-006	1.72994e-005	0.000160691	0.000541764	0.00147446	0.00508134	0.00998432	0.00575824	0.00347848	0.00835837	0.0200408	0.0344335	0.0468327	0.0151254	0.00585893	0.00522907	0.0122942	0.0281877	0.12535	0.092928	0.0774717	0.0226858	0.00214517	0.000268847	0.000384036	0.000390509	0.00131594	0.00291882	0.0115915	0.0298919	0.226264	0.100668	0.0734462	0.0254556	0.00378653	0.000169997	8.33029e-006	1.05967e-007	1.26701e-008	2.48886e-009	3.64289e-010	3.16536e-011	1.52306e-011	4.99497e-013	8.77693e-014	9.93195e-015	7.95517e-015	1.10388e-015	9.86587e-016	4.37237e-017	8.03806e-018	4.36422e-019	2.63391e-020	7.91398e-022	4.99315e-023	3.40983e-025	5.24825e-027	7.85622e-029	4.36925e-031	1.609e-033	2.78969e-035	5.93339e-038	5.29874e-040	3.51921e-042	1.33854e-043	
Cyperus_esculentus	0	0	0	0	0	0	0	0	0	0	0	0	0	0	0	0	0	0	0	0	0	0	0	0	0	0	0	0	0	0	0	0	0	0	0	0	0	0	0	0	0	0	0	0	0	0	0	0	0	0	0	0	0	1	0	0	0	0	0	0	0	0	0	0	0	0	0	0	0	0	
N70	1.15516e-015	1.44464e-013	1.48948e-011	7.85534e-010	2.34031e-008	4.22819e-007	4.71096e-006	3.93504e-005	0.000154576	0.000543576	0.00180354	0.00379304	0.00264192	0.002327	0.00514724	0.01143	0.023353	0.0324911	0.01221	0.00564794	0.00590091	0.00924781	0.0217759	0.0885548	0.0943021	0.0629532	0.0177241	0.00186606	0.000409424	0.000737561	0.000871036	0.00203113	0.0032273	0.00821076	0.0325158	0.194353	0.172419	0.117077	0.0534572	0.00966848	0.00100934	9.81697e-005	1.89624e-006	1.9943e-007	4.55095e-009	2.81407e-010	3.81508e-012	4.82782e-013	2.61397e-014	2.18185e-014	1.14204e-014	6.66868e-015	1.51456e-015	7.35804e-016	5.49371e-017	5.77237e-018	4.05196e-019	1.86826e-020	7.18115e-022	3.53623e-023	3.93271e-025	1.47717e-026	3.68291e-028	1.41837e-029	1.15492e-031	1.71067e-032	9.74427e-035	1.06428e-035	2.63398e-037	5.99702e-038	
Cyperus_longus	0	0	0	0	0	0	0	0	0	0	0	0	0	0	0	0	0	0	0	0	0	0	0	0	0	0	0	0	0	0	0	0	0	0	0	0	0	0	0	0	0	0	0	0	0	0	0	0	0	0	0	0	0	0	0	0	0	0	0	1	0	0	0	0	0	0	0	0	0	0	
N71	5.13328e-020	1.0722e-017	1.66183e-015	1.02378e-013	3.30618e-012	8.53066e-011	1.09178e-009	9.22931e-009	6.55044e-008	1.44502e-007	9.79694e-007	4.93896e-006	3.83466e-006	2.16686e-005	3.02768e-005	8.00674e-005	0.000334291	0.000772146	0.000253087	5.12209e-005	3.70826e-005	0.000207286	0.00289723	0.00978641	0.00599178	0.000867403	0.000280352	8.88764e-005	7.97527e-005	7.76199e-005	4.31554e-005	4.4764e-005	0.000672359	0.0125711	0.135263	0.428144	0.34517	0.0535787	0.00259772	4.84727e-005	5.36051e-007	4.27264e-009	1.89149e-011	7.55828e-014	3.02678e-016	1.51847e-017	6.74036e-018	4.45501e-018	1.53575e-018	7.79468e-019	2.55567e-019	8.30205e-020	1.67488e-020	3.5228e-021	2.95026e-022	1.58772e-023	2.93485e-025	2.3701e-027	1.22231e-029	5.16604e-032	1.11876e-034	2.26872e-037	4.23617e-040	4.58092e-043	4.85976e-046	6.91902e-049	8.45226e-052	2.57811e-054	9.19435e-057	3.3749e-059	
Cyperus_iria	0	0	0	0	0	0	0	0	0	0	0	0	0	0	0	0	0	0	0	0	0	0	0	0	0	0	0	0	0	0	0	0	0	0	0	0	0	0	0	0	0	0	0	0	0	0	0	0	0	0	0	0	0	0	0	1	0	0	0	0	0	0	0	0	0	0	0	0	0	0	
Pycreus_flavescens	0	0	0	0	0	0	0	0	0	0	0	0	0	0	0	0	0	0	0	0	0	0	0	0	0	0	0	0	0	0	0	0	0	0	1	0	0	0	0	0	0	0	0	0	0	0	0	0	0	0	0	0	0	0	0	0	0	0	0	0	0	0	0	0	0	0	0	0	0	0	
N72	0.0154434	0.0337185	0.0680206	0.109099	0.143052	0.165318	0.146119	0.118024	0.088168	0.0537032	0.0292387	0.0168725	0.00736501	0.00353525	0.00154343	0.000527433	0.000161058	6.55384e-005	1.65496e-005	5.8741e-006	1.87576e-006	4.89681e-007	9.97287e-008	2.58897e-008	3.22295e-009	6.1224e-010	1.14966e-010	2.00475e-011	3.39097e-012	1.0378e-012	1.46805e-013	3.14817e-014	4.83636e-015	6.27757e-016	6.3209e-017	1.10411e-017	6.04124e-019	5.53813e-020	4.21509e-021	3.3321e-022	2.27722e-023	3.68411e-024	3.02223e-025	5.55335e-026	8.1079e-027	9.15224e-028	8.08524e-029	1.48105e-029	8.60248e-031	8.82166e-032	6.59828e-033	4.94348e-034	2.54203e-035	2.9682e-036	8.69549e-038	5.29128e-039	2.16603e-040	9.19198e-042	2.83982e-043	1.81262e-044	3.22743e-046	1.21379e-047	3.80365e-049	9.26347e-051	1.49265e-052	6.05887e-054	8.50882e-056	2.88781e-057	1.33669e-058	1.77836e-059	
Scirpus_ficinioides	0	0	0	0	0	0	0	0	0	0	0	0	0	0	0	0	0	0	0	0	0	0	0	0	0	0	0	0	0	0	0	0	0	0	0	0	0	0	0	0	0	0	0	0	0	0	0	0	0	0	0	1	0	0	0	0	0	0	0	0	0	0	0	0	0	0	0	0	0	0	
N73	0.000346504	0.0023429	0.0125864	0.0413034	0.093496	0.162678	0.193101	0.18826	0.146909	0.0826014	0.0422792	0.0220212	0.00863468	0.0026711	0.000632732	0.000113032	1.90548e-005	3.34808e-006	4.01206e-007	3.75861e-008	2.45092e-009	9.92344e-011	2.81382e-012	6.61125e-014	9.43959e-016	1.23147e-017	1.40233e-019	1.28489e-021	1.14072e-023	1.19112e-025	8.8695e-028	6.87103e-030	4.55567e-032	2.32683e-034	1.008e-036	4.6604e-039	1.30553e-041	3.89513e-044	1.03228e-046	2.23355e-049	4.14546e-052	8.69402e-055	1.15116e-057	1.78284e-060	2.5252e-063	2.83675e-066	2.85147e-069	3.4802e-072	2.66984e-075	2.37071e-078	1.89053e-081	1.27842e-084	7.83577e-088	6.10037e-091	2.7553e-094	1.53521e-097	7.8929e-101	3.55833e-104	1.43755e-107	7.46605e-111	2.31506e-114	9.40977e-118	3.60079e-121	1.13704e-124	3.27689e-128	1.35324e-131	4.23003e-135	2.20519e-138	1.44445e-141	1.12446e-144	
N74	0.000632147	0.0034699	0.0163086	0.0505571	0.109511	0.175027	0.2019	0.182808	0.131579	0.0716424	0.0336935	0.0151957	0.00563904	0.00162962	0.000348086	5.19324e-005	6.24259e-006	6.99711e-007	5.08438e-008	3.01231e-009	1.48481e-010	4.53964e-012	1.22615e-013	4.8817e-015	8.01596e-017	2.56335e-018	6.49372e-020	1.16617e-021	1.47872e-023	3.7344e-025	2.63835e-027	4.42004e-029	3.52699e-031	3.89605e-033	2.0543e-035	4.25297e-037	1.32198e-039	1.93708e-041	9.22323e-044	9.14781e-046	2.98515e-048	3.46475e-050	6.85863e-053	5.54033e-055	2.74143e-057	8.8721e-060	2.07189e-062	2.23713e-064	2.96526e-067	1.48664e-069	5.11369e-072	1.77302e-074	2.76367e-077	3.031e-079	2.43997e-082	1.37833e-084	3.19719e-087	7.58744e-090	1.01346e-092	8.35841e-095	4.93085e-098	1.58628e-100	3.94361e-103	8.02839e-106	5.25056e-109	2.61526e-111	1.95134e-114	7.13968e-117	1.24255e-119	1.50299e-121	
Isolepis_marginata	0	0	0	1	0	0	0	0	0	0	0	0	0	0	0	0	0	0	0	0	0	0	0	0	0	0	0	0	0	0	0	0	0	0	0	0	0	0	0	0	0	0	0	0	0	0	0	0	0	0	0	0	0	0	0	0	0	0	0	0	0	0	0	0	0	0	0	0	0	0	
N75	1.5819e-005	0.000120429	0.000878539	0.0041813	0.0139061	0.0353355	0.0638923	0.0959529	0.13242	0.124679	0.0902846	0.0905831	0.0963045	0.109596	0.0885899	0.039307	0.0108629	0.00277029	0.000286568	3.07112e-005	2.32746e-006	1.30169e-007	5.20325e-009	2.57698e-010	5.53522e-012	1.6745e-013	4.14338e-015	7.23897e-017	9.60432e-019	2.06379e-020	1.85799e-022	2.60781e-024	2.62942e-026	2.34113e-028	1.66779e-030	2.23535e-032	9.29164e-035	6.88546e-037	4.21193e-039	2.5742e-041	1.06183e-043	7.47709e-046	1.98601e-048	1.09835e-050	4.63871e-053	1.52963e-055	4.03349e-058	2.3634e-060	4.35135e-063	1.50459e-065	3.91529e-068	1.07407e-070	2.09027e-073	9.97858e-076	1.18437e-078	3.11789e-081	5.66795e-084	1.12666e-086	1.69345e-089	5.66174e-092	5.22328e-095	1.07612e-097	1.90549e-100	2.73344e-103	2.62639e-106	6.77896e-109	5.97506e-112	1.2951e-114	3.50401e-117	2.0968e-119	
Desmoschoenus_spiralis	0	0	0	0	0	0	0	0	0	0	0	0	0	0	1	0	0	0	0	0	0	0	0	0	0	0	0	0	0	0	0	0	0	0	0	0	0	0	0	0	0	0	0	0	0	0	0	0	0	0	0	0	0	0	0	0	0	0	0	0	0	0	0	0	0	0	0	0	0	0	
Ficinia_nodosa	0	0	0	0	0	0	0	0	0	0	0	0	0	0	1	0	0	0	0	0	0	0	0	0	0	0	0	0	0	0	0	0	0	0	0	0	0	0	0	0	0	0	0	0	0	0	0	0	0	0	0	0	0	0	0	0	0	0	0	0	0	0	0	0	0	0	0	0	0	0	
N76	1.43729e-007	3.44558e-006	6.20054e-005	0.000550353	0.00298396	0.0114443	0.0265646	0.050011	0.088284	0.0940573	0.0886158	0.147145	0.156764	0.146976	0.0799169	0.0337881	0.0184099	0.0271676	0.0145378	0.00962092	0.0026502	0.000411034	3.02504e-005	3.99699e-006	3.18421e-007	1.03665e-007	2.82383e-008	4.617e-009	3.89323e-010	6.66609e-011	2.4254e-012	1.63134e-013	4.80276e-015	1.15058e-016	1.64156e-018	6.07891e-020	3.04484e-022	3.58855e-024	2.80899e-026	2.46295e-028	9.20167e-031	7.43987e-033	1.31517e-035	7.6212e-038	2.32382e-040	5.07097e-043	7.48858e-046	3.89651e-048	3.01185e-051	5.94771e-054	7.26771e-057	1.11247e-059	8.29041e-063	2.57825e-065	9.15354e-069	1.18978e-071	6.79312e-075	5.29409e-078	2.64259e-081	4.56926e-084	1.01506e-087	7.52671e-091	4.44191e-094	2.1866e-097	4.68517e-101	4.79912e-104	9.35048e-108	6.05501e-111	3.44423e-114	6.70798e-117	
N77	4.02522e-008	6.26701e-007	9.61995e-006	8.92282e-005	0.000537453	0.00226001	0.00647819	0.0146663	0.0299292	0.0409252	0.0472979	0.0749699	0.107977	0.111507	0.0761513	0.0415612	0.0332634	0.0615678	0.0703802	0.084159	0.0620194	0.0213248	0.00502457	0.00257259	0.00107908	0.00260874	0.00661248	0.0153486	0.0160089	0.0335326	0.0146693	0.0112281	0.00325994	0.000835728	0.000107935	3.52009e-005	1.51753e-006	1.74927e-007	1.21104e-008	7.7753e-010	2.38229e-011	1.94843e-012	2.60207e-014	1.23188e-015	3.38519e-017	6.26459e-019	7.44185e-021	3.61322e-022	2.17701e-024	4.07e-026	4.77457e-028	7.46646e-030	4.26691e-032	1.28028e-033	3.9941e-036	6.48112e-038	3.38646e-040	2.73775e-042	1.2504e-044	2.30529e-046	4.46745e-049	3.76489e-051	2.49833e-053	1.30116e-055	2.45266e-058	2.74826e-060	5.54251e-063	4.28028e-065	2.24378e-067	6.02399e-069	
Isolepis_crassiuscula	0	0	0	0	0	0	0	0	0	0	0	0	0	0	0	0	0	0	0	0	0	0	0	0	0	0	0	0	0	0	0	1	0	0	0	0	0	0	0	0	0	0	0	0	0	0	0	0	0	0	0	0	0	0	0	0	0	0	0	0	0	0	0	0	0	0	0	0	0	0	
Isolepis_fluitans	0	0	0	0	0	0	0	0	0	0	0	0	0	0	0	0	0	0	0	0	0	0	0	0	0	0	0	0	0	1	0	0	0	0	0	0	0	0	0	0	0	0	0	0	0	0	0	0	0	0	0	0	0	0	0	0	0	0	0	0	0	0	0	0	0	0	0	0	0	0	
N78	1.97123e-009	7.52115e-008	2.31638e-006	3.46486e-005	0.000303917	0.0016993	0.00618607	0.0157123	0.0372915	0.0594624	0.0765889	0.124052	0.192672	0.206942	0.128072	0.0520532	0.0299015	0.0326391	0.0225076	0.010822	0.00271621	0.000316764	2.1524e-005	1.65371e-006	7.61702e-008	6.20202e-009	4.73898e-010	2.81688e-011	1.82119e-012	1.53954e-013	5.69444e-015	1.86337e-016	3.9113e-018	5.25974e-020	5.05411e-022	9.47636e-024	4.53206e-026	5.77016e-028	3.48887e-030	2.94255e-032	1.04097e-034	7.52781e-037	1.58728e-039	6.08099e-042	2.09719e-044	3.3576e-047	5.19573e-050	1.28722e-052	1.06525e-055	1.48628e-058	1.62981e-061	1.69863e-064	1.25534e-067	3.31796e-070	1.36962e-073	2.38908e-076	1.44839e-079	1.67198e-082	7.44446e-086	1.29879e-088	3.42911e-092	3.10103e-095	1.4793e-098	7.84928e-102	1.94891e-105	1.69526e-108	4.33319e-112	2.31036e-115	1.32885e-118	2.40371e-121	
N79	1.42188e-009	3.45187e-008	7.95562e-007	1.07726e-005	9.14903e-005	0.000546075	0.00222553	0.00754027	0.0172965	0.0294119	0.0619775	0.133765	0.191527	0.178537	0.148839	0.110104	0.0684019	0.0366981	0.0108607	0.00186858	0.000241795	4.40386e-005	1.02602e-005	2.0264e-006	2.51543e-007	3.58855e-008	5.63262e-009	5.57495e-010	3.89243e-011	3.12719e-012	9.09695e-014	2.61504e-015	6.31358e-017	7.43076e-019	8.5124e-021	1.29514e-022	8.07281e-025	1.25305e-026	9.30769e-029	1.35527e-030	6.93308e-033	8.9803e-035	3.10995e-037	2.58938e-039	1.24274e-041	5.21992e-044	1.48314e-046	8.88335e-049	1.99588e-051	7.03816e-054	1.88045e-056	3.92666e-059	8.40755e-062	4.18371e-064	4.65537e-067	1.68351e-069	4.1402e-072	9.54665e-075	1.50535e-077	8.22489e-080	6.77573e-083	1.80022e-085	3.46044e-088	5.08272e-091	4.55259e-094	1.5002e-096	9.96835e-100	1.76387e-102	3.7481e-105	2.30645e-107	
Isolepis_setacea	0	0	0	0	0	0	0	0	0	0	0	0	0	1	0	0	0	0	0	0	0	0	0	0	0	0	0	0	0	0	0	0	0	0	0	0	0	0	0	0	0	0	0	0	0	0	0	0	0	0	0	0	0	0	0	0	0	0	0	0	0	0	0	0	0	0	0	0	0	0	
Isolepis_cernua	0	0	0	0	0	0	0	0	0	0	0	0	0	0	0	0	0	0	0	0	0	0	0	0	0	0	1	0	0	0	0	0	0	0	0	0	0	0	0	0	0	0	0	0	0	0	0	0	0	0	0	0	0	0	0	0	0	0	0	0	0	0	0	0	0	0	0	0	0	0	
N80	3.684e-010	1.03571e-008	2.73439e-007	4.08612e-006	3.87799e-005	0.00024179	0.00106498	0.00316937	0.00942485	0.0195908	0.0290107	0.0462012	0.096541	0.14131	0.101098	0.0449623	0.0268892	0.0355383	0.0588776	0.108676	0.15292	0.0881622	0.0276906	0.00777449	0.000651153	0.000105245	3.28362e-005	1.59209e-005	4.6947e-006	2.53323e-006	3.69382e-007	9.7073e-008	9.81788e-009	1.00142e-009	4.54437e-011	4.70884e-012	8.23579e-014	3.30005e-015	8.19115e-017	1.7666e-018	2.207e-020	6.19436e-022	3.51996e-024	6.08623e-026	6.98832e-028	5.4092e-030	2.84901e-032	5.55193e-034	1.53907e-036	1.27592e-038	6.99251e-041	4.25463e-043	1.15327e-045	1.39274e-047	2.1071e-050	1.34476e-052	3.57663e-055	1.2609e-057	2.65979e-060	1.95544e-062	1.93384e-065	7.34071e-068	2.19963e-070	5.64743e-073	5.29483e-076	2.5596e-078	2.67538e-081	1.05231e-083	2.69076e-086	3.14147e-088	
Isolepis_prolifera	0	0	0	0	0	0	0	0	0	0	0	0	0	0	0	0	0	0	0	0	0	0	0	0	0	0	0	0	0	0	0	0	1	0	0	0	0	0	0	0	0	0	0	0	0	0	0	0	0	0	0	0	0	0	0	0	0	0	0	0	0	0	0	0	0	0	0	0	0	0	
Isolepis_aucklandica	0	0	0	0	0	0	0	0	0	0	0	0	0	0	0	0	0	0	0	0	1	0	0	0	0	0	0	0	0	0	0	0	0	0	0	0	0	0	0	0	0	0	0	0	0	0	0	0	0	0	0	0	0	0	0	0	0	0	0	0	0	0	0	0	0	0	0	0	0	0	
