NODE	1	2	3	4	5	6	7	8	9	10	11	12	13	14	15	16	17	18	19	20	21	22	23	24	25	26	27	28	29	30	31	32	33	34	35	36	37	38	39	40	41	42	43	44	45	46	47	48	49	50	51	52	53	54	55	56	57	58	59	60	61	62	
N1	0.000337865	0.0182362	0.118316	0.231939	0.251131	0.209496	0.115078	0.0425579	0.0107217	0.00188898	0.000261888	3.12072e-005	3.28261e-006	3.0961e-007	2.6866e-008	2.17109e-009	1.60857e-010	1.04756e-011	5.74698e-013	4.26318e-017	8.12044e-018	1.39189e-018	2.15701e-019	3.04189e-020	3.93093e-021	4.68529e-022	5.17906e-023	5.33154e-024	5.12622e-025	4.61219e-026	3.88835e-027	3.07531e-028	2.28488e-029	1.59733e-030	1.05277e-031	6.55595e-033	3.86682e-034	2.16559e-035	1.15453e-036	5.87387e-038	2.85876e-039	1.33402e-040	5.98141e-042	2.58207e-043	1.07509e-044	4.3248e-046	1.68341e-047	6.34917e-049	2.32326e-050	8.25722e-052	2.85354e-053	9.59777e-055	3.14477e-056	1.00463e-057	3.1316e-059	9.53262e-061	2.83591e-062	8.2537e-064	2.35469e-065	6.63097e-067	1.91956e-068	8.06807e-070	
N2	0.000203919	0.0135055	0.100233	0.21279	0.239294	0.230967	0.124137	0.0563597	0.0164216	0.00480691	0.000775586	0.000434826	4.20435e-005	2.52656e-005	2.99969e-006	1.3752e-006	1.16824e-007	6.56871e-008	4.35524e-009	1.90172e-009	1.84236e-010	3.64307e-011	3.22379e-012	1.85393e-012	7.97549e-014	1.52762e-014	2.24727e-015	6.86323e-016	3.05028e-017	7.01281e-018	4.19341e-019	1.48859e-019	6.20137e-021	6.41663e-022	4.41642e-023	1.62896e-023	4.54459e-025	4.01058e-026	2.44811e-027	5.71815e-028	1.85793e-029	2.49494e-030	7.74223e-032	1.16252e-032	4.20567e-034	3.24338e-035	1.9375e-036	4.71196e-037	9.84629e-039	5.43025e-040	1.82372e-041	1.95267e-042	6.35059e-044	9.41935e-045	2.97924e-046	4.00336e-047	8.26342e-049	4.09323e-050	1.38906e-051	2.13299e-052	1.42987e-053	4.91254e-054	
N3	2.7686e-006	0.000648723	0.0202803	0.0489298	0.0825745	0.671556	0.145462	0.0275265	0.00263338	0.000334422	4.59266e-005	5.1616e-006	2.4042e-007	9.19113e-009	2.36763e-010	5.19537e-012	8.55378e-014	1.54633e-015	1.86846e-017	2.55012e-019	2.85309e-021	3.19633e-023	3.04342e-025	3.39705e-027	2.74549e-029	2.60542e-031	2.16242e-033	1.84548e-035	1.34862e-037	1.16927e-039	7.86848e-042	6.24239e-044	4.28079e-046	3.11063e-048	2.01456e-050	1.55221e-052	9.18469e-055	6.37305e-057	3.97065e-059	2.64115e-061	1.53917e-063	1.05188e-065	5.83259e-068	3.79007e-070	2.19104e-072	1.34263e-074	7.44674e-077	4.84469e-079	2.53744e-081	1.53865e-083	8.48031e-086	5.02101e-088	2.68144e-090	1.68315e-092	9.12132e-095	5.94529e-097	3.87852e-099	2.96091e-101	2.43598e-103	2.27152e-105	2.15973e-107	2.61664e-109	
N4	8.24133e-009	1.76025e-005	0.00389499	0.00848281	0.0183663	0.936934	0.0318768	0.00042439	3.06442e-006	1.7658e-008	8.52492e-011	3.30637e-013	6.91544e-016	1.23861e-018	1.7913e-021	2.83721e-024	3.85522e-027	9.67835e-030	1.06033e-032	2.08242e-035	2.72863e-038	5.02882e-041	5.39671e-044	1.22945e-046	1.03367e-049	1.80859e-052	1.63838e-055	2.34362e-058	1.77752e-061	2.75644e-064	2.0129e-067	2.99384e-070	2.78225e-073	3.42246e-076	3.28058e-079	6.80177e-082	4.6562e-085	6.06835e-088	6.23876e-091	8.36608e-094	6.50509e-097	1.00706e-099	7.56697e-103	1.20216e-105	9.55514e-109	1.17754e-111	1.04102e-114	1.92977e-117	1.26959e-120	1.54217e-123	1.27348e-126	1.91884e-129	1.33968e-132	1.80104e-135	1.27395e-138	1.77499e-141	1.25613e-144	1.39995e-147	1.29064e-150	2.55525e-153	4.66094e-156	1.48044e-158	
Carex_lingii	0	0	0	0	0	1	0	0	0	0	0	0	0	0	0	0	0	0	0	0	0	0	0	0	0	0	0	0	0	0	0	0	0	0	0	0	0	0	0	0	0	0	0	0	0	0	0	0	0	0	0	0	0	0	0	0	0	0	0	0	0	0	
N5	8.7488e-011	1.04759e-006	0.000945096	0.0019883	0.00575592	0.982767	0.00852579	1.68619e-005	4.20298e-008	4.16619e-011	4.2602e-014	2.37234e-016	4.44488e-020	1.22467e-022	2.1313e-026	3.07754e-029	5.88452e-033	1.80265e-035	2.00793e-039	2.57368e-042	1.25173e-045	6.66251e-049	2.31112e-052	9.95903e-055	8.77265e-059	4.57024e-062	2.08857e-065	4.07916e-068	3.80602e-072	2.21849e-075	4.3022e-079	9.4216e-082	1.15909e-085	5.14176e-089	1.86594e-092	5.8693e-095	5.01042e-099	1.70963e-102	4.26758e-106	5.93851e-109	9.6988e-113	1.48547e-115	1.62745e-119	1.43987e-122	2.17289e-126	1.53634e-129	8.045e-133	2.10259e-135	1.82584e-139	5.57536e-143	7.09196e-147	7.00401e-150	1.04529e-153	1.59547e-156	3.69386e-160	6.33848e-163	5.98786e-167	1.77607e-170	2.35571e-174	3.04873e-177	1.29831e-180	3.1213e-183	
N6	4.3079e-011	5.71364e-007	0.000588944	0.00125237	0.00499789	0.986374	0.00677517	1.06062e-005	2.29262e-007	2.93344e-010	9.22936e-013	4.50376e-014	1.02561e-017	9.0532e-020	2.0648e-023	7.21982e-026	4.64336e-029	1.86905e-030	2.88639e-034	1.2681e-036	2.17581e-039	3.98063e-042	5.6381e-045	2.43603e-046	3.3648e-050	5.10471e-053	7.04074e-056	7.03305e-058	1.05922e-061	1.95016e-064	7.31832e-068	8.87596e-070	2.95366e-073	6.34347e-076	1.51733e-078	4.71866e-080	6.85484e-084	7.21149e-087	5.1689e-090	3.89824e-092	1.40816e-095	1.70529e-097	3.42741e-101	2.20474e-103	6.44492e-107	3.98514e-109	1.14134e-111	2.80125e-113	4.47769e-117	4.71847e-120	1.02738e-123	8.81622e-126	2.60586e-129	3.40582e-131	1.89023e-134	2.97689e-136	5.46174e-140	5.70442e-143	1.54467e-146	1.57077e-148	1.9775e-151	4.65769e-153	
Carex_grandiligulata	0	0	0	0	0	1	0	0	0	0	0	0	0	0	0	0	0	0	0	0	0	0	0	0	0	0	0	0	0	0	0	0	0	0	0	0	0	0	0	0	0	0	0	0	0	0	0	0	0	0	0	0	0	0	0	0	0	0	0	0	0	0	
Carex_pachygyna	0	0	0	0	0	1	0	0	0	0	0	0	0	0	0	0	0	0	0	0	0	0	0	0	0	0	0	0	0	0	0	0	0	0	0	0	0	0	0	0	0	0	0	0	0	0	0	0	0	0	0	0	0	0	0	0	0	0	0	0	0	0	
Carex_siderosticta	0	0	0	0	0	1	0	0	0	0	0	0	0	0	0	0	0	0	0	0	0	0	0	0	0	0	0	0	0	0	0	0	0	0	0	0	0	0	0	0	0	0	0	0	0	0	0	0	0	0	0	0	0	0	0	0	0	0	0	0	0	0	
Carex_scaposa	0	0	0	0	0	0	0	0	0	0	0	1	0	0	0	0	0	0	0	0	0	0	0	0	0	0	0	0	0	0	0	0	0	0	0	0	0	0	0	0	0	0	0	0	0	0	0	0	0	0	0	0	0	0	0	0	0	0	0	0	0	0	
N7	1.69343e-006	0.000319025	0.00522521	0.0217684	0.0419524	0.08653	0.0784575	0.106262	0.0999731	0.0899845	0.0599532	0.100493	0.0592769	0.0599107	0.0408712	0.0425942	0.0268	0.0333747	0.0155315	0.0134792	0.00678027	0.00453125	0.00220228	0.00208256	0.000756934	0.000486157	0.000223663	0.000121319	3.48739e-005	1.65342e-005	3.93735e-006	1.63948e-006	3.77231e-007	1.15698e-007	2.58175e-008	9.67256e-009	1.38939e-009	2.95156e-010	4.4538e-011	8.72804e-012	9.47297e-013	1.56766e-013	1.3843e-014	1.91887e-015	1.67789e-016	1.81155e-017	1.46026e-018	1.85975e-019	1.04475e-020	8.4945e-022	5.01537e-023	3.92969e-024	2.02034e-025	1.62993e-026	7.54249e-028	5.34543e-029	2.44374e-030	1.5029e-031	8.77005e-033	8.36511e-034	8.13486e-035	1.54511e-035	
N8	2.21129e-015	1.25477e-011	4.03484e-009	6.33563e-008	3.40929e-007	1.06123e-005	1.28299e-005	5.80422e-005	0.000498927	0.000124337	0.000301432	0.00341538	0.00776648	0.00202888	0.000914106	0.00489197	0.0295366	0.0649034	0.0275513	0.00649008	0.00232657	0.00298063	0.0136069	0.0890981	0.225454	0.284139	0.12567	0.0263454	0.00395731	0.00185541	0.0020282	0.00516819	0.0123749	0.0213019	0.0190675	0.0118968	0.00340375	0.000721633	9.03061e-005	8.49965e-006	5.23019e-007	3.32668e-008	2.0565e-009	2.13341e-010	2.0868e-011	1.87435e-012	1.23791e-013	7.94027e-015	3.33415e-016	1.37157e-017	4.30026e-019	1.24572e-020	2.77686e-022	6.42408e-024	1.09977e-025	2.02972e-027	3.29214e-029	5.71644e-031	9.78639e-033	1.78899e-034	3.10091e-036	6.77313e-038	
N9	1.51292e-018	4.32262e-014	4.33645e-011	1.44729e-009	2.40266e-008	7.01757e-007	1.36466e-006	7.81955e-006	8.76759e-005	4.58178e-005	7.244e-005	0.00109427	0.00311618	0.000904166	0.000473778	0.00224683	0.0170425	0.0463657	0.0237762	0.00570817	0.00240418	0.00196077	0.00612537	0.0540269	0.21056	0.330798	0.174579	0.0343105	0.00473208	0.00191736	0.00203564	0.0052082	0.0136793	0.0234891	0.0202004	0.0102182	0.00242366	0.000355026	2.99754e-005	1.71392e-006	8.55167e-008	9.98538e-009	1.61169e-009	3.24224e-010	3.9484e-011	1.32467e-011	1.20355e-012	5.73164e-013	3.81563e-014	7.03124e-015	6.36616e-016	4.68542e-017	2.14201e-018	1.80989e-019	4.18539e-021	1.3978e-022	4.85902e-024	7.01512e-026	1.29513e-027	3.92574e-029	1.93354e-030	2.58315e-031	
N10	3.48019e-020	8.57921e-016	1.24339e-012	6.24145e-011	3.31788e-009	7.15979e-008	2.9696e-007	1.37973e-006	1.96674e-005	2.18336e-005	2.07811e-005	0.00031774	0.00145292	0.000649913	0.000416201	0.00132944	0.00706489	0.0308184	0.0329705	0.00963375	0.00244292	0.00104871	0.00230724	0.0236013	0.145195	0.330318	0.250749	0.0697121	0.0104854	0.00250825	0.00200487	0.00574638	0.015245	0.0233592	0.0190753	0.00892934	0.00220321	0.000319819	2.89831e-005	1.57619e-006	6.76053e-008	3.2245e-009	1.36205e-010	1.31468e-011	8.4298e-013	8.98953e-014	5.14783e-015	4.27617e-016	1.67403e-017	7.85741e-019	2.62691e-020	6.96381e-022	1.42999e-023	3.10093e-025	3.98549e-027	4.93493e-029	5.50481e-031	4.5744e-033	4.37131e-035	1.23287e-036	7.93924e-038	6.63732e-039	
Trichophorum_alpinum	0	0	0	0	0	0	0	0	0	0	0	0	0	0	0	0	0	0	0	0	0	0	0	0	0	0	0	0	1	0	0	0	0	0	0	0	0	0	0	0	0	0	0	0	0	0	0	0	0	0	0	0	0	0	0	0	0	0	0	0	0	0	
Trichophorum_pumilum	0	0	0	0	0	0	0	0	0	0	0	0	0	0	0	0	0	0	0	0	0	0	0	0	0	0	0	0	0	0	0	0	0	0	0	0	0	0	1	0	0	0	0	0	0	0	0	0	0	0	0	0	0	0	0	0	0	0	0	0	0	0	
Trichophorum_cespitosum	0	0	0	0	0	0	0	0	0	0	0	0	0	0	0	0	0	0	0	0	0	0	0	0	0	0	0	0	0	0	0	0	0	0	0	0	0	0	0	0	0	0	0	0	0	0	0	0	0	0	0	1	0	0	0	0	0	0	0	0	0	0	
Trichophorum_uniflorum	0	0	0	0	0	0	0	0	0	0	0	0	0	0	0	0	0	0	0	0	0	0	0	0	0	0	0	0	0	0	0	0	0	0	0	0	1	0	0	0	0	0	0	0	0	0	0	0	0	0	0	0	0	0	0	0	0	0	0	0	0	0	
N11	2.34755e-008	9.42637e-006	0.000303081	0.00206587	0.00769387	0.0177027	0.0331085	0.041341	0.0676737	0.0710901	0.0417049	0.0656259	0.0818633	0.100647	0.0819983	0.0684701	0.0569106	0.0882566	0.0707782	0.0562992	0.0244579	0.00965525	0.00359961	0.00325722	0.00217332	0.00174599	0.000922969	0.000450106	0.00013469	4.84744e-005	9.44564e-006	2.32522e-006	3.58265e-007	5.93429e-008	6.96957e-009	1.10843e-009	8.92913e-011	9.34687e-012	7.3567e-013	6.46642e-014	3.94806e-015	3.30646e-016	1.69732e-017	1.23787e-018	6.39477e-020	3.90998e-021	1.82136e-022	1.21235e-023	4.58366e-025	2.37225e-026	9.21224e-028	4.43764e-029	1.51414e-030	7.28079e-032	2.24676e-033	9.70464e-035	3.08412e-036	1.26665e-037	5.09678e-039	3.22296e-040	2.12933e-041	2.55043e-042	
N12	1.53846e-015	1.09859e-011	6.61413e-009	8.74008e-008	4.45639e-006	1.5905e-005	1.42101e-005	6.66225e-005	0.00355037	0.00363823	0.00119198	0.00404502	0.00453294	0.000431414	0.000256379	0.000833721	0.0228258	0.306609	0.438672	0.198899	0.0139622	0.000442802	8.21606e-006	1.19035e-007	1.14637e-009	9.80399e-012	6.60371e-014	3.80845e-016	1.7806e-018	7.90792e-021	2.75781e-023	9.39487e-026	2.7564e-028	7.71654e-031	1.91715e-033	5.07912e-036	1.11415e-038	2.63239e-041	5.70131e-044	1.22546e-046	2.38409e-049	4.97957e-052	8.69141e-055	1.61768e-057	2.76039e-060	4.62825e-063	7.15979e-066	1.2005e-068	1.7099e-071	2.65676e-074	3.82527e-077	5.69334e-080	7.84147e-083	1.2098e-085	1.67217e-088	2.66232e-091	4.27108e-094	7.78018e-097	1.49762e-099	3.16278e-102	6.72023e-105	1.59418e-107	
Scirpus_lineatus	0	0	0	0	0	0	0	0	0	0	0	0	0	0	0	0	0	1	0	0	0	0	0	0	0	0	0	0	0	0	0	0	0	0	0	0	0	0	0	0	0	0	0	0	0	0	0	0	0	0	0	0	0	0	0	0	0	0	0	0	0	0	
Scirpus_pendulus	0	0	0	0	0	0	0	0	0	0	0	0	0	0	0	0	0	0	0	1	0	0	0	0	0	0	0	0	0	0	0	0	0	0	0	0	0	0	0	0	0	0	0	0	0	0	0	0	0	0	0	0	0	0	0	0	0	0	0	0	0	0	
N13	1.44443e-019	4.54858e-015	1.21859e-012	2.12823e-010	6.57665e-009	1.14622e-008	2.00595e-006	1.30842e-006	3.93719e-006	2.0077e-005	1.86154e-006	3.7292e-006	0.000102349	0.00225718	0.00451432	0.000759279	0.000165303	0.000530538	0.00238276	0.00294811	0.000534777	3.49754e-005	3.54896e-006	5.98309e-006	7.66704e-005	0.00188891	0.024856	0.158388	0.332778	0.348179	0.101105	0.0172071	0.00119412	5.38839e-005	1.26688e-006	2.70315e-008	2.77351e-010	2.81639e-012	1.83364e-014	1.1329e-016	4.55048e-019	2.02736e-021	5.60942e-024	1.7923e-026	4.10455e-029	9.60999e-032	1.71832e-034	3.76715e-037	5.20972e-040	8.71148e-043	1.15185e-045	1.64907e-048	1.80847e-051	2.48645e-054	2.33315e-057	2.78282e-060	2.84531e-063	3.96973e-066	7.87421e-069	3.13461e-071	1.60976e-073	1.15906e-075	
N14	6.17483e-024	9.81024e-019	1.70016e-015	1.0276e-012	4.60564e-011	3.1693e-010	5.65697e-008	1.04977e-007	3.67368e-007	1.33232e-006	3.88099e-007	9.78844e-007	4.23737e-005	0.000782427	0.00146466	0.000548844	0.000166171	0.000249986	0.000710141	0.000697675	0.00015304	3.16752e-005	7.88661e-006	6.98088e-006	5.08519e-005	0.00126246	0.0222257	0.157907	0.371207	0.335884	0.0946441	0.011366	0.000573214	1.44021e-005	1.90452e-007	2.31918e-009	1.91895e-011	8.20346e-013	1.02483e-014	2.61234e-016	2.072e-018	4.10214e-020	2.30091e-022	1.54976e-024	3.25406e-026	1.5128e-027	1.39132e-028	1.45385e-029	6.07244e-031	4.31818e-032	2.79418e-033	3.17419e-034	2.32514e-035	7.542e-036	4.9093e-037	1.43217e-037	7.18852e-039	1.6256e-039	7.13199e-041	1.37445e-041	6.89877e-043	1.77892e-043	
N15	1.03227e-023	8.54789e-019	1.57622e-015	9.19331e-013	4.12358e-011	3.20499e-010	5.22922e-008	9.99516e-008	3.55872e-007	1.25346e-006	3.83621e-007	1.02281e-006	4.38101e-005	0.000774016	0.00142344	0.000550726	0.000172291	0.000252368	0.000695871	0.00067511	0.000150268	3.34502e-005	9.57673e-006	8.4118e-006	5.63976e-005	0.00133393	0.0228574	0.159288	0.371494	0.333667	0.0944884	0.0114198	0.000587831	1.5175e-005	2.09504e-007	2.80228e-009	2.52315e-011	1.02718e-011	4.5884e-013	1.5177e-013	5.28508e-015	1.99958e-015	9.02582e-017	3.48731e-018	2.99456e-019	2.93467e-021	8.41665e-023	1.64468e-024	4.90013e-027	1.10946e-028	7.05307e-031	2.77236e-032	7.40713e-035	8.30437e-035	1.1239e-037	1.24616e-037	9.94828e-041	8.16484e-041	4.5466e-044	2.68797e-044	1.21469e-047	7.31668e-048	
Scirpus_maximowiczii	0	0	0	0	0	0	0	0	0	0	0	0	0	0	0	0	0	0	0	0	0	0	0	0	0	0	0	0	0	0	0	1	0	0	0	0	0	0	0	0	0	0	0	0	0	0	0	0	0	0	0	0	0	0	0	0	0	0	0	0	0	0	
N16	2.66474e-027	1.71688e-022	8.27505e-019	1.03573e-016	5.12813e-015	1.54015e-012	7.01925e-011	5.99119e-011	3.257e-009	4.29954e-010	2.46404e-009	3.43078e-007	1.9824e-005	5.33798e-005	5.55739e-006	3.49184e-006	2.82503e-005	8.16136e-005	3.75105e-005	3.00554e-006	1.16116e-007	8.16112e-008	2.03073e-006	9.4712e-005	0.00386455	0.069373	0.344744	0.415295	0.147049	0.0183335	0.000984218	2.67462e-005	4.14477e-007	4.02372e-009	2.62866e-011	1.24738e-013	4.79828e-016	2.2898e-018	2.32574e-020	2.58074e-022	2.60639e-024	2.57487e-026	1.62437e-028	9.13656e-031	4.76843e-033	1.63984e-035	5.17189e-038	1.51878e-040	3.14178e-043	6.37261e-046	1.23769e-048	2.25323e-051	4.75046e-054	1.6614e-056	4.60421e-059	1.82866e-061	4.77712e-064	1.62371e-066	3.99971e-069	1.30664e-071	3.90625e-074	1.60577e-076	
N17	1.01298e-030	1.65158e-025	1.75312e-021	4.33116e-019	8.0534e-017	2.27427e-014	1.05911e-012	2.1089e-012	1.16714e-010	4.10161e-011	3.74786e-010	6.00287e-008	5.52856e-006	8.99064e-006	1.34093e-006	1.0941e-006	4.67998e-006	1.58474e-005	7.60666e-006	3.66514e-007	3.19043e-008	4.4749e-008	3.86198e-007	3.92827e-005	0.00324444	0.083079	0.381473	0.410462	0.113969	0.00750344	0.000181524	2.07461e-006	1.31189e-008	5.33582e-011	1.76526e-013	2.94263e-015	6.60135e-017	1.24115e-018	3.47221e-020	3.40406e-022	2.72027e-024	2.72259e-026	9.03007e-029	3.58509e-031	1.38484e-033	2.22786e-036	4.90207e-039	1.12496e-041	1.78258e-044	1.45225e-046	4.63489e-049	5.0327e-051	1.19282e-053	9.77005e-056	1.59008e-058	9.14376e-061	1.11309e-063	4.49189e-066	4.41421e-069	1.32811e-071	1.66228e-074	1.06605e-076	
Scirpus_polyphyllus	0	0	0	0	0	0	0	0	0	0	0	0	0	0	0	0	0	0	0	0	0	0	0	0	0	0	0	0	1	0	0	0	0	0	0	0	0	0	0	0	0	0	0	0	0	0	0	0	0	0	0	0	0	0	0	0	0	0	0	0	0	0	
N18	1.85977e-042	1.78883e-035	1.18449e-029	3.92674e-027	5.6584e-025	1.55706e-020	4.59677e-019	1.67993e-018	1.61788e-015	8.26049e-018	9.81745e-015	2.92046e-011	2.43705e-008	3.08331e-009	1.34756e-011	7.27416e-011	3.34321e-008	2.03698e-008	2.00377e-010	7.41002e-014	1.34885e-014	2.56612e-013	2.07928e-009	1.25787e-005	0.0199273	0.618725	0.349598	0.0117028	3.43473e-005	2.66449e-008	8.16361e-012	1.24573e-015	1.09715e-019	6.18787e-024	2.5487e-028	2.12501e-032	4.59021e-034	5.64865e-034	4.66615e-035	1.9684e-036	7.40866e-038	1.22907e-038	2.25101e-040	3.96662e-042	6.55855e-044	5.81868e-046	6.46999e-048	5.75284e-049	2.27706e-048	1.42506e-046	3.02516e-046	8.53575e-046	1.07295e-045	2.61254e-045	2.63578e-045	4.97263e-045	3.87383e-045	5.46804e-045	3.40088e-045	3.82523e-045	3.2342e-045	6.88663e-045	
N19	1.49764e-035	2.01337e-031	2.74937e-028	4.15305e-028	3.60175e-028	1.20542e-022	7.27998e-022	2.73985e-020	5.51727e-018	2.72604e-020	4.30691e-016	4.15773e-012	2.18254e-009	3.88238e-011	3.87591e-013	8.78619e-012	9.26798e-009	1.44955e-009	2.40948e-012	3.02916e-016	1.36134e-016	4.43449e-014	1.47889e-009	1.80122e-005	0.0446291	0.845804	0.108773	0.000775133	4.5771e-007	7.10767e-011	4.48563e-015	1.45506e-019	2.8041e-024	4.12677e-029	5.60633e-033	1.1782e-034	7.12755e-037	5.41916e-040	4.56339e-042	6.59178e-045	1.83598e-048	1.22124e-051	3.73023e-056	6.21749e-060	2.26274e-064	1.94551e-069	1.43302e-073	4.63779e-078	5.25489e-082	3.06529e-084	3.44191e-088	1.61135e-090	7.88756e-095	2.92283e-097	3.00095e-102	6.09405e-105	3.10523e-110	1.54818e-113	6.74392e-119	1.36188e-122	1.10976e-127	1.28898e-130	
Scirpus_atrovirens	0	0	0	0	0	0	0	0	0	0	0	0	0	0	0	0	0	0	0	0	0	0	0	0	1	0	0	0	0	0	0	0	0	0	0	0	0	0	0	0	0	0	0	0	0	0	0	0	0	0	0	0	0	0	0	0	0	0	0	0	0	0	
Scirpus_georgianus	0	0	0	0	0	0	0	0	0	0	0	0	0	0	0	0	0	0	0	0	0	0	0	0	0	1	0	0	0	0	0	0	0	0	0	0	0	0	0	0	0	0	0	0	0	0	0	0	0	0	0	0	0	0	0	0	0	0	0	0	0	0	
N20	3.17603e-055	1.79426e-052	4.28563e-050	5.43868e-048	4.43973e-041	2.64029e-033	1.68541e-028	1.86996e-030	7.66594e-023	5.70384e-027	4.00332e-031	3.00203e-020	1.68103e-015	1.42399e-013	2.95311e-020	3.90272e-022	1.49672e-017	5.98191e-013	3.66162e-014	2.42327e-019	9.12063e-028	7.86987e-033	1.442e-031	1.69063e-022	7.60348e-011	3.87922e-005	0.877453	0.122508	1.58788e-007	5.66443e-014	8.03401e-026	5.59244e-035	1.12951e-034	9.29126e-034	4.0128e-033	4.04678e-032	1.54933e-031	2.34712e-031	6.88505e-031	1.8768e-031	9.53426e-032	2.89097e-032	3.92374e-033	1.10878e-033	3.09392e-034	1.54217e-033	2.86301e-033	2.63006e-032	4.07725e-032	2.52577e-031	1.48112e-031	6.17844e-031	1.4554e-031	1.53458e-031	2.91682e-032	2.05408e-032	6.08092e-033	6.88384e-033	5.46678e-033	3.40035e-033	7.91269e-033	5.80943e-032	
Scirpus_flaccidifolius	0	0	0	0	0	0	0	0	0	0	0	0	0	0	0	0	0	0	0	0	0	0	0	0	0	0	1	0	0	0	0	0	0	0	0	0	0	0	0	0	0	0	0	0	0	0	0	0	0	0	0	0	0	0	0	0	0	0	0	0	0	0	
Scirpus_pallidus	0	0	0	0	0	0	0	0	0	0	0	0	0	0	0	0	0	0	0	0	0	0	0	0	0	0	0	1	0	0	0	0	0	0	0	0	0	0	0	0	0	0	0	0	0	0	0	0	0	0	0	0	0	0	0	0	0	0	0	0	0	0	
Scirpus_ancistrochaetus	0	0	0	0	0	0	0	0	0	0	0	0	0	0	0	0	0	0	0	0	0	0	0	0	0	0	1	0	0	0	0	0	0	0	0	0	0	0	0	0	0	0	0	0	0	0	0	0	0	0	0	0	0	0	0	0	0	0	0	0	0	0	
N21	8.68333e-025	2.88958e-020	1.42957e-017	1.2872e-014	5.74506e-013	4.68144e-012	8.95187e-010	5.51286e-009	6.12227e-009	3.05772e-008	5.68186e-008	1.39888e-007	5.23246e-006	0.000101701	0.000263463	0.000175626	6.31175e-005	2.6522e-005	7.6264e-005	0.000119957	5.31854e-005	9.10375e-006	5.45395e-006	7.4237e-006	1.73313e-005	0.000421975	0.00923521	0.0843904	0.290559	0.382393	0.192065	0.0369432	0.00294601	0.000118539	2.79572e-006	5.69339e-008	1.48031e-009	7.33786e-011	4.12725e-012	1.47814e-013	4.29596e-015	1.19826e-016	1.8366e-018	2.50976e-020	3.1603e-022	2.36053e-024	1.6567e-026	1.0815e-028	4.74005e-031	2.54714e-033	1.45933e-035	1.46811e-037	1.16275e-039	1.46396e-041	9.93191e-044	9.74264e-046	5.20542e-048	3.90852e-050	1.74409e-052	1.16046e-054	6.72768e-057	7.3945e-059	
Scirpus_radicans	0	0	0	0	0	0	0	0	0	0	0	0	0	0	0	0	0	0	0	0	0	0	0	0	0	0	0	1	0	0	0	0	0	0	0	0	0	0	0	0	0	0	0	0	0	0	0	0	0	0	0	0	0	0	0	0	0	0	0	0	0	0	
N22	1.45986e-028	1.31994e-023	2.65993e-021	3.61968e-017	1.01254e-015	1.39439e-015	1.07256e-012	7.84298e-011	8.01823e-012	3.12578e-010	2.93118e-009	4.51721e-010	1.88703e-008	1.19647e-006	1.7583e-005	4.067e-005	2.76247e-006	1.60158e-007	8.80929e-007	8.37295e-006	1.779e-005	4.01864e-006	9.65107e-007	1.24258e-007	2.22375e-008	5.61406e-007	5.37341e-005	0.00240326	0.0416953	0.255858	0.476964	0.202664	0.0195715	0.000682253	1.20817e-005	3.19819e-007	1.49132e-008	6.96471e-010	3.40139e-011	7.13481e-013	1.18159e-014	2.00483e-016	1.43311e-018	9.79335e-021	6.2688e-023	1.98563e-025	6.67671e-028	2.17846e-030	4.70348e-033	2.46324e-035	1.02987e-037	9.66084e-040	3.62032e-042	2.73598e-044	7.57219e-047	4.13899e-049	8.51356e-052	3.3507e-054	5.41621e-057	1.69114e-059	3.56469e-062	2.12451e-064	
N23	1.20167e-032	2.46506e-027	9.02647e-025	1.52058e-020	6.1731e-019	7.1919e-019	1.85863e-015	3.55929e-013	1.80415e-014	2.77781e-012	1.61243e-011	1.07569e-012	1.09907e-010	1.94788e-008	9.5791e-007	3.73006e-006	6.28978e-008	1.43011e-009	1.13301e-008	4.14584e-007	2.23858e-006	2.7555e-007	1.04503e-008	2.25203e-010	3.25645e-011	1.51133e-009	5.15411e-007	8.5574e-005	0.00552121	0.11441	0.557962	0.301045	0.020542	0.000422602	3.77091e-006	1.83105e-008	6.00323e-011	2.61429e-013	5.77589e-015	1.21489e-016	1.86098e-018	3.72486e-020	2.97343e-022	1.96075e-024	1.52747e-026	4.53819e-029	1.40459e-031	4.18189e-034	5.42994e-037	8.33782e-040	1.12478e-042	1.09137e-045	1.70929e-048	9.25292e-051	2.25037e-053	1.44352e-055	2.72618e-058	1.31792e-060	1.87614e-063	7.06159e-066	1.17683e-068	5.52108e-071	
Scirpus_sylvaticus	0	0	0	0	0	0	0	0	0	0	0	0	0	0	0	0	0	0	0	0	0	0	0	0	0	0	0	0	0	0	1	0	0	0	0	0	0	0	0	0	0	0	0	0	0	0	0	0	0	0	0	0	0	0	0	0	0	0	0	0	0	0	
Scirpus_microcarpus	0	0	0	0	0	0	0	0	0	0	0	0	0	0	0	0	0	0	0	0	0	0	0	0	0	0	0	0	0	0	0	1	0	0	0	0	0	0	0	0	0	0	0	0	0	0	0	0	0	0	0	0	0	0	0	0	0	0	0	0	0	0	
Scirpus_expansus	0	0	0	0	0	0	0	0	0	0	0	0	0	0	0	0	0	0	0	0	0	0	0	0	0	0	0	0	0	0	0	1	0	0	0	0	0	0	0	0	0	0	0	0	0	0	0	0	0	0	0	0	0	0	0	0	0	0	0	0	0	0	
N24	2.85034e-022	1.2347e-017	9.42228e-015	3.26686e-012	1.44162e-010	6.2259e-010	1.39906e-007	1.33957e-007	4.44338e-007	1.92929e-006	3.62132e-007	8.84209e-007	2.84558e-005	0.000765377	0.00152668	0.000336925	0.000130734	0.00024185	0.000742886	0.000989861	0.000264471	2.04568e-005	3.85142e-006	7.91617e-006	3.72349e-005	0.000704245	0.0136976	0.115014	0.329626	0.370102	0.140345	0.023521	0.00180804	7.88447e-005	2.03231e-006	1.49626e-007	4.83514e-009	5.64209e-010	2.61036e-011	1.27856e-012	3.46732e-014	1.63335e-015	2.32151e-017	3.80948e-019	6.99351e-021	4.32819e-023	3.504e-025	2.83091e-027	1.02694e-029	9.84882e-032	6.56493e-034	1.60368e-035	9.96807e-038	2.45862e-039	1.16245e-041	2.16303e-043	7.34698e-046	9.62078e-048	2.68842e-050	2.79719e-052	8.37986e-055	1.34146e-056	
N25	4.22108e-025	1.79138e-020	8.01284e-018	1.28377e-014	7.36362e-013	4.61365e-012	4.4154e-010	3.51533e-009	4.46579e-009	2.68895e-008	1.31665e-007	1.42214e-007	6.61773e-007	2.25892e-005	0.000151151	0.000183063	7.96107e-005	4.29803e-005	2.73134e-005	9.33868e-005	0.000168964	7.32404e-005	2.12436e-005	1.39828e-005	2.4699e-005	3.25448e-005	0.000270099	0.00592852	0.0589813	0.238798	0.379313	0.244205	0.0642024	0.00698283	0.000364233	1.74884e-005	1.21101e-006	1.09815e-007	9.037e-009	4.08907e-010	1.43317e-011	4.57537e-013	7.64319e-015	1.11567e-016	1.45716e-018	1.11308e-020	7.96477e-023	5.29418e-025	2.43746e-027	1.67332e-029	1.20702e-031	1.57875e-033	1.27877e-035	1.56873e-037	9.99986e-040	9.11614e-042	4.44438e-044	3.029e-046	1.20859e-048	7.24802e-051	3.87975e-053	4.12475e-055	
Scirpus_polystachyus	0	0	0	0	0	0	0	0	0	0	0	0	0	0	0	0	0	0	0	0	0	0	0	0	0	0	0	0	0	1	0	0	0	0	0	0	0	0	0	0	0	0	0	0	0	0	0	0	0	0	0	0	0	0	0	0	0	0	0	0	0	0	
N26	6.35752e-029	6.90148e-024	3.46027e-021	2.33011e-017	5.81091e-016	7.15992e-015	7.4624e-013	3.33951e-011	2.34628e-011	1.76444e-010	9.31993e-009	4.46127e-009	3.38291e-009	2.32044e-007	4.79855e-006	2.7164e-005	2.45978e-005	2.79913e-006	4.38433e-007	2.49334e-006	2.31091e-005	3.94047e-005	1.80594e-005	7.19309e-006	1.652e-006	2.29732e-007	5.5741e-007	3.75706e-005	0.00152797	0.025763	0.169402	0.408659	0.320842	0.0690024	0.0044663	0.000140847	5.43081e-006	5.02747e-007	6.2111e-008	3.28476e-009	1.21928e-010	5.12812e-012	8.08742e-014	1.14822e-015	1.63426e-017	9.55451e-020	6.04072e-022	3.4763e-024	1.01909e-026	4.17078e-029	1.73079e-031	1.75581e-033	1.04902e-035	1.54316e-037	7.12427e-040	7.81668e-042	2.62199e-044	2.0722e-046	5.22507e-049	3.08164e-051	8.8479e-054	8.12336e-056	
Scirpus_longii	0	0	0	0	0	0	0	0	0	0	0	0	0	0	0	0	0	0	0	0	0	0	0	0	0	0	0	0	0	0	0	0	1	0	0	0	0	0	0	0	0	0	0	0	0	0	0	0	0	0	0	0	0	0	0	0	0	0	0	0	0	0	
N27	1.16354e-034	4.21611e-029	2.69993e-026	4.57616e-022	8.15101e-021	3.03217e-019	3.86173e-017	1.37676e-014	1.12247e-014	5.93807e-014	3.13095e-011	4.8103e-012	5.38551e-013	9.83353e-011	1.14543e-008	4.84576e-007	2.71952e-006	4.63482e-008	6.07057e-010	2.32403e-009	1.89483e-007	2.30497e-006	1.45933e-006	8.065e-008	2.91894e-009	1.0697e-010	2.54555e-011	4.04704e-009	1.17314e-006	0.000150868	0.00749955	0.12405	0.531283	0.316863	0.0197888	0.000353485	2.72773e-006	1.23461e-008	7.96648e-011	1.39148e-012	2.56481e-014	5.69631e-016	5.55725e-018	4.23366e-020	3.52222e-022	1.242e-024	4.05429e-027	1.30915e-029	1.93914e-032	3.02522e-035	4.25203e-038	3.36049e-041	3.09541e-044	4.3121e-047	6.07558e-050	2.59972e-052	4.56521e-055	1.69612e-057	2.48175e-060	7.74257e-063	1.46938e-065	5.06903e-068	
Scirpus_pedicellatus	0	0	0	0	0	0	0	0	0	0	0	0	0	0	0	0	0	0	0	0	0	0	0	0	0	0	0	0	0	0	0	0	0	1	0	0	0	0	0	0	0	0	0	0	0	0	0	0	0	0	0	0	0	0	0	0	0	0	0	0	0	0	
N28	6.15863e-042	1.03092e-035	9.08483e-033	8.35991e-028	2.40665e-026	1.01166e-024	9.47666e-022	1.3174e-018	3.74128e-019	1.10059e-017	3.49241e-014	4.51206e-016	2.29862e-017	2.37115e-014	1.62874e-011	4.31705e-009	5.66112e-008	1.10607e-010	2.00547e-013	1.00199e-012	7.23951e-010	6.50434e-008	3.06958e-008	1.70292e-010	3.63606e-013	1.04447e-015	3.89606e-016	1.97748e-013	4.50908e-010	4.7339e-007	0.000193185	0.0240623	0.583531	0.384581	0.00759565	3.62439e-005	6.8119e-008	6.45125e-011	3.58381e-014	1.35047e-017	8.02259e-021	6.61718e-023	3.98326e-025	1.59527e-027	9.19695e-030	2.16138e-032	3.70485e-035	8.65168e-038	6.93908e-041	5.29264e-044	4.06079e-047	1.08129e-050	3.51894e-054	9.26162e-058	1.23407e-061	2.4296e-065	5.61438e-069	7.12769e-072	9.16735e-075	2.2363e-077	3.80749e-080	6.33767e-083	
Scirpus_atrocinctus	0	0	0	0	0	0	0	0	0	0	0	0	0	0	0	0	0	0	0	0	0	0	0	0	0	0	0	0	0	0	0	0	0	1	0	0	0	0	0	0	0	0	0	0	0	0	0	0	0	0	0	0	0	0	0	0	0	0	0	0	0	0	
Scirpus_cyperinus	0	0	0	0	0	0	0	0	0	0	0	0	0	0	0	0	0	0	0	0	0	0	0	0	0	0	0	0	0	0	0	0	1	0	0	0	0	0	0	0	0	0	0	0	0	0	0	0	0	0	0	0	0	0	0	0	0	0	0	0	0	0	
N29	1.74998e-026	1.09453e-021	4.20295e-018	5.6245e-016	1.5147e-013	2.85409e-012	9.54747e-010	2.27049e-010	4.50995e-009	1.47125e-008	1.20202e-009	3.0701e-008	3.3022e-006	0.000105101	0.000107022	6.85668e-006	3.76626e-006	2.56502e-005	0.00011747	7.57806e-005	8.08369e-006	2.44285e-007	4.34088e-008	5.00512e-007	2.44466e-005	0.00116841	0.0255311	0.199931	0.453887	0.265222	0.0498148	0.00382148	0.000142272	2.9559e-006	3.77836e-008	3.40139e-010	2.44444e-012	2.79679e-014	6.10897e-016	1.44779e-017	2.75339e-019	5.81936e-021	6.66389e-023	6.93345e-025	7.04659e-027	3.98769e-029	2.14904e-031	1.10388e-033	3.47621e-036	1.13293e-038	3.53889e-041	1.04501e-043	3.83601e-046	2.87635e-048	1.34226e-050	1.05576e-052	4.22029e-055	2.63942e-057	9.07798e-060	5.01834e-062	2.16982e-064	1.64692e-066	
N30	8.95326e-034	4.35277e-028	1.28679e-023	3.56606e-021	5.3512e-018	2.74445e-016	2.49325e-013	2.3795e-014	4.0198e-012	9.61108e-012	9.21471e-013	1.28077e-010	4.4713e-008	2.57615e-006	1.40286e-006	4.14014e-008	1.59368e-008	6.40188e-007	6.0027e-006	1.07901e-006	1.66053e-008	3.94182e-010	5.79722e-011	7.75876e-009	3.13366e-006	0.000530165	0.0274046	0.298201	0.58622	0.0851104	0.00249305	2.58367e-005	1.24182e-007	3.27121e-010	5.29194e-013	5.98409e-016	6.81581e-019	2.18168e-021	1.5653e-023	6.81464e-026	2.37362e-028	9.06725e-031	1.64916e-033	2.6989e-036	4.4356e-039	3.59854e-042	2.94557e-045	2.27212e-048	1.00927e-051	5.12348e-055	2.59037e-058	1.98131e-061	1.64169e-064	2.94912e-067	2.34708e-070	3.46064e-073	2.12556e-076	2.34169e-079	1.12819e-082	9.95469e-086	5.75159e-089	7.17466e-092	
N31	4.9105e-039	1.01421e-032	8.42833e-028	6.05235e-025	7.82611e-021	2.14098e-019	1.10117e-015	6.30785e-017	2.18174e-014	1.36654e-013	6.57492e-015	1.13468e-012	1.17916e-009	1.90004e-007	1.40837e-007	1.13503e-009	2.55271e-010	3.21329e-008	7.16481e-007	1.32939e-007	1.10345e-009	5.48906e-012	4.14476e-013	1.04496e-010	1.45473e-007	7.32458e-005	0.00972955	0.226479	0.671808	0.0902892	0.00161166	8.03734e-006	1.59883e-008	1.63507e-011	1.18256e-014	2.02847e-016	3.16058e-018	2.05213e-020	4.37262e-022	1.89342e-024	4.55923e-027	2.01023e-029	1.46805e-032	1.86388e-035	1.82953e-038	4.33701e-042	2.86333e-045	1.18832e-048	2.96631e-052	1.91805e-054	1.14133e-057	9.20534e-060	3.10195e-063	1.85073e-065	3.29967e-069	1.26809e-071	1.50833e-075	3.47954e-078	3.21708e-082	4.39055e-085	4.17343e-089	8.63398e-092	
Eriophorum_angustifolium	0	0	0	0	0	0	0	0	0	0	0	0	0	0	0	0	0	0	0	0	0	0	0	0	0	0	0	0	1	0	0	0	0	0	0	0	0	0	0	0	0	0	0	0	0	0	0	0	0	0	0	0	0	0	0	0	0	0	0	0	0	0	
N32	1.34718e-042	3.46852e-036	4.00519e-031	8.38556e-028	2.52928e-023	5.08293e-022	6.48277e-018	4.06245e-019	1.56694e-016	3.14732e-015	1.75678e-016	2.63765e-014	4.95599e-011	1.60612e-008	1.92922e-008	6.22188e-011	6.8648e-012	1.88282e-009	8.90522e-008	2.14961e-008	1.50999e-010	3.20467e-013	3.2518e-014	6.85505e-012	1.63568e-008	1.47652e-005	0.00369168	0.161163	0.723626	0.109745	0.00175282	7.047e-006	1.08333e-008	8.1312e-012	3.83812e-015	4.69205e-017	1.4786e-018	1.68955e-020	6.31101e-022	5.83855e-024	1.92621e-026	1.6192e-028	1.76783e-031	2.72397e-034	2.63202e-037	5.78019e-041	3.60283e-044	1.03888e-047	1.53191e-051	7.10144e-054	8.54135e-057	9.48192e-059	6.64143e-062	5.49206e-064	1.73862e-067	9.99761e-070	1.61221e-073	5.20795e-076	5.53808e-080	7.68345e-083	7.89432e-087	1.63406e-089	
N33	1.75972e-045	4.35291e-039	5.41358e-034	4.31924e-031	8.20689e-027	6.98754e-026	9.78776e-022	2.19131e-022	2.10308e-019	2.48711e-017	1.71223e-018	1.91201e-016	5.42667e-013	2.36599e-010	2.60259e-010	2.88717e-013	3.56384e-014	6.32278e-012	1.1742e-009	4.84038e-010	3.82181e-012	9.18861e-014	2.06147e-014	4.79776e-013	8.02412e-010	1.26113e-006	0.000700808	0.0917625	0.687818	0.217419	0.00229127	6.41736e-006	7.559e-009	4.70559e-012	1.79987e-015	8.24293e-019	2.64152e-021	1.12358e-023	6.02296e-026	1.50386e-028	2.68097e-031	5.17291e-034	3.79298e-037	2.19979e-040	1.00006e-043	2.036e-047	4.35652e-051	7.82762e-055	8.45951e-059	1.84164e-062	6.33842e-066	8.10686e-069	4.12207e-072	4.41407e-075	1.67078e-078	1.2073e-081	2.90655e-085	1.33843e-088	1.88633e-092	4.74628e-096	7.05345e-100	3.29041e-103	
Eriophorum_callitrix	0	0	0	0	0	0	0	0	0	0	0	0	0	0	0	0	0	0	0	0	0	0	0	0	0	0	0	0	0	1	0	0	0	0	0	0	0	0	0	0	0	0	0	0	0	0	0	0	0	0	0	0	0	0	0	0	0	0	0	0	0	0	
N34	6.97361e-055	1.67925e-047	2.82608e-041	2.16688e-038	1.65948e-033	2.49746e-031	1.00941e-025	2.51408e-027	9.00147e-023	2.65122e-022	1.89377e-024	3.01269e-020	4.07814e-016	2.4152e-012	3.25249e-013	2.1421e-017	7.41215e-018	3.49521e-014	3.76043e-011	5.10517e-013	1.6091e-016	4.38731e-020	8.2031e-021	9.29153e-017	3.25845e-012	4.76073e-008	0.000227966	0.218051	0.773767	0.00794883	5.79049e-006	1.21527e-009	1.11726e-013	5.56746e-018	1.71257e-022	3.63709e-027	2.94333e-031	2.71571e-034	7.33219e-037	7.77548e-040	3.85883e-043	4.15851e-046	1.32887e-049	2.12483e-053	5.27844e-057	1.46674e-061	7.10813e-066	1.95308e-070	2.26135e-075	5.01059e-080	8.27129e-085	1.31804e-088	1.51184e-092	8.80109e-096	7.75434e-100	3.21187e-103	1.71163e-107	5.0011e-111	1.18321e-115	2.10652e-119	2.58074e-124	2.09112e-128	
Scirpus_hattorianus	0	0	0	0	0	0	0	0	0	0	0	0	0	0	0	0	0	0	0	0	0	0	0	0	0	0	0	1	0	0	0	0	0	0	0	0	0	0	0	0	0	0	0	0	0	0	0	0	0	0	0	0	0	0	0	0	0	0	0	0	0	0	
Eriophorum_vaginatum	0	0	0	0	0	0	0	0	0	0	0	0	0	0	0	0	0	0	0	0	0	0	0	0	0	0	0	0	1	0	0	0	0	0	0	0	0	0	0	0	0	0	0	0	0	0	0	0	0	0	0	0	0	0	0	0	0	0	0	0	0	0	
N35	2.34042e-046	8.95877e-040	1.54096e-034	2.98794e-031	1.42668e-026	1.90633e-025	3.37024e-021	2.31153e-022	1.29353e-019	1.95137e-017	1.78293e-018	2.16997e-016	5.55331e-013	4.06159e-010	8.09683e-010	9.70109e-013	5.44441e-014	1.65702e-011	3.11669e-009	1.18166e-009	7.10739e-012	3.84188e-014	4.74405e-015	3.40427e-013	7.82671e-010	1.2222e-006	0.000621843	0.0692491	0.768738	0.159002	0.00237998	8.44714e-006	1.13758e-008	7.47535e-012	2.85108e-015	3.37893e-018	5.08848e-020	4.42602e-022	6.92111e-024	3.83759e-026	1.04467e-028	4.88219e-031	4.56187e-034	3.94262e-037	2.34508e-040	4.26169e-044	1.19865e-047	2.23933e-051	2.08602e-055	1.8074e-058	1.09301e-056	1.44713e-054	9.30362e-055	3.36203e-053	3.98368e-054	1.16647e-052	2.57162e-054	6.66629e-055	2.20808e-056	1.17297e-057	1.66078e-059	1.06575e-059	
N36	7.33245e-048	1.77656e-041	2.76076e-036	4.60171e-033	6.37161e-029	4.36667e-027	4.43499e-023	4.93977e-024	8.05069e-021	6.38958e-019	7.85668e-020	5.85099e-017	9.71715e-014	5.26889e-011	9.28321e-011	1.1871e-013	1.0002e-014	4.97466e-012	7.47401e-010	1.87698e-010	9.48038e-013	2.13967e-015	3.47348e-016	3.48408e-013	1.06713e-009	1.41011e-006	0.000639734	0.0689279	0.804186	0.124572	0.00166691	5.86925e-006	8.4115e-009	6.18888e-012	2.69907e-015	9.28154e-019	1.28194e-020	2.84861e-022	2.40614e-023	6.63231e-025	5.12031e-027	1.4935e-028	7.36712e-031	1.9977e-033	6.28165e-036	2.28124e-039	2.50435e-042	1.06006e-045	1.62456e-049	8.39251e-053	4.21416e-056	6.98354e-058	1.44538e-060	2.7401e-062	3.38173e-065	4.80604e-067	2.47077e-070	2.51478e-072	5.16365e-076	2.4644e-078	3.57746e-082	9.21565e-085	
Eriophorum_brachyantherum	0	0	0	0	0	0	0	0	0	0	0	0	0	0	0	0	0	0	0	0	0	0	0	0	0	0	0	0	1	0	0	0	0	0	0	0	0	0	0	0	0	0	0	0	0	0	0	0	0	0	0	0	0	0	0	0	0	0	0	0	0	0	
Eriophorum_scheuchzeri	0	0	0	0	0	0	0	0	0	0	0	0	0	0	0	0	0	0	0	0	0	0	0	0	0	0	0	0	1	0	0	0	0	0	0	0	0	0	0	0	0	0	0	0	0	0	0	0	0	0	0	0	0	0	0	0	0	0	0	0	0	0	
Eriophorum_chamissonis	0	0	0	0	0	0	0	0	0	0	0	0	0	0	0	0	0	0	0	0	0	0	0	0	0	0	0	0	0	1	0	0	0	0	0	0	0	0	0	0	0	0	0	0	0	0	0	0	0	0	0	0	0	0	0	0	0	0	0	0	0	0	
Eriophorum_latifolium	0	0	0	0	0	0	0	0	0	0	0	0	0	0	0	0	0	0	0	0	0	0	0	0	0	0	1	0	0	0	0	0	0	0	0	0	0	0	0	0	0	0	0	0	0	0	0	0	0	0	0	0	0	0	0	0	0	0	0	0	0	0	
N37	1.35524e-030	1.50438e-025	9.21575e-022	3.28602e-019	4.90033e-016	2.34039e-015	1.05051e-012	3.02537e-013	8.25952e-012	2.08884e-010	3.63056e-011	5.01681e-010	7.83518e-008	3.3164e-006	8.50315e-006	2.44276e-007	3.15032e-008	4.43031e-007	7.27851e-006	7.8679e-006	5.82412e-007	1.39793e-008	1.36403e-009	8.0288e-009	1.1166e-006	0.000122915	0.00588501	0.101986	0.481614	0.359687	0.0484094	0.00221792	4.69605e-005	5.50478e-007	4.06795e-009	2.52701e-011	2.68781e-013	5.84454e-015	1.56438e-016	2.39219e-018	3.02251e-020	3.65292e-022	2.40286e-024	1.40621e-026	7.59152e-029	2.42268e-031	7.38997e-034	2.10375e-036	4.07359e-039	1.01251e-041	2.79584e-044	1.46611e-046	5.71001e-049	3.54941e-051	1.16354e-053	5.56217e-056	1.41993e-058	5.12569e-061	1.06922e-063	3.34411e-066	9.08706e-069	4.61291e-071	
Eriophorum_virginicum	0	0	0	0	0	0	0	0	0	0	0	0	0	0	0	0	0	0	0	0	0	0	0	0	0	0	0	0	1	0	0	0	0	0	0	0	0	0	0	0	0	0	0	0	0	0	0	0	0	0	0	0	0	0	0	0	0	0	0	0	0	0	
Eriophorum_gracile	0	0	0	0	0	0	0	0	0	0	0	0	0	0	0	0	0	0	0	0	0	0	0	0	0	0	0	0	0	1	0	0	0	0	0	0	0	0	0	0	0	0	0	0	0	0	0	0	0	0	0	0	0	0	0	0	0	0	0	0	0	0	
N38	1.32195e-007	2.74148e-005	0.000516259	0.00311083	0.0129887	0.0178775	0.0351239	0.0459666	0.0771339	0.12399	0.084799	0.0623411	0.0626114	0.0977837	0.081509	0.0580765	0.0540549	0.0772728	0.0552135	0.0340936	0.0118071	0.00309651	0.000513403	8.34737e-005	7.51117e-006	7.04452e-007	4.9117e-008	3.19403e-009	1.54897e-010	8.50062e-012	3.20482e-013	1.38344e-014	4.67468e-016	1.62063e-017	4.67018e-019	1.59038e-020	3.76825e-022	1.04069e-023	2.44384e-025	6.06069e-027	1.23881e-028	2.9788e-030	5.47641e-032	1.18913e-033	2.18925e-035	4.25857e-037	7.22744e-039	1.45609e-040	2.22119e-042	3.95849e-044	6.19395e-046	1.04467e-047	1.52656e-049	2.64966e-051	3.77445e-053	6.51033e-055	1.07844e-056	2.10488e-058	4.39255e-060	1.05927e-061	2.59835e-063	8.90404e-065	
N39	4.33238e-011	5.11557e-008	4.94446e-006	4.31068e-005	0.000883707	0.00120114	0.00382779	0.00348972	0.0150681	0.0649772	0.0493691	0.0291537	0.0313891	0.0435135	0.0234255	0.0124418	0.0129886	0.0394073	0.108603	0.219799	0.199667	0.106648	0.0270161	0.00643585	0.000583488	5.9102e-005	3.82199e-006	2.36794e-007	8.98117e-009	4.82205e-010	1.30229e-011	5.17197e-013	1.14363e-014	3.27753e-016	5.81831e-018	1.56219e-019	2.12531e-021	4.19808e-023	5.85405e-025	1.04296e-026	1.2482e-028	2.32972e-030	2.4708e-032	4.16905e-034	5.06636e-036	7.06627e-038	7.76051e-040	1.3518e-041	1.1734e-043	1.51673e-045	1.54246e-047	1.89302e-049	1.64163e-051	2.21776e-053	1.74165e-055	2.13531e-057	1.76998e-059	2.01672e-061	2.1366e-063	3.86673e-065	6.71893e-067	1.91001e-068	
Blysmus_compressus	0	0	0	0	0	0	0	0	0	0	0	0	0	0	0	0	0	0	0	0	0	1	0	0	0	0	0	0	0	0	0	0	0	0	0	0	0	0	0	0	0	0	0	0	0	0	0	0	0	0	0	0	0	0	0	0	0	0	0	0	0	0	
Blysmus_rufus	0	0	0	0	0	0	0	0	0	0	0	0	0	0	0	0	0	0	0	1	0	0	0	0	0	0	0	0	0	0	0	0	0	0	0	0	0	0	0	0	0	0	0	0	0	0	0	0	0	0	0	0	0	0	0	0	0	0	0	0	0	0	
Dulichium_arundinaceum	0	0	0	0	0	0	0	0	0	0	0	0	0	0	0	1	0	0	0	0	0	0	0	0	0	0	0	0	0	0	0	0	0	0	0	0	0	0	0	0	0	0	0	0	0	0	0	0	0	0	0	0	0	0	0	0	0	0	0	0	0	0	
