NODE	1	2	3	4	5	6	7	8	9	10	11	12	13	14	15	16	17	18	19	20	21	22	23	24	25	26	27	28	29	30	31	32	33	34	35	36	37	38	39	40	41	42	43	44	45	46	47	48	49	50	51	52	53	54	55	56	57	58	
N1	2.38659e-018	1.53692e-017	1.412e-013	5.50484e-012	1.35167e-010	2.14356e-009	2.49302e-008	2.24372e-007	1.52409e-006	7.60028e-006	2.8607e-005	8.89896e-005	0.00025887	0.000765714	0.0023167	0.00687678	0.0189834	0.0464696	0.0961057	0.160333	0.207602	0.202373	0.14523	0.0754775	0.028078	0.00741762	0.00138495	0.00018238	1.69439e-005	1.11316e-006	5.19252e-008	1.72931e-009	4.13942e-011	7.17568e-013	2.98226e-017	2.87954e-018	2.39689e-019	1.72782e-020	1.08357e-021	5.93869e-023	2.85714e-024	1.21191e-025	4.55139e-027	1.51959e-028	4.52825e-030	1.20892e-031	2.90208e-033	6.28594e-035	1.2326e-036	2.19506e-038	3.56083e-040	5.27705e-042	7.16406e-044	8.93294e-046	1.02562e-047	1.08695e-049	1.06878e-051	1.19024e-053	
N2	1.08434e-013	1.19135e-012	1.72468e-011	2.1335e-010	2.11242e-009	1.68888e-008	1.16305e-007	6.91189e-007	3.47593e-006	1.45504e-005	5.17106e-005	0.000166787	0.000526347	0.00164528	0.0048985	0.0133789	0.0324461	0.0677137	0.118082	0.167973	0.191418	0.172351	0.121511	0.0667525	0.0284708	0.00947058	0.0024897	0.00052331	9.2821e-005	1.575e-005	2.47891e-006	4.22826e-007	7.32424e-008	1.04091e-008	1.31167e-009	1.67286e-010	1.48669e-011	1.44681e-012	1.12248e-013	9.03161e-015	5.51288e-016	4.0946e-017	2.01429e-018	1.24058e-019	5.03889e-021	2.507e-022	8.09415e-024	3.3007e-025	8.50082e-027	2.81606e-028	5.91969e-030	1.61225e-031	2.76824e-033	6.72518e-035	1.08306e-036	3.02598e-038	9.54744e-040	5.61127e-041	
N3	2.3716e-014	2.83131e-013	4.84796e-012	7.01118e-011	8.06725e-010	7.50707e-009	5.88577e-008	3.92376e-007	2.20134e-006	1.02805e-005	4.04806e-005	0.000140722	0.000457017	0.00141927	0.00415547	0.0111984	0.0270864	0.0573709	0.103562	0.155123	0.18826	0.181328	0.136674	0.0800105	0.0360684	0.0126219	0.00350825	0.000777679	0.000148585	2.98504e-005	4.90137e-006	9.23364e-007	1.63287e-007	2.32158e-008	2.66145e-009	3.79133e-010	2.86818e-011	3.1655e-012	2.05075e-013	1.8193e-014	8.60321e-016	6.78016e-017	2.43743e-018	1.54028e-019	4.43436e-021	2.21292e-022	4.97153e-024	2.02206e-025	3.60078e-027	1.17639e-028	1.71987e-030	4.543e-032	5.40086e-034	1.26377e-035	1.2914e-037	3.00027e-039	6.89554e-041	3.98995e-042	
N4	3.00901e-012	1.79163e-011	1.62822e-010	1.41315e-009	1.06647e-008	6.91888e-008	3.89335e-007	1.93584e-006	8.55417e-006	3.33888e-005	0.000114822	0.000348912	0.000945162	0.00231289	0.0051974	0.0108814	0.0213157	0.0389314	0.0657957	0.101629	0.139527	0.164203	0.16095	0.129248	0.0840256	0.0445295	0.0195387	0.00716186	0.00230502	0.00071866	0.000199474	5.70419e-005	1.54363e-005	3.66961e-006	7.59027e-007	1.60917e-007	2.50463e-008	4.2096e-009	5.6121e-010	7.72908e-011	8.19115e-012	9.8826e-013	8.44862e-014	8.41356e-015	5.99289e-016	4.89968e-017	2.83053e-018	1.95246e-019	9.22111e-021	5.30344e-022	2.11982e-023	1.03125e-024	3.51053e-026	1.61103e-027	5.64733e-029	3.14806e-030	1.94231e-031	2.0801e-032	
Carex_eburnea	0	0	0	0	0	0	0	0	0	0	0	0	0	0	0	0	0	0	0	0	0	0	0	0	0	0	1	0	0	0	0	0	0	0	0	0	0	0	0	0	0	0	0	0	0	0	0	0	0	0	0	0	0	0	0	0	0	0	
Carex_cruciata	0	0	0	0	0	0	0	0	0	0	0	0	0	0	0	0	0	0	0	0	1	0	0	0	0	0	0	0	0	0	0	0	0	0	0	0	0	0	0	0	0	0	0	0	0	0	0	0	0	0	0	0	0	0	0	0	0	0	
N5	2.46662e-017	1.0805e-015	5.38899e-014	1.82781e-012	4.20297e-011	6.93984e-010	8.38477e-009	7.91623e-008	5.98005e-007	3.85614e-006	2.20898e-005	0.000107221	0.00042001	0.001371	0.00405105	0.0109284	0.0255714	0.0513277	0.0903311	0.139961	0.183531	0.192406	0.154003	0.0912962	0.0392299	0.012174	0.00274757	0.000453249	5.7016e-005	6.01217e-006	5.06432e-007	4.01466e-008	2.87685e-009	1.66587e-010	7.92919e-012	3.67811e-013	1.12684e-014	3.58476e-016	8.43574e-018	1.94627e-019	3.2091e-021	6.03185e-023	7.2476e-025	1.03528e-026	9.59449e-029	1.04161e-030	7.25101e-033	6.18653e-035	3.28646e-037	2.18378e-039	9.17276e-042	4.82417e-044	1.60844e-046	7.28253e-049	2.20305e-051	1.07064e-053	5.44547e-056	4.20799e-058	
N6	1.71219e-018	1.14234e-016	8.07216e-015	3.78427e-013	1.17753e-011	2.59246e-010	4.3877e-009	5.62444e-008	5.43587e-007	3.98581e-006	2.26083e-005	0.000104913	0.00042483	0.00153945	0.00495657	0.0138979	0.0332086	0.0670678	0.11465	0.164983	0.194728	0.180691	0.126571	0.0651288	0.0241979	0.00642323	0.0012154	0.000165259	1.66184e-005	1.31704e-006	8.40789e-008	5.04561e-009	3.78004e-010	2.26756e-011	1.39616e-012	1.04841e-013	3.47761e-015	1.42591e-016	4.70119e-018	1.15146e-019	2.01377e-021	6.13265e-023	6.51176e-025	1.79826e-026	1.56315e-028	3.51861e-030	2.19191e-032	3.98457e-034	1.83965e-036	2.52897e-038	8.88817e-041	9.25925e-043	2.49298e-045	2.0323e-047	4.27561e-050	2.80136e-052	7.47127e-055	9.23681e-057	
N7	3.7535e-019	3.7526e-017	3.88391e-015	2.59857e-013	1.0575e-011	3.03343e-010	6.96928e-009	1.17898e-007	1.25142e-006	8.69454e-006	4.59094e-005	0.000189781	0.000723881	0.00271246	0.00889867	0.0239302	0.0520553	0.0923844	0.137284	0.17565	0.190794	0.162594	0.0988571	0.0404312	0.0110093	0.00208452	0.000303137	3.7355e-005	3.91348e-006	3.32743e-007	2.17504e-008	1.28817e-009	1.00841e-010	5.78693e-012	3.32274e-013	2.20511e-014	6.14905e-016	2.09381e-017	5.57403e-019	1.08857e-020	1.44636e-022	3.35726e-024	2.55232e-026	5.13416e-028	3.05516e-030	4.87266e-032	2.03385e-034	2.5651e-036	7.83023e-039	7.3647e-041	1.68671e-043	1.1843e-045	2.04503e-048	1.10021e-050	1.45346e-053	6.10367e-056	9.64643e-059	7.09126e-061	
N8	2.45155e-016	8.43485e-015	3.53917e-013	1.13994e-011	2.68609e-010	4.66651e-009	6.21931e-008	6.66386e-007	5.86834e-006	4.27834e-005	0.000252991	0.00115999	0.00400841	0.0106246	0.0229516	0.0427478	0.0706352	0.105851	0.145335	0.177225	0.177694	0.134592	0.0723056	0.0266114	0.00665357	0.00114742	0.000141749	1.31028e-005	9.62844e-007	6.55635e-008	3.90706e-009	2.71927e-010	2.61615e-011	1.42526e-012	7.79162e-014	5.06977e-015	1.38945e-016	5.95635e-018	1.67562e-019	6.01094e-021	1.07967e-022	5.10301e-024	6.63604e-026	2.75713e-027	2.83694e-029	9.18819e-031	7.11193e-033	1.7886e-034	1.06177e-036	2.04741e-038	9.57607e-041	1.4424e-042	5.4183e-045	6.84505e-047	2.13452e-049	2.35268e-051	1.31331e-053	3.91215e-055	
Carex_richardsonii	0	0	0	0	0	0	0	0	0	0	0	0	0	0	0	0	0	0	0	0	0	0	0	0	0	1	0	0	0	0	0	0	0	0	0	0	0	0	0	0	0	0	0	0	0	0	0	0	0	0	0	0	0	0	0	0	0	0	
N9	1.0636e-013	1.99237e-012	4.95458e-011	1.04038e-009	1.73337e-008	2.26968e-007	2.42974e-006	2.15119e-005	0.000152461	0.000814934	0.00310728	0.00847875	0.0179756	0.0326612	0.0536637	0.082518	0.120557	0.160798	0.180827	0.159757	0.105685	0.0507138	0.0173068	0.00416084	0.000704932	8.49673e-005	7.41538e-006	4.79055e-007	2.3693e-008	9.70618e-010	3.54115e-011	1.46132e-012	8.94857e-014	4.23221e-015	2.08256e-016	1.14503e-017	3.39695e-019	1.16444e-020	3.65596e-022	9.09005e-024	1.91918e-025	6.70284e-027	1.10849e-028	4.03259e-030	6.06745e-032	1.93101e-033	2.32422e-035	6.15575e-037	5.92647e-039	1.26131e-040	9.82515e-043	1.69195e-044	1.06958e-046	1.54835e-048	8.12326e-051	1.04099e-052	8.22055e-055	2.51618e-056	
Carex_capillaris	0	0	0	0	0	0	0	0	1	0	0	0	0	0	0	0	0	0	0	0	0	0	0	0	0	0	0	0	0	0	0	0	0	0	0	0	0	0	0	0	0	0	0	0	0	0	0	0	0	0	0	0	0	0	0	0	0	0	
Carex_baccans	0	0	0	0	0	0	0	0	0	0	0	0	0	0	0	0	0	0	0	0	0	0	1	0	0	0	0	0	0	0	0	0	0	0	0	0	0	0	0	0	0	0	0	0	0	0	0	0	0	0	0	0	0	0	0	0	0	0	
N10	2.67374e-017	9.18307e-016	3.94612e-014	1.31221e-012	3.13589e-011	6.05985e-010	9.59314e-009	1.13016e-007	7.96066e-007	3.84908e-006	1.71925e-005	6.48865e-005	0.00025072	0.00116935	0.00541862	0.0206678	0.0570029	0.105186	0.134305	0.145644	0.163882	0.165341	0.119339	0.0566173	0.0178307	0.00447818	0.00131485	0.000532909	0.000301812	0.000282259	0.00015976	0.000106275	5.52355e-005	2.04693e-005	5.30924e-006	1.86862e-006	2.65935e-007	7.0168e-008	7.47905e-009	1.48589e-009	1.04593e-010	1.56444e-011	7.47785e-013	7.80053e-014	2.62367e-015	1.90692e-016	4.50371e-018	2.39331e-019	4.08295e-021	1.59107e-022	2.08984e-024	6.06378e-026	6.14166e-028	1.6619e-029	1.43078e-031	4.13858e-033	1.48222e-034	1.1966e-035	
Carex_granularis	0	0	0	0	0	0	0	0	0	0	0	0	0	0	0	0	0	0	0	0	1	0	0	0	0	0	0	0	0	0	0	0	0	0	0	0	0	0	0	0	0	0	0	0	0	0	0	0	0	0	0	0	0	0	0	0	0	0	
N11	8.40727e-018	2.1618e-016	7.35272e-015	1.91693e-013	3.60093e-012	5.54116e-011	7.23302e-010	7.06223e-009	4.23168e-008	1.87154e-007	7.84784e-007	3.67386e-006	1.83686e-005	9.97024e-005	0.000595783	0.00277371	0.00787786	0.0138742	0.0191167	0.0224091	0.0208172	0.0180679	0.0157027	0.0109538	0.00670964	0.00529612	0.00456614	0.00328743	0.00268137	0.00519493	0.0145135	0.0441071	0.103172	0.163173	0.176184	0.176462	0.09165	0.0501837	0.014977	0.00462637	0.000748385	0.000140131	1.31535e-005	1.50361e-006	8.8882e-008	6.53513e-009	2.51223e-010	1.28542e-011	3.37756e-013	1.23719e-014	2.40149e-016	6.556e-018	9.65684e-020	2.35797e-021	3.30668e-023	9.76146e-025	3.27672e-026	1.74434e-027	
Carex_pseudocyperus	0	0	0	0	0	0	0	0	0	0	0	0	0	0	0	0	0	0	0	0	0	0	0	0	0	0	0	0	0	0	0	0	1	0	0	0	0	0	0	0	0	0	0	0	0	0	0	0	0	0	0	0	0	0	0	0	0	0	
Carex_oligosperma	0	0	0	0	0	0	0	0	0	0	0	0	0	0	0	0	0	0	0	0	0	0	0	0	0	0	0	0	0	0	0	0	0	0	0	0	0	1	0	0	0	0	0	0	0	0	0	0	0	0	0	0	0	0	0	0	0	0	
N12	7.48213e-015	9.82117e-014	1.85561e-012	3.00842e-011	3.94029e-010	4.20663e-009	3.72308e-008	2.65316e-007	1.56934e-006	8.00922e-006	3.46085e-005	0.000133447	0.000485611	0.0016425	0.00492112	0.0125885	0.0272893	0.052286	0.0921169	0.141169	0.170784	0.157065	0.116898	0.0827239	0.0597633	0.039823	0.022395	0.0103426	0.00435129	0.002011	0.000755801	0.000288674	9.31813e-005	2.31952e-005	4.53918e-006	9.27315e-007	1.17559e-007	1.76656e-008	1.78534e-009	2.09399e-010	1.56389e-011	1.50021e-012	8.41131e-014	6.18376e-015	2.6668e-016	1.49562e-017	4.88144e-019	2.16343e-020	5.41746e-022	1.89899e-023	3.82191e-025	1.08226e-026	1.76371e-028	4.67878e-030	7.58343e-032	2.5464e-033	9.97724e-035	6.61329e-036	
Carex_pallescens	0	0	0	0	0	0	0	0	0	0	0	0	0	0	0	0	0	0	0	0	0	0	0	0	0	0	0	0	0	0	0	1	0	0	0	0	0	0	0	0	0	0	0	0	0	0	0	0	0	0	0	0	0	0	0	0	0	0	
Carex_albursina	0	0	0	0	0	0	0	0	0	0	0	0	0	0	0	0	0	0	0	0	0	1	0	0	0	0	0	0	0	0	0	0	0	0	0	0	0	0	0	0	0	0	0	0	0	0	0	0	0	0	0	0	0	0	0	0	0	0	
N13	1.09035e-016	2.37921e-015	7.1315e-014	1.72037e-012	3.19163e-011	4.50024e-010	4.96408e-009	4.60464e-008	3.73275e-007	2.66512e-006	1.64141e-005	8.1275e-005	0.000315206	0.00100406	0.00270942	0.00627868	0.0129055	0.0239829	0.0403598	0.0631546	0.0952265	0.136697	0.172656	0.175536	0.13466	0.0778215	0.0359235	0.0134778	0.00472798	0.00182479	0.000479754	0.00012717	2.63122e-005	4.36827e-006	5.29346e-007	7.38802e-008	5.74271e-009	5.87233e-010	3.43997e-011	2.59798e-012	1.07047e-013	6.14831e-015	1.81734e-016	7.69986e-018	1.69499e-019	5.34126e-021	8.68829e-023	2.14296e-024	2.63412e-026	5.06525e-028	5.05379e-030	7.72018e-032	6.27022e-034	9.33583e-036	7.43564e-038	1.34488e-039	2.83532e-041	9.65654e-043	
Carex_pendula	0	0	0	0	0	0	0	0	0	0	0	0	0	0	0	0	0	0	0	0	0	0	0	0	0	0	0	0	1	0	0	0	0	0	0	0	0	0	0	0	0	0	0	0	0	0	0	0	0	0	0	0	0	0	0	0	0	0	
N14	5.09345e-016	8.27815e-015	1.87416e-013	3.65353e-012	5.78708e-011	7.45368e-010	7.92812e-009	7.16756e-008	5.58105e-007	3.62408e-006	1.93872e-005	8.532e-005	0.00030916	0.000925941	0.00235787	0.00538744	0.0113527	0.0215201	0.0361424	0.0567365	0.088399	0.132802	0.174141	0.182111	0.144127	0.0854852	0.0387211	0.0138096	0.00414572	0.00111431	0.000247231	4.72688e-005	7.62541e-006	9.83954e-007	1.03768e-007	1.18067e-008	8.59017e-010	8.23406e-011	6.01901e-012	4.8696e-013	2.40775e-014	2.43524e-015	8.58758e-017	7.76303e-018	2.57055e-019	1.88377e-020	4.6187e-022	3.16437e-023	5.9971e-025	3.3289e-026	5.37175e-028	2.39966e-029	3.10399e-031	1.24622e-032	1.37022e-034	5.14981e-036	1.09243e-037	9.31275e-039	
Carex_hostiana	0	0	0	0	0	0	0	0	0	0	0	0	0	0	0	0	0	0	0	0	0	0	0	0	0	0	0	1	0	0	0	0	0	0	0	0	0	0	0	0	0	0	0	0	0	0	0	0	0	0	0	0	0	0	0	0	0	0	
Carex_echinochloe	0	0	0	0	0	0	0	0	0	0	0	0	0	0	0	0	0	0	0	0	1	0	0	0	0	0	0	0	0	0	0	0	0	0	0	0	0	0	0	0	0	0	0	0	0	0	0	0	0	0	0	0	0	0	0	0	0	0	
Carex_dissitiflora	0	0	0	0	0	0	0	0	0	0	0	0	0	0	0	0	0	0	1	0	0	0	0	0	0	0	0	0	0	0	0	0	0	0	0	0	0	0	0	0	0	0	0	0	0	0	0	0	0	0	0	0	0	0	0	0	0	0	
N15	3.53796e-015	6.15111e-014	1.40544e-012	2.60381e-011	3.69847e-010	4.01764e-009	3.447e-008	2.4194e-007	1.4076e-006	6.8269e-006	2.80541e-005	0.000100304	0.00032294	0.000968158	0.00276234	0.00748034	0.0187294	0.0419615	0.0814278	0.13291	0.177624	0.189819	0.159402	0.104093	0.0524338	0.020552	0.0066212	0.00183155	0.000548769	0.000250261	8.08934e-005	3.02987e-005	1.04463e-005	2.47494e-006	4.8897e-007	1.28949e-007	1.60619e-008	3.65081e-009	3.95096e-010	7.70299e-011	6.11464e-012	1.00637e-012	5.94071e-014	7.44679e-015	3.33832e-016	3.13939e-017	1.05391e-018	7.66679e-020	1.95894e-021	1.09821e-022	2.22304e-024	9.66724e-026	1.54983e-027	6.18087e-029	8.54205e-031	3.68336e-032	1.97802e-033	2.58964e-034	
N16	9.65933e-015	1.13071e-013	1.93276e-012	2.82004e-011	3.29859e-010	3.10107e-009	2.46739e-008	1.69344e-007	1.0064e-006	5.07684e-006	2.11736e-005	7.43466e-005	0.000232711	0.000677935	0.00184678	0.00466847	0.0109078	0.0234659	0.0457479	0.0785401	0.115668	0.144965	0.155498	0.143742	0.113557	0.0764533	0.0441838	0.0219573	0.00993515	0.00460515	0.00191215	0.000833734	0.000338359	0.000115192	3.29784e-005	9.68598e-006	1.93885e-006	4.28185e-007	6.99668e-008	1.20783e-008	1.48047e-009	2.14387e-010	2.01908e-011	2.31879e-012	1.75593e-013	1.61381e-014	9.73928e-016	7.47068e-017	3.65765e-018	2.32432e-019	9.524e-021	5.03426e-022	1.708e-023	8.26083e-025	2.73507e-026	1.55768e-027	9.83345e-029	1.1086e-029	
N17	4.03671e-017	9.46225e-016	2.99639e-014	7.41599e-013	1.35601e-011	1.71798e-010	1.78842e-009	1.65611e-008	1.36918e-007	9.03115e-007	4.07102e-006	1.27612e-005	3.59192e-005	0.000104029	0.000285952	0.000752556	0.00215566	0.00691493	0.0217592	0.0584946	0.122782	0.189948	0.210566	0.169348	0.105889	0.0582615	0.0304951	0.0143777	0.00559478	0.00172177	0.000407159	7.64479e-005	1.17367e-005	1.58705e-006	2.30222e-007	4.34154e-008	8.74864e-009	1.77102e-009	3.13456e-010	4.86443e-011	6.29073e-012	8.2137e-013	7.79585e-014	7.81172e-015	6.00001e-016	4.54062e-017	2.53453e-018	1.55516e-019	6.34472e-021	2.89853e-022	9.27464e-024	3.18748e-025	7.7628e-027	2.25884e-028	4.96967e-030	1.45767e-031	4.24915e-033	1.82987e-034	
N18	6.32942e-019	1.15187e-017	2.87414e-016	5.79021e-015	9.03522e-014	9.26341e-013	7.97511e-012	6.95774e-011	6.29804e-010	5.70853e-009	3.17227e-008	8.20036e-008	1.73644e-007	5.307e-007	1.49553e-006	2.73395e-006	5.1725e-006	1.53514e-005	8.39916e-005	0.000497163	0.00213111	0.0054065	0.00701722	0.00468541	0.00215011	0.00122133	0.000945491	0.00108992	0.00165229	0.00189932	0.00130262	0.000546938	0.000151957	3.39556e-005	1.51625e-005	1.64047e-005	1.6858e-005	2.71645e-005	0.000133494	0.000904625	0.00476522	0.0215819	0.0616	0.145862	0.212277	0.239695	0.160551	0.086601	0.0268585	0.00697799	0.00110545	0.000154528	1.40395e-005	1.26209e-006	8.29458e-008	6.22936e-009	4.38216e-010	4.65527e-011	
Uncinia_uncinata	0	0	0	0	0	0	0	0	0	0	0	0	0	0	0	0	0	0	0	0	0	0	0	0	0	0	0	0	0	0	0	0	0	0	0	0	0	0	0	0	0	0	0	1	0	0	0	0	0	0	0	0	0	0	0	0	0	0	
Uncinia_phleoides	0	0	0	0	0	0	0	0	0	0	0	0	0	0	0	0	0	0	0	0	0	0	0	0	0	0	0	0	0	0	0	0	0	0	0	0	0	0	0	0	0	0	0	0	0	0	0	1	0	0	0	0	0	0	0	0	0	0	
N19	3.62855e-017	7.35486e-016	2.06476e-014	4.80293e-013	8.69919e-012	1.2177e-010	1.36403e-009	1.2526e-008	9.43668e-008	5.65951e-007	2.63982e-006	9.88522e-006	3.19687e-005	9.41862e-005	0.000265401	0.000765258	0.00235287	0.00748677	0.0226078	0.0588341	0.121636	0.188644	0.21336	0.176712	0.111527	0.0573454	0.0252552	0.00941924	0.00284196	0.000669096	0.000120086	1.66684e-005	1.85764e-006	1.73698e-007	1.58938e-008	1.63333e-009	1.7017e-010	1.72261e-011	1.51759e-012	1.13206e-013	7.15369e-015	3.92857e-016	1.7757e-017	7.03454e-019	2.33453e-020	6.6653e-022	1.58141e-023	3.30434e-025	5.63828e-027	8.5134e-029	1.06396e-030	1.20025e-032	1.11297e-034	1.06183e-036	8.39875e-039	1.13029e-040	2.75732e-042	1.43354e-043	
N20	5.25485e-016	7.22299e-015	1.36836e-013	2.28142e-012	3.10986e-011	3.42745e-010	3.06922e-009	2.264e-008	1.38511e-007	7.1141e-007	3.1322e-006	1.20282e-005	4.1127e-005	0.000130334	0.000403579	0.00125461	0.00385267	0.0112826	0.0301976	0.0699298	0.131474	0.190621	0.20748	0.169048	0.104886	0.0510259	0.0199877	0.00635306	0.00162412	0.000330614	5.27222e-005	6.7304e-006	7.56394e-007	7.18314e-008	7.20264e-009	9.92201e-010	8.64462e-011	9.61443e-012	1.06131e-012	8.55948e-014	5.93287e-015	6.63623e-016	2.99991e-017	2.89318e-018	1.23909e-019	1.00419e-020	3.05315e-022	2.48102e-023	5.85944e-025	4.11202e-026	8.29278e-028	4.98661e-029	8.53246e-031	4.55308e-032	6.81878e-034	3.31204e-035	7.376e-037	7.3659e-038	
Carex_pauciflora	0	0	0	0	0	0	0	0	0	0	0	0	0	0	0	0	0	0	1	0	0	0	0	0	0	0	0	0	0	0	0	0	0	0	0	0	0	0	0	0	0	0	0	0	0	0	0	0	0	0	0	0	0	0	0	0	0	0	
Carex_leptalea_subsp_leptalea	0	0	0	0	0	0	0	0	0	0	0	0	0	0	0	0	0	0	0	0	0	0	0	0	0	1	0	0	0	0	0	0	0	0	0	0	0	0	0	0	0	0	0	0	0	0	0	0	0	0	0	0	0	0	0	0	0	0	
Carex_capitata	0	0	0	0	0	0	0	0	0	0	0	0	0	0	0	0	0	0	0	0	0	0	0	0	1	0	0	0	0	0	0	0	0	0	0	0	0	0	0	0	0	0	0	0	0	0	0	0	0	0	0	0	0	0	0	0	0	0	
N21	2.79013e-013	1.73141e-012	1.65658e-011	1.50091e-010	1.1767e-009	7.94362e-009	4.60531e-008	2.30595e-007	1.02616e-006	4.25271e-006	1.68167e-005	6.24478e-005	0.000211997	0.000635423	0.00161994	0.00346199	0.00629294	0.010021	0.0146341	0.0208165	0.0299197	0.042635	0.0571278	0.0697167	0.0784885	0.0860404	0.0941304	0.0982928	0.0941588	0.0837447	0.0659634	0.0508465	0.0379253	0.0248536	0.0144701	0.00825706	0.00346765	0.00146604	0.000500333	0.000161536	4.10039e-005	1.11819e-005	2.16858e-006	4.66396e-007	7.25991e-008	1.22805e-008	1.48337e-009	2.03055e-010	1.92391e-011	2.10438e-012	1.61468e-013	1.43415e-014	8.99746e-016	7.08139e-017	4.25167e-018	3.72118e-019	3.52089e-020	6.21667e-021	
Kobresia_myosuroides	0	0	0	0	0	0	0	0	0	0	0	0	0	0	0	0	0	0	0	0	0	0	0	0	0	0	0	0	1	0	0	0	0	0	0	0	0	0	0	0	0	0	0	0	0	0	0	0	0	0	0	0	0	0	0	0	0	0	
Kobresia_simpliciuscula	0	0	0	0	0	0	0	0	0	0	0	0	0	0	0	0	0	0	0	0	0	0	0	0	0	0	0	0	0	0	0	0	0	0	1	0	0	0	0	0	0	0	0	0	0	0	0	0	0	0	0	0	0	0	0	0	0	0	
N22	8.13833e-013	7.23938e-012	9.05702e-011	1.00504e-009	9.38816e-009	7.09675e-008	4.22053e-007	2.21506e-006	1.11447e-005	5.3503e-005	0.000233658	0.000847716	0.00240975	0.00540042	0.0102713	0.0180686	0.030076	0.0465188	0.0676655	0.0955327	0.127972	0.152559	0.153546	0.126925	0.0849762	0.0461228	0.0204143	0.00738761	0.00223758	0.000595205	0.000136372	2.94716e-005	5.97996e-006	1.07089e-006	1.7015e-007	2.60499e-008	3.06381e-009	3.54921e-010	3.41973e-011	3.08822e-012	2.28387e-013	1.76512e-014	1.0294e-015	6.4443e-017	3.10949e-018	1.5762e-019	6.08486e-021	2.56711e-022	7.99237e-024	2.76395e-025	7.16161e-027	2.06535e-028	4.52171e-030	1.19975e-031	2.64371e-033	7.99926e-035	2.55723e-036	1.26625e-037	
Carex_gibba	0	0	0	0	0	0	0	0	0	0	0	0	0	0	0	0	1	0	0	0	0	0	0	0	0	0	0	0	0	0	0	0	0	0	0	0	0	0	0	0	0	0	0	0	0	0	0	0	0	0	0	0	0	0	0	0	0	0	
N23	5.91998e-016	1.35453e-014	4.00266e-013	8.90252e-012	1.50595e-010	1.92094e-009	1.67042e-008	1.15046e-007	6.91177e-007	4.17127e-006	2.51901e-005	0.000124152	0.00044235	0.00118994	0.00279896	0.00582754	0.009844	0.0136038	0.017644	0.0257413	0.044359	0.0786745	0.12377	0.161225	0.167223	0.140437	0.0981879	0.0570859	0.0288892	0.0146842	0.0054368	0.00203121	0.000582378	0.000139646	2.35433e-005	4.27671e-006	4.40794e-007	5.35208e-008	3.92869e-009	3.3014e-010	1.62743e-011	1.02172e-012	3.51008e-014	1.59751e-015	4.05907e-017	1.35758e-018	2.5275e-020	6.571e-022	9.19057e-024	1.8373e-025	2.06118e-027	3.22999e-029	2.87684e-031	4.05673e-033	3.29973e-035	5.1079e-037	8.57985e-039	2.41761e-040	
N24	7.43325e-016	1.09748e-014	2.32908e-013	4.07522e-012	5.57844e-011	6.19642e-010	5.39276e-009	3.67875e-008	2.00693e-007	8.74493e-007	3.90603e-006	1.68242e-005	6.02089e-005	0.000196559	0.000574477	0.00141768	0.00311191	0.00576156	0.00790619	0.0084229	0.0096429	0.0167822	0.0389337	0.0821568	0.126398	0.134425	0.10341	0.0722311	0.0661547	0.0739575	0.0734191	0.0627626	0.0481703	0.0316729	0.0180656	0.00959368	0.00337177	0.00106562	0.000256032	4.91438e-005	7.13362e-006	1.04941e-006	1.01452e-007	1.09161e-008	8.16523e-010	6.63336e-011	3.64851e-012	2.32212e-013	9.53363e-015	4.60136e-016	1.45218e-017	5.39264e-019	1.31505e-020	3.98804e-022	8.2931e-024	2.43827e-025	6.96539e-027	3.63608e-028	
Carex_radiata	0	0	0	0	0	0	0	0	0	0	0	0	0	0	0	0	0	0	0	0	0	0	0	0	0	0	0	0	1	0	0	0	0	0	0	0	0	0	0	0	0	0	0	0	0	0	0	0	0	0	0	0	0	0	0	0	0	0	
Carex_macrocephala	0	0	0	0	0	0	0	0	0	0	0	0	0	0	0	0	0	0	0	0	0	0	0	0	0	0	0	0	0	0	0	0	0	0	0	0	1	0	0	0	0	0	0	0	0	0	0	0	0	0	0	0	0	0	0	0	0	0	
N25	1.68156e-019	8.00629e-018	5.45768e-016	2.65479e-014	9.86703e-013	2.68499e-011	3.98892e-010	3.51805e-009	3.47846e-008	3.26583e-007	3.731e-006	3.88601e-005	0.000270137	0.00100279	0.0019789	0.00329363	0.00673305	0.0120748	0.0149227	0.0143655	0.0178698	0.0361332	0.0807177	0.15235	0.213284	0.209442	0.141724	0.0660188	0.0216582	0.00514211	0.000861681	0.000104979	9.13139e-006	5.61597e-007	2.45948e-008	8.19981e-010	1.90793e-011	3.64343e-013	5.30294e-015	6.78235e-017	6.56776e-019	7.81153e-021	5.56414e-023	5.63925e-025	4.10172e-027	1.61908e-028	1.84554e-029	4.06425e-030	4.79119e-031	9.25843e-032	1.10616e-032	1.85263e-033	1.91458e-034	3.40359e-035	3.49534e-036	7.49046e-037	1.63984e-037	5.89094e-038	
Carex_satsumensis	0	0	0	0	0	0	0	0	0	0	0	0	0	0	0	0	0	0	1	0	0	0	0	0	0	0	0	0	0	0	0	0	0	0	0	0	0	0	0	0	0	0	0	0	0	0	0	0	0	0	0	0	0	0	0	0	0	0	
N26	1.68152e-019	8.00624e-018	5.45766e-016	2.65478e-014	9.86699e-013	2.68497e-011	3.98887e-010	3.51803e-009	3.47844e-008	3.26582e-007	3.73099e-006	3.886e-005	0.000270136	0.00100278	0.00197889	0.00329362	0.00673303	0.0120748	0.0149227	0.0143654	0.0178697	0.0361331	0.0807176	0.15235	0.213284	0.209442	0.141724	0.0660189	0.0216582	0.00514218	0.000861693	0.000104986	9.13328e-006	5.62092e-007	2.46218e-008	8.37713e-010	1.9229e-011	5.75456e-013	6.52637e-015	1.42672e-015	1.88869e-018	4.60097e-018	5.47805e-022	8.0881e-021	6.28627e-025	7.85909e-024	1.21609e-028	4.35702e-027	9.09731e-033	1.41867e-030	2.57955e-036	2.83509e-034	1.22819e-040	3.63487e-038	3.78395e-045	3.11439e-042	5.1001e-049	3.72484e-046	
Carex_diandra	0	0	0	0	0	0	0	0	0	0	0	0	0	0	0	0	0	0	0	0	0	0	0	0	0	0	0	0	0	1	0	0	0	0	0	0	0	0	0	0	0	0	0	0	0	0	0	0	0	0	0	0	0	0	0	0	0	0	
N27	3.54969e-023	5.17832e-021	7.47218e-019	6.13185e-017	4.01635e-015	1.8967e-013	3.5168e-012	2.94015e-011	3.68559e-010	4.62317e-009	7.46463e-008	1.30871e-006	1.25563e-005	4.13095e-005	5.86867e-005	8.39863e-005	0.000164803	0.000386079	0.000705663	0.00111902	0.0016254	0.00272685	0.00888007	0.0368525	0.117867	0.240726	0.290273	0.197412	0.077569	0.0198736	0.0031299	0.000430888	5.30635e-005	6.00878e-006	6.34149e-007	8.86742e-008	6.42096e-009	5.58697e-010	2.75601e-011	1.39976e-012	3.79399e-014	1.42202e-015	2.35368e-017	6.07421e-019	7.10793e-021	1.29481e-022	1.05131e-024	1.41864e-026	8.23234e-029	8.04568e-031	3.45513e-033	2.4762e-035	7.85549e-038	4.41619e-040	1.08392e-042	5.23923e-045	2.02875e-047	1.83812e-049	
N28	7.55668e-024	7.75802e-022	8.55358e-020	6.10966e-018	3.47764e-016	1.40578e-014	2.6708e-013	4.81601e-012	9.35773e-011	1.61435e-009	2.28563e-008	2.3511e-007	1.30435e-006	2.5313e-006	3.46195e-006	1.08002e-005	4.60982e-005	0.000135817	0.000236082	0.00043161	0.00113826	0.0029128	0.00831792	0.0307589	0.112189	0.261512	0.319023	0.193262	0.0589708	0.00981349	0.00106644	0.000129949	2.85914e-005	6.95258e-006	1.44461e-006	3.58705e-007	7.8789e-008	2.02911e-008	5.12843e-009	6.50891e-010	6.7525e-011	6.93769e-012	2.97252e-013	1.37628e-014	5.1183e-016	1.32401e-017	2.72568e-019	9.71219e-021	1.36023e-022	4.68042e-024	5.16881e-026	1.36285e-027	1.06133e-029	2.06608e-031	1.17623e-033	1.74853e-035	1.15893e-037	2.57037e-039	
Carex_foenea	0	0	0	0	0	0	0	0	0	0	0	0	0	0	0	0	0	0	0	0	0	0	0	0	0	0	0	0	0	0	0	0	0	0	0	0	0	0	0	0	1	0	0	0	0	0	0	0	0	0	0	0	0	0	0	0	0	0	
N29	1.09596e-023	8.65503e-022	7.67239e-020	4.68009e-018	2.13384e-016	6.55914e-015	9.71752e-014	1.21357e-012	1.614e-011	2.25273e-010	3.43446e-009	3.56238e-008	1.76274e-007	3.75351e-007	6.79901e-007	2.15679e-006	7.61588e-006	1.53946e-005	1.76438e-005	2.65878e-005	0.000105996	0.000734254	0.00540742	0.0334411	0.135405	0.297215	0.318325	0.162276	0.0410212	0.00553599	0.000437498	2.35162e-005	1.12951e-006	6.26111e-008	4.02019e-009	2.68433e-010	1.59757e-011	8.13326e-013	3.20591e-014	9.05302e-016	1.9392e-017	3.20019e-019	3.76321e-021	3.41271e-023	2.45947e-025	1.43131e-027	6.89704e-030	3.77591e-032	1.73106e-034	1.82595e-036	9.88371e-039	1.24062e-040	5.44042e-043	5.6667e-045	2.07308e-047	1.91322e-049	1.36973e-051	1.94545e-053	
Carex_conferta	0	0	0	0	0	0	0	0	0	0	0	0	0	0	0	0	0	0	0	0	0	0	0	0	0	1	0	0	0	0	0	0	0	0	0	0	0	0	0	0	0	0	0	0	0	0	0	0	0	0	0	0	0	0	0	0	0	0	
Carex_arcta	0	0	0	0	0	0	0	0	0	0	0	0	0	0	0	0	0	0	0	0	0	0	0	0	0	0	1	0	0	0	0	0	0	0	0	0	0	0	0	0	0	0	0	0	0	0	0	0	0	0	0	0	0	0	0	0	0	0	
N30	1.60044e-024	2.26189e-022	3.28358e-020	2.99932e-018	1.57227e-016	7.62353e-015	3.02912e-013	3.88269e-012	2.55452e-011	3.47357e-010	1.90702e-009	1.96394e-008	2.60313e-007	1.85127e-006	6.6596e-006	1.15092e-005	1.0491e-005	1.43558e-005	4.69492e-005	0.000140711	0.000373054	0.000710852	0.000910099	0.00230708	0.0152714	0.0735906	0.203752	0.309273	0.252397	0.110641	0.0263221	0.0037294	0.000438053	4.60448e-005	4.87115e-006	5.16013e-007	2.67933e-008	1.23069e-009	4.78953e-011	1.04036e-012	1.92608e-014	3.74078e-016	3.80397e-018	5.83996e-020	5.46159e-022	8.02667e-024	5.76055e-026	7.68371e-028	4.14793e-030	4.16803e-032	1.67748e-034	1.24105e-036	3.69094e-039	2.04819e-041	4.58133e-044	2.0131e-046	5.0077e-049	3.60717e-051	
N31	2.02734e-025	2.02015e-023	2.20562e-021	1.62845e-019	8.48129e-018	3.65524e-016	1.19933e-014	1.57024e-013	1.3132e-012	1.37181e-011	9.65811e-011	1.08983e-009	1.4815e-008	1.33571e-007	6.16248e-007	1.09638e-006	9.83501e-007	1.49892e-006	6.27088e-006	2.9304e-005	8.06566e-005	0.000105222	8.39832e-005	0.000145061	0.00116548	0.0106424	0.0604556	0.190832	0.319664	0.273326	0.115409	0.0242894	0.00323613	0.000423895	7.86051e-005	2.106e-005	2.10249e-006	1.83889e-007	1.66567e-008	5.59041e-010	1.92776e-011	6.66412e-013	9.05899e-015	1.93865e-016	2.87003e-018	7.06584e-020	7.58274e-022	2.84786e-023	2.21575e-025	6.54587e-027	3.66651e-029	7.7996e-031	3.14429e-033	4.82752e-035	1.4313e-037	1.61236e-039	4.64262e-042	7.55275e-044	
Carex_disticha	0	0	0	0	0	0	0	0	0	0	0	0	0	0	0	0	0	0	0	0	0	0	0	0	0	0	0	0	0	0	1	0	0	0	0	0	0	0	0	0	0	0	0	0	0	0	0	0	0	0	0	0	0	0	0	0	0	0	
Carex_chordorrhiza	0	0	0	0	0	0	0	0	0	0	0	0	0	0	0	0	0	0	0	0	0	0	0	0	0	0	0	0	0	0	1	0	0	0	0	0	0	0	0	0	0	0	0	0	0	0	0	0	0	0	0	0	0	0	0	0	0	0	
Carex_deweyana_var_deweyana	0	0	0	0	0	0	0	0	0	0	0	0	0	0	0	0	0	0	0	0	0	0	0	0	0	0	1	0	0	0	0	0	0	0	0	0	0	0	0	0	0	0	0	0	0	0	0	0	0	0	0	0	0	0	0	0	0	0	
