NODE	1	2	3	4	5	6	7	8	9	10	11	12	13	14	15	16	17	18	19	20	21	22	23	24	25	26	27	28	29	30	31	32	33	34	35	36	37	38	39	40	41	42	43	44	45	46	47	48	49	50	51	52	53	54	55	56	57	58	59	60	61	62	63	64	65	66	67	68	69	70	71	
N1	2.45445e-10	3.00183e-09	2.08423e-08	9.77107e-08	3.41447e-07	9.63163e-07	2.36651e-06	5.24822e-06	1.05871e-05	1.95149e-05	3.3268e-05	5.33829e-05	8.20502e-05	0.000122417	0.000178662	0.00025575	0.000358855	0.00049251	0.000659735	0.000861679	0.00109774	0.00136614	0.00166486	0.00199257	0.00234939	0.00273732	0.00316037	0.00362442	0.00413675	0.00470556	0.00533924	0.0060457	0.0068316	0.00770159	0.00865748	0.00969403	0.010802	0.0119726	0.0131941	0.014453	0.0157337	0.0170201	0.0182959	0.0195455	0.0207549	0.0219122	0.0230079	0.024035	0.0249894	0.0258693	0.0266753	0.02741	0.0280778	0.0286842	0.0292361	0.0297405	0.0302051	0.0306375	0.031045	0.0314346	0.0318124	0.0321842	0.0325545	0.0329273	0.0333055	0.0336914	0.034086	0.0344899	0.0349026	0.0353231	0.0357491	
N2	6.89224e-11	1.31897e-09	1.16871e-08	6.61882e-08	2.66221e-07	8.66847e-07	2.37933e-06	5.7213e-06	1.21162e-05	2.3444e-05	4.20657e-05	7.21467e-05	0.000118443	0.000188586	0.000288508	0.000427065	0.000606236	0.000832866	0.00110214	0.00142205	0.00178458	0.00220594	0.00267819	0.00323002	0.00385196	0.00458515	0.00541185	0.00638226	0.00746009	0.00870055	0.010038	0.0115309	0.0130774	0.0147437	0.0163921	0.0181064	0.0197232	0.0213584	0.0228299	0.0242912	0.0255465	0.0267868	0.0278032	0.0288202	0.0296147	0.0304403	0.0310577	0.0317424	0.0322344	0.0328227	0.0332157	0.0336979	0.0339219	0.0341401	0.0339225	0.0334817	0.032339	0.0307658	0.0283894	0.0257164	0.0226004	0.0197667	0.017098	0.0152145	0.0137126	0.0129482	0.0122941	0.0120642	0.0116634	0.0115255	0.0111262	
N3	5.04954e-11	1.0765e-09	1.02814e-08	6.1516e-08	2.59801e-07	8.81186e-07	2.49614e-06	6.13021e-06	1.32341e-05	2.6105e-05	4.79055e-05	8.39015e-05	0.000140337	0.000226095	0.000348213	0.000515519	0.000730023	0.000997667	0.00131495	0.00169084	0.00212208	0.00262781	0.00320738	0.00389217	0.00467979	0.00561035	0.00666959	0.00789962	0.00926179	0.0107947	0.0124256	0.0141898	0.0159786	0.0178314	0.0196106	0.0213807	0.0230016	0.0245762	0.0259558	0.0272778	0.0283867	0.0294522	0.0303102	0.0311571	0.0318153	0.0324988	0.0330061	0.0335533	0.0338965	0.0342321	0.0342513	0.0341176	0.0334654	0.0324712	0.0307976	0.0287529	0.0261442	0.0234801	0.0206825	0.0183207	0.0162164	0.0147876	0.0136272	0.0129993	0.0123775	0.0120273	0.0114491	0.0110151	0.010332	0.00989843	0.00934002	
N4	2.02942e-11	5.59033e-10	6.40221e-09	4.42714e-08	2.14325e-07	8.08912e-07	2.48537e-06	6.55564e-06	1.52884e-05	3.26679e-05	6.45716e-05	0.00011974	0.00020768	0.000339994	0.000524765	0.000773346	0.00109061	0.00149296	0.00198752	0.00260533	0.00335691	0.00428862	0.00540163	0.0067479	0.00829559	0.0100896	0.0120417	0.0141876	0.0163754	0.0186513	0.020815	0.0229565	0.0248502	0.0266562	0.0281359	0.0295305	0.0305961	0.0316364	0.0323599	0.0330952	0.0334792	0.0338489	0.0337599	0.0335683	0.0327761	0.0318155	0.030196	0.0284928	0.0262581	0.0242148	0.0219031	0.0201033	0.0182344	0.0170492	0.0158034	0.0152304	0.0144817	0.0143394	0.0139111	0.0140336	0.0137659	0.0139662	0.013651	0.0137078	0.0131734	0.0129966	0.0122604	0.011931	0.0111066	0.0107222	0.0098868	
N5	2.45345e-11	6.69664e-10	7.64188e-09	5.25182e-08	2.53701e-07	9.53031e-07	2.92418e-06	7.7079e-06	1.80273e-05	3.85557e-05	7.62028e-05	0.000140614	0.000242337	0.000393147	0.000602309	0.00088144	0.00123918	0.00169375	0.00225966	0.00296909	0.00384096	0.00491671	0.00620284	0.00773432	0.00947964	0.0114528	0.0135663	0.0158175	0.018068	0.0203282	0.022433	0.0244433	0.0261884	0.0278049	0.0291203	0.03034	0.0312552	0.0321186	0.0326541	0.0331354	0.033196	0.0331407	0.0325294	0.0317486	0.0303353	0.0288272	0.0267719	0.0248749	0.0226502	0.0209071	0.0190253	0.0178382	0.0165341	0.0159706	0.0151763	0.015084	0.0146122	0.0147943	0.0144502	0.0146993	0.0142774	0.0144019	0.0137699	0.013709	0.0129145	0.0128301	0.0121885	0.0125189	0.012458	0.0132373	0.0130622	
Lagenocarpus_guianensis	0	0	0	0	0	0	0	0	0	0	0	0	0	0	0	0	1	0	0	0	0	0	0	0	0	0	0	0	0	0	0	0	0	0	0	0	0	0	0	0	0	0	0	0	0	0	0	0	0	0	0	0	0	0	0	0	0	0	0	0	0	0	0	0	0	0	0	0	0	0	0	
N6	1.08921e-10	3.4253e-09	4.38764e-08	3.31209e-07	1.71283e-06	6.7817e-06	2.17747e-05	5.91466e-05	0.000139074	0.00029202	0.00055874	0.000997832	0.00167593	0.00267527	0.00404528	0.00582546	0.00794841	0.010355	0.012835	0.0153164	0.0175462	0.0195788	0.0211635	0.0225236	0.0233664	0.0240887	0.0243011	0.0245996	0.0244452	0.024663	0.0244827	0.024958	0.0249862	0.0258487	0.02606	0.0271395	0.0272511	0.0282149	0.0279594	0.0285583	0.0277913	0.0279135	0.0266506	0.0263251	0.0246893	0.0240395	0.0222212	0.0214046	0.0195729	0.0187255	0.0170154	0.0162297	0.0147064	0.0140312	0.0127301	0.0121829	0.0110932	0.0106699	0.00977771	0.00946257	0.00872815	0.00849907	0.00789643	0.00773065	0.00721846	0.00709455	0.00665313	0.00655346	0.00615126	0.00606194	0.00569129	
N7	5.21083e-10	1.26374e-08	1.35731e-07	8.9933e-07	4.24179e-06	1.55694e-05	4.67766e-05	0.000119702	0.000268793	0.000544869	0.00101485	0.00176073	0.00285643	0.00435333	0.00623109	0.00842159	0.0107646	0.0131281	0.0153167	0.0172847	0.018889	0.0202293	0.0211797	0.0219771	0.0224478	0.0229731	0.023264	0.0238512	0.0242368	0.0250937	0.0256325	0.0266867	0.0271642	0.0281171	0.0282069	0.0287379	0.0281965	0.0281566	0.0270005	0.0264771	0.0248886	0.0240749	0.0222909	0.0213885	0.0196068	0.0187651	0.0171193	0.0164223	0.0149706	0.0144482	0.0132098	0.0128588	0.0118131	0.0116126	0.0107395	0.0106684	0.00994164	0.0100028	0.00945328	0.0097059	0.00940069	0.0099244	0.00989919	0.0106172	0.0106436	0.0112354	0.0109963	0.0112406	0.0106828	0.0106987	0.0100294	
Gahnia_aspera	0	0	0	0	0	0	0	0	0	0	0	0	0	0	0	0	0	0	0	0	0	0	0	0	0	0	0	0	0	0	0	0	0	0	0	0	0	0	0	1	0	0	0	0	0	0	0	0	0	0	0	0	0	0	0	0	0	0	0	0	0	0	0	0	0	0	0	0	0	0	0	
Oreobolus_pectinatus	0	0	0	0	0	0	0	0	0	0	0	0	0	0	0	0	0	0	1	0	0	0	0	0	0	0	0	0	0	0	0	0	0	0	0	0	0	0	0	0	0	0	0	0	0	0	0	0	0	0	0	0	0	0	0	0	0	0	0	0	0	0	0	0	0	0	0	0	0	0	0	
N8	4.99146e-10	1.64459e-08	2.17628e-07	1.67652e-06	8.81311e-06	3.49361e-05	0.000110797	0.000295826	0.000685105	0.00141085	0.00260929	0.00438809	0.00673993	0.00957708	0.0126609	0.0158219	0.0187822	0.0215462	0.023911	0.0261393	0.0280092	0.030001	0.0317083	0.0337716	0.0354334	0.0374624	0.0386999	0.0401123	0.0402809	0.040485	0.0392499	0.0381469	0.035751	0.0337565	0.0308049	0.0285206	0.0256251	0.0235462	0.0210752	0.0194096	0.0174452	0.0161956	0.0146775	0.0137555	0.0125614	0.0118518	0.0108616	0.0102617	0.00937832	0.00882683	0.00801351	0.00750148	0.00676147	0.00630946	0.00566504	0.00528493	0.00473149	0.004411	0.00393287	0.00365151	0.00322864	0.00297528	0.00260489	0.00237883	0.00205907	0.00186318	0.00159675	0.00143253	0.00121537	0.00108208	0.000911039	
Morelotia_affinis	0	0	0	0	0	0	0	0	0	0	0	0	0	0	0	0	0	0	0	0	0	0	1	0	0	0	0	0	0	0	0	0	0	0	0	0	0	0	0	0	0	0	0	0	0	0	0	0	0	0	0	0	0	0	0	0	0	0	0	0	0	0	0	0	0	0	0	0	0	0	0	
N9	6.44866e-10	2.11211e-08	2.78218e-07	2.13674e-06	1.1193e-05	4.41503e-05	0.000139502	0.000370979	0.000854139	0.00174029	0.00317	0.00522788	0.00786434	0.0109438	0.0142099	0.0174886	0.0205434	0.0233935	0.0259004	0.0283093	0.0304572	0.0327374	0.0347887	0.0370617	0.0388698	0.0407137	0.041646	0.0423438	0.0418123	0.0410034	0.0390165	0.0369937	0.0341203	0.031549	0.0284957	0.0260117	0.023333	0.021308	0.0191729	0.0176395	0.0159979	0.0148637	0.0135907	0.012723	0.0116799	0.0109591	0.0100432	0.00939493	0.00855625	0.00796206	0.00720306	0.00667606	0.00600945	0.00555821	0.00498433	0.00459731	0.00409807	0.00375776	0.00332032	0.00301729	0.00263578	0.00237009	0.002046	0.00181882	0.00154797	0.00135375	0.00112398	0.000951017	0.000756472	0.000621685	0.000493557	
N10	1.22051e-08	3.10284e-07	3.3533e-06	2.17436e-05	9.80362e-05	0.000337709	0.000932227	0.00213712	0.00417371	0.00715722	0.0110202	0.0156238	0.020675	0.0260239	0.0313297	0.0366289	0.04148	0.0460554	0.0496058	0.0524462	0.0536293	0.0538632	0.052267	0.0500387	0.0464076	0.0428362	0.0385087	0.0348447	0.0308796	0.0278415	0.0246603	0.0223761	0.0199215	0.018214	0.0162708	0.0149176	0.0132867	0.012143	0.0107385	0.00975067	0.00853477	0.00767948	0.00663739	0.00590318	0.00502362	0.00440695	0.00368832	0.0031913	0.00262948	0.0022521	0.00183802	0.0015692	0.00127785	0.00109401	0.000893488	0.000766974	0.000626327	0.000536209	0.000435992	0.000370752	0.000299266	0.000252794	0.000203004	0.000170728	0.000136534	0.000114555	9.14709e-05	7.66913e-05	6.1156e-05	5.1324e-05	4.0993e-05	
Schoenus_brevifolius	0	0	0	0	0	0	0	0	0	0	0	0	0	0	0	0	0	0	0	0	0	0	0	0	0	0	0	0	0	0	0	0	0	0	0	0	0	0	0	0	0	0	0	0	0	0	0	0	0	0	0	0	0	0	0	0	0	0	0	0	1	0	0	0	0	0	0	0	0	0	0	
N11	9.93634e-07	1.79715e-05	0.000139803	0.000658785	0.00219606	0.00563376	0.0115301	0.019817	0.0299969	0.0419444	0.0549594	0.0679618	0.0782604	0.0842439	0.0840841	0.07911	0.0700841	0.0601042	0.0499992	0.0417428	0.0347833	0.0297589	0.0255377	0.0224165	0.0194173	0.0169535	0.0143586	0.012146	0.00987292	0.0080062	0.00622036	0.00484032	0.0036101	0.00271387	0.00195914	0.00143515	0.00101272	0.000730056	0.000508213	0.00036307	0.000250918	0.000178766	0.000123521	8.84206e-05	6.15324e-05	4.46187e-05	3.15105e-05	2.32957e-05	1.67567e-05	1.26566e-05	9.27128e-06	7.13099e-06	5.28771e-06	4.11071e-06	3.06325e-06	2.38686e-06	1.77306e-06	1.3757e-06	1.01471e-06	7.81129e-07	5.70261e-07	4.34887e-07	3.14361e-07	2.37442e-07	1.69809e-07	1.27086e-07	9.00945e-08	6.68769e-08	4.69986e-08	3.46556e-08	2.42243e-08	
Schoenus_nigricans	0	0	0	0	0	0	0	0	0	0	0	0	0	0	0	0	0	0	0	0	0	1	0	0	0	0	0	0	0	0	0	0	0	0	0	0	0	0	0	0	0	0	0	0	0	0	0	0	0	0	0	0	0	0	0	0	0	0	0	0	0	0	0	0	0	0	0	0	0	0	0	
Schoenus_apogon	0	0	0	1	0	0	0	0	0	0	0	0	0	0	0	0	0	0	0	0	0	0	0	0	0	0	0	0	0	0	0	0	0	0	0	0	0	0	0	0	0	0	0	0	0	0	0	0	0	0	0	0	0	0	0	0	0	0	0	0	0	0	0	0	0	0	0	0	0	0	0	
N12	9.67915e-08	2.44488e-06	2.42538e-05	0.000138641	0.000545089	0.00157487	0.00350712	0.00657723	0.011037	0.0172615	0.024885	0.0332448	0.0404568	0.0459277	0.0481362	0.0484684	0.0463448	0.0443634	0.0415792	0.0404104	0.0388169	0.0390698	0.0382452	0.039062	0.0379423	0.0383513	0.0362542	0.0357021	0.0325131	0.0309671	0.0271281	0.0249639	0.0210783	0.0187918	0.0153976	0.0133693	0.010698	0.00910318	0.00717334	0.0060211	0.00469977	0.00392173	0.00306181	0.00255875	0.00200488	0.00168377	0.00132851	0.00111987	0.000884457	0.000744687	0.000587269	0.000491179	0.000383531	0.000317113	0.000245008	0.000199639	0.000151696	0.000121581	9.10689e-05	7.17455e-05	5.27498e-05	4.08472e-05	2.95993e-05	2.25433e-05	1.60472e-05	1.20328e-05	8.45771e-06	6.25325e-06	4.32908e-06	3.1622e-06	2.17006e-06	
N13	2.86967e-08	1.37326e-06	2.11431e-05	0.000126751	0.00047553	0.00205723	0.00648579	0.0116474	0.0122622	0.0106877	0.0117268	0.0187345	0.0333645	0.060546	0.0926665	0.12408	0.128455	0.11734	0.0851155	0.0588802	0.0349595	0.0230489	0.0160113	0.0152743	0.0153363	0.0177819	0.0178697	0.0188134	0.0163899	0.0148755	0.0111843	0.00878609	0.0057363	0.0039503	0.00229127	0.00140992	0.000742803	0.000423099	0.000211166	0.000114814	5.54376e-05	2.95972e-05	1.43258e-05	7.69922e-06	3.77798e-06	2.07579e-06	1.05404e-06	5.97633e-07	3.14141e-07	1.86046e-07	1.03839e-07	6.52557e-08	3.86959e-08	2.57569e-08	1.61179e-08	1.10427e-08	6.97454e-09	4.74948e-09	2.96522e-09	1.96132e-09	1.17976e-09	7.49888e-10	4.35396e-10	2.65099e-10	1.47156e-10	8.58715e-11	4.60078e-11	2.5795e-11	1.3275e-11	7.18254e-12	3.59819e-12	
Machaerina_mariscoides	0	0	0	0	0	0	0	0	0	0	0	0	0	0	0	0	0	0	0	0	0	0	0	0	0	0	0	0	0	0	0	0	0	0	0	0	0	0	1	0	0	0	0	0	0	0	0	0	0	0	0	0	0	0	0	0	0	0	0	0	0	0	0	0	0	0	0	0	0	0	0	
Machaerina_articulata	0	0	0	0	0	0	0	0	0	0	0	1	0	0	0	0	0	0	0	0	0	0	0	0	0	0	0	0	0	0	0	0	0	0	0	0	0	0	0	0	0	0	0	0	0	0	0	0	0	0	0	0	0	0	0	0	0	0	0	0	0	0	0	0	0	0	0	0	0	0	0	
Tetraria_capillaris	0	0	0	0	0	0	0	0	0	1	0	0	0	0	0	0	0	0	0	0	0	0	0	0	0	0	0	0	0	0	0	0	0	0	0	0	0	0	0	0	0	0	0	0	0	0	0	0	0	0	0	0	0	0	0	0	0	0	0	0	0	0	0	0	0	0	0	0	0	0	0	
N14	1.51337e-10	4.23098e-09	4.87603e-08	3.37642e-07	1.62771e-06	6.07269e-06	1.87405e-05	4.98346e-05	0.00011596	0.000240076	0.000448842	0.000774852	0.00125683	0.00195098	0.00292299	0.00425884	0.00602573	0.00828717	0.0110263	0.0142078	0.0176737	0.0213023	0.0248523	0.0282263	0.0312037	0.0337999	0.0358467	0.0374663	0.0384944	0.0391114	0.0391108	0.0387226	0.0377077	0.0363935	0.0345452	0.0326304	0.0304086	0.0284398	0.0263948	0.0248529	0.0233224	0.0223521	0.0212905	0.0206799	0.0197826	0.0191872	0.0181517	0.0173366	0.0160444	0.0149929	0.0135386	0.0124074	0.0109917	0.00997064	0.00875502	0.00794369	0.00697145	0.00635933	0.00558941	0.00511907	0.00449472	0.00411972	0.00360621	0.00330313	0.00288192	0.00263899	0.00229824	0.00210641	0.00183395	0.00168445	0.00146921	
N15	4.85575e-10	1.99852e-08	2.97642e-07	2.46949e-06	1.3678e-05	5.29884e-05	0.00015961	0.000421187	0.00100633	0.00215292	0.00401152	0.00653388	0.00938331	0.0122888	0.0149941	0.0176978	0.0203738	0.0234312	0.0264787	0.0298905	0.0326749	0.0356021	0.0371713	0.0389949	0.0389295	0.0394728	0.0377968	0.0371417	0.0342635	0.0328495	0.0295352	0.0280013	0.0249475	0.0237628	0.0213406	0.0206883	0.0189474	0.0187795	0.0175454	0.0176495	0.016655	0.0168071	0.015863	0.0159087	0.0148907	0.0147678	0.0136821	0.0134009	0.01226	0.0118567	0.0107284	0.0102454	0.00914827	0.00862655	0.00762003	0.0070994	0.00619244	0.00570613	0.0049353	0.00450542	0.00385919	0.00349654	0.00298149	0.00268642	0.00227713	0.00204431	0.00173197	0.00155218	0.00131181	0.00117561	0.0009965	
N16	6.39577e-10	2.76094e-08	4.21608e-07	3.68045e-06	2.02258e-05	7.65441e-05	0.000238384	0.000666421	0.00162282	0.00332146	0.0056718	0.00835128	0.0110329	0.0137708	0.0167319	0.0203181	0.0244499	0.0292398	0.0338301	0.0382596	0.0412845	0.0436609	0.0440076	0.0439174	0.0418495	0.0399872	0.0366515	0.0342168	0.0308625	0.0288308	0.0261973	0.0249728	0.0232057	0.0227384	0.0216403	0.0216103	0.0207268	0.0206883	0.019713	0.019446	0.0182543	0.0176976	0.0163237	0.0155317	0.0140638	0.0131375	0.0116941	0.0107369	0.00939986	0.00849632	0.00733474	0.00654132	0.00557614	0.0049194	0.00415581	0.0036368	0.00304852	0.00265185	0.00221138	0.00191401	0.00158594	0.0013667	0.00112858	0.000973007	0.000805668	0.000702101	0.000589831	0.000522578	0.000444892	0.000398755	0.000342551	
N17	6.95425e-07	3.77931e-05	0.000586366	0.00321504	0.0118775	0.0455118	0.121162	0.197693	0.205841	0.15736	0.0991068	0.0615853	0.039606	0.0260126	0.0155125	0.00838283	0.00390712	0.00166101	0.000621309	0.000219249	6.9681e-05	2.15106e-05	6.06956e-06	1.69429e-06	4.34716e-07	1.1154e-07	2.63632e-08	6.27296e-09	1.37601e-09	3.05912e-10	6.28462e-11	1.3164e-11	2.5527e-12	5.08107e-13	9.3934e-14	1.79145e-14	3.17893e-15	5.84941e-16	1.00454e-16	1.79369e-17	2.99241e-18	5.20653e-19	8.48472e-20	1.44292e-20	2.29864e-21	3.82817e-22	5.98294e-23	9.7721e-24	1.49689e-24	2.40019e-25	3.6144e-26	5.69535e-27	8.41901e-28	1.30484e-28	1.89953e-29	2.89877e-30	4.14958e-31	6.2412e-32	8.81722e-33	1.3085e-33	1.82153e-34	2.66987e-35	3.67632e-36	5.32771e-37	7.24444e-38	1.03906e-38	1.40102e-39	1.9915e-40	2.66009e-41	3.75913e-42	5.02403e-43	
N18	4.13985e-08	9.17298e-06	0.000510821	0.00211627	0.0213704	0.199687	0.380622	0.264349	0.0990387	0.0259884	0.00529458	0.000881834	0.000117737	1.29765e-05	1.17248e-06	9.09642e-08	6.01968e-09	3.58954e-10	1.88826e-11	9.42694e-13	4.24554e-14	1.94758e-15	8.13414e-17	3.81999e-18	1.58979e-19	8.08367e-21	3.39099e-22	1.78324e-23	7.23584e-25	3.6965e-26	1.41817e-27	6.85354e-29	2.46567e-30	1.12338e-31	3.82359e-33	1.65103e-34	5.33049e-36	2.1968e-37	6.82113e-39	2.70514e-40	8.07873e-42	3.10826e-43	9.10138e-45	3.43526e-46	9.81992e-48	3.67751e-49	1.06057e-50	3.99917e-52	1.14505e-53	4.39089e-55	1.31121e-56	5.14787e-58	1.53962e-59	6.18598e-61	1.96757e-62	8.01835e-64	2.55141e-65	1.04137e-66	3.47149e-68	1.38911e-69	4.51301e-71	1.7523e-72	5.74593e-74	2.15177e-75	6.77935e-77	2.46137e-78	7.76447e-80	2.74621e-81	8.38931e-83	2.91397e-84	9.00363e-86	
Carex_lingii	0	0	0	0	0	1	0	0	0	0	0	0	0	0	0	0	0	0	0	0	0	0	0	0	0	0	0	0	0	0	0	0	0	0	0	0	0	0	0	0	0	0	0	0	0	0	0	0	0	0	0	0	0	0	0	0	0	0	0	0	0	0	0	0	0	0	0	0	0	0	0	
N19	4.25909e-09	2.40472e-06	0.000278526	0.00115949	0.0234936	0.334906	0.450204	0.161599	0.0257118	0.00247571	0.000160731	8.53648e-06	3.12011e-07	1.38884e-08	3.36185e-10	1.94145e-11	3.71177e-13	2.45098e-14	4.08667e-16	2.44172e-17	3.60125e-19	1.86387e-20	2.55673e-22	1.17387e-23	1.36759e-25	5.65238e-27	6.99883e-29	2.79987e-30	2.52424e-32	9.91785e-34	1.47396e-35	5.98368e-37	4.52293e-39	1.95274e-40	3.62836e-42	1.43297e-43	1.06133e-45	4.49177e-47	8.39e-49	3.04217e-50	2.26992e-52	8.82074e-54	1.55339e-55	5.17698e-57	3.96942e-59	1.42049e-60	2.3479e-62	7.25555e-64	5.2515e-66	1.74428e-67	2.74827e-69	8.06507e-71	6.33255e-73	2.00726e-74	3.01526e-76	8.46531e-78	5.3771e-80	1.653e-81	2.54477e-83	7.32286e-85	6.9281e-87	2.11993e-88	3.13719e-90	8.83198e-92	6.14284e-94	2.10901e-95	4.88647e-97	1.5853e-98	3.51509e-100	1.04435e-101	2.54749e-103	
N20	4.54943e-09	2.53312e-06	0.000267095	0.00129193	0.0298304	0.401858	0.435524	0.117132	0.0131666	0.000884793	3.90283e-05	3.79375e-06	1.12614e-07	3.6808e-08	6.4193e-10	1.85308e-10	2.19257e-12	4.88278e-13	4.64561e-15	8.54222e-16	6.69408e-18	1.06018e-18	1.23969e-20	2.30029e-21	1.17579e-23	2.05897e-24	9.99551e-26	1.98012e-26	6.47315e-29	1.14503e-29	6.73292e-31	1.1373e-31	3.07011e-34	4.67094e-35	2.46854e-36	3.61224e-37	9.03721e-40	1.2428e-40	6.01255e-42	7.82113e-43	1.81666e-45	2.29923e-46	1.03108e-47	1.2213e-48	3.84645e-51	5.23859e-52	2.46482e-53	2.95887e-54	4.84057e-57	5.83834e-58	2.52768e-59	3.19408e-60	4.65231e-62	6.87794e-63	3.39128e-64	3.93896e-65	3.7192e-68	4.66967e-69	2.05059e-70	2.83168e-71	6.615e-73	8.67227e-74	3.97455e-75	4.09255e-76	3.44034e-79	4.38882e-80	2.15619e-81	2.78188e-82	1.28891e-83	1.45484e-84	1.06898e-85	
Carex_grandiligulata	0	0	0	0	0	1	0	0	0	0	0	0	0	0	0	0	0	0	0	0	0	0	0	0	0	0	0	0	0	0	0	0	0	0	0	0	0	0	0	0	0	0	0	0	0	0	0	0	0	0	0	0	0	0	0	0	0	0	0	0	0	0	0	0	0	0	0	0	0	0	0	
Carex_pachygyna	0	0	0	0	0	1	0	0	0	0	0	0	0	0	0	0	0	0	0	0	0	0	0	0	0	0	0	0	0	0	0	0	0	0	0	0	0	0	0	0	0	0	0	0	0	0	0	0	0	0	0	0	0	0	0	0	0	0	0	0	0	0	0	0	0	0	0	0	0	0	0	
Carex_siderosticta	0	0	0	0	0	1	0	0	0	0	0	0	0	0	0	0	0	0	0	0	0	0	0	0	0	0	0	0	0	0	0	0	0	0	0	0	0	0	0	0	0	0	0	0	0	0	0	0	0	0	0	0	0	0	0	0	0	0	0	0	0	0	0	0	0	0	0	0	0	0	0	
Carex_scaposa	0	0	0	0	0	0	0	0	0	0	0	1	0	0	0	0	0	0	0	0	0	0	0	0	0	0	0	0	0	0	0	0	0	0	0	0	0	0	0	0	0	0	0	0	0	0	0	0	0	0	0	0	0	0	0	0	0	0	0	0	0	0	0	0	0	0	0	0	0	0	0	
N21	4.4683e-11	3.20429e-09	7.24327e-08	7.20089e-07	5.3356e-06	2.42171e-05	6.52473e-05	0.000137225	0.000290443	0.000649255	0.00134604	0.00240642	0.00350311	0.00433726	0.00455289	0.00448368	0.00414621	0.00412073	0.00424317	0.00505441	0.00610516	0.0082004	0.0103305	0.0138313	0.0164423	0.0204315	0.0220214	0.024887	0.0242392	0.0251184	0.0225515	0.0218865	0.0185123	0.0172501	0.0141819	0.0130884	0.0108294	0.0102936	0.0089172	0.00895533	0.00823645	0.00881698	0.00868476	0.00981388	0.0101147	0.0117978	0.0125236	0.0147304	0.0156317	0.0182179	0.0192046	0.0219649	0.0226371	0.0253004	0.0256381	0.0279739	0.0276256	0.0294374	0.0286113	0.0298217	0.0283374	0.0289562	0.0272043	0.0273284	0.025245	0.025003	0.0229679	0.0224891	0.0204289	0.0198254	0.0179916	
N22	2.22024e-17	1.9623e-14	2.55651e-12	5.68468e-11	1.09452e-09	1.24607e-08	1.65935e-08	5.25391e-08	2.19012e-07	8.64702e-07	5.18189e-06	1.79018e-05	2.28231e-05	1.4249e-05	1.01389e-05	1.51026e-05	1.852e-05	1.68238e-05	1.92735e-05	4.1233e-05	0.000131815	0.000509883	0.00153817	0.00342571	0.00510318	0.00562787	0.00438597	0.00275583	0.00138203	0.000725073	0.000523624	0.000611081	0.000717947	0.000760418	0.000631442	0.000459982	0.000275684	0.000159746	9.56e-05	8.72298e-05	0.000122434	0.000272996	0.000769025	0.00237943	0.00625452	0.0148779	0.0287095	0.0505329	0.0734083	0.0996091	0.113741	0.123496	0.114414	0.102471	0.0794308	0.0601988	0.0398992	0.0261598	0.015193	0.00880567	0.00457466	0.00240329	0.0011516	0.000565048	0.000256529	0.000120494	5.27586e-05	2.38045e-05	9.94548e-06	4.24729e-06	1.6706e-06	
N23	2.11667e-19	3.5352e-16	6.73052e-14	3.62669e-12	6.31897e-11	6.53596e-10	2.46751e-09	1.25959e-08	5.40844e-08	2.91865e-07	9.61406e-07	1.54928e-06	2.10898e-06	3.04807e-06	5.70456e-06	9.41064e-06	9.78134e-06	1.06399e-05	2.01221e-05	6.98096e-05	0.000244167	0.000623973	0.00110942	0.00144506	0.00140555	0.00108428	0.000700099	0.00043762	0.00031019	0.000327538	0.000482372	0.000711387	0.00083003	0.000768442	0.000551194	0.000343551	0.0002013	0.000154789	0.000152455	0.000217487	0.000479235	0.00152939	0.00458457	0.0120438	0.025871	0.048131	0.0752539	0.104097	0.123952	0.132959	0.125033	0.10758	0.0823898	0.0585784	0.037547	0.0226422	0.0124649	0.00656474	0.00321281	0.0015428	0.000706777	0.00032706	0.000146527	6.67417e-05	2.94816e-05	1.39411e-05	7.4044e-06	4.92345e-06	3.52006e-06	2.33845e-06	1.30771e-06	
N24	1.58395e-19	1.67541e-16	2.52814e-14	1.28645e-12	2.37953e-11	1.9029e-10	1.49239e-09	7.111e-09	4.35507e-08	2.29507e-07	5.3477e-07	6.98654e-07	9.17617e-07	2.56821e-06	6.35083e-06	8.99862e-06	9.49415e-06	1.16744e-05	3.82986e-05	0.000177572	0.000534153	0.000991699	0.00121117	0.00104843	0.000691173	0.000377923	0.000192993	0.000144789	0.00026311	0.000551676	0.000850202	0.000933188	0.00075995	0.000506802	0.000320243	0.000229895	0.00018784	0.000176234	0.000308338	0.00120015	0.00475592	0.0148319	0.0358313	0.0689668	0.10785	0.140316	0.15398	0.145034	0.118407	0.0849698	0.0539964	0.0307669	0.0158173	0.00743396	0.00321546	0.0013021	0.00049777	0.000183957	6.64063e-05	2.42569e-05	9.1275e-06	3.66528e-06	1.53912e-06	6.5139e-07	2.59156e-07	9.24432e-08	2.83581e-08	7.36878e-09	1.63938e-09	3.40147e-10	7.58949e-11	
Trichophorum_alpinum	0	0	0	0	0	0	0	0	0	0	0	0	0	0	0	0	0	0	0	0	0	0	0	0	0	0	0	0	1	0	0	0	0	0	0	0	0	0	0	0	0	0	0	0	0	0	0	0	0	0	0	0	0	0	0	0	0	0	0	0	0	0	0	0	0	0	0	0	0	0	0	
Trichophorum_pumilum	0	0	0	0	0	0	0	0	0	0	0	0	0	0	0	0	0	0	0	0	0	0	0	0	0	0	0	0	0	0	0	0	0	0	0	0	0	0	1	0	0	0	0	0	0	0	0	0	0	0	0	0	0	0	0	0	0	0	0	0	0	0	0	0	0	0	0	0	0	0	0	
Trichophorum_cespitosum	0	0	0	0	0	0	0	0	0	0	0	0	0	0	0	0	0	0	0	0	0	0	0	0	0	0	0	0	0	0	0	0	0	0	0	0	0	0	0	0	0	0	0	0	0	0	0	0	0	0	0	1	0	0	0	0	0	0	0	0	0	0	0	0	0	0	0	0	0	0	0	
Trichophorum_uniflorum	0	0	0	0	0	0	0	0	0	0	0	0	0	0	0	0	0	0	0	0	0	0	0	0	0	0	0	0	0	0	0	0	0	0	0	0	1	0	0	0	0	0	0	0	0	0	0	0	0	0	0	0	0	0	0	0	0	0	0	0	0	0	0	0	0	0	0	0	0	0	0	
N25	1.82631e-11	1.44419e-09	2.98605e-08	3.99129e-07	1.68875e-06	6.23056e-06	3.10467e-05	0.000121534	0.000285813	0.000406483	0.000401373	0.000367469	0.000437542	0.000747231	0.00144884	0.00284143	0.00504293	0.0080741	0.0108222	0.01279	0.0128322	0.0118536	0.00980135	0.0079661	0.00617447	0.0050443	0.00419227	0.00393606	0.00393409	0.00450818	0.00533465	0.00693311	0.00891784	0.0122083	0.0160491	0.0216088	0.0269464	0.0337257	0.038872	0.0447809	0.0476284	0.0508753	0.0506257	0.0509536	0.0481972	0.0464769	0.0424498	0.0396954	0.0352582	0.0321656	0.0279212	0.0249587	0.0212531	0.018772	0.0158796	0.014046	0.0119544	0.0107178	0.00929242	0.00850451	0.0075443	0.00707687	0.00645267	0.00620372	0.00577817	0.00564385	0.00530748	0.00518582	0.0048334	0.00465334	0.00424881	
N26	2.40986e-15	2.05793e-12	1.12463e-10	1.2287e-08	7.90323e-07	2.76119e-07	1.6774e-07	3.22377e-06	0.000184889	0.00150576	0.00133272	0.000382146	5.81053e-05	6.49728e-06	2.1092e-06	5.56548e-06	6.81817e-05	0.00298317	0.0416911	0.213541	0.325897	0.247409	0.114574	0.0382398	0.00966269	0.00203506	0.000354016	5.4526e-05	7.16564e-06	8.57584e-07	8.90873e-08	8.6117e-09	7.32937e-10	5.92865e-11	4.27702e-12	2.9887e-13	1.88104e-14	1.16561e-15	6.55787e-17	3.6792e-18	1.8859e-19	9.74226e-21	4.62829e-22	2.23299e-23	9.96379e-25	4.54182e-26	1.92574e-27	8.36555e-29	3.39271e-30	1.41237e-31	5.50637e-33	2.20389e-34	8.26744e-36	3.18725e-37	1.15262e-38	4.28642e-40	1.49379e-41	5.36688e-43	1.80674e-44	6.28335e-46	2.04404e-47	6.89568e-49	2.17558e-50	7.13666e-52	2.18534e-53	6.98679e-55	2.08543e-56	6.51332e-58	1.89612e-59	5.80094e-61	1.66108e-62	
Scirpus_lineatus	0	0	0	0	0	0	0	0	0	0	0	0	0	0	0	0	0	1	0	0	0	0	0	0	0	0	0	0	0	0	0	0	0	0	0	0	0	0	0	0	0	0	0	0	0	0	0	0	0	0	0	0	0	0	0	0	0	0	0	0	0	0	0	0	0	0	0	0	0	0	0	
Scirpus_pendulus	0	0	0	0	0	0	0	0	0	0	0	0	0	0	0	0	0	0	0	1	0	0	0	0	0	0	0	0	0	0	0	0	0	0	0	0	0	0	0	0	0	0	0	0	0	0	0	0	0	0	0	0	0	0	0	0	0	0	0	0	0	0	0	0	0	0	0	0	0	0	0	
N27	1.32945e-22	8.25278e-19	2.38416e-15	1.37528e-15	1.04977e-12	1.32627e-10	1.69617e-11	6.23623e-13	2.05254e-11	4.45092e-09	2.71588e-07	1.57071e-06	1.04247e-06	1.64505e-07	1.03755e-08	4.06535e-10	3.84965e-11	3.8496e-10	2.10824e-08	7.86713e-07	1.52909e-05	0.00015015	0.000675342	0.00155158	0.00182043	0.0012613	0.000520616	0.000146244	2.79964e-05	4.11966e-06	4.62478e-07	4.45701e-08	3.72765e-09	3.40112e-10	5.50604e-11	6.0933e-11	4.63991e-10	9.85178e-09	2.00854e-07	3.10662e-06	3.17508e-05	0.000243389	0.0012975	0.00547511	0.0168214	0.0423579	0.0803862	0.128297	0.158779	0.169967	0.144976	0.109836	0.0677192	0.0380679	0.0177269	0.00768918	0.00279499	0.000965528	0.000282441	7.9767e-05	1.92041e-05	4.53388e-06	9.19842e-07	1.85123e-07	3.22029e-08	5.62056e-09	8.55404e-10	1.31484e-10	1.77581e-11	2.44026e-12	2.99134e-13	
N28	7.1394e-26	4.03204e-22	1.8737e-19	4.60651e-17	1.12572e-14	3.91805e-14	1.46588e-14	2.81815e-13	4.89495e-11	2.32831e-09	1.63358e-08	1.84565e-08	4.26349e-09	3.62455e-10	4.21255e-11	1.91526e-11	2.71912e-10	1.53092e-08	5.42971e-07	8.9736e-06	6.76223e-05	0.000242371	0.000435157	0.000415145	0.000222164	7.11021e-05	1.429e-05	1.93238e-06	1.87207e-07	1.64753e-08	2.2448e-09	4.93696e-10	1.24307e-10	1.053e-10	7.0143e-10	1.09351e-08	1.90338e-07	2.94716e-06	3.40063e-05	0.000282962	0.0016803	0.0073087	0.0235346	0.0575395	0.107895	0.158567	0.184156	0.172404	0.130936	0.0822335	0.0428659	0.0189115	0.00706198	0.00227908	0.000632446	0.000154562	3.28835e-05	6.27482e-06	1.05176e-06	1.61566e-07	2.24539e-08	3.41901e-09	8.45369e-10	3.97652e-10	2.1132e-10	1.00092e-10	3.99556e-11	1.32743e-11	3.66107e-12	8.4585e-13	1.68508e-13	
N29	1.03452e-24	5.28007e-22	2.06314e-19	6.15424e-17	9.71552e-15	3.07501e-14	1.49518e-14	4.63079e-13	6.53458e-11	2.4381e-09	1.50354e-08	1.59825e-08	3.63589e-09	3.21921e-10	4.17689e-11	2.37948e-11	4.96838e-10	2.42873e-08	7.32399e-07	1.07363e-05	7.43094e-05	0.000250295	0.000428893	0.00039446	0.000204976	6.39703e-05	1.25769e-05	1.66628e-06	1.59105e-07	1.42888e-08	2.11196e-09	4.84823e-10	1.27768e-10	1.63902e-10	1.47036e-09	2.10006e-08	3.26337e-07	4.55743e-06	4.84071e-05	0.000375054	0.00210212	0.0086939	0.0268341	0.0631582	0.114579	0.163329	0.184586	0.168402	0.124913	0.076673	0.0391241	0.0168986	0.00618559	0.00195621	0.00053253	0.000127593	2.66414e-05	4.98502e-06	8.20361e-07	1.23736e-07	1.70282e-08	2.65402e-09	7.0279e-10	3.33965e-10	1.71603e-10	7.79682e-11	2.99816e-11	1.07575e-11	1.26924e-11	6.25458e-11	2.48276e-10	
Scirpus_maximowiczii	0	0	0	0	0	0	0	0	0	0	0	0	0	0	0	0	0	0	0	0	0	0	0	0	0	0	0	0	0	0	0	1	0	0	0	0	0	0	0	0	0	0	0	0	0	0	0	0	0	0	0	0	0	0	0	0	0	0	0	0	0	0	0	0	0	0	0	0	0	0	0	
N30	1.50671e-25	7.47008e-22	1.19991e-19	8.54043e-17	6.11267e-17	1.58397e-15	4.30188e-13	1.63318e-11	1.60493e-11	3.93164e-12	8.12399e-13	1.89814e-12	3.22038e-10	4.34089e-08	1.66447e-06	1.1971e-05	2.17202e-05	1.44767e-05	4.51945e-06	7.78748e-07	8.3206e-08	6.01171e-09	3.23017e-10	2.01834e-11	1.1815e-11	5.97089e-10	9.55626e-08	7.17724e-06	0.000227366	0.00302979	0.0195392	0.0698961	0.153313	0.221985	0.223847	0.163844	0.0898174	0.0378286	0.0124859	0.00328504	0.000698151	0.000121318	1.73981e-05	2.0792e-06	2.08684e-07	1.78366e-08	1.33515e-09	9.67597e-11	8.61026e-12	1.14139e-12	1.87248e-13	3.07118e-14	4.64397e-15	6.39415e-16	7.98775e-17	9.12643e-18	9.54049e-19	9.23612e-20	8.27658e-21	6.98351e-22	5.52392e-23	4.19298e-24	3.01101e-25	2.1111e-26	1.40067e-27	9.19734e-29	5.66106e-30	3.49274e-31	1.98675e-32	1.15227e-33	6.04536e-35	
N31	3.25243e-28	2.53506e-24	1.03944e-21	6.75445e-19	1.06491e-18	1.37346e-16	4.35224e-14	4.72137e-13	3.30057e-13	1.47107e-13	1.30582e-13	3.48807e-12	9.02654e-10	1.16817e-07	2.00334e-06	4.28244e-06	2.33801e-06	4.7806e-07	4.66635e-08	2.59207e-09	1.09631e-10	1.2144e-11	5.95898e-12	4.37471e-11	6.57555e-10	5.56786e-08	7.94691e-06	0.000447488	0.00894339	0.0597496	0.175815	0.273246	0.251838	0.148937	0.0598095	0.01702	0.00354727	0.000556015	6.69566e-05	6.30716e-06	4.71612e-07	2.83689e-08	1.38791e-09	5.60408e-11	1.91133e-12	6.61663e-14	3.66225e-15	6.95409e-16	1.07169e-16	2.56757e-17	3.54308e-18	7.03389e-19	8.28526e-20	1.36427e-20	1.37146e-21	1.89887e-22	1.63472e-23	1.93057e-24	1.43127e-25	1.46287e-26	9.43215e-28	8.49089e-29	4.87231e-30	3.95687e-31	2.10597e-32	1.55912e-33	7.75855e-35	4.97145e-36	2.11407e-37	1.08972e-38	3.59764e-40	
Scirpus_polyphyllus	0	0	0	0	0	0	0	0	0	0	0	0	0	0	0	0	0	0	0	0	0	0	0	0	0	0	0	0	1	0	0	0	0	0	0	0	0	0	0	0	0	0	0	0	0	0	0	0	0	0	0	0	0	0	0	0	0	0	0	0	0	0	0	0	0	0	0	0	0	0	0	
N32	1.94353e-39	9.74779e-34	1.24772e-28	1.58923e-27	1.85171e-25	1.64072e-20	7.34405e-17	1.33793e-18	9.49946e-21	1.11484e-20	2.21079e-17	5.4418e-13	5.15836e-09	2.56255e-08	7.19065e-10	4.56479e-12	1.24483e-14	2.76052e-17	1.74033e-19	2.4458e-21	1.09175e-19	1.1481e-17	5.9576e-14	1.46518e-09	1.33042e-05	0.0112253	0.21247	0.642292	0.125631	0.00812276	0.000241993	3.89333e-06	3.72099e-08	2.25395e-10	9.07554e-13	2.52098e-15	4.97825e-18	7.16948e-21	7.71045e-24	6.61137e-27	6.18164e-30	2.18042e-32	9.91533e-35	6.56567e-37	2.66396e-39	1.38779e-41	4.67728e-44	1.9387e-46	5.45404e-49	1.82355e-51	4.28661e-54	1.16899e-56	2.29496e-59	5.15662e-62	8.453e-65	1.58118e-67	2.16686e-70	3.4149e-73	3.96173e-76	6.01751e-79	1.53446e-81	1.75238e-83	2.01929e-85	2.99311e-87	3.14258e-89	4.25569e-91	4.07992e-93	5.26679e-95	5.1945e-97	7.04083e-99	8.37106e-101	
N33	1.20998e-43	1.14482e-37	4.82925e-32	3.13099e-31	4.02097e-27	5.04896e-22	1.46049e-19	6.75496e-22	1.14871e-24	7.76388e-23	8.7414e-18	4.30076e-13	2.20851e-09	1.59612e-09	1.95395e-11	4.66005e-14	4.30531e-17	2.86061e-20	4.52557e-23	7.40952e-25	1.17901e-22	1.80689e-17	1.76974e-12	7.16768e-08	0.000781026	0.153085	0.503544	0.314605	0.0272282	0.00074787	8.83564e-06	5.28376e-08	1.77295e-10	3.58797e-13	4.62281e-16	3.95734e-19	2.33043e-22	9.7289e-26	2.95568e-29	8.73909e-33	2.84219e-36	1.33164e-37	1.28378e-39	1.79541e-40	2.09508e-42	2.19671e-43	2.28462e-45	1.78314e-46	1.64511e-48	9.49814e-50	7.52629e-52	3.18172e-53	1.96e-55	6.01433e-57	2.19919e-59	5.00162e-61	3.80109e-64	7.65709e-66	2.77485e-69	5.06324e-71	1.08713e-74	1.81693e-76	2.55456e-80	3.94347e-82	3.84443e-86	5.52333e-88	3.88912e-92	5.28076e-94	2.28881e-97	5.55529e-99	1.01004e-100	
Scirpus_atrovirens	0	0	0	0	0	0	0	0	0	0	0	0	0	0	0	0	0	0	0	0	0	0	0	0	1	0	0	0	0	0	0	0	0	0	0	0	0	0	0	0	0	0	0	0	0	0	0	0	0	0	0	0	0	0	0	0	0	0	0	0	0	0	0	0	0	0	0	0	0	0	0	
Scirpus_georgianus	0	0	0	0	0	0	0	0	0	0	0	0	0	0	0	0	0	0	0	0	0	0	0	0	0	1	0	0	0	0	0	0	0	0	0	0	0	0	0	0	0	0	0	0	0	0	0	0	0	0	0	0	0	0	0	0	0	0	0	0	0	0	0	0	0	0	0	0	0	0	0	
N34	4.62167e-62	3.99202e-53	4.69745e-45	1.87404e-42	6.7975e-41	9.35986e-33	5.9461e-25	4.42508e-29	1.78366e-33	4.81268e-37	1.01462e-30	1.83202e-23	8.97869e-17	4.1655e-13	1.42053e-18	1.86227e-23	2.71102e-27	2.50987e-31	1.39043e-35	4.54547e-40	3.53501e-41	5.63295e-36	3.14976e-28	8.31584e-21	8.93468e-14	2.93537e-07	0.154808	0.845135	5.65064e-05	8.88062e-10	5.15268e-15	1.33818e-20	1.726e-26	1.20666e-32	1.26503e-38	4.87386e-43	4.52051e-48	7.64137e-53	1.50045e-58	5.25064e-48	5.58929e-35	2.66963e-34	4.90538e-34	1.98504e-33	3.48941e-33	1.17394e-32	1.87673e-32	5.07381e-32	6.67352e-32	1.37486e-31	1.24431e-31	1.86224e-31	8.60317e-32	1.11015e-31	2.84652e-32	3.39327e-32	5.39992e-33	6.13905e-33	6.53022e-34	7.2291e-34	5.39524e-35	5.96087e-35	5.58883e-36	1.35221e-35	3.74095e-35	1.23978e-34	3.64275e-34	9.41537e-34	2.12239e-33	4.1512e-33	7.04785e-33	
Scirpus_flaccidifolius	0	0	0	0	0	0	0	0	0	0	0	0	0	0	0	0	0	0	0	0	0	0	0	0	0	0	1	0	0	0	0	0	0	0	0	0	0	0	0	0	0	0	0	0	0	0	0	0	0	0	0	0	0	0	0	0	0	0	0	0	0	0	0	0	0	0	0	0	0	0	0	
Scirpus_pallidus	0	0	0	0	0	0	0	0	0	0	0	0	0	0	0	0	0	0	0	0	0	0	0	0	0	0	0	1	0	0	0	0	0	0	0	0	0	0	0	0	0	0	0	0	0	0	0	0	0	0	0	0	0	0	0	0	0	0	0	0	0	0	0	0	0	0	0	0	0	0	0	
Scirpus_ancistrochaetus	0	0	0	0	0	0	0	0	0	0	0	0	0	0	0	0	0	0	0	0	0	0	0	0	0	0	1	0	0	0	0	0	0	0	0	0	0	0	0	0	0	0	0	0	0	0	0	0	0	0	0	0	0	0	0	0	0	0	0	0	0	0	0	0	0	0	0	0	0	0	0	
N35	2.90417e-25	8.20296e-22	1.60597e-19	6.04802e-17	3.34708e-15	9.17448e-15	7.33459e-14	4.36078e-12	8.38935e-11	2.05973e-10	1.28209e-10	8.08165e-11	1.36232e-10	3.25791e-10	2.80263e-09	1.03626e-07	2.0923e-06	1.69204e-05	5.03954e-05	6.29859e-05	3.79523e-05	1.22834e-05	2.32227e-06	2.76536e-07	2.38782e-08	2.9465e-09	2.03464e-09	4.94892e-09	1.17246e-08	2.16445e-08	1.20681e-07	3.52355e-06	7.2611e-05	0.00084928	0.00583973	0.0250921	0.0712617	0.140301	0.198752	0.208915	0.166872	0.103392	0.0504872	0.0197201	0.00622988	0.00161079	0.000343587	6.11872e-05	9.1983e-06	1.22658e-06	1.74161e-07	4.09974e-08	1.60142e-08	6.9108e-09	2.75723e-09	9.88751e-10	3.16866e-10	9.12542e-11	2.36198e-11	5.54112e-12	1.17929e-12	2.30596e-13	4.14732e-14	6.99248e-15	1.10237e-15	1.66777e-16	2.38532e-17	3.33795e-18	4.40654e-19	5.77932e-20	7.07508e-21	
Scirpus_radicans	0	0	0	0	0	0	0	0	0	0	0	0	0	0	0	0	0	0	0	0	0	0	0	0	0	0	0	1	0	0	0	0	0	0	0	0	0	0	0	0	0	0	0	0	0	0	0	0	0	0	0	0	0	0	0	0	0	0	0	0	0	0	0	0	0	0	0	0	0	0	0	
N36	1.92583e-27	8.25202e-24	1.00374e-21	1.08142e-18	1.01966e-17	6.01097e-18	8.72195e-16	1.9749e-13	7.39538e-12	1.39169e-11	6.49897e-12	1.39475e-12	3.2725e-13	1.06972e-11	2.0767e-09	1.7435e-07	3.02481e-06	8.45118e-06	6.2081e-06	1.67134e-06	2.1421e-07	2.22329e-08	5.21481e-09	1.78801e-09	5.15564e-10	1.19377e-10	2.2659e-11	6.02414e-12	1.29387e-10	3.33427e-08	5.49639e-06	0.000346155	0.00636511	0.0438851	0.141645	0.248537	0.262271	0.17879	0.0829558	0.0272688	0.00654955	0.00117911	0.000162324	1.74125e-05	1.47819e-06	1.02844e-07	6.41027e-09	6.085e-10	1.02983e-10	3.15924e-11	6.9675e-12	1.94034e-12	3.66404e-13	8.44523e-14	1.36531e-14	2.63955e-15	3.72966e-16	6.17506e-17	7.79145e-18	1.11623e-18	1.25803e-19	1.53941e-20	1.504e-21	1.52992e-22	1.24465e-23	1.0339e-24	6.83067e-26	4.68031e-27	2.52026e-28	1.49055e-29	6.73407e-31	
N37	7.5234e-30	5.90232e-26	9.19085e-24	2.25231e-20	1.35067e-20	9.98882e-20	1.05633e-16	5.00814e-14	1.05522e-13	3.10593e-14	5.78933e-15	1.01139e-15	1.1143e-14	7.87691e-12	3.00322e-09	3.01365e-07	9.62446e-07	4.78587e-07	6.74111e-08	3.93224e-09	1.52003e-10	9.73797e-12	1.52653e-12	3.45153e-13	7.59859e-14	1.66988e-14	6.25223e-14	1.60995e-11	1.48185e-08	6.74605e-06	0.00109381	0.0320385	0.170452	0.322605	0.286553	0.138671	0.0401512	0.00742285	0.000919342	7.9191e-05	4.8882e-06	2.2175e-07	7.55425e-09	1.98595e-10	4.25286e-12	1.0395e-13	4.99992e-15	7.41001e-16	8.75804e-17	1.80863e-17	2.15013e-18	3.91142e-19	4.12156e-20	6.1617e-21	5.62335e-22	6.89952e-23	5.42367e-24	5.50635e-25	3.72511e-26	3.16673e-27	1.85544e-28	1.34019e-29	6.8752e-31	4.24619e-32	1.89556e-33	9.81372e-35	3.64546e-36	1.5231e-37	4.4101e-39	1.4749e-40	3.21959e-42	
Scirpus_sylvaticus	0	0	0	0	0	0	0	0	0	0	0	0	0	0	0	0	0	0	0	0	0	0	0	0	0	0	0	0	0	0	1	0	0	0	0	0	0	0	0	0	0	0	0	0	0	0	0	0	0	0	0	0	0	0	0	0	0	0	0	0	0	0	0	0	0	0	0	0	0	0	0	
Scirpus_microcarpus	0	0	0	0	0	0	0	0	0	0	0	0	0	0	0	0	0	0	0	0	0	0	0	0	0	0	0	0	0	0	0	1	0	0	0	0	0	0	0	0	0	0	0	0	0	0	0	0	0	0	0	0	0	0	0	0	0	0	0	0	0	0	0	0	0	0	0	0	0	0	0	
Scirpus_expansus	0	0	0	0	0	0	0	0	0	0	0	0	0	0	0	0	0	0	0	0	0	0	0	0	0	0	0	0	0	0	0	1	0	0	0	0	0	0	0	0	0	0	0	0	0	0	0	0	0	0	0	0	0	0	0	0	0	0	0	0	0	0	0	0	0	0	0	0	0	0	0	
N38	2.57086e-24	9.50849e-21	5.23799e-18	3.62329e-16	1.06195e-13	5.83424e-13	1.06999e-13	7.48204e-13	8.71595e-11	5.76502e-09	5.58777e-08	7.7694e-08	2.0358e-08	1.58245e-09	7.57897e-11	5.00068e-11	4.28897e-10	1.13033e-08	4.41929e-07	8.68493e-06	7.53792e-05	0.000300506	0.000584853	0.000594941	0.000336514	0.000113589	2.41165e-05	3.45814e-06	3.49087e-07	2.66466e-08	1.64024e-09	1.41595e-10	1.26606e-10	6.42837e-10	3.14457e-09	1.54844e-08	1.63479e-07	2.62697e-06	3.2308e-05	0.000276959	0.00166662	0.00726908	0.0233936	0.0570276	0.106737	0.156739	0.182447	0.171661	0.131547	0.0836616	0.0443524	0.0199806	0.00765156	0.00254359	0.000729928	0.000185394	4.11231e-05	8.23475e-06	1.4559e-06	2.44976e-07	4.55977e-08	1.69835e-08	1.15862e-08	8.45689e-09	5.43727e-09	2.97816e-09	1.3765e-09	5.35052e-10	1.75287e-10	4.90625e-11	1.21086e-11	
N39	3.60979e-25	1.02304e-21	2.41284e-19	7.13705e-17	7.92659e-15	1.58882e-14	3.52233e-14	1.48285e-12	6.36001e-11	5.83769e-10	6.36636e-10	3.37804e-10	1.82952e-10	2.28543e-10	4.09065e-10	4.09784e-09	1.63082e-07	3.31514e-06	2.66254e-05	7.5075e-05	8.3536e-05	4.24993e-05	1.11512e-05	1.69713e-06	1.97635e-07	4.09542e-08	1.65262e-08	7.29052e-09	5.60658e-09	1.03156e-08	1.85077e-08	2.7893e-08	2.59632e-07	8.4234e-06	0.000165869	0.00180595	0.0113096	0.0433761	0.108002	0.183523	0.221292	0.195683	0.130128	0.0665786	0.0266502	0.00849499	0.00218061	0.000458888	8.04429e-05	1.27781e-05	2.45109e-06	8.86537e-07	4.59904e-07	2.37983e-07	1.09972e-07	4.51349e-08	1.63439e-08	5.27877e-09	1.51493e-09	3.91476e-10	9.07345e-11	1.92115e-11	3.69598e-12	6.63526e-13	1.09858e-13	1.7413e-14	2.56806e-15	3.70974e-16	4.96067e-17	6.62751e-18	8.07412e-19	
Scirpus_polystachyus	0	0	0	0	0	0	0	0	0	0	0	0	0	0	0	0	0	0	0	0	0	0	0	0	0	0	0	0	0	1	0	0	0	0	0	0	0	0	0	0	0	0	0	0	0	0	0	0	0	0	0	0	0	0	0	0	0	0	0	0	0	0	0	0	0	0	0	0	0	0	0	
N40	1.70174e-28	1.0187e-24	2.09166e-22	2.34903e-19	6.35019e-17	2.73922e-17	1.53212e-16	4.00403e-14	4.00015e-12	2.16707e-11	2.47692e-11	1.18997e-11	3.06759e-12	8.91566e-13	1.32615e-11	2.28759e-09	1.85878e-07	3.80465e-06	1.41336e-05	1.37929e-05	4.80574e-06	7.48272e-07	7.35571e-08	1.47021e-08	6.88791e-09	2.97183e-09	1.02187e-09	2.83133e-10	6.55614e-11	2.30364e-11	2.17839e-10	4.26589e-08	5.17419e-06	0.00024809	0.0043951	0.0320407	0.113543	0.222514	0.264312	0.203449	0.106632	0.0395632	0.0107084	0.00217018	0.000336199	4.08463e-05	4.03995e-06	3.71351e-07	4.24948e-08	8.15934e-09	1.85143e-09	5.38352e-10	1.31986e-10	4.45872e-11	1.08983e-11	3.53238e-12	7.88417e-13	2.22213e-13	4.49897e-14	1.09732e-14	2.03689e-15	4.256e-16	7.0133e-17	1.20775e-17	1.65896e-18	2.26492e-19	2.46344e-20	2.63521e-21	2.23404e-22	1.9402e-23	1.32235e-24	
Scirpus_longii	0	0	0	0	0	0	0	0	0	0	0	0	0	0	0	0	0	0	0	0	0	0	0	0	0	0	0	0	0	0	0	0	1	0	0	0	0	0	0	0	0	0	0	0	0	0	0	0	0	0	0	0	0	0	0	0	0	0	0	0	0	0	0	0	0	0	0	0	0	0	0	
N41	3.00564e-33	5.92721e-29	1.09838e-26	6.8219e-23	6.9617e-21	8.45485e-22	1.67849e-19	2.56779e-16	9.45946e-14	7.5329e-14	1.61706e-14	1.972e-15	1.88502e-16	2.72202e-15	2.79357e-12	1.41805e-09	2.24657e-07	1.14404e-06	6.2962e-07	8.36149e-08	4.23624e-09	1.61132e-10	1.76349e-11	3.53689e-12	6.47479e-13	9.71143e-14	1.1756e-14	1.18254e-15	1.24904e-15	6.50773e-13	9.45355e-10	7.12513e-07	0.000218314	0.0178026	0.143521	0.327471	0.311551	0.150281	0.0413165	0.00700076	0.00077322	5.81099e-05	3.07439e-06	1.1813e-07	3.40834e-09	8.06532e-11	2.05899e-12	1.40699e-13	1.46064e-14	2.68779e-15	3.07469e-16	5.04602e-17	5.0183e-18	6.70211e-19	5.72916e-20	6.25196e-21	4.64855e-22	4.20852e-23	2.75286e-24	2.08467e-25	1.19348e-26	7.49587e-28	3.64954e-29	1.86011e-30	7.39275e-32	2.99693e-33	9.38879e-35	3.02514e-36	7.36165e-38	1.95567e-39	3.74178e-41	
Scirpus_pedicellatus	0	0	0	0	0	0	0	0	0	0	0	0	0	0	0	0	0	0	0	0	0	0	0	0	0	0	0	0	0	0	0	0	0	1	0	0	0	0	0	0	0	0	0	0	0	0	0	0	0	0	0	0	0	0	0	0	0	0	0	0	0	0	0	0	0	0	0	0	0	0	0	
N42	2.32326e-39	2.30786e-34	7.55409e-32	2.78409e-27	2.29462e-26	6.01049e-27	3.59248e-23	2.06293e-19	3.08557e-17	2.3825e-18	1.49905e-19	7.9836e-21	2.93133e-21	1.13041e-17	5.6643e-14	1.15071e-10	4.07572e-08	1.75072e-08	8.77709e-10	1.20113e-11	7.46812e-14	5.45715e-16	2.52696e-17	2.57387e-18	2.40732e-19	1.80784e-20	1.62894e-21	2.8293e-20	1.59513e-16	1.55751e-12	8.01019e-09	1.78769e-05	0.0117092	0.34442	0.450691	0.16625	0.0250054	0.00183213	7.29711e-05	1.70591e-06	2.48024e-08	2.34849e-10	1.50447e-12	6.76172e-15	2.23655e-17	7.46519e-20	7.36641e-22	4.96622e-23	1.91343e-24	1.60122e-25	5.67108e-27	3.83172e-28	1.1736e-29	6.2965e-31	1.67444e-32	7.20533e-34	1.6715e-35	5.81984e-37	1.17643e-38	3.3349e-40	5.8451e-42	1.35592e-43	2.0486e-45	3.89636e-47	5.00676e-49	7.70339e-51	8.06329e-53	9.63998e-55	7.53769e-57	6.70001e-59	3.51455e-61	
Scirpus_atrocinctus	0	0	0	0	0	0	0	0	0	0	0	0	0	0	0	0	0	0	0	0	0	0	0	0	0	0	0	0	0	0	0	0	0	1	0	0	0	0	0	0	0	0	0	0	0	0	0	0	0	0	0	0	0	0	0	0	0	0	0	0	0	0	0	0	0	0	0	0	0	0	0	
Scirpus_cyperinus	0	0	0	0	0	0	0	0	0	0	0	0	0	0	0	0	0	0	0	0	0	0	0	0	0	0	0	0	0	0	0	0	1	0	0	0	0	0	0	0	0	0	0	0	0	0	0	0	0	0	0	0	0	0	0	0	0	0	0	0	0	0	0	0	0	0	0	0	0	0	0	
N43	1.52409e-25	3.76555e-22	3.85985e-20	2.83624e-17	6.80836e-16	5.43296e-16	4.15808e-14	8.07194e-12	2.19507e-10	3.03086e-10	7.33418e-11	6.80865e-12	9.21669e-13	7.59571e-12	1.23151e-09	1.15661e-07	3.1439e-06	2.26653e-05	5.638e-05	5.94642e-05	3.08128e-05	8.74494e-06	1.47606e-06	1.58045e-07	1.13056e-08	5.69954e-10	2.38299e-11	2.58501e-12	2.07974e-11	2.24535e-09	1.78468e-07	6.93398e-06	0.000132918	0.00137724	0.0084118	0.0326157	0.0848451	0.154923	0.205379	0.203433	0.153873	0.0906339	0.0421943	0.0157518	0.00476576	0.00118233	0.000242388	4.15026e-05	5.96756e-06	7.29491e-07	7.6407e-08	7.17764e-09	6.9919e-10	1.05641e-10	2.71142e-11	8.1321e-12	2.30757e-12	5.92232e-13	1.36254e-13	2.81283e-14	5.21702e-15	8.73844e-16	1.32743e-16	1.84686e-17	2.37062e-18	2.85074e-19	3.23296e-20	3.52076e-21	3.6712e-22	3.73946e-23	3.6623e-24	
N44	1.18909e-30	3.06929e-26	8.01298e-24	2.94806e-20	1.9911e-20	1.94307e-19	2.89222e-16	5.41152e-14	1.06865e-13	9.6452e-15	9.99362e-16	7.28797e-16	4.38765e-14	3.70712e-11	8.63569e-09	5.45137e-07	2.25704e-06	1.13251e-06	1.54929e-07	8.67155e-09	2.52323e-10	4.52756e-12	7.31053e-14	6.19303e-15	7.90905e-15	1.95602e-14	8.65554e-12	4.66891e-09	1.12381e-06	0.000114617	0.00409456	0.0438273	0.169763	0.296515	0.273225	0.147926	0.0507542	0.0116656	0.00187268	0.000216966	1.86173e-05	1.20901e-06	6.04636e-08	2.36561e-09	7.3311e-11	1.82418e-12	3.68435e-14	6.2408e-16	9.68772e-18	2.40399e-19	1.16167e-20	1.03814e-21	7.18996e-23	6.11543e-24	3.96171e-25	2.88658e-26	1.68628e-27	1.0274e-28	5.17784e-30	2.5778e-31	1.07789e-32	4.31994e-34	1.46388e-35	4.70828e-37	1.28412e-38	3.35758e-40	7.45702e-42	1.63974e-43	3.0503e-45	5.91256e-47	9.45878e-49	
N45	1.4149e-34	9.37578e-30	3.25168e-27	4.23168e-23	1.57877e-23	2.75155e-22	1.16104e-18	7.24041e-16	5.21445e-16	5.31591e-17	9.52629e-18	3.07565e-18	1.47431e-15	3.10594e-12	1.85459e-09	1.22861e-07	2.87336e-07	7.50657e-08	4.78775e-09	1.13641e-10	1.31517e-12	1.24052e-14	1.30703e-15	3.30022e-16	7.09889e-17	3.11188e-16	9.30721e-13	1.78358e-09	1.25661e-06	0.000237971	0.00947681	0.0880062	0.266499	0.337133	0.209897	0.0719519	0.0147155	0.00190666	0.000163902	9.69842e-06	4.06908e-07	1.2411e-08	2.80884e-10	4.80545e-12	6.30829e-14	6.55395e-16	6.32501e-18	3.99153e-19	3.41275e-20	8.12901e-21	6.04705e-22	1.06876e-22	6.23438e-24	8.32398e-25	3.74575e-26	3.90252e-27	1.34931e-28	1.13358e-29	3.03001e-31	2.11173e-32	4.41093e-34	2.61005e-35	4.31216e-37	2.20761e-38	2.92275e-40	1.31798e-41	1.45958e-43	6.03835e-45	7.37325e-47	2.81228e-48	4.28847e-50	
Eriophorum_angustifolium	0	0	0	0	0	0	0	0	0	0	0	0	0	0	0	0	0	0	0	0	0	0	0	0	0	0	0	0	1	0	0	0	0	0	0	0	0	0	0	0	0	0	0	0	0	0	0	0	0	0	0	0	0	0	0	0	0	0	0	0	0	0	0	0	0	0	0	0	0	0	0	
N46	3.95292e-37	2.59811e-32	1.18491e-29	1.89711e-25	7.06472e-26	2.53448e-24	1.4133e-20	1.38571e-17	4.37467e-18	1.05149e-18	3.06458e-19	2.61541e-19	4.67981e-16	1.23488e-12	8.98815e-10	3.08184e-08	3.43689e-08	4.68627e-09	1.50476e-10	1.70936e-12	9.4002e-15	2.06579e-16	7.87318e-17	2.81235e-17	8.72935e-18	4.05435e-16	1.95861e-12	4.87018e-09	4.32046e-06	0.000931014	0.027187	0.173777	0.35658	0.297036	0.117078	0.0243105	0.00287896	0.000206703	9.44358e-06	2.85572e-07	5.9044e-09	8.58022e-11	8.96886e-13	6.88922e-15	3.98714e-17	3.36876e-19	1.85854e-20	7.14744e-21	6.91126e-22	2.10104e-22	1.73459e-23	3.94232e-24	2.74473e-25	4.67773e-26	2.68405e-27	3.45133e-28	1.57103e-29	1.54392e-30	5.34958e-32	4.13094e-33	1.0594e-34	6.6546e-36	1.24954e-37	6.59478e-39	9.08901e-41	4.14378e-42	4.29529e-44	1.75257e-45	1.65379e-47	6.20134e-49	7.16912e-51	
N47	4.06296e-40	6.76232e-35	6.78235e-32	1.90245e-27	2.99146e-28	9.81268e-25	1.53274e-20	1.90483e-18	2.10711e-19	8.93471e-21	1.13135e-21	8.10437e-19	3.35531e-15	5.4884e-12	8.56602e-10	2.28447e-10	8.72723e-12	3.66003e-13	4.36179e-14	4.30918e-15	3.15335e-16	1.75228e-17	1.01156e-18	9.58623e-18	2.40775e-15	1.57478e-11	5.70161e-08	8.13542e-05	0.0264577	0.443091	0.408299	0.109418	0.0120067	0.000628309	1.71459e-05	2.60531e-07	2.33021e-09	1.28936e-11	4.62622e-14	1.27403e-16	9.50679e-19	5.98349e-20	2.1669e-21	1.24544e-22	3.67683e-24	1.61361e-25	3.96477e-27	1.36165e-28	2.82221e-30	7.71435e-32	1.35357e-33	2.97598e-35	4.40019e-37	7.82653e-39	9.65309e-41	1.39334e-42	1.41529e-44	1.66226e-46	1.3721e-48	1.31728e-50	8.72673e-53	6.90894e-55	3.63781e-57	2.41449e-59	1.0115e-61	5.81504e-64	2.04242e-66	1.10275e-68	4.10039e-71	2.41937e-73	1.25338e-75	
Eriophorum_callitrix	0	0	0	0	0	0	0	0	0	0	0	0	0	0	0	0	0	0	0	0	0	0	0	0	0	0	0	0	0	1	0	0	0	0	0	0	0	0	0	0	0	0	0	0	0	0	0	0	0	0	0	0	0	0	0	0	0	0	0	0	0	0	0	0	0	0	0	0	0	0	0	
N48	2.87281e-47	3.96133e-41	7.32489e-37	6.25866e-33	5.79273e-33	4.05648e-28	1.6929e-23	9.90091e-24	1.08486e-25	2.1481e-27	1.97377e-26	1.32847e-21	4.78041e-17	5.50936e-13	3.84831e-12	4.24401e-14	8.90893e-17	2.00666e-19	1.07682e-21	2.00237e-23	6.94167e-25	2.26448e-26	3.98259e-25	3.56102e-20	3.4185e-15	1.66892e-10	3.36082e-06	0.0179827	0.744983	0.223054	0.0137127	0.000262737	1.96096e-06	6.56393e-09	1.09056e-11	9.76345e-15	5.05554e-18	1.61045e-21	3.33843e-25	6.23314e-29	9.5727e-32	2.67071e-33	1.96821e-35	4.86546e-37	3.09117e-39	5.77456e-41	3.15122e-43	4.50208e-45	2.14075e-47	2.36232e-49	9.84715e-52	8.41972e-54	3.04726e-56	2.00699e-58	6.08329e-61	3.03024e-63	7.14051e-66	2.61148e-68	4.23323e-71	1.12109e-73	1.08056e-76	2.29824e-79	1.32013e-82	2.40467e-85	8.42295e-89	1.36966e-91	3.16686e-95	5.18162e-98	3.09314e-101	7.50825e-104	1.50101e-106	
Scirpus_hattorianus	0	0	0	0	0	0	0	0	0	0	0	0	0	0	0	0	0	0	0	0	0	0	0	0	0	0	0	1	0	0	0	0	0	0	0	0	0	0	0	0	0	0	0	0	0	0	0	0	0	0	0	0	0	0	0	0	0	0	0	0	0	0	0	0	0	0	0	0	0	0	0	
Eriophorum_vaginatum	0	0	0	0	0	0	0	0	0	0	0	0	0	0	0	0	0	0	0	0	0	0	0	0	0	0	0	0	1	0	0	0	0	0	0	0	0	0	0	0	0	0	0	0	0	0	0	0	0	0	0	0	0	0	0	0	0	0	0	0	0	0	0	0	0	0	0	0	0	0	0	
N49	2.16798e-40	2.87603e-35	1.39571e-32	4.89846e-28	5.13426e-29	5.38409e-27	6.99576e-23	2.40236e-19	2.3156e-19	4.49468e-20	4.5274e-21	5.51121e-20	2.65511e-16	6.76562e-13	4.34757e-10	2.22283e-09	5.58152e-10	1.82959e-11	1.54142e-13	1.97091e-15	4.89312e-16	1.18709e-16	2.18803e-17	3.33079e-18	3.99615e-17	3.21243e-14	1.68787e-10	4.24943e-07	0.000316828	0.0232552	0.195017	0.40267	0.284559	0.0823946	0.0110153	0.000744202	2.73366e-05	5.80313e-07	7.49642e-09	6.15818e-11	3.34109e-13	1.24965e-15	4.56491e-18	3.89675e-19	3.14354e-20	6.40259e-21	4.26295e-22	6.42001e-23	3.56139e-24	4.05007e-25	1.89946e-26	1.65486e-27	6.57899e-29	4.42742e-30	1.4752e-31	7.69327e-33	2.09767e-34	8.49139e-36	1.83795e-37	5.8051e-39	9.68144e-41	2.41617e-42	3.02614e-44	6.09702e-46	5.62982e-48	9.44216e-50	6.46701e-52	9.41167e-54	5.21691e-56	6.76797e-58	3.75736e-60	
N50	3.62628e-42	3.01927e-37	3.29717e-34	7.14899e-30	6.10401e-30	5.42508e-27	3.03022e-23	7.97365e-21	4.62849e-21	1.61368e-21	7.98858e-22	1.15722e-19	4.63892e-16	7.64501e-13	1.90189e-10	3.77603e-10	5.56356e-11	1.22174e-12	7.82515e-15	9.11732e-17	1.50174e-17	6.30742e-18	3.92621e-18	3.21365e-18	1.27413e-15	7.10003e-12	2.00514e-08	2.16218e-05	0.0056516	0.0940338	0.337191	0.376139	0.156963	0.0276475	0.002258	9.2672e-05	2.05188e-06	2.6092e-08	2.01264e-10	9.87628e-13	3.21346e-15	7.36975e-18	2.47463e-20	3.69985e-21	3.14845e-22	1.61136e-22	1.68353e-23	8.02056e-24	7.72034e-25	2.85582e-25	2.44389e-26	6.94655e-27	5.26932e-28	1.14853e-28	7.58579e-30	1.25889e-30	6.89344e-32	8.61006e-33	3.56655e-34	3.34557e-35	9.24619e-37	6.90752e-38	1.19504e-39	7.51966e-41	7.95224e-43	4.38739e-44	2.83396e-46	1.41294e-47	6.16429e-50	2.95769e-51	2.75699e-53	
Eriophorum_brachyantherum	0	0	0	0	0	0	0	0	0	0	0	0	0	0	0	0	0	0	0	0	0	0	0	0	0	0	0	0	1	0	0	0	0	0	0	0	0	0	0	0	0	0	0	0	0	0	0	0	0	0	0	0	0	0	0	0	0	0	0	0	0	0	0	0	0	0	0	0	0	0	0	
Eriophorum_scheuchzeri	0	0	0	0	0	0	0	0	0	0	0	0	0	0	0	0	0	0	0	0	0	0	0	0	0	0	0	0	1	0	0	0	0	0	0	0	0	0	0	0	0	0	0	0	0	0	0	0	0	0	0	0	0	0	0	0	0	0	0	0	0	0	0	0	0	0	0	0	0	0	0	
Eriophorum_chamissonis	0	0	0	0	0	0	0	0	0	0	0	0	0	0	0	0	0	0	0	0	0	0	0	0	0	0	0	0	0	1	0	0	0	0	0	0	0	0	0	0	0	0	0	0	0	0	0	0	0	0	0	0	0	0	0	0	0	0	0	0	0	0	0	0	0	0	0	0	0	0	0	
Eriophorum_latifolium	0	0	0	0	0	0	0	0	0	0	0	0	0	0	0	0	0	0	0	0	0	0	0	0	0	0	1	0	0	0	0	0	0	0	0	0	0	0	0	0	0	0	0	0	0	0	0	0	0	0	0	0	0	0	0	0	0	0	0	0	0	0	0	0	0	0	0	0	0	0	0	
N51	6.85044e-27	3.67615e-23	4.89704e-21	6.00058e-18	2.23551e-18	4.68082e-17	2.07174e-14	2.37482e-12	3.56776e-12	1.33747e-12	2.64563e-13	3.72314e-13	7.35875e-11	1.42935e-08	8.9876e-07	4.37992e-06	4.39725e-06	1.48065e-06	2.23442e-07	1.9415e-08	1.67662e-09	3.04029e-10	7.34758e-11	1.59034e-11	6.29713e-12	7.27205e-11	1.73105e-08	3.97128e-06	0.000377364	0.00958625	0.0658024	0.187379	0.278045	0.24529	0.139911	0.0546614	0.0152479	0.00313431	0.000486449	5.81491e-05	5.43906e-06	4.03871e-07	2.40891e-08	1.18121e-09	5.04748e-11	2.84973e-12	3.10331e-13	6.55607e-14	1.13022e-14	2.26129e-15	3.49198e-16	5.91024e-17	8.04397e-18	1.15002e-18	1.35972e-19	1.63426e-20	1.65188e-21	1.66307e-22	1.42082e-23	1.1997e-24	8.62801e-26	6.16288e-27	3.74719e-28	2.30481e-29	1.19941e-30	6.5191e-32	2.95091e-33	1.45789e-34	5.8227e-36	2.6865e-37	9.65757e-39	
Eriophorum_virginicum	0	0	0	0	0	0	0	0	0	0	0	0	0	0	0	0	0	0	0	0	0	0	0	0	0	0	0	0	1	0	0	0	0	0	0	0	0	0	0	0	0	0	0	0	0	0	0	0	0	0	0	0	0	0	0	0	0	0	0	0	0	0	0	0	0	0	0	0	0	0	0	
Eriophorum_gracile	0	0	0	0	0	0	0	0	0	0	0	0	0	0	0	0	0	0	0	0	0	0	0	0	0	0	0	0	0	1	0	0	0	0	0	0	0	0	0	0	0	0	0	0	0	0	0	0	0	0	0	0	0	0	0	0	0	0	0	0	0	0	0	0	0	0	0	0	0	0	0	
N52	7.5348e-09	4.14571e-07	6.17468e-06	5.17336e-05	0.000172712	0.00055327	0.00170677	0.00377597	0.00593485	0.00727325	0.00719509	0.00801462	0.0117453	0.0200785	0.0289884	0.0369899	0.0379726	0.0377155	0.0339879	0.0331299	0.029778	0.0276223	0.0221879	0.0180336	0.0133798	0.0119866	0.0127435	0.0180939	0.025298	0.0367584	0.045986	0.0571185	0.0606304	0.0644674	0.0593691	0.0551912	0.0447951	0.0370909	0.0271348	0.0203235	0.0135147	0.00926535	0.00569245	0.0036079	0.00205473	0.00121352	0.000648776	0.00035957	0.000180638	9.45074e-05	4.51011e-05	2.23966e-05	1.01503e-05	4.80648e-06	2.08838e-06	9.47059e-07	3.94094e-07	1.71777e-07	6.9047e-08	2.90245e-08	1.12491e-08	4.57343e-09	1.72209e-09	6.79003e-10	2.47895e-10	9.50406e-11	3.38978e-11	1.26769e-11	4.41333e-12	1.61798e-12	5.56382e-13	
N53	9.96166e-11	1.30982e-08	4.91762e-07	2.88587e-06	2.82975e-05	0.000207618	0.000425732	0.000374356	0.000374222	0.000952624	0.00402553	0.0128713	0.0238042	0.0286942	0.0236809	0.0157909	0.00816708	0.00379847	0.00181228	0.00147476	0.00186438	0.00395859	0.0114637	0.0316342	0.0642527	0.105619	0.130539	0.14081	0.120233	0.0972952	0.064784	0.0442006	0.0251081	0.0155213	0.00792293	0.00448537	0.00204693	0.00104289	0.000425696	0.000193398	7.01504e-05	2.84965e-05	9.32143e-06	3.41541e-06	1.01036e-06	3.37514e-07	9.19654e-08	2.83322e-08	7.14645e-09	2.05466e-09	4.90076e-10	1.3303e-10	3.01728e-11	7.80273e-12	1.71489e-12	4.25028e-13	9.04692e-14	2.16096e-14	4.53198e-15	1.05183e-15	2.1742e-16	4.94068e-17	1.02109e-17	2.27785e-18	4.65672e-19	1.01742e-19	2.06372e-20	4.40279e-21	8.7417e-22	1.82219e-22	3.58084e-23	
Blysmus_compressus	0	0	0	0	0	0	0	0	0	0	0	0	0	0	0	0	0	0	0	0	0	1	0	0	0	0	0	0	0	0	0	0	0	0	0	0	0	0	0	0	0	0	0	0	0	0	0	0	0	0	0	0	0	0	0	0	0	0	0	0	0	0	0	0	0	0	0	0	0	0	0	
Blysmus_rufus	0	0	0	0	0	0	0	0	0	0	0	0	0	0	0	0	0	0	0	1	0	0	0	0	0	0	0	0	0	0	0	0	0	0	0	0	0	0	0	0	0	0	0	0	0	0	0	0	0	0	0	0	0	0	0	0	0	0	0	0	0	0	0	0	0	0	0	0	0	0	0	
Dulichium_arundinaceum	0	0	0	0	0	0	0	0	0	0	0	0	0	0	0	1	0	0	0	0	0	0	0	0	0	0	0	0	0	0	0	0	0	0	0	0	0	0	0	0	0	0	0	0	0	0	0	0	0	0	0	0	0	0	0	0	0	0	0	0	0	0	0	0	0	0	0	0	0	0	0	
N54	1.94413e-07	3.77614e-06	3.1747e-05	0.000165426	0.000615247	0.00179013	0.00427891	0.00873731	0.0155377	0.0245956	0.035056	0.0458443	0.055478	0.0632204	0.0681068	0.0705061	0.0700287	0.0679018	0.0637833	0.0592036	0.0534419	0.0480095	0.0418691	0.0364824	0.0307519	0.0260318	0.0212854	0.017617	0.0140874	0.0115052	0.00907947	0.00737261	0.00577653	0.0046809	0.00365105	0.00295517	0.00229677	0.00185527	0.00143402	0.00115202	0.000882534	0.000702791	0.000532382	0.000419201	0.000313226	0.000243472	0.000179353	0.000137536	9.97901e-05	7.54986e-05	5.4023e-05	4.03522e-05	2.84752e-05	2.10169e-05	1.4658e-05	1.07012e-05	7.37598e-06	5.33094e-06	3.63989e-06	2.60655e-06	1.762e-06	1.25104e-06	8.39245e-07	5.91244e-07	3.9327e-07	2.75123e-07	1.81948e-07	1.26543e-07	8.3161e-08	5.75927e-08	3.77676e-08	
N55	8.33704e-07	3.18476e-05	0.000364034	0.0019119	0.0058515	0.015972	0.0327456	0.0475834	0.0510818	0.0495778	0.0469453	0.0545154	0.0673799	0.0898659	0.100476	0.109277	0.0948177	0.0816703	0.0568039	0.0404053	0.0235333	0.0144056	0.007356	0.00400694	0.00183544	0.000909357	0.000384401	0.000175943	6.88671e-05	2.93881e-05	1.08604e-05	4.35774e-06	1.5145e-06	5.74998e-07	1.91454e-07	6.92667e-08	2.19654e-08	7.61395e-09	2.34096e-09	7.81934e-10	2.3143e-10	7.47973e-11	2.1668e-11	6.80381e-12	1.91267e-12	5.85069e-13	1.61879e-13	4.83631e-14	1.30504e-14	3.81429e-15	1.01651e-15	2.91128e-16	7.59027e-17	2.13256e-17	5.49807e-18	1.51726e-18	3.83506e-19	1.04053e-19	2.6051e-20	6.95694e-21	1.71116e-21	4.5021e-22	1.09789e-22	2.84889e-23	6.83977e-24	1.75242e-24	4.18101e-25	1.0595e-25	2.49858e-26	6.28687e-27	1.48667e-27	
Rhynchospora_corniculata	0	0	0	0	0	0	0	0	1	0	0	0	0	0	0	0	0	0	0	0	0	0	0	0	0	0	0	0	0	0	0	0	0	0	0	0	0	0	0	0	0	0	0	0	0	0	0	0	0	0	0	0	0	0	0	0	0	0	0	0	0	0	0	0	0	0	0	0	0	0	0	
N56	1.86574e-08	2.24092e-06	6.78015e-05	0.00035625	0.00268956	0.0123555	0.0170876	0.0129804	0.011824	0.0243959	0.0736759	0.169906	0.226438	0.211512	0.129507	0.0679618	0.0256352	0.0097343	0.00274163	0.000863788	0.000198505	5.40196e-05	1.06092e-05	2.51389e-06	4.24858e-07	8.84069e-08	1.33094e-08	2.4754e-09	3.31983e-10	5.61768e-11	7.00791e-12	1.10195e-12	1.26474e-13	1.87845e-14	2.09382e-15	2.98954e-16	3.13984e-17	4.34987e-18	4.57779e-19	6.19805e-20	6.18889e-21	8.19394e-22	8.30401e-23	1.07385e-23	1.02967e-24	1.29947e-25	1.26473e-26	1.55545e-27	1.43369e-28	1.72289e-29	1.62261e-30	1.90468e-31	1.71649e-32	1.97297e-33	1.81981e-34	2.04232e-35	1.81505e-36	1.99065e-37	1.80833e-38	1.93581e-39	1.70578e-40	1.78936e-41	1.60696e-42	1.65505e-43	1.45614e-44	1.47828e-45	1.32936e-46	1.33158e-47	1.18255e-48	1.17297e-49	1.06491e-50	
Rhynchospora_albiceps	0	0	0	0	0	0	0	0	0	1	0	0	0	0	0	0	0	0	0	0	0	0	0	0	0	0	0	0	0	0	0	0	0	0	0	0	0	0	0	0	0	0	0	0	0	0	0	0	0	0	0	0	0	0	0	0	0	0	0	0	0	0	0	0	0	0	0	0	0	0	0	
N57	1.70319e-10	7.7734e-08	6.65659e-06	4.62703e-05	0.00121041	0.00528947	0.00290055	0.00237947	0.00534102	0.0320124	0.180658	0.399011	0.262749	0.0877326	0.0172776	0.00294198	0.000375594	6.06756e-05	6.6549e-06	9.70558e-07	8.277e-08	9.57e-09	6.32185e-10	5.8659e-11	3.091e-12	2.39966e-13	1.06961e-14	7.25481e-16	2.80664e-17	1.73651e-18	6.38468e-20	3.813e-21	1.34489e-22	8.12737e-24	3.17234e-25	1.97579e-26	7.42783e-28	4.64615e-29	1.90805e-30	1.15363e-31	4.16934e-33	2.42367e-34	9.27721e-36	5.09643e-37	1.6787e-38	8.85072e-40	3.09165e-41	1.54884e-42	4.65926e-44	2.25771e-45	7.30205e-47	3.3905e-48	9.50458e-50	4.30843e-51	1.31397e-52	5.77757e-54	1.55393e-55	6.78184e-57	2.06464e-58	8.94383e-60	2.58182e-61	1.13858e-62	3.86589e-64	1.70996e-65	5.87351e-67	2.6002e-68	9.9553e-70	4.3136e-71	1.63596e-72	6.92782e-74	2.70259e-75	
Rhynchospora_rubra	0	0	0	0	0	0	0	0	0	1	0	0	0	0	0	0	0	0	0	0	0	0	0	0	0	0	0	0	0	0	0	0	0	0	0	0	0	0	0	0	0	0	0	0	0	0	0	0	0	0	0	0	0	0	0	0	0	0	0	0	0	0	0	0	0	0	0	0	0	0	0	
Rhynchospora_globosa	0	0	0	0	0	0	0	0	0	0	0	1	0	0	0	0	0	0	0	0	0	0	0	0	0	0	0	0	0	0	0	0	0	0	0	0	0	0	0	0	0	0	0	0	0	0	0	0	0	0	0	0	0	0	0	0	0	0	0	0	0	0	0	0	0	0	0	0	0	0	0	
N58	1.72087e-06	3.14228e-05	0.000242885	0.00114066	0.00375232	0.00948261	0.0193758	0.0334691	0.0500464	0.0666147	0.0799453	0.0885742	0.0911721	0.0891812	0.0827535	0.0744993	0.0642947	0.0545308	0.044447	0.0359403	0.027916	0.0217411	0.0162588	0.0123391	0.00898089	0.00670502	0.00478582	0.003529	0.00247549	0.00180117	0.00124066	0.000888105	0.000599156	0.000420854	0.000277791	0.000191303	0.000123474	8.34253e-05	5.27303e-05	3.50113e-05	2.16845e-05	1.41824e-05	8.63689e-06	5.58272e-06	3.34917e-06	2.14885e-06	1.27903e-06	8.20315e-07	4.87902e-07	3.15735e-07	1.90284e-07	1.25112e-07	7.66126e-08	5.09354e-08	3.15065e-08	2.08468e-08	1.2773e-08	8.28987e-09	4.98939e-09	3.16412e-09	1.86389e-09	1.16051e-09	6.74445e-10	4.14988e-10	2.3836e-10	1.45531e-10	8.31057e-11	5.04677e-11	2.86214e-11	1.73301e-11	9.82823e-12	
N59	1.97191e-11	2.24196e-08	1.62884e-06	0.000105711	0.000807983	0.0017405	0.00593446	0.0333753	0.154403	0.288409	0.181259	0.0853016	0.0693419	0.0600205	0.0348001	0.0288731	0.0232654	0.0165456	0.00778818	0.00400318	0.00201896	0.00120771	0.000523547	0.000204642	5.33336e-05	1.27806e-05	2.15364e-06	3.45656e-07	4.04852e-08	4.73702e-09	4.32656e-10	4.45627e-11	5.0845e-12	1.01868e-12	2.14962e-13	4.86533e-14	8.52708e-15	1.58888e-15	3.65605e-16	2.62203e-16	2.76583e-16	3.3995e-16	3.58358e-16	4.01753e-16	3.84705e-16	3.95713e-16	3.54265e-16	3.38462e-16	2.81787e-16	2.52393e-16	2.00131e-16	1.69404e-16	1.26918e-16	1.02173e-16	7.37176e-17	5.67591e-17	3.91299e-17	2.89492e-17	1.94016e-17	1.38497e-17	8.94679e-18	6.18387e-18	3.90584e-18	2.62223e-18	1.60719e-18	1.05102e-18	6.33574e-19	4.04733e-19	2.38265e-19	1.4921e-19	8.6943e-20	
Rhynchospora_chinensis	0	0	0	0	0	0	0	0	0	0	0	0	0	0	0	0	0	0	0	0	0	0	0	0	0	0	0	0	0	0	1	0	0	0	0	0	0	0	0	0	0	0	0	0	0	0	0	0	0	0	0	0	0	0	0	0	0	0	0	0	0	0	0	0	0	0	0	0	0	0	0	
N60	1.76355e-11	2.04564e-08	1.56073e-06	0.00010389	0.000790723	0.0017313	0.0059492	0.0335534	0.155212	0.288881	0.180583	0.0846809	0.0693169	0.0600901	0.0349544	0.0289935	0.023255	0.0163481	0.00765404	0.00392723	0.00199575	0.00119382	0.000516674	0.00020041	5.19082e-05	1.23117e-05	2.05691e-06	3.26186e-07	3.78139e-08	4.36768e-09	3.94576e-10	4.03111e-11	4.58535e-12	9.12883e-13	1.89923e-13	4.21076e-14	7.20032e-15	1.22088e-15	1.62231e-16	2.14597e-17	2.25906e-18	2.42111e-19	2.12824e-20	1.90551e-21	1.41164e-22	1.08124e-23	7.00427e-25	4.67764e-26	2.65331e-27	1.56912e-28	8.02375e-30	4.2565e-31	1.95635e-32	9.41238e-34	3.9787e-35	1.75246e-36	6.78557e-38	2.75879e-39	9.98504e-41	3.77407e-42	1.26968e-43	4.48994e-45	1.42755e-46	4.75139e-48	1.41961e-49	4.47756e-51	1.27461e-52	3.87377e-54	1.0369e-55	4.25174e-57	2.29726e-57	
N61	1.9083e-11	1.76979e-08	1.96498e-06	7.71859e-05	0.00180701	0.00722286	0.0140035	0.0461128	0.18821	0.307707	0.200539	0.110156	0.0645797	0.0323774	0.0132973	0.00481652	0.00225207	0.00180616	0.00173931	0.00157267	0.00104905	0.0004834	0.000148896	3.35639e-05	5.51521e-06	9.01819e-07	1.444e-07	5.44907e-08	1.4046e-08	6.65881e-09	1.58819e-09	6.02977e-10	1.14866e-10	3.41922e-11	5.06686e-12	1.2044e-12	1.39174e-13	2.7318e-14	2.51562e-15	4.1473e-16	3.06061e-17	4.38739e-18	2.70082e-19	3.38619e-20	1.71859e-21	1.94238e-22	8.561e-24	8.75072e-25	3.2787e-26	3.14839e-27	1.12835e-28	1.07134e-29	3.79321e-31	4.12522e-32	2.31345e-33	3.04473e-34	1.78018e-35	2.61502e-36	2.14366e-37	2.99683e-38	2.03749e-39	2.86535e-40	2.51032e-41	3.3759e-42	2.87129e-43	3.71762e-44	3.62905e-45	4.07283e-46	3.48034e-47	3.37224e-48	2.73729e-49	
Rhynchospora_microcarpa	0	0	0	0	0	0	0	0	0	0	0	0	0	0	0	0	0	1	0	0	0	0	0	0	0	0	0	0	0	0	0	0	0	0	0	0	0	0	0	0	0	0	0	0	0	0	0	0	0	0	0	0	0	0	0	0	0	0	0	0	0	0	0	0	0	0	0	0	0	0	0	
N62	7.75642e-11	5.02046e-08	4.6223e-06	0.000238976	0.00648484	0.0189036	0.0310257	0.106994	0.29664	0.308276	0.150785	0.0543881	0.0161632	0.00412165	0.00109878	0.00054878	0.000824361	0.00129995	0.00122725	0.00068047	0.000233468	5.28658e-05	8.29659e-06	9.93736e-07	1.01698e-07	1.3031e-08	2.03795e-09	4.39039e-10	7.55733e-11	1.57759e-11	2.40759e-12	5.23269e-13	7.85955e-14	1.88504e-14	2.68624e-15	6.06096e-16	7.28255e-17	1.41169e-17	1.36534e-18	2.25891e-19	1.74577e-20	2.50926e-21	1.56492e-22	1.99256e-23	1.01499e-24	1.17355e-25	5.09709e-27	5.52208e-28	2.21741e-29	2.42059e-30	1.16621e-31	1.46963e-32	1.13124e-33	2.63422e-34	5.59761e-35	2.5162e-35	6.90486e-36	3.24818e-36	9.14472e-37	4.08738e-37	1.03921e-37	4.68605e-38	1.39733e-38	6.88022e-39	2.43492e-39	1.30392e-39	5.67808e-40	2.78729e-40	1.11345e-40	4.73865e-41	1.74001e-41	
Rhynchospora_rugosa	0	0	0	0	0	0	0	0	0	0	0	0	0	0	0	0	0	1	0	0	0	0	0	0	0	0	0	0	0	0	0	0	0	0	0	0	0	0	0	0	0	0	0	0	0	0	0	0	0	0	0	0	0	0	0	0	0	0	0	0	0	0	0	0	0	0	0	0	0	0	0	
N63	3.09873e-19	1.91112e-12	2.76102e-10	0.00029539	0.992339	0.000117127	0.000340928	0.00186659	0.0050402	3.01578e-07	1.40988e-11	5.54084e-16	1.67331e-20	3.14113e-22	1.1144e-21	2.38792e-21	2.7292e-21	1.24335e-21	7.03208e-26	1.63828e-30	2.10124e-35	1.79556e-40	1.23936e-45	1.1109e-50	1.01817e-55	9.96196e-61	5.83232e-66	2.57884e-71	4.46338e-77	4.93368e-31	2.05633e-33	8.85937e-36	2.72579e-38	8.70921e-41	1.92689e-43	4.46613e-46	6.77649e-49	1.08283e-51	1.02671e-54	9.94432e-58	4.61254e-61	1.61492e-64	2.09846e-23	1.62893e-23	8.42249e-24	7.39723e-24	4.98632e-24	5.60318e-24	5.17892e-24	6.92496e-24	7.72342e-24	1.07461e-23	1.22095e-23	1.66089e-23	1.89426e-23	2.45525e-23	2.65898e-23	3.26361e-23	3.41399e-23	3.96583e-23	3.88971e-23	4.30075e-23	4.05995e-23	4.30267e-23	3.81766e-23	3.91018e-23	3.37214e-23	3.3661e-23	2.74758e-23	2.69859e-23	2.18995e-23	
Rhynchospora_brownii	0	0	0	0	0	0	0	0	0	0	0	0	0	0	0	0	0	1	0	0	0	0	0	0	0	0	0	0	0	0	0	0	0	0	0	0	0	0	0	0	0	0	0	0	0	0	0	0	0	0	0	0	0	0	0	0	0	0	0	0	0	0	0	0	0	0	0	0	0	0	0	
Rhynchospora_marisculus	0	0	0	0	1	0	0	0	0	0	0	0	0	0	0	0	0	0	0	0	0	0	0	0	0	0	0	0	0	0	0	0	0	0	0	0	0	0	0	0	0	0	0	0	0	0	0	0	0	0	0	0	0	0	0	0	0	0	0	0	0	0	0	0	0	0	0	0	0	0	0	
N64	2.89178e-13	4.47624e-10	6.96268e-08	3.39127e-06	5.81821e-06	0.000236683	0.00845289	0.0283998	0.0181708	0.00421354	0.00196887	0.0125943	0.0639393	0.127285	0.151697	0.227212	0.164561	0.129222	0.0418461	0.0167452	0.00272448	0.000650689	5.99951e-05	9.7231e-06	5.61151e-07	7.01167e-08	3.17229e-09	3.63172e-10	1.78844e-11	2.25577e-12	1.6174e-13	2.11229e-14	1.40281e-15	1.70758e-16	1.19796e-17	1.28512e-18	6.84601e-20	6.59297e-21	3.63685e-22	3.07493e-23	1.23659e-24	9.62733e-26	4.2351e-27	2.94697e-28	9.03338e-30	5.9448e-31	2.15511e-32	1.29675e-33	3.1068e-35	1.82825e-36	5.86443e-38	3.24073e-39	6.92789e-41	3.87386e-42	1.22518e-43	6.73713e-45	1.65557e-46	9.72922e-48	3.71577e-49	2.24001e-50	8.39016e-52	5.31939e-53	2.55355e-54	1.5843e-55	7.44907e-57	4.39887e-58	2.2043e-59	1.20339e-60	5.58325e-62	2.84161e-63	1.29371e-64	
N65	2.22053e-14	3.32209e-11	8.79168e-09	2.33436e-07	2.12504e-06	0.000204422	0.00491118	0.00656218	0.00182976	0.000319245	0.000685464	0.0110669	0.0903744	0.221326	0.276249	0.232779	0.108588	0.0367082	0.00705883	0.00119881	0.0001194	1.57983e-05	1.24719e-06	2.42662e-07	1.78932e-08	3.77534e-09	2.38242e-10	4.57672e-11	2.97204e-12	5.28612e-13	3.65368e-14	5.5629e-15	3.16298e-16	4.2601e-17	2.22697e-18	2.54747e-19	9.99583e-21	1.04482e-21	4.00012e-23	3.67771e-24	1.0227e-25	9.04765e-27	2.90244e-28	2.46737e-29	5.80589e-31	5.46231e-32	2.23772e-33	2.1404e-34	5.27862e-36	5.65267e-37	2.77582e-38	2.60867e-39	6.25309e-41	6.46475e-42	3.15223e-43	2.86009e-44	7.69747e-46	7.66405e-47	3.80103e-48	3.37522e-49	1.07457e-50	9.80372e-52	4.56918e-53	3.77736e-54	1.23209e-55	1.10384e-56	6.03642e-58	4.88654e-59	2.33071e-60	1.72579e-61	9.52902e-63	
Rhynchospora_alba	0	0	0	0	0	0	0	0	0	0	0	0	1	0	0	0	0	0	0	0	0	0	0	0	0	0	0	0	0	0	0	0	0	0	0	0	0	0	0	0	0	0	0	0	0	0	0	0	0	0	0	0	0	0	0	0	0	0	0	0	0	0	0	0	0	0	0	0	0	0	0	
Rhynchospora_fusca	0	0	0	0	0	0	0	0	0	0	0	0	1	0	0	0	0	0	0	0	0	0	0	0	0	0	0	0	0	0	0	0	0	0	0	0	0	0	0	0	0	0	0	0	0	0	0	0	0	0	0	0	0	0	0	0	0	0	0	0	0	0	0	0	0	0	0	0	0	0	0	
Rhynchospora_capillacea	0	0	0	0	0	0	0	0	0	0	0	0	1	0	0	0	0	0	0	0	0	0	0	0	0	0	0	0	0	0	0	0	0	0	0	0	0	0	0	0	0	0	0	0	0	0	0	0	0	0	0	0	0	0	0	0	0	0	0	0	0	0	0	0	0	0	0	0	0	0	0	
N66	7.47007e-05	0.00124572	0.00769581	0.0267253	0.0617086	0.106401	0.143721	0.160444	0.150152	0.123005	0.0881796	0.0579042	0.0342567	0.0192726	0.0099375	0.00502241	0.00234065	0.0010945	0.00047113	0.000207163	8.33531e-05	3.48285e-05	1.32462e-05	5.31498e-06	1.93028e-06	7.51507e-07	2.6398e-07	1.00623e-07	3.44304e-08	1.29129e-08	4.34023e-09	1.60481e-09	5.29675e-10	1.9308e-10	6.29555e-11	2.2647e-11	7.28025e-12	2.58679e-12	8.2574e-13	2.89902e-13	9.13989e-14	3.16441e-14	9.8941e-15	3.37174e-15	1.03725e-15	3.47752e-16	1.05986e-16	3.50408e-17	1.05359e-17	3.44634e-18	1.03298e-18	3.35369e-19	9.97298e-20	3.2188e-20	9.58037e-21	3.07623e-21	9.09946e-22	2.90671e-22	8.61011e-23	2.73602e-23	8.05297e-24	2.54525e-24	7.49745e-25	2.35721e-25	6.8991e-26	2.15851e-26	6.32535e-27	1.9716e-27	5.75416e-28	1.79271e-28	5.27675e-29	
Rhynchospora_robusta	0	0	0	0	1	0	0	0	0	0	0	0	0	0	0	0	0	0	0	0	0	0	0	0	0	0	0	0	0	0	0	0	0	0	0	0	0	0	0	0	0	0	0	0	0	0	0	0	0	0	0	0	0	0	0	0	0	0	0	0	0	0	0	0	0	0	0	0	0	0	0	
N67	0.000142022	0.00241633	0.0146098	0.0479151	0.102192	0.158653	0.185883	0.174742	0.132716	0.0872151	0.0485063	0.0251855	0.0112869	0.00514922	0.00199607	0.000873774	0.00030621	0.000136026	4.44814e-05	2.04073e-05	6.28819e-06	2.93397e-06	8.72549e-07	4.0565e-07	1.15113e-07	5.24585e-08	1.4733e-08	6.55898e-09	1.76014e-09	7.65301e-10	2.08803e-10	8.91998e-11	2.30418e-11	9.71439e-12	2.63083e-12	1.10077e-12	2.77432e-13	1.15795e-13	3.14997e-14	1.31078e-14	3.24887e-15	1.35654e-15	3.72468e-16	1.54656e-16	3.81325e-17	1.58809e-17	4.37258e-18	1.80084e-18	4.41182e-19	1.81968e-19	5.01919e-20	2.03914e-20	5.01894e-21	2.0387e-21	5.6002e-22	2.24521e-22	5.56888e-23	2.24871e-23	6.37889e-24	2.56649e-24	6.91831e-25	2.81263e-25	8.63044e-26	3.46251e-26	1.03548e-26	4.096e-27	1.34122e-27	5.16946e-28	1.65651e-28	6.29654e-29	2.12794e-29	
Rhynchospora_nervosa	0	0	0	0	1	0	0	0	0	0	0	0	0	0	0	0	0	0	0	0	0	0	0	0	0	0	0	0	0	0	0	0	0	0	0	0	0	0	0	0	0	0	0	0	0	0	0	0	0	0	0	0	0	0	0	0	0	0	0	0	0	0	0	0	0	0	0	0	0	0	0	
Rhynchospora_latifolia	0	0	0	0	1	0	0	0	0	0	0	0	0	0	0	0	0	0	0	0	0	0	0	0	0	0	0	0	0	0	0	0	0	0	0	0	0	0	0	0	0	0	0	0	0	0	0	0	0	0	0	0	0	0	0	0	0	0	0	0	0	0	0	0	0	0	0	0	0	0	0	
N68	1.03175e-08	1.42779e-07	9.71141e-07	4.45189e-06	1.55238e-05	4.44261e-05	0.000108645	0.000234601	0.000455911	0.000813365	0.00134925	0.00211304	0.00315172	0.00452444	0.00627393	0.00845038	0.011051	0.0140737	0.0174256	0.0210378	0.0247318	0.028417	0.0318833	0.0350856	0.0378241	0.0401267	0.0417971	0.0429247	0.0432974	0.043072	0.04204	0.04047	0.0381963	0.0356278	0.0326307	0.0297169	0.0267067	0.0240939	0.0215603	0.019556	0.017634	0.0162244	0.0148041	0.0138267	0.0127406	0.0120403	0.011164	0.0106363	0.00988955	0.00946437	0.00879451	0.0084248	0.00779973	0.00745958	0.00686729	0.00654766	0.00598766	0.00568856	0.00516647	0.00489104	0.00441221	0.00416385	0.00373359	0.00351487	0.00313557	0.00294771	0.0026206	0.00246322	0.00218601	0.00205714	0.00182658	
N69	2.03378e-06	2.65329e-05	0.000161869	0.00064776	0.00192158	0.00460013	0.00925436	0.0162726	0.0253744	0.0358744	0.0462112	0.0552802	0.0615087	0.0649897	0.0650433	0.0631803	0.0590293	0.0547143	0.0493625	0.0450872	0.0402619	0.036873	0.0328365	0.0301118	0.0265694	0.0241625	0.0209679	0.0187954	0.0160068	0.0141455	0.0118649	0.0103807	0.00862125	0.00750695	0.00621164	0.00541136	0.00448507	0.00392434	0.00326697	0.00287106	0.00239727	0.00211258	0.00176781	0.00155845	0.00130177	0.00114481	0.000953294	0.000834347	0.000689859	0.000599766	0.000492484	0.00042487	0.00034546	0.000295561	0.000238397	0.000202273	0.000161504	0.000135927	0.000107746	9.00033e-05	7.07011e-05	5.86539e-05	4.58211e-05	3.77844e-05	2.93049e-05	2.404e-05	1.85829e-05	1.51806e-05	1.16757e-05	9.50788e-06	7.30689e-06	
Scleria_pergracilis	0	0	0	0	1	0	0	0	0	0	0	0	0	0	0	0	0	0	0	0	0	0	0	0	0	0	0	0	0	0	0	0	0	0	0	0	0	0	0	0	0	0	0	0	0	0	0	0	0	0	0	0	0	0	0	0	0	0	0	0	0	0	0	0	0	0	0	0	0	0	0	
N70	1.51515e-06	4.98402e-05	0.000495918	0.00246984	0.00775102	0.017352	0.0291706	0.0421551	0.052112	0.0606444	0.063399	0.0679972	0.0668648	0.0696336	0.065843	0.0681054	0.0635516	0.0649704	0.0574875	0.0540863	0.0424865	0.0352249	0.0243134	0.0177332	0.0107789	0.00699601	0.00383474	0.00224992	0.0011185	0.000600973	0.00027743	0.000138251	5.92895e-05	2.76659e-05	1.12627e-05	4.9667e-06	1.91165e-06	8.01813e-07	2.97219e-07	1.19281e-07	4.22806e-08	1.63006e-08	5.61513e-09	2.08799e-09	6.92968e-10	2.49248e-10	8.08284e-11	2.82062e-11	8.86166e-12	3.00711e-12	9.27412e-13	3.06758e-13	9.20752e-14	2.97409e-14	8.78891e-15	2.77749e-15	8.01752e-16	2.48271e-16	7.07743e-17	2.15079e-17	6.00807e-18	1.79416e-18	4.95857e-19	1.45701e-19	3.95687e-20	1.14558e-20	3.08658e-21	8.82162e-22	2.34585e-22	6.64548e-23	1.76898e-23	
Scleria_microcarpa	0	0	0	0	0	0	0	0	0	1	0	0	0	0	0	0	0	0	0	0	0	0	0	0	0	0	0	0	0	0	0	0	0	0	0	0	0	0	0	0	0	0	0	0	0	0	0	0	0	0	0	0	0	0	0	0	0	0	0	0	0	0	0	0	0	0	0	0	0	0	0	
N71	3.7658e-07	1.93424e-05	0.000257942	0.0017135	0.00601363	0.0137796	0.0260888	0.0410342	0.0543076	0.072069	0.0847143	0.0888131	0.0788342	0.0772843	0.0803089	0.0905649	0.0842843	0.0742536	0.050922	0.0350715	0.0187984	0.0110967	0.00505142	0.00272912	0.00109457	0.000550287	0.000200926	9.3477e-05	3.07817e-05	1.31669e-05	4.01808e-06	1.5848e-06	4.42445e-07	1.61991e-07	4.28574e-08	1.47177e-08	3.62235e-09	1.17783e-09	2.81189e-10	8.75537e-11	1.97011e-11	5.92664e-12	1.32625e-12	3.89449e-13	8.28948e-14	2.3921e-14	5.17194e-15	1.47483e-15	3.03956e-16	8.59317e-17	1.83146e-17	5.1362e-18	1.04823e-18	2.92778e-19	6.26971e-20	1.7399e-20	3.62468e-21	9.98946e-22	2.19537e-22	5.92327e-23	1.26379e-23	3.3178e-24	7.24516e-25	1.83821e-25	3.86693e-26	9.529e-27	2.03234e-27	4.88315e-28	1.01367e-28	2.39768e-29	5.08401e-30	
Scleria_tessellata	0	0	0	0	0	0	0	0	0	0	0	0	0	1	0	0	0	0	0	0	0	0	0	0	0	0	0	0	0	0	0	0	0	0	0	0	0	0	0	0	0	0	0	0	0	0	0	0	0	0	0	0	0	0	0	0	0	0	0	0	0	0	0	0	0	0	0	0	0	0	0	
Scleria_foliosa	0	0	0	0	0	0	0	0	0	1	0	0	0	0	0	0	0	0	0	0	0	0	0	0	0	0	0	0	0	0	0	0	0	0	0	0	0	0	0	0	0	0	0	0	0	0	0	0	0	0	0	0	0	0	0	0	0	0	0	0	0	0	0	0	0	0	0	0	0	0	0	
Calyptrocarya_glomerulata	0	0	0	0	0	0	0	0	0	1	0	0	0	0	0	0	0	0	0	0	0	0	0	0	0	0	0	0	0	0	0	0	0	0	0	0	0	0	0	0	0	0	0	0	0	0	0	0	0	0	0	0	0	0	0	0	0	0	0	0	0	0	0	0	0	0	0	0	0	0	0	
N72	5.92331e-11	8.43522e-09	2.76148e-07	2.32405e-06	3.7006e-05	9.84593e-05	5.756e-05	6.10713e-05	0.000321406	0.00237767	0.00805544	0.0120798	0.00822442	0.00345349	0.000944343	0.000282379	0.000169624	0.000249395	0.00108857	0.00700326	0.0281119	0.0792992	0.140926	0.194372	0.185831	0.150613	0.0914697	0.0500446	0.0216282	0.00884276	0.00298684	0.000985247	0.000276226	7.77481e-05	1.90911e-05	4.80317e-06	1.09935e-06	3.19998e-07	2.09701e-07	3.18973e-07	4.45584e-07	5.56013e-07	5.39689e-07	4.78057e-07	3.43071e-07	2.33675e-07	1.33548e-07	7.40582e-08	3.51418e-08	1.65012e-08	6.75767e-09	2.76439e-09	9.95693e-10	3.62388e-10	1.17536e-10	3.86879e-11	1.14052e-11	3.43895e-12	9.36918e-13	2.6151e-13	6.61328e-14	1.72332e-14	4.09624e-15	1.00378e-15	2.247e-16	5.21007e-17	1.1101e-17	2.44972e-18	4.97499e-19	1.0523e-19	2.06719e-20	
Cladium_mariscus	0	0	0	0	0	0	0	0	0	0	0	0	0	0	0	0	0	1	0	0	0	0	0	0	0	0	0	0	0	0	0	0	0	0	0	0	0	0	0	0	0	0	0	0	0	0	0	0	0	0	0	0	0	0	0	0	0	0	0	0	0	0	0	0	0	0	0	0	0	0	0	
Cladium_mariscoides	0	0	0	0	0	0	0	0	0	0	0	0	0	0	0	0	0	0	0	0	0	0	0	0	0	0	0	0	0	0	0	0	0	0	0	0	0	0	1	0	0	0	0	0	0	0	0	0	0	0	0	0	0	0	0	0	0	0	0	0	0	0	0	0	0	0	0	0	0	0	0	
N73	6.16605e-08	2.14741e-06	2.35981e-05	0.000134595	0.000462886	0.00121525	0.00261715	0.00459358	0.00679656	0.00969264	0.0119104	0.0138738	0.0158774	0.0212946	0.027581	0.0348483	0.0366188	0.0371284	0.0336518	0.0334594	0.032905	0.0359198	0.0358528	0.0363599	0.0320898	0.0288829	0.023785	0.0219771	0.0209254	0.0240207	0.0273996	0.033744	0.0374107	0.0424444	0.0425188	0.0432091	0.0387794	0.0355301	0.0290137	0.0242557	0.0181446	0.0139922	0.00973521	0.00699244	0.00454235	0.00306295	0.00188057	0.00119884	0.000696755	0.000422315	0.000234732	0.000135964	7.22603e-05	4.0166e-05	2.05872e-05	1.1023e-05	5.44257e-06	2.81588e-06	1.34955e-06	6.76651e-07	3.14183e-07	1.53041e-07	6.93124e-08	3.28818e-08	1.44977e-08	6.71469e-09	2.90234e-09	1.31639e-09	5.57401e-10	2.48708e-10	1.0425e-10	
Lepironia_articulata	0	0	0	0	0	0	0	0	0	0	0	0	0	0	0	0	1	0	0	0	0	0	0	0	0	0	0	0	0	0	0	0	0	0	0	0	0	0	0	0	0	0	0	0	0	0	0	0	0	0	0	0	0	0	0	0	0	0	0	0	0	0	0	0	0	0	0	0	0	0	0	
Chrysitrix_capensis	0	0	0	0	0	0	0	0	0	0	0	0	0	0	0	0	0	0	0	0	0	0	1	0	0	0	0	0	0	0	0	0	0	0	0	0	0	0	0	0	0	0	0	0	0	0	0	0	0	0	0	0	0	0	0	0	0	0	0	0	0	0	0	0	0	0	0	0	0	0	0	
