NODE	1	2	3	4	5	6	7	8	9	10	11	12	13	14	15	16	17	18	19	20	21	22	23	24	25	26	27	28	29	30	31	32	33	34	35	36	37	38	39	40	41	42	43	44	45	46	47	48	49	50	51	52	53	54	55	56	57	58	59	60	61	62	
N1	1.88994e-005	4.20483e-005	8.52883e-005	0.000155416	0.000259766	0.000405244	0.000597822	0.000842496	0.00114274	0.00150093	0.00191778	0.00239313	0.00292526	0.00351192	0.00414969	0.00483492	0.00556286	0.00632871	0.00712687	0.00795208	0.00879874	0.00966183	0.0105361	0.0114171	0.0122999	0.0131802	0.0140541	0.0149181	0.0157691	0.0166045	0.0174218	0.0182168	0.0189883	0.0197355	0.0204573	0.0211527	0.0218204	0.0224596	0.0230694	0.0236496	0.0242	0.0247196	0.0252087	0.0256687	0.0261007	0.0265063	0.0268864	0.0272424	0.0275753	0.027886	0.0281754	0.0284445	0.0286941	0.0289252	0.0291386	0.0293355	0.0295166	0.0296829	0.0298353	0.0299748	0.030102	0.0302162	
N2	7.45635e-006	2.94616e-005	7.21867e-005	0.000148836	0.000268128	0.000458626	0.000700388	0.00104069	0.00146028	0.00196892	0.00255885	0.00328567	0.0040201	0.00491042	0.00584141	0.00683689	0.00786768	0.00903913	0.0100798	0.0113044	0.0124675	0.0136418	0.0147833	0.016059	0.017064	0.0182875	0.0193567	0.0204073	0.021378	0.0224957	0.0232461	0.0242553	0.0250445	0.0258166	0.0264833	0.0273178	0.0277326	0.0284611	0.0289454	0.0294286	0.0297883	0.0303108	0.0303387	0.0306046	0.0304453	0.0300678	0.0292662	0.0283147	0.0265765	0.0249277	0.0228906	0.0209448	0.0190977	0.0177871	0.0163976	0.0156808	0.0149345	0.0143912	0.0138194	0.0135115	0.0128208	0.0125122	
N3	0.000113597	0.00133462	0.00659089	0.0195843	0.0410538	0.0687605	0.093154	0.11175	0.119113	0.11529	0.102802	0.087987	0.0681393	0.0522154	0.0375483	0.0261912	0.0174905	0.0117784	0.00733428	0.00471751	0.00287997	0.00175349	0.00102868	0.000616923	0.000342584	0.000197977	0.000108201	5.92884e-005	3.11982e-005	1.68294e-005	8.4145e-006	4.38566e-006	2.16079e-006	1.07399e-006	5.1318e-007	2.5197e-007	1.15079e-007	5.49642e-008	2.49088e-008	1.14269e-008	5.04767e-009	2.29834e-009	9.79504e-010	4.36599e-010	1.85093e-010	7.97396e-011	3.31944e-011	1.42552e-011	5.74795e-012	2.42713e-012	9.78446e-013	4.01623e-013	1.59447e-013	6.54231e-014	2.53248e-014	1.02662e-014	3.98263e-015	1.57806e-015	6.07311e-016	2.42108e-016	9.16876e-017	3.68951e-017	
N4	5.09071e-005	0.00127579	0.0102195	0.0391118	0.0945238	0.168989	0.212872	0.199266	0.140376	0.0776881	0.035184	0.0139155	0.00459839	0.0014152	0.000386378	9.76807e-005	2.25869e-005	5.09375e-006	1.01307e-006	2.03878e-007	3.74571e-008	6.74139e-009	1.13408e-009	1.95577e-010	2.99364e-011	4.88689e-012	7.30971e-013	1.11359e-013	1.59069e-014	2.42107e-015	3.24339e-016	4.80093e-017	6.43602e-018	9.04232e-019	1.18241e-019	1.67769e-020	2.08328e-021	2.90833e-022	3.67665e-023	4.9304e-024	6.13466e-025	8.30744e-026	9.98991e-027	1.32896e-027	1.60792e-028	2.05193e-029	2.44735e-030	3.12918e-031	3.60449e-032	4.53827e-033	5.29316e-034	6.47793e-035	7.48197e-036	9.21089e-037	1.04299e-037	1.27209e-038	1.45424e-039	1.73236e-040	1.97377e-041	2.36578e-042	2.65172e-043	3.21065e-044	
Carex_lingii	0	0	0	0	0	1	0	0	0	0	0	0	0	0	0	0	0	0	0	0	0	0	0	0	0	0	0	0	0	0	0	0	0	0	0	0	0	0	0	0	0	0	0	0	0	0	0	0	0	0	0	0	0	0	0	0	0	0	0	0	0	0	
N5	1.84221e-005	0.000790365	0.00916832	0.0425126	0.11991	0.235545	0.271035	0.192971	0.0895689	0.0293613	0.00725171	0.00156973	0.000250034	4.22346e-005	5.68803e-006	8.08001e-007	9.10586e-008	1.3883e-008	1.23066e-009	1.8119e-010	1.62256e-011	2.04836e-012	1.67488e-013	2.18733e-014	1.48256e-015	1.84676e-016	1.37737e-017	1.48957e-018	1.01261e-019	1.17243e-020	7.28227e-022	8.21363e-023	5.39158e-024	5.39941e-025	3.72649e-026	4.04572e-027	2.16071e-028	2.33818e-029	1.63314e-030	1.57341e-031	9.25324e-033	9.58307e-034	5.73603e-035	5.87055e-036	3.43466e-037	3.1714e-038	2.04591e-039	2.01102e-040	1.01493e-041	9.95754e-043	6.5079e-044	5.90104e-045	3.39961e-046	3.30092e-047	2.07877e-048	2.048e-049	1.4004e-050	1.32476e-051	1.04789e-052	9.97333e-054	7.58506e-055	7.12691e-056	
N6	1.5856e-005	0.000745867	0.00932882	0.044892	0.132851	0.265335	0.283232	0.173963	0.0671383	0.0179865	0.0035996	0.000783082	9.94312e-005	2.51153e-005	3.17665e-006	8.11154e-007	7.67908e-008	2.47282e-008	1.63379e-009	5.09426e-010	3.638e-011	8.76502e-012	6.11342e-013	1.69449e-013	7.90596e-015	2.03666e-015	1.92081e-016	3.82883e-017	2.18803e-018	5.84354e-019	4.10789e-020	1.0942e-020	6.05708e-022	1.15695e-022	1.28929e-023	3.26425e-024	9.97029e-026	2.54011e-026	2.98886e-027	6.3148e-028	2.53482e-029	5.96164e-030	5.06801e-031	1.13626e-031	5.21218e-033	1.01126e-033	1.08008e-034	2.30229e-035	6.54642e-037	1.43698e-037	1.57589e-038	3.00999e-039	1.77206e-040	3.77715e-041	2.63474e-042	5.49388e-043	2.80399e-044	5.67892e-045	8.05609e-046	1.80029e-046	2.33158e-047	5.14699e-048	
Carex_grandiligulata	0	0	0	0	0	1	0	0	0	0	0	0	0	0	0	0	0	0	0	0	0	0	0	0	0	0	0	0	0	0	0	0	0	0	0	0	0	0	0	0	0	0	0	0	0	0	0	0	0	0	0	0	0	0	0	0	0	0	0	0	0	0	
Carex_pachygyna	0	0	0	0	0	1	0	0	0	0	0	0	0	0	0	0	0	0	0	0	0	0	0	0	0	0	0	0	0	0	0	0	0	0	0	0	0	0	0	0	0	0	0	0	0	0	0	0	0	0	0	0	0	0	0	0	0	0	0	0	0	0	
Carex_siderosticta	0	0	0	0	0	1	0	0	0	0	0	0	0	0	0	0	0	0	0	0	0	0	0	0	0	0	0	0	0	0	0	0	0	0	0	0	0	0	0	0	0	0	0	0	0	0	0	0	0	0	0	0	0	0	0	0	0	0	0	0	0	0	
Carex_scaposa	0	0	0	0	0	0	0	0	0	0	0	1	0	0	0	0	0	0	0	0	0	0	0	0	0	0	0	0	0	0	0	0	0	0	0	0	0	0	0	0	0	0	0	0	0	0	0	0	0	0	0	0	0	0	0	0	0	0	0	0	0	0	
N7	1.55356e-007	1.71582e-006	9.06382e-006	3.175e-005	8.47316e-005	0.000192674	0.000369416	0.000652527	0.00105313	0.00158622	0.00225481	0.00312328	0.00404238	0.00519875	0.00642299	0.00774733	0.00907979	0.0106216	0.0117921	0.013256	0.014427	0.0155729	0.0164996	0.0177664	0.0183014	0.0195025	0.0202442	0.0211434	0.0217435	0.0229173	0.0230258	0.024021	0.0242362	0.0247131	0.0246985	0.0253967	0.0248551	0.0254302	0.0251533	0.0253037	0.0249067	0.0253278	0.0245132	0.0248401	0.0242945	0.0242253	0.0236305	0.0238423	0.0228961	0.0230574	0.0224243	0.0222691	0.0216148	0.0217228	0.0207976	0.0208827	0.0202317	0.0200446	0.0194005	0.0194465	0.0185658	0.0185932	
N8	2.26367e-013	2.92778e-011	1.0561e-009	1.45977e-008	1.08167e-007	5.65198e-007	2.06317e-006	6.10757e-006	1.44842e-005	2.97542e-005	5.81187e-005	0.000109033	0.000180013	0.00028874	0.000440048	0.000650508	0.000896888	0.00119497	0.00144268	0.00180213	0.00220277	0.0027664	0.00342034	0.00432757	0.00504587	0.00605102	0.00686899	0.00788265	0.00887793	0.0104868	0.0117784	0.0139307	0.0156493	0.0176143	0.0188851	0.0205354	0.0206146	0.0215046	0.0213517	0.0216268	0.0214398	0.0223176	0.0222777	0.0238099	0.0248207	0.0268374	0.0285263	0.0315879	0.0330279	0.036117	0.0375775	0.0395433	0.0399992	0.0415406	0.0405501	0.041352	0.0404064	0.040445	0.0395405	0.0402761	0.0391939	0.0402756	
N9	1.30694e-014	2.01658e-012	8.88106e-011	1.53164e-009	1.4418e-008	8.76521e-008	3.81294e-007	1.28779e-006	3.53785e-006	8.67403e-006	1.92473e-005	3.83253e-005	6.91587e-005	0.000120972	0.000200353	0.000307476	0.000437122	0.000597605	0.000793879	0.00108548	0.00148096	0.00199128	0.00258039	0.00324925	0.00387374	0.00463703	0.0054827	0.00655443	0.00788469	0.00959914	0.0112705	0.0131503	0.0146598	0.0158507	0.0165292	0.0170648	0.0170333	0.0173165	0.0175077	0.0180952	0.0189883	0.020728	0.022641	0.0256756	0.0288826	0.0325242	0.0359251	0.0395777	0.0416334	0.0439976	0.0449263	0.0454462	0.0451128	0.0451867	0.0436608	0.0430575	0.0411998	0.0392252	0.0364543	0.0343802	0.031372	0.0299093	
N10	8.04656e-015	1.02798e-012	4.06291e-011	6.92481e-010	6.70402e-009	4.2669e-008	1.96902e-007	7.05645e-007	2.16542e-006	5.71516e-006	1.30287e-005	2.72928e-005	5.39329e-005	9.87082e-005	0.000162481	0.000244523	0.000356752	0.000531011	0.000801497	0.00119351	0.00167385	0.00218207	0.00269831	0.00328368	0.00401916	0.00507893	0.00651441	0.00830576	0.0103091	0.0122876	0.0137741	0.0146949	0.0149352	0.014744	0.0144484	0.0144591	0.0149118	0.0163596	0.0188739	0.0226363	0.0275639	0.0334453	0.0391256	0.0446246	0.0487581	0.0513451	0.0522942	0.0521304	0.0501506	0.0479841	0.0449741	0.0417794	0.0384136	0.0353727	0.0317365	0.0286722	0.0253579	0.0223357	0.0194941	0.0172385	0.0147302	0.0127916	
Trichophorum_alpinum	0	0	0	0	0	0	0	0	0	0	0	0	0	0	0	0	0	0	0	0	0	0	0	0	0	0	0	0	1	0	0	0	0	0	0	0	0	0	0	0	0	0	0	0	0	0	0	0	0	0	0	0	0	0	0	0	0	0	0	0	0	0	
Trichophorum_pumilum	0	0	0	0	0	0	0	0	0	0	0	0	0	0	0	0	0	0	0	0	0	0	0	0	0	0	0	0	0	0	0	0	0	0	0	0	0	0	1	0	0	0	0	0	0	0	0	0	0	0	0	0	0	0	0	0	0	0	0	0	0	0	
Trichophorum_cespitosum	0	0	0	0	0	0	0	0	0	0	0	0	0	0	0	0	0	0	0	0	0	0	0	0	0	0	0	0	0	0	0	0	0	0	0	0	0	0	0	0	0	0	0	0	0	0	0	0	0	0	0	1	0	0	0	0	0	0	0	0	0	0	
Trichophorum_uniflorum	0	0	0	0	0	0	0	0	0	0	0	0	0	0	0	0	0	0	0	0	0	0	0	0	0	0	0	0	0	0	0	0	0	0	0	0	1	0	0	0	0	0	0	0	0	0	0	0	0	0	0	0	0	0	0	0	0	0	0	0	0	0	
N11	3.29841e-008	5.23654e-007	3.75426e-006	1.66588e-005	5.35402e-005	0.000139095	0.00029822	0.000567986	0.000971723	0.00152089	0.00221729	0.0030952	0.00402874	0.00514976	0.00633143	0.00758384	0.00886418	0.010353	0.011553	0.013071	0.0143858	0.0157106	0.0168659	0.0183252	0.0190867	0.0204062	0.0212519	0.0221816	0.0227988	0.0238914	0.0240031	0.0248756	0.0250479	0.0254009	0.0253242	0.0258488	0.0252647	0.0256642	0.0253421	0.0253634	0.0249597	0.0252822	0.0245022	0.0247589	0.0242451	0.0241207	0.0235385	0.0236718	0.0227222	0.0227865	0.02211	0.0218519	0.0211386	0.0211255	0.0201459	0.0201107	0.0193949	0.0191082	0.0184071	0.018348	0.0174391	0.0173733	
N12	2.63245e-011	3.49591e-009	1.23395e-007	1.57621e-006	1.56838e-005	5.49013e-005	0.00013521	0.000314344	0.00103987	0.00354251	0.0069163	0.00854862	0.00866915	0.00885906	0.00826104	0.00694819	0.00679494	0.00982204	0.0178872	0.0451276	0.100561	0.163986	0.190243	0.17238	0.11723	0.0686757	0.0328562	0.0137939	0.00499798	0.00167824	0.000483233	0.000134015	3.30689e-005	7.74234e-006	1.65968e-006	3.4763e-007	6.52237e-008	1.22624e-008	2.11888e-009	3.58064e-010	5.67169e-011	8.98568e-012	1.3033e-012	1.92581e-013	2.65497e-014	3.63788e-015	4.73436e-016	6.23242e-017	7.59362e-018	9.51748e-019	1.12384e-019	1.33068e-020	1.50569e-021	1.73602e-022	1.86792e-023	2.07731e-024	2.18789e-025	2.32481e-026	2.37409e-027	2.48117e-028	2.43896e-029	2.52735e-030	
Scirpus_lineatus	0	0	0	0	0	0	0	0	0	0	0	0	0	0	0	0	0	1	0	0	0	0	0	0	0	0	0	0	0	0	0	0	0	0	0	0	0	0	0	0	0	0	0	0	0	0	0	0	0	0	0	0	0	0	0	0	0	0	0	0	0	0	
Scirpus_pendulus	0	0	0	0	0	0	0	0	0	0	0	0	0	0	0	0	0	0	0	1	0	0	0	0	0	0	0	0	0	0	0	0	0	0	0	0	0	0	0	0	0	0	0	0	0	0	0	0	0	0	0	0	0	0	0	0	0	0	0	0	0	0	
N13	1.07182e-017	6.27601e-015	7.00624e-013	2.60439e-011	3.69969e-010	2.81514e-009	1.73674e-008	9.3571e-008	3.22935e-007	9.00575e-007	2.15589e-006	4.26079e-006	7.8008e-006	1.61488e-005	3.5502e-005	7.32991e-005	0.000125921	0.000194252	0.000271583	0.000390295	0.00054559	0.000731591	0.000906769	0.00109548	0.00122877	0.00144969	0.00172695	0.00220817	0.00294735	0.00426924	0.00602388	0.00833442	0.0104699	0.0126953	0.0144837	0.0165922	0.0177012	0.0196336	0.0209864	0.0229658	0.0247745	0.0276168	0.0289582	0.031486	0.0325374	0.0338632	0.0339871	0.034946	0.033832	0.0342283	0.0333319	0.0332887	0.0326756	0.0336618	0.0335159	0.0357463	0.0375709	0.0414295	0.0457095	0.0535605	0.0610541	0.0741073	
N14	3.90804e-019	1.75247e-016	1.95571e-014	7.45777e-013	1.37032e-011	1.57715e-010	1.26236e-009	6.812e-009	2.72431e-008	8.88506e-008	2.52615e-007	6.87077e-007	1.86597e-006	4.84349e-006	1.10585e-005	2.15415e-005	3.71091e-005	5.95409e-005	9.10625e-005	0.000133616	0.000185463	0.000245604	0.000320903	0.000429964	0.000600982	0.000895275	0.00139532	0.00220952	0.00343705	0.00510072	0.00702571	0.00896897	0.0107262	0.01227	0.0136733	0.0150905	0.0164752	0.0180761	0.0197321	0.0214119	0.0229553	0.0242371	0.0248491	0.0251921	0.0251171	0.0248778	0.0247146	0.0249589	0.0253948	0.0266994	0.0286138	0.0313124	0.0348446	0.0393039	0.0436319	0.04834	0.0520757	0.0550515	0.0576762	0.0618642	0.0662205	0.0734366	
N15	5.08253e-019	2.03482e-016	2.10914e-014	7.74993e-013	1.40552e-011	1.6095e-010	1.26772e-009	6.77917e-009	2.70247e-008	8.81786e-008	2.5304e-007	6.97543e-007	1.90733e-006	4.92597e-006	1.11349e-005	2.15459e-005	3.70648e-005	5.94862e-005	9.08951e-005	0.00013285	0.000183745	0.000243488	0.000320233	0.000433648	0.00061456	0.00092666	0.00145601	0.0023104	0.00358108	0.00526802	0.00718175	0.00908784	0.0108014	0.0123102	0.0137026	0.0151131	0.0165242	0.0181312	0.0197854	0.0214283	0.0228992	0.0240491	0.0245733	0.0248077	0.0246822	0.0244361	0.0243397	0.0246625	0.0252769	0.0267503	0.0288936	0.0318051	0.0355662	0.0401166	0.0445163	0.0491026	0.0527818	0.05579	0.0588302	0.0632665	0.067117	0.0659724	
Scirpus_maximowiczii	0	0	0	0	0	0	0	0	0	0	0	0	0	0	0	0	0	0	0	0	0	0	0	0	0	0	0	0	0	0	0	1	0	0	0	0	0	0	0	0	0	0	0	0	0	0	0	0	0	0	0	0	0	0	0	0	0	0	0	0	0	0	
N16	3.13398e-019	1.46739e-016	1.64098e-014	7.33647e-013	1.43116e-011	1.49441e-010	1.04065e-009	9.41282e-009	6.29718e-008	2.05319e-007	5.17072e-007	1.34513e-006	2.80162e-006	4.99585e-006	1.14656e-005	4.06811e-005	0.000155249	0.000455849	0.000930079	0.00136464	0.00159015	0.00169557	0.00194152	0.0024794	0.00314591	0.0035589	0.00341484	0.00283345	0.00218855	0.00181021	0.00195531	0.0032114	0.00708586	0.0163046	0.0339984	0.0611457	0.0927939	0.121427	0.136799	0.134206	0.11658	0.0912784	0.0636497	0.041265	0.0244594	0.0134515	0.0068873	0.00334502	0.00148708	0.000638628	0.000254927	9.68032e-005	3.46583e-005	1.20399e-005	3.86242e-006	1.22537e-006	3.64619e-007	1.05434e-007	2.90329e-008	7.93102e-009	2.02309e-009	5.29502e-010	
N17	9.79687e-021	7.53485e-018	1.2401e-015	9.16132e-014	2.04096e-012	2.44449e-011	3.63265e-010	3.82876e-009	1.6262e-008	6.15786e-008	2.05779e-007	4.76241e-007	1.19566e-006	5.30541e-006	2.99481e-005	0.000127404	0.00031676	0.000479805	0.000554646	0.000646964	0.000837869	0.00110727	0.00131781	0.00129224	0.00102306	0.000726995	0.000632437	0.00092446	0.00189123	0.00473593	0.0138366	0.0377967	0.0820587	0.13633	0.17555	0.179337	0.147925	0.101604	0.058906	0.0294268	0.0128777	0.00507221	0.0017791	0.000589642	0.000182584	5.39079e-005	1.55576e-005	4.65324e-006	1.23731e-006	3.61866e-007	1.01419e-007	2.72388e-008	7.61061e-009	2.19802e-009	5.69863e-010	1.54301e-010	3.78011e-011	8.59103e-012	1.80386e-012	3.63134e-013	6.58939e-014	1.23596e-014	
Scirpus_polyphyllus	0	0	0	0	0	0	0	0	0	0	0	0	0	0	0	0	0	0	0	0	0	0	0	0	0	0	0	0	1	0	0	0	0	0	0	0	0	0	0	0	0	0	0	0	0	0	0	0	0	0	0	0	0	0	0	0	0	0	0	0	0	0	
N18	9.28548e-031	4.01581e-026	3.02073e-022	3.44635e-020	4.94862e-018	1.54016e-015	9.79646e-013	2.07031e-013	2.79634e-011	1.36294e-011	2.29935e-011	1.09859e-009	6.28268e-007	5.38909e-006	1.1449e-006	1.60138e-007	1.59613e-006	6.19717e-006	1.20565e-005	2.70838e-006	2.42537e-007	1.21943e-008	3.44884e-008	7.47808e-007	5.52401e-005	0.00786843	0.127354	0.457524	0.313054	0.0822809	0.0109314	0.000855945	4.34566e-005	1.53521e-006	4.00366e-008	8.21806e-010	1.3953e-011	2.19343e-013	3.41345e-015	5.18072e-017	7.83429e-019	1.1321e-020	1.37398e-022	1.60579e-024	1.68265e-026	1.5358e-028	1.35568e-030	1.14317e-032	8.55548e-035	6.58864e-037	4.65515e-039	3.15796e-041	1.99185e-043	1.22833e-045	6.7092e-048	3.69539e-050	1.80301e-052	8.93509e-055	3.92677e-057	1.80175e-059	7.21876e-062	3.11408e-064	
N19	5.739e-034	4.26479e-029	5.1488e-025	1.54238e-022	2.90334e-020	5.35105e-017	5.15298e-015	6.54094e-015	6.45742e-013	1.95737e-013	1.6121e-012	7.46913e-010	3.40287e-007	6.13354e-007	7.49646e-008	2.62071e-008	4.42213e-007	1.47511e-006	1.1553e-006	1.4577e-007	6.75383e-009	5.28284e-010	3.14993e-009	1.26566e-006	0.000954651	0.0658639	0.341978	0.422244	0.147163	0.0203509	0.00138495	5.33958e-005	1.28277e-006	2.06569e-008	2.3736e-010	2.08978e-012	1.57926e-014	2.31427e-016	1.90817e-017	1.30869e-018	6.18037e-020	4.53262e-021	8.44849e-023	1.92735e-024	5.04447e-026	3.43885e-028	5.58752e-030	7.11515e-032	2.51619e-034	3.49624e-036	2.97478e-038	4.87035e-040	8.00817e-042	4.35436e-043	4.81206e-045	2.18256e-046	1.17418e-048	4.59852e-050	1.50428e-052	5.33289e-054	1.92792e-056	6.24919e-058	
Scirpus_atrovirens	0	0	0	0	0	0	0	0	0	0	0	0	0	0	0	0	0	0	0	0	0	0	0	0	1	0	0	0	0	0	0	0	0	0	0	0	0	0	0	0	0	0	0	0	0	0	0	0	0	0	0	0	0	0	0	0	0	0	0	0	0	0	
Scirpus_georgianus	0	0	0	0	0	0	0	0	0	0	0	0	0	0	0	0	0	0	0	0	0	0	0	0	0	1	0	0	0	0	0	0	0	0	0	0	0	0	0	0	0	0	0	0	0	0	0	0	0	0	0	0	0	0	0	0	0	0	0	0	0	0	
N20	1.95026e-051	1.1956e-043	1.03681e-036	3.15513e-034	2.54074e-030	4.52559e-026	4.97302e-021	3.11434e-023	1.18237e-017	1.25028e-020	1.74877e-022	1.55109e-017	4.70332e-014	2.12762e-010	2.90888e-014	1.61691e-017	8.32177e-016	1.45495e-010	1.44915e-009	1.16891e-012	4.68001e-016	9.39005e-020	1.04662e-021	3.20223e-018	3.58101e-012	1.45963e-006	0.140147	0.859489	0.000362702	4.0292e-008	1.88443e-012	7.27939e-017	8.64119e-021	9.50226e-025	7.10138e-029	3.42601e-033	7.02389e-038	7.69052e-043	3.00092e-048	1.61387e-041	4.93273e-032	3.28193e-032	1.34348e-032	1.19582e-032	1.06783e-032	1.773e-032	2.32289e-032	4.11516e-032	4.56481e-032	6.72863e-032	5.89721e-032	7.21625e-032	4.81718e-032	5.09577e-032	2.59425e-032	2.50451e-032	1.13897e-032	1.11711e-032	7.51696e-033	9.58095e-033	1.0928e-032	1.42332e-032	
Scirpus_flaccidifolius	0	0	0	0	0	0	0	0	0	0	0	0	0	0	0	0	0	0	0	0	0	0	0	0	0	0	1	0	0	0	0	0	0	0	0	0	0	0	0	0	0	0	0	0	0	0	0	0	0	0	0	0	0	0	0	0	0	0	0	0	0	0	
Scirpus_pallidus	0	0	0	0	0	0	0	0	0	0	0	0	0	0	0	0	0	0	0	0	0	0	0	0	0	0	0	1	0	0	0	0	0	0	0	0	0	0	0	0	0	0	0	0	0	0	0	0	0	0	0	0	0	0	0	0	0	0	0	0	0	0	
Scirpus_ancistrochaetus	0	0	0	0	0	0	0	0	0	0	0	0	0	0	0	0	0	0	0	0	0	0	0	0	0	0	1	0	0	0	0	0	0	0	0	0	0	0	0	0	0	0	0	0	0	0	0	0	0	0	0	0	0	0	0	0	0	0	0	0	0	0	
N21	1.3443e-018	3.95434e-016	3.33017e-014	1.00097e-012	1.79618e-011	2.08062e-010	1.37911e-009	7.54492e-009	3.01976e-008	1.3147e-007	5.59212e-007	1.67823e-006	3.55809e-006	6.54816e-006	1.28966e-005	2.61236e-005	4.84702e-005	8.07754e-005	0.000131151	0.000246757	0.000552508	0.00122533	0.00235164	0.00377382	0.00510622	0.00598711	0.0062612	0.00605822	0.0057435	0.00565826	0.00590996	0.00647996	0.00707029	0.00753719	0.00792987	0.00833379	0.00867391	0.00895433	0.00911208	0.009452	0.0108338	0.0145962	0.0216927	0.032684	0.0463775	0.0606988	0.0732207	0.0825418	0.0857647	0.0853377	0.0796777	0.0706439	0.0592466	0.0477514	0.0356631	0.0259134	0.01768	0.0115408	0.00717481	0.00435588	0.00246851	0.00140611	
Scirpus_radicans	0	0	0	0	0	0	0	0	0	0	0	0	0	0	0	0	0	0	0	0	0	0	0	0	0	0	0	1	0	0	0	0	0	0	0	0	0	0	0	0	0	0	0	0	0	0	0	0	0	0	0	0	0	0	0	0	0	0	0	0	0	0	
N22	7.76566e-021	4.95342e-018	7.78581e-016	3.83762e-014	1.34068e-012	1.44002e-011	1.09174e-010	7.18374e-010	8.26615e-009	4.83309e-008	1.26018e-007	3.2633e-007	1.08858e-006	2.5464e-006	3.76801e-006	5.79868e-006	1.86889e-005	9.02914e-005	0.000343558	0.000837558	0.00130334	0.00138665	0.00115282	0.00093958	0.000979768	0.00132048	0.00185536	0.00234231	0.00252385	0.00230541	0.00177392	0.0011905	0.000784645	0.000742487	0.00146087	0.00436311	0.0129078	0.0320635	0.0637727	0.102267	0.134619	0.149366	0.140314	0.116307	0.0851685	0.0565831	0.0347568	0.0205613	0.0113297	0.00622171	0.00323342	0.00158007	0.000723218	0.000310894	0.000119507	4.39341e-005	1.48708e-005	4.72087e-006	1.42629e-006	4.19035e-007	1.1453e-007	3.18375e-008	
N23	1.07104e-022	1.11053e-019	2.16423e-017	2.47836e-015	4.06336e-014	7.81718e-013	8.83436e-012	2.54182e-010	1.8265e-009	4.19292e-009	2.18082e-008	8.82736e-008	1.40075e-007	1.96082e-007	1.04211e-006	1.23136e-005	7.89405e-005	0.000206941	0.000248744	0.000173343	0.000116623	0.000140426	0.00026645	0.000455315	0.000540544	0.000444782	0.000265847	0.000124137	5.38556e-005	4.03876e-005	0.000123936	0.00104695	0.00771779	0.03423	0.0936234	0.169007	0.212979	0.198001	0.141043	0.0799358	0.0372252	0.0147411	0.0050357	0.00154661	0.000429332	0.000109826	2.63554e-005	6.20651e-006	1.36924e-006	3.18072e-007	7.3991e-008	1.67955e-008	3.8144e-009	8.42233e-010	1.64814e-010	3.12451e-011	5.36608e-012	8.39667e-013	1.24117e-013	1.75667e-014	2.30419e-015	3.09279e-016	
Scirpus_sylvaticus	0	0	0	0	0	0	0	0	0	0	0	0	0	0	0	0	0	0	0	0	0	0	0	0	0	0	0	0	0	0	1	0	0	0	0	0	0	0	0	0	0	0	0	0	0	0	0	0	0	0	0	0	0	0	0	0	0	0	0	0	0	0	
Scirpus_microcarpus	0	0	0	0	0	0	0	0	0	0	0	0	0	0	0	0	0	0	0	0	0	0	0	0	0	0	0	0	0	0	0	1	0	0	0	0	0	0	0	0	0	0	0	0	0	0	0	0	0	0	0	0	0	0	0	0	0	0	0	0	0	0	
Scirpus_expansus	0	0	0	0	0	0	0	0	0	0	0	0	0	0	0	0	0	0	0	0	0	0	0	0	0	0	0	0	0	0	0	1	0	0	0	0	0	0	0	0	0	0	0	0	0	0	0	0	0	0	0	0	0	0	0	0	0	0	0	0	0	0	
N24	1.33854e-018	5.13972e-016	4.95644e-014	1.68301e-012	2.73673e-011	2.87289e-010	2.24315e-009	1.1288e-008	4.22974e-008	1.27767e-007	3.26542e-007	8.33787e-007	2.27418e-006	6.05605e-006	1.39694e-005	2.66792e-005	4.44725e-005	7.00365e-005	0.000107024	0.000156991	0.000214501	0.000272408	0.000335183	0.000425537	0.000579936	0.000864581	0.00136324	0.00218625	0.00344715	0.0052014	0.00730386	0.00942214	0.0112901	0.012857	0.0142279	0.015624	0.0170693	0.0188273	0.0207448	0.0227567	0.0247056	0.0264152	0.0273993	0.0280678	0.0281987	0.0279837	0.027695	0.0276704	0.0276986	0.028582	0.030077	0.0323751	0.0354806	0.0393497	0.0428064	0.0462527	0.0485091	0.0501488	0.0518866	0.0556773	0.0600889	0.0674893	
N25	5.89296e-019	1.9349e-016	1.76419e-014	5.26964e-013	8.56854e-012	1.22545e-010	8.01009e-010	4.47135e-009	1.80864e-008	6.12862e-008	2.67038e-007	1.01613e-006	2.5777e-006	4.6597e-006	7.79359e-006	1.49456e-005	2.98706e-005	5.38209e-005	8.47149e-005	0.000126273	0.000215933	0.000466153	0.00106152	0.00214099	0.00359594	0.00505603	0.0060824	0.00643114	0.00618296	0.00564784	0.0052207	0.00538909	0.00602461	0.00680247	0.00742745	0.00775295	0.00773806	0.00762149	0.007453	0.00724704	0.00702593	0.0070404	0.00762839	0.00953699	0.0134614	0.0200685	0.0295299	0.0416485	0.0543123	0.0674966	0.0780303	0.0849793	0.0867375	0.084396	0.075418	0.0650414	0.0521903	0.0397869	0.0286252	0.019966	0.0128965	0.00830007	
Scirpus_polystachyus	0	0	0	0	0	0	0	0	0	0	0	0	0	0	0	0	0	0	0	0	0	0	0	0	0	0	0	0	0	1	0	0	0	0	0	0	0	0	0	0	0	0	0	0	0	0	0	0	0	0	0	0	0	0	0	0	0	0	0	0	0	0	
N26	4.07948e-021	2.65634e-018	4.32619e-016	2.09469e-014	7.84092e-013	9.11619e-012	8.41253e-011	4.19598e-010	2.53518e-009	2.15395e-008	9.87997e-008	2.37043e-007	5.21643e-007	1.50315e-006	3.75063e-006	6.41253e-006	8.84221e-006	1.54849e-005	4.97305e-005	0.000194701	0.000592047	0.00123867	0.00180621	0.00195036	0.00170857	0.00139171	0.00126731	0.00144816	0.00190941	0.00245633	0.00279111	0.00278898	0.00244259	0.00189794	0.00135713	0.000965718	0.000813223	0.00108599	0.00245492	0.00668581	0.0167477	0.0355567	0.0626143	0.0936952	0.119381	0.132069	0.128121	0.111683	0.0867674	0.0631681	0.0428154	0.0278483	0.0173993	0.0106191	0.00599072	0.00325577	0.00162981	0.000759374	0.000331673	0.000138877	5.37948e-005	2.08406e-005	
Scirpus_longii	0	0	0	0	0	0	0	0	0	0	0	0	0	0	0	0	0	0	0	0	0	0	0	0	0	0	0	0	0	0	0	0	1	0	0	0	0	0	0	0	0	0	0	0	0	0	0	0	0	0	0	0	0	0	0	0	0	0	0	0	0	0	
N27	1.3277e-024	2.74986e-021	1.18032e-018	9.36219e-017	6.33653e-015	1.36985e-013	6.68237e-013	1.10085e-011	3.96752e-010	1.76507e-009	2.78428e-009	1.78513e-008	7.63034e-008	1.00812e-007	8.15072e-008	2.70231e-007	3.64388e-006	3.88115e-005	0.000151851	0.000235427	0.000177482	8.31784e-005	4.76762e-005	7.98313e-005	0.000194913	0.000342701	0.000381445	0.00028677	0.000159252	7.01914e-005	2.60736e-005	9.8085e-006	1.44401e-005	0.000161976	0.00195584	0.0132585	0.0509071	0.121303	0.192588	0.216683	0.18128	0.117842	0.0611571	0.0264545	0.0097239	0.00313608	0.000910387	0.000249042	6.39088e-005	1.65056e-005	4.16773e-006	1.00821e-006	2.31291e-007	4.95572e-008	9.39209e-009	1.66647e-009	2.68754e-010	3.95446e-011	5.50375e-012	7.31416e-013	9.00732e-014	1.11838e-014	
Scirpus_pedicellatus	0	0	0	0	0	0	0	0	0	0	0	0	0	0	0	0	0	0	0	0	0	0	0	0	0	0	0	0	0	0	0	0	0	1	0	0	0	0	0	0	0	0	0	0	0	0	0	0	0	0	0	0	0	0	0	0	0	0	0	0	0	0	
N28	5.86945e-030	5.89736e-026	8.67489e-023	2.37907e-020	1.19475e-018	1.62967e-016	5.84882e-016	6.80154e-014	3.67693e-012	2.81931e-012	5.77289e-011	4.40163e-010	2.80842e-010	1.24979e-010	2.35491e-009	1.06933e-007	5.40096e-006	1.3221e-005	6.27319e-006	1.17368e-006	3.31735e-007	1.38562e-006	1.34127e-005	2.57321e-005	1.64399e-005	5.04452e-006	1.01145e-006	1.69798e-007	2.95577e-008	1.17469e-008	1.55787e-007	2.77762e-005	0.00279265	0.0554342	0.219018	0.328915	0.247437	0.108669	0.0306901	0.00597831	0.000847928	9.19214e-005	7.93725e-006	5.82843e-007	3.97259e-008	2.81803e-009	2.32908e-010	2.26474e-011	1.9841e-012	1.7581e-013	1.44149e-014	9.78264e-016	6.58911e-017	4.16986e-018	2.263e-019	1.23636e-020	6.17421e-022	2.72142e-023	1.14765e-024	4.47093e-026	1.59423e-027	5.7027e-029	
Scirpus_atrocinctus	0	0	0	0	0	0	0	0	0	0	0	0	0	0	0	0	0	0	0	0	0	0	0	0	0	0	0	0	0	0	0	0	0	1	0	0	0	0	0	0	0	0	0	0	0	0	0	0	0	0	0	0	0	0	0	0	0	0	0	0	0	0	
Scirpus_cyperinus	0	0	0	0	0	0	0	0	0	0	0	0	0	0	0	0	0	0	0	0	0	0	0	0	0	0	0	0	0	0	0	0	1	0	0	0	0	0	0	0	0	0	0	0	0	0	0	0	0	0	0	0	0	0	0	0	0	0	0	0	0	0	
N29	9.48346e-020	4.07877e-017	4.60591e-015	1.67566e-013	4.2251e-012	4.38617e-011	3.24809e-010	1.57811e-009	7.69184e-009	5.10094e-008	2.34162e-007	6.11675e-007	1.22608e-006	2.61884e-006	5.39896e-006	8.77669e-006	1.14255e-005	1.5606e-005	3.22782e-005	9.61963e-005	0.00029234	0.000738085	0.00144703	0.00219397	0.0026469	0.00271651	0.00263209	0.00270503	0.00311783	0.0038398	0.00463406	0.00523274	0.0053141	0.00480832	0.00391109	0.00294628	0.00219287	0.00188122	0.0021906	0.00347307	0.00648087	0.0124251	0.0223583	0.0370366	0.0552259	0.0741623	0.0905227	0.101709	0.103619	0.0994921	0.0883586	0.0735047	0.0573674	0.0427251	0.0292901	0.0194742	0.0120905	0.0071609	0.00402003	0.00219921	0.00111818	0.000571242	
N30	1.86014e-024	4.63459e-021	2.31559e-018	1.81309e-016	2.30281e-014	2.05445e-013	1.93669e-012	1.50185e-011	5.02814e-010	3.48677e-009	4.2185e-009	1.37578e-008	6.63051e-008	1.23723e-007	1.42625e-007	4.12721e-007	4.45071e-006	3.76378e-005	0.000142579	0.000247594	0.000241314	0.000157926	0.000102026	0.000151127	0.000316086	0.000461406	0.000445283	0.000326276	0.000214014	0.000138726	9.00902e-005	7.51633e-005	0.000282115	0.00192185	0.00971098	0.0337458	0.0818301	0.144311	0.189841	0.192012	0.153458	0.0994755	0.0528917	0.0238348	0.00917453	0.00309021	0.000927339	0.000256021	6.47589e-005	1.57005e-005	3.57429e-006	7.68483e-007	1.54494e-007	2.93066e-008	5.04821e-009	8.28192e-010	1.258e-010	1.78997e-011	2.41148e-012	3.12674e-013	3.76059e-014	4.52006e-015	
N31	1.58395e-027	9.41293e-024	9.35117e-021	1.46092e-018	1.68334e-016	4.33448e-015	3.0304e-014	8.71078e-013	3.39492e-011	1.36144e-010	2.241e-010	1.66748e-009	5.94585e-009	8.73372e-009	1.62853e-008	1.82931e-007	2.78853e-006	1.94036e-005	4.94924e-005	5.68268e-005	3.88022e-005	2.25871e-005	2.8513e-005	6.51019e-005	0.000107044	0.000111829	8.02756e-005	4.68614e-005	2.59622e-005	1.50164e-005	1.43357e-005	7.97081e-005	0.000855328	0.00627631	0.0286372	0.083385	0.16141	0.21719	0.210468	0.151994	0.0842351	0.036841	0.0129558	0.00379226	0.000940721	0.000204553	4.03573e-005	8.00815e-006	1.40703e-006	2.82447e-007	5.8479e-008	9.84199e-009	1.86457e-009	3.70146e-010	4.71761e-011	8.1503e-012	1.34577e-012	1.94275e-013	3.87043e-014	7.76037e-015	1.27096e-015	1.86029e-016	
Eriophorum_angustifolium	0	0	0	0	0	0	0	0	0	0	0	0	0	0	0	0	0	0	0	0	0	0	0	0	0	0	0	0	1	0	0	0	0	0	0	0	0	0	0	0	0	0	0	0	0	0	0	0	0	0	0	0	0	0	0	0	0	0	0	0	0	0	
N32	2.06365e-029	1.38476e-025	1.35067e-022	4.36902e-020	2.47033e-018	1.35994e-016	1.45042e-015	1.04782e-013	2.33071e-012	5.83223e-012	2.96694e-011	2.3654e-010	5.77199e-010	9.21862e-010	6.64606e-009	1.64077e-007	2.15583e-006	8.83245e-006	1.30437e-005	9.45349e-006	5.44446e-006	5.6226e-006	1.26871e-005	2.45081e-005	2.80629e-005	2.04246e-005	1.11238e-005	5.52927e-006	3.16114e-006	3.71027e-006	2.81792e-005	0.000442321	0.00449932	0.0257612	0.0862747	0.178602	0.240512	0.220453	0.142859	0.067718	0.024193	0.00670455	0.00147792	0.000269692	4.2693e-005	6.39759e-006	1.06086e-006	2.49201e-007	5.35543e-008	1.39803e-008	3.66516e-009	6.31568e-010	1.24117e-010	2.34459e-011	2.72763e-012	4.13821e-013	5.9941e-014	7.01305e-015	1.25637e-015	2.26339e-016	3.4728e-017	4.77829e-018	
N33	3.69403e-031	4.25867e-027	3.55562e-024	4.09825e-021	5.02716e-019	2.01298e-018	7.34809e-016	4.80309e-014	1.02899e-013	8.17038e-012	1.58919e-011	6.99847e-012	9.11942e-011	5.4801e-009	2.40916e-007	4.2503e-007	1.5332e-007	3.40044e-008	9.27621e-008	8.29807e-007	2.47882e-006	3.08087e-006	2.0445e-006	7.73308e-007	1.96023e-007	1.49064e-007	1.60069e-006	0.000119735	0.00806245	0.107025	0.30566	0.332676	0.179208	0.0551429	0.0106044	0.00135871	0.000122407	8.38866e-006	5.26714e-007	3.91304e-008	3.88651e-009	4.12543e-010	3.62589e-011	2.91593e-012	2.05914e-013	1.17331e-014	6.27813e-016	3.02673e-017	1.2292e-018	5.02368e-020	1.92493e-021	6.88194e-023	2.48834e-024	8.75922e-026	2.82544e-027	9.10149e-029	2.63806e-030	7.55595e-032	1.93505e-033	5.03572e-035	1.14449e-036	2.76346e-038	
Eriophorum_callitrix	0	0	0	0	0	0	0	0	0	0	0	0	0	0	0	0	0	0	0	0	0	0	0	0	0	0	0	0	0	1	0	0	0	0	0	0	0	0	0	0	0	0	0	0	0	0	0	0	0	0	0	0	0	0	0	0	0	0	0	0	0	0	
N34	3.82088e-038	4.18912e-033	3.70739e-029	5.24293e-026	5.37042e-023	1.16423e-021	3.76541e-018	7.50325e-018	1.16548e-016	5.8195e-015	8.72533e-016	3.20054e-015	2.83783e-012	8.46877e-010	6.08703e-009	5.22989e-010	1.7864e-011	1.13765e-010	3.78282e-008	6.3196e-008	1.5677e-008	1.35271e-009	8.7214e-011	6.56191e-012	2.38698e-011	2.29405e-008	4.21579e-005	0.0227064	0.476741	0.396806	0.0940387	0.00920713	0.000446295	1.19965e-005	1.93999e-007	2.02166e-009	1.48938e-011	1.089e-013	2.05475e-015	6.03413e-017	1.7895e-018	4.89885e-020	8.75731e-022	1.44653e-023	2.09878e-025	1.93184e-027	1.84382e-029	1.48835e-031	7.33311e-034	4.59692e-036	2.28608e-038	8.80978e-041	5.76287e-043	5.50907e-045	4.71325e-047	5.60602e-049	4.61589e-051	4.41287e-053	2.91415e-055	2.08436e-057	9.98077e-060	5.2593e-062	
Scirpus_hattorianus	0	0	0	0	0	0	0	0	0	0	0	0	0	0	0	0	0	0	0	0	0	0	0	0	0	0	0	1	0	0	0	0	0	0	0	0	0	0	0	0	0	0	0	0	0	0	0	0	0	0	0	0	0	0	0	0	0	0	0	0	0	0	
Eriophorum_vaginatum	0	0	0	0	0	0	0	0	0	0	0	0	0	0	0	0	0	0	0	0	0	0	0	0	0	0	0	0	1	0	0	0	0	0	0	0	0	0	0	0	0	0	0	0	0	0	0	0	0	0	0	0	0	0	0	0	0	0	0	0	0	0	
N35	1.65202e-031	1.77369e-027	1.50738e-024	1.48413e-021	5.84604e-020	1.62284e-018	6.43433e-017	8.58032e-015	5.99077e-014	2.96576e-013	5.69983e-012	2.35206e-011	3.95329e-011	3.7347e-010	1.3465e-008	2.32414e-007	9.28346e-007	1.04831e-006	5.2876e-007	3.10784e-007	6.80327e-007	1.85336e-006	2.88198e-006	2.5248e-006	1.62902e-006	1.08204e-006	7.33138e-007	8.0081e-007	8.38857e-006	0.000209895	0.00352191	0.0278043	0.108124	0.2268	0.277124	0.209602	0.103017	0.0342582	0.00798014	0.00134474	0.000170127	1.75891e-005	1.84896e-006	3.09642e-007	8.0999e-008	1.84182e-008	4.02483e-009	8.00052e-010	1.15428e-010	1.62925e-011	2.05865e-012	1.90805e-013	1.85649e-014	1.6596e-015	1.22124e-016	1.12049e-017	1.03173e-018	9.25325e-020	8.15575e-021	6.49612e-022	4.50054e-023	2.97736e-024	
N36	6.04678e-032	4.0328e-028	3.66506e-025	2.18482e-022	1.99519e-020	4.26716e-019	3.93494e-017	2.39491e-015	1.60669e-014	2.90512e-013	2.51491e-012	6.85394e-012	3.16965e-011	8.18609e-010	2.55585e-008	1.84084e-007	3.35621e-007	2.26125e-007	1.31974e-007	2.09586e-007	5.6087e-007	1.04516e-006	1.08231e-006	7.40382e-007	4.49785e-007	2.98013e-007	3.6202e-007	4.2266e-006	0.00016499	0.00324957	0.0273973	0.110252	0.23425	0.283724	0.207798	0.0964648	0.0295185	0.00616036	0.000904668	9.66911e-005	7.97873e-006	6.3001e-007	7.98306e-008	2.08118e-008	8.00163e-009	2.19716e-009	6.14659e-010	1.7611e-010	2.90041e-011	5.37872e-012	9.53277e-013	9.06147e-014	1.15595e-014	1.29483e-015	7.41103e-017	7.37249e-018	6.64086e-019	7.41925e-020	1.59787e-020	3.36043e-021	5.58394e-022	7.64395e-023	
Eriophorum_brachyantherum	0	0	0	0	0	0	0	0	0	0	0	0	0	0	0	0	0	0	0	0	0	0	0	0	0	0	0	0	1	0	0	0	0	0	0	0	0	0	0	0	0	0	0	0	0	0	0	0	0	0	0	0	0	0	0	0	0	0	0	0	0	0	
Eriophorum_scheuchzeri	0	0	0	0	0	0	0	0	0	0	0	0	0	0	0	0	0	0	0	0	0	0	0	0	0	0	0	0	1	0	0	0	0	0	0	0	0	0	0	0	0	0	0	0	0	0	0	0	0	0	0	0	0	0	0	0	0	0	0	0	0	0	
Eriophorum_chamissonis	0	0	0	0	0	0	0	0	0	0	0	0	0	0	0	0	0	0	0	0	0	0	0	0	0	0	0	0	0	1	0	0	0	0	0	0	0	0	0	0	0	0	0	0	0	0	0	0	0	0	0	0	0	0	0	0	0	0	0	0	0	0	
Eriophorum_latifolium	0	0	0	0	0	0	0	0	0	0	0	0	0	0	0	0	0	0	0	0	0	0	0	0	0	0	1	0	0	0	0	0	0	0	0	0	0	0	0	0	0	0	0	0	0	0	0	0	0	0	0	0	0	0	0	0	0	0	0	0	0	0	
N37	2.63666e-020	1.53901e-017	1.96566e-015	1.30355e-013	2.25333e-012	2.18882e-011	2.31737e-010	3.17358e-009	1.47878e-008	4.94953e-008	1.9807e-007	5.26893e-007	9.21452e-007	2.3626e-006	1.33702e-005	7.38803e-005	0.000236671	0.000418937	0.000465364	0.000419838	0.00043685	0.000593837	0.000862448	0.00107414	0.0010486	0.000823323	0.000548772	0.000355627	0.000336176	0.000705125	0.00276534	0.0114384	0.0360918	0.082312	0.138734	0.178709	0.180535	0.148175	0.10086	0.0585281	0.0297662	0.0137756	0.00588756	0.00244179	0.0009777	0.000376601	0.000138489	4.83949e-005	1.54431e-005	4.6836e-006	1.31818e-006	3.44819e-007	8.5657e-008	2.03731e-008	4.50032e-009	9.79443e-010	2.02739e-010	4.04414e-011	7.82857e-012	1.49681e-012	2.70351e-013	5.01572e-014	
Eriophorum_virginicum	0	0	0	0	0	0	0	0	0	0	0	0	0	0	0	0	0	0	0	0	0	0	0	0	0	0	0	0	1	0	0	0	0	0	0	0	0	0	0	0	0	0	0	0	0	0	0	0	0	0	0	0	0	0	0	0	0	0	0	0	0	0	
Eriophorum_gracile	0	0	0	0	0	0	0	0	0	0	0	0	0	0	0	0	0	0	0	0	0	0	0	0	0	0	0	0	0	1	0	0	0	0	0	0	0	0	0	0	0	0	0	0	0	0	0	0	0	0	0	0	0	0	0	0	0	0	0	0	0	0	
N38	1.14541e-006	1.65325e-005	0.000103618	0.000392897	0.0010603	0.00230817	0.00407991	0.00646023	0.00919977	0.0121284	0.0150388	0.0183572	0.0206772	0.0235537	0.0255703	0.0273707	0.0284363	0.0302438	0.0300821	0.0313197	0.0312844	0.031579	0.0311128	0.0318082	0.030515	0.0309091	0.0299688	0.0294858	0.0281518	0.0278569	0.025804	0.0252376	0.0236337	0.0226471	0.0211572	0.020609	0.0189272	0.0184284	0.0172332	0.0165059	0.0153826	0.0149353	0.013709	0.0132967	0.0123855	0.0118402	0.0110411	0.0107222	0.00986171	0.00957915	0.00894868	0.00856875	0.00797864	0.00771265	0.0070553	0.00677325	0.00622711	0.00584568	0.00532028	0.00499947	0.00443766	0.00412327	
N39	7.63756e-008	1.9431e-006	1.89635e-005	0.000100178	0.000347229	0.000929735	0.00198376	0.00365554	0.00579612	0.00818487	0.0106899	0.0137728	0.016724	0.0209971	0.025531	0.0304538	0.0344546	0.0384864	0.0386614	0.0393122	0.0372876	0.0350584	0.0317518	0.0298161	0.0262853	0.0249987	0.0232572	0.0227853	0.0224134	0.0238691	0.0243562	0.0270761	0.0288641	0.0315731	0.0329965	0.035471	0.0345501	0.0349457	0.0325358	0.0301245	0.0260472	0.0228072	0.0180897	0.0147728	0.011146	0.00841163	0.00598513	0.00433788	0.00288299	0.00198733	0.00128118	0.000833213	0.000514471	0.000325726	0.000191296	0.000116815	6.72394e-005	3.92702e-005	2.19846e-005	1.26677e-005	6.84949e-006	3.90276e-006	
Blysmus_compressus	0	0	0	0	0	0	0	0	0	0	0	0	0	0	0	0	0	0	0	0	0	1	0	0	0	0	0	0	0	0	0	0	0	0	0	0	0	0	0	0	0	0	0	0	0	0	0	0	0	0	0	0	0	0	0	0	0	0	0	0	0	0	
Blysmus_rufus	0	0	0	0	0	0	0	0	0	0	0	0	0	0	0	0	0	0	0	1	0	0	0	0	0	0	0	0	0	0	0	0	0	0	0	0	0	0	0	0	0	0	0	0	0	0	0	0	0	0	0	0	0	0	0	0	0	0	0	0	0	0	
Dulichium_arundinaceum	0	0	0	0	0	0	0	0	0	0	0	0	0	0	0	1	0	0	0	0	0	0	0	0	0	0	0	0	0	0	0	0	0	0	0	0	0	0	0	0	0	0	0	0	0	0	0	0	0	0	0	0	0	0	0	0	0	0	0	0	0	0	
