NODE	1	2	3	4	5	6	7	8	9	10	11	12	13	14	15	16	17	18	19	20	21	22	23	24	25	26	27	28	29	30	31	32	33	34	35	36	37	38	39	40	41	42	43	44	45	46	47	48	49	50	51	52	53	54	55	56	57	58	59	60	61	62	63	64	65	66	
N1	0.0826077	0.083487	0.0849042	0.0862986	0.0869835	0.0862664	0.083587	0.0786468	0.071494	0.0625325	0.0524465	0.0420606	0.0321753	0.0234252	0.0163015	0.0108285	0.00685856	0.00413832	0.00237694	0.00129879	0.000674759	0.000333156	0.000156266	6.96061e-05	2.94356e-05	1.18149e-05	4.50018e-06	1.62628e-06	5.57524e-07	1.81294e-07	5.59138e-08	1.63547e-08	4.53672e-09	1.19351e-09	2.97807e-10	7.04954e-11	1.58383e-11	3.38082e-12	6.87136e-13	1.50881e-16	6.44969e-17	2.6849e-17	1.08848e-17	4.29776e-18	1.65274e-18	6.1905e-19	2.25849e-19	8.02593e-20	2.77825e-20	9.36832e-21	3.0774e-21	9.84824e-22	3.0705e-22	9.32744e-23	2.76088e-23	7.96334e-24	2.23842e-24	6.13241e-25	1.63765e-25	4.26406e-26	1.08325e-26	2.69066e-27	6.58259e-28	1.62918e-28	4.49436e-29	1.86266e-29	
N2	0.100692	0.104805	0.105673	0.103343	0.0980992	0.0904255	0.0809481	0.0703655	0.0593766	0.0486148	0.0385965	0.0296905	0.0221089	0.0159179	0.0111219	0.00753747	0.00495248	0.00315353	0.00194541	0.00116244	0.000672736	0.00037712	0.000204856	0.000107918	5.52091e-05	2.74874e-05	1.33621e-05	6.37159e-06	2.9721e-06	1.35935e-06	6.11029e-07	2.70495e-07	1.18116e-07	5.09185e-08	2.16705e-08	9.09811e-09	3.76301e-09	1.53098e-09	6.12073e-10	2.39065e-10	9.10324e-11	3.3734e-11	1.21477e-11	4.24587e-12	1.43921e-12	4.72863e-13	1.50565e-13	4.64736e-14	1.39175e-14	4.05093e-15	1.14963e-15	3.19763e-16	8.78742e-17	2.41346e-17	6.72045e-18	1.92512e-18	5.73098e-19	1.77537e-19	5.67749e-20	1.84915e-20	6.05063e-21	1.96981e-21	6.37471e-22	2.09721e-22	7.72708e-23	4.26784e-23	
N3	0.122905	0.126332	0.124331	0.117402	0.106537	0.0930247	0.0782349	0.0634214	0.0495851	0.0374035	0.0272276	0.0191266	0.0129627	0.0084708	0.00536036	0.00328537	0.00195067	0.00112226	0.000625798	0.000338349	0.000177457	9.03436e-05	4.4686e-05	2.15011e-05	1.00816e-05	4.61787e-06	2.07317e-06	9.162e-07	3.97074e-07	1.69009e-07	7.07377e-08	2.91418e-08	1.18237e-08	4.7252e-09	1.8595e-09	7.20136e-10	2.74238e-10	1.02623e-10	3.77349e-11	1.3569e-11	4.76548e-12	1.63283e-12	5.45309e-13	1.77372e-13	5.61605e-14	1.7304e-14	5.18832e-15	1.51441e-15	4.30747e-16	1.19607e-16	3.25226e-17	8.70247e-18	2.30828e-18	6.12967e-19	1.64924e-19	4.54919e-20	1.297e-20	3.82724e-21	1.16188e-21	3.58998e-22	1.11599e-22	3.46028e-23	1.06915e-23	3.36231e-24	1.18315e-24	6.2764e-25	
N4	0.133113	0.135898	0.132003	0.122299	0.10831	0.0918696	0.0747801	0.0585354	0.0441653	0.0322033	0.0227559	0.0156271	0.0104549	0.00682502	0.00437143	0.0027474	0.0016922	0.00101903	0.000598152	0.000341162	0.000188543	0.000100751	5.19991e-05	2.5924e-05	1.25042e-05	5.85433e-06	2.67406e-06	1.19964e-06	5.24553e-07	2.23687e-07	9.30033e-08	3.76609e-08	1.48269e-08	5.66276e-09	2.0932e-09	7.47212e-10	2.57118e-10	8.51839e-11	2.71713e-11	8.30863e-12	2.43397e-12	6.82806e-13	1.83399e-13	4.71648e-14	1.16158e-14	2.74075e-15	6.19982e-16	1.34602e-16	2.80947e-17	5.65263e-18	1.10086e-18	2.08846e-19	3.8957e-20	7.23636e-21	1.35883e-21	2.6161e-22	5.20882e-23	1.07192e-23	2.25879e-24	4.80693e-25	1.01906e-25	2.12923e-26	4.3588e-27	8.80243e-28	1.88294e-28	6.26984e-29	
Bulbostylis_barbata	0	0	0	0	1	0	0	0	0	0	0	0	0	0	0	0	0	0	0	0	0	0	0	0	0	0	0	0	0	0	0	0	0	0	0	0	0	0	0	0	0	0	0	0	0	0	0	0	0	0	0	0	0	0	0	0	0	0	0	0	0	0	0	0	0	0	
N5	0.134621	0.138083	0.134756	0.124851	0.109578	0.0909695	0.0714369	0.053222	0.0379311	0.0263055	0.0182674	0.0131696	0.0101177	0.00825256	0.00695727	0.00583928	0.00474287	0.00366538	0.00267138	0.00182857	0.00117411	0.000707843	0.000402093	0.000216836	0.000112554	5.75142e-05	2.98013e-05	1.60794e-05	8.49857e-06	4.33785e-06	2.11281e-06	9.73705e-07	4.22358e-07	1.71925e-07	6.55844e-08	2.34362e-08	7.84703e-09	2.46376e-09	7.26607e-10	2.00757e-10	5.2003e-11	1.2639e-11	2.88435e-12	6.18526e-13	1.2473e-13	2.36726e-14	4.2327e-15	7.13958e-16	1.13843e-16	1.72194e-17	2.48571e-18	3.46171e-19	4.73714e-20	6.55174e-21	9.48458e-22	1.47961e-22	2.51939e-23	4.63039e-24	8.92791e-25	1.74902e-25	3.39158e-26	6.39566e-27	1.16174e-27	2.03867e-28	3.65347e-29	9.75071e-30	
Bulbostylis_densa	0	0	0	0	0	0	0	0	0	0	0	0	0	0	0	0	0	0	0	0	0	0	0	0	0	0	0	0	0	0	0	1	0	0	0	0	0	0	0	0	0	0	0	0	0	0	0	0	0	0	0	0	0	0	0	0	0	0	0	0	0	0	0	0	0	0	
Bulbostylis_hispidula	0	0	0	0	1	0	0	0	0	0	0	0	0	0	0	0	0	0	0	0	0	0	0	0	0	0	0	0	0	0	0	0	0	0	0	0	0	0	0	0	0	0	0	0	0	0	0	0	0	0	0	0	0	0	0	0	0	0	0	0	0	0	0	0	0	0	
N6	0.147486	0.149929	0.144291	0.131611	0.113797	0.093241	0.072348	0.0531172	0.0368688	0.0241727	0.0149578	0.00872812	0.00479797	0.00248139	0.0012116	0.000558405	0.000242905	9.97353e-05	3.86629e-05	1.4157e-05	4.90001e-06	1.60493e-06	4.98279e-07	1.46998e-07	4.13538e-08	1.11496e-08	2.90043e-09	7.34113e-10	1.79397e-10	4.23784e-11	9.67928e-12	2.13594e-12	4.54708e-13	9.32007e-14	1.83538e-14	3.46569e-15	6.26452e-16	1.08278e-16	1.78963e-17	2.81815e-18	4.22609e-19	6.03397e-20	8.20283e-21	1.06194e-21	1.30969e-22	1.53959e-23	1.72645e-24	1.8489e-25	1.89427e-26	1.86163e-27	1.76234e-28	1.61757e-29	1.45376e-30	1.2972e-31	1.16894e-32	1.08152e-33	1.03812e-34	1.03316e-35	1.05436e-36	1.0857e-37	1.11078e-38	1.11625e-39	1.09579e-40	1.05797e-41	1.0556e-42	1.46284e-43	
Abildgaardia_ovata	0	0	0	0	0	0	0	0	0	1	0	0	0	0	0	0	0	0	0	0	0	0	0	0	0	0	0	0	0	0	0	0	0	0	0	0	0	0	0	0	0	0	0	0	0	0	0	0	0	0	0	0	0	0	0	0	0	0	0	0	0	0	0	0	0	0	
N7	0.168231	0.168598	0.157858	0.138367	0.113654	0.0875045	0.0631329	0.0426568	0.0269683	0.0159371	0.00879369	0.00452489	0.0021682	0.000965647	0.00040095	0.000155138	5.59217e-05	1.87765e-05	5.87253e-06	1.71109e-06	4.64616e-07	1.17641e-07	2.78098e-08	6.15484e-09	1.28386e-09	2.56497e-10	5.08289e-11	1.06063e-11	2.18813e-12	4.43959e-13	8.79819e-14	1.69085e-14	3.12949e-15	5.54335e-16	9.34712e-17	1.49399e-17	2.25649e-18	3.21439e-19	4.31749e-20	5.44947e-21	6.4616e-22	7.19884e-23	7.5379e-24	7.42118e-25	6.87273e-26	5.99022e-27	4.91666e-28	3.80289e-29	2.77438e-30	1.91169e-31	1.24713e-32	7.73982e-34	4.61366e-35	2.68762e-36	1.5665e-37	9.27229e-39	5.74075e-40	4.00459e-41	3.54337e-42	4.11096e-43	5.51756e-44	7.46682e-45	9.50178e-46	1.11473e-46	1.24876e-47	1.8316e-48	
Fimbristylis_littoralis	0	0	0	0	1	0	0	0	0	0	0	0	0	0	0	0	0	0	0	0	0	0	0	0	0	0	0	0	0	0	0	0	0	0	0	0	0	0	0	0	0	0	0	0	0	0	0	0	0	0	0	0	0	0	0	0	0	0	0	0	0	0	0	0	0	0	
N8	0.175413	0.175015	0.162427	0.140481	0.113305	0.0852065	0.0596979	0.038924	0.0235864	0.0132634	0.00691098	0.00333133	0.00148291	0.000608183	0.000230441	8.06167e-05	2.60287e-05	7.75434e-06	2.13142e-06	5.40581e-07	1.26558e-07	2.73909e-08	5.51317e-09	1.05647e-09	2.08641e-10	5.05293e-11	1.68563e-11	6.74454e-12	2.03596e-12	5.2122e-13	1.18415e-13	2.44124e-14	4.62128e-15	8.08287e-16	1.3104e-16	1.97233e-17	2.75851e-18	3.5877e-19	4.34619e-20	4.89354e-21	5.12306e-22	4.98989e-23	4.52438e-24	3.82111e-25	3.00771e-26	2.20779e-27	1.51229e-28	9.67435e-30	5.78935e-31	3.25686e-32	1.75224e-33	9.52185e-35	5.90571e-36	4.66323e-37	4.30488e-38	3.77708e-39	3.01865e-40	2.26244e-41	1.71931e-42	1.50324e-43	1.63845e-44	2.06738e-45	2.65466e-46	3.2248e-47	3.73242e-48	5.68948e-49	
Fimbristylis_complanata	0	0	0	0	1	0	0	0	0	0	0	0	0	0	0	0	0	0	0	0	0	0	0	0	0	0	0	0	0	0	0	0	0	0	0	0	0	0	0	0	0	0	0	0	0	0	0	0	0	0	0	0	0	0	0	0	0	0	0	0	0	0	0	0	0	0	
N9	0.168896	0.169606	0.159286	0.139967	0.114973	0.0881348	0.0629197	0.0417424	0.0256812	0.0146239	0.00769389	0.00373363	0.00166819	0.000684722	0.000258913	9.0141e-05	2.88849e-05	8.51785e-06	2.31158e-06	5.77475e-07	1.32966e-07	2.83935e-08	5.80524e-09	1.30369e-09	4.37596e-10	2.31364e-10	1.39019e-10	7.81782e-11	2.85574e-11	8.53448e-12	2.23189e-12	5.25747e-13	1.13153e-13	2.24121e-14	4.1004e-15	6.94276e-16	1.08916e-16	1.58463e-17	2.14224e-18	2.68551e-19	3.12316e-20	3.37159e-21	3.38068e-22	3.15033e-23	2.72993e-24	2.20121e-25	1.65276e-26	1.15726e-27	7.59714e-29	4.79438e-30	3.23054e-31	3.00673e-32	4.31753e-33	7.22293e-34	1.10393e-34	1.35967e-35	1.41932e-36	1.31965e-37	1.1513e-38	1.03061e-39	1.09968e-40	1.53357e-41	2.52421e-42	4.23153e-43	6.93319e-44	1.58063e-44	
Fimbristylis_ferruginea	0	0	0	0	1	0	0	0	0	0	0	0	0	0	0	0	0	0	0	0	0	0	0	0	0	0	0	0	0	0	0	0	0	0	0	0	0	0	0	0	0	0	0	0	0	0	0	0	0	0	0	0	0	0	0	0	0	0	0	0	0	0	0	0	0	0	
N10	0.115177	0.12367	0.130371	0.132016	0.12591	0.11148	0.0907443	0.0674884	0.0456784	0.0280658	0.0156291	0.00787946	0.00359287	0.00147971	0.000552477	0.000187073	5.74822e-05	1.6043e-05	4.07348e-06	9.44125e-07	2.01411e-07	4.04175e-08	8.0431e-09	1.74868e-09	4.53523e-10	1.3701e-10	4.34626e-11	1.33519e-11	3.32177e-12	7.11052e-13	1.34593e-13	2.28701e-14	3.52118e-15	4.94334e-16	6.35668e-17	7.51272e-18	8.18276e-19	8.23338e-20	7.67661e-21	6.6273e-22	5.30478e-23	3.94201e-24	2.72269e-25	1.74986e-26	1.04774e-27	5.85389e-29	3.0605e-30	1.5068e-31	7.09776e-33	3.32238e-34	1.66275e-35	9.67506e-37	6.6182e-38	4.90992e-39	3.60759e-40	2.478e-41	1.58504e-42	9.64014e-44	5.7799e-45	3.56771e-46	2.34029e-47	1.63167e-48	1.17569e-49	8.4656e-51	6.03785e-52	5.91182e-53	
Fimbristylis_dichotoma	0	0	0	0	1	0	0	0	0	0	0	0	0	0	0	0	0	0	0	0	0	0	0	0	0	0	0	0	0	0	0	0	0	0	0	0	0	0	0	0	0	0	0	0	0	0	0	0	0	0	0	0	0	0	0	0	0	0	0	0	0	0	0	0	0	0	
N11	0.00382664	0.00853112	0.0217146	0.0494636	0.0940948	0.145766	0.181856	0.181757	0.145196	0.0926649	0.0472925	0.0193442	0.00636271	0.00168938	0.000365478	6.48775e-05	9.52268e-06	1.16514e-06	1.19867e-07	1.04731e-08	7.88222e-10	5.24147e-11	3.24085e-12	2.03542e-13	1.41836e-14	1.09678e-15	8.66592e-17	6.48163e-18	3.87987e-19	1.95651e-20	8.52966e-22	3.2654e-23	1.10931e-24	3.36965e-26	9.20588e-28	2.27256e-29	5.08884e-31	1.03715e-32	1.93084e-34	3.28598e-36	5.12331e-38	7.3333e-40	9.6547e-42	1.17127e-43	1.31177e-45	1.35926e-47	1.30746e-49	1.17505e-51	1.00124e-53	8.35856e-56	7.27606e-58	7.12957e-60	8.06543e-62	9.93677e-64	1.22756e-65	1.43554e-67	1.57689e-69	1.65646e-71	1.71851e-73	1.82569e-75	2.03256e-77	2.36338e-79	2.80083e-81	3.28823e-83	3.74833e-85	4.82804e-87	
Fimbristylis_velata	0	0	0	0	0	0	0	0	0	0	0	1	0	0	0	0	0	0	0	0	0	0	0	0	0	0	0	0	0	0	0	0	0	0	0	0	0	0	0	0	0	0	0	0	0	0	0	0	0	0	0	0	0	0	0	0	0	0	0	0	0	0	0	0	0	0	
Fimbristylis_squarrosa	0	0	0	0	1	0	0	0	0	0	0	0	0	0	0	0	0	0	0	0	0	0	0	0	0	0	0	0	0	0	0	0	0	0	0	0	0	0	0	0	0	0	0	0	0	0	0	0	0	0	0	0	0	0	0	0	0	0	0	0	0	0	0	0	0	0	
N12	0.0855602	0.0898468	0.0921196	0.0922444	0.0902029	0.0861075	0.0801998	0.0728345	0.0644479	0.0555168	0.0465133	0.0378623	0.0299078	0.0228912	0.0170283	0.0122993	0.00861836	0.00585457	0.00385343	0.00245657	0.00151684	0.000907704	0.000527355	0.000298608	0.000166059	9.19489e-05	5.17981e-05	3.0504e-05	1.81205e-05	1.07951e-05	6.40033e-06	3.74763e-06	2.15296e-06	1.20739e-06	6.5859e-07	3.48566e-07	1.78728e-07	8.87193e-08	4.26427e-08	1.9767e-08	8.83594e-09	3.80888e-09	1.58348e-09	6.34969e-10	2.45636e-10	9.16924e-11	3.30389e-11	1.14978e-11	3.8683e-12	1.26042e-12	3.99051e-13	1.23522e-13	3.78091e-14	1.16756e-14	3.75486e-15	1.31e-15	5.15982e-16	2.32403e-16	1.16612e-16	6.23395e-17	3.41944e-17	1.88219e-17	1.03008e-17	5.61955e-18	3.16934e-18	2.25056e-18	
Eleocharis_dulcis	0	0	0	0	0	0	0	0	0	0	0	0	0	0	0	0	0	0	0	0	0	0	0	0	0	0	0	0	0	0	0	0	0	0	0	0	0	1	0	0	0	0	0	0	0	0	0	0	0	0	0	0	0	0	0	0	0	0	0	0	0	0	0	0	0	0	
N13	0.101132	0.105452	0.106666	0.104727	0.0998028	0.0922693	0.0826853	0.0717425	0.0601942	0.0487722	0.0381077	0.0286705	0.0207376	0.0143958	0.00962218	0.00618738	0.00382506	0.00227215	0.00129641	0.000710354	0.000373811	0.000188978	9.18407e-05	4.29541e-05	1.93659e-05	8.4361e-06	3.5618e-06	1.46327e-06	5.83828e-07	2.26628e-07	8.56994e-08	3.15926e-08	1.13535e-08	3.97475e-09	1.35388e-09	4.47978e-10	1.43758e-10	4.46826e-11	1.3447e-11	3.89996e-12	1.0888e-12	2.92362e-13	7.5461e-14	1.8715e-14	4.45908e-15	1.02069e-15	2.24501e-16	4.74685e-17	9.65539e-18	1.89157e-18	3.57591e-19	6.54347e-20	1.16495e-20	2.03483e-21	3.53346e-22	6.21618e-23	1.13331e-23	2.18245e-24	4.46233e-25	9.56777e-26	2.10257e-26	4.63004e-27	1.00705e-27	2.17192e-28	4.96873e-29	1.71365e-29	
N14	0.0849843	0.0893512	0.0918352	0.0922772	0.0906016	0.0868457	0.0811784	0.073904	0.0654433	0.0562941	0.0469786	0.0379851	0.0297184	0.0224652	0.0164645	0.0116896	0.00803478	0.0053437	0.0034375	0.00213856	0.00128711	0.000750337	0.000425035	0.000235637	0.000129778	7.2984e-05	4.36411e-05	2.88447e-05	1.94444e-05	1.31233e-05	8.73935e-06	5.68776e-06	3.59741e-06	2.20461e-06	1.30723e-06	7.496e-07	4.15707e-07	2.23073e-07	1.15953e-07	5.81643e-08	2.81575e-08	1.31565e-08	5.93369e-09	2.58329e-09	1.08571e-09	4.40551e-10	1.72632e-10	6.53596e-11	2.39353e-11	8.49838e-12	2.93999e-12	1.00087e-12	3.41593e-13	1.20544e-13	4.58242e-14	1.94607e-14	9.44377e-15	5.21045e-15	3.16559e-15	2.03069e-15	1.32903e-15	8.71738e-16	5.75218e-16	3.95675e-16	3.09026e-16	3.13989e-16	
Eleocharis_tuberculosa	0	0	0	0	0	0	0	0	0	0	0	0	0	0	1	0	0	0	0	0	0	0	0	0	0	0	0	0	0	0	0	0	0	0	0	0	0	0	0	0	0	0	0	0	0	0	0	0	0	0	0	0	0	0	0	0	0	0	0	0	0	0	0	0	0	0	
Eleocharis_quinqueflora	0	0	0	0	0	0	0	0	0	1	0	0	0	0	0	0	0	0	0	0	0	0	0	0	0	0	0	0	0	0	0	0	0	0	0	0	0	0	0	0	0	0	0	0	0	0	0	0	0	0	0	0	0	0	0	0	0	0	0	0	0	0	0	0	0	0	
N15	0.101805	0.106456	0.108196	0.106796	0.102214	0.0946699	0.0846734	0.0729823	0.0605043	0.04816	0.036746	0.026834	0.0187257	0.0124655	0.00794085	0.00483653	0.00281454	0.00156403	0.000829602	0.000419916	0.000202811	9.34868e-05	4.11588e-05	1.73369e-05	7.01146e-06	2.74111e-06	1.04863e-06	4.00311e-07	1.50348e-07	5.57463e-08	2.04388e-08	7.40614e-09	2.64577e-09	9.28247e-10	3.18408e-10	1.06314e-10	3.4419e-11	1.07721e-11	3.25385e-12	9.43565e-13	2.62306e-13	6.98414e-14	1.77998e-14	4.34054e-15	1.01251e-15	2.25912e-16	4.8215e-17	9.84486e-18	1.92396e-18	3.60148e-19	6.46692e-20	1.11702e-20	1.86606e-21	3.04758e-22	4.96918e-23	8.40574e-24	1.56897e-24	3.42403e-25	8.7279e-26	2.44202e-26	7.01515e-27	1.99061e-27	5.52096e-28	1.51662e-28	4.32186e-29	1.61351e-29	
Eleocharis_confervoides	0	0	0	0	0	0	0	0	0	0	0	0	0	0	0	0	0	0	1	0	0	0	0	0	0	0	0	0	0	0	0	0	0	0	0	0	0	0	0	0	0	0	0	0	0	0	0	0	0	0	0	0	0	0	0	0	0	0	0	0	0	0	0	0	0	0	
N16	0.120156	0.124206	0.123496	0.11816	0.108744	0.0961614	0.0815842	0.0662924	0.0514939	0.0381629	0.0269325	0.0180636	0.0114905	0.00691657	0.00395069	0.00213907	0.00109689	0.000532317	0.000244344	0.000106042	4.35006e-05	1.68681e-05	6.18524e-06	2.14692e-06	7.06929e-07	2.21739e-07	6.6762e-08	1.95497e-08	5.5383e-09	1.52687e-09	4.11928e-10	1.09205e-10	2.85029e-11	7.31849e-12	1.84267e-12	4.52799e-13	1.08022e-13	2.49004e-14	5.52909e-15	1.17506e-15	2.38398e-16	4.60908e-17	8.4809e-18	1.4839e-18	2.46741e-19	3.89763e-20	5.84797e-21	8.3342e-22	1.12845e-22	1.45243e-23	1.77893e-24	2.0772e-25	2.32007e-26	2.49416e-27	2.61272e-28	2.73609e-29	3.02849e-30	3.87022e-31	6.05923e-32	1.11083e-32	2.15726e-33	4.12294e-34	7.48807e-35	1.28199e-35	2.16595e-36	5.34799e-37	
N17	0.107494	0.113412	0.116866	0.116826	0.112402	0.103293	0.0900628	0.0741041	0.0572908	0.0414746	0.0280365	0.0176553	0.0103346	0.00561101	0.00283807	0.00133659	0.000585791	0.000238837	9.05737e-05	3.1953e-05	1.04933e-05	3.21244e-06	9.19407e-07	2.47234e-07	6.29924e-08	1.54061e-08	3.6815e-09	8.76569e-10	2.02958e-10	4.54705e-11	9.78533e-12	2.00714e-12	3.89749e-13	7.12707e-14	1.22279e-14	1.96372e-15	2.94821e-16	4.13717e-17	5.43444e-18	6.65912e-19	7.61317e-20	8.12942e-21	8.14166e-22	7.80347e-23	7.87354e-24	1.13223e-24	2.9971e-25	1.10856e-25	4.37753e-26	1.71441e-26	6.60179e-27	2.51817e-27	9.66306e-28	3.81996e-28	1.60271e-28	7.32488e-29	3.68226e-29	2.01064e-29	1.16156e-29	6.912e-30	4.1517e-30	2.48466e-30	1.47177e-30	8.65476e-31	5.25489e-31	3.96079e-31	
Eleocharis_geniculata	0	0	0	0	1	0	0	0	0	0	0	0	0	0	0	0	0	0	0	0	0	0	0	0	0	0	0	0	0	0	0	0	0	0	0	0	0	0	0	0	0	0	0	0	0	0	0	0	0	0	0	0	0	0	0	0	0	0	0	0	0	0	0	0	0	0	
N18	0.107157	0.113101	0.116625	0.116689	0.11238	0.103375	0.0902175	0.0742924	0.057476	0.0416312	0.028153	0.0177324	0.0103802	0.00563508	0.00284943	0.00134134	0.000587524	0.000239362	9.06886e-05	3.19577e-05	1.04808e-05	3.20346e-06	9.15026e-07	2.45438e-07	6.23264e-08	1.51756e-08	3.63863e-09	1.31816e-09	3.86293e-10	1.13611e-10	3.32e-11	9.46665e-12	2.59645e-12	6.78091e-13	1.67468e-13	3.8931e-14	8.49265e-15	1.73518e-15	3.31885e-16	5.9245e-17	9.86003e-18	1.53288e-18	2.22585e-19	3.01842e-20	3.82274e-21	4.52256e-22	5.00084e-23	5.17352e-24	5.01629e-25	4.5725e-26	3.93851e-27	3.23266e-28	2.56123e-29	2.00573e-30	1.97461e-31	1.76456e-32	1.59608e-33	1.4571e-34	1.32492e-35	1.18412e-36	1.02853e-37	8.61934e-39	7.88871e-40	6.82254e-40	3.1222e-39	1.53224e-38	
Eleocharis_multicaulis	0	0	0	0	0	0	0	0	0	1	0	0	0	0	0	0	0	0	0	0	0	0	0	0	0	0	0	0	0	0	0	0	0	0	0	0	0	0	0	0	0	0	0	0	0	0	0	0	0	0	0	0	0	0	0	0	0	0	0	0	0	0	0	0	0	0	
N19	0.0989925	0.105329	0.110165	0.112238	0.110314	0.103699	0.0925944	0.0781208	0.0620287	0.0462106	0.0322234	0.0209898	0.0127487	0.00720658	0.00380358	0.00187355	0.000861071	0.000369179	0.00014764	5.50722e-05	1.9164e-05	6.22507e-06	1.89398e-06	5.53098e-07	1.82192e-07	1.10563e-07	1.25923e-07	1.54661e-07	9.92911e-08	5.18984e-08	2.43263e-08	1.0558e-08	4.28673e-09	1.63232e-09	5.82945e-10	1.95128e-10	6.11792e-11	1.79621e-11	4.94207e-12	1.26994e-12	3.04717e-13	6.82975e-14	1.43052e-14	2.80117e-15	5.12972e-16	8.78807e-17	1.40892e-17	2.11483e-18	2.97473e-19	3.9333e-20	4.9847e-21	6.83852e-22	1.51574e-22	6.05495e-23	2.53642e-23	7.44171e-24	1.78718e-24	3.83099e-25	7.67142e-26	1.52024e-26	3.57913e-27	1.36212e-27	7.7071e-28	4.65312e-28	2.78002e-28	2.26333e-28	
Eleocharis_flavescens	0	0	0	0	0	0	0	0	0	0	0	0	0	0	1	0	0	0	0	0	0	0	0	0	0	0	0	0	0	0	0	0	0	0	0	0	0	0	0	0	0	0	0	0	0	0	0	0	0	0	0	0	0	0	0	0	0	0	0	0	0	0	0	0	0	0	
Eleocharis_atropurpurea	0	0	0	0	1	0	0	0	0	0	0	0	0	0	0	0	0	0	0	0	0	0	0	0	0	0	0	0	0	0	0	0	0	0	0	0	0	0	0	0	0	0	0	0	0	0	0	0	0	0	0	0	0	0	0	0	0	0	0	0	0	0	0	0	0	0	
N20	0.114285	0.118826	0.119421	0.115922	0.108485	0.0976326	0.0842538	0.0695105	0.0546633	0.0408607	0.0289557	0.0194045	0.0122673	0.00729755	0.0040955	0.00216589	0.00107836	0.000505102	0.000222465	9.21112e-05	3.58626e-05	1.31464e-05	4.55386e-06	1.50387e-06	4.82896e-07	1.5658e-07	5.41573e-08	2.08713e-08	7.95851e-09	2.93281e-09	1.02957e-09	3.41765e-10	1.0693e-10	3.14984e-11	8.73451e-12	2.28064e-12	5.60943e-13	1.30051e-13	2.8466e-14	5.86634e-15	1.13848e-15	2.0812e-16	3.58455e-17	5.81817e-18	8.90168e-19	1.28415e-19	1.74741e-20	2.24442e-21	2.72474e-22	3.13538e-23	3.4407e-24	3.64673e-25	3.82427e-26	4.12482e-27	4.78677e-28	6.14305e-29	8.82527e-30	1.41245e-30	2.45688e-31	4.46493e-32	8.14523e-33	1.44778e-33	2.46417e-34	4.00428e-35	6.50628e-36	1.55047e-36	
N21	0.080878	0.0861905	0.0907276	0.0939179	0.095078	0.0935884	0.0890876	0.0816205	0.0716863	0.0601602	0.0481128	0.036587	0.026403	0.0180474	0.0117218	0.00722876	0.00423057	0.00234898	0.00123741	0.000618748	0.000294087	0.00013327	5.79505e-05	2.44837e-05	1.02767e-05	4.43058e-06	2.03382e-06	1.01211e-06	4.99214e-07	2.39226e-07	1.0998e-07	4.8177e-08	2.00441e-08	7.91116e-09	2.9617e-09	1.05211e-09	3.54901e-10	1.13802e-10	3.47564e-11	1.00828e-11	2.77966e-12	7.28565e-13	1.8163e-13	4.30837e-14	9.72796e-15	2.09188e-15	4.28742e-16	8.38639e-17	1.56946e-17	2.82339e-18	4.92662e-19	8.4761e-20	1.47706e-20	2.70343e-21	5.37422e-22	1.17399e-22	2.79102e-23	7.06477e-24	1.85862e-24	4.97306e-25	1.32937e-25	3.50292e-26	9.03073e-27	2.29546e-27	6.21466e-28	2.60602e-28	
Eleocharis_gracilis	0	0	0	0	0	0	0	0	0	1	0	0	0	0	0	0	0	0	0	0	0	0	0	0	0	0	0	0	0	0	0	0	0	0	0	0	0	0	0	0	0	0	0	0	0	0	0	0	0	0	0	0	0	0	0	0	0	0	0	0	0	0	0	0	0	0	
Eleocharis_congesta	0	0	0	0	0	0	0	0	0	1	0	0	0	0	0	0	0	0	0	0	0	0	0	0	0	0	0	0	0	0	0	0	0	0	0	0	0	0	0	0	0	0	0	0	0	0	0	0	0	0	0	0	0	0	0	0	0	0	0	0	0	0	0	0	0	0	
N22	0.104117	0.109118	0.111309	0.110284	0.105795	0.0978907	0.0870272	0.074059	0.0601201	0.0464138	0.0339843	0.0235426	0.015395	0.00948057	0.00551344	0.00302479	0.00156427	0.000762101	0.000349645	0.000151033	6.14389e-05	2.35679e-05	8.56762e-06	3.00061e-06	1.06263e-06	4.23518e-07	2.13923e-07	1.344e-07	7.37059e-08	3.63897e-08	1.64965e-08	6.95362e-09	2.74697e-09	1.02172e-09	3.58719e-10	1.19032e-10	3.73533e-11	1.10916e-11	3.12048e-12	8.29134e-13	2.08054e-13	4.93091e-14	1.10388e-14	2.33456e-15	4.66489e-16	8.80856e-17	1.57222e-17	2.65401e-18	4.24288e-19	6.44933e-20	9.43131e-21	1.37012e-21	2.1193e-22	3.80964e-23	8.03037e-24	1.77747e-24	3.91804e-25	8.78053e-26	2.15206e-26	6.16501e-27	2.02614e-27	7.02628e-28	2.3979e-28	7.87732e-29	2.65403e-29	1.30699e-29	
N23	2.20601e-07	2.38145e-06	2.91412e-05	0.00028553	0.00214368	0.0119562	0.0477957	0.131333	0.236919	0.268964	0.188216	0.0828855	0.0239588	0.00475494	0.000677743	7.19219e-05	5.85742e-06	3.7555e-07	1.93689e-08	8.18506e-10	2.87993e-11	8.55792e-13	2.17581e-14	4.79145e-16	9.24991e-18	1.58476e-19	2.44069e-21	3.42436e-23	4.37342e-25	5.11555e-27	5.50556e-29	5.46947e-31	5.02579e-33	4.27651e-35	3.3721e-37	2.46522e-39	1.67184e-41	1.05254e-43	6.15927e-46	3.34794e-48	1.69237e-50	7.9663e-53	3.49693e-55	1.43366e-57	5.49841e-60	1.97615e-62	6.66873e-65	2.11787e-67	6.3477e-70	1.80223e-72	4.87187e-75	1.2629e-77	3.17031e-80	7.80626e-83	1.91335e-85	4.73288e-88	1.19184e-90	3.05681e-93	7.9253e-96	2.05263e-98	5.24676e-101	1.31055e-103	3.17633e-106	7.4355e-109	1.67679e-111	3.9596e-114	
Eleocharis_acicularis_f_longiseta	0	0	0	0	0	0	0	0	0	1	0	0	0	0	0	0	0	0	0	0	0	0	0	0	0	0	0	0	0	0	0	0	0	0	0	0	0	0	0	0	0	0	0	0	0	0	0	0	0	0	0	0	0	0	0	0	0	0	0	0	0	0	0	0	0	0	
Eleocharis_acicularis	0	0	0	0	0	0	0	0	0	1	0	0	0	0	0	0	0	0	0	0	0	0	0	0	0	0	0	0	0	0	0	0	0	0	0	0	0	0	0	0	0	0	0	0	0	0	0	0	0	0	0	0	0	0	0	0	0	0	0	0	0	0	0	0	0	0	
N24	0.0311633	0.0384742	0.0514472	0.0696954	0.0908686	0.110412	0.12275	0.123592	0.112058	0.0911906	0.0664742	0.0433509	0.0252667	0.0131463	0.00613017	0.00256278	0.000961158	0.000323681	9.79948e-05	2.67147e-05	6.57231e-06	1.46384e-06	2.9661e-07	5.50964e-08	9.49488e-09	1.54499e-09	2.42807e-10	3.76969e-11	5.59508e-12	7.87917e-13	1.04358e-13	1.29e-14	1.47978e-15	1.56958e-16	1.53643e-17	1.38705e-18	1.15504e-19	8.8792e-21	6.31355e-22	4.14743e-23	2.52007e-24	1.41816e-25	7.40057e-27	3.5857e-28	1.61511e-29	6.77231e-31	2.64748e-32	9.66742e-34	3.30598e-35	1.06298e-36	3.23447e-38	9.4155e-40	2.66903e-41	7.56426e-43	2.21274e-44	6.85516e-46	2.26584e-47	7.87266e-49	2.79932e-50	9.92472e-52	3.44135e-53	1.15253e-54	3.70025e-56	1.1342e-57	3.33586e-59	1.22598e-60	
N25	0.0138918	0.0181505	0.0266841	0.040589	0.0600844	0.0833941	0.106248	0.122777	0.127798	0.119333	0.0997078	0.074423	0.049562	0.0294102	0.0156102	0.00741169	0.00314911	0.0011981	0.000408513	0.000124982	3.43763e-05	8.53858e-06	1.94101e-06	4.21426e-07	9.80198e-08	2.90292e-08	1.12129e-08	4.79365e-09	1.65013e-09	4.90964e-10	1.30143e-10	3.11801e-11	6.79764e-12	1.35246e-12	2.45835e-13	4.08387e-14	6.20163e-15	8.61338e-16	1.09605e-16	1.27547e-17	1.35849e-18	1.32564e-19	1.18643e-20	9.74959e-22	7.36456e-23	5.11966e-24	3.27982e-25	1.93984e-26	1.06304e-27	5.45054e-29	2.69288e-30	1.3876e-31	8.56647e-33	6.79748e-34	6.20135e-35	5.6024e-36	4.86183e-37	4.17297e-38	3.72156e-39	3.57042e-40	3.6561e-41	3.83542e-42	3.94945e-43	3.88546e-44	3.67829e-45	4.78675e-46	
Eleocharis_montevidensis	0	0	0	0	0	0	0	0	0	1	0	0	0	0	0	0	0	0	0	0	0	0	0	0	0	0	0	0	0	0	0	0	0	0	0	0	0	0	0	0	0	0	0	0	0	0	0	0	0	0	0	0	0	0	0	0	0	0	0	0	0	0	0	0	0	0	
Eleocharis_tenuis	0	0	0	0	0	0	0	0	0	0	0	1	0	0	0	0	0	0	0	0	0	0	0	0	0	0	0	0	0	0	0	0	0	0	0	0	0	0	0	0	0	0	0	0	0	0	0	0	0	0	0	0	0	0	0	0	0	0	0	0	0	0	0	0	0	0	
N26	0.0203283	0.0274746	0.0415658	0.0632721	0.090831	0.1186	0.137934	0.141091	0.125945	0.0976377	0.0655453	0.0380353	0.0190569	0.00823434	0.00308108	0.000999225	0.000281229	6.8797e-05	1.46546e-05	2.72355e-06	4.42603e-07	6.30576e-08	7.90574e-09	8.79267e-10	8.88074e-11	8.74423e-12	9.82593e-13	1.4449e-13	2.04837e-14	2.6903e-15	3.22807e-16	3.52031e-17	3.47886e-18	3.10859e-19	2.50787e-20	1.82529e-21	1.19844e-22	7.10239e-24	3.80599e-25	1.84246e-26	8.06819e-28	3.20092e-29	1.15226e-30	3.7692e-32	1.12205e-33	3.04416e-35	7.538e-37	1.70621e-38	3.53628e-40	6.72815e-42	1.18146e-43	1.9438e-45	3.12767e-47	5.42076e-49	1.13156e-50	2.78732e-52	7.63188e-54	2.31516e-55	8.05827e-57	3.18639e-58	1.32955e-59	5.41686e-61	2.05596e-62	7.11694e-64	2.2434e-65	8.20639e-67	
N27	0.0225802	0.032251	0.0520412	0.082497	0.118742	0.148975	0.159451	0.14395	0.108994	0.0690563	0.0366065	0.0162554	0.00605854	0.00189871	0.000503803	0.000113621	2.18704e-05	3.60842e-06	5.12548e-07	6.29541e-08	6.71679e-09	6.25694e-10	5.12473e-11	3.73964e-12	2.50891e-13	1.66766e-14	1.24859e-15	1.14528e-16	1.06064e-17	9.35084e-19	7.62082e-20	5.67031e-21	3.83232e-22	2.34804e-23	1.30343e-24	6.55691e-26	2.99117e-27	1.23877e-28	4.66682e-30	1.59833e-31	4.98388e-33	1.4171e-34	3.67986e-36	8.73994e-38	1.90143e-39	3.79478e-41	6.95808e-43	1.17409e-44	1.82694e-46	2.63065e-48	3.53219e-50	4.51093e-52	5.76449e-54	8.18241e-56	1.45235e-57	3.23903e-59	8.32278e-61	2.28061e-62	6.37606e-64	1.76916e-65	4.77383e-67	1.23436e-68	3.0288e-70	7.0134e-72	1.53325e-73	3.93864e-75	
Eleocharis_erythropoda	0	0	0	0	0	0	0	0	1	0	0	0	0	0	0	0	0	0	0	0	0	0	0	0	0	0	0	0	0	0	0	0	0	0	0	0	0	0	0	0	0	0	0	0	0	0	0	0	0	0	0	0	0	0	0	0	0	0	0	0	0	0	0	0	0	0	
Eleocharis_palustris	0	0	0	0	1	0	0	0	0	0	0	0	0	0	0	0	0	0	0	0	0	0	0	0	0	0	0	0	0	0	0	0	0	0	0	0	0	0	0	0	0	0	0	0	0	0	0	0	0	0	0	0	0	0	0	0	0	0	0	0	0	0	0	0	0	0	
N28	0.00655984	0.0104248	0.0196591	0.0372017	0.0650094	0.100778	0.135657	0.156596	0.153827	0.127968	0.08989	0.0532273	0.0265448	0.0111397	0.00395049	0.00118519	0.000301304	6.50421e-05	1.19506e-05	1.87388e-06	2.51555e-07	2.90702e-08	2.94677e-09	2.86108e-10	3.58401e-11	7.57534e-12	2.01306e-12	5.01788e-13	8.11153e-14	1.06018e-14	1.19319e-15	1.18351e-16	1.04272e-17	8.17245e-19	5.69452e-20	3.52453e-21	1.9368e-22	9.4516e-24	4.1025e-25	1.58229e-26	5.42978e-28	1.66054e-29	4.53348e-31	1.10691e-32	2.42149e-34	4.75515e-36	8.39835e-38	1.33702e-39	1.92621e-41	2.54648e-43	3.29518e-45	5.24995e-47	1.36642e-48	4.78284e-50	1.61608e-51	4.5131e-53	1.08894e-54	2.39646e-56	5.13754e-58	1.18589e-59	3.25331e-61	1.04828e-62	3.55369e-64	1.15465e-65	3.46263e-67	1.19202e-68	
N29	1.01026e-06	1.22212e-06	1.31394e-06	1.87157e-06	9.81033e-06	7.77515e-05	0.000522196	0.00277068	0.0113857	0.035721	0.0847285	0.151275	0.203197	0.205491	0.157147	0.0908889	0.0397244	0.0130972	0.00325223	0.000608783	8.655e-05	9.54706e-06	8.60242e-07	7.08084e-08	6.23999e-09	6.19286e-10	6.18329e-11	5.55567e-12	3.72481e-13	2.0041e-14	8.96014e-16	3.39593e-17	1.10494e-18	3.11304e-20	7.64225e-22	1.6428e-23	3.10512e-25	5.1801e-27	7.6585e-29	1.00495e-30	1.17398e-32	1.22457e-34	1.1438e-36	9.59285e-39	7.2435e-41	4.93809e-43	3.04939e-45	1.71462e-47	8.87853e-50	4.35972e-52	2.18065e-54	1.25504e-56	8.96212e-59	7.36122e-61	6.12328e-63	4.76843e-65	3.45338e-67	2.37857e-69	1.61455e-71	1.12093e-73	8.1268e-76	6.10595e-78	4.62398e-80	3.42633e-82	2.43336e-84	1.86111e-86	
Eleocharis_acuta	0	0	0	0	0	0	0	0	0	1	0	0	0	0	0	0	0	0	0	0	0	0	0	0	0	0	0	0	0	0	0	0	0	0	0	0	0	0	0	0	0	0	0	0	0	0	0	0	0	0	0	0	0	0	0	0	0	0	0	0	0	0	0	0	0	0	
Eleocharis_pallens	0	0	0	0	0	0	0	0	0	0	0	0	0	0	0	0	0	0	0	1	0	0	0	0	0	0	0	0	0	0	0	0	0	0	0	0	0	0	0	0	0	0	0	0	0	0	0	0	0	0	0	0	0	0	0	0	0	0	0	0	0	0	0	0	0	0	
N30	0.0102489	0.0159234	0.0294988	0.0546988	0.0919077	0.133305	0.16302	0.166099	0.14014	0.0976167	0.0560761	0.0265692	0.0103915	0.00335745	0.000901364	0.000201656	3.77205e-05	5.92054e-06	7.82741e-07	8.75121e-08	8.30788e-09	6.72608e-10	4.667e-11	2.79585e-12	1.47207e-13	7.27622e-15	4.26731e-16	4.2059e-17	4.72109e-18	5.27616e-19	5.5011e-20	5.19067e-21	4.36738e-22	3.25392e-23	2.14028e-24	1.24159e-25	6.35264e-27	2.86881e-28	1.14555e-29	4.04228e-31	1.26246e-32	3.49606e-34	8.59994e-36	1.88256e-37	3.67402e-39	6.40462e-41	9.9919e-43	1.39794e-44	1.75789e-46	1.99248e-48	2.04586e-50	1.92843e-52	1.74776e-54	1.77457e-56	2.62995e-58	5.59323e-60	1.42356e-61	4.07793e-63	1.36046e-64	5.28107e-66	2.18986e-67	8.8009e-69	3.23062e-70	1.05394e-71	3.03695e-73	9.6252e-75	
Eleocharis_cylindrostachys	0	0	0	0	0	0	0	0	0	1	0	0	0	0	0	0	0	0	0	0	0	0	0	0	0	0	0	0	0	0	0	0	0	0	0	0	0	0	0	0	0	0	0	0	0	0	0	0	0	0	0	0	0	0	0	0	0	0	0	0	0	0	0	0	0	0	
N31	0.0297948	0.0451366	0.0783739	0.128039	0.175432	0.191103	0.162004	0.106228	0.0539499	0.0213316	0.00661339	0.0016206	0.000316465	4.96017e-05	6.3093e-06	6.56551e-07	5.63276e-08	4.01378e-09	2.39236e-10	1.20074e-11	5.10711e-13	1.85206e-14	5.76196e-16	1.55074e-17	3.69104e-19	8.52793e-21	2.59833e-22	1.37386e-23	7.69285e-25	4.08374e-26	1.96972e-27	8.48545e-29	3.24134e-30	1.0948e-31	3.26752e-33	8.62071e-35	2.0125e-36	4.16286e-38	7.64631e-40	1.24717e-41	1.80982e-43	2.34145e-45	2.70619e-47	2.7999e-49	2.5986e-51	2.16799e-53	1.62934e-55	1.10542e-57	6.78513e-60	3.77724e-62	1.91501e-64	8.95833e-67	4.0926e-69	2.24188e-71	1.99855e-73	2.60509e-75	3.92264e-77	6.35268e-79	1.09879e-80	1.9804e-82	3.55115e-84	6.06555e-86	9.59298e-88	1.3845e-89	1.81536e-91	2.53702e-93	
Eleocharis_obtusa	0	0	0	0	1	0	0	0	0	0	0	0	0	0	0	0	0	0	0	0	0	0	0	0	0	0	0	0	0	0	0	0	0	0	0	0	0	0	0	0	0	0	0	0	0	0	0	0	0	0	0	0	0	0	0	0	0	0	0	0	0	0	0	0	0	0	
Eleocharis_engelmannii	0	0	0	0	1	0	0	0	0	0	0	0	0	0	0	0	0	0	0	0	0	0	0	0	0	0	0	0	0	0	0	0	0	0	0	0	0	0	0	0	0	0	0	0	0	0	0	0	0	0	0	0	0	0	0	0	0	0	0	0	0	0	0	0	0	0	
N32	0.0525661	0.0566865	0.0611049	0.065591	0.0697871	0.0732421	0.0754681	0.0760166	0.0745619	0.0709752	0.0653696	0.0581001	0.0497131	0.0408577	0.032339	0.0246137	0.017993	0.0126211	0.00848916	0.0054734	0.00338381	0.00200952	0.00115274	0.00064812	0.000369313	0.000226688	0.000160552	0.000133345	0.000106542	8.07927e-05	5.79991e-05	3.94773e-05	2.55458e-05	1.57569e-05	9.28344e-06	5.23247e-06	2.82452e-06	1.46163e-06	7.25943e-07	3.44741e-07	1.56516e-07	6.79323e-08	2.81844e-08	1.11771e-08	4.23668e-09	1.53503e-09	5.31738e-10	1.76209e-10	5.5951e-11	1.70923e-11	5.07244e-12	1.49358e-12	4.53597e-13	1.49512e-13	5.52122e-14	2.24399e-14	9.86719e-15	4.71026e-15	2.46099e-15	1.38981e-15	8.20596e-16	4.90361e-16	2.92592e-16	1.77609e-16	1.18661e-16	1.06257e-16	
N33	0.0330842	0.0360421	0.0396331	0.0438124	0.0484508	0.0533247	0.058114	0.0624183	0.065793	0.0678047	0.0680987	0.0664649	0.0628855	0.0575501	0.0510774	0.0438922	0.0364693	0.0292654	0.0226609	0.0169215	0.0121829	0.0084603	0.00567464	0.00368716	0.00233376	0.00145267	0.00090251	0.000570847	0.000362109	0.000230368	0.000146473	9.25294e-05	5.76843e-05	3.52642e-05	2.10301e-05	1.21868e-05	6.84453e-06	3.72011e-06	1.95596e-06	9.90024e-07	4.82032e-07	2.25633e-07	1.01491e-07	4.38531e-08	1.81975e-08	7.25145e-09	2.77506e-09	1.02026e-09	3.60657e-10	1.22782e-10	4.03817e-11	1.29064e-11	4.05277e-12	1.27493e-12	4.14525e-13	1.4494e-13	5.63707e-14	2.44858e-14	1.15342e-14	5.65728e-15	2.80165e-15	1.38227e-15	6.84578e-16	3.54508e-16	2.12878e-16	1.78753e-16	
N34	0.0262734	0.0286499	0.0315728	0.0350397	0.0389984	0.0433354	0.0478677	0.0523414	0.0564424	0.0598206	0.0621264	0.0630565	0.0623998	0.0600758	0.0564186	0.0515964	0.0458866	0.03964	0.0332332	0.0270214	0.0212986	0.0162728	0.0120565	0.00867429	0.00607969	0.00417868	0.00285246	0.00197673	0.00137572	0.000967249	0.000689412	0.000498201	0.000363868	0.000267122	0.000195831	0.000142466	0.00010229	7.21802e-05	4.99119e-05	3.35928e-05	2.1964e-05	1.39325e-05	8.56575e-06	5.10019e-06	2.93928e-06	1.63885e-06	8.83817e-07	4.60959e-07	2.32542e-07	1.1353e-07	5.37055e-08	2.46766e-08	1.10647e-08	4.88488e-09	2.15996e-09	9.88625e-10	5.0067e-10	3.07496e-10	2.3797e-10	2.17016e-10	2.12212e-10	2.11199e-10	2.12314e-10	2.20887e-10	2.49008e-10	3.20215e-10	
N35	0.00709277	0.00781947	0.00879378	0.0100383	0.0115721	0.0134084	0.0155528	0.0180013	0.0207379	0.0237321	0.0269361	0.0302805	0.0336715	0.036988	0.0402435	0.0432984	0.0459954	0.0481701	0.0496661	0.0503519	0.0501395	0.0489984	0.0469648	0.0441416	0.0406905	0.0368147	0.0327369	0.0286753	0.0246765	0.0208829	0.0173989	0.0142894	0.0115825	0.00927675	0.00734869	0.00576167	0.0044728	0.00343832	0.00261698	0.00196215	0.00144766	0.00104974	0.000747261	0.000521619	0.00035671	0.000238809	0.000156454	0.000100307	6.29718e-05	3.87669e-05	2.34649e-05	1.40247e-05	8.33132e-06	4.9637e-06	2.99934e-06	1.85976e-06	1.19455e-06	7.9828e-07	5.54161e-07	3.97551e-07	2.9335e-07	2.22674e-07	1.75443e-07	1.46659e-07	1.35028e-07	1.43315e-07	
Actinoscirpus_grossus	0	0	0	0	0	0	0	0	0	0	0	0	0	0	0	0	0	0	0	0	0	0	0	0	0	0	0	0	0	0	0	0	0	0	0	0	0	0	0	0	1	0	0	0	0	0	0	0	0	0	0	0	0	0	0	0	0	0	0	0	0	0	0	0	0	0	
N36	1.15853e-05	1.65716e-05	2.9198e-05	5.82037e-05	0.000122826	0.000261818	0.000546005	0.00109096	0.00206155	0.00365611	0.00606021	0.00937326	0.0135348	0.0182989	0.0234014	0.0285775	0.0338019	0.0393921	0.0459076	0.0538185	0.0630657	0.0727484	0.0811684	0.0862982	0.0865047	0.0811957	0.0710745	0.0578895	0.0437888	0.0307432	0.0200303	0.0121123	0.00679985	0.00354569	0.00171825	0.00077441	0.0003249	0.000127049	4.64002e-05	1.57858e-05	5.00729e-06	1.4823e-06	4.09913e-07	1.06002e-07	2.56616e-08	5.82253e-09	1.23983e-09	2.48121e-10	4.67449e-11	8.30609e-12	1.39513e-12	2.22082e-13	3.36052e-14	4.85063e-15	6.70433e-16	8.90899e-17	1.14267e-17	1.41941e-18	1.71179e-19	2.00658e-20	2.28582e-21	2.52715e-22	2.70679e-23	2.81274e-24	2.94722e-25	4.60527e-26	
N37	1.54164e-06	2.6133e-06	6.08163e-06	1.65224e-05	4.65474e-05	0.00012718	0.000326001	0.000771721	0.00167451	0.00331793	0.00599097	0.00984527	0.0147133	0.0199912	0.0248184	0.0282332	0.0296959	0.0295091	0.0289411	0.0299252	0.0343849	0.0433951	0.0564883	0.0714306	0.0846997	0.0926194	0.0927329	0.0847617	0.0706451	0.0536683	0.0371637	0.0234655	0.0135193	0.00711622	0.0034301	0.00152027	0.000624203	0.00024053	8.88528e-05	3.2224e-05	1.179e-05	4.4109e-06	1.67232e-06	6.26782e-07	2.26124e-07	7.69658e-08	2.44109e-08	7.16598e-09	1.94066e-09	4.84206e-10	1.11277e-10	2.35622e-11	4.59974e-12	8.28587e-13	1.379e-13	2.12539e-14	3.0534e-15	4.17489e-16	5.78273e-17	9.2755e-18	1.93594e-18	4.89038e-19	1.27552e-19	3.1542e-20	7.59763e-21	2.5894e-21	
Schoenoplectus_lacustris	0	0	0	0	0	0	0	0	0	0	0	0	0	0	0	0	0	0	0	0	1	0	0	0	0	0	0	0	0	0	0	0	0	0	0	0	0	0	0	0	0	0	0	0	0	0	0	0	0	0	0	0	0	0	0	0	0	0	0	0	0	0	0	0	0	0	
Schoenoplectus_pungens	0	0	0	0	0	0	0	0	0	0	0	0	0	0	0	0	0	0	0	0	0	0	0	0	0	0	0	0	0	0	0	0	0	0	0	0	0	0	1	0	0	0	0	0	0	0	0	0	0	0	0	0	0	0	0	0	0	0	0	0	0	0	0	0	0	0	
N38	1.92093e-14	2.56226e-15	1.88012e-16	9.69336e-18	4.84375e-19	4.41604e-19	2.32414e-17	1.51818e-15	8.51415e-14	4.02245e-12	1.57967e-10	5.08057e-09	1.31537e-07	2.68601e-06	4.23023e-05	0.000498264	0.00423018	0.0247433	0.0944358	0.221024	0.298727	0.226058	0.0987102	0.0263638	0.00457276	0.000542775	4.60501e-05	2.89414e-06	1.38746e-07	5.19891e-09	1.55406e-10	3.7705e-12	7.53618e-14	1.25691e-15	1.76904e-17	2.12218e-19	2.18937e-21	1.95838e-23	1.53095e-25	1.05136e-27	6.38344e-30	3.44841e-32	1.66821e-34	7.27737e-37	2.8854e-39	1.04942e-41	3.53928e-44	1.12062e-46	3.37375e-49	9.76554e-52	2.73705e-54	7.44123e-57	1.95716e-59	4.95731e-62	1.20481e-64	2.80741e-67	6.28976e-70	1.36303e-72	2.87867e-75	5.96382e-78	1.21554e-80	2.43266e-83	4.7518e-86	8.98834e-89	1.63426e-91	3.07676e-94	
Schoenoplectus_validus	0	0	0	0	0	0	0	0	0	0	0	0	0	0	0	0	0	0	0	0	1	0	0	0	0	0	0	0	0	0	0	0	0	0	0	0	0	0	0	0	0	0	0	0	0	0	0	0	0	0	0	0	0	0	0	0	0	0	0	0	0	0	0	0	0	0	
N39	4.24738e-21	2.70778e-22	6.98421e-24	1.24682e-25	4.89754e-27	5.64609e-27	1.49019e-24	5.67936e-22	1.76148e-19	4.34131e-17	8.35398e-15	1.22997e-12	1.35294e-10	1.08068e-08	6.06423e-07	2.29003e-05	0.000552157	0.00795029	0.0626532	0.240811	0.389658	0.232428	0.058309	0.00712061	0.000474607	1.88248e-05	4.7479e-07	8.02123e-09	9.4639e-11	8.06858e-13	5.11359e-15	2.46733e-17	9.25016e-20	2.74259e-22	6.54129e-25	1.31819e-27	3.79457e-30	5.11155e-32	1.08844e-33	1.9988e-35	3.02031e-37	3.73672e-39	3.76855e-41	3.08119e-43	2.02907e-45	1.06875e-47	4.47343e-50	1.48153e-52	3.8808e-55	8.07729e-58	1.34741e-60	1.82131e-63	2.01838e-66	1.85509e-69	1.42945e-72	9.32665e-76	5.19955e-79	2.50017e-82	1.09115e-85	1.01573e-88	6.85841e-91	5.93557e-93	4.27842e-95	2.47641e-97	1.12222e-99	4.13897e-102	
Schoenoplectus_triqueter	0	0	0	0	0	0	0	0	0	0	0	0	0	0	0	0	0	0	0	0	1	0	0	0	0	0	0	0	0	0	0	0	0	0	0	0	0	0	0	0	0	0	0	0	0	0	0	0	0	0	0	0	0	0	0	0	0	0	0	0	0	0	0	0	0	0	
Schoenoplectus_tabernaemontani	0	0	0	0	0	0	0	0	0	0	0	0	0	0	0	0	0	0	0	0	1	0	0	0	0	0	0	0	0	0	0	0	0	0	0	0	0	0	0	0	0	0	0	0	0	0	0	0	0	0	0	0	0	0	0	0	0	0	0	0	0	0	0	0	0	0	
N40	0.00465492	0.00519737	0.00600503	0.00716004	0.0087788	0.0110117	0.0140321	0.0180096	0.0230674	0.0292291	0.0363643	0.0441501	0.0520644	0.059423	0.0657543	0.0703854	0.0727727	0.0725995	0.0698355	0.0647438	0.0578335	0.0497694	0.041261	0.0329576	0.0253691	0.0188252	0.0134733	0.00930668	0.00619752	0.00398005	0.0024659	0.00147462	0.000851594	0.000475215	0.000256421	0.000133896	6.77251e-05	3.3222e-05	1.58325e-05	7.30721e-06	3.26786e-06	1.41677e-06	5.95736e-07	2.43061e-07	9.62656e-08	3.70282e-08	1.38407e-08	5.03144e-09	1.78074e-09	6.14491e-10	2.0715e-10	6.83906e-11	2.21805e-11	7.09115e-12	2.24281e-12	7.04066e-13	2.19899e-13	6.84054e-14	2.11849e-14	6.52051e-15	1.99012e-15	6.01668e-16	1.81024e-16	5.55606e-17	1.90908e-17	9.75299e-18	
N41	0.00261086	0.00318025	0.00426372	0.00607499	0.00890538	0.0130947	0.0189679	0.0267349	0.0363658	0.0474739	0.0592529	0.0705162	0.0798594	0.0859295	0.0881324	0.0860552	0.0799247	0.0705616	0.0591892	0.0471595	0.0356833	0.025638	0.0174911	0.0113313	0.00697126	0.00407358	0.0022613	0.00119279	0.000597924	0.000284927	0.000129114	5.56585e-05	2.28351e-05	8.92106e-06	3.32082e-06	1.17878e-06	3.99436e-07	1.29408e-07	4.01891e-08	1.19418e-08	3.40058e-09	9.2983e-10	2.44688e-10	6.21325e-11	1.52679e-11	3.64175e-12	8.45679e-13	1.91693e-13	4.25015e-14	9.22922e-15	1.9641e-15	4.09749e-16	8.38395e-17	1.68512e-17	3.33869e-18	6.56061e-19	1.28988e-19	2.56298e-20	5.18927e-21	1.07358e-21	2.25949e-22	4.79023e-23	1.01253e-23	2.13724e-24	4.82681e-25	1.70069e-25	
Schoenoplectiella_articulata	0	0	0	0	0	0	0	0	0	0	0	0	0	0	1	0	0	0	0	0	0	0	0	0	0	0	0	0	0	0	0	0	0	0	0	0	0	0	0	0	0	0	0	0	0	0	0	0	0	0	0	0	0	0	0	0	0	0	0	0	0	0	0	0	0	0	
Schoenoplectiella_senegalensis	0	0	0	0	0	0	0	0	0	0	0	0	0	1	0	0	0	0	0	0	0	0	0	0	0	0	0	0	0	0	0	0	0	0	0	0	0	0	0	0	0	0	0	0	0	0	0	0	0	0	0	0	0	0	0	0	0	0	0	0	0	0	0	0	0	0	
N42	3.28583e-06	3.27627e-06	3.01083e-06	2.64073e-06	2.37731e-06	2.37663e-06	2.73034e-06	3.53066e-06	4.8709e-06	6.72466e-06	8.87627e-06	1.12346e-05	1.47789e-05	2.31668e-05	4.51661e-05	9.86576e-05	0.000222802	0.000521176	0.00129179	0.00331792	0.00829499	0.0190398	0.0387186	0.068513	0.104607	0.137287	0.154657	0.149564	0.123915	0.0880121	0.0536566	0.028129	0.0127104	0.00496447	0.00168153	0.000495675	0.000127639	2.88256e-05	5.73583e-06	1.0057e-06	1.55786e-07	2.13672e-08	2.59991e-09	2.81135e-10	2.70608e-11	2.32266e-12	1.78109e-13	1.223e-14	7.54056e-16	4.1892e-17	2.1065e-18	9.64408e-20	4.05113e-21	1.5767e-22	5.75159e-24	1.99027e-25	6.60003e-27	2.10939e-28	6.49595e-30	1.91737e-31	5.38211e-33	1.4256e-34	3.54108e-36	8.21428e-38	1.78294e-39	4.59013e-41	
N43	1.459e-07	1.6114e-07	1.91805e-07	2.6497e-07	4.31113e-07	7.59694e-07	1.33639e-06	2.2729e-06	3.7259e-06	5.94095e-06	9.47192e-06	1.59401e-05	2.9633e-05	5.93473e-05	0.000118704	0.000221998	0.000380831	0.000624118	0.00109429	0.00229215	0.00549041	0.0131083	0.0284388	0.0539636	0.0883684	0.124302	0.149937	0.154987	0.137265	0.104178	0.0677926	0.0378591	0.0181673	0.00750295	0.00267184	0.000822183	0.000219169	5.07602e-05	1.02583e-05	1.81209e-06	2.83019e-07	4.08206e-08	6.38774e-09	1.4775e-09	5.09612e-10	1.92169e-10	6.69652e-11	2.06311e-11	5.56798e-12	1.31449e-12	2.71568e-13	4.91441e-14	7.79951e-15	1.08708e-15	1.33259e-16	1.43894e-17	1.37102e-18	1.15507e-19	8.63657e-21	5.81257e-22	3.81197e-23	3.37496e-24	5.66374e-25	1.24753e-25	2.62268e-26	7.03467e-27	
Schoenoplectiella_juncoides	0	0	0	0	0	0	0	0	0	0	0	0	0	0	0	0	0	0	0	0	0	0	0	0	0	0	0	0	0	0	0	0	0	0	0	0	1	0	0	0	0	0	0	0	0	0	0	0	0	0	0	0	0	0	0	0	0	0	0	0	0	0	0	0	0	0	
Schoenoplectiella_hotarui	0	0	0	0	0	0	0	0	0	0	0	0	0	0	0	0	0	0	0	0	0	1	0	0	0	0	0	0	0	0	0	0	0	0	0	0	0	0	0	0	0	0	0	0	0	0	0	0	0	0	0	0	0	0	0	0	0	0	0	0	0	0	0	0	0	0	
N44	1.86918e-08	2.55963e-08	4.38536e-08	9.35473e-08	2.26383e-07	5.56552e-07	1.28649e-06	2.66084e-06	4.77628e-06	7.31649e-06	9.5032e-06	1.05104e-05	1.01184e-05	9.0422e-06	8.81867e-06	1.2214e-05	2.76346e-05	8.73651e-05	0.000311936	0.00110227	0.00358027	0.0102427	0.025181	0.0524575	0.0918666	0.134626	0.164643	0.167768	0.142312	0.100464	0.0590364	0.0288995	0.0117994	0.00402507	0.00114971	0.000275739	5.57163e-05	9.52857e-06	1.38919e-06	1.73679e-07	1.88906e-08	1.83696e-09	1.68414e-10	1.5934e-11	1.71278e-12	2.11885e-13	2.77454e-14	3.5067e-15	4.04556e-16	4.14757e-17	3.73501e-18	2.94144e-19	2.02386e-20	1.21746e-21	6.41261e-23	2.96306e-24	1.20374e-25	4.31172e-27	1.36962e-28	3.93725e-30	1.11411e-31	3.95596e-33	2.15144e-34	1.42868e-35	9.0216e-37	6.60277e-38	
Schoenoplectiella_mucronata	0	0	0	0	0	0	0	0	0	0	0	0	0	0	0	0	0	0	0	0	1	0	0	0	0	0	0	0	0	0	0	0	0	0	0	0	0	0	0	0	0	0	0	0	0	0	0	0	0	0	0	0	0	0	0	0	0	0	0	0	0	0	0	0	0	0	
N45	2.625e-09	4.56707e-09	1.06978e-08	2.76975e-08	6.9086e-08	1.54411e-07	2.98694e-07	4.91792e-07	6.84613e-07	8.09161e-07	8.37164e-07	8.43149e-07	1.03175e-06	1.72124e-06	3.30825e-06	6.22663e-06	1.11455e-05	2.07121e-05	4.91123e-05	0.000163033	0.000620976	0.00223576	0.0070269	0.0187635	0.042108	0.078972	0.123342	0.16005	0.172277	0.153685	0.113586	0.0695662	0.0353328	0.0149021	0.00523111	0.00153579	0.000382903	8.59805e-05	2.10795e-05	7.4477e-06	3.55191e-06	1.74815e-06	7.89253e-07	3.19529e-07	1.1577e-07	3.74012e-08	1.06868e-08	2.67405e-09	5.80797e-10	1.08814e-10	1.75216e-11	2.4213e-12	2.87177e-13	2.92667e-14	2.56756e-15	1.9435e-16	1.27263e-17	7.23105e-19	3.58801e-20	1.62145e-21	9.26094e-23	1.41207e-23	3.61191e-24	8.47104e-25	1.66319e-25	3.88992e-26	
Schoenoplectiella_lineolata	0	0	0	0	0	0	0	0	0	0	0	0	0	0	0	0	0	0	0	0	0	0	0	0	0	0	0	0	0	1	0	0	0	0	0	0	0	0	0	0	0	0	0	0	0	0	0	0	0	0	0	0	0	0	0	0	0	0	0	0	0	0	0	0	0	0	
Schoenoplectiella_wallichii	0	0	0	0	0	0	0	0	0	0	0	0	0	0	0	0	0	0	0	0	0	0	0	0	0	0	0	0	0	0	0	0	0	0	0	1	0	0	0	0	0	0	0	0	0	0	0	0	0	0	0	0	0	0	0	0	0	0	0	0	0	0	0	0	0	0	
N46	0.032556	0.0353876	0.0387592	0.0426347	0.0469084	0.0513943	0.0558251	0.0598619	0.0631226	0.0652251	0.0658416	0.0647545	0.0619011	0.0573947	0.0517615	0.0453364	0.0385168	0.0317079	0.0252723	0.019491	0.0145414	0.0104957	0.00733392	0.00496857	0.00327277	0.00210615	0.00133483	0.000843815	0.000530984	0.000334379	0.000211505	0.000134593	8.61359e-05	5.53366e-05	3.55953e-05	2.28628e-05	1.46253e-05	9.29681e-06	5.86157e-06	3.64153e-06	2.2236e-06	1.33147e-06	7.80038e-07	4.46113e-07	2.48558e-07	1.34673e-07	7.08539e-08	3.61587e-08	1.78893e-08	8.58169e-09	3.99588e-09	1.81022e-09	8.01092e-10	3.484e-10	1.50031e-10	6.44189e-11	2.79078e-11	1.26128e-11	6.57408e-12	4.73861e-12	4.9732e-12	6.35641e-12	8.52567e-12	1.15727e-11	1.63132e-11	2.50195e-11	
N47	0.0170624	0.0187441	0.0209447	0.0236929	0.0269876	0.0307866	0.0349967	0.0394677	0.0439921	0.048314	0.0521464	0.055197	0.0571988	0.0579422	0.057566	0.0560271	0.0533698	0.0497222	0.0452824	0.0402962	0.0350307	0.0297466	0.024675	0.0199989	0.015845	0.0122811	0.0093227	0.00694233	0.00506354	0.00362063	0.00254075	0.00175195	0.00118867	0.000794718	0.000524367	0.00034196	0.000220725	0.000141198	8.96275e-05	5.6221e-05	3.48344e-05	2.1304e-05	1.28484e-05	7.6335e-06	4.46318e-06	2.56581e-06	1.44941e-06	8.04324e-07	4.38613e-07	2.35293e-07	1.24436e-07	6.51072e-08	3.3881e-08	1.76616e-08	9.30221e-09	4.99407e-09	2.75236e-09	1.56238e-09	9.12588e-10	5.46497e-10	3.34639e-10	2.10225e-10	1.37597e-10	9.71163e-11	7.82007e-11	7.67057e-11	
Schoenoplectus_litoralis	0	0	0	0	0	0	0	0	0	0	0	0	0	0	0	0	0	0	0	1	0	0	0	0	0	0	0	0	0	0	0	0	0	0	0	0	0	0	0	0	0	0	0	0	0	0	0	0	0	0	0	0	0	0	0	0	0	0	0	0	0	0	0	0	0	0	
N48	2.60805e-09	1.41503e-09	1.07512e-09	2.09334e-09	7.77082e-09	3.16629e-08	1.14679e-07	3.52171e-07	9.10572e-07	2.01377e-06	4.17325e-06	1.08785e-05	4.54119e-05	0.000228809	0.00105709	0.00410608	0.0131159	0.0341594	0.0721412	0.123029	0.168903	0.186305	0.164975	0.117321	0.067104	0.0309558	0.0115743	0.00355028	0.000933223	0.00025098	9.94042e-05	5.84328e-05	3.58378e-05	1.93817e-05	8.90767e-06	3.46139e-06	1.13835e-06	3.17542e-07	7.53615e-08	1.51965e-08	2.60949e-09	3.8238e-10	4.79131e-11	5.14486e-12	4.74562e-13	3.77053e-14	2.58868e-15	1.54142e-16	7.99434e-18	3.629e-19	1.44985e-20	5.12901e-22	1.61717e-23	4.57552e-25	1.16956e-26	2.71798e-28	5.77424e-30	1.1263e-31	2.02318e-33	3.35293e-35	5.13077e-37	7.25135e-39	9.46548e-41	1.14141e-42	1.27688e-44	1.62202e-46	
Bolboschoenus_maritimus	0	0	0	0	0	0	0	0	0	0	0	0	0	0	0	0	0	0	0	1	0	0	0	0	0	0	0	0	0	0	0	0	0	0	0	0	0	0	0	0	0	0	0	0	0	0	0	0	0	0	0	0	0	0	0	0	0	0	0	0	0	0	0	0	0	0	
N49	1.30481e-10	1.04069e-10	1.39964e-10	4.41752e-10	1.95375e-09	8.26265e-09	2.99902e-08	9.13413e-08	2.33561e-07	5.19289e-07	1.20423e-06	4.42284e-06	2.53805e-05	0.000149495	0.000757395	0.00316391	0.0107671	0.0296562	0.0657823	0.117042	0.166537	0.189138	0.171311	0.123775	0.0714313	0.0330069	0.0122639	0.003703	0.000948219	0.000249613	0.000103348	6.63039e-05	4.37721e-05	2.51991e-05	1.24444e-05	5.71981e-06	3.35907e-06	3.41972e-06	4.36965e-06	5.0982e-06	4.98626e-06	4.02334e-06	2.66498e-06	1.44567e-06	6.41359e-07	2.3255e-07	6.8929e-08	1.67204e-08	3.32623e-09	5.44296e-10	7.35485e-11	8.24455e-12	7.70659e-13	6.04077e-14	3.99371e-15	2.23849e-16	1.06958e-17	4.38129e-19	1.54721e-20	4.73762e-22	1.2818e-23	5.86745e-25	4.00323e-25	4.05683e-25	3.06765e-25	2.21495e-25	
Bolboschoenus_fluviatilis	0	0	0	0	0	0	0	0	0	0	0	0	0	0	0	0	0	0	0	0	0	0	0	0	0	0	0	0	0	0	0	0	0	0	0	0	0	0	0	0	0	0	0	0	0	0	1	0	0	0	0	0	0	0	0	0	0	0	0	0	0	0	0	0	0	0	
Bolboschoenus_planiculmis	0	0	0	0	0	0	0	0	0	0	0	0	0	0	0	0	0	0	0	0	0	0	0	0	0	0	0	1	0	0	0	0	0	0	0	0	0	0	0	0	0	0	0	0	0	0	0	0	0	0	0	0	0	0	0	0	0	0	0	0	0	0	0	0	0	0	
N50	2.13936e-05	3.1874e-05	5.58233e-05	0.000103605	0.000198109	0.000388461	0.000774415	0.00154285	0.00301071	0.00565584	0.0101021	0.0170178	0.0269024	0.0397846	0.0551557	0.0715453	0.0867372	0.0982167	0.10384	0.102486	0.0944235	0.0812161	0.0652288	0.0489335	0.0343027	0.0224823	0.0137861	0.00791571	0.00425255	0.00213884	0.00100776	0.000445146	0.00018448	7.1791e-05	2.62583e-05	9.03614e-06	2.92905e-06	8.95617e-07	2.58891e-07	7.05871e-08	1.81716e-08	4.4216e-09	1.01804e-09	2.22047e-10	4.59362e-11	9.02549e-12	1.68666e-12	3.00285e-13	5.10264e-14	8.29326e-15	1.29227e-15	1.9356e-16	2.79469e-17	3.90081e-18	5.27799e-19	6.93904e-20	8.88e-21	1.10722e-21	1.34528e-22	1.59172e-23	1.83178e-24	2.04764e-25	2.22312e-26	2.36137e-27	2.58022e-28	4.10735e-29	
Fuirena_umbellata	0	0	0	0	0	0	0	0	0	0	0	0	0	0	0	0	0	0	0	0	0	0	0	0	0	1	0	0	0	0	0	0	0	0	0	0	0	0	0	0	0	0	0	0	0	0	0	0	0	0	0	0	0	0	0	0	0	0	0	0	0	0	0	0	0	0	
N51	1.16769e-06	1.70185e-06	3.42066e-06	8.7642e-06	2.5224e-05	7.42533e-05	0.000212595	0.000576843	0.00146159	0.00342605	0.00738265	0.0145599	0.0261973	0.042903	0.0640927	0.087156	0.10774	0.12097	0.123306	0.114069	0.0957638	0.0729652	0.0504675	0.0316988	0.0180891	0.00938396	0.00442834	0.00190245	0.000744642	0.000265785	8.65932e-05	2.57789e-05	7.02054e-06	1.75127e-06	4.00715e-07	8.42466e-08	1.6309e-08	2.91569e-09	4.83758e-10	7.46345e-11	1.07782e-11	1.47054e-12	1.91918e-13	2.43137e-14	3.03306e-15	3.7604e-16	4.63621e-17	5.63922e-18	6.68241e-19	7.61671e-20	8.26558e-21	8.47953e-22	8.18788e-23	7.42481e-24	6.31931e-25	5.05574e-26	3.82363e-27	2.77581e-28	2.00514e-29	1.5393e-30	1.34705e-31	1.35135e-32	1.44915e-33	1.54042e-34	1.59347e-35	2.28244e-36	
Fuirena_simplex	0	0	0	0	0	0	0	0	0	0	0	0	0	0	1	0	0	0	0	0	0	0	0	0	0	0	0	0	0	0	0	0	0	0	0	0	0	0	0	0	0	0	0	0	0	0	0	0	0	0	0	0	0	0	0	0	0	0	0	0	0	0	0	0	0	0	
N52	3.57648e-09	5.30058e-09	9.68839e-09	1.83206e-08	3.56835e-08	9.25383e-08	4.02087e-07	2.23242e-06	1.20741e-05	5.84941e-05	0.000248752	0.000922177	0.0029673	0.00825574	0.0198586	0.0411191	0.0730472	0.111035	0.144102	0.159408	0.15014	0.120336	0.0820795	0.0476756	0.0236113	0.00998818	0.00361743	0.00112483	0.000301243	6.97484e-05	1.40264e-05	2.46493e-06	3.81965e-07	5.2961e-08	6.73255e-09	8.14489e-10	9.80279e-11	1.2091e-11	1.52014e-12	1.87748e-13	2.19622e-14	2.3738e-15	2.33986e-16	2.09152e-17	1.69249e-18	1.24023e-19	8.23929e-21	4.97011e-22	2.72693e-23	1.36326e-24	6.22095e-26	2.59614e-27	9.93057e-29	3.49404e-30	1.13939e-31	3.51086e-33	1.07359e-34	3.59247e-36	1.45741e-37	7.08477e-39	3.69224e-40	1.88128e-41	8.97746e-43	3.9532e-44	1.61374e-45	8.13647e-47	
Fuirena_ciliaris	0	0	0	0	0	0	0	0	0	0	0	0	0	0	0	0	0	0	1	0	0	0	0	0	0	0	0	0	0	0	0	0	0	0	0	0	0	0	0	0	0	0	0	0	0	0	0	0	0	0	0	0	0	0	0	0	0	0	0	0	0	0	0	0	0	0	
N53	3.89862e-12	1.74875e-12	5.32092e-13	1.14945e-13	1.83005e-14	2.26248e-15	3.33959e-16	9.99733e-16	3.67499e-14	1.45988e-12	4.87863e-11	1.34509e-09	3.02385e-08	5.47113e-07	7.86672e-06	8.82889e-05	0.000758246	0.00487075	0.0227941	0.0754075	0.170574	0.254997	0.244828	0.149123	0.0583754	0.0151218	0.00268335	0.000337391	3.09922e-05	2.13664e-06	1.13219e-07	4.71497e-09	1.58129e-10	4.42908e-12	1.11101e-13	2.82066e-15	8.10017e-17	2.55971e-18	7.93029e-20	2.21744e-21	5.42169e-23	1.14991e-24	2.1163e-26	3.38947e-28	4.74099e-30	5.81232e-32	6.26728e-34	5.96334e-36	5.02277e-38	3.75611e-40	2.50103e-42	1.48694e-44	7.91577e-47	3.78618e-49	1.63722e-51	6.51523e-54	2.53367e-56	1.13412e-58	7.13356e-61	5.91406e-63	5.19507e-65	4.29887e-67	3.2328e-69	2.19182e-71	1.34053e-73	8.36438e-76	
Fuirena_breviseta	0	0	0	0	0	0	0	0	0	0	0	0	0	0	0	0	0	0	0	0	0	0	1	0	0	0	0	0	0	0	0	0	0	0	0	0	0	0	0	0	0	0	0	0	0	0	0	0	0	0	0	0	0	0	0	0	0	0	0	0	0	0	0	0	0	0	
N54	1.03603e-21	2.6312e-23	3.12716e-25	3.2978e-27	4.68807e-29	7.11763e-31	8.94011e-33	1.68143e-34	2.55504e-32	3.99326e-29	5.06156e-26	5.07342e-23	3.95269e-20	2.34622e-17	1.03724e-14	3.31785e-12	7.41615e-10	1.10858e-07	1.046e-05	0.000574952	0.0163197	0.195014	0.640929	0.138681	0.0082607	0.000207522	2.69891e-06	2.05119e-08	9.8756e-11	3.19227e-13	7.24089e-16	1.19342e-18	1.47039e-21	1.38673e-24	1.02202e-27	6.038e-31	3.18514e-34	2.78358e-37	6.74816e-40	1.98531e-42	5.01077e-45	1.04478e-47	1.79551e-50	2.54416e-53	2.97273e-56	2.86403e-59	2.27481e-62	1.48968e-65	8.04809e-69	3.59227e-72	1.328e-75	4.08062e-79	1.04699e-82	2.25518e-86	4.10211e-90	6.3411e-94	8.39696e-98	9.78391e-102	1.24217e-105	3.88759e-109	2.73238e-112	1.97584e-115	1.23263e-118	6.48829e-122	2.86611e-125	1.0913e-128	
Fuirena_pumila	0	0	0	0	0	0	0	0	0	0	0	0	0	0	0	0	0	0	0	0	0	0	1	0	0	0	0	0	0	0	0	0	0	0	0	0	0	0	0	0	0	0	0	0	0	0	0	0	0	0	0	0	0	0	0	0	0	0	0	0	0	0	0	0	0	0	
Fuirena_scirpoidea	0	0	0	0	0	0	0	0	0	0	0	0	0	0	0	0	0	0	0	0	0	0	1	0	0	0	0	0	0	0	0	0	0	0	0	0	0	0	0	0	0	0	0	0	0	0	0	0	0	0	0	0	0	0	0	0	0	0	0	0	0	0	0	0	0	0	
N55	0.00728796	0.00831126	0.00993521	0.0122717	0.0154323	0.019502	0.0245069	0.0303808	0.0369386	0.0438644	0.0507211	0.0569854	0.0621062	0.065578	0.0673221	0.0671342	0.0649935	0.0610659	0.0556781	0.0492675	0.0423199	0.0353054	0.0286267	0.022584	0.0173618	0.0130339	0.00958281	0.00692599	0.00490446	0.0034071	0.00232461	0.00155903	0.00102824	0.000666955	0.000425295	0.00026642	0.000163806	9.8762e-05	5.83538e-05	3.36018e-05	1.88292e-05	1.02546e-05	5.42186e-06	2.78053e-06	1.38221e-06	6.65765e-07	3.10705e-07	1.40549e-07	6.16871e-08	2.63183e-08	1.09486e-08	4.46231e-09	1.79396e-09	7.17818e-10	2.88857e-10	1.1807e-10	4.9357e-11	2.11284e-11	9.21953e-12	4.06698e-12	1.79845e-12	7.93875e-13	3.5228e-13	1.62696e-13	8.62416e-14	6.37818e-14	
N56	0.00442293	0.00506177	0.0060928	0.00760533	0.00970445	0.0124991	0.0160834	0.0205122	0.0257728	0.0317592	0.0382528	0.0449194	0.0513241	0.0569702	0.0616291	0.0648887	0.0664316	0.0660832	0.0638407	0.0598755	0.0545088	0.0481656	0.0413154	0.0344127	0.027847	0.0219095	0.0167801	0.0125318	0.00912012	0.00647593	0.00449326	0.00305158	0.0020325	0.00133045	0.00085784	0.000546047	0.000343878	0.000214667	0.000133053	8.15576e-05	4.94095e-05	2.95491e-05	1.74158e-05	1.00964e-05	5.74539e-06	3.20287e-06	1.74591e-06	9.29127e-07	4.82089e-07	2.43653e-07	1.19897e-07	5.74604e-08	2.68646e-08	1.23058e-08	5.57448e-09	2.54254e-09	1.20293e-09	6.1275e-10	3.44861e-10	2.13361e-10	1.40775e-10	9.61473e-11	6.7366e-11	4.9547e-11	4.0805e-11	4.16918e-11	
N57	0.000308602	0.000398019	0.000582655	0.000911893	0.00145781	0.00231286	0.00358106	0.00536014	0.00771463	0.0106435	0.014051	0.0177338	0.0213947	0.0246925	0.0274389	0.0294679	0.0307916	0.0316297	0.0323798	0.0335289	0.0355199	0.0386104	0.0427638	0.04761	0.0524948	0.0566106	0.0591771	0.0596206	0.0576358	0.0533521	0.0472418	0.0399996	0.0323871	0.0250867	0.0186018	0.0132157	0.00900625	0.0058959	0.00371492	0.00224679	0.00130603	0.000730546	0.000393645	0.000204518	0.000102535	4.9639e-05	2.32196e-05	1.05016e-05	4.59615e-06	1.94882e-06	8.01874e-07	3.20919e-07	1.25298e-07	4.79008e-08	1.80026e-08	6.67728e-09	2.45158e-09	8.92354e-10	3.21928e-10	1.14906e-10	4.04887e-11	1.40785e-11	4.86167e-12	1.71255e-12	6.72025e-13	3.78293e-13	
Scirpoides_holoschoenus	0	0	0	0	0	0	0	0	0	0	0	0	0	0	0	0	0	0	0	0	1	0	0	0	0	0	0	0	0	0	0	0	0	0	0	0	0	0	0	0	0	0	0	0	0	0	0	0	0	0	0	0	0	0	0	0	0	0	0	0	0	0	0	0	0	0	
Scirpoides_holoschoenus_subsp_thunbergii	0	0	0	0	0	0	0	0	0	0	0	0	0	0	0	0	0	0	0	0	0	0	0	0	0	0	0	0	0	0	0	0	0	0	0	0	0	0	0	0	0	1	0	0	0	0	0	0	0	0	0	0	0	0	0	0	0	0	0	0	0	0	0	0	0	0	
N58	1.91232e-05	2.85414e-05	5.30963e-05	0.000110462	0.000239047	0.00051612	0.00108559	0.00219289	0.00421519	0.00766229	0.0131136	0.0210627	0.031676	0.0445291	0.058692	0.0724468	0.0837215	0.0906297	0.0920373	0.0879155	0.0793208	0.0680123	0.0558905	0.0444936	0.0347298	0.0268775	0.0207723	0.0160489	0.0123217	0.00931552	0.0068654	0.00488775	0.00333723	0.00217342	0.00134492	0.000788673	0.000437557	0.000229513	0.000113862	5.3212e-05	2.34282e-05	9.72084e-06	3.8027e-06	1.40317e-06	4.88602e-07	1.60619e-07	4.98629e-08	1.4623e-08	4.05287e-09	1.06234e-09	2.63685e-10	6.21042e-11	1.39237e-11	2.98502e-12	6.15473e-13	1.22852e-13	2.38869e-14	4.54392e-15	8.46644e-16	1.54147e-16	2.72844e-17	4.66571e-18	7.66823e-19	1.21432e-19	1.95905e-20	4.80972e-21	
N59	2.1863e-05	3.15103e-05	5.58483e-05	0.000111032	0.000231433	0.00048461	0.0009935	0.00196348	0.00370549	0.00663807	0.0112448	0.0179672	0.0270335	0.0382593	0.0511071	0.0643704	0.0764194	0.0855343	0.0903344	0.0901507	0.0851971	0.0764728	0.065447	0.0536563	0.0423667	0.0323954	0.0241043	0.0175098	0.0124298	0.00861095	0.00580222	0.00378588	0.00238087	0.00143695	0.000829404	0.00045666	0.000239467	0.00011954	5.68511e-05	2.56695e-05	1.10142e-05	4.49857e-06	1.75328e-06	6.54241e-07	2.34732e-07	8.13824e-08	2.74178e-08	9.02769e-09	2.9212e-09	9.33557e-10	2.95899e-10	9.33316e-11	2.93638e-11	9.22385e-12	2.89071e-12	9.01893e-13	2.79683e-13	8.65544e-14	2.7265e-14	9.16566e-15	3.50817e-15	1.56849e-15	7.82673e-16	4.1496e-16	2.45224e-16	2.03504e-16	
Cyperus_fuscus	0	0	0	0	0	0	0	0	0	0	0	0	0	0	0	0	0	0	0	0	0	0	0	1	0	0	0	0	0	0	0	0	0	0	0	0	0	0	0	0	0	0	0	0	0	0	0	0	0	0	0	0	0	0	0	0	0	0	0	0	0	0	0	0	0	0	
Cyperus_eragrostis	0	0	0	0	0	0	0	0	0	0	0	0	0	0	0	0	0	0	0	0	1	0	0	0	0	0	0	0	0	0	0	0	0	0	0	0	0	0	0	0	0	0	0	0	0	0	0	0	0	0	0	0	0	0	0	0	0	0	0	0	0	0	0	0	0	0	
N60	1.08025e-05	1.6823e-05	3.2585e-05	7.02104e-05	0.000157565	0.000354372	0.000779873	0.00165304	0.00333756	0.00636718	0.0114078	0.0191067	0.0298108	0.0432253	0.0583201	0.0731515	0.0852871	0.0924894	0.0934561	0.0882713	0.0783447	0.0658736	0.0530999	0.0416982	0.0325046	0.0255941	0.020563	0.0168406	0.0139126	0.0114271	0.00920263	0.00718576	0.0053952	0.00387264	0.00264878	0.00172619	0.00107704	0.000651518	0.000390949	0.00023887	0.000152427	0.000101977	7.00026e-05	4.77175e-05	3.13863e-05	1.95406e-05	1.13866e-05	6.1726e-06	3.10303e-06	1.44434e-06	6.22036e-07	2.47819e-07	9.13414e-08	3.11566e-08	9.84017e-09	2.87995e-09	7.82571e-10	1.98778e-10	4.86111e-11	1.28469e-11	4.75958e-12	2.70869e-12	1.83283e-12	1.24531e-12	8.80679e-13	8.26372e-13	
N61	3.31538e-13	4.54593e-12	9.33112e-11	1.75974e-09	2.8357e-08	3.81492e-07	4.21661e-06	3.7764e-05	0.000270604	0.00153316	0.00679156	0.0232763	0.0611298	0.122011	0.184796	0.2113	0.182078	0.118407	0.0583574	0.0219421	0.00634723	0.00142633	0.000251603	3.52165e-05	3.95358e-06	3.59777e-07	2.68097e-08	1.65189e-09	8.49271e-11	3.67473e-12	1.34899e-13	4.23304e-15	1.14337e-16	2.67566e-18	5.4577e-20	9.7582e-22	1.5374e-23	2.14534e-25	2.72132e-27	8.76295e-29	4.93446e-29	3.47206e-29	2.05453e-29	1.01418e-29	4.17208e-30	1.43206e-30	4.11931e-31	1.00231e-31	2.09082e-32	3.80872e-33	6.19772e-34	9.23054e-35	1.2867e-35	1.70835e-36	2.18627e-37	2.71802e-38	3.30244e-39	3.94525e-40	4.66657e-41	5.50862e-42	6.54181e-43	7.86746e-44	9.616e-45	1.19396e-45	1.50196e-46	2.11379e-47	
Cyperus_alternifolius	0	0	0	0	0	0	0	0	0	0	0	0	0	0	0	1	0	0	0	0	0	0	0	0	0	0	0	0	0	0	0	0	0	0	0	0	0	0	0	0	0	0	0	0	0	0	0	0	0	0	0	0	0	0	0	0	0	0	0	0	0	0	0	0	0	0	
N62	2.67465e-13	3.46726e-12	7.33565e-11	1.4398e-09	2.4061e-08	3.34251e-07	3.79997e-06	3.48795e-05	0.000255299	0.00147278	0.00662246	0.0229698	0.0608701	0.122233	0.18572	0.212411	0.182546	0.11804	0.0576712	0.0214287	0.00610609	0.00134718	0.000232528	3.17358e-05	3.46174e-06	3.04974e-07	2.19204e-08	1.2979e-09	6.3882e-11	2.63631e-12	9.19848e-14	2.74178e-15	7.21096e-17	2.03122e-18	1.12356e-19	1.21019e-20	1.37414e-21	1.35555e-22	1.13037e-23	7.93101e-25	4.68064e-26	2.33e-27	9.79059e-29	3.47858e-30	1.04782e-31	2.6852e-33	5.87885e-35	1.10479e-36	1.79116e-38	2.51851e-40	3.08755e-42	3.31766e-44	3.14073e-46	2.63246e-48	1.96283e-50	1.30774e-52	7.81845e-55	4.21185e-57	2.05504e-59	9.23117e-62	4.2566e-64	4.55664e-66	1.37702e-66	1.01683e-66	5.6496e-67	2.52167e-67	
Cyperus_difformis	0	0	0	0	0	0	0	0	0	0	0	0	0	0	0	1	0	0	0	0	0	0	0	0	0	0	0	0	0	0	0	0	0	0	0	0	0	0	0	0	0	0	0	0	0	0	0	0	0	0	0	0	0	0	0	0	0	0	0	0	0	0	0	0	0	0	
Cyperus_involucratus	0	0	0	0	0	0	0	0	0	0	0	0	0	0	0	1	0	0	0	0	0	0	0	0	0	0	0	0	0	0	0	0	0	0	0	0	0	0	0	0	0	0	0	0	0	0	0	0	0	0	0	0	0	0	0	0	0	0	0	0	0	0	0	0	0	0	
N63	6.85834e-07	1.03509e-06	1.94616e-06	4.11145e-06	9.12882e-06	2.04908e-05	4.54282e-05	9.79438e-05	0.000203013	0.000400932	0.00074917	0.00131764	0.00217406	0.00336185	0.00486344	0.00661844	0.00852855	0.0104809	0.0123677	0.014092	0.0155634	0.0166953	0.0174171	0.0176976	0.0175615	0.0170825	0.0163532	0.0154509	0.0144175	0.0132715	0.0120289	0.0107248	0.00943043	0.00827012	0.0074484	0.00728582	0.00824752	0.0109337	0.015993	0.0238443	0.0344681	0.0470971	0.0601018	0.0712183	0.0781329	0.0792347	0.0742047	0.0641418	0.0511577	0.0376427	0.0255539	0.0160069	0.00925468	0.00494125	0.00243822	0.0011134	0.000472223	0.00018913	7.83601e-05	4.73576e-05	5.63623e-05	9.10388e-05	0.000147458	0.000228272	0.000351162	0.000574241	
Kyllingiella_microcephala	0	0	0	0	0	0	0	0	0	0	0	0	0	0	0	0	0	0	0	0	0	0	0	0	0	0	0	0	0	0	0	0	0	0	0	0	0	0	0	0	0	0	0	0	0	0	0	0	0	1	0	0	0	0	0	0	0	0	0	0	0	0	0	0	0	0	
N64	3.56201e-07	5.32747e-07	9.79715e-07	1.999e-06	4.27616e-06	9.29676e-06	2.01181e-05	4.26259e-05	8.72586e-05	0.000170836	0.000317649	0.000558678	0.000928305	0.00145947	0.00210532	0.00286416	0.0037456	0.00477621	0.00599442	0.00743114	0.00908043	0.0108737	0.0126736	0.0142964	0.0155573	0.0163187	0.0165221	0.0161924	0.0154199	0.0143348	0.0130831	0.0118097	0.0106507	0.00974071	0.00923998	0.00938191	0.0105225	0.0131557	0.0178512	0.0250902	0.0349435	0.0468232	0.0593525	0.0705236	0.0781723	0.0806281	0.0772775	0.0687803	0.0568341	0.0436016	0.0310646	0.0205653	0.0126615	0.00725957	0.00388598	0.00195316	0.000937017	0.000451336	0.000248385	0.000185232	0.000185116	0.000208277	0.000235402	0.000261084	0.000293068	0.000354065	
Cyperus_cuspidatus	0	0	0	0	0	0	0	0	0	0	0	0	0	0	0	0	0	0	0	0	0	0	0	0	0	0	0	0	0	0	0	0	0	0	0	0	0	0	0	0	0	0	0	0	0	0	0	0	0	0	0	0	0	0	0	1	0	0	0	0	0	0	0	0	0	0	
Cyperus_cyperoides	0	0	0	0	0	0	0	0	0	0	0	0	0	0	0	0	0	0	0	0	0	0	0	0	0	0	0	0	0	0	0	0	0	0	0	0	0	0	0	0	1	0	0	0	0	0	0	0	0	0	0	0	0	0	0	0	0	0	0	0	0	0	0	0	0	0	
N65	0.00462207	0.00528303	0.00634354	0.00789489	0.010045	0.0129041	0.0165644	0.021073	0.0264049	0.0324383	0.0389415	0.0455761	0.0519192	0.0575055	0.0616781	0.06416	0.0648178	0.0636725	0.0608886	0.056743	0.0515832	0.0457828	0.0397021	0.0336585	0.0279094	0.0226439	0.0179843	0.0139917	0.0106493	0.00793095	0.00578162	0.0041285	0.00289079	0.00198775	0.00134477	0.00089709	0.000591527	0.000386474	0.000250769	0.000161264	0.000102752	6.4795e-05	4.03612e-05	2.47755e-05	1.49483e-05	8.84254e-06	5.11674e-06	2.89089e-06	1.59254e-06	8.54729e-07	4.4692e-07	2.27913e-07	1.13692e-07	5.58206e-08	2.72907e-08	1.3549e-08	7.02516e-09	3.91798e-09	2.38684e-09	1.57341e-09	1.09238e-09	7.76725e-10	5.55955e-10	4.01545e-10	3.0629e-10	2.82996e-10	
Scirpus_ficinioides	0	0	0	0	0	0	0	0	0	0	0	0	0	0	0	0	0	0	0	0	0	0	0	0	0	0	0	0	0	0	0	0	0	0	0	0	0	0	0	0	0	0	0	0	0	0	0	0	0	0	0	1	0	0	0	0	0	0	0	0	0	0	0	0	0	0	
N66	0.00214458	0.00225524	0.00236455	0.00254705	0.00294589	0.00381264	0.00554064	0.00867102	0.0138422	0.0216532	0.0324333	0.0459608	0.0612326	0.0764231	0.089535	0.0982949	0.101019	0.0971257	0.0873275	0.0734071	0.0576803	0.0423634	0.0290828	0.0186641	0.011199	0.00628431	0.00329906	0.00162089	0.00074537	0.000320961	0.000129486	4.89715e-05	1.73739e-05	5.78626e-06	1.81047e-06	5.32676e-07	1.4752e-07	3.85045e-08	9.49222e-09	2.20516e-09	4.83176e-10	9.99394e-11	1.95302e-11	3.609e-12	6.31185e-13	1.04573e-13	1.64289e-14	2.45039e-15	3.47459e-16	4.69199e-17	6.04662e-18	7.45566e-19	8.82256e-20	1.00535e-20	1.10714e-21	1.18226e-22	1.22754e-23	1.2414e-24	1.22326e-25	1.17355e-26	1.0941e-27	9.88908e-29	8.64547e-30	7.31284e-31	6.17211e-32	7.60835e-33	
N67	0.00196242	0.00228335	0.00287181	0.00390817	0.00570868	0.00874799	0.0136263	0.0209491	0.0311114	0.0440249	0.0588824	0.074084	0.0874302	0.0965892	0.100182	0.0974313	0.0887824	0.0757628	0.060526	0.0452575	0.0316696	0.0207383	0.012708	0.00728748	0.00391124	0.00196494	0.000924179	0.00040703	0.000167906	6.48923e-05	2.35043e-05	7.98146e-06	2.54201e-06	7.59698e-07	2.1317e-07	5.62043e-08	1.3941e-08	3.26022e-09	7.2209e-10	1.51869e-10	3.06604e-11	6.06406e-12	1.21543e-12	2.57695e-13	5.9567e-14	1.49134e-14	3.89452e-15	1.01756e-15	2.58309e-16	6.26625e-17	1.44067e-17	3.1271e-18	6.39771e-19	1.23302e-19	2.2386e-20	3.83065e-21	6.18873e-22	9.49483e-23	1.41117e-23	2.15851e-24	3.86788e-25	9.08929e-26	2.61382e-26	7.94899e-27	2.50698e-27	1.16106e-27	
Isolepis_marginata	0	0	0	1	0	0	0	0	0	0	0	0	0	0	0	0	0	0	0	0	0	0	0	0	0	0	0	0	0	0	0	0	0	0	0	0	0	0	0	0	0	0	0	0	0	0	0	0	0	0	0	0	0	0	0	0	0	0	0	0	0	0	0	0	0	0	
N68	0.000618202	0.000853529	0.00140048	0.00250653	0.00458712	0.00824383	0.0142137	0.0232026	0.0355887	0.0510569	0.0683144	0.0850824	0.0984945	0.105858	0.105998	0.0987912	0.085645	0.069035	0.0517268	0.0360245	0.0233197	0.0140326	0.00785112	0.00408534	0.00197785	0.000891359	0.000374204	0.000146487	5.35058e-05	1.82625e-05	5.83735e-06	1.75296e-06	4.96986e-07	1.33993e-07	3.47099e-08	8.75472e-09	2.182e-09	5.44181e-10	1.3667e-10	3.43158e-11	8.51949e-12	2.06384e-12	4.82087e-13	1.07617e-13	2.28213e-14	4.58039e-15	8.68289e-16	1.55306e-16	2.62033e-17	4.17163e-18	6.27284e-19	8.92732e-20	1.20739e-20	1.56438e-21	1.97178e-22	2.48275e-23	3.24295e-24	4.55403e-25	6.94423e-26	1.12247e-26	1.8497e-27	3.00726e-28	4.72947e-29	7.15951e-30	1.09295e-30	2.51735e-31	
Desmoschoenus_spiralis	0	0	0	0	0	0	0	0	0	0	0	0	0	0	1	0	0	0	0	0	0	0	0	0	0	0	0	0	0	0	0	0	0	0	0	0	0	0	0	0	0	0	0	0	0	0	0	0	0	0	0	0	0	0	0	0	0	0	0	0	0	0	0	0	0	0	
Ficinia_nodosa	0	0	0	0	0	0	0	0	0	0	0	0	0	0	1	0	0	0	0	0	0	0	0	0	0	0	0	0	0	0	0	0	0	0	0	0	0	0	0	0	0	0	0	0	0	0	0	0	0	0	0	0	0	0	0	0	0	0	0	0	0	0	0	0	0	0	
N69	2.70407e-05	2.94758e-05	3.43636e-05	4.45306e-05	6.37747e-05	9.72946e-05	0.000153346	0.000248432	0.000420905	0.000760891	0.00146519	0.00291776	0.00577168	0.0109657	0.0196445	0.032723	0.0502908	0.0709937	0.0918127	0.108599	0.117369	0.115836	0.104392	0.0859631	0.0648153	0.0449665	0.0290084	0.017766	0.0103344	0.00579647	0.00317816	0.00171585	0.000909895	0.000468774	0.000231234	0.000107723	4.68989e-05	1.89507e-05	7.08251e-06	2.4334e-06	7.676e-07	2.22199e-07	5.90206e-08	1.4388e-08	3.22024e-09	6.62025e-10	1.25085e-10	2.17355e-11	3.47623e-12	5.12218e-13	6.9638e-14	8.75747e-15	1.02393e-15	1.12597e-16	1.19655e-17	1.30362e-18	1.60941e-19	2.42957e-20	4.29827e-21	7.99188e-22	1.44308e-22	2.4393e-23	3.80845e-24	5.49557e-25	7.64874e-26	1.50329e-26	
N70	1.14642e-05	1.39125e-05	1.82402e-05	2.47232e-05	3.36904e-05	4.57298e-05	6.22584e-05	8.67045e-05	0.000126806	0.000199322	0.000340108	0.000624682	0.00120521	0.00236503	0.00459342	0.00860676	0.0152882	0.0254617	0.0394931	0.0568248	0.0756714	0.0931389	0.105886	0.111159	0.107768	0.0965288	0.0799444	0.0612941	0.043578	0.0288007	0.0177591	0.010277	0.00563898	0.00298963	0.00158364	0.00088037	0.000537674	0.000363098	0.000260584	0.000187684	0.000130459	8.56001e-05	5.24268e-05	2.98089e-05	1.5694e-05	7.64207e-06	3.44022e-06	1.43166e-06	5.50886e-07	1.96074e-07	6.45906e-08	1.97084e-08	5.5763e-09	1.46563e-09	3.59193e-10	8.30015e-11	1.87843e-11	4.67103e-12	1.55979e-12	7.31811e-13	3.96928e-13	2.12581e-13	1.0656e-13	5.0487e-14	2.4944e-14	1.7435e-14	
Isolepis_crassiuscula	0	0	0	0	0	0	0	0	0	0	0	0	0	0	0	0	0	0	0	0	0	0	0	0	0	0	0	0	0	0	0	1	0	0	0	0	0	0	0	0	0	0	0	0	0	0	0	0	0	0	0	0	0	0	0	0	0	0	0	0	0	0	0	0	0	0	
Isolepis_fluitans	0	0	0	0	0	0	0	0	0	0	0	0	0	0	0	0	0	0	0	0	0	0	0	0	0	0	0	0	0	1	0	0	0	0	0	0	0	0	0	0	0	0	0	0	0	0	0	0	0	0	0	0	0	0	0	0	0	0	0	0	0	0	0	0	0	0	
N71	4.10143e-06	4.7483e-06	5.96152e-06	8.15535e-06	1.21585e-05	1.96989e-05	3.45602e-05	6.5397e-05	0.000132514	0.000283535	0.000626875	0.0013948	0.00304102	0.00634649	0.0124908	0.0228423	0.0384233	0.0590535	0.0825654	0.104725	0.120304	0.125055	0.117602	0.100082	0.0771478	0.0539491	0.0343016	0.0198899	0.0105562	0.00515077	0.00232199	0.000971913	0.000379377	0.000138531	4.73886e-05	1.51819e-05	4.54886e-06	1.273e-06	3.32891e-07	8.1173e-08	1.85314e-08	3.99181e-09	8.20447e-10	1.62915e-10	3.15545e-11	5.97579e-12	1.0998e-12	1.94392e-13	3.25704e-14	5.11664e-15	7.4794e-16	1.01296e-16	1.26903e-17	1.47155e-18	1.58377e-19	1.59106e-20	1.50994e-21	1.39134e-22	1.32199e-23	1.42435e-24	1.84632e-25	2.72381e-26	4.10987e-27	5.91024e-28	8.11618e-29	1.55725e-29	
N72	3.01806e-06	3.76033e-06	5.2565e-06	7.99702e-06	1.30317e-05	2.2776e-05	4.33892e-05	9.147e-05	0.000210868	0.000509169	0.00122412	0.00281941	0.00607634	0.0120942	0.0221536	0.0371554	0.0568943	0.0794042	0.100897	0.116649	0.122651	0.117261	0.101935	0.0805803	0.0579422	0.0379143	0.0225889	0.0122624	0.00607015	0.00274275	0.00113241	0.000427737	0.000148005	4.69823e-05	1.37044e-05	3.68058e-06	9.12629e-07	2.09886e-07	4.51761e-08	9.20941e-09	1.82931e-09	3.70921e-10	8.0897e-11	1.93878e-11	4.95319e-12	1.27791e-12	3.18694e-13	7.49145e-14	1.63976e-14	3.32454e-15	6.23131e-16	1.07938e-16	1.72868e-17	2.56249e-18	3.5226e-19	4.50873e-20	5.42451e-21	6.27973e-22	7.37038e-23	9.55718e-24	1.46331e-24	2.56796e-25	4.71879e-26	8.50522e-27	1.53029e-27	4.04186e-28	
Isolepis_setacea	0	0	0	0	0	0	0	0	0	0	0	0	0	1	0	0	0	0	0	0	0	0	0	0	0	0	0	0	0	0	0	0	0	0	0	0	0	0	0	0	0	0	0	0	0	0	0	0	0	0	0	0	0	0	0	0	0	0	0	0	0	0	0	0	0	0	
Isolepis_cernua	0	0	0	0	0	0	0	0	0	0	0	0	0	0	0	0	0	0	0	0	0	0	0	0	0	0	1	0	0	0	0	0	0	0	0	0	0	0	0	0	0	0	0	0	0	0	0	0	0	0	0	0	0	0	0	0	0	0	0	0	0	0	0	0	0	0	
N73	1.0933e-06	1.59492e-06	2.88703e-06	5.86891e-06	1.24384e-05	2.62255e-05	5.34929e-05	0.00010388	0.00019066	0.000331124	0.000550709	0.000899739	0.0014967	0.0026093	0.00478054	0.0089057	0.0161935	0.0278543	0.0444734	0.0652455	0.0874963	0.106976	0.119094	0.120655	0.111216	0.0932794	0.0712044	0.0494893	0.0313356	0.0180887	0.00952863	0.00458633	0.00202093	0.000818007	0.000306216	0.000107587	3.66085e-05	1.2777e-05	4.9128e-06	2.13648e-06	1.00662e-06	4.78794e-07	2.18376e-07	9.29999e-08	3.65487e-08	1.31917e-08	4.36538e-09	1.32392e-09	3.68048e-10	9.38367e-11	2.19566e-11	4.71891e-12	9.32484e-13	1.69654e-13	2.84913e-14	4.44571e-15	6.57708e-16	9.80089e-17	1.68375e-17	3.80879e-18	1.07201e-18	3.19152e-19	9.11195e-20	2.43251e-20	6.4515e-21	2.49669e-21	
Isolepis_prolifera	0	0	0	0	0	0	0	0	0	0	0	0	0	0	0	0	0	0	0	0	0	0	0	0	0	0	0	0	0	0	0	0	1	0	0	0	0	0	0	0	0	0	0	0	0	0	0	0	0	0	0	0	0	0	0	0	0	0	0	0	0	0	0	0	0	0	
Isolepis_aucklandica	0	0	0	0	0	0	0	0	0	0	0	0	0	0	0	0	0	0	0	0	1	0	0	0	0	0	0	0	0	0	0	0	0	0	0	0	0	0	0	0	0	0	0	0	0	0	0	0	0	0	0	0	0	0	0	0	0	0	0	0	0	0	0	0	0	0	
