NODE	1	2	3	4	5	6	7	8	9	10	11	12	13	14	15	16	17	18	19	20	21	22	23	24	25	26	27	28	29	30	31	32	33	34	35	36	37	38	39	40	41	42	43	44	45	46	47	48	49	50	51	52	53	54	55	56	57	58	59	60	61	62	63	64	65	66	67	68	69	70	71	
N1	0.266568	0.234439	0.184819	0.131726	0.0851212	0.049847	0.02639	0.0125925	0.0054009	0.00207812	0.000716539	0.000221264	6.11644e-05	1.51285e-05	3.34599e-06	6.61241e-07	1.16669e-07	1.83652e-08	2.57772e-09	3.22491e-10	3.59575e-11	3.57352e-12	3.16651e-13	4.36445e-17	1.15937e-17	2.911e-18	6.91187e-19	1.55278e-19	3.30238e-20	6.65286e-21	1.27035e-21	2.30064e-22	3.95433e-23	6.45486e-24	1.00135e-24	1.47728e-25	2.07405e-26	2.77298e-27	3.53301e-28	4.29243e-29	4.9764e-30	5.50891e-31	5.82692e-32	5.89271e-33	5.70123e-34	5.28045e-35	4.68476e-36	3.98364e-37	3.24866e-38	2.54222e-39	1.91008e-40	1.37868e-41	9.565e-43	6.38186e-44	4.09712e-45	2.53222e-46	1.50742e-47	8.6475e-49	4.78277e-50	2.55157e-51	1.31363e-52	6.52955e-54	3.13498e-55	1.45459e-56	6.52589e-58	2.83328e-59	1.19239e-60	4.88874e-62	1.98761e-63	8.55042e-65	5.14584e-66	
N2	0.00043735	0.000778031	0.0015545	0.00311567	0.00580909	0.0101476	0.0162968	0.0245639	0.034094	0.0447321	0.0550009	0.0658216	0.0758706	0.0864396	0.0937597	0.097889	0.0939115	0.0847027	0.0688339	0.052325	0.0355606	0.0226974	0.0129083	0.00694696	0.00331988	0.00151431	0.000611513	0.000237832	8.1527e-05	2.71459e-05	7.94002e-06	2.27504e-06	5.69989e-07	1.40996e-07	3.04291e-08	6.53663e-09	1.22038e-09	2.28492e-10	3.71556e-11	6.10709e-12	8.68892e-13	1.25827e-13	1.57816e-14	2.02959e-15	2.25302e-16	2.58021e-17	2.55453e-18	2.62658e-19	2.32575e-20	2.14965e-21	1.71525e-22	1.43712e-23	1.03485e-24	7.85768e-26	5.14489e-27	3.57162e-28	2.12721e-29	1.34841e-30	7.372e-32	4.3171e-33	2.17657e-34	1.18452e-35	5.66096e-37	2.97294e-38	1.41887e-39	7.62615e-41	3.99108e-42	2.33641e-43	1.36535e-44	8.58935e-46	8.07917e-47	
Chrysitrix_capensis	0	0	0	0	0	0	0	0	0	0	0	0	0	0	0	0	0	0	0	0	0	0	1	0	0	0	0	0	0	0	0	0	0	0	0	0	0	0	0	0	0	0	0	0	0	0	0	0	0	0	0	0	0	0	0	0	0	0	0	0	0	0	0	0	0	0	0	0	0	0	0	
Lepironia_articulata	0	0	0	0	0	0	0	0	0	0	0	0	0	0	0	0	1	0	0	0	0	0	0	0	0	0	0	0	0	0	0	0	0	0	0	0	0	0	0	0	0	0	0	0	0	0	0	0	0	0	0	0	0	0	0	0	0	0	0	0	0	0	0	0	0	0	0	0	0	0	0	
N3	0.18077	0.19844	0.187879	0.158192	0.115753	0.0760242	0.0435128	0.0226273	0.010232	0.00427753	0.00154453	0.000531523	0.000155564	4.56789e-05	1.11195e-05	2.93257e-06	6.09156e-07	1.48021e-07	2.66119e-08	5.93183e-09	9.06412e-10	1.76679e-10	2.27977e-11	3.87418e-12	4.13773e-13	5.93185e-14	5.35166e-15	6.77047e-16	5.07322e-17	5.43266e-18	3.53774e-19	3.48687e-20	1.90552e-21	1.58387e-22	7.77625e-24	6.16193e-25	2.54648e-26	1.6731e-27	6.36963e-29	4.06885e-30	1.28973e-31	6.64618e-33	1.9564e-34	9.90678e-36	2.42176e-37	9.85932e-39	2.27447e-40	9.27341e-42	1.76348e-43	5.68733e-45	1.02533e-46	3.36157e-48	5.03875e-50	1.32513e-51	1.93414e-53	5.31408e-55	6.37924e-57	1.36807e-58	1.5999e-60	3.63523e-62	3.55135e-64	6.4809e-66	6.43541e-68	1.28403e-69	1.04341e-71	1.60204e-73	1.38431e-75	2.58323e-77	3.15666e-79	8.72773e-81	3.31062e-82	
N4	0.176906	0.195677	0.187334	0.159445	0.117733	0.0777997	0.0446939	0.0232532	0.0104909	0.00436408	0.00156109	0.000532023	0.000152706	4.4284e-05	1.03924e-05	2.71659e-06	5.28649e-07	1.29501e-07	2.09434e-08	4.89196e-09	6.38058e-10	1.37811e-10	1.4285e-11	2.9358e-12	2.32456e-13	4.44158e-14	2.74072e-15	5.37425e-16	2.4676e-17	4.58428e-18	1.70718e-19	3.50562e-20	9.79506e-22	1.76734e-22	4.40159e-24	8.97548e-25	1.70014e-26	2.68602e-27	4.97588e-29	9.16284e-30	1.26243e-31	1.59711e-32	2.29715e-34	3.59025e-35	3.71446e-37	3.66105e-38	4.22859e-40	5.692e-41	4.43635e-43	3.34278e-44	3.11556e-46	3.63497e-47	2.15976e-49	1.26931e-50	1.00703e-52	1.09847e-53	4.92864e-56	2.20573e-57	1.46868e-59	1.47944e-60	5.15086e-63	1.85308e-64	1.14674e-66	1.16148e-67	3.11807e-70	8.51481e-72	4.4523e-74	4.1498e-75	1.02511e-77	4.43781e-79	4.71304e-80	
N5	0.132927	0.15822	0.169444	0.163602	0.136878	0.102115	0.0655631	0.0380919	0.0189481	0.00879789	0.00344572	0.0013405	0.000422484	0.000148066	3.88872e-05	1.33886e-05	2.99256e-06	1.00823e-06	1.93156e-07	6.15719e-08	9.79426e-09	2.69629e-09	3.62261e-10	8.96631e-11	9.79069e-12	1.98776e-12	1.8737e-13	3.60446e-14	2.72869e-15	4.1619e-16	2.85859e-17	4.56287e-18	2.44918e-19	2.87923e-20	1.47748e-21	1.97648e-22	7.68558e-24	7.02758e-25	2.74634e-26	3.0213e-27	8.63022e-29	6.01171e-30	1.7515e-31	1.51176e-32	3.23493e-34	1.76572e-35	4.02259e-37	2.82263e-38	4.59518e-40	1.92632e-41	3.30144e-43	1.81571e-44	2.2998e-46	7.97201e-48	1.14428e-49	5.44459e-51	5.43921e-53	1.4696e-54	1.58916e-56	5.99909e-58	4.82384e-60	1.16728e-61	1.16796e-63	4.14977e-65	2.72076e-67	5.07253e-69	3.7526e-71	1.08186e-72	9.11831e-75	3.46121e-76	1.97718e-77	
Lagenocarpus_guianensis	0	0	0	0	0	0	0	0	0	0	0	0	0	0	0	0	1	0	0	0	0	0	0	0	0	0	0	0	0	0	0	0	0	0	0	0	0	0	0	0	0	0	0	0	0	0	0	0	0	0	0	0	0	0	0	0	0	0	0	0	0	0	0	0	0	0	0	0	0	0	0	
N6	0.118406	0.145065	0.161943	0.163282	0.142414	0.110415	0.0735511	0.0442341	0.0227635	0.0109099	0.00440251	0.0017625	0.000567807	0.000204902	5.41124e-05	1.94013e-05	4.23214e-06	1.52965e-06	2.74424e-07	9.86197e-08	1.40282e-08	4.61953e-09	5.31692e-10	1.69825e-10	1.51763e-11	4.20756e-12	3.16747e-13	9.01474e-14	5.22177e-15	1.18528e-15	6.2695e-17	1.59541e-17	6.23986e-19	1.09352e-19	4.24809e-21	9.20307e-22	2.48578e-23	3.2287e-24	9.39573e-26	1.68702e-26	3.16198e-28	2.9549e-29	6.32829e-31	9.12152e-32	1.20714e-33	8.33524e-35	1.37878e-36	1.6857e-37	1.58727e-39	7.98411e-41	9.867e-43	9.94325e-44	6.91042e-46	2.74377e-47	2.86349e-49	2.62807e-50	1.36039e-52	4.03024e-54	3.14312e-56	2.37833e-57	9.69437e-60	2.51191e-61	1.87396e-63	1.34591e-64	4.28876e-67	8.21593e-69	4.30884e-71	2.45019e-72	7.91952e-75	2.7874e-76	1.87304e-77	
N7	0.0527201	0.0724368	0.0967908	0.12099	0.133899	0.134311	0.11795	0.0954374	0.0675741	0.0457868	0.0269491	0.0163661	0.00838531	0.00502768	0.00237994	0.00151902	0.00067378	0.000436339	0.000178082	0.000111982	4.04698e-05	2.31455e-05	7.52158e-06	4.11634e-06	1.1633e-06	5.61952e-07	1.45171e-07	7.01242e-08	1.54429e-08	6.26816e-09	1.2979e-09	5.49949e-10	9.3467e-11	3.06381e-11	4.95374e-12	1.72357e-12	2.2207e-13	5.71804e-14	7.15043e-15	2.00463e-15	1.95844e-16	3.91972e-17	3.74798e-18	8.40921e-19	6.38958e-20	1.04914e-20	8.22707e-22	1.59412e-22	9.81652e-24	1.33231e-24	8.43626e-26	1.3829e-26	7.03122e-28	8.44902e-29	4.74687e-30	7.15161e-31	3.02195e-32	2.95894e-33	1.30402e-34	1.59554e-35	5.50992e-37	4.85213e-38	1.96427e-39	2.22525e-40	6.37069e-42	4.36055e-43	1.35694e-44	1.25567e-45	4.89567e-47	6.23793e-48	1.24771e-48	
Oreobolus_pectinatus	0	0	0	0	0	0	0	0	0	0	0	0	0	0	0	0	0	0	1	0	0	0	0	0	0	0	0	0	0	0	0	0	0	0	0	0	0	0	0	0	0	0	0	0	0	0	0	0	0	0	0	0	0	0	0	0	0	0	0	0	0	0	0	0	0	0	0	0	0	0	0	
N8	0.0332443	0.0479893	0.0690868	0.0941508	0.114744	0.127364	0.124868	0.112674	0.0899516	0.0679417	0.0453662	0.0301716	0.0174823	0.0110086	0.00580909	0.0037549	0.00185319	0.00124068	0.000568072	0.000385663	0.000159	0.000104537	3.91016e-05	2.55666e-05	8.43595e-06	5.1314e-06	1.53485e-06	9.29736e-07	2.37822e-07	1.25275e-07	2.95129e-08	1.57994e-08	3.08455e-09	1.32978e-09	2.4579e-10	1.11756e-10	1.66791e-11	5.79429e-12	8.52975e-13	3.32797e-13	3.90272e-14	1.1225e-14	1.36434e-15	4.77528e-16	4.68215e-17	1.19864e-17	1.2878e-18	4.29397e-19	3.55693e-20	7.91694e-21	7.12575e-22	2.11508e-22	1.42411e-23	2.72454e-24	2.08332e-25	5.56523e-26	2.96891e-27	4.57038e-28	2.73188e-29	6.03487e-30	2.57869e-31	3.42854e-32	1.79817e-33	3.56563e-34	1.22069e-35	1.27124e-36	5.11985e-38	8.28314e-39	3.40418e-40	6.27587e-41	2.14711e-41	
N9	0.0141414	0.0209928	0.0322645	0.0485733	0.0670968	0.08603	0.0990811	0.106414	0.102545	0.094178	0.0775276	0.0635656	0.0462665	0.0363119	0.0245939	0.0202403	0.013262	0.0118603	0.00758203	0.00728446	0.00447994	0.00441432	0.00266169	0.00272112	0.00156337	0.00153695	0.000839354	0.000817344	0.000396725	0.000342508	0.000155054	0.000134963	5.25345e-05	3.86786e-05	1.45009e-05	1.14713e-05	3.66806e-06	2.38991e-06	7.85157e-07	6.00027e-07	1.7109e-07	1.06861e-07	3.34999e-08	2.63294e-08	7.24078e-09	4.53242e-09	1.37641e-09	1.0714e-09	2.65783e-10	1.49591e-10	3.91662e-11	2.68273e-11	5.62018e-12	2.75759e-12	6.23028e-13	3.77393e-13	6.54326e-14	2.65493e-14	4.84674e-15	2.44579e-15	3.5131e-16	1.25131e-16	2.02514e-17	9.25466e-18	1.10741e-18	3.2273e-19	4.26264e-20	1.71839e-20	2.90296e-21	1.82928e-21	2.04412e-21	
N10	0.00264228	0.00403775	0.00660771	0.0109556	0.0172814	0.0259536	0.0361266	0.0478777	0.0595208	0.0710494	0.0786458	0.0825246	0.0788949	0.0719425	0.0605942	0.0516224	0.0427662	0.0384288	0.0336094	0.0320686	0.0281404	0.0267254	0.0221805	0.01998	0.0150515	0.012361	0.00824066	0.00603469	0.00349638	0.00224843	0.00113857	0.000654812	0.000296371	0.000157939	6.84595e-05	3.69447e-05	1.6485e-05	9.52804e-06	4.64797e-06	2.9966e-06	1.55934e-06	1.05359e-06	5.62069e-07	3.86657e-07	1.9807e-07	1.29658e-07	6.35534e-08	4.02591e-08	1.81656e-08	1.05653e-08	4.48699e-09	2.49214e-09	9.62299e-10	4.84013e-10	1.75483e-10	8.40429e-11	2.75421e-11	1.18487e-11	3.64824e-12	1.49751e-12	4.17574e-13	1.54602e-13	4.10222e-14	1.47834e-14	3.67172e-15	1.26377e-15	3.48473e-16	1.44929e-16	5.89257e-17	3.5855e-17	3.0674e-17	
Schoenus_brevifolius	0	0	0	0	0	0	0	0	0	0	0	0	0	0	0	0	0	0	0	0	0	0	0	0	0	0	0	0	0	0	0	0	0	0	0	0	0	0	0	0	0	0	0	0	0	0	0	0	0	0	0	0	0	0	0	0	0	0	0	0	1	0	0	0	0	0	0	0	0	0	0	
Schoenus_nigricans	0	0	0	0	0	0	0	0	0	0	0	0	0	0	0	0	0	0	0	0	0	1	0	0	0	0	0	0	0	0	0	0	0	0	0	0	0	0	0	0	0	0	0	0	0	0	0	0	0	0	0	0	0	0	0	0	0	0	0	0	0	0	0	0	0	0	0	0	0	0	0	
Gahnia_aspera	0	0	0	0	0	0	0	0	0	0	0	0	0	0	0	0	0	0	0	0	0	0	0	0	0	0	0	0	0	0	0	0	0	0	0	0	0	0	0	1	0	0	0	0	0	0	0	0	0	0	0	0	0	0	0	0	0	0	0	0	0	0	0	0	0	0	0	0	0	0	0	
N11	0.0171965	0.0242195	0.0347132	0.0490053	0.0649361	0.081402	0.0944192	0.103264	0.104764	0.100547	0.0894349	0.074956	0.0576762	0.0415426	0.027228	0.0166846	0.00925454	0.00482368	0.00227017	0.00101427	0.000408118	0.000158003	5.48977e-05	1.86292e-05	5.6353e-06	1.68948e-06	4.48248e-07	1.19642e-07	2.80395e-08	6.71851e-09	1.41042e-09	3.08927e-10	5.93315e-11	1.21661e-11	2.20155e-12	4.34338e-13	7.53347e-14	1.43644e-14	2.38336e-15	4.34263e-16	6.74327e-17	1.14502e-17	1.63945e-18	2.56846e-19	3.34394e-20	4.7708e-21	5.65046e-22	7.37421e-23	7.89936e-24	9.35684e-25	9.13001e-26	9.91964e-27	8.77211e-28	8.66968e-29	7.01696e-30	6.39635e-31	4.70741e-32	3.91582e-33	2.65274e-34	2.04894e-35	1.26963e-36	9.01683e-38	5.23066e-39	3.53687e-40	1.98067e-41	1.33205e-42	8.23877e-44	6.26349e-45	4.74276e-46	4.1829e-47	5.77128e-48	
Tetraria_capillaris	0	0	0	0	0	0	0	0	0	1	0	0	0	0	0	0	0	0	0	0	0	0	0	0	0	0	0	0	0	0	0	0	0	0	0	0	0	0	0	0	0	0	0	0	0	0	0	0	0	0	0	0	0	0	0	0	0	0	0	0	0	0	0	0	0	0	0	0	0	0	0	
N12	0.000301028	0.000653419	0.0016334	0.00395013	0.00854312	0.0169936	0.0302908	0.047588	0.0628346	0.0731477	0.0812353	0.0947616	0.109198	0.119263	0.113993	0.0961772	0.0672939	0.0404633	0.0195678	0.0081767	0.00275176	0.000847291	0.000224563	6.59401e-05	2.20024e-05	1.08389e-05	5.65716e-06	3.3542e-06	1.6626e-06	8.66182e-07	3.60853e-07	1.58098e-07	5.42869e-08	1.97368e-08	5.57748e-09	1.68657e-09	3.9071e-10	9.78436e-11	1.87156e-11	3.92851e-12	6.20234e-13	1.0884e-13	1.43958e-14	2.15583e-15	2.39002e-16	3.03799e-17	2.88332e-18	3.19616e-19	2.58729e-20	2.46681e-21	1.74549e-22	1.47759e-23	9.04204e-25	6.64352e-26	3.61127e-27	2.3879e-28	1.13268e-29	6.53875e-31	2.7876e-32	1.46478e-33	5.4953e-35	2.54169e-36	8.69523e-38	3.7297e-39	1.15937e-40	4.6074e-42	1.5014e-43	6.60074e-45	2.75145e-46	1.45655e-47	1.11186e-48	
Machaerina_articulata	0	0	0	0	0	0	0	0	0	0	0	1	0	0	0	0	0	0	0	0	0	0	0	0	0	0	0	0	0	0	0	0	0	0	0	0	0	0	0	0	0	0	0	0	0	0	0	0	0	0	0	0	0	0	0	0	0	0	0	0	0	0	0	0	0	0	0	0	0	0	0	
Machaerina_mariscoides	0	0	0	0	0	0	0	0	0	0	0	0	0	0	0	0	0	0	0	0	0	0	0	0	0	0	0	0	0	0	0	0	0	0	0	0	0	0	1	0	0	0	0	0	0	0	0	0	0	0	0	0	0	0	0	0	0	0	0	0	0	0	0	0	0	0	0	0	0	0	0	
N13	0.113323	0.134674	0.146761	0.148418	0.134991	0.11234	0.0833433	0.0565689	0.034106	0.0189723	0.00933552	0.00432615	0.00176028	0.000704545	0.000244376	8.99776e-05	2.7692e-05	9.88792e-06	2.76721e-06	9.63149e-07	2.41398e-07	7.81763e-08	1.7295e-08	5.11393e-09	9.80099e-10	2.57051e-10	4.32068e-11	1.03365e-11	1.50523e-12	3.18706e-13	4.16291e-14	8.32314e-15	9.49018e-16	1.67196e-16	1.76152e-17	3.03868e-18	2.78762e-19	4.14514e-20	3.59106e-21	5.34356e-22	3.96251e-23	4.9092e-24	3.46442e-25	4.34535e-26	2.59758e-27	2.66913e-28	1.53835e-29	1.62569e-30	7.85796e-32	6.66621e-33	3.12148e-34	2.76166e-35	1.08863e-36	7.7719e-38	3.03475e-39	2.31009e-40	7.51927e-42	4.50635e-43	1.45411e-44	9.42218e-46	2.56364e-47	1.33651e-48	3.74207e-50	2.16613e-51	5.01547e-53	2.245e-54	5.53922e-56	3.01477e-57	1.01078e-58	7.50461e-60	8.6002e-61	
N14	0.012806	0.0201816	0.0333494	0.0532338	0.0767141	0.100818	0.117843	0.125905	0.11983	0.105133	0.0823443	0.0602441	0.0393811	0.0245165	0.0136395	0.00742994	0.00359528	0.00175645	0.000749761	0.000331907	0.000124331	4.91603e-05	1.5915e-05	5.51379e-06	1.51095e-06	4.4807e-07	1.03099e-07	2.60843e-08	5.00136e-09	1.07011e-09	1.72514e-10	3.16856e-11	4.29053e-12	6.71719e-13	7.77994e-14	1.06392e-14	1.04992e-15	1.23528e-16	1.06242e-17	1.10917e-18	8.20803e-20	7.39792e-21	4.83434e-22	3.9103e-23	2.2107e-24	1.54788e-25	7.80913e-27	4.96296e-28	2.17371e-29	1.19827e-30	4.72654e-32	2.39228e-33	8.24039e-35	3.63972e-36	1.1424e-37	4.69629e-39	1.29349e-40	4.65298e-42	1.17973e-43	3.99685e-45	8.96487e-47	2.67929e-48	5.62183e-50	1.61221e-51	3.06975e-53	8.07639e-55	1.65127e-56	4.95711e-58	1.36857e-59	5.1492e-61	2.71549e-62	
N15	6.09262e-06	1.88185e-05	6.81339e-05	0.000228391	0.00065869	0.00172	0.00402728	0.00823898	0.0140618	0.0206216	0.0273974	0.0383454	0.0582933	0.0898814	0.123626	0.148544	0.148338	0.127033	0.0894228	0.0543843	0.0271144	0.0118685	0.00426002	0.00137125	0.000361668	8.74509e-05	1.73055e-05	3.20485e-06	4.83921e-07	6.96252e-08	8.15634e-09	9.26306e-10	8.54176e-11	7.76133e-12	5.73308e-13	4.24414e-14	2.54831e-15	1.55774e-16	7.74144e-18	3.98139e-19	1.6583e-20	7.24773e-22	2.5737e-23	9.72855e-25	2.97064e-26	9.75752e-28	2.60163e-29	7.54581e-31	1.7628e-32	4.50948e-34	9.35731e-36	2.14442e-37	3.94766e-39	8.05859e-41	1.33348e-42	2.46508e-44	3.64918e-46	6.05329e-48	8.13035e-50	1.23347e-51	1.4954e-53	2.05756e-55	2.30614e-57	2.98134e-59	3.18309e-61	4.03626e-63	4.68053e-65	6.61851e-67	9.26704e-69	1.46442e-70	2.87842e-72	
Dulichium_arundinaceum	0	0	0	0	0	0	0	0	0	0	0	0	0	0	0	1	0	0	0	0	0	0	0	0	0	0	0	0	0	0	0	0	0	0	0	0	0	0	0	0	0	0	0	0	0	0	0	0	0	0	0	0	0	0	0	0	0	0	0	0	0	0	0	0	0	0	0	0	0	0	0	
N16	6.59664e-09	3.57188e-08	2.42454e-07	1.46779e-06	7.08263e-06	2.9807e-05	0.000123886	0.000449064	0.00116648	0.00192374	0.00202361	0.00184733	0.00228065	0.00480656	0.014345	0.0415605	0.0956898	0.167867	0.215154	0.20468	0.138728	0.0712304	0.02607	0.0078751	0.00172238	0.000356187	5.25604e-05	8.10459e-06	8.43891e-07	9.53794e-08	7.04268e-09	5.77096e-10	3.06803e-11	1.85073e-12	7.28573e-14	3.33447e-15	9.96347e-17	3.54522e-18	8.26104e-20	2.35639e-21	4.35648e-23	1.01263e-24	1.52521e-26	2.99412e-28	3.71321e-30	6.19583e-32	6.57145e-34	9.8721e-36	8.96746e-38	1.1895e-39	9.84298e-42	1.25734e-43	9.17016e-46	1.03617e-47	7.17998e-50	7.9708e-52	4.81606e-54	4.57128e-56	2.63289e-58	2.443e-60	1.20967e-62	9.44175e-65	4.45977e-67	3.419e-69	1.39358e-71	9.09079e-74	3.79e-76	2.73037e-78	1.48674e-80	1.35444e-82	1.45163e-84	
Blysmus_compressus	0	0	0	0	0	0	0	0	0	0	0	0	0	0	0	0	0	0	0	0	0	1	0	0	0	0	0	0	0	0	0	0	0	0	0	0	0	0	0	0	0	0	0	0	0	0	0	0	0	0	0	0	0	0	0	0	0	0	0	0	0	0	0	0	0	0	0	0	0	0	0	
Blysmus_rufus	0	0	0	0	0	0	0	0	0	0	0	0	0	0	0	0	0	0	0	1	0	0	0	0	0	0	0	0	0	0	0	0	0	0	0	0	0	0	0	0	0	0	0	0	0	0	0	0	0	0	0	0	0	0	0	0	0	0	0	0	0	0	0	0	0	0	0	0	0	0	0	
N17	0.00539884	0.00937861	0.0178751	0.0331412	0.0551562	0.0823736	0.108461	0.128432	0.134157	0.125602	0.103196	0.0766702	0.0508154	0.0316088	0.0180631	0.0100465	0.00512455	0.00256713	0.00113904	0.000502013	0.000187403	7.19495e-05	2.22438e-05	7.48902e-06	1.90134e-06	5.61238e-07	1.16925e-07	3.01598e-08	5.12238e-09	1.12615e-09	1.56425e-10	2.9093e-11	3.27596e-12	5.02931e-13	4.64808e-14	5.98889e-15	4.50468e-16	4.7772e-17	3.0027e-18	2.73667e-19	1.42166e-20	1.08474e-21	4.89216e-23	3.3906e-24	1.31191e-25	7.94362e-27	2.86139e-28	1.71247e-29	5.48879e-31	2.91357e-32	8.94181e-34	4.79618e-35	1.25727e-36	5.63494e-38	1.39018e-39	6.26652e-41	1.26373e-42	4.5162e-44	8.60143e-46	3.12738e-47	4.8079e-49	1.35557e-50	2.00398e-52	5.83701e-54	6.92405e-56	1.54209e-57	1.85624e-59	4.68514e-61	7.14073e-63	2.26767e-64	9.65278e-66	
N18	0.000925057	0.00177698	0.00388243	0.00840395	0.0166328	0.0299679	0.0483872	0.0717312	0.096137	0.117357	0.126562	0.122373	0.104018	0.0813729	0.0579015	0.0403118	0.0264236	0.0178069	0.0111412	0.00731991	0.00423134	0.00262338	0.00134826	0.000761707	0.000336576	0.000166378	6.18009e-05	2.60912e-05	8.01939e-06	2.84302e-06	7.24122e-07	2.17032e-07	4.57556e-08	1.15584e-08	2.0488e-09	4.46658e-10	6.65821e-11	1.24399e-11	1.59986e-12	2.66025e-13	2.92966e-14	4.2327e-15	4.13499e-16	5.47143e-17	4.63331e-18	5.34166e-19	4.09891e-20	4.40483e-21	2.93542e-22	2.72711e-23	1.66561e-24	1.45626e-25	7.72255e-27	5.81192e-28	2.85174e-29	2.04086e-30	8.69716e-32	5.34343e-33	2.12422e-34	1.25525e-35	4.35551e-37	2.21942e-38	7.27358e-40	3.61883e-41	1.04535e-42	4.55718e-44	1.35535e-45	6.61221e-47	2.64988e-48	1.709e-49	1.66005e-50	
N19	3.28372e-07	1.39485e-06	6.93284e-06	3.06376e-05	0.000120162	0.000399028	0.000948869	0.00162987	0.00319362	0.00793966	0.0196539	0.0453471	0.0891941	0.137188	0.147741	0.111387	0.0595822	0.0271579	0.0155275	0.0185228	0.0280421	0.0416811	0.0502099	0.0562492	0.0489301	0.0403273	0.0248074	0.0145749	0.00615356	0.00249449	0.000712396	0.000198128	3.84699e-05	7.43985e-06	1.01027e-06	1.40799e-07	1.3783e-08	1.42651e-09	1.04713e-10	8.40069e-12	4.74894e-13	3.0163e-14	1.36425e-15	7.15649e-17	2.63052e-18	1.14476e-19	3.54649e-21	1.33482e-22	3.48346e-24	1.11497e-25	2.53631e-27	7.20771e-29	1.40614e-30	3.43234e-32	5.94672e-34	1.30885e-35	1.96141e-37	3.72853e-39	5.0232e-41	8.72229e-43	1.02464e-44	1.54904e-46	1.65837e-48	2.33031e-50	2.22699e-52	2.83158e-54	2.77573e-56	3.86804e-58	4.91636e-60	8.37564e-62	1.79102e-63	
Scirpus_pendulus	0	0	0	0	0	0	0	0	0	0	0	0	0	0	0	0	0	0	0	1	0	0	0	0	0	0	0	0	0	0	0	0	0	0	0	0	0	0	0	0	0	0	0	0	0	0	0	0	0	0	0	0	0	0	0	0	0	0	0	0	0	0	0	0	0	0	0	0	0	0	0	
N20	1.27647e-15	4.97461e-14	1.81192e-12	3.66309e-11	3.06459e-10	7.82983e-09	1.16897e-07	2.55328e-07	6.6704e-08	6.78967e-08	1.43938e-06	2.68365e-05	0.000316669	0.0019082	0.00368539	0.00116403	0.00011334	8.88534e-06	1.02177e-06	1.47073e-07	3.09513e-07	5.37224e-06	7.19152e-05	0.00071868	0.0049771	0.0254131	0.0826256	0.200537	0.266598	0.258948	0.112147	0.0352752	0.00486565	0.000558021	3.13757e-05	1.6617e-06	4.70468e-08	1.36401e-09	2.23956e-11	3.99844e-13	4.17664e-15	4.96826e-17	3.53723e-19	2.9873e-21	1.51963e-23	9.49895e-26	3.60749e-28	1.74931e-30	5.09216e-33	1.95731e-35	4.55039e-38	1.46581e-40	2.75479e-43	7.43587e-46	1.20074e-48	2.97422e-51	4.06488e-54	8.71537e-57	1.10228e-59	2.30895e-62	2.49113e-65	4.39616e-68	4.50509e-71	7.78644e-74	6.72158e-77	9.65798e-80	8.70866e-83	1.41028e-85	1.76492e-88	3.50891e-91	7.44032e-94	
N21	1.80741e-23	4.96738e-21	1.11958e-18	7.14726e-17	2.31245e-15	3.10001e-13	2.00217e-11	4.37985e-11	3.01003e-12	4.92572e-12	4.124e-10	3.41663e-08	1.53825e-06	2.53829e-05	7.36496e-05	2.02335e-05	8.6771e-07	1.70733e-08	3.35496e-10	2.10963e-11	6.32836e-11	2.953e-09	1.9055e-07	8.06401e-06	0.00020812	0.00322065	0.027563	0.130092	0.297301	0.337179	0.163053	0.0373864	0.00366977	0.000191638	4.79901e-06	8.56327e-08	7.47243e-10	1.29542e-11	6.47229e-14	2.02043e-15	6.35337e-18	1.4142e-19	2.69627e-22	3.76579e-24	4.54888e-27	4.13833e-29	3.36765e-32	2.09922e-34	1.18636e-37	5.18212e-40	2.14955e-43	6.93922e-46	2.13135e-49	5.06659e-52	1.22704e-55	2.33211e-58	4.38093e-62	6.31917e-65	9.86201e-69	1.21821e-71	1.51354e-75	1.41738e-78	1.49224e-82	1.23725e-85	1.0527e-89	6.54844e-93	4.75461e-97	2.69251e-100	1.76092e-104	1.16971e-107	1.19835e-110	
N22	5.16166e-25	7.20124e-23	8.65237e-21	5.75792e-19	1.11466e-17	5.6385e-16	1.6683e-14	1.74868e-13	1.64868e-13	3.36469e-13	1.49359e-11	8.76922e-10	2.98681e-08	4.66568e-07	2.24263e-06	1.85073e-06	2.24348e-07	8.02097e-09	1.46916e-10	5.11965e-12	1.2992e-12	1.55423e-11	1.38492e-09	1.07861e-07	5.48354e-06	0.000170115	0.003039	0.0293583	0.142695	0.327206	0.329761	0.140115	0.0254248	0.00212771	9.01069e-05	2.11178e-06	2.93568e-08	2.62297e-10	1.5513e-12	1.04702e-14	1.10751e-16	1.05993e-17	1.88961e-19	1.35055e-20	1.69036e-22	7.65607e-24	6.83617e-26	2.0325e-27	1.30639e-29	2.62456e-31	1.21525e-33	1.68573e-35	5.58882e-38	5.43798e-40	1.29374e-42	8.90724e-45	1.51354e-47	7.36498e-50	9.09346e-53	3.17756e-55	2.87151e-58	7.25717e-61	4.85894e-64	9.3251e-67	4.68102e-70	7.10508e-73	2.69614e-76	3.44263e-79	1.43893e-82	4.71617e-85	2.56097e-87	
N23	6.72498e-28	9.3462e-26	1.18899e-23	8.94399e-22	2.87912e-20	2.66171e-18	1.79413e-16	3.45483e-15	3.23969e-15	5.4383e-15	2.42214e-13	1.64526e-11	6.62864e-10	1.28949e-08	8.51755e-08	9.73575e-08	1.38116e-08	5.52677e-10	1.03485e-11	1.71821e-13	2.10803e-14	1.32108e-13	1.62891e-11	2.25626e-09	2.08675e-07	1.19427e-05	0.000397029	0.00711929	0.063116	0.250424	0.397863	0.229003	0.0478023	0.00409475	0.000164558	3.47164e-06	4.20278e-08	3.13442e-10	1.52243e-12	5.07781e-15	1.21618e-17	5.00938e-20	4.16024e-22	2.9396e-23	2.91021e-25	1.4499e-26	1.05935e-28	3.52394e-30	1.91352e-32	4.35233e-34	1.75439e-36	2.78753e-38	8.26005e-41	9.32238e-43	2.00544e-45	1.6243e-47	2.51545e-50	1.46652e-52	1.64048e-55	6.87252e-58	5.62322e-61	1.69116e-63	1.03083e-66	2.25281e-69	1.03934e-72	1.69855e-75	5.99644e-79	7.65202e-82	2.19184e-85	3.08481e-88	6.90934e-91	
Scirpus_expansus	0	0	0	0	0	0	0	0	0	0	0	0	0	0	0	0	0	0	0	0	0	0	0	0	0	0	0	0	0	0	0	1	0	0	0	0	0	0	0	0	0	0	0	0	0	0	0	0	0	0	0	0	0	0	0	0	0	0	0	0	0	0	0	0	0	0	0	0	0	0	0	
N24	4.80381e-31	1.10122e-28	2.19497e-26	2.43973e-24	9.66596e-23	1.47458e-20	1.54967e-18	3.81973e-17	2.10463e-17	1.92479e-17	7.73018e-16	7.77444e-14	4.80954e-12	1.49388e-10	1.64756e-09	2.40128e-09	2.5116e-10	7.56963e-12	1.106e-13	1.67405e-15	1.82475e-16	4.73176e-16	4.97959e-14	1.39137e-11	2.7075e-09	3.35016e-07	2.46797e-05	0.000995166	0.0196541	0.163139	0.455184	0.307221	0.0507906	0.00291623	7.33865e-05	9.4408e-07	6.91624e-09	3.12387e-11	9.24286e-14	1.87915e-16	2.72816e-19	2.98179e-22	2.84553e-25	2.31837e-27	1.22829e-29	3.62376e-31	1.55795e-33	3.13659e-35	1.05595e-37	1.46945e-39	3.91458e-42	3.8192e-44	8.01772e-47	5.54764e-49	9.02117e-52	4.4687e-54	5.48945e-57	1.95869e-59	1.77487e-62	4.56372e-65	3.01241e-68	5.55633e-71	2.67976e-74	3.5469e-77	1.26544e-80	1.22864e-83	3.28402e-87	2.4585e-90	5.1461e-94	3.76253e-97	3.1062e-100	
Scirpus_sylvaticus	0	0	0	0	0	0	0	0	0	0	0	0	0	0	0	0	0	0	0	0	0	0	0	0	0	0	0	0	0	0	1	0	0	0	0	0	0	0	0	0	0	0	0	0	0	0	0	0	0	0	0	0	0	0	0	0	0	0	0	0	0	0	0	0	0	0	0	0	0	0	0	
Scirpus_microcarpus	0	0	0	0	0	0	0	0	0	0	0	0	0	0	0	0	0	0	0	0	0	0	0	0	0	0	0	0	0	0	0	1	0	0	0	0	0	0	0	0	0	0	0	0	0	0	0	0	0	0	0	0	0	0	0	0	0	0	0	0	0	0	0	0	0	0	0	0	0	0	0	
Scirpus_maximowiczii	0	0	0	0	0	0	0	0	0	0	0	0	0	0	0	0	0	0	0	0	0	0	0	0	0	0	0	0	0	0	0	1	0	0	0	0	0	0	0	0	0	0	0	0	0	0	0	0	0	0	0	0	0	0	0	0	0	0	0	0	0	0	0	0	0	0	0	0	0	0	0	
N25	3.48179e-26	9.95219e-24	2.36512e-21	2.50163e-19	2.45345e-17	2.42509e-15	7.7389e-14	1.16208e-13	3.31402e-14	4.45793e-13	4.86755e-11	4.02837e-09	1.60392e-07	2.07565e-06	4.8882e-06	1.50768e-06	8.50683e-08	1.64875e-09	2.45332e-11	2.74947e-12	4.65548e-12	3.36681e-10	3.38987e-08	2.1887e-06	8.36417e-05	0.00179774	0.0204074	0.115782	0.301703	0.350496	0.17015	0.0360539	0.00336136	0.000150879	3.46025e-06	4.45308e-08	3.39695e-10	1.77087e-12	6.27538e-15	2.84368e-17	7.6741e-20	1.66553e-21	1.0737e-23	8.5691e-25	5.48883e-27	3.23046e-28	1.40515e-30	5.73929e-32	1.69149e-34	4.92366e-36	1.00318e-38	2.12462e-40	3.00905e-43	4.68952e-45	4.76236e-48	5.52053e-50	3.99832e-53	3.39737e-55	1.82583e-58	1.14797e-60	4.52573e-64	2.0003e-66	6.02363e-70	1.91483e-72	4.42639e-76	9.6793e-79	1.75981e-82	2.84539e-85	4.18298e-89	5.92184e-92	1.16305e-94	
N26	1.64128e-25	1.21789e-23	1.00201e-21	5.81243e-20	2.73126e-18	1.68037e-16	6.32077e-15	6.24576e-14	1.47698e-13	7.31336e-13	1.57932e-11	4.59404e-10	8.28989e-09	7.31022e-08	2.30091e-07	1.84759e-07	3.84025e-08	2.72963e-09	1.21918e-10	1.99083e-11	3.45776e-11	1.81084e-10	3.71107e-09	2.04487e-07	8.52724e-06	0.000226114	0.00357851	0.0315819	0.144273	0.317308	0.319178	0.147885	0.0323129	0.0034467	0.000193904	6.24857e-06	1.23851e-07	1.60173e-09	1.41657e-11	9.19483e-14	5.05628e-16	1.5211e-17	3.4109e-19	3.14508e-20	5.69799e-22	3.4896e-23	4.82502e-25	1.99037e-26	2.13399e-28	6.03886e-30	5.01865e-32	9.878e-34	6.27466e-36	8.68369e-38	4.12925e-40	4.05027e-42	1.41447e-44	9.89855e-47	2.52427e-49	1.27436e-51	2.37966e-54	8.86055e-57	1.2225e-59	3.51003e-62	3.62142e-65	8.4355e-68	6.61279e-71	1.32932e-73	1.06786e-76	4.23942e-79	2.72805e-81	
Scirpus_polystachyus	0	0	0	0	0	0	0	0	0	0	0	0	0	0	0	0	0	0	0	0	0	0	0	0	0	0	0	0	0	1	0	0	0	0	0	0	0	0	0	0	0	0	0	0	0	0	0	0	0	0	0	0	0	0	0	0	0	0	0	0	0	0	0	0	0	0	0	0	0	0	0	
Scirpus_cyperinus	0	0	0	0	0	0	0	0	0	0	0	0	0	0	0	0	0	0	0	0	0	0	0	0	0	0	0	0	0	0	0	0	1	0	0	0	0	0	0	0	0	0	0	0	0	0	0	0	0	0	0	0	0	0	0	0	0	0	0	0	0	0	0	0	0	0	0	0	0	0	0	
N27	6.10432e-27	7.65746e-25	8.89458e-23	5.23513e-21	3.42289e-19	2.12452e-17	6.6969e-16	1.97251e-15	6.25422e-15	2.73296e-13	1.7936e-11	7.34189e-10	1.50555e-08	1.06114e-07	1.40673e-07	2.99214e-08	1.91526e-09	5.71778e-11	1.3481e-12	3.56292e-13	9.59934e-12	1.0496e-09	8.81849e-08	4.84249e-06	0.000163907	0.00319991	0.0332117	0.166234	0.360566	0.311364	0.107779	0.0162521	0.00117829	4.51018e-05	9.88368e-07	1.32684e-08	1.15355e-10	6.8035e-13	2.82625e-15	8.57248e-18	1.94752e-20	4.40427e-23	1.68098e-25	7.83331e-27	7.59813e-29	3.32215e-30	2.5484e-32	7.71726e-34	4.70722e-36	1.00041e-37	4.8562e-40	7.32761e-42	2.79816e-44	3.02778e-46	8.91535e-49	6.97073e-51	1.54662e-53	8.77818e-56	1.44607e-58	5.95872e-61	7.22568e-64	2.15703e-66	1.94008e-69	4.26899e-72	2.87351e-75	4.81707e-78	2.44631e-81	3.29809e-84	1.36625e-87	2.14981e-90	5.13028e-93	
N28	3.37239e-30	9.6741e-28	2.54196e-25	2.89619e-23	3.96551e-21	5.65889e-19	3.52117e-17	7.04591e-17	4.74737e-17	1.16272e-15	1.02409e-13	5.81847e-12	1.7093e-10	1.8566e-09	2.89884e-09	3.67032e-10	1.39914e-11	2.83148e-13	9.30944e-15	3.53031e-15	5.89832e-14	1.15318e-11	2.04661e-09	2.37794e-07	1.69417e-05	0.000684609	0.0141378	0.128944	0.418565	0.353485	0.0778211	0.0061267	0.000214237	3.84954e-06	3.94296e-08	2.48713e-10	1.02547e-12	2.89754e-15	5.82977e-18	8.6825e-21	1.01535e-23	2.92231e-26	1.32912e-28	3.2489e-30	1.50666e-32	2.6144e-34	9.49735e-37	1.14414e-38	3.28867e-41	2.79036e-43	6.32964e-46	3.82434e-48	6.74928e-51	2.92808e-53	3.93584e-56	1.23292e-58	1.23697e-61	2.80631e-64	2.08124e-67	3.43512e-70	1.89108e-73	2.3085e-76	9.53395e-80	8.9002e-83	2.78822e-86	2.07909e-89	5.00083e-93	3.13354e-96	6.80567e-100	6.49175e-103	1.01637e-105	
Eriophorum_virginicum	0	0	0	0	0	0	0	0	0	0	0	0	0	0	0	0	0	0	0	0	0	0	0	0	0	0	0	0	1	0	0	0	0	0	0	0	0	0	0	0	0	0	0	0	0	0	0	0	0	0	0	0	0	0	0	0	0	0	0	0	0	0	0	0	0	0	0	0	0	0	0	
Eriophorum_gracile	0	0	0	0	0	0	0	0	0	0	0	0	0	0	0	0	0	0	0	0	0	0	0	0	0	0	0	0	0	1	0	0	0	0	0	0	0	0	0	0	0	0	0	0	0	0	0	0	0	0	0	0	0	0	0	0	0	0	0	0	0	0	0	0	0	0	0	0	0	0	0	
Eriophorum_angustifolium_subsp_angustifolium	0	0	0	0	0	0	0	0	0	0	0	0	0	0	0	0	0	0	0	0	0	0	0	0	0	0	0	0	1	0	0	0	0	0	0	0	0	0	0	0	0	0	0	0	0	0	0	0	0	0	0	0	0	0	0	0	0	0	0	0	0	0	0	0	0	0	0	0	0	0	0	
Scirpus_radicans	0	0	0	0	0	0	0	0	0	0	0	0	0	0	0	0	0	0	0	0	0	0	0	0	0	0	0	1	0	0	0	0	0	0	0	0	0	0	0	0	0	0	0	0	0	0	0	0	0	0	0	0	0	0	0	0	0	0	0	0	0	0	0	0	0	0	0	0	0	0	0	
Scirpus_divaricatus	0	0	0	0	0	0	0	0	0	0	0	0	0	1	0	0	0	0	0	0	0	0	0	0	0	0	0	0	0	0	0	0	0	0	0	0	0	0	0	0	0	0	0	0	0	0	0	0	0	0	0	0	0	0	0	0	0	0	0	0	0	0	0	0	0	0	0	0	0	0	0	
N29	0.00537425	0.00929095	0.0176289	0.0324825	0.0539821	0.0804037	0.106264	0.126439	0.133607	0.126047	0.104538	0.0779248	0.0520951	0.0327246	0.0191098	0.0109281	0.00574719	0.00300136	0.00136045	0.000645104	0.000240744	0.000109808	3.25644e-05	1.62422e-05	3.68886e-06	2.22735e-06	3.88526e-07	2.7961e-07	3.87959e-08	2.88535e-08	3.3814e-09	2.39863e-09	2.39455e-10	1.49218e-10	1.31964e-11	7.49166e-12	5.70804e-13	2.76143e-13	1.93088e-14	8.97568e-15	5.41431e-16	2.12297e-16	1.27618e-17	5.5811e-18	2.91502e-19	1.0443e-19	6.29047e-21	3.1783e-21	1.48397e-22	4.88371e-23	2.96723e-24	1.77534e-24	6.50087e-26	1.75301e-26	1.02328e-27	6.8609e-28	1.90076e-29	4.05064e-30	2.17219e-31	1.45541e-31	3.19525e-33	5.55955e-34	2.65268e-35	1.62721e-35	2.94014e-37	4.20583e-38	1.68842e-39	9.01096e-40	1.59951e-41	3.91778e-42	2.75422e-42	
N30	3.51895e-05	0.000516493	0.00622395	0.0482781	0.232965	0.454354	0.214662	0.0391961	0.0035696	0.000191967	6.6552e-06	1.61113e-07	2.8289e-09	3.78445e-11	3.92557e-13	3.27367e-15	2.20931e-17	1.24409e-19	5.84113e-22	2.35383e-24	8.08353e-27	2.4387e-29	6.37619e-32	1.4951e-34	3.07765e-37	5.79289e-40	9.66722e-43	1.50291e-45	2.08501e-48	2.74204e-51	3.22897e-54	3.66056e-57	3.71498e-60	3.67571e-63	3.24906e-66	2.8286e-69	2.19166e-72	1.68642e-75	1.15149e-78	7.86707e-82	4.75304e-85	2.8936e-88	1.55512e-91	8.48286e-95	4.07336e-98	1.9993e-101	8.63025e-105	3.83656e-108	1.4954e-111	6.04547e-115	2.14166e-118	7.92892e-122	2.56291e-125	8.7159e-129	2.58776e-132	8.14148e-136	2.22681e-139	6.49248e-143	1.64845e-146	4.49432e-150	1.06592e-153	2.7392e-157	6.22667e-161	1.56343e-164	3.60357e-168	9.42839e-172	2.42465e-175	7.01248e-179	2.03163e-182	6.18101e-186	1.91079e-189	
Carex_pachygyna	0	0	0	0	0	1	0	0	0	0	0	0	0	0	0	0	0	0	0	0	0	0	0	0	0	0	0	0	0	0	0	0	0	0	0	0	0	0	0	0	0	0	0	0	0	0	0	0	0	0	0	0	0	0	0	0	0	0	0	0	0	0	0	0	0	0	0	0	0	0	0	
Carex_siderosticta	0	0	0	0	0	1	0	0	0	0	0	0	0	0	0	0	0	0	0	0	0	0	0	0	0	0	0	0	0	0	0	0	0	0	0	0	0	0	0	0	0	0	0	0	0	0	0	0	0	0	0	0	0	0	0	0	0	0	0	0	0	0	0	0	0	0	0	0	0	0	0	
N31	1.25701e-07	4.17079e-07	1.68294e-06	6.36783e-06	2.10672e-05	5.81069e-05	0.00013349	0.000319012	0.000823671	0.0020792	0.0043936	0.00704902	0.00753132	0.00541119	0.00300532	0.00188738	0.00173218	0.00249558	0.00494608	0.0117762	0.0263284	0.0555014	0.0959794	0.14773	0.17268	0.173511	0.127281	0.0818682	0.0392035	0.017456	0.00598727	0.00199356	0.000517905	0.000140058	3.85637e-05	2.25457e-05	1.9049e-05	1.97628e-05	1.62652e-05	1.39899e-05	9.14756e-06	6.28069e-06	3.27336e-06	1.80896e-06	7.47035e-07	3.28224e-07	1.08034e-07	3.80445e-08	9.85919e-09	2.73305e-09	5.61987e-10	1.24344e-10	2.00576e-11	3.48848e-12	4.4903e-13	6.29926e-14	6.43245e-15	7.20142e-16	5.99163e-17	5.54782e-18	3.75201e-19	2.8486e-20	1.62413e-21	1.06254e-22	5.23465e-24	3.05348e-25	1.50762e-26	9.22914e-28	5.377e-29	3.69641e-30	3.68337e-31	
Trichophorum_cespitosum	0	0	0	0	0	0	0	0	0	0	0	0	0	0	0	0	0	0	0	0	0	0	0	0	0	0	0	0	0	0	0	0	0	0	0	0	0	0	0	0	0	0	0	0	0	0	0	0	0	0	0	1	0	0	0	0	0	0	0	0	0	0	0	0	0	0	0	0	0	0	0	
Trichophorum_alpinum	0	0	0	0	0	0	0	0	0	0	0	0	0	0	0	0	0	0	0	0	0	0	0	0	0	0	0	0	1	0	0	0	0	0	0	0	0	0	0	0	0	0	0	0	0	0	0	0	0	0	0	0	0	0	0	0	0	0	0	0	0	0	0	0	0	0	0	0	0	0	0	
N32	0.11319	0.131543	0.139378	0.138393	0.126199	0.107919	0.0846266	0.0620985	0.0415784	0.0259968	0.0147444	0.00781894	0.00374088	0.0016865	0.000683401	0.000265421	9.22426e-05	3.15641e-05	9.5989e-06	2.97426e-06	8.0565e-07	2.29505e-07	5.58296e-08	1.46293e-08	3.17539e-09	7.54218e-10	1.45231e-10	3.10764e-11	5.27029e-12	1.00728e-12	1.51135e-13	2.603e-14	3.45193e-15	5.3367e-16	6.33722e-17	8.95681e-18	9.51028e-19	1.21794e-19	1.17751e-20	1.39994e-21	1.22204e-22	1.32077e-23	1.06312e-24	1.07645e-25	7.84751e-27	7.20442e-28	4.87511e-29	4.21389e-30	2.5771e-31	2.00945e-32	1.14435e-33	8.43866e-35	4.33897e-36	2.88307e-37	1.38726e-38	8.77904e-40	3.81223e-41	2.17044e-42	8.86444e-44	4.84257e-45	1.79006e-46	8.82632e-48	3.10061e-49	1.48769e-50	4.8238e-52	2.16146e-53	7.55643e-55	3.90116e-56	1.86672e-57	1.24116e-58	1.24798e-59	
N33	0.00254681	0.00554377	0.0132985	0.0293062	0.0551647	0.0905177	0.127497	0.156544	0.161705	0.141994	0.102659	0.0625216	0.0311769	0.0131679	0.00456964	0.00136233	0.000336046	7.26392e-05	1.31022e-05	2.12085e-06	2.88328e-07	3.60749e-08	3.80757e-09	3.79099e-10	3.1817e-11	2.57368e-12	1.75137e-13	1.17028e-14	6.54081e-16	3.64568e-17	1.69506e-18	7.97702e-20	3.11346e-21	1.24628e-22	4.13564e-24	1.42729e-25	4.05985e-27	1.21559e-28	3.00375e-30	7.9161e-32	1.70948e-33	3.97686e-35	7.60463e-37	1.58437e-38	2.6897e-40	5.01103e-42	7.64794e-44	1.29282e-45	1.77125e-47	2.70008e-49	3.36221e-51	4.69491e-53	5.28837e-55	6.7004e-57	6.91668e-59	8.09161e-61	7.59727e-63	8.1033e-65	7.02226e-67	6.9702e-69	5.53378e-71	5.05302e-73	3.7689e-75	3.28606e-77	2.36946e-79	2.05373e-81	1.6354e-83	1.60167e-85	1.55859e-87	1.71911e-89	2.2937e-91	
Rhynchospora_albiceps	0	0	0	0	0	0	0	0	0	1	0	0	0	0	0	0	0	0	0	0	0	0	0	0	0	0	0	0	0	0	0	0	0	0	0	0	0	0	0	0	0	0	0	0	0	0	0	0	0	0	0	0	0	0	0	0	0	0	0	0	0	0	0	0	0	0	0	0	0	0	0	
N34	4.77863e-05	0.000176817	0.00078009	0.00305916	0.00981733	0.0265243	0.0616154	0.12222	0.189892	0.221585	0.18509	0.111966	0.0479006	0.0151563	0.00345863	0.000617788	8.18499e-05	9.29249e-06	7.9884e-07	6.6635e-08	4.15603e-09	2.81494e-10	1.35204e-11	7.48501e-13	2.77042e-14	1.215e-15	3.47785e-17	1.21154e-18	2.70185e-20	7.52458e-22	1.34028e-23	3.08921e-25	4.43758e-27	8.50436e-29	1.02052e-30	1.71791e-32	1.72405e-34	2.50381e-36	2.22187e-38	3.03723e-40	2.32731e-42	2.77721e-44	1.98226e-46	2.32202e-48	1.43725e-50	1.43384e-52	8.43163e-55	8.32365e-57	4.18266e-59	3.42762e-61	1.64179e-63	1.34024e-65	5.46503e-68	3.6875e-70	1.44506e-72	9.84573e-75	3.28227e-77	1.84023e-79	5.93425e-82	3.41064e-84	9.41095e-87	4.47488e-89	1.21205e-91	6.0243e-94	1.39534e-96	5.71349e-99	1.36262e-101	6.42175e-104	1.98731e-106	1.25384e-108	9.57616e-111	
Rhynchospora_rubra	0	0	0	0	0	0	0	0	0	1	0	0	0	0	0	0	0	0	0	0	0	0	0	0	0	0	0	0	0	0	0	0	0	0	0	0	0	0	0	0	0	0	0	0	0	0	0	0	0	0	0	0	0	0	0	0	0	0	0	0	0	0	0	0	0	0	0	0	0	0	0	
Rhynchospora_globosa	0	0	0	0	0	0	0	0	0	0	0	1	0	0	0	0	0	0	0	0	0	0	0	0	0	0	0	0	0	0	0	0	0	0	0	0	0	0	0	0	0	0	0	0	0	0	0	0	0	0	0	0	0	0	0	0	0	0	0	0	0	0	0	0	0	0	0	0	0	0	0	
N35	0.0759633	0.0964986	0.115969	0.130572	0.132808	0.124234	0.104665	0.0814158	0.0571784	0.0372079	0.0217786	0.0118143	0.00571861	0.00257558	0.00102819	0.000386948	0.000128254	4.10341e-05	1.14805e-05	3.20752e-06	7.72517e-07	1.92783e-07	4.06355e-08	9.16507e-09	1.6947e-09	3.42539e-10	5.54668e-11	9.98593e-12	1.40594e-12	2.23004e-13	2.7401e-14	3.85737e-15	4.12989e-16	5.13989e-17	4.85811e-18	5.45022e-19	4.54713e-20	4.57305e-21	3.43722e-22	3.18902e-23	2.15081e-24	1.81327e-25	1.1273e-26	8.96517e-28	5.0765e-29	3.70131e-30	1.97104e-31	1.37847e-32	6.73985e-34	4.32605e-35	2.01181e-36	1.24915e-37	5.34073e-39	3.03511e-40	1.23883e-41	6.82799e-43	2.54692e-44	1.2736e-45	4.52507e-47	2.1934e-48	7.08869e-50	3.10516e-51	9.58341e-53	4.09627e-54	1.16217e-55	4.60026e-57	1.3902e-58	6.27919e-60	2.58208e-61	1.50971e-62	1.31436e-63	
N36	1.28552e-07	1.00296e-06	8.09226e-06	5.04102e-05	0.000246384	0.000905942	0.00239779	0.00500633	0.0101151	0.0279628	0.0762312	0.164147	0.244786	0.24702	0.150227	0.0561852	0.0124807	0.00195961	0.000226035	2.95512e-05	7.42657e-06	3.33181e-06	1.33481e-06	4.99299e-07	1.411e-07	3.6913e-08	7.12753e-09	1.27887e-09	1.64686e-10	1.97147e-11	1.66614e-12	1.32267e-13	7.33929e-15	3.91734e-16	1.48442e-17	5.60345e-19	1.5114e-20	4.18534e-22	8.45876e-24	1.80876e-25	2.81799e-27	4.73827e-29	5.91995e-31	8.15806e-33	8.27078e-35	9.35758e-37	7.94715e-39	7.65998e-41	5.44798e-43	4.428e-45	2.71492e-47	1.931e-49	1.01313e-51	6.1964e-54	2.86354e-56	1.56545e-58	6.28655e-61	2.99608e-63	1.07765e-65	4.67004e-68	1.48041e-70	5.67301e-73	1.64508e-75	5.88248e-78	1.57211e-80	5.30507e-83	1.52287e-85	5.75477e-88	2.09122e-90	9.11326e-93	4.47793e-95	
Rhynchospora_chinensis	0	0	0	0	0	0	0	0	0	0	0	0	0	0	0	0	0	0	0	0	0	0	0	0	0	0	0	0	0	0	1	0	0	0	0	0	0	0	0	0	0	0	0	0	0	0	0	0	0	0	0	0	0	0	0	0	0	0	0	0	0	0	0	0	0	0	0	0	0	0	0	
N37	1.62449e-10	2.69642e-09	4.89365e-08	6.37192e-07	6.1198e-06	3.0264e-05	7.4775e-05	0.000293781	0.00226553	0.0164724	0.0815726	0.234027	0.340693	0.23236	0.0772174	0.013549	0.00135106	8.2691e-05	3.33727e-06	1.03361e-07	3.10582e-09	1.19814e-10	4.82675e-12	1.74968e-13	5.02149e-15	1.16813e-16	2.13966e-18	3.17227e-20	3.74508e-22	3.60134e-24	2.78552e-26	1.77232e-28	9.16308e-31	3.9546e-33	1.40171e-35	4.2419e-38	1.06268e-40	2.36132e-43	4.34256e-46	7.82155e-49	1.16336e-51	2.4504e-54	4.43046e-57	1.8179e-59	4.32638e-62	2.01057e-64	4.60853e-67	1.89602e-69	3.79616e-72	1.32859e-74	2.32985e-77	6.99904e-80	1.06139e-82	2.72319e-85	3.60264e-88	7.97678e-91	9.12855e-94	1.73701e-96	1.73048e-99	2.86435e-102	2.47051e-105	3.54366e-108	2.65865e-111	3.3536e-114	2.18319e-117	2.41545e-120	1.37609e-123	1.38187e-126	7.83217e-130	9.60296e-133	1.38996e-135	
Rhynchospora_capillacea	0	0	0	0	0	0	0	0	0	0	0	0	1	0	0	0	0	0	0	0	0	0	0	0	0	0	0	0	0	0	0	0	0	0	0	0	0	0	0	0	0	0	0	0	0	0	0	0	0	0	0	0	0	0	0	0	0	0	0	0	0	0	0	0	0	0	0	0	0	0	0	
Rhynchospora_alba	0	0	0	0	0	0	0	0	0	0	0	0	1	0	0	0	0	0	0	0	0	0	0	0	0	0	0	0	0	0	0	0	0	0	0	0	0	0	0	0	0	0	0	0	0	0	0	0	0	0	0	0	0	0	0	0	0	0	0	0	0	0	0	0	0	0	0	0	0	0	0	
N38	0.122236	0.146185	0.160162	0.160929	0.142696	0.112032	0.0755742	0.0441825	0.0218901	0.00933656	0.00336857	0.00105031	0.000278153	6.42857e-05	1.27021e-05	2.22144e-06	3.34373e-07	4.53916e-08	5.3376e-09	5.8042e-10	5.49011e-11	4.95673e-12	3.8955e-13	3.02738e-14	2.03172e-15	1.39057e-16	8.10078e-18	4.92011e-19	2.49375e-20	1.33643e-21	5.89421e-23	2.78224e-24	1.06635e-25	4.42386e-27	1.4821e-28	5.4493e-30	1.60099e-31	5.23132e-33	1.36286e-34	4.0156e-36	9.31089e-38	2.477e-39	5.18742e-41	1.26954e-42	2.40433e-44	5.38793e-46	9.39082e-48	1.96933e-49	3.14235e-51	6.07449e-53	9.04207e-55	1.65123e-56	2.2619e-58	3.80621e-60	4.89605e-62	7.81255e-64	9.24444e-66	1.3549e-67	1.50955e-69	2.10384e-71	2.15624e-73	2.76129e-75	2.68308e-77	3.30598e-79	3.03175e-81	3.59265e-83	3.56714e-85	4.82278e-87	6.28839e-89	1.03442e-90	2.14772e-92	
Rhynchospora_nervosa	0	0	0	0	1	0	0	0	0	0	0	0	0	0	0	0	0	0	0	0	0	0	0	0	0	0	0	0	0	0	0	0	0	0	0	0	0	0	0	0	0	0	0	0	0	0	0	0	0	0	0	0	0	0	0	0	0	0	0	0	0	0	0	0	0	0	0	0	0	0	0	
Rhynchospora_robusta	0	0	0	0	1	0	0	0	0	0	0	0	0	0	0	0	0	0	0	0	0	0	0	0	0	0	0	0	0	0	0	0	0	0	0	0	0	0	0	0	0	0	0	0	0	0	0	0	0	0	0	0	0	0	0	0	0	0	0	0	0	0	0	0	0	0	0	0	0	0	0	
N39	0.12151	0.138524	0.142254	0.136416	0.120402	0.100663	0.0781343	0.0579381	0.0399824	0.0265522	0.0163933	0.00983231	0.00546043	0.00299101	0.00150915	0.000769507	0.000357922	0.000173503	7.55578e-05	3.5378e-05	1.44858e-05	6.52709e-06	2.50412e-06	1.07725e-06	3.82989e-07	1.54967e-07	5.09786e-08	1.94399e-08	5.88856e-09	2.09981e-09	5.91184e-10	1.99926e-10	5.21326e-11	1.65307e-11	4.0523e-12	1.22966e-12	2.80721e-13	7.97767e-14	1.72631e-14	4.71687e-15	9.49256e-16	2.41207e-16	4.61132e-17	1.12852e-17	1.99781e-18	4.52128e-19	7.61584e-20	1.66628e-20	2.58756e-21	5.20848e-22	7.71179e-23	1.50814e-23	2.05704e-24	3.69933e-25	4.83894e-26	8.51975e-27	1.02554e-27	1.65442e-28	1.91911e-29	3.04953e-30	3.26484e-31	4.76584e-32	4.974e-33	7.24904e-34	7.13562e-35	9.89723e-36	1.08872e-36	1.78902e-37	2.7849e-38	6.42119e-39	2.60351e-39	
Calyptrocarya_glomerulata	0	0	0	0	0	0	0	0	0	1	0	0	0	0	0	0	0	0	0	0	0	0	0	0	0	0	0	0	0	0	0	0	0	0	0	0	0	0	0	0	0	0	0	0	0	0	0	0	0	0	0	0	0	0	0	0	0	0	0	0	0	0	0	0	0	0	0	0	0	0	0	
Scleria_foliosa	0	0	0	0	0	0	0	0	0	1	0	0	0	0	0	0	0	0	0	0	0	0	0	0	0	0	0	0	0	0	0	0	0	0	0	0	0	0	0	0	0	0	0	0	0	0	0	0	0	0	0	0	0	0	0	0	0	0	0	0	0	0	0	0	0	0	0	0	0	0	0	
N40	1.96665e-12	4.1673e-11	7.88898e-10	1.14445e-08	7.44756e-08	3.25276e-07	3.91594e-06	3.63849e-05	0.000151889	0.000121919	1.87663e-05	6.15218e-06	1.64285e-05	0.000212705	0.00246753	0.0201845	0.104438	0.306255	0.385416	0.156434	0.0223445	0.00179392	9.51741e-05	3.75918e-06	1.10481e-07	2.6408e-09	8.06836e-11	2.95408e-11	2.0843e-11	1.30676e-11	6.62905e-12	2.90526e-12	1.0109e-12	2.98773e-13	6.77428e-14	1.25472e-14	1.66922e-15	1.66962e-16	1.06062e-17	4.44823e-19	1.1843e-20	2.4075e-22	3.52293e-24	4.34553e-26	4.12133e-28	3.48435e-30	2.35554e-32	1.47147e-34	7.51608e-37	3.63605e-39	1.46368e-41	5.6869e-44	1.85621e-46	5.93198e-49	1.60918e-51	4.32721e-54	9.92356e-57	2.27902e-59	4.50538e-62	9.01965e-65	1.56679e-67	2.79421e-70	4.43259e-73	7.37884e-76	1.13705e-78	1.87714e-81	3.00949e-84	5.09586e-87	8.4364e-90	1.40787e-92	2.46e-95	
Cladium_mariscus	0	0	0	0	0	0	0	0	0	0	0	0	0	0	0	0	0	1	0	0	0	0	0	0	0	0	0	0	0	0	0	0	0	0	0	0	0	0	0	0	0	0	0	0	0	0	0	0	0	0	0	0	0	0	0	0	0	0	0	0	0	0	0	0	0	0	0	0	0	0	0	
Cladium_mariscoides	0	0	0	0	0	0	0	0	0	0	0	0	0	0	0	0	0	0	0	0	0	0	0	0	0	0	0	0	0	0	0	0	0	0	0	0	0	0	1	0	0	0	0	0	0	0	0	0	0	0	0	0	0	0	0	0	0	0	0	0	0	0	0	0	0	0	0	0	0	0	0	
