NODE	1	2	3	4	5	6	7	8	9	10	11	12	13	14	15	16	17	18	19	20	21	22	23	24	25	26	27	28	29	30	31	32	33	34	35	36	37	38	39	40	41	42	43	44	45	46	47	48	49	50	51	52	53	54	55	56	57	58	59	60	61	62	63	64	65	66	67	68	69	70	71	
N1	0.193647	0.183299	0.164134	0.138483	0.109503	0.0807072	0.0551677	0.0348265	0.0202383	0.0108022	0.00528904	0.00237429	0.000977071	0.000368582	0.00012749	4.04191e-05	1.17373e-05	3.11883e-06	7.57474e-07	1.67866e-07	3.38994e-08	6.23018e-09	1.04086e-09	1.57923e-10	2.17433e-11	2.71504e-12	3.07346e-13	5.5484e-17	1.6919e-17	4.9116e-18	1.35754e-18	3.57291e-19	8.95596e-20	2.13855e-20	4.8658e-21	1.05522e-21	2.18184e-22	4.30271e-23	8.0957e-24	1.45387e-24	2.49302e-25	4.08352e-26	6.39197e-27	9.56577e-28	1.36931e-28	1.87555e-29	2.45917e-30	3.08798e-31	3.71523e-32	4.28463e-33	4.73865e-34	5.02809e-35	5.121e-36	5.00843e-37	4.70584e-38	4.24963e-39	3.69008e-40	3.08233e-41	2.47781e-42	1.91774e-43	1.42967e-44	1.02705e-45	7.11323e-47	4.75205e-48	3.06426e-49	1.90929e-50	1.15221e-51	6.77685e-53	3.95773e-54	2.4248e-55	1.94629e-56	
N2	0.0119743	0.014306	0.0180576	0.0236102	0.030436	0.038679	0.0470441	0.0556156	0.0624848	0.0682348	0.0708896	0.0720506	0.0699691	0.0670571	0.0615897	0.0561825	0.0489597	0.0424728	0.0349566	0.0286798	0.0221292	0.0170765	0.0123049	0.00891358	0.00598445	0.0040627	0.00254126	0.00161538	0.000938408	0.000556492	0.000300008	0.000165837	8.27806e-05	4.25403e-05	1.96752e-05	9.4108e-06	4.02821e-06	1.79084e-06	7.1132e-07	2.94916e-07	1.08666e-07	4.1983e-08	1.44138e-08	5.21561e-09	1.669e-09	5.65164e-10	1.69538e-10	5.40583e-11	1.52126e-11	4.56344e-12	1.21494e-12	3.45607e-13	8.7212e-14	2.33203e-14	5.53072e-15	1.38518e-15	3.06964e-16	7.16733e-17	1.49273e-17	3.2812e-18	6.44861e-19	1.34591e-19	2.56555e-20	5.26477e-21	1.0138e-21	2.12912e-22	4.3738e-23	9.72013e-24	2.17649e-24	5.60572e-25	2.28795e-25	
Lepironia_articulata	0	0	0	0	0	0	0	0	0	0	0	0	0	0	0	0	1	0	0	0	0	0	0	0	0	0	0	0	0	0	0	0	0	0	0	0	0	0	0	0	0	0	0	0	0	0	0	0	0	0	0	0	0	0	0	0	0	0	0	0	0	0	0	0	0	0	0	0	0	0	0	
Chrysitrix_capensis	0	0	0	0	0	0	0	0	0	0	0	0	0	0	0	0	0	0	0	0	0	0	1	0	0	0	0	0	0	0	0	0	0	0	0	0	0	0	0	0	0	0	0	0	0	0	0	0	0	0	0	0	0	0	0	0	0	0	0	0	0	0	0	0	0	0	0	0	0	0	0	
N3	0.177127	0.177911	0.164419	0.142636	0.113647	0.0849274	0.0580135	0.0371816	0.0216527	0.0118856	0.00588712	0.00278261	0.00117329	0.000484566	0.00017535	6.55762e-05	2.07534e-05	7.42015e-06	2.1228e-06	7.65777e-07	2.01377e-07	7.22827e-08	1.74468e-08	6.00871e-09	1.30066e-09	4.10822e-10	8.28593e-11	2.39444e-11	4.24002e-12	1.05531e-12	1.67359e-13	3.7538e-14	5.16171e-15	9.99343e-16	1.23599e-16	2.24082e-17	2.35395e-18	3.70627e-19	3.58052e-20	5.71113e-21	4.63182e-22	6.39368e-23	5.01921e-24	7.42602e-25	4.85569e-26	5.9326e-27	3.91538e-28	5.19389e-29	3.0469e-30	3.62057e-31	3.27321e-32	4.84375e-33	5.63783e-34	5.09398e-35	3.53518e-36	2.33429e-37	1.28333e-38	6.93609e-40	3.27374e-41	1.54274e-42	6.14568e-44	2.47013e-45	8.51362e-47	3.09966e-48	8.96783e-50	2.89641e-51	7.79066e-53	2.94778e-54	1.15067e-55	8.0524e-57	8.5371e-58	
N4	0.146821	0.149377	0.141996	0.129098	0.110344	0.0908119	0.0704761	0.0530036	0.0376051	0.0260691	0.0170288	0.0110099	0.00668301	0.00409938	0.00234748	0.00140329	0.000772924	0.000462573	0.000249668	0.000152099	8.05668e-05	4.94135e-05	2.55151e-05	1.55435e-05	7.72807e-06	4.60265e-06	2.22798e-06	1.29691e-06	5.97628e-07	3.31408e-07	1.46058e-07	7.79993e-08	3.24328e-08	1.64287e-08	6.53355e-09	3.22423e-09	1.20846e-09	5.70227e-10	2.06884e-10	9.71574e-11	3.33657e-11	1.50182e-11	5.05764e-12	2.2851e-12	7.29645e-13	3.14221e-13	1.00574e-13	4.43178e-14	1.42667e-14	6.3041e-15	2.32433e-15	1.10788e-15	4.55717e-16	1.893e-16	6.56764e-17	2.31425e-17	7.00672e-18	2.16265e-18	5.91391e-19	1.66704e-19	4.1049e-20	1.05791e-20	2.40742e-21	5.9584e-22	1.27e-22	3.15125e-23	7.40606e-24	2.3571e-24	8.31313e-25	4.32932e-25	3.53444e-25	
Calyptrocarya_glomerulata	0	0	0	0	0	0	0	0	0	1	0	0	0	0	0	0	0	0	0	0	0	0	0	0	0	0	0	0	0	0	0	0	0	0	0	0	0	0	0	0	0	0	0	0	0	0	0	0	0	0	0	0	0	0	0	0	0	0	0	0	0	0	0	0	0	0	0	0	0	0	0	
Scleria_foliosa	0	0	0	0	0	0	0	0	0	1	0	0	0	0	0	0	0	0	0	0	0	0	0	0	0	0	0	0	0	0	0	0	0	0	0	0	0	0	0	0	0	0	0	0	0	0	0	0	0	0	0	0	0	0	0	0	0	0	0	0	0	0	0	0	0	0	0	0	0	0	0	
N5	0.166953	0.169921	0.160421	0.14271	0.116465	0.0891886	0.062206	0.0409031	0.0243176	0.0138107	0.00700192	0.0034889	0.00150828	0.000681237	0.000252163	0.000111113	3.54831e-05	1.67309e-05	4.69373e-06	2.52197e-06	6.17799e-07	3.5352e-07	7.68874e-08	4.52394e-08	8.5777e-09	4.82353e-09	1.05164e-09	5.50235e-10	1.06243e-10	4.3615e-11	8.11923e-12	3.10278e-12	4.90555e-13	1.5163e-13	2.27058e-14	7.50163e-15	8.60908e-16	2.28227e-16	2.62858e-17	9.65218e-18	7.65966e-19	2.00035e-19	1.87293e-20	8.08051e-21	4.83291e-22	1.19249e-22	9.69666e-24	4.27972e-24	2.15282e-25	5.61329e-26	1.41022e-26	8.80005e-27	3.9384e-27	6.37376e-28	7.9601e-29	9.10948e-30	9.12674e-31	8.70017e-32	7.47328e-33	6.20986e-34	4.50014e-35	3.20549e-36	2.01038e-37	1.32428e-38	6.87582e-40	4.03647e-41	1.8723e-42	1.29017e-43	7.16579e-45	1.45953e-45	6.51738e-46	
N6	0.0477923	0.0553109	0.0654354	0.0776946	0.0882139	0.0963546	0.0981402	0.0955308	0.0862769	0.0750663	0.060526	0.0476891	0.0346727	0.0251497	0.0167161	0.0114159	0.0070369	0.00460433	0.00266073	0.00168088	0.000907709	0.00054735	0.000275072	0.000157268	7.31035e-05	3.92755e-05	1.7155e-05	8.67612e-06	3.4816e-06	1.61383e-06	5.96362e-07	2.55494e-07	8.57356e-08	3.34984e-08	1.03349e-08	3.77594e-09	1.05892e-09	3.56629e-10	9.3115e-11	2.99142e-11	7.1409e-12	2.12179e-12	4.77305e-13	1.36447e-13	2.82633e-14	7.49537e-15	1.51238e-15	3.97302e-16	7.94413e-17	2.0428e-17	4.45537e-18	1.16942e-18	2.66656e-19	5.96028e-20	1.11656e-20	2.06571e-21	3.2843e-22	5.1923e-23	7.23779e-24	1.01778e-24	1.24998e-25	1.57966e-26	1.76252e-27	2.11141e-28	2.2076e-29	2.66819e-30	3.10822e-31	4.71216e-32	7.67256e-33	1.63353e-33	5.05378e-34	
N7	1.15328e-06	3.01327e-06	1.0148e-05	3.31439e-05	9.54651e-05	0.000253222	0.000611715	0.00129074	0.00222447	0.0032231	0.00441516	0.00714625	0.0139184	0.0292654	0.0575319	0.101097	0.148504	0.181036	0.173634	0.13312	0.0792849	0.0386569	0.0153401	0.00537533	0.00174429	0.00068638	0.000403738	0.00032692	0.000264746	0.000203425	0.000135885	8.35402e-05	4.41382e-05	2.14801e-05	8.94885e-06	3.44175e-06	1.12863e-06	3.42651e-07	8.85634e-08	2.12869e-08	4.35209e-09	8.32523e-10	1.35823e-10	2.08982e-11	2.74962e-12	3.44143e-13	3.70234e-14	3.82444e-15	3.4083e-16	2.94277e-17	2.20579e-18	1.61587e-19	1.03163e-20	6.47684e-22	3.56176e-23	1.93931e-24	9.28654e-26	4.43324e-27	1.8796e-28	8.01223e-30	3.06854e-31	1.19386e-32	4.26898e-34	1.56604e-35	5.40499e-37	1.91375e-38	6.4924e-40	2.22289e-41	7.30973e-43	2.39558e-44	1.00734e-45	
Cladium_mariscus	0	0	0	0	0	0	0	0	0	0	0	0	0	0	0	0	0	1	0	0	0	0	0	0	0	0	0	0	0	0	0	0	0	0	0	0	0	0	0	0	0	0	0	0	0	0	0	0	0	0	0	0	0	0	0	0	0	0	0	0	0	0	0	0	0	0	0	0	0	0	0	
Cladium_mariscoides	0	0	0	0	0	0	0	0	0	0	0	0	0	0	0	0	0	0	0	0	0	0	0	0	0	0	0	0	0	0	0	0	0	0	0	0	0	0	1	0	0	0	0	0	0	0	0	0	0	0	0	0	0	0	0	0	0	0	0	0	0	0	0	0	0	0	0	0	0	0	0	
N8	0.0159321	0.0197501	0.0263617	0.0364664	0.0491358	0.0640718	0.0781376	0.0904798	0.0970819	0.0990304	0.0935559	0.0844619	0.0703752	0.056345	0.0414304	0.0295793	0.01928	0.0124037	0.00724127	0.00426303	0.00225225	0.00122791	0.000592685	0.000301988	0.000133634	6.37007e-05	2.59651e-05	1.15665e-05	4.29419e-06	1.75849e-06	5.89925e-07	2.19966e-07	6.55612e-08	2.1841e-08	5.75615e-09	1.71188e-09	3.94491e-10	1.03507e-10	2.1032e-11	4.93497e-12	8.79297e-13	1.82944e-13	2.91335e-14	5.50728e-15	7.80087e-16	1.32628e-16	1.71768e-17	2.71778e-18	3.21268e-19	4.69474e-20	5.35407e-21	7.63921e-22	8.65204e-23	1.12566e-23	1.16014e-24	1.33723e-25	1.21899e-26	1.2232e-27	1.00075e-28	8.9892e-30	6.44606e-31	5.08301e-32	3.2641e-33	2.35275e-34	1.35504e-35	9.13083e-37	5.41779e-38	4.07238e-39	3.00569e-40	2.76359e-41	3.63043e-42	
N9	0.0135239	0.0161215	0.0203783	0.0268671	0.035285	0.0458391	0.0571501	0.0688629	0.0789877	0.0873977	0.0914012	0.0909844	0.0840301	0.0730361	0.0585696	0.0448789	0.0324549	0.023334	0.016203	0.011495	0.00781766	0.00548148	0.00358888	0.0024526	0.00151693	0.000998428	0.000576113	0.000360046	0.00019073	0.000110835	5.34484e-05	2.86647e-05	1.26239e-05	6.29836e-06	2.59628e-06	1.2394e-06	4.88913e-07	2.26928e-07	8.74695e-08	4.03637e-08	1.53489e-08	7.07926e-09	2.68604e-09	1.24997e-09	4.66401e-10	2.14478e-10	7.84909e-11	3.57493e-11	1.2526e-11	5.49871e-12	1.87299e-12	8.10566e-13	2.66832e-13	1.09697e-13	3.49466e-14	1.37747e-14	4.13076e-15	1.50349e-15	4.32688e-16	1.48751e-16	3.96438e-17	1.24326e-17	3.14257e-18	9.37802e-19	2.24591e-19	6.52785e-20	1.70073e-20	5.69694e-21	1.90262e-21	7.93408e-22	4.1946e-22	
Schoenus_brevifolius	0	0	0	0	0	0	0	0	0	0	0	0	0	0	0	0	0	0	0	0	0	0	0	0	0	0	0	0	0	0	0	0	0	0	0	0	0	0	0	0	0	0	0	0	0	0	0	0	0	0	0	0	0	0	0	0	0	0	0	0	1	0	0	0	0	0	0	0	0	0	0	
N10	0.0170821	0.0209234	0.0273261	0.0367014	0.0481203	0.0611993	0.073754	0.0847075	0.0913012	0.0931665	0.0892159	0.0813036	0.0701438	0.0580796	0.0457232	0.0345453	0.0246798	0.0168343	0.0107915	0.00659075	0.00377178	0.00206045	0.00105386	0.000516044	0.000236215	0.000103751	4.24788e-05	1.67156e-05	6.10878e-06	2.15016e-06	7.00526e-07	2.20634e-07	6.41364e-08	1.81311e-08	4.72202e-09	1.20618e-09	2.83356e-10	6.59771e-11	1.41113e-11	3.02579e-12	5.94583e-13	1.18351e-13	2.15408e-14	4.00252e-15	6.77641e-16	1.17617e-16	1.85582e-17	3.0064e-18	4.41662e-19	6.6571e-20	9.10235e-21	1.27471e-21	1.61877e-22	2.09993e-23	2.47459e-24	2.97207e-25	3.24453e-26	3.60496e-27	3.65477e-28	3.77612e-29	3.57949e-30	3.48024e-31	3.15541e-32	2.97623e-33	2.6877e-34	2.56364e-35	2.41041e-36	2.38182e-37	2.34138e-38	2.44952e-39	3.87496e-40	
Schoenus_apogon	0	0	0	1	0	0	0	0	0	0	0	0	0	0	0	0	0	0	0	0	0	0	0	0	0	0	0	0	0	0	0	0	0	0	0	0	0	0	0	0	0	0	0	0	0	0	0	0	0	0	0	0	0	0	0	0	0	0	0	0	0	0	0	0	0	0	0	0	0	0	0	
Schoenus_nigricans	0	0	0	0	0	0	0	0	0	0	0	0	0	0	0	0	0	0	0	0	0	1	0	0	0	0	0	0	0	0	0	0	0	0	0	0	0	0	0	0	0	0	0	0	0	0	0	0	0	0	0	0	0	0	0	0	0	0	0	0	0	0	0	0	0	0	0	0	0	0	0	
N11	0.0139168	0.0171676	0.0228593	0.0317491	0.043361	0.0575943	0.0719922	0.0853864	0.0941209	0.0982891	0.0953982	0.0882524	0.0757437	0.0623431	0.0472799	0.0347591	0.0232592	0.0154211	0.0091386	0.00558671	0.00295316	0.00171664	0.000818538	0.000470646	0.000203821	0.00011963	4.76219e-05	2.93312e-05	1.06111e-05	6.76532e-06	2.23774e-06	1.46795e-06	4.37509e-07	2.79049e-07	7.63532e-08	4.71687e-08	1.15193e-08	6.47092e-09	1.45654e-09	7.78209e-10	1.537e-10	7.26395e-11	1.33889e-11	6.17676e-12	9.8218e-13	3.92301e-13	5.98166e-14	2.43332e-14	3.11594e-15	1.05741e-15	1.40312e-16	5.47231e-17	9.26344e-18	2.64743e-18	4.36187e-19	1.12122e-19	1.63452e-20	3.31353e-21	4.93342e-22	9.46079e-23	1.18295e-23	1.8076e-24	2.15629e-25	3.19304e-26	3.06126e-27	3.6554e-28	3.37458e-29	4.53886e-30	4.6118e-31	1.17445e-31	5.91081e-32	
Oreobolus_pectinatus	0	0	0	0	0	0	0	0	0	0	0	0	0	0	0	0	0	0	1	0	0	0	0	0	0	0	0	0	0	0	0	0	0	0	0	0	0	0	0	0	0	0	0	0	0	0	0	0	0	0	0	0	0	0	0	0	0	0	0	0	0	0	0	0	0	0	0	0	0	0	0	
N12	0.0115141	0.0141054	0.0186413	0.0258256	0.0354935	0.047839	0.0612401	0.0747717	0.0853352	0.0924008	0.0935936	0.090627	0.0822745	0.0717178	0.0581478	0.0453586	0.0324745	0.0226471	0.0143268	0.00912708	0.00520242	0.00317134	0.00169432	0.00105338	0.000549807	0.000364481	0.000190142	0.000134658	6.87874e-05	4.97102e-05	2.43102e-05	1.73091e-05	7.88446e-06	5.31444e-06	2.24991e-06	1.43148e-06	5.52995e-07	3.23634e-07	1.15692e-07	6.38208e-08	2.0634e-08	1.04049e-08	3.14005e-09	1.5249e-09	4.14077e-10	1.8326e-10	4.73517e-11	2.08348e-11	4.80538e-12	1.90928e-12	4.4168e-13	1.87171e-13	4.47497e-14	1.67016e-14	4.04225e-15	1.44947e-15	3.23066e-16	9.90463e-17	2.23636e-17	6.56849e-18	1.31489e-18	3.26689e-19	6.2332e-20	1.48012e-20	2.42253e-21	4.99389e-22	8.1066e-23	1.93232e-23	4.2695e-24	1.77147e-24	1.17193e-24	
Gahnia_aspera	0	0	0	0	0	0	0	0	0	0	0	0	0	0	0	0	0	0	0	0	0	0	0	0	0	0	0	0	0	0	0	0	0	0	0	0	0	0	0	1	0	0	0	0	0	0	0	0	0	0	0	0	0	0	0	0	0	0	0	0	0	0	0	0	0	0	0	0	0	0	0	
N13	0.00442689	0.00607578	0.00936643	0.0149803	0.0231939	0.0344785	0.0479529	0.0630831	0.0775281	0.0905208	0.0992086	0.103183	0.0998949	0.0906929	0.0756566	0.058633	0.041387	0.0270509	0.0160399	0.00882134	0.00439436	0.00204288	0.000861	0.000342099	0.000123484	4.25987e-05	1.33968e-05	4.094e-06	1.1457e-06	3.17736e-07	8.13908e-08	2.11408e-08	5.12792e-09	1.28737e-09	3.03224e-10	7.43184e-11	1.68642e-11	3.94137e-12	8.35806e-13	1.80563e-13	3.47908e-14	6.80174e-15	1.17537e-15	2.06602e-16	3.1876e-17	5.03176e-18	6.9516e-19	9.90722e-20	1.22969e-20	1.58809e-21	1.78527e-22	2.10708e-23	2.15589e-24	2.32983e-25	2.18329e-26	2.17328e-27	1.86867e-28	1.71266e-29	1.36282e-30	1.16026e-31	8.59464e-33	6.84758e-34	4.85054e-35	3.73423e-36	2.63632e-37	2.03778e-38	1.50942e-39	1.19966e-40	9.26826e-42	7.54355e-43	8.83704e-44	
Tetraria_capillaris	0	0	0	0	0	0	0	0	0	1	0	0	0	0	0	0	0	0	0	0	0	0	0	0	0	0	0	0	0	0	0	0	0	0	0	0	0	0	0	0	0	0	0	0	0	0	0	0	0	0	0	0	0	0	0	0	0	0	0	0	0	0	0	0	0	0	0	0	0	0	0	
N14	0.000181292	0.000334001	0.000768401	0.0018255	0.00404847	0.00839203	0.015924	0.0273219	0.0405707	0.0530762	0.0639495	0.077826	0.0951136	0.113542	0.123241	0.120245	0.100207	0.0724889	0.0433913	0.0224674	0.00957701	0.00366778	0.00119755	0.000393167	0.000127906	5.5305e-05	2.76306e-05	1.74689e-05	9.9462e-06	6.16102e-06	3.11498e-06	1.68054e-06	7.18527e-07	3.28305e-07	1.17592e-07	4.52522e-08	1.34936e-08	4.35098e-09	1.08371e-09	2.94818e-10	6.12563e-11	1.4056e-11	2.46247e-12	4.84212e-13	7.16053e-14	1.20749e-14	1.53605e-15	2.27747e-16	2.49661e-17	3.24758e-18	3.1723e-19	3.7595e-20	3.30871e-21	3.49458e-22	2.79411e-23	2.66974e-24	1.90397e-25	1.60191e-26	1.04451e-27	7.95348e-29	4.61082e-30	3.08478e-31	1.63049e-32	9.96886e-34	4.79461e-35	2.72759e-36	1.35511e-37	8.31471e-39	4.89379e-40	3.43236e-41	3.38159e-42	
Machaerina_mariscoides	0	0	0	0	0	0	0	0	0	0	0	0	0	0	0	0	0	0	0	0	0	0	0	0	0	0	0	0	0	0	0	0	0	0	0	0	0	0	1	0	0	0	0	0	0	0	0	0	0	0	0	0	0	0	0	0	0	0	0	0	0	0	0	0	0	0	0	0	0	0	0	
Baumea_articulata	0	0	0	0	0	0	0	0	0	0	0	1	0	0	0	0	0	0	0	0	0	0	0	0	0	0	0	0	0	0	0	0	0	0	0	0	0	0	0	0	0	0	0	0	0	0	0	0	0	0	0	0	0	0	0	0	0	0	0	0	0	0	0	0	0	0	0	0	0	0	0	
N15	0.178437	0.177826	0.162511	0.139518	0.110781	0.0831869	0.057963	0.0383178	0.0234844	0.0136805	0.00736809	0.0037818	0.00178753	0.000809262	0.000336161	0.000135008	4.95099e-05	1.77879e-05	5.80459e-06	1.88632e-06	5.51519e-07	1.63289e-07	4.30274e-08	1.16553e-08	2.76851e-09	6.84003e-10	1.4661e-10	3.29316e-11	6.31847e-12	1.27844e-12	2.19531e-13	4.00443e-14	6.13428e-15	1.0051e-15	1.38022e-16	2.04592e-17	2.51514e-18	3.3657e-19	3.73726e-20	4.56643e-21	4.57173e-22	5.0794e-23	4.64058e-24	4.7554e-25	3.95205e-26	3.70896e-27	2.85106e-28	2.49698e-29	1.77577e-30	1.44374e-31	9.78761e-33	7.58133e-34	4.93714e-35	3.49917e-36	2.08132e-37	1.3241e-38	7.06938e-40	3.99971e-41	1.93541e-42	9.92764e-44	4.32465e-45	2.00938e-46	8.07619e-48	3.5365e-49	1.35564e-50	5.88636e-52	2.42223e-53	1.16565e-54	5.59701e-56	3.06493e-57	2.32863e-58	
N16	0.0817204	0.0906307	0.0998648	0.108678	0.11227	0.110782	0.101505	0.0877731	0.0697764	0.0520964	0.0355051	0.0226961	0.0131694	0.00718653	0.00354828	0.0016597	0.000700276	0.00028288	0.000102818	3.62468e-05	1.14398e-05	3.55083e-06	9.81445e-07	2.70423e-07	6.5803e-08	1.61492e-08	3.47867e-09	7.62221e-10	1.4508e-10	2.82918e-11	4.77097e-12	8.30351e-13	1.24061e-13	1.92611e-14	2.56358e-15	3.57439e-16	4.24384e-17	5.31866e-18	5.67943e-19	6.45955e-20	6.21219e-21	6.41195e-22	5.61073e-23	5.31594e-24	4.23627e-25	3.67873e-26	2.7046e-27	2.18258e-28	1.48381e-29	1.11119e-30	7.1218e-32	5.03478e-33	3.05811e-34	1.99586e-35	1.11831e-36	6.66141e-38	3.40114e-39	1.83475e-40	8.59827e-42	4.26136e-43	1.82977e-44	8.36383e-46	3.37903e-47	1.48125e-48	5.86885e-50	2.59811e-51	1.10882e-52	5.32738e-54	2.54063e-55	1.32308e-56	9.55247e-58	
Rhynchospora_corniculata	0	0	0	0	0	0	0	0	1	0	0	0	0	0	0	0	0	0	0	0	0	0	0	0	0	0	0	0	0	0	0	0	0	0	0	0	0	0	0	0	0	0	0	0	0	0	0	0	0	0	0	0	0	0	0	0	0	0	0	0	0	0	0	0	0	0	0	0	0	0	0	
N17	0.0354621	0.0455609	0.0626394	0.0857678	0.108687	0.126676	0.131619	0.123677	0.102271	0.0758949	0.0490607	0.028386	0.0142009	0.00638739	0.00247405	0.000873069	0.000264279	7.45232e-05	1.79457e-05	4.15819e-06	8.14191e-07	1.59573e-07	2.60272e-08	4.42347e-09	6.10322e-10	9.05911e-11	1.07028e-11	1.38678e-12	1.39379e-13	1.55539e-14	1.33583e-15	1.28912e-16	9.44303e-18	7.84966e-19	4.96046e-20	3.60719e-21	1.96365e-22	1.24555e-23	5.94316e-25	3.37009e-26	1.40328e-27	7.05611e-29	2.62919e-30	1.21301e-31	4.00398e-33	1.66275e-34	5.03909e-36	1.97186e-37	5.43661e-39	1.96198e-40	5.33407e-42	1.9147e-43	5.29507e-45	1.69778e-46	4.23773e-48	1.18832e-49	2.61027e-51	6.34264e-53	1.26405e-54	2.78234e-56	4.91508e-58	9.60575e-60	1.5476e-61	2.81711e-63	4.11173e-65	7.05483e-67	1.06457e-68	2.0744e-70	3.98631e-72	9.66637e-74	3.03161e-75	
Rhynchospora_albiceps	0	0	0	0	0	0	0	0	0	1	0	0	0	0	0	0	0	0	0	0	0	0	0	0	0	0	0	0	0	0	0	0	0	0	0	0	0	0	0	0	0	0	0	0	0	0	0	0	0	0	0	0	0	0	0	0	0	0	0	0	0	0	0	0	0	0	0	0	0	0	0	
N18	0.015911	0.0250986	0.0434619	0.0716646	0.10467	0.135322	0.151411	0.147985	0.12284	0.0873758	0.0517913	0.0261331	0.0109	0.00390398	0.00115329	0.000299984	6.42019e-05	1.26911e-05	2.05027e-06	3.30768e-07	4.25275e-08	5.98306e-09	6.38694e-10	7.99205e-11	7.11258e-12	7.68425e-13	5.69645e-14	5.21748e-15	3.18522e-16	2.43484e-17	1.24216e-18	8.06582e-20	3.44098e-21	1.88864e-22	6.89223e-24	3.30143e-25	1.02027e-26	4.20073e-28	1.1373e-29	4.27129e-31	9.89384e-33	3.26901e-34	6.90258e-36	2.21013e-37	4.0518e-39	1.14907e-40	2.00651e-42	5.69363e-44	8.71846e-46	2.1756e-47	3.49319e-49	9.28841e-51	1.62084e-52	3.58635e-54	5.75752e-56	1.10945e-57	1.56309e-59	2.52571e-61	3.28956e-63	4.77047e-65	5.36434e-67	6.60154e-69	6.63216e-71	7.42234e-73	6.36651e-75	6.28557e-77	5.15415e-79	5.68818e-81	6.08025e-83	9.80851e-85	2.05805e-86	
Rhynchospora_barbata	0	0	0	0	1	0	0	0	0	0	0	0	0	0	0	0	0	0	0	0	0	0	0	0	0	0	0	0	0	0	0	0	0	0	0	0	0	0	0	0	0	0	0	0	0	0	0	0	0	0	0	0	0	0	0	0	0	0	0	0	0	0	0	0	0	0	0	0	0	0	0	
N19	0.000766634	0.00178547	0.00514521	0.0139434	0.0320853	0.0632125	0.105361	0.151474	0.178799	0.173973	0.131998	0.0814365	0.038434	0.0152972	0.00464349	0.0012993	0.000274043	6.02299e-05	9.54943e-06	1.73539e-06	2.10355e-07	3.05505e-08	2.82849e-09	3.24724e-10	2.3032e-11	2.09732e-12	1.20905e-13	9.11476e-15	4.24058e-16	2.59002e-17	1.01984e-18	5.33753e-20	1.74481e-21	7.51672e-23	2.12651e-24	8.22074e-26	1.90941e-27	6.22761e-29	1.2948e-30	4.14166e-32	7.1711e-34	1.96319e-35	3.20657e-37	8.87007e-39	1.21037e-40	2.76853e-42	3.65883e-44	8.5529e-46	1.01044e-47	2.12758e-49	3.37283e-51	8.4049e-53	1.67755e-54	2.93441e-56	4.05036e-58	5.42912e-60	6.11543e-62	6.74172e-64	6.50361e-66	6.14256e-68	4.96521e-70	3.95293e-72	2.72428e-74	1.92695e-76	1.11981e-78	7.16034e-81	3.98809e-83	3.16686e-85	2.75043e-87	3.82325e-89	6.68083e-91	
Rhynchospora_globosa	0	0	0	0	0	0	0	0	0	0	0	1	0	0	0	0	0	0	0	0	0	0	0	0	0	0	0	0	0	0	0	0	0	0	0	0	0	0	0	0	0	0	0	0	0	0	0	0	0	0	0	0	0	0	0	0	0	0	0	0	0	0	0	0	0	0	0	0	0	0	0	
Rhynchospora_rubra	0	0	0	0	0	0	0	0	0	1	0	0	0	0	0	0	0	0	0	0	0	0	0	0	0	0	0	0	0	0	0	0	0	0	0	0	0	0	0	0	0	0	0	0	0	0	0	0	0	0	0	0	0	0	0	0	0	0	0	0	0	0	0	0	0	0	0	0	0	0	0	
N20	0.17535	0.175527	0.161563	0.139926	0.111974	0.0847173	0.0592462	0.0393047	0.0240211	0.0139842	0.00745711	0.00381858	0.00177454	0.000803961	0.000326105	0.00013269	4.71705e-05	1.76404e-05	5.55102e-06	1.97847e-06	5.55925e-07	1.93998e-07	4.93387e-08	1.71865e-08	3.95821e-09	1.35069e-09	2.91857e-10	9.63074e-11	1.87275e-11	5.61181e-12	9.98224e-13	2.77688e-13	4.40147e-14	1.09205e-14	1.58801e-15	3.70927e-16	4.74604e-17	9.85296e-18	1.17195e-18	2.38873e-19	2.46652e-20	4.43695e-21	4.38658e-22	8.19176e-23	6.92742e-24	1.11515e-24	9.43302e-26	1.66869e-26	1.21514e-27	1.89256e-28	1.96656e-29	4.25314e-30	6.87419e-31	9.33605e-32	9.54256e-33	9.90053e-34	8.27405e-35	7.18701e-36	5.40473e-37	4.30093e-38	2.79794e-39	1.94683e-40	1.15328e-41	7.70911e-43	3.91523e-44	2.341e-45	1.14043e-46	7.98087e-48	5.24365e-49	6.84343e-50	1.46613e-50	
Rhynchospora_cephalotes	0	0	0	0	0	0	0	0	1	0	0	0	0	0	0	0	0	0	0	0	0	0	0	0	0	0	0	0	0	0	0	0	0	0	0	0	0	0	0	0	0	0	0	0	0	0	0	0	0	0	0	0	0	0	0	0	0	0	0	0	0	0	0	0	0	0	0	0	0	0	0	
N21	0.152955	0.157944	0.153083	0.140756	0.119388	0.0950014	0.0691465	0.0472179	0.0294081	0.0172981	0.009259	0.00473231	0.00218785	0.000982025	0.000394967	0.000158545	5.60773e-05	2.0603e-05	6.51706e-06	2.25096e-06	6.44156e-07	2.10898e-07	5.50441e-08	1.70785e-08	4.04773e-09	1.17076e-09	2.5596e-10	6.8675e-11	1.34623e-11	3.24053e-12	5.73064e-13	1.2557e-13	1.97549e-14	3.87761e-15	5.52765e-16	1.00533e-16	1.27639e-17	2.10202e-18	2.45694e-19	3.86385e-20	4.04318e-21	5.79912e-22	5.71056e-23	8.01927e-24	7.10281e-25	9.06769e-26	7.77009e-27	9.96226e-28	8.09974e-29	9.97742e-30	9.53724e-31	1.30197e-31	1.45493e-32	1.58927e-33	1.37502e-34	1.20249e-35	8.68603e-37	6.41819e-38	4.09171e-39	2.71398e-40	1.51616e-41	8.96014e-43	4.52874e-44	2.52419e-45	1.14136e-46	6.01897e-48	2.77937e-49	1.76074e-50	1.14311e-51	1.0698e-52	1.52271e-53	
N22	8.89626e-05	0.000200706	0.000604783	0.00184913	0.00503189	0.0120033	0.0244075	0.0439369	0.0704613	0.104637	0.137634	0.160028	0.154313	0.125529	0.0817284	0.0448295	0.0200074	0.00808956	0.00294247	0.00110008	0.000386875	0.000135995	4.08617e-05	1.15352e-05	2.63917e-06	5.62639e-07	9.58943e-08	1.53374e-08	1.94251e-09	2.33137e-10	2.21381e-11	2.01411e-12	1.44503e-13	1.01065e-14	6.07552e-16	7.24538e-17	2.855e-17	1.86873e-17	1.08781e-17	6.87249e-18	3.68111e-18	2.15042e-18	1.06839e-18	5.84073e-19	2.69176e-19	1.37354e-19	5.958e-20	2.88235e-20	1.17997e-20	5.40259e-21	2.13392e-21	9.42264e-22	3.60984e-22	1.49563e-22	5.36716e-23	2.05673e-23	6.82237e-24	2.40057e-24	7.41886e-25	2.43555e-25	7.00229e-26	2.15489e-26	5.92369e-27	1.78001e-27	4.88097e-28	1.51124e-28	4.56224e-29	1.57242e-29	5.44336e-30	2.07622e-30	9.72241e-31	
Rhynchospora_chinensis	0	0	0	0	0	0	0	0	0	0	0	0	0	0	0	0	0	0	0	0	0	0	0	0	0	0	0	0	0	0	1	0	0	0	0	0	0	0	0	0	0	0	0	0	0	0	0	0	0	0	0	0	0	0	0	0	0	0	0	0	0	0	0	0	0	0	0	0	0	0	0	
N23	8.71924e-05	0.000196059	0.000591795	0.00181704	0.00496983	0.0118995	0.0242944	0.0438522	0.0705282	0.104783	0.137939	0.160192	0.154506	0.12546	0.0816935	0.0446954	0.0199357	0.00802099	0.00290578	0.00107541	0.000374991	0.000129977	3.86511e-05	1.07271e-05	2.42467e-06	5.06503e-07	8.50797e-08	1.32854e-08	1.65406e-09	1.9313e-10	1.7975e-11	1.58499e-12	1.11057e-13	7.44644e-15	3.98015e-16	2.06042e-17	8.47378e-19	3.4181e-20	1.09824e-21	3.52794e-23	8.90083e-25	2.32707e-26	4.62836e-28	1.07707e-29	1.59505e-31	4.30097e-33	3.83974e-35	2.2786e-36	7.66694e-39	1.43005e-39	1.96137e-42	8.70662e-43	7.63786e-46	3.94178e-46	2.9804e-49	1.50773e-49	9.61087e-53	4.15991e-53	2.47518e-56	9.8539e-57	5.17637e-60	1.70007e-60	8.94641e-64	2.56989e-64	1.2684e-67	2.83861e-68	1.35594e-71	2.779e-72	1.10842e-75	2.08053e-76	5.59206e-78	
N24	1.26792e-05	3.34922e-05	0.000124732	0.000471583	0.00158837	0.00465647	0.0118807	0.026992	0.0542476	0.0950163	0.140438	0.172605	0.172986	0.141526	0.0935058	0.0505341	0.0221189	0.00806169	0.0024092	0.000623735	0.000135013	2.71764e-05	4.64545e-06	8.04646e-07	1.15894e-07	1.78152e-08	2.15925e-09	2.83952e-10	2.82017e-11	3.06977e-12	2.47447e-13	2.2169e-14	1.45437e-15	1.0794e-16	5.84001e-18	3.65194e-19	1.64969e-20	8.80184e-22	3.38487e-23	1.57491e-24	5.20337e-26	2.12679e-27	6.18921e-29	2.29764e-30	5.9158e-32	1.99267e-33	4.71878e-35	1.50906e-36	3.23258e-38	9.46362e-40	1.91446e-41	5.38867e-43	9.87046e-45	2.50601e-46	4.38884e-48	1.06977e-49	1.7091e-51	3.72802e-53	5.81016e-55	1.20356e-56	1.72079e-58	3.12764e-60	4.25553e-62	7.11977e-64	8.65868e-66	1.28149e-67	1.54449e-69	2.41458e-71	3.50788e-73	6.70393e-75	1.61501e-76	
Rhynchospora_fusca	0	0	0	0	0	0	0	0	0	0	0	0	1	0	0	0	0	0	0	0	0	0	0	0	0	0	0	0	0	0	0	0	0	0	0	0	0	0	0	0	0	0	0	0	0	0	0	0	0	0	0	0	0	0	0	0	0	0	0	0	0	0	0	0	0	0	0	0	0	0	0	
Rhynchospora_alba	0	0	0	0	0	0	0	0	0	0	0	0	1	0	0	0	0	0	0	0	0	0	0	0	0	0	0	0	0	0	0	0	0	0	0	0	0	0	0	0	0	0	0	0	0	0	0	0	0	0	0	0	0	0	0	0	0	0	0	0	0	0	0	0	0	0	0	0	0	0	0	
N25	4.20828e-05	0.000110213	0.000403031	0.00146239	0.00461946	0.0123928	0.0275458	0.0505102	0.0774339	0.104146	0.127563	0.143993	0.144778	0.125231	0.089559	0.0523976	0.0245695	0.00940436	0.00288936	0.000752056	0.000159969	3.12427e-05	5.0442e-06	8.24791e-07	1.07244e-07	1.49602e-08	1.54637e-09	1.75402e-10	1.40235e-11	1.25023e-12	7.68507e-14	5.36683e-15	2.55361e-16	1.41105e-17	5.29181e-19	2.36453e-20	7.11348e-22	2.61321e-23	6.46853e-25	2.00541e-26	4.13113e-28	1.08914e-29	1.92296e-31	4.49103e-33	6.80859e-35	1.40279e-36	1.91492e-38	3.69256e-40	4.41224e-42	7.5597e-44	8.38659e-46	1.37173e-47	1.32737e-49	1.89506e-51	1.73776e-53	2.3832e-55	1.93379e-57	2.29971e-59	1.83534e-61	2.07931e-63	1.50268e-65	1.44579e-67	1.00102e-69	8.73306e-72	5.24329e-74	3.85527e-76	2.2197e-78	1.67906e-80	1.14566e-82	1.0796e-84	1.24049e-86	
Rhynchospora_rugosa	0	0	0	0	0	0	0	0	0	0	0	0	0	0	0	0	0	1	0	0	0	0	0	0	0	0	0	0	0	0	0	0	0	0	0	0	0	0	0	0	0	0	0	0	0	0	0	0	0	0	0	0	0	0	0	0	0	0	0	0	0	0	0	0	0	0	0	0	0	0	0	
N26	6.23609e-05	0.000178602	0.000683519	0.00247742	0.0076546	0.0198021	0.0418648	0.0712403	0.0992688	0.120699	0.13631	0.143678	0.133847	0.104432	0.0658965	0.0331775	0.0132231	0.0041913	0.00105625	0.000215429	3.55021e-05	4.95109e-06	5.69937e-07	6.19176e-08	5.53421e-09	5.91164e-10	4.59659e-11	5.56526e-12	3.7843e-13	4.4999e-14	2.52806e-15	2.5611e-16	1.16072e-17	9.60375e-19	3.52388e-20	2.38747e-21	7.16463e-23	4.01595e-24	1.00354e-25	4.7346e-27	9.96622e-29	3.97906e-30	7.17224e-32	2.48356e-33	3.81652e-35	1.14742e-36	1.55581e-38	4.3811e-40	5.12089e-42	1.29053e-43	1.44765e-45	3.93349e-47	3.69349e-49	8.61246e-51	8.91224e-53	2.6063e-54	2.08544e-56	4.60935e-58	4.78136e-60	1.3327e-61	1.10029e-63	2.1094e-65	2.35635e-67	4.89203e-69	4.43251e-71	6.32515e-73	6.23255e-75	9.07374e-77	8.95216e-79	1.66837e-80	4.38622e-82	
Rhynchospora_marisculus	0	0	0	0	1	0	0	0	0	0	0	0	0	0	0	0	0	0	0	0	0	0	0	0	0	0	0	0	0	0	0	0	0	0	0	0	0	0	0	0	0	0	0	0	0	0	0	0	0	0	0	0	0	0	0	0	0	0	0	0	0	0	0	0	0	0	0	0	0	0	0	
Rhynchospora_brownii	0	0	0	0	0	0	0	0	0	0	0	0	0	0	0	0	0	1	0	0	0	0	0	0	0	0	0	0	0	0	0	0	0	0	0	0	0	0	0	0	0	0	0	0	0	0	0	0	0	0	0	0	0	0	0	0	0	0	0	0	0	0	0	0	0	0	0	0	0	0	0	
N27	0.220706	0.213412	0.183756	0.144141	0.10125	0.0649219	0.0372398	0.0194771	0.00907974	0.0038557	0.0014533	0.000499425	0.000151638	4.21442e-05	1.03072e-05	2.32908e-06	4.60952e-07	8.55862e-08	1.38497e-08	2.14885e-09	2.87935e-10	3.79509e-11	4.26851e-12	4.84443e-13	4.60712e-14	4.51433e-15	3.65116e-16	3.08595e-17	2.11062e-18	1.52462e-19	8.83734e-21	5.46769e-22	2.68163e-23	1.41692e-24	5.92596e-26	2.70155e-27	9.634e-29	3.78545e-30	1.16564e-31	4.01374e-33	1.06616e-34	3.2064e-36	7.47686e-38	2.00756e-39	4.09378e-41	9.72511e-43	1.77549e-44	3.83913e-46	6.25987e-48	1.22048e-49	1.86151e-51	3.42102e-53	4.96954e-55	8.15246e-57	1.06398e-58	1.53301e-60	1.7572e-62	2.19287e-64	2.2461e-66	2.49751e-68	2.24842e-70	2.20084e-72	1.78421e-74	1.60164e-76	1.18406e-78	1.00774e-80	7.74255e-83	7.27603e-85	6.71053e-87	7.1884e-89	9.02019e-91	
N28	0.193479	0.192376	0.173909	0.145776	0.110418	0.0775885	0.0489189	0.0288965	0.0151562	0.00764614	0.00335655	0.00151305	0.000567085	0.000250737	8.43641e-05	4.10485e-05	1.28355e-05	6.68297e-06	1.93643e-06	1.00257e-06	2.56577e-07	1.20127e-07	2.77177e-08	1.24353e-08	2.605e-09	1.12976e-09	3.33709e-10	1.38371e-10	3.35243e-11	1.00988e-11	2.16783e-12	5.85667e-13	1.00458e-13	2.20123e-14	3.36985e-15	8.05598e-16	9.57336e-17	1.99246e-17	2.37928e-18	6.85859e-19	6.29941e-20	1.37764e-20	1.39315e-21	4.0674e-22	3.12584e-23	6.28129e-24	5.67036e-25	1.59469e-25	1.66118e-26	5.41318e-27	1.78658e-27	6.50232e-28	1.93292e-28	2.99213e-29	3.58304e-30	3.77138e-31	3.47377e-32	2.96372e-33	2.2579e-34	1.63194e-35	1.03937e-36	6.49878e-38	3.53727e-39	2.08461e-40	9.76937e-42	5.79589e-43	2.66622e-44	2.32702e-45	2.35499e-46	5.27399e-47	1.86288e-47	
Rhynchospora_riparia	0	0	0	0	1	0	0	0	0	0	0	0	0	0	0	0	0	0	0	0	0	0	0	0	0	0	0	0	0	0	0	0	0	0	0	0	0	0	0	0	0	0	0	0	0	0	0	0	0	0	0	0	0	0	0	0	0	0	0	0	0	0	0	0	0	0	0	0	0	0	0	
Rhynchospora_tenerrima	0	0	0	0	0	0	0	0	0	1	0	0	0	0	0	0	0	0	0	0	0	0	0	0	0	0	0	0	0	0	0	0	0	0	0	0	0	0	0	0	0	0	0	0	0	0	0	0	0	0	0	0	0	0	0	0	0	0	0	0	0	0	0	0	0	0	0	0	0	0	0	
N29	0.236451	0.224952	0.187906	0.141533	0.0946165	0.0575025	0.0310605	0.0153065	0.00666856	0.0026609	0.000929339	0.000300567	8.37053e-05	2.22217e-05	4.9528e-06	1.12694e-06	2.04897e-07	4.31142e-08	6.65981e-09	1.39989e-09	1.88101e-10	3.85966e-11	4.5258e-12	8.61483e-13	8.61254e-14	1.43828e-14	1.30615e-15	1.92786e-16	1.48706e-17	1.80631e-18	1.23101e-19	1.31969e-20	7.58673e-22	6.71175e-23	3.44027e-24	2.85154e-25	1.18887e-26	8.1703e-28	3.13736e-29	2.30866e-30	6.99143e-32	4.20545e-33	1.27751e-34	9.14461e-36	2.15024e-37	1.15706e-38	2.92262e-40	1.90225e-41	3.86405e-43	2.00806e-44	7.70619e-46	5.78637e-47	3.25604e-48	1.25377e-49	3.69086e-51	1.03119e-52	2.41412e-54	5.5296e-56	1.11534e-57	2.22433e-59	3.76438e-61	6.35134e-63	9.26997e-65	1.41656e-66	1.71489e-68	2.29304e-70	2.51178e-72	3.88046e-74	5.97086e-76	1.94619e-77	9.59284e-79	
Rhynchospora_nervosa	0	0	0	0	1	0	0	0	0	0	0	0	0	0	0	0	0	0	0	0	0	0	0	0	0	0	0	0	0	0	0	0	0	0	0	0	0	0	0	0	0	0	0	0	0	0	0	0	0	0	0	0	0	0	0	0	0	0	0	0	0	0	0	0	0	0	0	0	0	0	0	
N30	0.237325	0.225586	0.188008	0.141251	0.094068	0.0570913	0.0307568	0.0152175	0.00663166	0.00268439	0.00094169	0.000315944	8.90586e-05	2.58182e-05	5.93927e-06	1.64095e-06	3.18755e-07	9.20138e-08	1.5686e-08	4.74164e-09	6.98289e-10	1.977e-10	2.52599e-11	6.56998e-12	7.14595e-13	1.64371e-13	1.92098e-14	4.01921e-15	4.02901e-16	6.42843e-17	5.91615e-18	8.46757e-19	6.36979e-20	7.17447e-21	4.88057e-22	5.65543e-23	2.90547e-24	2.69606e-25	1.34381e-26	1.64714e-27	5.88016e-29	5.28555e-30	2.09531e-31	2.69299e-32	7.45828e-34	6.05344e-35	2.00412e-36	2.34301e-37	6.00652e-39	5.57002e-40	5.05457e-41	7.51268e-42	8.56895e-43	4.78645e-44	2.05289e-45	7.92403e-47	2.65889e-48	8.38471e-50	2.35912e-51	6.33538e-53	1.48314e-54	3.37366e-56	6.69273e-58	1.37766e-59	2.26138e-61	4.21705e-63	6.20697e-65	1.42508e-66	3.28196e-68	2.05148e-69	1.99173e-70	
Rhynchospora_robusta	0	0	0	0	1	0	0	0	0	0	0	0	0	0	0	0	0	0	0	0	0	0	0	0	0	0	0	0	0	0	0	0	0	0	0	0	0	0	0	0	0	0	0	0	0	0	0	0	0	0	0	0	0	0	0	0	0	0	0	0	0	0	0	0	0	0	0	0	0	0	0	
N31	0.223179	0.215034	0.183765	0.14304	0.0995274	0.0637215	0.0364845	0.0194261	0.0091783	0.0041081	0.00160557	0.000621748	0.000203724	7.28265e-05	2.08044e-05	7.56966e-06	1.95766e-06	7.38685e-07	1.74524e-07	6.53187e-08	1.35928e-08	4.64241e-09	8.58831e-10	2.74563e-10	4.52021e-11	1.34975e-11	2.59321e-12	7.40289e-13	1.23284e-13	2.722e-14	4.08326e-15	8.107e-16	9.99493e-17	1.63606e-17	1.81149e-18	3.07719e-19	2.73171e-20	4.04255e-21	3.51006e-22	6.42498e-23	4.45367e-24	6.55278e-25	4.78915e-26	8.67216e-27	5.00156e-28	6.70985e-29	4.31637e-30	7.40045e-31	5.05366e-32	9.39486e-33	1.71199e-33	3.80615e-34	6.98025e-35	7.32915e-36	6.00127e-37	4.36631e-38	2.7753e-39	1.64747e-40	8.75444e-42	4.44689e-43	1.99294e-44	8.78507e-46	3.39848e-47	1.40131e-48	4.68248e-50	1.87889e-51	6.14137e-53	3.4406e-54	2.20575e-55	2.86699e-56	5.71863e-57	
Rhynchospora_latifolia	0	0	0	0	1	0	0	0	0	0	0	0	0	0	0	0	0	0	0	0	0	0	0	0	0	0	0	0	0	0	0	0	0	0	0	0	0	0	0	0	0	0	0	0	0	0	0	0	0	0	0	0	0	0	0	0	0	0	0	0	0	0	0	0	0	0	0	0	0	0	0	
Rhynchospora_pubera	0	0	0	0	1	0	0	0	0	0	0	0	0	0	0	0	0	0	0	0	0	0	0	0	0	0	0	0	0	0	0	0	0	0	0	0	0	0	0	0	0	0	0	0	0	0	0	0	0	0	0	0	0	0	0	0	0	0	0	0	0	0	0	0	0	0	0	0	0	0	0	
