NODE	1	2	3	4	5	6	7	8	9	10	11	12	13	14	15	16	17	18	19	20	21	22	23	24	25	26	27	28	29	30	31	32	33	34	35	36	37	38	39	40	41	42	43	44	45	46	47	48	49	50	51	52	53	54	55	56	57	58	59	60	61	62	
N1	7.95901e-10	8.31563e-10	9.40792e-10	1.16792e-09	1.57965e-09	2.26555e-09	3.37568e-09	5.16853e-09	8.08337e-09	1.28429e-08	2.0605e-08	3.29038e-08	5.23821e-08	8.31884e-08	2.09544e-07	4.35419e-07	7.95598e-07	1.31879e-06	2.00692e-06	2.81305e-06	3.64172e-06	3.57506e-06	3.52908e-06	3.53619e-06	3.61762e-06	3.7972e-06	4.0967e-06	4.5202e-06	5.03931e-06	5.59013e-06	6.09004e-06	5.38776e-06	4.90857e-06	4.64321e-06	4.58163e-06	4.73803e-06	5.15795e-06	5.92814e-06	7.21879e-06	9.40055e-06	1.33109e-05	1.82205e-05	2.88517e-05	5.0253e-05	9.15716e-05	0.000169597	0.000315955	0.000591118	0.00110983	0.00208323	0.00388148	0.00696494	0.0123747	0.0215221	0.0363329	0.058993	0.0906279	0.128354	0.162449	0.178415	0.16619	0.129316	
N2	4.35773e-08	2.11897e-08	3.14361e-08	4.62616e-08	6.70261e-08	9.4915e-08	1.30638e-07	1.74166e-07	2.24577e-07	2.80066e-07	3.38221e-07	3.96419e-07	4.53325e-07	5.08145e-07	5.66889e-07	6.26773e-07	6.87633e-07	7.50946e-07	8.16887e-07	8.84323e-07	9.51914e-07	1.0124e-06	1.08217e-06	1.17861e-06	1.32936e-06	1.58431e-06	2.03001e-06	2.81896e-06	4.22855e-06	6.77609e-06	1.14345e-05	1.98919e-05	3.55416e-05	6.43966e-05	0.00011687	0.000210825	0.000376792	0.000666952	0.00116999	0.00203462	0.00350529	0.00596076	0.0100335	0.0166589	0.027001	0.0421407	0.0623399	0.0860165	0.109057	0.125405	0.129359	0.119372	0.0968039	0.0689825	0.0432336	0.0241411	0.0124367	0.00627797	0.00328594	0.00178811	0.000966163	0.000496833	
N3	3.14489e-06	1.76377e-06	2.75408e-06	4.12101e-06	5.81137e-06	7.67743e-06	9.72955e-06	1.26884e-05	1.82613e-05	2.83205e-05	4.35408e-05	6.3667e-05	8.93141e-05	0.000121495	0.00015591	0.000185784	0.000206489	0.000231467	0.000295867	0.000464205	0.000875149	0.00178836	0.00338185	0.00556898	0.00855963	0.0150808	0.0321653	0.0668612	0.115422	0.158653	0.174347	0.15703	0.116339	0.0726724	0.0390155	0.0183317	0.00766033	0.0028836	0.000986334	0.000307971	8.79186e-05	2.305e-05	5.49596e-06	1.19765e-06	2.3875e-07	4.36147e-08	7.31805e-09	1.13086e-09	1.61415e-10	2.13439e-11	2.62184e-12	3.00849e-13	3.20583e-14	3.1931e-15	2.97711e-16	2.60142e-17	2.13257e-18	1.64165e-19	1.18767e-20	8.08104e-22	5.17478e-23	3.12273e-24	
Dulichium_arundinaceum	0	0	0	0	0	0	0	0	0	0	0	0	0	0	0	1	0	0	0	0	0	0	0	0	0	0	0	0	0	0	0	0	0	0	0	0	0	0	0	0	0	0	0	0	0	0	0	0	0	0	0	0	0	0	0	0	0	0	0	0	0	0	
N4	7.2909e-07	2.66783e-07	4.17017e-07	1.01953e-06	2.64859e-06	5.52862e-06	8.77346e-06	1.07033e-05	1.02836e-05	8.13226e-06	6.20137e-06	6.42338e-06	1.01209e-05	2.3238e-05	6.37134e-05	0.000146947	0.000244914	0.000291408	0.000252609	0.000266636	0.000640836	0.00220183	0.0139987	0.0635921	0.159236	0.23887	0.234004	0.160093	0.0808269	0.0316318	0.0100435	0.00270717	0.000632208	0.000131744	2.49472e-05	4.37176e-06	7.19906e-07	1.11733e-07	1.61291e-08	2.11925e-09	2.48757e-10	2.58736e-11	2.37056e-12	1.9398e-13	1.4448e-14	1.00393e-15	6.65248e-17	4.24282e-18	2.58627e-19	1.48333e-20	7.9001e-22	3.90055e-23	1.78732e-24	7.75362e-26	3.23261e-27	1.29976e-28	4.97774e-30	1.77753e-31	5.80611e-33	1.71737e-34	4.60299e-36	1.12926e-37	
Blysmus_compressus	0	0	0	0	0	0	0	0	0	0	0	0	0	0	0	0	0	0	0	0	0	1	0	0	0	0	0	0	0	0	0	0	0	0	0	0	0	0	0	0	0	0	0	0	0	0	0	0	0	0	0	0	0	0	0	0	0	0	0	0	0	0	
Blysmus_rufus	0	0	0	0	0	0	0	0	0	0	0	0	0	0	0	0	0	0	0	1	0	0	0	0	0	0	0	0	0	0	0	0	0	0	0	0	0	0	0	0	0	0	0	0	0	0	0	0	0	0	0	0	0	0	0	0	0	0	0	0	0	0	
N5	1.58423e-07	5.47538e-08	6.92619e-08	8.62399e-08	1.058e-07	1.27882e-07	1.52196e-07	1.7832e-07	2.05923e-07	2.35036e-07	2.6622e-07	2.99372e-07	3.37045e-07	3.79966e-07	4.34266e-07	5.03277e-07	5.8383e-07	6.79875e-07	8.04842e-07	9.86006e-07	1.27139e-06	1.73099e-06	2.49194e-06	3.80641e-06	6.14212e-06	1.03973e-05	1.82981e-05	3.30955e-05	6.07144e-05	0.000111582	0.000203615	0.000365623	0.000646118	0.00113689	0.00200043	0.00351501	0.00612776	0.0104939	0.017458	0.0279144	0.0424776	0.0610232	0.0812483	0.100098	0.113476	0.117749	0.111409	0.0959042	0.0750461	0.0533885	0.0345859	0.0206142	0.0112912	0.00584532	0.0029372	0.00146032	0.00071846	0.000344252	0.000157841	6.85054e-05	2.79692e-05	1.06697e-05	
N6	6.95988e-07	1.19256e-07	1.35546e-07	1.56361e-07	1.84654e-07	2.2506e-07	2.84844e-07	3.75824e-07	5.17877e-07	7.44592e-07	1.11161e-06	1.70625e-06	2.68323e-06	4.29205e-06	6.93756e-06	1.14836e-05	1.94072e-05	3.31935e-05	5.6599e-05	9.47819e-05	0.000154331	0.00024547	0.000378778	0.000574512	0.000871978	0.00135263	0.00217624	0.00362471	0.00612343	0.0101758	0.0161651	0.0243452	0.034249	0.0457057	0.0589294	0.0741197	0.0900347	0.103034	0.108335	0.103103	0.0886462	0.0701778	0.0513959	0.0358383	0.0242707	0.0161621	0.01065	0.00697132	0.00454245	0.00294083	0.00187665	0.00117141	0.000693704	0.000383915	0.000195297	9.03082e-05	3.77763e-05	1.43107e-05	4.93952e-06	1.56737e-06	4.61279e-07	1.26686e-07	
N7	1.006e-05	5.89499e-06	8.58984e-06	1.12288e-05	1.33331e-05	1.55674e-05	2.23063e-05	4.70113e-05	0.000117628	0.000268993	0.000509597	0.000784419	0.000986281	0.00103307	0.000934306	0.00081588	0.000864073	0.00139319	0.00286409	0.00550797	0.00867939	0.0112037	0.0125584	0.0139119	0.016125	0.0187323	0.0234705	0.0373626	0.0648056	0.0950603	0.107791	0.0951175	0.0657464	0.0374489	0.0226669	0.026865	0.0451069	0.0632522	0.06883	0.0597201	0.0424974	0.0254617	0.0128502	0.00554278	0.00206115	0.000666966	0.000189766	4.79871e-05	1.08879e-05	2.23098e-06	4.13908e-07	6.9728e-08	1.05556e-08	1.43967e-09	1.76926e-10	1.96432e-11	1.98012e-12	1.82426e-13	1.54667e-14	1.21377e-15	8.8499e-17	6.00746e-18	
Scirpus_pendulus	0	0	0	0	0	0	0	0	0	0	0	0	0	0	0	0	0	0	0	1	0	0	0	0	0	0	0	0	0	0	0	0	0	0	0	0	0	0	0	0	0	0	0	0	0	0	0	0	0	0	0	0	0	0	0	0	0	0	0	0	0	0	
N8	9.69572e-08	1.95022e-08	8.83951e-09	1.34675e-07	1.5724e-06	5.30558e-06	7.47515e-06	5.62438e-06	3.01297e-06	1.71755e-06	1.05548e-06	5.20901e-07	2.13172e-07	2.62414e-06	3.09321e-05	0.000106399	0.000154986	0.000121392	6.56993e-05	3.54771e-05	2.02019e-05	9.09715e-06	3.20961e-06	3.18561e-05	0.000282153	0.000668837	0.00061876	0.000440457	0.000524948	0.000453082	0.000213554	6.12374e-05	0.000546412	0.0259266	0.171952	0.335077	0.283307	0.13091	0.0387049	0.00819305	0.00132535	0.000167706	1.64558e-05	1.25417e-06	7.4685e-08	3.5296e-09	1.35805e-10	4.41096e-12	1.26376e-13	3.32077e-15	8.13481e-17	1.84272e-18	3.76354e-20	6.87055e-22	1.11965e-23	1.63822e-25	2.16257e-27	2.57201e-29	2.73713e-31	2.58909e-33	2.17414e-35	1.62879e-37	
N9	2.11378e-11	2.82334e-12	4.31308e-11	1.77707e-09	1.7407e-08	4.55861e-08	4.55397e-08	2.40866e-08	9.39752e-09	2.95746e-09	6.79207e-10	1.38445e-10	1.06305e-09	3.52949e-08	3.45515e-07	9.26178e-07	9.50878e-07	5.04677e-07	1.86649e-07	5.38652e-08	1.12129e-08	2.01511e-09	1.30162e-08	3.41325e-07	2.49352e-06	4.87684e-06	4.5446e-06	3.49046e-06	1.84392e-06	6.52035e-07	5.50396e-07	8.42518e-07	0.000928964	0.0421651	0.250909	0.394937	0.234236	0.0654726	0.0102279	0.00102417	7.20766e-05	3.73408e-06	1.43839e-07	4.21553e-09	9.51244e-11	1.68744e-12	2.65262e-14	5.01063e-16	1.14608e-17	2.2193e-19	3.11393e-21	3.18151e-23	2.44331e-25	1.46773e-27	7.04433e-30	2.78964e-32	1.04323e-34	5.06888e-37	3.31885e-39	2.26307e-41	1.5837e-43	1.05929e-45	
N10	2.51137e-14	2.94283e-13	2.33783e-11	2.82034e-10	8.52159e-10	8.88853e-10	4.09194e-10	1.14646e-10	3.40927e-11	1.54051e-11	6.752e-12	1.21057e-11	5.00279e-10	5.69784e-09	1.70804e-08	1.79177e-08	8.16501e-09	2.08443e-09	4.5357e-10	1.44537e-10	5.48544e-11	9.15769e-11	3.49375e-09	3.61406e-08	1.01011e-07	1.18548e-07	1.14855e-07	1.36704e-07	1.41451e-07	9.8142e-08	4.29581e-08	0.00019185	0.0187549	0.185723	0.415694	0.291171	0.0782996	0.00952072	0.000611476	2.82785e-05	3.02945e-06	6.86269e-07	1.12225e-07	1.09263e-08	6.05627e-10	1.8985e-11	3.49682e-13	4.38703e-15	8.93773e-17	6.18187e-18	4.50049e-19	2.39422e-20	8.70824e-22	2.06391e-23	3.04166e-25	2.75053e-27	1.63917e-29	1.11987e-31	2.53321e-33	7.89169e-35	1.88551e-36	3.09311e-38	
N11	1.17247e-17	2.21251e-13	4.78608e-12	1.75358e-11	1.92048e-11	8.16156e-12	1.78261e-12	3.40652e-13	8.90292e-14	2.58187e-14	6.30877e-15	4.74098e-12	9.59713e-11	3.47953e-10	3.76053e-10	1.55839e-10	3.04015e-11	4.12858e-12	7.30337e-13	1.79562e-13	4.1522e-14	3.11385e-11	6.51436e-10	2.79042e-09	5.3461e-09	8.27296e-09	1.13622e-08	1.15847e-08	7.95703e-09	3.54778e-09	1.04746e-09	0.00669465	0.131415	0.407004	0.345057	0.0985265	0.0107772	0.00051177	1.29518e-05	4.63719e-07	6.54546e-08	9.86189e-09	1.00216e-09	6.16056e-11	2.13863e-12	4.01658e-14	4.09638e-16	2.79353e-18	5.76972e-20	3.86542e-21	2.18232e-22	8.72223e-24	2.33832e-25	3.99473e-27	4.11391e-29	2.44923e-31	8.68206e-34	3.60765e-36	7.9244e-38	2.33163e-39	5.09007e-41	7.47762e-43	
Scirpus_expansus	0	0	0	0	0	0	0	0	0	0	0	0	0	0	0	0	0	0	0	0	0	0	0	0	0	0	0	0	0	0	0	1	0	0	0	0	0	0	0	0	0	0	0	0	0	0	0	0	0	0	0	0	0	0	0	0	0	0	0	0	0	0	
N12	1.84949e-17	1.59892e-13	3.3953e-13	1.98878e-13	4.33467e-14	4.43138e-15	3.70194e-16	5.33192e-17	9.52766e-18	1.33798e-18	6.05815e-16	2.02074e-12	5.31666e-12	3.3656e-12	7.36048e-13	6.84636e-14	4.02589e-15	4.26182e-16	8.01682e-17	1.32847e-17	8.23594e-15	4.89766e-11	3.60667e-10	1.07592e-09	1.73006e-09	1.61238e-09	9.11285e-10	3.2324e-10	7.35405e-11	1.08259e-11	5.5518e-07	0.200466	0.483564	0.266366	0.046637	0.00289759	6.81945e-05	6.95743e-07	1.02317e-08	9.9409e-10	9.11505e-11	5.4285e-12	1.97888e-13	4.19085e-15	4.84093e-17	2.88444e-19	9.86851e-22	9.21836e-24	3.32141e-25	1.02562e-26	2.3025e-28	3.61665e-30	3.77262e-32	2.46303e-34	9.3813e-37	1.97965e-39	3.19785e-42	2.5013e-44	4.05428e-46	5.24399e-48	4.94317e-50	3.17674e-52	
Scirpus_sylvaticus	0	0	0	0	0	0	0	0	0	0	0	0	0	0	0	0	0	0	0	0	0	0	0	0	0	0	0	0	0	0	1	0	0	0	0	0	0	0	0	0	0	0	0	0	0	0	0	0	0	0	0	0	0	0	0	0	0	0	0	0	0	0	
Scirpus_microcarpus	0	0	0	0	0	0	0	0	0	0	0	0	0	0	0	0	0	0	0	0	0	0	0	0	0	0	0	0	0	0	0	1	0	0	0	0	0	0	0	0	0	0	0	0	0	0	0	0	0	0	0	0	0	0	0	0	0	0	0	0	0	0	
Scirpus_maximowiczii	0	0	0	0	0	0	0	0	0	0	0	0	0	0	0	0	0	0	0	0	0	0	0	0	0	0	0	0	0	0	0	1	0	0	0	0	0	0	0	0	0	0	0	0	0	0	0	0	0	0	0	0	0	0	0	0	0	0	0	0	0	0	
N13	2.31188e-12	1.24444e-12	1.59641e-11	2.33728e-10	1.01338e-09	1.51055e-09	9.64746e-10	3.40116e-10	8.19707e-11	2.34732e-11	3.58307e-11	5.61838e-11	3.55242e-10	4.63845e-09	2.01749e-08	3.05871e-08	1.97393e-08	6.8082e-09	1.5361e-09	4.01546e-10	5.32385e-10	6.14898e-10	2.89813e-09	3.2324e-08	1.20516e-07	1.63384e-07	1.17257e-07	5.48959e-08	1.52062e-08	2.55031e-07	2.76912e-06	2.94203e-05	0.00771037	0.113246	0.360964	0.356104	0.135794	0.0237951	0.00222264	0.000125477	4.6881e-06	1.31829e-07	5.81594e-09	6.57499e-10	5.67775e-11	2.69654e-12	7.30745e-14	1.2347e-15	1.4583e-17	1.41036e-19	2.17188e-21	1.28331e-22	8.27925e-24	3.36725e-25	7.80949e-27	1.03982e-28	8.43845e-31	4.57065e-33	2.11032e-35	2.72725e-37	1.05721e-38	3.26664e-40	
N14	9.26073e-13	4.78088e-13	1.34389e-11	3.91302e-11	3.74982e-11	1.64531e-11	5.33969e-12	2.49228e-12	1.29896e-12	8.79055e-12	2.49727e-11	2.79135e-11	2.5142e-10	7.70355e-10	7.55461e-10	3.20827e-10	8.16667e-11	2.47476e-11	1.05194e-11	6.29102e-11	1.78505e-10	2.32892e-10	3.51367e-09	3.12575e-08	1.41608e-07	3.56121e-07	5.2618e-07	4.825e-07	2.85407e-07	0.00010927	0.000311347	0.000322791	0.154979	0.419359	0.321339	0.091849	0.0110575	0.000635868	2.89348e-05	4.60891e-06	1.12097e-06	1.9245e-07	2.14764e-08	1.51194e-09	6.45145e-11	1.61953e-12	2.69938e-14	7.90232e-16	6.43907e-17	5.10055e-18	3.07934e-19	1.36855e-20	4.3149e-22	9.28427e-24	1.30145e-25	1.17857e-27	9.96804e-30	2.34039e-31	8.81848e-33	2.75903e-34	6.46481e-36	1.08198e-37	
Scirpus_polystachyus	0	0	0	0	0	0	0	0	0	0	0	0	0	0	0	0	0	0	0	0	0	0	0	0	0	0	0	0	0	1	0	0	0	0	0	0	0	0	0	0	0	0	0	0	0	0	0	0	0	0	0	0	0	0	0	0	0	0	0	0	0	0	
Scirpus_cyperinus	0	0	0	0	0	0	0	0	0	0	0	0	0	0	0	0	0	0	0	0	0	0	0	0	0	0	0	0	0	0	0	0	1	0	0	0	0	0	0	0	0	0	0	0	0	0	0	0	0	0	0	0	0	0	0	0	0	0	0	0	0	0	
N15	7.05775e-12	1.32717e-11	2.32863e-11	2.19839e-11	1.09805e-11	2.96527e-12	4.56715e-13	4.5516e-14	2.91494e-14	2.17814e-12	4.0204e-11	2.25415e-10	4.99284e-10	5.08831e-10	2.58149e-10	6.9246e-11	1.03166e-11	9.32848e-13	3.84442e-13	1.65869e-11	2.46698e-10	1.34356e-09	2.99597e-09	3.26505e-09	2.18426e-09	1.33448e-09	9.21576e-10	5.62554e-10	7.59517e-08	0.00155265	0.0326051	0.173581	0.344616	0.299826	0.121922	0.0235971	0.00219567	0.000102025	2.55698e-06	4.1371e-08	1.26881e-09	1.43146e-10	1.45713e-11	9.91105e-13	4.26007e-14	1.10072e-15	1.65214e-17	1.49035e-19	1.28353e-21	4.18191e-23	2.27574e-24	9.88866e-26	3.13706e-27	6.98954e-29	1.04218e-30	9.88246e-33	5.95118e-35	3.32235e-37	4.9799e-39	1.17566e-40	2.23658e-42	3.03424e-44	
N16	4.35799e-13	1.38452e-13	4.71357e-14	7.8127e-15	7.59787e-16	7.62152e-17	1.1608e-17	1.63154e-18	7.02176e-16	2.04684e-12	6.37326e-12	5.3604e-12	1.78085e-12	2.74683e-13	2.21614e-14	1.31633e-15	1.26247e-16	1.85697e-17	9.92952e-15	5.91221e-11	5.71884e-10	1.90409e-09	2.9924e-09	2.57372e-09	1.32294e-09	4.29973e-10	9.16162e-11	1.30845e-11	4.98694e-07	0.142123	0.418868	0.327688	0.0976531	0.0128512	0.000792032	2.32499e-05	3.32923e-07	3.52696e-09	1.37323e-10	8.56055e-12	3.81595e-13	1.14364e-14	2.24397e-16	2.81594e-18	2.20683e-20	1.19907e-22	1.10984e-24	2.62149e-26	5.93376e-28	1.02345e-29	1.30555e-31	1.20523e-33	7.78948e-36	3.41887e-38	9.9244e-41	2.19574e-43	1.0202e-45	1.17139e-47	1.27834e-49	1.10279e-51	7.21982e-54	3.43698e-56	
Eriophorum_virginicum	0	0	0	0	0	0	0	0	0	0	0	0	0	0	0	0	0	0	0	0	0	0	0	0	0	0	0	0	1	0	0	0	0	0	0	0	0	0	0	0	0	0	0	0	0	0	0	0	0	0	0	0	0	0	0	0	0	0	0	0	0	0	
Eriophorum_gracile	0	0	0	0	0	0	0	0	0	0	0	0	0	0	0	0	0	0	0	0	0	0	0	0	0	0	0	0	0	1	0	0	0	0	0	0	0	0	0	0	0	0	0	0	0	0	0	0	0	0	0	0	0	0	0	0	0	0	0	0	0	0	
Eriophorum_angustifolium_subsp_angustifolium	0	0	0	0	0	0	0	0	0	0	0	0	0	0	0	0	0	0	0	0	0	0	0	0	0	0	0	0	1	0	0	0	0	0	0	0	0	0	0	0	0	0	0	0	0	0	0	0	0	0	0	0	0	0	0	0	0	0	0	0	0	0	
Scirpus_radicans	0	0	0	0	0	0	0	0	0	0	0	0	0	0	0	0	0	0	0	0	0	0	0	0	0	0	0	1	0	0	0	0	0	0	0	0	0	0	0	0	0	0	0	0	0	0	0	0	0	0	0	0	0	0	0	0	0	0	0	0	0	0	
Scirpus_divaricatus	0	0	0	0	0	0	0	0	0	0	0	0	0	1	0	0	0	0	0	0	0	0	0	0	0	0	0	0	0	0	0	0	0	0	0	0	0	0	0	0	0	0	0	0	0	0	0	0	0	0	0	0	0	0	0	0	0	0	0	0	0	0	
N17	1.94226e-07	6.27642e-08	7.81059e-08	9.57169e-08	1.15546e-07	1.37377e-07	1.60914e-07	1.85948e-07	2.12574e-07	2.41334e-07	2.73218e-07	3.08331e-07	3.49451e-07	3.971e-07	4.68057e-07	5.50835e-07	6.49674e-07	7.78265e-07	9.63265e-07	1.25185e-06	1.72493e-06	2.47264e-06	3.75182e-06	6.00312e-06	1.00663e-05	1.75683e-05	3.1621e-05	5.80237e-05	0.000107274	0.000197987	0.000363029	0.000649514	0.001156	0.00205442	0.00363644	0.00636833	0.0109263	0.018162	0.0289306	0.0437327	0.0621911	0.0813768	0.0985616	0.110322	0.113741	0.107788	0.0937761	0.0748431	0.0547685	0.0367557	0.0226807	0.012931	0.00688843	0.00351963	0.00176173	0.000872642	0.000424791	0.0002001	9.0748e-05	4.16409e-05	2.3431e-05	1.82757e-05	
N18	6.92597e-09	5.67495e-10	8.11578e-11	7.54607e-12	5.02746e-13	0.081103	0.34488	0.36049	0.164612	0.0415492	0.00659412	0.00071303	5.56611e-05	3.26626e-06	1.4843e-07	5.38846e-09	1.58794e-10	3.86285e-12	7.86806e-14	1.35856e-15	2.01042e-17	2.57572e-19	2.86855e-21	2.81264e-23	2.44763e-25	1.90517e-27	1.33641e-29	8.51032e-32	4.95458e-34	2.65459e-36	1.31688e-38	6.07543e-41	2.60803e-43	1.04969e-45	3.97096e-48	1.4144e-50	4.74908e-53	1.50451e-55	4.50052e-58	1.27215e-60	3.40075e-63	8.59011e-66	2.04726e-68	4.62415e-71	9.90741e-74	2.01529e-76	3.89498e-79	7.15803e-82	1.25174e-84	2.08423e-87	3.30635e-90	5.00164e-93	7.18162e-96	9.83798e-99	1.28621e-101	1.6053e-104	1.91289e-107	2.17652e-110	2.36496e-113	2.45428e-116	2.43295e-119	2.30484e-122	
Carex_pachygyna	0	0	0	0	0	1	0	0	0	0	0	0	0	0	0	0	0	0	0	0	0	0	0	0	0	0	0	0	0	0	0	0	0	0	0	0	0	0	0	0	0	0	0	0	0	0	0	0	0	0	0	0	0	0	0	0	0	0	0	0	0	0	
Carex_siderosticta	0	0	0	0	0	1	0	0	0	0	0	0	0	0	0	0	0	0	0	0	0	0	0	0	0	0	0	0	0	0	0	0	0	0	0	0	0	0	0	0	0	0	0	0	0	0	0	0	0	0	0	0	0	0	0	0	0	0	0	0	0	0	
N19	5.2127e-06	3.22744e-06	4.96805e-06	7.35487e-06	1.0807e-05	1.63769e-05	2.65431e-05	4.61833e-05	8.20484e-05	0.00013826	0.000209348	0.000276133	0.000326025	0.000374121	0.00082994	0.00172168	0.00351577	0.0067647	0.0116406	0.0173094	0.0219306	0.0224483	0.0203018	0.0173577	0.015215	0.0144163	0.0147483	0.015776	0.0168354	0.0171477	0.016814	0.0167279	0.0198334	0.0262616	0.0341035	0.0417574	0.0496001	0.0592253	0.0710395	0.0824788	0.0887354	0.0810928	0.065662	0.0475393	0.031291	0.0193291	0.011703	0.00718443	0.00446142	0.00270588	0.0015414	0.00075944	0.000342892	0.000150076	7.1889e-05	4.16953e-05	2.71118e-05	1.7014e-05	9.48778e-06	4.58686e-06	1.91979e-06	6.99674e-07	
Trichophorum_cespitosum	0	0	0	0	0	0	0	0	0	0	0	0	0	0	0	0	0	0	0	0	0	0	0	0	0	0	0	0	0	0	0	0	0	0	0	0	0	0	0	0	0	0	0	0	0	0	0	0	0	0	0	1	0	0	0	0	0	0	0	0	0	0	
Trichophorum_alpinum	0	0	0	0	0	0	0	0	0	0	0	0	0	0	0	0	0	0	0	0	0	0	0	0	0	0	0	0	1	0	0	0	0	0	0	0	0	0	0	0	0	0	0	0	0	0	0	0	0	0	0	0	0	0	0	0	0	0	0	0	0	0	
N20	7.29152e-10	2.35691e-10	3.20058e-10	4.6268e-10	7.21208e-10	1.20687e-09	2.12917e-09	3.84197e-09	6.8737e-09	1.19613e-08	2.02447e-08	3.33748e-08	5.56399e-08	9.52952e-08	2.44706e-07	4.60602e-07	7.26374e-07	9.9925e-07	1.229e-06	1.38776e-06	1.48188e-06	1.41456e-06	1.3523e-06	1.33378e-06	1.37698e-06	1.48352e-06	1.63434e-06	1.79129e-06	1.91628e-06	1.99893e-06	2.06609e-06	2.00333e-06	2.04095e-06	2.28006e-06	2.88342e-06	4.19936e-06	7.03814e-06	1.33523e-05	2.78753e-05	6.17581e-05	0.000139659	0.000288366	0.000576978	0.00112256	0.00214209	0.00403424	0.00745749	0.013308	0.0225279	0.0358881	0.0540407	0.0744758	0.100543	0.129199	0.149699	0.148546	0.121075	0.078124	0.0384062	0.0138234	0.00361042	0.000825391	
N21	1.49301e-09	7.6906e-10	1.32164e-09	2.30615e-09	4.05172e-09	7.15541e-09	1.26965e-08	2.25121e-08	3.93345e-08	6.63293e-08	1.05572e-07	1.5592e-07	2.1171e-07	2.64479e-07	3.05045e-07	3.34199e-07	3.53401e-07	3.67075e-07	3.79369e-07	3.93287e-07	4.10491e-07	4.34074e-07	4.57146e-07	4.78656e-07	4.97854e-07	5.18142e-07	5.48208e-07	6.0336e-07	7.10757e-07	9.25148e-07	1.36907e-06	2.359e-06	4.64273e-06	1.01736e-05	2.38802e-05	5.79576e-05	0.000141753	0.0003436	0.000816032	0.00187951	0.00414941	0.00875079	0.0171799	0.031149	0.0517223	0.0781157	0.106596	0.130453	0.141948	0.13601	0.113594	0.0823999	0.0508304	0.0264896	0.0115452	0.0041666	0.00123479	0.000299968	6.09231e-05	1.11661e-05	2.16854e-06	5.0182e-07	
N22	2.78138e-08	1.30079e-08	1.75446e-08	2.27253e-08	2.80869e-08	3.30686e-08	3.72956e-08	4.08059e-08	4.40336e-08	4.75403e-08	5.16675e-08	5.62463e-08	6.09252e-08	6.50336e-08	6.76307e-08	6.98014e-08	7.22746e-08	7.7076e-08	8.77358e-08	1.10819e-07	1.60388e-07	2.73598e-07	5.4749e-07	1.29001e-06	3.55441e-06	1.11585e-05	3.79219e-05	0.000130934	0.000434195	0.00132926	0.00366726	0.00908984	0.0198197	0.0379944	0.0639649	0.0945667	0.122827	0.140236	0.140818	0.124409	0.0967167	0.0665987	0.0401504	0.0212564	0.00987381	0.00402017	0.0014334	0.000447379	0.000122354	2.94543e-05	6.31669e-06	1.24549e-06	2.34246e-07	4.50833e-08	9.22435e-09	1.96719e-09	4.15752e-10	8.37878e-11	1.58563e-11	2.81637e-12	4.71368e-13	7.44462e-14	
N23	3.63974e-08	5.83623e-09	6.62074e-09	7.78588e-09	9.6069e-09	1.27036e-08	1.83188e-08	2.87583e-08	4.86078e-08	8.85887e-08	1.76116e-07	3.79845e-07	8.60426e-07	1.98059e-06	4.58999e-06	1.1351e-05	3.21767e-05	0.000107546	0.000392976	0.00139671	0.00444517	0.0123033	0.0286758	0.0562273	0.0928786	0.129706	0.153798	0.155527	0.134704	0.100326	0.0644937	0.0361427	0.0175063	0.00738435	0.00272143	0.000879514	0.000250392	6.31885e-05	1.42645e-05	2.91999e-06	5.52712e-07	9.96585e-08	1.7397e-08	3.02291e-09	5.2745e-10	9.21457e-11	1.59815e-11	2.72591e-12	4.53051e-13	7.27005e-14	1.11652e-14	1.63397e-15	2.24658e-16	2.90004e-17	3.50248e-18	3.95047e-19	4.16155e-20	4.10233e-21	3.7962e-22	3.30877e-23	2.72392e-24	2.12371e-25	
N24	1.78302e-08	1.51309e-08	2.96714e-08	6.05763e-08	1.34467e-07	3.22011e-07	7.82591e-07	1.80939e-06	3.89284e-06	8.2637e-06	2.04676e-05	7.07705e-05	0.000321943	0.00150124	0.00591041	0.0186574	0.0462846	0.0904456	0.140409	0.174886	0.176471	0.146651	0.0998936	0.0564248	0.0266148	0.0105533	0.00354125	0.00101281	0.000248985	5.31961e-05	1.00304e-05	1.7129e-06	2.69347e-07	4.05074e-08	5.98051e-09	8.78868e-10	1.28749e-10	1.86873e-11	2.65792e-12	3.64854e-13	4.752e-14	5.80327e-15	6.5311e-16	6.78451e-17	6.53351e-18	5.89549e-19	5.0583e-20	4.18547e-21	3.36726e-22	2.6328e-23	1.9882e-24	1.44453e-25	1.00108e-26	6.66219e-28	4.26938e-29	2.62837e-30	1.53932e-31	8.45643e-33	4.3038e-34	2.01672e-35	8.71458e-37	3.49991e-38	
N25	9.37735e-07	1.05406e-06	2.12765e-06	3.8045e-06	6.08672e-06	1.24735e-05	6.13816e-05	0.00050555	0.0034827	0.0162771	0.0513435	0.112922	0.17901	0.210319	0.185906	0.127676	0.068894	0.029598	0.0102474	0.00289427	0.000676392	0.000133942	2.28352e-05	3.51289e-06	5.11074e-07	7.28092e-08	1.02225e-08	1.39889e-09	1.85523e-10	2.40075e-11	3.05e-12	3.77707e-13	4.42036e-14	4.78159e-15	4.69604e-16	4.1599e-17	3.33671e-18	2.46139e-19	1.71317e-20	1.15852e-21	7.75742e-23	5.13431e-24	3.26688e-25	1.9551e-26	1.08044e-27	5.47354e-29	2.55041e-30	1.10993e-31	4.63203e-33	1.91247e-34	7.98411e-36	3.37461e-37	1.40779e-38	5.68057e-40	2.17608e-41	7.81981e-43	2.61339e-44	8.07018e-46	2.29309e-47	5.99858e-49	1.45514e-50	3.31587e-52	
Fimbristylis_autumnalis	0	0	0	0	1	0	0	0	0	0	0	0	0	0	0	0	0	0	0	0	0	0	0	0	0	0	0	0	0	0	0	0	0	0	0	0	0	0	0	0	0	0	0	0	0	0	0	0	0	0	0	0	0	0	0	0	0	0	0	0	0	0	
Fimbristylis_complanata	0	0	0	0	1	0	0	0	0	0	0	0	0	0	0	0	0	0	0	0	0	0	0	0	0	0	0	0	0	0	0	0	0	0	0	0	0	0	0	0	0	0	0	0	0	0	0	0	0	0	0	0	0	0	0	0	0	0	0	0	0	0	
N26	5.36041e-08	8.24682e-09	2.03754e-09	3.3342e-10	0.0167039	0.151559	0.328168	0.301105	0.148021	0.0443276	0.00877332	0.00120997	0.000121838	9.25709e-06	5.45992e-07	2.60029e-08	1.02726e-09	3.48997e-11	1.05779e-12	2.9505e-14	7.72709e-16	1.83653e-17	4.12448e-19	8.63688e-21	1.68219e-22	3.0316e-24	5.018e-26	7.57903e-28	1.04148e-29	1.30564e-31	1.50681e-33	1.55166e-35	1.51407e-37	1.39488e-39	1.22086e-41	1.01437e-43	7.95211e-46	5.8412e-48	4.00384e-50	2.56454e-52	1.54706e-54	8.53402e-57	4.55749e-59	2.34946e-61	1.17536e-63	5.69162e-66	2.64469e-68	1.16676e-70	4.84198e-73	1.87815e-75	6.78698e-78	2.28436e-80	7.13553e-83	2.08395e-85	5.71597e-88	1.48028e-90	3.63907e-93	8.5373e-96	1.92007e-98	4.15675e-101	8.69968e-104	1.76937e-106	
Fimbristylis_aestivalis	0	0	0	0	1	0	0	0	0	0	0	0	0	0	0	0	0	0	0	0	0	0	0	0	0	0	0	0	0	0	0	0	0	0	0	0	0	0	0	0	0	0	0	0	0	0	0	0	0	0	0	0	0	0	0	0	0	0	0	0	0	0	
Fimbristylis_squarrosa	0	0	0	0	1	0	0	0	0	0	0	0	0	0	0	0	0	0	0	0	0	0	0	0	0	0	0	0	0	0	0	0	0	0	0	0	0	0	0	0	0	0	0	0	0	0	0	0	0	0	0	0	0	0	0	0	0	0	0	0	0	0	
Fimbristylis_ovata	0	0	0	0	1	0	0	0	0	0	0	0	0	0	0	0	0	0	0	0	0	0	0	0	0	0	0	0	0	0	0	0	0	0	0	0	0	0	0	0	0	0	0	0	0	0	0	0	0	0	0	0	0	0	0	0	0	0	0	0	0	0	
N27	1.93091e-07	1.64981e-07	3.17622e-07	6.18695e-07	1.20294e-06	2.27351e-06	4.08064e-06	6.99436e-06	1.24315e-05	2.78597e-05	9.05718e-05	0.000372895	0.00153769	0.00547693	0.0156613	0.0360608	0.0670478	0.102251	0.130627	0.143236	0.138106	0.120168	0.0938128	0.06565	0.0407244	0.0221469	0.0104813	0.00430482	0.00153643	0.00047888	0.000131444	3.23182e-05	7.15628e-06	1.46595e-06	2.84767e-07	5.37897e-08	1.00841e-08	1.89769e-09	3.58776e-10	6.7663e-11	1.25943e-11	2.29879e-12	4.05206e-13	6.91217e-14	1.14336e-14	1.84242e-15	2.90362e-16	4.47587e-17	6.71427e-18	9.71541e-19	1.34259e-19	1.76226e-20	2.16537e-21	2.49265e-22	2.6841e-23	2.7046e-24	2.55457e-25	2.26739e-26	1.89619e-27	1.49737e-28	1.11813e-29	7.9049e-31	
Bulbostylis_barbata	0	0	0	0	1	0	0	0	0	0	0	0	0	0	0	0	0	0	0	0	0	0	0	0	0	0	0	0	0	0	0	0	0	0	0	0	0	0	0	0	0	0	0	0	0	0	0	0	0	0	0	0	0	0	0	0	0	0	0	0	0	0	
N28	5.35418e-06	4.37236e-06	7.11187e-06	1.38667e-05	3.49342e-05	0.000112404	0.000564714	0.00338742	0.0158252	0.0497223	0.103793	0.147688	0.150204	0.120643	0.0912839	0.0780451	0.073955	0.0669981	0.0503946	0.0291198	0.0126215	0.0041679	0.00107636	0.000242738	5.8365e-05	1.80376e-05	7.15932e-06	3.1858e-06	1.38276e-06	5.38494e-07	1.81782e-07	5.37733e-08	1.54864e-08	5.79886e-09	3.11011e-09	1.95877e-09	1.19264e-09	6.09668e-10	2.46816e-10	7.94063e-11	2.08162e-11	4.64965e-12	9.96374e-13	2.65155e-13	8.65963e-14	2.59501e-14	6.1611e-15	1.14191e-15	1.69929e-16	2.11097e-17	2.27001e-18	2.17107e-19	1.84708e-20	1.39761e-21	9.32695e-23	5.44521e-24	2.75897e-25	1.20482e-26	4.51405e-28	1.45263e-29	4.05424e-31	9.99608e-33	
N29	1.27854e-06	1.02342e-06	1.93254e-06	6.45368e-06	3.89399e-05	0.00031362	0.00227627	0.0117014	0.0396044	0.088271	0.132416	0.137725	0.104507	0.0661242	0.0458575	0.0443585	0.050514	0.0498944	0.0366333	0.0193577	0.00757864	0.00242507	0.000748638	0.000283514	0.000160119	0.000146023	0.000169549	0.000195667	0.000236103	0.000323418	0.000413942	0.000432689	0.000459248	0.000708496	0.00130096	0.00234092	0.00365553	0.0047333	0.00597747	0.00834017	0.0107543	0.0112577	0.0117618	0.0166012	0.0227234	0.022391	0.0154404	0.00835132	0.00452775	0.00285644	0.00175791	0.000882379	0.000337128	9.75729e-05	2.15833e-05	3.71003e-06	5.00032e-07	5.3937e-08	5.28953e-09	9.44357e-10	3.96006e-10	1.46547e-10	
Bulbostylis_juncoides	0	0	0	0	0	0	0	0	0	0	0	0	0	0	0	0	0	0	0	0	0	0	0	0	0	0	0	0	0	0	0	0	0	0	0	0	0	0	0	0	0	1	0	0	0	0	0	0	0	0	0	0	0	0	0	0	0	0	0	0	0	0	
Bulbostylis_densa	0	0	0	0	0	0	0	0	0	0	0	0	0	0	0	0	0	0	0	0	0	0	0	0	0	0	0	0	0	0	0	1	0	0	0	0	0	0	0	0	0	0	0	0	0	0	0	0	0	0	0	0	0	0	0	0	0	0	0	0	0	0	
Bulbostylis_hispidula	0	0	0	0	1	0	0	0	0	0	0	0	0	0	0	0	0	0	0	0	0	0	0	0	0	0	0	0	0	0	0	0	0	0	0	0	0	0	0	0	0	0	0	0	0	0	0	0	0	0	0	0	0	0	0	0	0	0	0	0	0	0	
N30	3.18579e-07	6.1546e-08	6.67669e-08	7.11525e-08	7.56626e-08	8.28764e-08	9.76967e-08	1.29052e-07	1.93965e-07	3.25362e-07	5.84381e-07	1.07501e-06	1.97242e-06	3.54624e-06	6.4761e-06	1.1558e-05	2.04898e-05	3.67157e-05	6.66384e-05	0.000120787	0.000215851	0.000375955	0.000676087	0.00130922	0.00272359	0.00581048	0.0120369	0.023267	0.0409615	0.0648023	0.0915565	0.112975	0.12455	0.124103	0.112602	0.0935095	0.0711769	0.0495705	0.031494	0.0182276	0.00963438	0.00458172	0.00203335	0.000869339	0.000369183	0.000160109	7.20404e-05	3.36432e-05	1.61597e-05	7.90646e-06	3.91319e-06	1.92295e-06	9.42059e-07	4.53843e-07	2.10637e-07	9.25889e-08	3.81162e-08	1.46098e-08	5.20284e-09	1.72112e-09	5.2901e-10	1.51074e-10	
Eleocharis_dulcis	0	0	0	0	0	0	0	0	0	0	0	0	0	0	0	0	0	0	0	0	0	0	0	0	0	0	0	0	0	0	0	0	0	0	0	0	0	1	0	0	0	0	0	0	0	0	0	0	0	0	0	0	0	0	0	0	0	0	0	0	0	0	
N31	2.00795e-07	1.23645e-07	2.30227e-07	4.16602e-07	7.03564e-07	1.08502e-06	1.52898e-06	2.03317e-06	2.74425e-06	4.08882e-06	6.82198e-06	1.19596e-05	2.06334e-05	3.43514e-05	5.69861e-05	0.00010804	0.000273556	0.000900161	0.00310052	0.00948718	0.0242056	0.0514517	0.0900498	0.131277	0.16016	0.163839	0.140784	0.102037	0.0628929	0.0334077	0.0155735	0.00654415	0.00249373	0.00087409	0.000281924	8.34496e-05	2.26991e-05	5.72001e-06	1.35148e-06	3.02366e-07	6.42451e-08	1.29603e-08	2.44078e-09	4.27157e-10	6.88995e-11	1.01721e-11	1.36665e-12	1.66273e-13	1.82414e-14	1.79766e-15	1.58568e-16	1.2508e-17	8.72708e-19	5.39668e-20	2.95786e-21	1.44525e-22	6.39936e-24	2.64736e-25	1.06338e-26	4.25236e-28	1.68316e-29	6.4358e-31	
N32	6.88788e-06	4.34859e-06	7.37738e-06	1.25777e-05	2.14597e-05	3.66652e-05	6.5202e-05	0.000129333	0.000279838	0.000584257	0.00115141	0.00264872	0.00769447	0.0210066	0.0440232	0.0705974	0.0922322	0.110611	0.131627	0.146999	0.139007	0.105941	0.0631586	0.0301982	0.012979	0.00667368	0.00459034	0.0033	0.0021368	0.00121979	0.000613652	0.00027454	0.00010944	4.00053e-05	1.35854e-05	4.24686e-06	1.19363e-06	2.95159e-07	6.3476e-08	1.18704e-08	1.95154e-09	2.89443e-10	3.96433e-11	5.20598e-12	6.66237e-13	8.22918e-14	9.55896e-15	1.01892e-15	9.83235e-17	8.58809e-18	6.88585e-19	5.22665e-20	3.86537e-21	2.86908e-22	2.12489e-23	1.52036e-24	1.01292e-25	6.12388e-27	3.32107e-28	1.61761e-29	7.16499e-31	2.94795e-32	
Eleocharis_uniglumis	0	0	0	0	0	0	0	0	0	0	0	0	0	0	0	0	0	0	0	0	0	0	0	1	0	0	0	0	0	0	0	0	0	0	0	0	0	0	0	0	0	0	0	0	0	0	0	0	0	0	0	0	0	0	0	0	0	0	0	0	0	0	
Eleocharis_acicularis	0	0	0	0	0	0	0	0	0	1	0	0	0	0	0	0	0	0	0	0	0	0	0	0	0	0	0	0	0	0	0	0	0	0	0	0	0	0	0	0	0	0	0	0	0	0	0	0	0	0	0	0	0	0	0	0	0	0	0	0	0	0	
N33	2.7518e-07	1.64159e-07	2.38437e-07	3.45841e-07	5.38504e-07	9.33725e-07	1.7496e-06	3.33372e-06	6.11672e-06	1.04439e-05	1.68422e-05	2.9692e-05	7.44959e-05	0.000279235	0.00124309	0.00524828	0.0180273	0.0477299	0.0967635	0.151616	0.186008	0.182422	0.142734	0.0904452	0.0469198	0.0201579	0.00726571	0.00222963	0.000591885	0.000138084	2.87005e-05	5.39458e-06	9.14289e-07	1.41743e-07	2.03156e-08	2.73292e-09	3.51924e-10	4.42965e-11	5.52711e-12	6.83044e-13	8.22877e-14	9.48273e-15	1.01881e-15	1.01599e-16	9.41665e-18	8.20027e-19	6.82231e-20	5.50748e-21	4.34031e-22	3.31744e-23	2.42463e-24	1.67588e-25	1.08159e-26	6.58904e-28	3.87452e-29	2.27621e-30	1.37025e-31	8.35387e-33	4.91741e-34	2.64874e-35	1.26042e-36	5.26132e-38	
N34	1.29969e-06	1.07169e-06	1.62237e-06	1.83807e-06	1.52487e-06	9.34515e-07	4.30368e-07	1.04306e-05	0.00188364	0.0258859	0.113732	0.235888	0.276299	0.202652	0.0989995	0.0341678	0.00859188	0.00161845	0.000233809	2.64807e-05	2.40717e-06	1.81219e-07	1.16116e-08	6.66948e-10	3.5809e-11	1.83611e-12	8.97378e-14	4.15018e-15	1.82138e-16	7.66841e-18	3.11145e-19	1.20311e-20	4.3148e-22	1.40953e-23	4.13926e-25	1.08979e-26	2.59098e-28	5.6632e-30	1.16792e-31	2.33222e-33	4.56746e-35	8.70404e-37	1.57346e-38	2.64915e-40	4.09642e-42	5.79811e-44	7.56586e-46	9.27572e-48	1.0991e-49	1.29499e-51	1.53716e-53	1.82099e-55	2.08893e-57	2.27029e-59	2.2946e-61	2.1339e-63	1.81732e-65	1.4185e-67	1.02058e-69	6.83632e-72	4.31374e-74	2.58861e-76	
Eleocharis_mamillata_subsp_mamillata	0	0	0	0	0	0	0	1	0	0	0	0	0	0	0	0	0	0	0	0	0	0	0	0	0	0	0	0	0	0	0	0	0	0	0	0	0	0	0	0	0	0	0	0	0	0	0	0	0	0	0	0	0	0	0	0	0	0	0	0	0	0	
Eleocharis_compressa_var_compressa	0	0	0	0	0	0	0	0	1	0	0	0	0	0	0	0	0	0	0	0	0	0	0	0	0	0	0	0	0	0	0	0	0	0	0	0	0	0	0	0	0	0	0	0	0	0	0	0	0	0	0	0	0	0	0	0	0	0	0	0	0	0	
Eleocharis_flavescens_var_olivacea	0	0	0	0	0	0	0	0	0	1	0	0	0	0	0	0	0	0	0	0	0	0	0	0	0	0	0	0	0	0	0	0	0	0	0	0	0	0	0	0	0	0	0	0	0	0	0	0	0	0	0	0	0	0	0	0	0	0	0	0	0	0	
N35	5.89945e-10	3.21894e-10	5.27267e-10	8.51169e-10	1.34339e-09	2.1511e-09	3.7333e-09	7.2048e-09	1.4617e-08	2.86897e-08	5.15014e-08	8.25191e-08	1.17312e-07	1.48412e-07	1.75475e-07	1.88254e-07	1.8742e-07	1.7883e-07	1.71603e-07	1.76123e-07	2.00481e-07	2.37032e-07	2.91655e-07	3.50709e-07	4.08764e-07	4.76484e-07	5.82656e-07	7.79715e-07	1.17834e-06	2.06919e-06	4.23793e-06	9.24389e-06	2.1023e-05	4.54905e-05	8.96805e-05	0.000158938	0.000254321	0.000375623	0.000536542	0.000791708	0.00125753	0.00202186	0.0032863	0.00508391	0.00754478	0.0114387	0.0188179	0.0328887	0.0560242	0.0862132	0.114982	0.130136	0.124569	0.102967	0.0770272	0.057201	0.0460408	0.0393793	0.0324358	0.023949	0.0155257	0.00891602	
N36	5.13209e-10	2.31036e-10	3.42487e-10	5.387e-10	9.50099e-10	1.87318e-09	3.82336e-09	7.4408e-09	1.31502e-08	2.06853e-08	2.88576e-08	3.59061e-08	4.03136e-08	4.12854e-08	3.93593e-08	3.62852e-08	3.45157e-08	3.66873e-08	4.44104e-08	5.75788e-08	7.50132e-08	9.66518e-08	1.26113e-07	1.71195e-07	2.43763e-07	3.65169e-07	5.93384e-07	1.10107e-06	2.32919e-06	5.17925e-06	1.10691e-05	2.15818e-05	3.76918e-05	5.87963e-05	8.30295e-05	0.000110274	0.000148111	0.000218646	0.000361632	0.000630105	0.00108398	0.00181891	0.0030771	0.00559033	0.0111614	0.0230532	0.0448743	0.0769071	0.111977	0.136616	0.140074	0.124375	0.0985401	0.0742002	0.0550123	0.0393696	0.0257167	0.014528	0.00681137	0.00256456	0.000765076	0.000193176	
N37	3.17901e-10	1.14738e-10	1.63014e-10	2.53358e-10	4.27458e-10	7.42809e-10	1.25256e-09	1.9688e-09	2.8294e-09	3.69809e-09	4.40816e-09	4.82617e-09	4.93327e-09	4.8051e-09	4.62516e-09	4.70782e-09	5.31111e-09	6.69356e-09	9.21181e-09	1.35932e-08	2.12324e-08	3.45731e-08	5.67441e-08	9.27131e-08	1.53007e-07	2.65235e-07	4.97062e-07	9.86036e-07	1.95421e-06	3.67589e-06	6.3926e-06	1.0315e-05	1.54979e-05	2.23067e-05	3.22349e-05	4.98005e-05	8.6111e-05	0.000165069	0.00033412	0.000687575	0.00143505	0.00314896	0.00720538	0.0165238	0.0353864	0.0665874	0.106049	0.140544	0.154894	0.144021	0.116196	0.0849099	0.0565273	0.0341939	0.018231	0.00828447	0.0031328	0.000977799	0.000256602	6.04613e-05	1.4143e-05	3.38169e-06	
N38	3.41695e-10	1.14313e-10	1.58124e-10	2.36991e-10	3.76548e-10	6.0224e-10	9.24731e-10	1.32512e-09	1.75117e-09	2.1314e-09	2.40233e-09	2.52907e-09	2.55017e-09	2.53815e-09	2.6018e-09	2.89516e-09	3.55555e-09	4.80173e-09	7.05931e-09	1.11391e-08	1.83876e-08	3.09396e-08	5.19553e-08	8.77173e-08	1.52671e-07	2.80324e-07	5.39205e-07	1.04566e-06	1.95819e-06	3.44564e-06	5.65027e-06	8.74147e-06	1.2965e-05	1.91939e-05	2.98327e-05	5.07855e-05	9.53133e-05	0.000191923	0.000402603	0.000872104	0.00196751	0.00467343	0.0111519	0.0252305	0.0509865	0.0882491	0.12783	0.153796	0.154639	0.132459	0.0994441	0.0676484	0.0412825	0.0223731	0.0104856	0.00415622	0.00138174	0.000391538	0.000101439	2.99349e-05	1.47897e-05	1.04237e-05	
N39	2.49609e-08	1.44265e-08	2.47033e-08	4.2006e-08	6.99279e-08	1.13778e-07	1.84184e-07	3.08278e-07	5.58254e-07	1.11707e-06	2.41113e-06	5.31899e-06	1.13507e-05	2.25024e-05	4.08203e-05	6.67052e-05	9.93334e-05	0.000139525	0.00019492	0.000285262	0.000445921	0.000719679	0.00117259	0.00185845	0.00285614	0.00448535	0.00767691	0.0140855	0.0255155	0.043005	0.0662841	0.0921781	0.117244	0.134189	0.135366	0.118918	0.0909062	0.061106	0.0368993	0.0206419	0.0110696	0.00576717	0.00302924	0.00161145	0.000866807	0.000476629	0.000275454	0.000172007	0.00011513	7.85043e-05	5.13822e-05	3.11336e-05	1.69798e-05	8.30234e-06	3.64146e-06	1.43988e-06	5.16695e-07	1.69348e-07	5.09457e-08	1.41097e-08	3.60285e-09	8.49152e-10	
N40	6.88331e-06	1.09732e-05	2.41285e-05	2.62641e-05	1.61638e-05	6.21018e-06	1.59974e-06	2.91269e-07	1.31386e-07	1.0947e-07	3.56328e-05	0.000267964	0.000572348	0.000537841	0.000272157	8.45385e-05	1.73994e-05	2.51347e-06	1.00512e-06	3.45627e-06	0.034556	0.20825	0.353526	0.263967	0.106528	0.0262645	0.00429884	0.000497221	0.000130719	6.77277e-05	2.14047e-05	4.28977e-06	6.06281e-07	6.55588e-08	5.65624e-09	3.9738e-10	2.29496e-11	1.09552e-12	4.71803e-12	1.70238e-12	2.83425e-13	2.89358e-14	2.01402e-15	1.02521e-16	3.98285e-18	1.21718e-19	2.99474e-21	6.04528e-23	1.01788e-24	1.45195e-26	1.78276e-28	1.92008e-30	1.83533e-32	1.5969e-34	1.28641e-36	9.69282e-39	6.84376e-41	4.50977e-43	2.75777e-45	1.55822e-47	8.11751e-50	3.89794e-52	
Schoenoplectus_pungens	0	0	0	0	0	0	0	0	0	0	0	0	0	0	0	0	0	0	0	0	0	0	0	0	0	0	0	0	0	0	0	0	0	0	0	0	0	0	1	0	0	0	0	0	0	0	0	0	0	0	0	0	0	0	0	0	0	0	0	0	0	0	
N41	4.44573e-07	3.70621e-07	4.37558e-07	2.38341e-07	6.74656e-08	1.15864e-08	1.70614e-09	3.29434e-10	1.49034e-09	2.636e-09	2.04319e-06	9.2472e-06	1.10074e-05	5.21793e-06	1.2046e-06	1.5941e-07	1.5601e-08	1.94169e-09	1.34619e-06	1.00729e-05	0.0971943	0.370114	0.36284	0.140416	0.0263923	0.00277823	0.000203071	1.83796e-05	2.4393e-06	2.50792e-07	1.64903e-08	7.22162e-10	2.22701e-11	5.20964e-13	1.13792e-14	4.25081e-16	2.67427e-17	1.47532e-18	5.66327e-20	1.4398e-21	2.46458e-23	2.94116e-25	2.51354e-27	1.59026e-29	7.63525e-32	2.84094e-34	8.34641e-37	1.97858e-39	3.99645e-42	8.37862e-45	2.53414e-47	9.93598e-50	3.5517e-52	1.02036e-54	2.32071e-57	4.29217e-60	7.59369e-63	2.37236e-65	1.47069e-67	9.44456e-70	5.36965e-72	2.56515e-74	
Schoenoplectus_acutus_var_acutus	0	0	0	0	0	0	0	0	0	0	0	0	0	0	0	0	0	0	1	0	0	0	0	0	0	0	0	0	0	0	0	0	0	0	0	0	0	0	0	0	0	0	0	0	0	0	0	0	0	0	0	0	0	0	0	0	0	0	0	0	0	0	
N42	9.03899e-08	2.36781e-08	1.14287e-08	2.74647e-09	3.79658e-10	6.50753e-11	2.59104e-11	9.47832e-12	8.57055e-10	1.29424e-09	1.99464e-07	4.49535e-07	2.67951e-07	6.53833e-08	1.53937e-08	9.83912e-09	5.90862e-09	2.20449e-09	1.37709e-05	1.94312e-05	0.238545	0.473564	0.238689	0.0450909	0.00388989	0.000180517	6.22442e-06	3.10707e-07	2.51571e-08	2.16079e-09	1.39256e-10	5.57805e-12	1.32562e-13	1.92453e-15	1.81088e-17	1.57803e-19	5.21604e-21	3.39238e-22	1.65479e-23	5.26225e-25	1.04464e-26	1.27952e-28	9.7621e-31	4.81889e-33	1.62847e-35	5.35766e-38	7.013e-40	1.88262e-41	3.9356e-43	5.5534e-45	5.05073e-47	2.92047e-49	1.0808e-51	2.65467e-54	4.57092e-57	7.8511e-60	5.54385e-62	8.26068e-64	1.00331e-65	9.02724e-68	6.3673e-70	3.85319e-72	
Schoenoplectus_lacustris	0	0	0	0	0	0	0	0	0	0	0	0	0	0	0	0	0	0	0	0	1	0	0	0	0	0	0	0	0	0	0	0	0	0	0	0	0	0	0	0	0	0	0	0	0	0	0	0	0	0	0	0	0	0	0	0	0	0	0	0	0	0	
Schoenoplectus_heterochaetus	0	0	0	0	0	0	0	0	0	0	0	0	0	0	0	0	0	0	1	0	0	0	0	0	0	0	0	0	0	0	0	0	0	0	0	0	0	0	0	0	0	0	0	0	0	0	0	0	0	0	0	0	0	0	0	0	0	0	0	0	0	0	
Actinoscirpus_grossus	0	0	0	0	0	0	0	0	0	0	0	0	0	0	0	0	0	0	0	0	0	0	0	0	0	0	0	0	0	0	0	0	0	0	0	0	0	0	0	0	1	0	0	0	0	0	0	0	0	0	0	0	0	0	0	0	0	0	0	0	0	0	
N43	3.1938e-10	7.36826e-11	9.1524e-11	1.13475e-10	1.36544e-10	1.56403e-10	1.69817e-10	1.77236e-10	1.83842e-10	1.99256e-10	2.38466e-10	3.26511e-10	5.16485e-10	9.04177e-10	1.64019e-09	2.96251e-09	5.14755e-09	8.53406e-09	1.36773e-08	2.17983e-08	3.56554e-08	6.15328e-08	1.10077e-07	1.99296e-07	3.53954e-07	6.03277e-07	9.81442e-07	1.54578e-06	2.44093e-06	4.06821e-06	7.51943e-06	1.58973e-05	3.71908e-05	9.25559e-05	0.000236387	0.000608346	0.00156673	0.00399634	0.00984908	0.0225928	0.0463831	0.0834645	0.126529	0.160058	0.16795	0.146286	0.106428	0.0653196	0.0341886	0.0154028	0.00601917	0.00207342	0.000633832	0.000179978	5.03102e-05	1.45484e-05	4.33343e-06	1.25377e-06	3.29746e-07	7.55306e-08	1.48354e-08	2.51748e-09	
N44	2.4069e-10	4.46516e-11	5.12008e-11	5.92319e-11	7.03744e-11	8.80024e-11	1.18244e-10	1.71557e-10	2.65975e-10	4.34225e-10	7.37306e-10	1.28641e-09	2.27463e-09	4.00523e-09	6.87288e-09	1.15476e-08	1.8938e-08	3.04881e-08	4.87059e-08	7.8285e-08	1.28124e-07	2.16645e-07	3.73071e-07	6.52721e-07	1.16388e-06	2.16475e-06	4.40122e-06	1.02138e-05	2.67957e-05	7.47607e-05	0.000208652	0.000569966	0.00148423	0.00367186	0.00854201	0.0183901	0.0360215	0.0632857	0.0985122	0.134078	0.157157	0.157775	0.132167	0.0922155	0.0535521	0.0260194	0.0107045	0.00380814	0.00121104	0.000359834	0.000104017	2.98469e-05	8.31521e-06	2.25488e-06	6.13366e-07	1.76233e-07	5.4139e-08	1.67675e-08	4.81931e-09	1.2087e-09	2.56307e-10	4.59133e-11	
N45	2.36031e-10	4.56521e-11	6.06859e-11	8.55463e-11	1.2556e-10	1.87677e-10	2.82706e-10	4.34792e-10	7.04161e-10	1.22567e-09	2.25792e-09	4.22872e-09	7.73851e-09	1.34719e-08	2.1871e-08	3.35496e-08	4.94301e-08	7.28335e-08	1.13179e-07	1.92181e-07	3.53902e-07	6.88099e-07	1.35228e-06	2.68923e-06	5.68614e-06	1.39593e-05	4.08312e-05	0.000130086	0.000406482	0.00117747	0.00309302	0.00736976	0.0156277	0.0294933	0.049747	0.0757648	0.105078	0.132212	0.148155	0.144189	0.119216	0.0832301	0.0480348	0.0230707	0.00931167	0.00322461	0.000994534	0.000289079	8.40692e-05	2.5088e-05	7.50868e-06	2.18915e-06	6.10657e-07	1.70067e-07	5.00676e-08	1.59501e-08	5.33214e-09	1.79732e-09	5.96909e-10	1.89238e-10	5.38648e-11	1.28586e-11	
Scirpus_ficinioides	0	0	0	0	0	0	0	0	0	0	0	0	0	0	0	0	0	0	0	0	0	0	0	0	0	1	0	0	0	0	0	0	0	0	0	0	0	0	0	0	0	0	0	0	0	0	0	0	0	0	0	0	0	0	0	0	0	0	0	0	0	0	
N46	1.6756e-10	1.02731e-10	1.74697e-10	3.10673e-10	5.72439e-10	1.04992e-09	1.82883e-09	2.93955e-09	4.36402e-09	6.18118e-09	8.89857e-09	1.41973e-08	2.69102e-08	6.05376e-08	1.48114e-07	3.59769e-07	8.01466e-07	1.60429e-06	3.0422e-06	6.35989e-06	1.82688e-05	7.88993e-05	0.000405409	0.00191552	0.00729655	0.0214944	0.0488707	0.0871183	0.124919	0.14867	0.151529	0.136416	0.108252	0.0755909	0.0458711	0.0239696	0.0108349	0.00433681	0.00159124	0.000549903	0.000180293	5.60591e-05	1.61944e-05	4.37813e-06	1.11585e-06	2.67917e-07	5.95391e-08	1.19756e-08	2.16266e-09	3.5558e-10	5.47425e-11	8.0887e-12	1.13449e-12	1.48169e-13	1.75308e-14	1.84185e-15	1.69894e-16	1.3693e-17	9.6533e-19	5.99635e-20	3.32385e-21	1.66677e-22	
N47	5.66316e-10	3.96518e-10	6.9929e-10	1.22283e-09	2.05169e-09	3.25893e-09	5.03191e-09	8.0087e-09	1.38008e-08	2.5822e-08	5.17989e-08	1.14346e-07	2.83197e-07	7.41875e-07	1.87904e-06	4.47255e-06	9.96338e-06	2.18698e-05	5.57016e-05	0.000199626	0.000899596	0.00388188	0.013437	0.0355554	0.0715991	0.111573	0.139156	0.146196	0.136949	0.118017	0.092205	0.0632621	0.0363998	0.017601	0.00749744	0.00311574	0.00136095	0.000599505	0.000248542	9.61635e-05	3.55918e-05	1.27884e-05	4.35251e-06	1.41261e-06	4.44427e-07	1.36571e-07	4.00644e-08	1.07756e-08	2.57137e-09	5.36074e-10	9.75932e-11	1.57557e-11	2.28883e-12	3.12359e-13	4.1886e-14	5.69467e-15	7.9008e-16	1.11357e-16	1.57756e-17	2.15848e-18	2.64861e-19	2.7083e-20	
Isolepis_crassiuscula	0	0	0	0	0	0	0	0	0	0	0	0	0	0	0	0	0	0	0	0	0	0	0	0	0	0	0	0	0	0	0	1	0	0	0	0	0	0	0	0	0	0	0	0	0	0	0	0	0	0	0	0	0	0	0	0	0	0	0	0	0	0	
N48	1.56344e-09	1.45552e-09	1.92109e-09	1.94314e-09	2.13771e-09	7.94704e-09	6.69837e-08	4.21513e-07	1.606e-06	3.87145e-06	6.27566e-06	7.18675e-06	6.03066e-06	3.81495e-06	4.00642e-05	0.00120552	0.0127925	0.0594412	0.148894	0.228517	0.233843	0.170506	0.0914403	0.0374445	0.0120056	0.00307389	0.000639587	0.000110152	1.60416e-05	2.02402e-06	2.26544e-07	2.29517e-08	2.10332e-09	1.75319e-10	1.32711e-11	9.12573e-13	5.71329e-14	3.26506e-15	1.70589e-16	8.14851e-18	3.55452e-19	1.41675e-20	5.12225e-22	1.69411e-23	5.16852e-25	1.47513e-26	4.01073e-28	1.05799e-29	2.74377e-31	7.03169e-33	1.77795e-34	4.42025e-36	1.06818e-37	2.50202e-39	5.62198e-41	1.19607e-42	2.37749e-44	4.3713e-46	7.4018e-48	1.15658e-49	1.67936e-51	2.28642e-53	
Ficinia_spiralis	0	0	0	0	0	0	0	0	0	0	0	0	0	0	1	0	0	0	0	0	0	0	0	0	0	0	0	0	0	0	0	0	0	0	0	0	0	0	0	0	0	0	0	0	0	0	0	0	0	0	0	0	0	0	0	0	0	0	0	0	0	0	
Ficinia_nodosa	0	0	0	0	0	0	0	0	0	0	0	0	0	0	1	0	0	0	0	0	0	0	0	0	0	0	0	0	0	0	0	0	0	0	0	0	0	0	0	0	0	0	0	0	0	0	0	0	0	0	0	0	0	0	0	0	0	0	0	0	0	0	
N49	2.10715e-09	1.46389e-09	2.46037e-09	3.90638e-09	5.81451e-09	8.4348e-09	1.32383e-08	2.59903e-08	6.8557e-08	2.23775e-07	7.7092e-07	2.47804e-06	6.94584e-06	1.65102e-05	3.37873e-05	6.88657e-05	0.000176637	0.000600726	0.00227944	0.00808948	0.0238719	0.0559407	0.101006	0.141702	0.157265	0.143	0.113603	0.0859567	0.0647824	0.046438	0.0292011	0.0153853	0.0065929	0.00239294	0.000845823	0.00036147	0.000188707	0.000101255	5.07362e-05	2.32105e-05	9.66239e-06	3.70885e-06	1.31918e-06	4.44211e-07	1.40981e-07	4.11607e-08	1.07598e-08	2.47494e-09	4.98183e-10	8.82408e-11	1.39931e-11	2.057e-12	2.89758e-13	4.0772e-14	5.7821e-15	8.0906e-16	1.07991e-16	1.33172e-17	1.47849e-18	1.45226e-19	1.25689e-20	9.72537e-22	
Isolepis_prolifera	0	0	0	0	0	0	0	0	0	0	0	0	0	0	0	0	0	0	0	0	0	0	0	0	0	0	0	0	0	0	0	0	1	0	0	0	0	0	0	0	0	0	0	0	0	0	0	0	0	0	0	0	0	0	0	0	0	0	0	0	0	0	
Isolepis_setacea	0	0	0	0	0	0	0	0	0	0	0	0	0	1	0	0	0	0	0	0	0	0	0	0	0	0	0	0	0	0	0	0	0	0	0	0	0	0	0	0	0	0	0	0	0	0	0	0	0	0	0	0	0	0	0	0	0	0	0	0	0	0	
Scirpoides_holoschoenus	0	0	0	0	0	0	0	0	0	0	0	0	0	0	0	0	0	0	0	0	1	0	0	0	0	0	0	0	0	0	0	0	0	0	0	0	0	0	0	0	0	0	0	0	0	0	0	0	0	0	0	0	0	0	0	0	0	0	0	0	0	0	
N50	2.79435e-10	7.24404e-11	1.07104e-10	1.63795e-10	2.58722e-10	4.26716e-10	7.4173e-10	1.34824e-09	2.50133e-09	4.60481e-09	8.22302e-09	1.40609e-08	2.29765e-08	3.63431e-08	5.69168e-08	9.30838e-08	1.64073e-07	3.13415e-07	6.33883e-07	1.31012e-06	2.67604e-06	5.33115e-06	1.02049e-05	1.92415e-05	3.73293e-05	7.77481e-05	0.000175509	0.000414301	0.000964497	0.00211645	0.00433872	0.00865942	0.0172515	0.034231	0.0638095	0.104785	0.145575	0.167982	0.160117	0.126216	0.0827053	0.0457865	0.0213847	0.0086543	0.00312922	0.00105108	0.000340293	0.000108333	3.39402e-05	1.04276e-05	3.15421e-06	9.49401e-07	2.79883e-07	7.93461e-08	2.10106e-08	5.07475e-09	1.10277e-09	2.14785e-10	3.76848e-11	6.02957e-12	8.93744e-13	1.24367e-13	
N51	1.38387e-09	9.76901e-10	1.73475e-09	3.10343e-09	5.52801e-09	9.74885e-09	1.71213e-08	3.04327e-08	5.59354e-08	1.08794e-07	2.27938e-07	5.10934e-07	1.17153e-06	2.58677e-06	5.21474e-06	9.55295e-06	1.60798e-05	2.58416e-05	4.14769e-05	6.82852e-05	0.000115734	0.00020169	0.000348512	0.000590029	0.00101321	0.00187742	0.00377238	0.00801298	0.0179412	0.0400685	0.0799295	0.132802	0.174525	0.181543	0.150822	0.101727	0.0570653	0.027553	0.0119678	0.00488637	0.00192391	0.000735639	0.000267861	9.34281e-05	3.14376e-05	1.02151e-05	3.16248e-06	9.12558e-07	2.40781e-07	5.75614e-08	1.25095e-08	2.52261e-09	4.80864e-10	8.95438e-11	1.64682e-11	2.94425e-12	4.95777e-13	7.63548e-14	1.05715e-14	1.31153e-15	1.47222e-16	1.52509e-17	
Cyperus_fuscus	0	0	0	0	0	0	0	0	0	0	0	0	0	0	0	0	0	0	0	0	0	0	0	1	0	0	0	0	0	0	0	0	0	0	0	0	0	0	0	0	0	0	0	0	0	0	0	0	0	0	0	0	0	0	0	0	0	0	0	0	0	0	
Cyperus_eragrostis	0	0	0	0	0	0	0	0	0	0	0	0	0	0	0	0	0	0	0	0	1	0	0	0	0	0	0	0	0	0	0	0	0	0	0	0	0	0	0	0	0	0	0	0	0	0	0	0	0	0	0	0	0	0	0	0	0	0	0	0	0	0	
N52	7.87483e-13	4.57373e-14	3.18881e-15	1.41676e-16	4.47613e-18	3.26246e-07	6.51886e-07	3.19656e-07	6.82609e-08	8.0201e-09	5.88886e-10	2.92762e-11	1.04096e-12	2.75428e-14	5.58423e-16	0.308248	0.47938	0.180459	0.0291995	0.00256757	0.000139471	5.08216e-06	1.30511e-07	2.47254e-09	3.56876e-11	4.02963e-13	3.64257e-15	2.69326e-17	1.6639e-19	8.78091e-22	4.04999e-24	1.67058e-26	6.24757e-29	2.16162e-31	6.97659e-34	2.10665e-36	5.94898e-39	1.5676e-41	3.84237e-44	8.73038e-47	1.8333e-49	3.55211e-52	6.31839e-55	1.03746e-57	1.57601e-60	2.22103e-63	2.9111e-66	3.55546e-69	4.05094e-72	4.30782e-75	4.27703e-78	3.96822e-81	3.42756e-84	2.77462e-87	2.11051e-90	1.51259e-93	1.02365e-96	6.54915e-100	3.9608e-103	2.26184e-106	1.21779e-109	6.17633e-113	
Cyperus_involucratus	0	0	0	0	0	0	0	0	0	0	0	0	0	0	0	1	0	0	0	0	0	0	0	0	0	0	0	0	0	0	0	0	0	0	0	0	0	0	0	0	0	0	0	0	0	0	0	0	0	0	0	0	0	0	0	0	0	0	0	0	0	0	
Cyperus_alternifolius	0	0	0	0	0	0	0	0	0	0	0	0	0	0	0	1	0	0	0	0	0	0	0	0	0	0	0	0	0	0	0	0	0	0	0	0	0	0	0	0	0	0	0	0	0	0	0	0	0	0	0	0	0	0	0	0	0	0	0	0	0	0	
N53	8.14913e-08	4.3081e-08	5.34273e-08	6.48392e-08	9.60885e-08	1.98383e-07	4.74231e-07	1.07898e-06	2.15695e-06	3.692e-06	5.40294e-06	6.91003e-06	8.25148e-06	1.09103e-05	2.03268e-05	5.71902e-05	0.000189514	0.000586061	0.00158822	0.00381131	0.00796737	0.0141997	0.02253	0.0390053	0.0765442	0.135574	0.186606	0.193536	0.152877	0.0937715	0.0455293	0.0179041	0.00572752	0.00151952	0.000338954	6.44441e-05	1.05914e-05	1.52749e-06	1.96415e-07	2.28833e-08	2.45078e-09	2.44628e-10	2.27007e-11	1.97014e-12	1.59481e-13	1.19948e-14	8.35345e-16	5.37544e-17	3.19417e-18	1.75385e-19	8.91371e-21	4.21198e-22	1.84278e-23	7.52115e-25	2.87067e-26	1.02656e-27	3.44359e-29	1.08433e-30	3.20615e-32	8.90459e-34	2.32413e-35	5.70799e-37	
Schoenoplectus_hallii	0	0	0	0	0	0	0	0	0	0	1	0	0	0	0	0	0	0	0	0	0	0	0	0	0	0	0	0	0	0	0	0	0	0	0	0	0	0	0	0	0	0	0	0	0	0	0	0	0	0	0	0	0	0	0	0	0	0	0	0	0	0	
N54	3.51812e-08	1.93756e-08	2.75821e-08	4.32422e-08	8.54613e-08	1.87332e-07	3.80173e-07	7.11238e-07	1.37977e-06	2.95787e-06	6.5384e-06	1.34809e-05	2.44487e-05	4.05708e-05	7.18641e-05	0.000156215	0.000448423	0.00159889	0.00507417	0.0117565	0.0192021	0.0246161	0.0383306	0.0863573	0.165534	0.218479	0.199354	0.130603	0.0638795	0.0242851	0.00751932	0.00201518	0.000486542	0.000110599	2.39767e-05	5.01584e-06	1.04089e-06	2.18268e-07	4.50823e-08	8.67986e-09	1.48601e-09	2.21314e-10	2.82519e-11	3.12885e-12	3.07803e-13	2.80882e-14	2.51603e-15	2.29776e-16	2.1109e-17	1.85725e-18	1.49485e-19	1.07476e-20	6.79803e-22	3.82465e-23	1.96258e-24	9.69331e-26	5.03148e-27	2.97932e-28	1.99387e-29	1.35357e-30	8.21803e-32	4.06401e-33	
Schoenoplectus_articulatus	0	0	0	0	0	0	0	0	0	0	0	0	0	0	1	0	0	0	0	0	0	0	0	0	0	0	0	0	0	0	0	0	0	0	0	0	0	0	0	0	0	0	0	0	0	0	0	0	0	0	0	0	0	0	0	0	0	0	0	0	0	0	
N55	1.31448e-12	1.27859e-07	2.25293e-07	1.51304e-07	5.36376e-08	1.15982e-08	1.66216e-09	1.66592e-10	2.1833e-08	1.28843e-08	3.21361e-09	5.69328e-05	6.08074e-05	2.37604e-05	4.70442e-06	5.49859e-07	4.10845e-08	2.07347e-09	1.11701e-05	3.92365e-06	1.07226e-06	0.620795	0.310686	0.0608016	0.00695047	0.000566471	3.53889e-05	1.70042e-06	6.31645e-08	1.87873e-09	4.74257e-11	1.07075e-12	2.17403e-14	3.88058e-16	5.88686e-18	7.43898e-20	7.79157e-22	6.82166e-24	5.10458e-26	3.39475e-28	2.11411e-30	1.28618e-32	7.61706e-35	4.25511e-37	2.15118e-39	9.58562e-42	3.7276e-44	1.27163e-46	3.88776e-49	1.10986e-51	3.12336e-54	8.99644e-57	2.61194e-59	7.33253e-62	1.90323e-64	4.44533e-67	9.23363e-70	1.70443e-72	2.81735e-75	4.23283e-78	5.89202e-81	7.72594e-84	
N56	4.64433e-15	1.64597e-09	7.17483e-10	1.3804e-10	2.88683e-11	5.61049e-12	6.84577e-13	4.82225e-14	1.93094e-15	6.36554e-11	9.24978e-12	6.12381e-07	1.78336e-07	3.62159e-08	1.0446e-08	2.08159e-09	2.29783e-10	1.3667e-11	4.15861e-13	1.57512e-06	1.28651e-07	0.881499	0.113843	0.00456433	9.03375e-05	1.43323e-06	5.23864e-08	2.68943e-09	8.0887e-11	1.16022e-12	8.65203e-15	3.7527e-17	1.04515e-19	2.44928e-22	1.56363e-24	2.76459e-26	4.10876e-28	4.03502e-30	2.37269e-32	7.48247e-35	1.36667e-37	1.59338e-40	1.29375e-43	9.49077e-47	2.01976e-49	1.25895e-51	6.93579e-54	2.64169e-56	6.27672e-59	8.30233e-62	6.58095e-65	3.43523e-68	1.2852e-71	4.45996e-75	4.60581e-78	1.42838e-80	4.01059e-83	8.01258e-86	1.05258e-88	9.14289e-92	7.89789e-95	8.46092e-98	
Schoenoplectus_smithii_var_smithii	0	0	0	0	0	0	0	0	0	0	0	0	0	0	0	0	0	0	0	1	0	0	0	0	0	0	0	0	0	0	0	0	0	0	0	0	0	0	0	0	0	0	0	0	0	0	0	0	0	0	0	0	0	0	0	0	0	0	0	0	0	0	
Schoenoplectiella_hotarui	0	0	0	0	0	0	0	0	0	0	0	0	0	0	0	0	0	0	0	0	0	1	0	0	0	0	0	0	0	0	0	0	0	0	0	0	0	0	0	0	0	0	0	0	0	0	0	0	0	0	0	0	0	0	0	0	0	0	0	0	0	0	
Schoenoplectus_purshianus_var_purshianus	0	0	0	0	0	0	0	0	0	0	0	0	0	0	0	0	0	0	1	0	0	0	0	0	0	0	0	0	0	0	0	0	0	0	0	0	0	0	0	0	0	0	0	0	0	0	0	0	0	0	0	0	0	0	0	0	0	0	0	0	0	0	
Fuirena_ciliaris	0	0	0	0	0	0	0	0	0	0	0	0	0	0	0	0	0	0	1	0	0	0	0	0	0	0	0	0	0	0	0	0	0	0	0	0	0	0	0	0	0	0	0	0	0	0	0	0	0	0	0	0	0	0	0	0	0	0	0	0	0	0	
N57	5.77776e-06	1.08369e-06	4.09191e-07	1.01564e-07	1.78489e-08	2.336e-09	2.83218e-06	0.000792346	0.00325445	0.0043874	0.00290406	0.00113119	0.000288426	5.15161e-05	6.74932e-06	6.77693e-07	1.3039e-05	0.0022077	0.00751162	0.00839673	0.00461455	0.00150292	0.000319863	4.8001e-05	5.34976e-06	4.60818e-07	7.7682e-06	0.0983488	0.305917	0.320028	0.169248	0.0544751	0.0117659	0.00183318	0.000216031	1.9933e-05	0.000362556	0.000241739	7.36477e-05	1.37269e-05	1.7718e-06	1.69838e-07	1.26033e-08	7.504e-10	3.67375e-11	1.50741e-12	1.08128e-09	3.57705e-10	5.62108e-11	5.60481e-12	3.99601e-13	2.18155e-14	9.438e-16	3.34843e-17	9.95574e-19	2.52232e-20	5.51672e-22	1.05279e-23	1.76863e-25	2.63549e-27	3.50696e-29	4.19483e-31	
Bolboschoenus_planiculmis	0	0	0	0	0	0	0	0	0	0	0	0	0	0	0	0	0	0	0	0	0	0	0	0	0	0	0	1	0	0	0	0	0	0	0	0	0	0	0	0	0	0	0	0	0	0	0	0	0	0	0	0	0	0	0	0	0	0	0	0	0	0	
Bolboschoenus_fluviatilis	0	0	0	0	0	0	0	0	0	0	0	0	0	0	0	0	0	0	0	0	0	0	0	0	0	0	0	0	0	0	0	0	0	0	0	0	0	0	0	0	0	0	0	0	0	0	1	0	0	0	0	0	0	0	0	0	0	0	0	0	0	0	
