NODE	1	2	3	4	5	6	7	8	9	10	11	12	13	14	15	16	17	18	19	20	21	22	23	24	25	26	27	28	29	30	31	32	33	34	35	36	37	38	39	40	41	42	43	44	45	46	47	48	49	50	51	52	53	54	55	56	57	58	59	60	61	62	63	64	65	66	67	68	69	70	71	
N1	1.53688e-30	2.0991e-28	5.33824e-27	1.42132e-24	2.06896e-23	6.74979e-23	2.03295e-22	1.301e-20	8.36227e-20	1.96721e-19	2.96072e-19	3.58052e-19	4.06686e-19	8.02196e-19	8.57996e-18	6.46361e-17	5.41359e-13	1.9588e-12	3.60438e-12	4.43788e-12	4.47438e-12	4.29303e-12	4.28966e-12	4.57797e-12	5.13018e-12	5.98355e-12	8.12024e-12	2.10912e-11	1.6863e-10	2.14601e-09	2.20161e-08	1.48484e-07	6.31379e-07	1.68741e-06	2.88752e-06	3.5413e-06	3.59183e-06	3.25578e-06	2.84403e-06	2.54709e-06	2.41589e-06	2.42543e-06	2.52625e-06	2.669e-06	2.81417e-06	2.93478e-06	3.01543e-06	3.05006e-06	3.03987e-06	2.99223e-06	2.92114e-06	2.85036e-06	2.823e-06	2.92796e-06	3.37795e-06	4.77143e-06	9.09539e-06	2.38101e-05	7.81166e-05	0.000281925	0.00100806	0.00333582	0.00978925	0.0247949	0.0532861	0.0961756	0.145017	0.182357	0.191404	0.16816	0.12421	
N2	1.71365e-19	2.02418e-18	2.80562e-16	2.1916e-14	6.25662e-13	6.01684e-12	5.49653e-11	5.64676e-10	4.84791e-09	2.22521e-08	6.54115e-08	1.75009e-07	5.18694e-07	1.56002e-06	5.06911e-06	1.92844e-05	6.67862e-05	0.000176204	0.000350092	0.000549815	0.000727352	0.000880894	0.00108521	0.0014784	0.00218845	0.00324692	0.00461188	0.00656412	0.0105147	0.0196705	0.0380377	0.0672159	0.10251	0.133342	0.1479	0.141324	0.116946	0.0850061	0.0544944	0.0313862	0.0162595	0.00776958	0.00340566	0.00141395	0.000545321	0.000202717	6.99618e-05	2.33954e-05	7.2011e-06	2.1482e-06	5.85307e-07	1.54768e-07	3.72204e-08	8.71441e-09	1.85195e-09	3.84628e-10	7.24092e-11	1.33732e-11	2.2354e-12	3.67987e-13	5.47146e-14	8.0463e-15	1.06594e-15	1.40422e-16	1.66085e-17	1.96785e-18	2.0854e-19	2.2369e-20	2.13811e-21	2.10015e-22	1.8389e-23	
Chrysitrix_capensis	0	0	0	0	0	0	0	0	0	0	0	0	0	0	0	0	0	0	0	0	0	0	1	0	0	0	0	0	0	0	0	0	0	0	0	0	0	0	0	0	0	0	0	0	0	0	0	0	0	0	0	0	0	0	0	0	0	0	0	0	0	0	0	0	0	0	0	0	0	0	0	
Lepironia_articulata	0	0	0	0	0	0	0	0	0	0	0	0	0	0	0	0	1	0	0	0	0	0	0	0	0	0	0	0	0	0	0	0	0	0	0	0	0	0	0	0	0	0	0	0	0	0	0	0	0	0	0	0	0	0	0	0	0	0	0	0	0	0	0	0	0	0	0	0	0	0	0	
N3	1.69299e-36	4.22873e-33	1.16812e-32	4.67729e-28	1.2046e-27	8.04504e-27	1.90743e-23	9.21661e-22	1.63309e-21	1.55759e-21	2.19606e-21	1.76994e-20	8.45845e-19	3.76626e-17	4.74434e-16	1.56899e-15	2.19201e-15	2.16156e-15	2.16052e-15	2.75722e-15	5.13433e-15	1.42129e-14	5.5806e-14	3.10464e-13	2.57017e-12	2.67557e-11	2.59559e-10	1.92144e-09	9.75529e-09	3.21879e-08	6.81107e-08	9.47894e-08	9.21916e-08	6.82821e-08	4.20877e-08	2.45068e-08	1.49223e-08	1.00379e-08	7.76928e-09	6.86e-09	6.65903e-09	6.89344e-09	7.50941e-09	8.61131e-09	1.05088e-08	1.39781e-08	2.11703e-08	3.89935e-08	9.31695e-08	2.92963e-07	1.14251e-06	5.02576e-06	2.28883e-05	0.000101425	0.00041858	0.00155776	0.00509863	0.0143933	0.0345153	0.06949	0.116381	0.160887	0.182226	0.167712	0.124152	0.0729838	0.0335794	0.0119781	0.00338721	0.000860255	0.000248245	
N4	2.48081e-41	6.79323e-37	4.17759e-35	8.23402e-31	9.54345e-30	9.64146e-29	1.20807e-25	8.30931e-24	3.81722e-23	7.49751e-23	1.22699e-22	5.69285e-22	2.73326e-20	1.44553e-18	2.58608e-17	1.48031e-16	3.82751e-16	6.40596e-16	8.93153e-16	1.19682e-15	1.8025e-15	3.77156e-15	1.32593e-14	8.36131e-14	8.20459e-13	9.30485e-12	9.44156e-11	7.2858e-10	3.88531e-09	1.36583e-08	3.13688e-08	4.80499e-08	5.12297e-08	4.03234e-08	2.51634e-08	1.41496e-08	8.21973e-09	5.33113e-09	3.99956e-09	3.45668e-09	3.3856e-09	3.70051e-09	4.44841e-09	5.80994e-09	8.22798e-09	1.28818e-08	2.33968e-08	5.26788e-08	1.53338e-07	5.63249e-07	2.41339e-06	1.10517e-05	5.0426e-05	0.000217927	0.000859715	0.00301046	0.00915556	0.0237753	0.0520222	0.0949169	0.143183	0.17724	0.178687	0.145492	0.0947228	0.0487443	0.0196174	0.00618126	0.00159814	0.000395705	0.000114761	
N5	1.1658e-40	2.55714e-37	6.70266e-36	3.41598e-32	2.30856e-31	1.0679e-29	6.55779e-27	2.03927e-25	8.67034e-25	1.99414e-24	9.36964e-24	2.68814e-22	1.22427e-20	3.57858e-19	4.4193e-18	2.38747e-17	7.3524e-17	1.54107e-16	2.63289e-16	4.72331e-16	1.2633e-15	5.91307e-15	3.92046e-14	2.98171e-13	2.27772e-12	1.58151e-11	9.10868e-11	3.99201e-10	1.24853e-09	2.71525e-09	4.17485e-09	4.7829e-09	4.38328e-09	3.42861e-09	2.39175e-09	1.56511e-09	1.01679e-09	7.01503e-10	5.59994e-10	5.60156e-10	7.32484e-10	1.24589e-09	2.68386e-09	7.14512e-09	2.28674e-08	8.44447e-08	3.42913e-07	1.46535e-06	6.3563e-06	2.71634e-05	0.000111362	0.000427262	0.00149884	0.00470574	0.0129712	0.030871	0.062536	0.106538	0.151109	0.176909	0.169651	0.132311	0.0833327	0.0421019	0.0169887	0.00551876	0.0015384	0.000466992	0.000208424	0.000113514	5.49165e-05	
Lagenocarpus_guianensis	0	0	0	0	0	0	0	0	0	0	0	0	0	0	0	0	1	0	0	0	0	0	0	0	0	0	0	0	0	0	0	0	0	0	0	0	0	0	0	0	0	0	0	0	0	0	0	0	0	0	0	0	0	0	0	0	0	0	0	0	0	0	0	0	0	0	0	0	0	0	0	
N6	1.11769e-43	1.5486e-39	3.89624e-37	1.43029e-33	2.87471e-32	1.05538e-30	4.04081e-28	1.96104e-26	1.56503e-25	6.96403e-25	3.95112e-24	7.17782e-23	3.26444e-21	1.18666e-19	1.97509e-18	1.42138e-17	5.26775e-17	1.25793e-16	2.43108e-16	4.67474e-16	1.1183e-15	4.01569e-15	2.21762e-14	1.59822e-13	1.21652e-12	8.45554e-12	4.87284e-11	2.1604e-10	6.99644e-10	1.61799e-09	2.6851e-09	3.28218e-09	3.07881e-09	2.3334e-09	1.51759e-09	9.38478e-10	6.20656e-10	4.82022e-10	4.76492e-10	6.27277e-10	1.10134e-09	2.50143e-09	7.04463e-09	2.34833e-08	8.83292e-08	3.58651e-07	1.51351e-06	6.42992e-06	2.67676e-05	0.000106655	0.00039815	0.00136505	0.00421823	0.0115439	0.0275283	0.0563758	0.0978897	0.142535	0.172396	0.171779	0.139973	0.0926376	0.0494886	0.0212495	0.00736173	0.00213412	0.000596208	0.000210445	9.94492e-05	5.17128e-05	2.71073e-05	
N7	3.23372e-39	3.25818e-36	7.56819e-34	3.0828e-31	7.62771e-30	6.61296e-28	5.23637e-26	9.51595e-25	7.49067e-24	4.72911e-23	5.82097e-22	1.07012e-20	1.76556e-19	2.25999e-18	1.74463e-17	8.18865e-17	2.84468e-16	8.42982e-16	2.27074e-15	6.29376e-15	2.17626e-14	9.14388e-14	3.83986e-13	1.46569e-12	5.06797e-12	1.58787e-11	4.34233e-11	9.77281e-11	1.73376e-10	2.41012e-10	2.72785e-10	2.75424e-10	2.90566e-10	3.88892e-10	7.16287e-10	1.66755e-09	4.3283e-09	1.16663e-08	3.23953e-08	9.46837e-08	2.96345e-07	9.83194e-07	3.34597e-06	1.12868e-05	3.6887e-05	0.000115441	0.000343879	0.000969779	0.00257062	0.00634423	0.0144117	0.0297405	0.0549651	0.0896557	0.127266	0.155218	0.160852	0.140304	0.102198	0.0617702	0.0308459	0.0127335	0.0044367	0.00146985	0.000695827	0.000614105	0.000660352	0.000646417	0.000535244	0.000369427	0.000214938	
Oreobolus_pectinatus	0	0	0	0	0	0	0	0	0	0	0	0	0	0	0	0	0	0	1	0	0	0	0	0	0	0	0	0	0	0	0	0	0	0	0	0	0	0	0	0	0	0	0	0	0	0	0	0	0	0	0	0	0	0	0	0	0	0	0	0	0	0	0	0	0	0	0	0	0	0	0	
N8	6.12312e-41	3.7901e-37	2.61109e-34	1.80555e-31	8.39714e-30	4.33636e-28	3.58776e-26	1.09882e-24	1.31829e-23	1.09257e-22	1.05357e-21	1.27902e-20	1.74271e-19	2.0947e-18	1.63061e-17	8.06212e-17	2.91283e-16	8.323e-16	2.11607e-15	5.54357e-15	1.66942e-14	5.68365e-14	1.97431e-13	6.57199e-13	2.07639e-12	6.13458e-12	1.6236e-11	3.7189e-11	7.50804e-11	1.4654e-10	3.13031e-10	7.61708e-10	1.99132e-09	5.22624e-09	1.31614e-08	3.17079e-08	7.64267e-08	1.93176e-07	5.3169e-07	1.60101e-06	5.1078e-06	1.65027e-05	5.20435e-05	0.000156463	0.000442323	0.00116717	0.00286452	0.00652769	0.0137836	0.0268456	0.0478278	0.0770335	0.110642	0.139751	0.153247	0.144269	0.115518	0.0780944	0.0443485	0.0211363	0.00855132	0.00311186	0.00124524	0.000745694	0.0006268	0.000555158	0.000460456	0.000357562	0.000270753	0.000202698	0.000141129	
N9	4.07264e-37	1.3268e-34	5.09291e-32	1.53413e-29	7.69767e-28	2.35778e-26	9.09377e-25	1.73326e-23	1.74748e-22	1.39382e-21	9.37557e-21	6.31267e-20	5.29197e-19	4.50917e-18	2.91795e-17	1.38472e-16	5.42636e-16	1.95282e-15	6.47441e-15	1.94627e-14	5.30347e-14	1.34424e-13	3.3692e-13	9.04365e-13	2.73434e-12	9.2845e-12	3.39554e-11	1.25889e-10	4.4912e-10	1.50878e-09	4.82273e-09	1.51284e-08	4.8077e-08	1.56144e-07	5.06903e-07	1.5812e-06	4.68145e-06	1.32257e-05	3.57351e-05	9.21567e-05	0.000225808	0.00052375	0.00114974	0.00239777	0.00477745	0.0091274	0.0166883	0.0289509	0.0470195	0.0704087	0.0957693	0.116738	0.126024	0.119281	0.0981572	0.0697675	0.0426525	0.0224254	0.0102353	0.00420315	0.00172832	0.000885888	0.00068523	0.000822974	0.0014749	0.00326248	0.00715742	0.0138376	0.0223617	0.0294755	0.0316368	
N10	1.41368e-30	3.26813e-29	6.24009e-27	7.72391e-25	2.40269e-23	6.20543e-22	1.37326e-20	1.81291e-19	1.53943e-18	1.08001e-17	8.21696e-17	7.21473e-16	6.42881e-15	4.99959e-14	3.17876e-13	1.66934e-12	7.48876e-12	2.98507e-11	1.11462e-10	4.17719e-10	1.65888e-09	6.99937e-09	3.03497e-08	1.29923e-07	5.26e-07	1.93587e-06	6.32085e-06	1.81908e-05	4.6423e-05	0.000106322	0.0002214	0.000423963	0.000753364	0.00125192	0.00196267	0.00294053	0.00428837	0.00622585	0.00916593	0.013736	0.0206781	0.030617	0.0437521	0.0595428	0.0764122	0.0915869	0.10142	0.102555	0.0936493	0.0765221	0.0556294	0.0360228	0.0212082	0.0122964	0.00853154	0.0084011	0.0103546	0.0130942	0.0154931	0.0167282	0.0163324	0.0144217	0.0115068	0.00835378	0.00555761	0.00346452	0.00206762	0.00122558	0.000727228	0.000437857	0.000259486	
Schoenus_brevifolius	0	0	0	0	0	0	0	0	0	0	0	0	0	0	0	0	0	0	0	0	0	0	0	0	0	0	0	0	0	0	0	0	0	0	0	0	0	0	0	0	0	0	0	0	0	0	0	0	0	0	0	0	0	0	0	0	0	0	0	0	1	0	0	0	0	0	0	0	0	0	0	
Schoenus_nigricans	0	0	0	0	0	0	0	0	0	0	0	0	0	0	0	0	0	0	0	0	0	1	0	0	0	0	0	0	0	0	0	0	0	0	0	0	0	0	0	0	0	0	0	0	0	0	0	0	0	0	0	0	0	0	0	0	0	0	0	0	0	0	0	0	0	0	0	0	0	0	0	
Gahnia_aspera	0	0	0	0	0	0	0	0	0	0	0	0	0	0	0	0	0	0	0	0	0	0	0	0	0	0	0	0	0	0	0	0	0	0	0	0	0	0	0	1	0	0	0	0	0	0	0	0	0	0	0	0	0	0	0	0	0	0	0	0	0	0	0	0	0	0	0	0	0	0	0	
N11	7.16135e-24	1.50414e-22	1.10773e-20	1.34956e-18	4.98888e-17	6.65723e-16	8.25356e-15	1.48793e-13	1.61996e-12	9.5728e-12	4.03182e-11	1.47913e-10	5.3066e-10	2.32521e-09	1.373e-08	7.76188e-08	3.35157e-07	1.08375e-06	2.75458e-06	5.87337e-06	1.12153e-05	2.02382e-05	3.56054e-05	6.16907e-05	0.000106561	0.000194104	0.000416157	0.00109152	0.00310271	0.00832147	0.0196421	0.0398673	0.0692781	0.103298	0.132725	0.147639	0.14282	0.120652	0.0893494	0.0582141	0.0334846	0.0170672	0.00774159	0.0031433	0.0011518	0.000385775	0.000120226	3.57157e-05	1.03532e-05	2.97831e-06	8.48489e-07	2.36732e-07	6.3395e-08	1.61625e-08	3.89052e-09	8.94589e-10	1.97841e-10	4.33927e-11	9.55381e-12	2.1833e-12	5.11494e-13	1.24493e-13	3.01013e-14	7.31266e-15	1.69253e-15	3.84381e-16	8.10358e-17	1.66497e-17	3.12802e-18	5.74766e-19	9.56158e-20	
Tetraria_capillaris	0	0	0	0	0	0	0	0	0	1	0	0	0	0	0	0	0	0	0	0	0	0	0	0	0	0	0	0	0	0	0	0	0	0	0	0	0	0	0	0	0	0	0	0	0	0	0	0	0	0	0	0	0	0	0	0	0	0	0	0	0	0	0	0	0	0	0	0	0	0	0	
N12	3.5909e-20	4.74835e-18	1.99361e-15	1.04296e-13	1.77861e-12	8.52444e-11	9.72092e-10	5.49064e-09	2.63767e-08	9.47642e-08	7.31493e-07	7.42236e-06	3.10524e-05	7.30504e-05	0.000133582	0.000239233	0.00044076	0.000760749	0.00113463	0.00150793	0.00355951	0.0177505	0.0640662	0.140905	0.203406	0.209144	0.16363	0.102731	0.0535533	0.0237581	0.00904255	0.00299098	0.000856325	0.000216925	4.78729e-05	9.78353e-06	1.76659e-06	3.33758e-07	6.08783e-08	3.30571e-08	4.60602e-08	8.14469e-08	8.64402e-08	9.42241e-08	6.42871e-08	4.66492e-08	2.24912e-08	1.16934e-08	4.23877e-09	1.66205e-09	4.72694e-10	1.45114e-10	3.34452e-11	8.28221e-12	1.59051e-12	3.25746e-13	5.33296e-14	9.18768e-15	1.2963e-15	1.88294e-16	2.27e-17	2.74751e-18	2.77298e-19	2.764e-20	2.30559e-21	1.9106e-22	1.34669e-23	9.8097e-25	6.33673e-26	4.47266e-27	2.93604e-28	
Machaerina_articulata	0	0	0	0	0	0	0	0	0	0	0	1	0	0	0	0	0	0	0	0	0	0	0	0	0	0	0	0	0	0	0	0	0	0	0	0	0	0	0	0	0	0	0	0	0	0	0	0	0	0	0	0	0	0	0	0	0	0	0	0	0	0	0	0	0	0	0	0	0	0	0	
Machaerina_mariscoides	0	0	0	0	0	0	0	0	0	0	0	0	0	0	0	0	0	0	0	0	0	0	0	0	0	0	0	0	0	0	0	0	0	0	0	0	0	0	1	0	0	0	0	0	0	0	0	0	0	0	0	0	0	0	0	0	0	0	0	0	0	0	0	0	0	0	0	0	0	0	0	
N13	8.84441e-27	4.45893e-25	9.66841e-23	7.7732e-21	3.32087e-19	4.01241e-18	3.3624e-17	3.29003e-16	3.11693e-15	1.83342e-14	6.50504e-14	1.71962e-13	4.2474e-13	1.14662e-12	3.77866e-12	1.59635e-11	7.89852e-11	3.89857e-10	1.69232e-09	6.09642e-09	1.8148e-08	4.60267e-08	1.04753e-07	2.27707e-07	4.99794e-07	1.14289e-06	2.74745e-06	6.98505e-06	1.89621e-05	5.48664e-05	0.000165019	0.000495497	0.00142622	0.00380868	0.00921956	0.0199256	0.0381011	0.0641429	0.0948574	0.123151	0.140404	0.140682	0.124009	0.0962654	0.0658761	0.0397759	0.0212083	0.00999388	0.00416594	0.00153833	0.000504474	0.000147662	3.89715e-05	9.4591e-06	2.18529e-06	5.04109e-07	1.21051e-07	3.04694e-08	7.80061e-09	1.95605e-09	4.6782e-10	1.05567e-10	2.2399e-11	4.48403e-12	8.48535e-13	1.52679e-13	2.61217e-14	4.27427e-15	6.66744e-16	9.99006e-17	1.43086e-17	
N14	1.37087e-17	4.24662e-15	3.27366e-13	7.07294e-11	1.41664e-09	7.70791e-09	8.1297e-08	1.54973e-06	1.22969e-05	4.16846e-05	7.91924e-05	0.000117595	0.000205883	0.000687201	0.00362263	0.0161627	0.0504258	0.110254	0.174041	0.205002	0.184686	0.13038	0.07328	0.0333993	0.0124622	0.00386737	0.00100228	0.000220533	4.11149e-05	6.64279e-06	9.19399e-07	1.13526e-07	1.21346e-08	1.22482e-09	1.0863e-10	1.01104e-11	8.31495e-13	7.90969e-14	6.34552e-15	5.90451e-16	4.4121e-17	3.69622e-18	2.48207e-19	1.81651e-20	1.08902e-21	6.94261e-23	3.71785e-24	2.06572e-25	9.84361e-27	4.75545e-28	2.00072e-29	8.37006e-31	3.08185e-32	1.11303e-33	3.56488e-35	1.11111e-36	3.08864e-38	8.33686e-40	2.01746e-41	4.75588e-43	1.01099e-44	2.11421e-46	4.02628e-48	7.67462e-50	1.35375e-51	2.44607e-53	4.18027e-55	7.4173e-57	1.25915e-58	2.19958e-60	3.67839e-62	
Rhynchospora_albiceps	0	0	0	0	0	0	0	0	0	1	0	0	0	0	0	0	0	0	0	0	0	0	0	0	0	0	0	0	0	0	0	0	0	0	0	0	0	0	0	0	0	0	0	0	0	0	0	0	0	0	0	0	0	0	0	0	0	0	0	0	0	0	0	0	0	0	0	0	0	0	0	
N15	3.99435e-18	1.24026e-14	1.61869e-11	6.16177e-10	8.5928e-09	3.46385e-07	7.58956e-06	3.65768e-05	6.80992e-05	0.00017524	0.000626431	0.00441945	0.0355602	0.131443	0.247189	0.269983	0.186725	0.0870471	0.0285012	0.00681538	0.00121417	0.000168026	1.8049e-05	1.66958e-06	1.26063e-07	1.0906e-08	7.78251e-10	8.16095e-11	5.58445e-12	5.35888e-13	3.02025e-14	2.30611e-15	1.0414e-16	6.29819e-18	2.29892e-19	1.11805e-20	3.33566e-22	1.32437e-23	3.26467e-25	1.07276e-26	2.20349e-28	6.06506e-30	1.04794e-31	2.44518e-33	3.5722e-35	7.14403e-37	8.93543e-39	1.55712e-40	1.66483e-42	2.57847e-44	2.451e-46	3.55668e-48	2.93275e-50	4.25106e-52	3.58615e-54	5.66806e-56	4.14229e-58	7.02268e-60	5.92355e-62	9.77304e-64	6.55582e-66	1.05091e-67	8.34164e-70	1.23112e-71	9.1879e-74	1.33087e-75	1.27887e-77	1.58809e-79	1.39318e-81	1.39318e-83	1.07164e-85	
Rhynchospora_rubra	0	0	0	0	0	0	0	0	0	1	0	0	0	0	0	0	0	0	0	0	0	0	0	0	0	0	0	0	0	0	0	0	0	0	0	0	0	0	0	0	0	0	0	0	0	0	0	0	0	0	0	0	0	0	0	0	0	0	0	0	0	0	0	0	0	0	0	0	0	0	0	
Rhynchospora_globosa	0	0	0	0	0	0	0	0	0	0	0	1	0	0	0	0	0	0	0	0	0	0	0	0	0	0	0	0	0	0	0	0	0	0	0	0	0	0	0	0	0	0	0	0	0	0	0	0	0	0	0	0	0	0	0	0	0	0	0	0	0	0	0	0	0	0	0	0	0	0	0	
N16	7.17305e-23	3.06751e-21	6.84085e-19	7.32309e-17	2.7116e-15	4.38675e-14	6.27958e-13	7.47751e-12	6.74101e-11	4.57328e-10	2.32778e-09	1.01337e-08	4.59908e-08	2.16818e-07	9.32397e-07	3.56103e-06	1.25046e-05	4.06566e-05	0.000119281	0.000308666	0.000702002	0.00142865	0.0027206	0.00519043	0.0103987	0.0212888	0.0413687	0.0718434	0.108135	0.139488	0.153898	0.1455	0.118255	0.0829189	0.050334	0.0265374	0.012187	0.00488823	0.00171636	0.000528791	0.000143189	3.41665e-05	7.19126e-06	1.34188e-06	2.21917e-07	3.31265e-08	4.43891e-09	5.82852e-10	7.19097e-11	1.15019e-11	1.70388e-12	3.96894e-13	6.70887e-14	1.66856e-14	2.83324e-15	6.55894e-16	1.10169e-16	2.2933e-17	3.70089e-18	6.69759e-19	9.80731e-20	1.49669e-20	1.89239e-21	2.39953e-22	2.55408e-23	2.70149e-24	2.41671e-25	2.17995e-26	1.66252e-27	1.32102e-28	8.71394e-30	
N17	3.99447e-18	1.29297e-14	4.51151e-14	4.18884e-10	2.4907e-09	1.63596e-09	5.00885e-08	1.15388e-05	7.73358e-05	7.79874e-05	3.40753e-05	9.35403e-06	2.80783e-05	0.000114623	0.000159803	0.0684653	0.280047	0.348381	0.205723	0.0744849	0.0183687	0.00345794	0.000493783	6.00616e-05	5.82789e-06	5.41636e-07	4.12651e-08	3.26295e-09	2.06889e-10	1.36136e-11	3.16042e-08	3.03561e-08	1.211e-08	3.39367e-09	6.01705e-10	8.88109e-11	9.3705e-12	8.73632e-13	6.21072e-14	4.01206e-15	2.05849e-16	9.75388e-18	3.78149e-19	1.36712e-20	4.12973e-22	1.17293e-23	2.83236e-25	6.47307e-27	1.27253e-28	2.39107e-30	3.91264e-32	6.19289e-34	8.60612e-36	1.1836e-37	1.45212e-39	1.80973e-41	2.02965e-43	2.38097e-45	2.53808e-47	2.82568e-49	2.82069e-51	2.90831e-53	2.67362e-55	2.47898e-57	2.03077e-59	1.66691e-61	1.21242e-63	8.76861e-66	5.60094e-68	3.58012e-70	2.02779e-72	
Rhynchospora_chinensis	0	0	0	0	0	0	0	0	0	0	0	0	0	0	0	0	0	0	0	0	0	0	0	0	0	0	0	0	0	0	1	0	0	0	0	0	0	0	0	0	0	0	0	0	0	0	0	0	0	0	0	0	0	0	0	0	0	0	0	0	0	0	0	0	0	0	0	0	0	0	0	
N18	3.82671e-22	2.16831e-17	2.39269e-17	6.55537e-12	7.38256e-12	2.54138e-12	5.94796e-07	1.57317e-06	8.798e-07	3.00552e-07	9.935e-08	2.81869e-08	0.0118758	0.145334	0.364647	0.32402	0.126501	0.0247236	0.00270379	0.000183071	8.28551e-06	2.7151e-07	7.38555e-09	3.42518e-10	3.59454e-11	4.33907e-12	4.11266e-13	3.05121e-14	1.72101e-15	7.44516e-17	2.44817e-18	6.16906e-20	1.19394e-21	1.80014e-23	2.13311e-25	2.02365e-27	1.54468e-29	9.72247e-32	5.01471e-34	2.19527e-36	7.96691e-39	2.54081e-41	6.71716e-44	1.67063e-46	3.33012e-49	7.71727e-52	1.26692e-54	4.53569e-57	9.17047e-60	9.94364e-62	3.85088e-64	5.87139e-66	2.38045e-68	3.14559e-70	1.19286e-72	1.28874e-74	4.41954e-77	3.87488e-79	1.19583e-81	8.46233e-84	2.28349e-86	1.30841e-88	3.02728e-91	1.43167e-93	2.85815e-96	1.16223e-98	2.20378e-101	8.07673e-104	1.60757e-106	4.64328e-109	6.98377e-112	
Rhynchospora_capillacea	0	0	0	0	0	0	0	0	0	0	0	0	1	0	0	0	0	0	0	0	0	0	0	0	0	0	0	0	0	0	0	0	0	0	0	0	0	0	0	0	0	0	0	0	0	0	0	0	0	0	0	0	0	0	0	0	0	0	0	0	0	0	0	0	0	0	0	0	0	0	0	
Rhynchospora_alba	0	0	0	0	0	0	0	0	0	0	0	0	1	0	0	0	0	0	0	0	0	0	0	0	0	0	0	0	0	0	0	0	0	0	0	0	0	0	0	0	0	0	0	0	0	0	0	0	0	0	0	0	0	0	0	0	0	0	0	0	0	0	0	0	0	0	0	0	0	0	0	
N19	5.64382e-14	1.07796e-12	1.50007e-10	7.38593e-09	1.7216e-07	2.01412e-06	1.50611e-05	9.37906e-05	0.000531131	0.00257311	0.00989128	0.0292626	0.0665168	0.117569	0.163885	0.182835	0.165305	0.122549	0.0752049	0.0385467	0.0166184	0.00606867	0.00188684	0.000502341	0.000114931	2.27127e-05	3.8847e-06	5.78297e-07	7.49071e-08	8.51966e-09	8.4674e-10	7.52385e-11	5.87968e-12	4.36458e-13	2.9179e-14	2.23412e-15	1.5705e-16	1.52557e-17	1.17799e-18	1.2055e-19	8.8603e-21	8.1667e-22	5.41878e-23	4.36818e-24	2.60076e-25	1.83427e-26	9.81601e-28	6.08163e-29	2.93117e-30	1.60213e-31	6.9698e-33	3.37623e-34	1.32948e-35	5.73871e-37	2.05515e-38	7.95716e-40	2.60625e-41	9.09981e-43	2.7321e-44	8.58807e-46	2.34231e-47	6.551e-49	1.5955e-50	3.93153e-52	8.52079e-54	1.89434e-55	3.85976e-57	8.4504e-59	1.79683e-60	4.14771e-62	9.36212e-64	
Rhynchospora_nervosa	0	0	0	0	1	0	0	0	0	0	0	0	0	0	0	0	0	0	0	0	0	0	0	0	0	0	0	0	0	0	0	0	0	0	0	0	0	0	0	0	0	0	0	0	0	0	0	0	0	0	0	0	0	0	0	0	0	0	0	0	0	0	0	0	0	0	0	0	0	0	0	
Rhynchospora_robusta	0	0	0	0	1	0	0	0	0	0	0	0	0	0	0	0	0	0	0	0	0	0	0	0	0	0	0	0	0	0	0	0	0	0	0	0	0	0	0	0	0	0	0	0	0	0	0	0	0	0	0	0	0	0	0	0	0	0	0	0	0	0	0	0	0	0	0	0	0	0	0	
N20	5.08499e-23	7.69245e-23	4.31238e-22	7.3208e-21	2.163e-19	4.61139e-18	5.09239e-17	3.95358e-16	2.93341e-15	2.13602e-14	1.2799e-13	5.70662e-13	1.92497e-12	5.26724e-12	1.26825e-11	2.91058e-11	6.75892e-11	1.61063e-10	3.78904e-10	8.28313e-10	1.60049e-09	2.67096e-09	3.86972e-09	5.09385e-09	6.75744e-09	1.05298e-08	2.0625e-08	4.70849e-08	1.14244e-07	2.84269e-07	7.23855e-07	1.90087e-06	5.16631e-06	1.44471e-05	4.09324e-05	0.000115076	0.000314174	0.000817396	0.00199676	0.00453013	0.00947213	0.0181565	0.0317891	0.0507089	0.0735618	0.0969111	0.115809	0.125403	0.122918	0.108948	0.0872247	0.063009	0.0410274	0.0240644	0.0127184	0.0060716	0.0026367	0.00105868	0.000405697	0.000155869	6.31088e-05	2.73632e-05	1.23621e-05	5.58705e-06	2.45697e-06	1.03954e-06	4.22512e-07	1.65367e-07	6.25132e-08	2.28937e-08	8.14531e-09	
Calyptrocarya_glomerulata	0	0	0	0	0	0	0	0	0	1	0	0	0	0	0	0	0	0	0	0	0	0	0	0	0	0	0	0	0	0	0	0	0	0	0	0	0	0	0	0	0	0	0	0	0	0	0	0	0	0	0	0	0	0	0	0	0	0	0	0	0	0	0	0	0	0	0	0	0	0	0	
Scleria_foliosa	0	0	0	0	0	0	0	0	0	1	0	0	0	0	0	0	0	0	0	0	0	0	0	0	0	0	0	0	0	0	0	0	0	0	0	0	0	0	0	0	0	0	0	0	0	0	0	0	0	0	0	0	0	0	0	0	0	0	0	0	0	0	0	0	0	0	0	0	0	0	0	
N21	4.28368e-26	1.75565e-21	2.26353e-15	4.16776e-16	6.68588e-10	3.51117e-10	5.79674e-11	6.08224e-12	1.80047e-09	4.60386e-05	3.00123e-05	6.56517e-06	8.75586e-07	8.41491e-08	6.10083e-09	3.46566e-10	1.56306e-11	1.17086e-07	3.9688e-08	0.532089	0.36048	0.0922153	0.0136243	0.00139622	0.000104273	6.08126e-06	2.77767e-07	1.05808e-08	3.30485e-10	9.04163e-12	2.09083e-13	4.37851e-15	7.88127e-17	1.30845e-18	1.88299e-20	2.52093e-22	2.94315e-24	2.34494e-23	3.26881e-13	6.51755e-14	6.00744e-15	3.63152e-16	1.52798e-17	5.06051e-19	1.30051e-20	2.81987e-22	4.99727e-24	7.7523e-26	1.01347e-27	1.18758e-29	1.19739e-31	1.10078e-33	8.83899e-36	6.56504e-38	4.31189e-40	2.65345e-42	1.45857e-44	7.60955e-47	3.57978e-49	1.61726e-51	6.63538e-54	2.64232e-56	9.60879e-59	3.41433e-61	1.10971e-63	3.53956e-66	1.03304e-68	2.96268e-71	7.75882e-74	2.00113e-76	4.71184e-79	
Cladium_mariscus	0	0	0	0	0	0	0	0	0	0	0	0	0	0	0	0	0	1	0	0	0	0	0	0	0	0	0	0	0	0	0	0	0	0	0	0	0	0	0	0	0	0	0	0	0	0	0	0	0	0	0	0	0	0	0	0	0	0	0	0	0	0	0	0	0	0	0	0	0	0	0	
Cladium_mariscoides	0	0	0	0	0	0	0	0	0	0	0	0	0	0	0	0	0	0	0	0	0	0	0	0	0	0	0	0	0	0	0	0	0	0	0	0	0	0	1	0	0	0	0	0	0	0	0	0	0	0	0	0	0	0	0	0	0	0	0	0	0	0	0	0	0	0	0	0	0	0	0	
