NODE	1	2	3	4	5	6	7	8	9	10	11	12	13	14	15	16	17	18	19	20	21	22	23	24	25	26	27	28	29	30	31	32	33	34	35	36	37	38	39	40	41	42	43	44	45	46	47	48	49	50	51	52	53	54	55	56	57	58	
N1	2.0291e-030	1.35888e-029	1.73065e-028	2.17108e-027	2.39688e-026	2.17586e-025	1.50467e-024	8.86648e-024	5.45891e-023	3.50446e-022	2.04557e-021	9.44018e-021	3.13502e-020	7.36646e-020	1.34078e-019	2.22841e-019	3.92389e-019	7.97713e-019	1.94004e-018	5.65993e-018	1.87167e-017	6.32637e-017	4.81976e-013	3.70187e-012	2.07036e-011	8.21273e-011	2.31097e-010	4.7404e-010	7.51175e-010	9.97749e-010	1.20776e-009	1.41348e-009	1.6749e-009	2.08765e-009	2.82465e-009	4.24483e-009	7.16905e-009	1.36274e-008	2.90754e-008	6.9671e-008	1.88529e-007	5.77258e-007	1.97123e-006	7.24384e-006	2.72999e-005	0.00010067	0.000349838	0.00111564	0.00320836	0.00822994	0.0187095	0.0375727	0.066612	0.104468	0.145717	0.182592	0.208845	0.222441	
N2	1.49449e-032	1.13047e-031	2.31994e-030	5.63733e-029	1.28302e-027	2.52678e-026	4.20182e-025	6.19074e-024	8.43277e-023	1.02959e-021	1.0488e-020	8.31278e-020	4.9425e-019	2.2641e-018	8.84998e-018	3.36367e-017	1.3612e-016	6.03382e-016	2.85989e-015	1.36379e-014	6.10337e-014	2.43086e-013	8.36111e-013	2.46015e-012	6.25277e-012	1.41474e-011	2.99199e-011	6.24336e-011	1.33618e-010	2.97499e-010	6.83648e-010	1.61901e-009	3.9878e-009	1.03368e-008	2.83291e-008	8.16672e-008	2.45258e-007	7.60872e-007	2.42219e-006	7.83944e-006	2.53989e-005	8.06856e-005	0.00024593	0.0007058	0.00187983	0.00459847	0.0102563	0.0207469	0.0379059	0.0623237	0.0918722	0.120929	0.141482	0.146399	0.133338	0.106524	0.0746335	0.0460419	
N3	1.45767e-027	5.62126e-027	5.21208e-026	6.01373e-025	7.17137e-024	8.19017e-023	8.81882e-022	8.72662e-021	7.581e-020	5.58276e-019	3.492e-018	1.97969e-017	1.12993e-016	6.86799e-016	4.33695e-015	2.70918e-014	1.61116e-013	8.86778e-013	4.41653e-012	1.95577e-011	7.60907e-011	2.58727e-010	7.71455e-010	2.04854e-009	5.00408e-009	1.1841e-008	2.88025e-008	7.48179e-008	2.07479e-007	6.00121e-007	1.76333e-006	5.18368e-006	1.50856e-005	4.30057e-005	0.000118723	0.000313757	0.000785656	0.00184818	0.00405703	0.00826748	0.0155779	0.0270567	0.0432128	0.0633393	0.0850662	0.104538	0.117413	0.120401	0.112614	0.0959835	0.0744816	0.0525727	0.0337276	0.0196599	0.0104255	0.00506408	0.00231424	0.00109495	
N4	1.30819e-017	2.65862e-017	1.50132e-016	1.20523e-015	1.00023e-014	7.78673e-014	5.4502e-013	3.29334e-012	1.69929e-011	7.95039e-011	3.70124e-010	1.77526e-009	8.41637e-009	3.68796e-008	1.40863e-007	4.49737e-007	1.16961e-006	2.45451e-006	4.19021e-006	5.99588e-006	7.6437e-006	9.65932e-006	1.40403e-005	2.65781e-005	6.56127e-005	0.000188671	0.000557998	0.00156938	0.00403908	0.00935426	0.0193538	0.0356741	0.0585189	0.0854401	0.111075	0.128723	0.133113	0.123055	0.101837	0.0756343	0.0505005	0.0304143	0.0165565	0.00818393	0.00368235	0.00151827	0.000575199	0.000202186	6.60763e-005	2.03438e-005	5.89178e-006	1.63018e-006	4.26753e-007	1.07481e-007	2.55274e-008	5.84653e-009	1.28535e-009	3.44113e-010	
Carex_pulicaris	0	0	0	0	0	0	0	0	0	0	0	0	0	0	0	0	0	0	0	0	0	0	0	0	0	0	0	0	0	1	0	0	0	0	0	0	0	0	0	0	0	0	0	0	0	0	0	0	0	0	0	0	0	0	0	0	0	0	
Carex_peregrina	0	0	0	0	0	0	0	0	0	0	0	0	0	0	0	0	0	0	0	0	0	0	0	0	0	0	0	0	0	0	1	0	0	0	0	0	0	0	0	0	0	0	0	0	0	0	0	0	0	0	0	0	0	0	0	0	0	0	
N5	3.97584e-025	1.83664e-024	1.77114e-023	1.99526e-022	2.33646e-021	2.67409e-020	2.83967e-019	2.71708e-018	2.34213e-017	1.84165e-016	1.33686e-015	8.97141e-015	5.51216e-014	3.07297e-013	1.55186e-012	7.13078e-012	3.00197e-011	1.1659e-010	4.21175e-010	1.43466e-009	4.70424e-009	1.51712e-008	4.86905e-008	1.55208e-007	4.86839e-007	1.48982e-006	4.42522e-006	1.27168e-005	3.52372e-005	9.37378e-005	0.000238139	0.000575386	0.00131781	0.00285198	0.00581184	0.0111065	0.0198132	0.0328402	0.0503496	0.0711236	0.0922642	0.109629	0.119077	0.118063	0.106745	0.0879512	0.0660143	0.0451321	0.0281083	0.0159533	0.00825746	0.00390253	0.00168742	0.000669861	0.000245708	8.44582e-005	2.83206e-005	1.08151e-005	
Carex_microglochin	0	0	0	0	0	0	0	0	0	0	0	0	0	0	0	0	0	0	0	0	0	0	0	0	0	0	0	1	0	0	0	0	0	0	0	0	0	0	0	0	0	0	0	0	0	0	0	0	0	0	0	0	0	0	0	0	0	0	
N6	1.26015e-023	9.81769e-023	1.44914e-021	2.25642e-020	3.39882e-019	4.55931e-018	5.337e-017	5.90555e-016	6.15631e-015	5.62558e-014	4.36102e-013	2.80899e-012	1.49573e-011	6.85494e-011	2.95494e-010	1.30711e-009	5.99921e-009	2.71914e-008	1.17085e-007	4.75132e-007	1.82218e-006	6.57008e-006	2.19331e-005	6.66561e-005	0.000182307	0.00044689	0.000984595	0.00196835	0.00362947	0.00631198	0.010598	0.0174439	0.0281263	0.0437458	0.064254	0.0874531	0.108815	0.122733	0.124876	0.114319	0.0940461	0.0694968	0.0461333	0.02752	0.0147611	0.00712444	0.00309708	0.00121408	0.000429862	0.000137797	4.01422e-005	1.06951e-005	2.6336e-006	6.09714e-007	1.35907e-007	3.00591e-008	6.89425e-009	2.00436e-009	
Schoenoxiphium_ludwigii	0	0	0	0	0	0	0	0	0	0	0	0	0	0	0	0	1	0	0	0	0	0	0	0	0	0	0	0	0	0	0	0	0	0	0	0	0	0	0	0	0	0	0	0	0	0	0	0	0	0	0	0	0	0	0	0	0	0	
N7	2.33088e-023	1.404e-022	2.0731e-021	3.723e-020	6.45344e-019	1.00193e-017	1.37911e-016	1.70183e-015	1.86473e-014	1.75532e-013	1.37615e-012	8.99077e-012	5.13154e-011	2.76692e-010	1.50234e-009	8.34802e-009	4.65078e-008	2.50749e-007	1.25932e-006	5.6978e-006	2.26666e-005	7.81023e-005	0.000231388	0.000588495	0.00128904	0.00245127	0.004106	0.00621417	0.00886847	0.0126335	0.0186885	0.0287894	0.0445238	0.0659719	0.0904761	0.11261	0.125959	0.12605	0.11264	0.0898312	0.063938	0.0406312	0.023066	0.0117066	0.00531589	0.00216222	0.00078849	0.00025835	7.61358e-005	2.03435e-005	4.9674e-006	1.19199e-006	3.25699e-007	1.39307e-007	7.86402e-008	4.71521e-008	2.51263e-008	1.40202e-008	
N8	3.26905e-019	1.42067e-018	1.7753e-017	2.53901e-016	3.25745e-015	3.68984e-014	3.77674e-013	3.2179e-012	1.97586e-011	7.7871e-011	2.34106e-010	8.50526e-010	4.66845e-009	3.18195e-008	2.12378e-007	1.21722e-006	5.51364e-006	1.84457e-005	4.34553e-005	7.10334e-005	8.21707e-005	7.03855e-005	4.7288e-005	2.664e-005	1.40883e-005	9.28334e-006	1.20587e-005	3.4914e-005	0.000150114	0.000654353	0.00249937	0.00803812	0.0214789	0.0474938	0.0865389	0.13015	0.161219	0.165934	0.141779	0.102928	0.0634619	0.0351061	0.0173086	0.00835752	0.00373142	0.00167926	0.000672956	0.000259743	8.588e-005	2.64708e-005	6.93392e-006	1.67476e-006	3.44918e-007	6.54186e-008	1.06219e-008	1.59509e-009	2.08389e-010	3.18562e-011	
Schoenoxiphium_burkei	0	0	0	0	0	0	0	0	0	0	0	0	0	0	0	0	0	0	0	0	0	0	0	0	0	0	0	0	0	0	0	0	0	0	1	0	0	0	0	0	0	0	0	0	0	0	0	0	0	0	0	0	0	0	0	0	0	0	
Schoenoxiphium_filiforme	0	0	0	0	0	0	0	0	0	0	0	0	0	0	0	0	0	0	0	0	0	0	0	0	0	0	0	0	0	0	0	0	0	0	0	1	0	0	0	0	0	0	0	0	0	0	0	0	0	0	0	0	0	0	0	0	0	0	
N9	3.13449e-016	8.26392e-016	4.78466e-015	3.78488e-014	3.24856e-013	2.69138e-012	2.05149e-011	1.41066e-010	8.64084e-010	4.68541e-009	2.26068e-008	9.88054e-008	4.0089e-007	1.54191e-006	5.67056e-006	1.98517e-005	6.54009e-005	0.000200455	0.000567175	0.00147569	0.00352499	0.00772211	0.0154862	0.028348	0.0471891	0.0711496	0.0968105	0.118521	0.130269	0.128367	0.113323	0.0896076	0.0634792	0.0403092	0.0229604	0.0117421	0.00539686	0.00223171	0.000831244	0.000279217	8.46872e-005	2.32247e-005	5.76728e-006	1.29923e-006	2.6613e-007	4.97575e-008	8.54275e-009	1.36301e-009	2.06184e-010	3.06472e-011	4.66782e-012	7.57184e-013	1.30006e-013	2.3047e-014	4.01893e-015	6.78866e-016	1.0989e-016	2.13038e-017	
Schoenoxiphium_ecklonii	0	0	0	0	0	0	0	0	0	0	0	0	0	0	0	0	0	1	0	0	0	0	0	0	0	0	0	0	0	0	0	0	0	0	0	0	0	0	0	0	0	0	0	0	0	0	0	0	0	0	0	0	0	0	0	0	0	0	
Schoenoxiphium_sparteum	0	0	0	0	0	0	0	0	0	0	0	0	0	0	0	0	0	1	0	0	0	0	0	0	0	0	0	0	0	0	0	0	0	0	0	0	0	0	0	0	0	0	0	0	0	0	0	0	0	0	0	0	0	0	0	0	0	0	
N10	2.35983e-029	1.57476e-028	2.15377e-027	3.23457e-026	4.95902e-025	6.11438e-024	5.31141e-023	6.94077e-022	1.13924e-020	1.66242e-019	1.84268e-018	1.37115e-017	6.42322e-017	2.00638e-016	5.57077e-016	2.24807e-015	1.6017e-014	1.43933e-013	1.2443e-012	9.37225e-012	5.91661e-011	3.06932e-010	1.29469e-009	4.42355e-009	1.22674e-008	2.78313e-008	5.24313e-008	8.44356e-008	1.24928e-007	1.96058e-007	3.37582e-007	6.42741e-007	1.36032e-006	3.24449e-006	8.7183e-006	2.54755e-005	7.65751e-005	0.000225464	0.000629437	0.00163438	0.00390338	0.0085177	0.0169116	0.0304663	0.049704	0.0733308	0.0977334	0.117571	0.127577	0.124806	0.110036	0.087419	0.0626023	0.0404651	0.023705	0.0127314	0.00648044	0.00343345	
Kobresia_fragilis	0	0	0	0	0	0	0	0	0	0	0	0	0	0	0	0	0	0	0	0	0	0	0	0	0	0	0	0	1	0	0	0	0	0	0	0	0	0	0	0	0	0	0	0	0	0	0	0	0	0	0	0	0	0	0	0	0	0	
N11	1.44178e-030	1.13988e-029	1.79867e-028	3.21475e-027	5.86709e-026	9.98144e-025	1.62745e-023	2.67711e-022	4.04641e-021	5.06011e-020	4.76812e-019	3.19269e-018	1.56758e-017	6.84342e-017	3.76677e-016	2.90644e-015	2.49774e-014	2.02489e-013	1.45371e-012	8.97627e-012	4.68094e-011	2.03821e-010	7.37141e-010	2.21451e-009	5.55291e-009	1.17315e-008	2.1198e-008	3.36084e-008	4.93939e-008	7.61403e-008	1.44736e-007	3.79152e-007	1.24684e-006	4.41759e-006	1.55049e-005	5.20685e-005	0.000164527	0.000483791	0.00131235	0.00326101	0.00738162	0.0151574	0.0281472	0.0471644	0.0711974	0.0967104	0.118101	0.12957	0.127643	0.112869	0.0895784	0.0638351	0.0409023	0.0236463	0.0124319	0.0060525	0.00285126	0.00146436	
Kobresia_simpliciuscula	0	0	0	0	0	0	0	0	0	0	0	0	0	0	0	0	0	0	0	0	0	0	0	0	0	0	0	0	0	0	0	0	0	0	1	0	0	0	0	0	0	0	0	0	0	0	0	0	0	0	0	0	0	0	0	0	0	0	
N12	1.56587e-033	1.5471e-032	6.86815e-031	4.74687e-029	2.75601e-027	7.67411e-026	1.92358e-024	7.54997e-023	2.38945e-021	4.64739e-020	5.02697e-019	3.09124e-018	1.19485e-017	4.71148e-017	3.72351e-016	4.6228e-015	5.61507e-014	5.5848e-013	4.30703e-012	2.55281e-011	1.18263e-010	4.4078e-010	1.35492e-009	3.47159e-009	7.43359e-009	1.35231e-008	2.22533e-008	3.81666e-008	8.27376e-008	2.47414e-007	9.19403e-007	3.77815e-006	1.56576e-005	6.17105e-005	0.000223619	0.000730755	0.00212955	0.00549978	0.012551	0.025295	0.0450683	0.0711284	0.0996527	0.124134	0.137532	0.13537	0.118078	0.0909709	0.0616926	0.0367195	0.0191458	0.00874041	0.00349743	0.00123053	0.000383124	0.000107127	2.82263e-005	8.65237e-006	
N13	3.05607e-024	1.14659e-023	7.2412e-023	6.02972e-022	5.90283e-021	6.05248e-020	6.01753e-019	5.55745e-018	4.64299e-017	3.44867e-016	2.26319e-015	1.32243e-014	7.00771e-014	3.43186e-013	1.57003e-012	6.72756e-012	2.70534e-011	1.02998e-010	3.78464e-010	1.37692e-009	5.04969e-009	1.85962e-008	6.72086e-008	2.32366e-007	7.5701e-007	2.32072e-006	6.76296e-006	1.9044e-005	5.25907e-005	0.000143039	0.000379271	0.000964764	0.0023159	0.00517596	0.0106668	0.0201403	0.0346993	0.0544119	0.077534	0.100291	0.117672	0.125159	0.120611	0.105245	0.0831131	0.0593675	0.038338	0.0223743	0.0117988	0.00562353	0.00242536	0.000949867	0.00034106	0.000115078	3.85697e-005	1.40892e-005	6.15604e-006	3.55452e-006	
Carex_pauciflora	0	0	0	0	0	0	0	0	0	0	0	0	0	0	0	0	0	0	1	0	0	0	0	0	0	0	0	0	0	0	0	0	0	0	0	0	0	0	0	0	0	0	0	0	0	0	0	0	0	0	0	0	0	0	0	0	0	0	
Carex_backii	0	0	0	0	0	0	0	0	0	0	0	0	0	0	0	0	0	0	0	0	0	0	0	0	0	0	0	0	0	0	0	0	1	0	0	0	0	0	0	0	0	0	0	0	0	0	0	0	0	0	0	0	0	0	0	0	0	0	
N14	3.6084e-036	1.23298e-034	9.28136e-033	6.73504e-031	3.94081e-029	1.61849e-027	5.1748e-026	1.742e-024	4.97743e-023	1.04634e-021	1.63796e-020	1.94874e-019	1.66062e-018	1.0956e-017	8.58378e-017	9.06923e-016	9.47144e-015	8.25745e-014	5.79213e-013	3.3076e-012	1.59283e-011	6.77183e-011	2.65367e-010	9.86992e-010	3.50045e-009	1.15411e-008	3.41306e-008	9.01719e-008	2.31866e-007	6.93102e-007	2.46206e-006	9.62901e-006	3.78158e-005	0.000140333	0.000475579	0.00144432	0.00389062	0.00924991	0.0193841	0.035854	0.0587295	0.0855715	0.111388	0.129899	0.13573	0.126693	0.105077	0.0769367	0.0494229	0.0277141	0.0135196	0.00572826	0.00210951	0.000679505	0.000197872	6.07828e-005	2.85118e-005	2.34975e-005	
N15	2.28475e-022	6.30549e-022	3.61489e-021	2.88491e-020	2.62153e-019	2.39778e-018	2.07625e-017	1.66159e-016	1.23198e-015	8.60974e-015	5.74161e-014	3.63668e-013	2.14858e-012	1.15954e-011	5.62705e-011	2.44041e-010	9.51406e-010	3.39914e-009	1.14917e-008	3.8234e-008	1.29588e-007	4.54742e-007	1.63931e-006	5.9216e-006	2.0811e-005	6.93948e-005	0.000215667	0.000617551	0.00161792	0.00386224	0.00838072	0.0165079	0.0294951	0.0477854	0.0701882	0.093466	0.112848	0.123547	0.122667	0.110468	0.0902439	0.0668859	0.0449834	0.0274573	0.0152149	0.00765714	0.0035023	0.00145765	0.000553223	0.000192231	6.16029e-005	1.84508e-005	5.28123e-006	1.49269e-006	4.31706e-007	1.31169e-007	4.29228e-008	1.77331e-008	
Carex_rupestris	0	0	0	0	0	0	0	0	0	0	0	0	0	0	0	0	0	0	0	0	0	0	0	0	1	0	0	0	0	0	0	0	0	0	0	0	0	0	0	0	0	0	0	0	0	0	0	0	0	0	0	0	0	0	0	0	0	0	
Carex_obtusata	0	0	0	0	0	0	0	0	0	0	0	0	0	0	0	0	0	0	0	0	0	0	0	0	0	1	0	0	0	0	0	0	0	0	0	0	0	0	0	0	0	0	0	0	0	0	0	0	0	0	0	0	0	0	0	0	0	0	
N16	2.49207e-034	4.77527e-033	1.97073e-031	8.80611e-030	3.46983e-028	1.22474e-026	3.80981e-025	9.34467e-024	1.5695e-022	1.89051e-021	1.983e-020	2.03657e-019	2.05121e-018	2.18307e-017	2.32948e-016	2.2265e-015	1.83798e-014	1.31089e-013	8.16006e-013	4.52453e-012	2.31732e-011	1.13806e-010	5.35031e-010	2.30021e-009	8.71877e-009	2.97474e-008	9.92377e-008	3.52699e-007	1.34948e-006	5.28187e-006	2.00067e-005	7.14246e-005	0.000236026	0.000711274	0.00193253	0.00469839	0.0101801	0.0196377	0.0337873	0.0520974	0.0725595	0.0922271	0.108095	0.117571	0.118529	0.109746	0.092038	0.0689238	0.0455515	0.0263527	0.0132901	0.00586234	0.00233811	0.000986982	0.000626346	0.000608641	0.000640556	0.000673854	
Carex_nardina	0	0	0	0	0	0	0	0	0	0	0	0	0	0	0	0	0	0	0	0	0	0	0	0	0	0	0	0	0	0	0	0	0	1	0	0	0	0	0	0	0	0	0	0	0	0	0	0	0	0	0	0	0	0	0	0	0	0	
N17	1.79254e-033	2.52869e-032	8.34929e-031	3.05471e-029	1.02431e-027	3.0207e-026	7.61674e-025	1.60052e-023	2.87755e-022	4.6136e-021	6.9469e-020	1.02354e-018	1.42223e-017	1.6993e-016	1.64121e-015	1.27517e-014	8.18574e-014	4.54223e-013	2.31395e-012	1.14479e-011	5.61383e-011	2.684e-010	1.23436e-009	5.58649e-009	2.61265e-008	1.28785e-007	6.41798e-007	3.03141e-006	1.29679e-005	4.92676e-005	0.000166444	0.000500688	0.0013433	0.00322049	0.00691381	0.0133203	0.0230863	0.0361079	0.0512135	0.0664148	0.0797717	0.0902636	0.097773	0.102023	0.101618	0.0945999	0.080375	0.061116	0.0410478	0.0241902	0.0125257	0.00580794	0.00257976	0.00128867	0.000850029	0.000693742	0.000594825	0.000527201	
N18	6.72029e-023	2.65912e-022	2.33487e-021	2.77476e-020	3.52546e-019	4.28383e-018	4.7371e-017	4.64899e-016	4.04894e-015	3.21211e-014	2.39415e-013	1.69006e-012	1.10655e-011	6.49657e-011	3.3192e-010	1.44971e-009	5.39943e-009	1.74042e-008	5.01507e-008	1.35136e-007	3.56277e-007	9.51711e-007	2.64371e-006	7.77071e-006	2.40441e-005	7.57174e-005	0.000232093	0.000668059	0.00176642	0.00424167	0.00920318	0.0180137	0.0318166	0.0507723	0.0733244	0.0959979	0.114102	0.123241	0.121002	0.107969	0.0874936	0.0643362	0.0429005	0.0259426	0.0142444	0.00712337	0.00326241	0.00137995	0.000544892	0.000203066	7.19335e-005	2.42174e-005	7.68268e-006	2.26612e-006	6.12869e-007	1.50971e-007	3.4694e-008	9.11784e-009	
Carex_capillacea	0	0	0	0	0	0	0	0	0	0	0	0	0	0	0	0	0	0	0	0	0	0	0	0	0	0	0	0	0	1	0	0	0	0	0	0	0	0	0	0	0	0	0	0	0	0	0	0	0	0	0	0	0	0	0	0	0	0	
Carex_leptalea	0	0	0	0	0	0	0	0	0	0	0	0	0	0	0	0	0	0	0	0	0	0	0	0	0	1	0	0	0	0	0	0	0	0	0	0	0	0	0	0	0	0	0	0	0	0	0	0	0	0	0	0	0	0	0	0	0	0	
N19	2.91626e-031	2.24743e-030	4.99683e-029	1.5872e-027	5.90327e-026	2.28362e-024	4.41053e-023	8.81839e-022	2.0979e-020	5.56161e-019	1.40244e-017	2.06482e-016	1.18148e-015	3.11396e-015	6.87575e-015	2.10624e-014	1.11147e-013	9.01254e-013	9.4087e-012	1.07453e-010	1.1659e-009	1.06149e-008	7.25885e-008	3.43992e-007	1.08714e-006	2.30189e-006	3.41374e-006	3.83206e-006	3.61951e-006	3.24276e-006	2.63908e-006	2.03152e-006	1.57345e-006	1.33925e-006	1.4144e-006	2.122e-006	4.63953e-006	1.28497e-005	3.9318e-005	0.000125607	0.000407333	0.0012847	0.00373417	0.00956674	0.0210023	0.0390061	0.0611655	0.0819955	0.0963228	0.10402	0.107404	0.108843	0.104117	0.0915495	0.0705593	0.0484261	0.0301842	0.0202003	
Uncinia_phleoides	0	0	0	0	0	0	0	0	0	0	0	0	0	0	0	0	0	0	0	0	0	0	0	0	0	0	0	0	0	0	0	0	0	0	0	0	0	0	0	0	0	0	0	0	0	0	0	1	0	0	0	0	0	0	0	0	0	0	
N20	3.43232e-031	1.85656e-030	4.23246e-029	1.49892e-027	5.25431e-026	1.57384e-024	3.92702e-023	8.95685e-022	1.94974e-020	3.75764e-019	5.6129e-018	5.61827e-017	3.45803e-016	1.40148e-015	4.80211e-015	1.92369e-014	1.11291e-013	9.27254e-013	9.6505e-012	1.04888e-010	1.02724e-009	8.20447e-009	5.00172e-008	2.22932e-007	7.10151e-007	1.61294e-006	2.65867e-006	3.30458e-006	3.29616e-006	2.84848e-006	2.19125e-006	1.55968e-006	1.10284e-006	8.86994e-007	9.86344e-007	1.70571e-006	4.18871e-006	1.22642e-005	3.847e-005	0.000124615	0.000407626	0.00129176	0.00376219	0.00964177	0.0211574	0.0392635	0.0615327	0.0824676	0.096947	0.104768	0.108225	0.109367	0.104181	0.0909603	0.0696703	0.0474668	0.0294567	0.0192319	
Uncinia_filiformis	0	0	0	0	0	0	0	0	0	0	0	0	0	0	0	0	0	0	0	0	0	0	0	0	0	0	0	0	0	0	0	0	0	0	0	0	0	0	0	0	0	0	0	1	0	0	0	0	0	0	0	0	0	0	0	0	0	0	
Uncinia_uncinata	0	0	0	0	0	0	0	0	0	0	0	0	0	0	0	0	0	0	0	0	0	0	0	0	0	0	0	0	0	0	0	0	0	0	0	0	0	0	0	0	0	0	0	1	0	0	0	0	0	0	0	0	0	0	0	0	0	0	
N21	1.48194e-028	4.77608e-028	3.07801e-027	2.80796e-026	3.08458e-025	3.57595e-024	4.03667e-023	4.26853e-022	4.12726e-021	3.56262e-020	2.6899e-019	1.76578e-018	1.02358e-017	5.41397e-017	2.70239e-016	1.29523e-015	5.94653e-015	2.57561e-014	1.03105e-013	3.73787e-013	1.20674e-012	3.42949e-012	8.53204e-012	1.85995e-011	3.58307e-011	6.21139e-011	1.00041e-010	1.57651e-010	2.61948e-010	4.98454e-010	1.14064e-009	3.12488e-009	9.80098e-009	3.34027e-008	1.18632e-007	4.26198e-007	1.51601e-006	5.25155e-006	1.74781e-005	5.52654e-005	0.00016451	0.00045767	0.00118325	0.00283047	0.00624314	0.0126617	0.0235534	0.0400916	0.0622844	0.0880537	0.112878	0.130644	0.135819	0.126101	0.103954	0.0757707	0.0488955	0.028332	
N22	1.11086e-026	8.44552e-026	3.931e-024	2.80846e-022	1.10585e-020	4.19769e-019	2.12727e-017	5.97022e-016	5.49405e-015	1.18531e-014	1.8274e-014	4.55594e-014	6.41988e-013	1.76931e-011	3.44552e-010	4.10658e-009	2.71984e-008	9.17905e-008	1.51416e-007	1.27569e-007	6.67292e-008	3.46775e-008	2.56105e-008	2.10352e-008	1.71458e-008	3.87361e-008	3.90305e-007	4.16429e-006	3.62297e-005	0.000251196	0.00137508	0.00590317	0.0197668	0.0514419	0.103803	0.16236	0.19703	0.186082	0.137318	0.0796504	0.03654	0.0133636	0.00392489	0.00093427	0.000181612	2.91243e-005	3.88124e-006	4.34759e-007	4.12062e-008	3.34939e-009	2.34695e-010	1.44099e-011	7.7653e-013	3.74347e-014	1.60539e-015	6.25544e-017	2.18564e-018	8.14319e-020	
N23	2.77905e-027	5.08852e-026	1.73508e-024	5.63443e-023	1.50863e-021	3.16589e-020	4.78967e-019	5.45934e-018	6.57118e-017	1.10137e-015	2.07495e-014	3.40464e-013	4.28846e-012	3.83983e-011	2.31365e-010	9.06239e-010	2.28718e-009	3.863e-009	5.01749e-009	6.4412e-009	9.11896e-009	1.28834e-008	1.9664e-008	5.72847e-008	3.85763e-007	3.15948e-006	2.34769e-005	0.000147435	0.000763546	0.00322197	0.0110002	0.0302449	0.0667504	0.117977	0.166742	0.188331	0.170037	0.122865	0.0712027	0.0331943	0.0124967	0.0038165	0.000950383	0.000194052	3.26792e-005	4.56683e-006	5.32897e-007	5.2252e-008	4.3328e-009	3.06709e-010	1.95431e-011	2.01817e-012	8.84193e-013	5.63336e-013	3.01577e-013	1.29531e-013	4.41844e-014	1.43921e-014	
Carex_maritima	0	0	0	0	0	0	0	0	0	0	0	0	0	0	0	0	0	0	0	0	0	0	0	0	0	0	0	0	0	1	0	0	0	0	0	0	0	0	0	0	0	0	0	0	0	0	0	0	0	0	0	0	0	0	0	0	0	0	
N24	5.29193e-024	3.7637e-023	6.07462e-022	1.17216e-020	2.13394e-019	3.36494e-018	4.44218e-017	4.95725e-016	4.85884e-015	4.22667e-014	3.1441e-013	1.89165e-012	8.78021e-012	3.06711e-011	8.14811e-011	1.75933e-010	3.60497e-010	9.08062e-010	3.56453e-009	2.13487e-008	1.5778e-007	1.19134e-006	8.24471e-006	4.9643e-005	0.000254009	0.00109229	0.00392482	0.0117441	0.0291998	0.0602339	0.102982	0.145837	0.171022	0.166096	0.133657	0.0891911	0.0494182	0.0227725	0.00874585	0.00280641	0.000754609	0.000170586	3.25374e-005	5.25686e-006	7.22353e-007	8.47856e-008	8.53866e-009	7.42917e-010	5.69443e-011	4.52188e-012	6.87799e-013	2.5679e-013	1.06205e-013	3.97647e-014	1.24845e-014	3.33523e-015	7.52073e-016	1.79759e-016	
Carex_conferta	0	0	0	0	0	0	0	0	0	0	0	0	0	0	0	0	0	0	0	0	0	0	0	0	0	1	0	0	0	0	0	0	0	0	0	0	0	0	0	0	0	0	0	0	0	0	0	0	0	0	0	0	0	0	0	0	0	0	
Carex_cephalophora	0	0	0	0	0	0	0	0	0	0	0	0	0	0	0	0	0	0	0	0	0	0	0	1	0	0	0	0	0	0	0	0	0	0	0	0	0	0	0	0	0	0	0	0	0	0	0	0	0	0	0	0	0	0	0	0	0	0	
N25	2.29017e-033	4.17965e-032	2.05289e-030	2.80911e-028	2.52095e-026	1.06952e-024	1.36085e-022	1.11813e-020	3.39022e-019	2.54314e-018	8.8518e-018	2.66811e-017	3.69247e-016	1.75439e-014	5.40222e-013	8.79563e-012	6.90461e-011	2.4944e-010	4.36135e-010	4.56541e-010	3.87967e-010	3.46767e-010	4.48369e-010	7.17242e-010	1.1322e-009	4.59909e-009	6.99825e-008	1.11805e-006	1.41521e-005	0.000135798	0.000972124	0.00515114	0.0201203	0.0578164	0.122182	0.1901	0.218281	0.185636	0.117472	0.0556213	0.0198297	0.00535998	0.00110659	0.000175864	2.16864e-005	2.09301e-006	1.59399e-007	9.72713e-009	4.80098e-010	2.19504e-011	9.56168e-013	9.96534e-014	1.03958e-014	2.22694e-015	3.60901e-016	5.72635e-017	6.55596e-018	6.68531e-019	
N26	2.97682e-029	4.14808e-028	1.31313e-026	4.60391e-025	1.47955e-023	4.15395e-022	9.45261e-021	1.59186e-019	1.97039e-018	2.21636e-017	2.74223e-016	3.33746e-015	3.35673e-014	2.52588e-013	1.34411e-012	4.91829e-012	1.25186e-011	2.38732e-011	4.05225e-011	8.15357e-011	2.44248e-010	1.09084e-009	7.6757e-009	7.84235e-008	8.42737e-007	7.89098e-006	6.06939e-005	0.000376429	0.00186657	0.00735741	0.0229466	0.0564127	0.108993	0.16514	0.195967	0.182079	0.132551	0.0757374	0.0340598	0.012101	0.00341266	0.000768153	0.000138854	2.02916e-005	2.41401e-006	2.35471e-007	1.89697e-008	1.2728e-009	7.27398e-011	4.50301e-012	8.68724e-013	4.28255e-013	2.02277e-013	8.11227e-014	2.66543e-014	7.18856e-015	1.58753e-015	3.53616e-016	
Carex_echinata	0	0	0	0	0	0	0	0	0	0	0	0	0	0	0	0	0	0	0	0	0	0	0	0	0	1	0	0	0	0	0	0	0	0	0	0	0	0	0	0	0	0	0	0	0	0	0	0	0	0	0	0	0	0	0	0	0	0	
N27	2.66932e-035	3.46246e-034	5.366e-032	1.30351e-029	1.38897e-027	2.98516e-025	5.38619e-023	1.56027e-021	5.47732e-021	9.14109e-020	5.94079e-018	4.05138e-016	2.33834e-014	8.14865e-013	1.15057e-011	5.50926e-011	9.34402e-011	6.86687e-011	3.14013e-011	1.74969e-011	4.58149e-011	7.69999e-010	2.32628e-008	6.25975e-007	1.23668e-005	0.000169862	0.00158469	0.00989997	0.0410592	0.112691	0.205144	0.249455	0.204826	0.115084	0.0449012	0.0123518	0.00243238	0.000348007	3.66903e-005	2.88936e-006	1.72127e-007	7.8544e-009	2.77644e-010	7.71775e-012	1.70963e-013	3.20938e-015	5.56297e-017	1.3239e-018	3.99856e-020	1.54774e-021	4.92909e-023	1.47877e-024	3.50885e-026	7.46795e-028	1.70153e-029	1.86583e-030	4.63748e-031	1.09955e-031	
N28	5.74149e-031	2.28174e-029	1.68837e-027	1.02593e-025	4.92519e-024	1.76944e-022	3.67127e-021	3.37945e-020	4.02986e-019	9.97351e-018	2.80969e-016	7.00276e-015	1.41137e-013	1.86785e-012	1.25758e-011	4.14883e-011	7.73134e-011	9.61256e-011	9.74413e-011	1.7332e-010	2.10427e-009	6.52339e-008	1.79772e-006	3.57342e-005	0.000486753	0.00438387	0.0252417	0.090368	0.198356	0.268396	0.228304	0.125302	0.045604	0.0113007	0.00195409	0.000241186	2.16953e-005	1.44981e-006	7.32561e-008	2.84496e-009	8.62083e-011	2.07425e-012	4.03871e-014	7.45273e-016	1.58189e-017	1.07625e-018	5.05607e-020	4.73142e-021	2.01169e-022	1.50865e-023	6.03535e-025	3.7969e-026	1.57938e-027	8.21653e-029	3.16699e-030	1.21641e-031	3.555e-033	1.03987e-034	
Carex_pairae	0	0	0	0	0	0	0	0	0	0	0	0	0	0	0	0	0	0	0	0	0	0	0	0	0	0	0	1	0	0	0	0	0	0	0	0	0	0	0	0	0	0	0	0	0	0	0	0	0	0	0	0	0	0	0	0	0	0	
Carex_divulsa	0	0	0	0	0	0	0	0	0	0	0	0	0	0	0	0	0	0	0	0	0	0	0	0	0	0	0	1	0	0	0	0	0	0	0	0	0	0	0	0	0	0	0	0	0	0	0	0	0	0	0	0	0	0	0	0	0	0	
N29	2.35047e-031	1.17778e-030	1.12924e-029	1.19185e-028	2.45385e-027	1.38037e-025	6.34569e-024	1.49019e-022	3.25692e-021	1.48856e-019	9.15297e-018	4.75049e-016	1.65957e-014	3.2954e-013	3.20236e-012	1.40654e-011	2.87643e-011	3.09169e-011	2.16286e-011	1.75842e-011	5.88933e-011	9.52114e-010	2.71478e-008	7.07647e-007	1.36621e-005	0.000184015	0.00168743	0.0103826	0.0424825	0.115184	0.207329	0.249419	0.202654	0.112671	0.0434917	0.0118338	0.00230435	0.000325927	3.3964e-005	2.64337e-006	1.55633e-007	7.0192e-009	2.45294e-010	6.7783e-012	1.48905e-013	8.62084e-015	2.01265e-016	4.82125e-016	9.14541e-018	2.27573e-017	3.11184e-019	6.38145e-019	6.34647e-021	1.07863e-020	7.92951e-023	1.13432e-022	5.10406e-024	9.02048e-024	
Carex_lamprocarpa	0	0	0	0	0	0	0	0	0	0	0	0	0	0	0	0	0	0	0	0	0	0	0	0	0	0	0	0	1	0	0	0	0	0	0	0	0	0	0	0	0	0	0	0	0	0	0	0	0	0	0	0	0	0	0	0	0	0	
Carex_otrubae	0	0	0	0	0	0	0	0	0	0	0	0	0	0	0	0	0	0	0	0	0	0	0	0	0	0	0	0	1	0	0	0	0	0	0	0	0	0	0	0	0	0	0	0	0	0	0	0	0	0	0	0	0	0	0	0	0	0	
N30	8.87836e-037	1.79549e-035	1.86762e-033	3.27554e-031	3.1141e-029	3.39054e-027	4.34562e-025	3.60746e-023	1.19419e-021	1.09192e-020	4.41684e-020	4.52594e-019	1.37439e-017	4.14602e-016	8.5492e-015	1.02087e-013	6.50662e-013	2.22678e-012	4.96252e-012	1.11709e-011	2.80222e-011	5.85681e-011	1.01957e-010	2.49157e-010	1.3583e-009	1.1133e-008	1.1788e-007	1.45431e-006	1.65892e-005	0.000151589	0.00105258	0.0054537	0.0209322	0.0593178	0.123961	0.191121	0.217799	0.184035	0.115797	0.0545437	0.01935	0.00520524	0.00106947	0.00016911	2.0742e-005	1.98988e-006	1.50622e-007	9.35097e-009	5.17625e-010	9.10117e-011	1.6071e-011	1.09946e-011	3.05967e-012	2.19628e-012	1.13595e-012	5.94484e-013	2.24798e-013	7.59084e-014	
N31	1.09528e-027	1.57327e-026	5.52148e-025	1.95195e-023	5.93638e-022	1.58677e-020	3.62986e-019	6.19571e-018	6.59435e-017	4.61571e-016	3.60381e-015	4.44692e-014	6.96964e-013	1.04504e-011	1.2946e-010	1.20435e-009	7.72642e-009	3.22125e-008	8.62885e-008	1.54036e-007	1.9571e-007	1.91297e-007	1.60353e-007	1.5096e-007	2.76201e-007	1.28784e-006	9.85373e-006	7.55565e-005	0.000483324	0.00245845	0.00978578	0.0302225	0.0720151	0.131965	0.185814	0.201364	0.168581	0.109645	0.0557856	0.0223779	0.00713632	0.0018256	0.000377925	6.41689e-005	9.08334e-006	1.15787e-006	1.53622e-007	3.0613e-008	7.68717e-009	2.1738e-009	5.21677e-010	1.15474e-010	2.12028e-011	3.49757e-012	4.8394e-013	5.99197e-014	6.33003e-015	7.3906e-016	
Carex_ovalis	0	0	0	0	0	0	0	0	0	0	0	0	0	0	0	0	0	0	0	0	0	0	0	0	0	0	0	0	0	0	0	0	1	0	0	0	0	0	0	0	0	0	0	0	0	0	0	0	0	0	0	0	0	0	0	0	0	0	
Carex_xerantica	0	0	0	0	0	0	0	0	0	0	0	0	0	0	0	0	0	0	0	0	0	0	0	0	0	0	0	0	0	0	0	0	0	1	0	0	0	0	0	0	0	0	0	0	0	0	0	0	0	0	0	0	0	0	0	0	0	0	
N32	4.49783e-034	1.03777e-032	4.81821e-031	2.41397e-029	1.07803e-027	4.14676e-026	1.32435e-024	3.23978e-023	5.75051e-022	8.23469e-021	1.19998e-019	1.88866e-018	2.79876e-017	3.41147e-016	3.18119e-015	2.24868e-014	1.2772e-013	6.26694e-013	2.632e-012	8.95696e-012	2.48332e-011	6.27596e-011	1.86266e-010	9.13912e-010	8.01364e-009	9.35458e-008	1.09374e-006	1.1087e-005	9.15294e-005	0.000598231	0.00305011	0.0120198	0.0363751	0.0841395	0.148293	0.198823	0.202776	0.157551	0.0935358	0.0426163	0.0149835	0.00409173	0.000874167	0.000147245	1.97131e-005	2.11518e-006	1.83495e-007	1.30344e-008	7.85109e-010	5.23451e-011	7.69427e-012	4.76197e-012	4.16108e-012	4.76522e-012	4.63671e-012	3.71738e-012	2.28985e-012	1.29018e-012	
Carex_chordorrhiza	0	0	0	0	0	0	0	0	0	0	0	0	0	0	0	0	0	0	0	0	0	0	0	0	0	0	0	0	0	0	1	0	0	0	0	0	0	0	0	0	0	0	0	0	0	0	0	0	0	0	0	0	0	0	0	0	0	0	
N33	2.28805e-033	7.99055e-032	1.86641e-029	3.44016e-027	1.50146e-025	2.44112e-023	2.74171e-021	8.88415e-020	2.3436e-019	4.93982e-019	1.52529e-017	1.05518e-015	6.49614e-014	2.49821e-012	4.48013e-011	3.06785e-010	7.71065e-010	7.98196e-010	4.24982e-010	1.71024e-010	1.19244e-010	3.05086e-010	2.8159e-009	5.66666e-008	1.20414e-006	1.99003e-005	0.000236338	0.00196147	0.0111911	0.0434168	0.113891	0.202026	0.243699	0.201966	0.116555	0.0475643	0.0139481	0.0029868	0.000474356	5.67074e-005	5.17406e-006	3.65122e-007	2.0172e-008	8.84697e-010	3.12528e-011	9.28543e-013	2.53122e-014	8.4427e-016	3.74101e-017	2.03055e-018	9.78737e-020	4.28971e-021	1.54622e-022	4.89878e-024	1.28726e-025	2.96952e-027	5.74909e-029	1.10841e-030	
Carex_marina	0	0	0	0	0	0	0	0	0	0	0	0	0	0	0	0	0	0	0	0	0	0	0	0	0	0	0	0	0	0	1	0	0	0	0	0	0	0	0	0	0	0	0	0	0	0	0	0	0	0	0	0	0	0	0	0	0	0	
N34	8.9766e-034	4.73443e-032	4.69812e-030	4.0928e-028	2.81457e-026	1.53736e-024	6.04609e-023	1.56181e-021	3.26357e-020	8.78909e-019	3.30266e-017	1.21844e-015	3.34937e-014	5.82411e-013	5.60515e-012	2.7347e-011	6.72379e-011	9.05783e-011	8.01154e-011	6.94583e-011	1.07767e-010	3.98107e-010	4.22283e-009	9.09963e-008	1.96514e-006	3.20907e-005	0.000369905	0.00293547	0.0157996	0.0571256	0.138146	0.223683	0.244014	0.181241	0.0929083	0.0333795	0.00854153	0.00158214	0.000215496	2.19109e-005	1.68689e-006	9.96743e-008	4.57787e-009	1.65563e-010	4.78048e-012	1.13787e-013	2.35799e-015	8.35033e-017	3.30548e-018	9.59249e-019	4.36375e-020	1.43631e-020	5.24134e-022	1.46294e-022	7.66549e-024	2.50558e-024	5.35202e-025	1.32007e-025	
Carex_canescens	0	0	0	0	0	0	0	0	0	0	0	0	0	0	0	0	0	0	0	0	0	0	0	0	0	0	0	1	0	0	0	0	0	0	0	0	0	0	0	0	0	0	0	0	0	0	0	0	0	0	0	0	0	0	0	0	0	0	
Carex_lachenalii	0	0	0	0	0	0	0	0	0	0	0	0	0	0	0	0	0	0	0	0	0	0	0	0	0	0	0	0	0	0	1	0	0	0	0	0	0	0	0	0	0	0	0	0	0	0	0	0	0	0	0	0	0	0	0	0	0	0	
N35	2.18242e-023	5.73876e-023	8.76302e-022	2.38734e-020	4.83694e-019	6.43584e-018	1.44961e-016	3.18618e-015	4.49743e-014	2.56345e-013	8.0238e-013	1.97149e-012	4.79104e-012	3.1486e-011	3.97513e-010	4.42299e-009	3.61311e-008	1.98208e-007	6.92707e-007	1.58666e-006	2.75562e-006	4.43868e-006	7.10452e-006	1.05343e-005	1.37496e-005	1.59499e-005	1.80593e-005	2.86439e-005	9.33847e-005	0.000412069	0.00169024	0.00587959	0.0170044	0.0405813	0.0795291	0.127537	0.166992	0.178395	0.155609	0.111082	0.0651303	0.0315146	0.0126543	0.00424251	0.00119518	0.000284776	5.77582e-005	1.00358e-005	1.50303e-006	1.95258e-007	2.21358e-008	2.20504e-009	1.94338e-010	1.52939e-011	1.08517e-012	7.05404e-014	4.31735e-015	2.97798e-016	
N36	2.3491e-014	4.16711e-014	1.85383e-013	1.23591e-012	9.29117e-012	6.95409e-011	4.91722e-010	3.20185e-009	1.89619e-008	1.02194e-007	5.06401e-007	2.33528e-006	1.00746e-005	4.0469e-005	0.000149607	0.000502355	0.00151538	0.00407532	0.00972464	0.0205362	0.0383317	0.063217	0.0921369	0.118745	0.135439	0.136859	0.122663	0.0976388	0.0691172	0.0435736	0.0244997	0.012304	0.00552747	0.00222469	0.000803377	0.000260716	7.61473e-005	2.005e-005	4.76638e-006	1.02514e-006	1.99817e-007	3.54288e-008	5.734e-009	8.56505e-010	1.19627e-010	1.62474e-011	2.22955e-012	3.32571e-013	5.33628e-014	9.23156e-015	1.56831e-015	2.62468e-016	4.05423e-017	5.97656e-018	8.01999e-019	1.0234e-019	1.20055e-020	1.67605e-021	
Carex_livida	0	0	0	0	0	0	0	0	0	0	0	0	0	0	0	1	0	0	0	0	0	0	0	0	0	0	0	0	0	0	0	0	0	0	0	0	0	0	0	0	0	0	0	0	0	0	0	0	0	0	0	0	0	0	0	0	0	0	
Carex_panicea	0	0	0	0	0	0	0	0	0	0	0	0	0	0	0	1	0	0	0	0	0	0	0	0	0	0	0	0	0	0	0	0	0	0	0	0	0	0	0	0	0	0	0	0	0	0	0	0	0	0	0	0	0	0	0	0	0	0	
N37	4.52463e-031	8.46271e-030	4.85079e-028	6.44071e-026	7.12833e-024	1.41795e-022	9.01587e-021	6.32387e-019	3.59912e-017	9.83207e-016	6.49936e-015	1.67524e-014	2.96769e-014	1.56128e-013	3.38239e-012	6.83476e-011	1.15788e-009	1.64135e-008	1.69071e-007	1.07896e-006	4.01025e-006	9.03885e-006	1.37433e-005	1.60664e-005	1.62299e-005	1.53068e-005	1.39302e-005	1.41612e-005	3.40867e-005	0.000187938	0.00103076	0.00458396	0.0160803	0.0441297	0.0942132	0.155765	0.198742	0.195251	0.147569	0.0858567	0.0385339	0.0133892	0.0036187	0.000765276	0.000127432	1.68389e-005	1.77696e-006	1.51421e-007	1.04496e-008	6.00275e-010	2.82382e-011	1.23442e-012	4.53574e-014	2.64126e-015	1.86296e-016	2.36301e-017	2.35482e-018	2.24536e-019	
N38	8.42122e-027	1.0837e-025	2.45659e-024	5.95056e-023	1.40112e-021	3.1327e-020	6.93807e-019	1.57299e-017	3.44277e-016	6.60045e-015	1.03827e-013	1.30856e-012	1.3328e-011	1.13271e-010	8.3472e-010	5.43227e-009	3.07702e-008	1.4674e-007	5.7012e-007	1.76137e-006	4.27198e-006	8.15412e-006	1.25529e-005	1.67267e-005	2.41872e-005	5.84376e-005	0.000224671	0.000907484	0.00324396	0.00986428	0.0252356	0.0540022	0.0961986	0.142002	0.172933	0.173031	0.141722	0.0947356	0.0515729	0.0228399	0.00822958	0.00241576	0.000579188	0.000113825	1.84184e-005	2.46662e-006	2.7494e-007	2.56603e-008	2.01775e-009	1.34721e-010	7.92725e-012	6.96144e-013	3.34285e-013	2.63547e-013	1.77961e-013	9.73288e-014	4.30375e-014	1.8184e-014	
Carex_fuliginosa	0	0	0	0	0	0	0	0	0	0	0	0	0	0	0	0	0	0	0	1	0	0	0	0	0	0	0	0	0	0	0	0	0	0	0	0	0	0	0	0	0	0	0	0	0	0	0	0	0	0	0	0	0	0	0	0	0	0	
N39	8.85495e-021	4.89379e-020	5.11994e-019	6.71672e-018	9.22638e-017	1.19804e-015	1.3967e-014	1.42621e-013	1.2596e-012	9.57678e-012	6.28603e-011	3.5939e-010	1.81008e-009	8.10793e-009	3.2493e-008	1.17122e-007	3.84752e-007	1.19278e-006	3.72694e-006	1.25639e-005	4.58468e-005	0.000169447	0.000590823	0.00186276	0.00520525	0.0127755	0.0274136	0.0512798	0.0834326	0.117831	0.144176	0.152562	0.139369	0.109735	0.0743625	0.0433155	0.0216667	0.00930088	0.00342562	0.00108276	0.000293907	6.85957e-005	1.37887e-005	2.39232e-006	3.59154e-007	4.67917e-008	5.30749e-009	5.26869e-010	4.65206e-011	4.17494e-012	6.80155e-013	2.83611e-013	1.39954e-013	6.33542e-014	2.44406e-014	8.11531e-015	2.32221e-015	7.11972e-016	
Carex_glacialis	0	0	0	0	0	0	0	0	0	0	0	0	0	0	0	0	1	0	0	0	0	0	0	0	0	0	0	0	0	0	0	0	0	0	0	0	0	0	0	0	0	0	0	0	0	0	0	0	0	0	0	0	0	0	0	0	0	0	
N40	3.25442e-014	8.31533e-014	4.2532e-013	2.91342e-012	2.23736e-011	1.72579e-010	1.2614e-009	8.4847e-009	5.16464e-008	2.81922e-007	1.37849e-006	6.07489e-006	2.43655e-005	8.96386e-005	0.000302873	0.000934788	0.00261207	0.00655051	0.0146439	0.029053	0.051017	0.0791756	0.108521	0.131335	0.140351	0.132477	0.110491	0.0814692	0.0531368	0.0306776	0.0156886	0.00711258	0.00286099	0.001022	0.000324526	9.17023e-005	2.3084e-005	5.1833e-006	1.03938e-006	1.86469e-007	2.99642e-008	4.32995e-009	5.63336e-010	6.71203e-011	7.3756e-012	8.3071e-013	1.00374e-013	1.7608e-014	3.45886e-015	8.55879e-016	1.87199e-016	4.26573e-017	8.34602e-018	1.59263e-018	2.62279e-019	4.10019e-020	5.63028e-021	9.09167e-022	
Carex_pilulifera	0	0	0	0	0	0	0	0	1	0	0	0	0	0	0	0	0	0	0	0	0	0	0	0	0	0	0	0	0	0	0	0	0	0	0	0	0	0	0	0	0	0	0	0	0	0	0	0	0	0	0	0	0	0	0	0	0	0	
Carex_humilis	0	0	0	0	0	0	0	0	0	0	0	0	0	0	0	0	0	1	0	0	0	0	0	0	0	0	0	0	0	0	0	0	0	0	0	0	0	0	0	0	0	0	0	0	0	0	0	0	0	0	0	0	0	0	0	0	0	0	
N41	2.87977e-030	2.7562e-029	3.20426e-028	8.51979e-027	7.61636e-025	4.39194e-024	2.45991e-022	3.16947e-020	2.83547e-018	1.03832e-016	5.28193e-016	8.42473e-016	1.12623e-015	3.00255e-015	1.22287e-013	6.78231e-012	2.895e-010	8.25136e-009	1.36048e-007	1.16089e-006	4.89403e-006	1.05341e-005	1.31347e-005	1.2281e-005	1.16297e-005	1.12226e-005	9.31327e-006	6.68097e-006	8.39569e-006	4.50436e-005	0.000319862	0.00185652	0.00830168	0.0282013	0.0722455	0.138848	0.199459	0.213678	0.170571	0.101528	0.0451552	0.0150639	0.00378662	0.000726515	0.000107052	1.4358e-005	1.70924e-006	5.77902e-007	9.51136e-008	4.63195e-008	5.85885e-009	2.11162e-009	1.99718e-010	5.56333e-011	5.97745e-012	1.64913e-012	3.04358e-013	6.63013e-014	
Carex_atrofusca	0	0	0	0	0	0	0	0	0	0	0	0	0	0	0	0	0	0	1	0	0	0	0	0	0	0	0	0	0	0	0	0	0	0	0	0	0	0	0	0	0	0	0	0	0	0	0	0	0	0	0	0	0	0	0	0	0	0	
N42	5.10126e-039	1.94075e-037	5.34525e-035	2.13596e-032	5.14212e-030	3.33312e-028	3.55327e-026	7.62357e-024	9.50979e-022	4.50571e-020	7.83132e-019	4.63064e-018	1.21618e-017	4.55042e-017	1.69411e-015	1.35046e-013	7.3799e-012	2.32353e-010	4.12336e-009	4.36009e-008	3.01699e-007	1.41581e-006	4.36805e-006	8.66883e-006	1.11841e-005	9.68883e-006	6.04356e-006	3.36703e-006	3.28768e-006	1.34384e-005	0.00010843	0.000788804	0.00437756	0.0179723	0.0541175	0.119076	0.191121	0.223668	0.190995	0.119219	0.0545466	0.0183692	0.0045741	0.000858083	0.00012239	1.94329e-005	2.73028e-006	1.70621e-006	2.5147e-007	1.71821e-007	1.68384e-008	8.48569e-009	5.62085e-010	2.0691e-010	1.16403e-011	3.83128e-012	6.3304e-013	1.8987e-013	
N43	6.89908e-037	1.57042e-035	1.42944e-033	2.20594e-031	2.83104e-029	1.73707e-027	1.67061e-025	2.20084e-023	2.22978e-021	1.25199e-019	3.27382e-018	4.65096e-017	4.35111e-016	5.3149e-015	1.72793e-013	6.15775e-012	1.61256e-010	2.86162e-009	3.28903e-008	2.38506e-007	1.09143e-006	3.24753e-006	6.60124e-006	9.55562e-006	9.99973e-006	7.67184e-006	4.82212e-006	3.9872e-006	9.5958e-006	5.80365e-005	0.000397917	0.00224478	0.00975923	0.032178	0.079856	0.14837	0.205574	0.211866	0.162232	0.0923279	0.0391248	0.0123881	0.00294773	0.000533094	7.54213e-005	9.22511e-006	1.22358e-006	2.25958e-007	4.47333e-008	8.71684e-009	1.29839e-009	1.77402e-010	1.84531e-011	2.06891e-012	3.22587e-013	9.41964e-014	2.87269e-014	8.3338e-015	
N44	2.44175e-023	1.90725e-022	2.17191e-021	3.09103e-020	4.95652e-019	8.05912e-018	1.23557e-016	1.7161e-015	2.12136e-014	2.31588e-013	2.21668e-012	1.84228e-011	1.31558e-010	8.00253e-010	4.12522e-009	1.80065e-008	6.67833e-008	2.11766e-007	5.77534e-007	1.35837e-006	2.75786e-006	4.90391e-006	8.30242e-006	1.71404e-005	5.31792e-005	0.000203311	0.000755357	0.00250508	0.00724769	0.0181368	0.0390318	0.071863	0.112612	0.149426	0.167043	0.156566	0.122501	0.079719	0.0430339	0.019243	0.00712809	0.00219094	0.000560685	0.000120109	2.1713e-005	3.35471e-006	4.52327e-007	5.51034e-008	6.38865e-009	7.62948e-010	1.23254e-010	5.31598e-011	4.41907e-011	3.68616e-011	2.6476e-011	1.60096e-011	8.27099e-012	4.43311e-012	
N45	6.08063e-017	9.32493e-015	1.92987e-012	2.43289e-010	2.06897e-008	1.91661e-006	3.89966e-005	9.93648e-005	0.00170506	0.0209804	0.118401	0.344797	0.451791	0.0587029	0.0033581	0.000121079	3.05324e-006	5.87992e-008	5.13928e-009	6.49583e-009	7.45126e-009	6.45089e-009	4.0752e-009	1.78152e-009	4.9012e-010	6.94218e-011	2.67662e-012	5.34563e-014	6.80086e-016	6.10102e-018	4.09654e-020	2.14353e-022	8.98749e-025	3.08804e-027	8.83429e-030	2.13767e-032	4.41953e-035	7.92326e-038	1.24082e-040	1.733e-043	2.17493e-046	2.54694e-049	2.80031e-052	3.05469e-055	3.23032e-058	3.45553e-061	3.49329e-064	3.45671e-067	3.11627e-070	2.67948e-073	2.06792e-076	1.50936e-079	9.85575e-083	6.08502e-086	3.35697e-089	1.75635e-092	8.18217e-096	3.71311e-099	
Carex_capillaris	0	0	0	0	0	0	0	0	1	0	0	0	0	0	0	0	0	0	0	0	0	0	0	0	0	0	0	0	0	0	0	0	0	0	0	0	0	0	0	0	0	0	0	0	0	0	0	0	0	0	0	0	0	0	0	0	0	0	
Carex_halleriana	0	0	0	0	0	0	0	0	0	0	0	0	0	0	0	0	0	0	0	0	0	0	0	0	0	1	0	0	0	0	0	0	0	0	0	0	0	0	0	0	0	0	0	0	0	0	0	0	0	0	0	0	0	0	0	0	0	0	
Carex_baccans	0	0	0	0	0	0	0	0	0	0	0	0	0	0	0	0	0	0	0	0	0	0	1	0	0	0	0	0	0	0	0	0	0	0	0	0	0	0	0	0	0	0	0	0	0	0	0	0	0	0	0	0	0	0	0	0	0	0	
N46	1.31548e-032	3.99084e-031	2.57677e-029	1.94692e-027	1.28636e-025	5.65409e-024	3.30248e-022	1.9363e-020	8.70671e-019	2.43909e-017	3.28709e-016	2.11098e-015	9.27983e-015	7.88017e-014	1.69929e-012	3.6524e-011	6.15174e-010	7.71539e-009	6.90297e-008	4.22657e-007	1.7162e-006	4.5558e-006	7.96186e-006	9.48049e-006	8.33029e-006	6.32108e-006	5.09005e-006	5.42662e-006	1.48125e-005	9.13035e-005	0.000559288	0.00277646	0.0108344	0.0329006	0.0772289	0.139416	0.192849	0.203975	0.164884	0.101981	0.0483936	0.0176951	0.00501421	0.00111057	0.000194379	2.81537e-005	3.56617e-006	7.09327e-007	1.46504e-007	8.3749e-008	1.93923e-008	1.24432e-008	5.07229e-009	5.07842e-009	4.26054e-009	3.30466e-009	1.95046e-009	1.0694e-009	
Carex_echinochloe	0	0	0	0	0	0	0	0	0	0	0	0	0	0	0	0	0	0	0	0	1	0	0	0	0	0	0	0	0	0	0	0	0	0	0	0	0	0	0	0	0	0	0	0	0	0	0	0	0	0	0	0	0	0	0	0	0	0	
N47	5.97238e-035	2.48936e-033	3.56956e-031	5.45481e-029	5.47636e-027	3.72185e-025	3.3678e-023	2.4998e-021	1.02452e-019	1.66072e-018	9.56222e-018	3.38887e-017	2.1085e-016	3.97108e-015	1.15925e-013	2.79779e-012	4.6862e-011	5.10354e-010	3.48711e-009	1.47876e-008	3.96467e-008	7.06749e-008	9.11405e-008	9.73816e-008	1.06818e-007	1.4781e-007	2.80218e-007	8.74801e-007	4.94461e-006	3.48508e-005	0.000226844	0.00122541	0.00529528	0.0180195	0.0479012	0.0990212	0.158794	0.197377	0.190248	0.142441	0.0830678	0.0378743	0.013562	0.00383973	0.000865824	0.000161763	2.63729e-005	6.44786e-006	1.92919e-006	1.33817e-006	5.88623e-007	4.28936e-007	2.25941e-007	1.33662e-007	5.98147e-008	2.34049e-008	7.05791e-009	2.17455e-009	
N48	5.75048e-029	5.15334e-028	8.99875e-027	2.05884e-025	5.03102e-024	1.20664e-022	2.74409e-021	5.6713e-020	1.01802e-018	1.56442e-017	2.12173e-016	2.65658e-015	3.10593e-014	3.27565e-013	2.95348e-012	2.17047e-011	1.25682e-010	5.623e-010	1.93285e-009	5.15615e-009	1.09906e-008	1.97505e-008	3.26433e-008	5.71387e-008	1.30453e-007	4.51425e-007	2.17298e-006	1.19523e-005	6.47804e-005	0.000317834	0.0013495	0.00484172	0.0144802	0.0357909	0.0726813	0.120746	0.163621	0.180527	0.162079	0.118477	0.0706322	0.0344372	0.0137829	0.00455035	0.00124727	0.000286967	5.68292e-005	1.04637e-005	2.19469e-006	6.93326e-007	3.12823e-007	1.7434e-007	1.22907e-007	1.24371e-007	1.46286e-007	1.60209e-007	1.48837e-007	1.34248e-007	
Carex_pendula	0	0	0	0	0	0	0	0	0	0	0	0	0	0	0	0	0	0	0	0	0	0	0	0	0	0	0	0	1	0	0	0	0	0	0	0	0	0	0	0	0	0	0	0	0	0	0	0	0	0	0	0	0	0	0	0	0	0	
N49	3.86129e-023	5.72691e-022	2.02454e-020	6.54918e-019	1.69237e-017	3.73052e-016	6.26387e-015	6.51001e-014	5.27697e-013	3.12093e-012	1.54839e-011	1.22364e-010	1.49835e-009	1.53674e-008	1.01772e-007	4.11699e-007	1.01232e-006	1.49385e-006	1.4093e-006	1.28129e-006	2.19249e-006	5.03464e-006	9.99865e-006	1.58947e-005	2.23256e-005	5.41963e-005	0.00032826	0.00205762	0.00980636	0.0342222	0.0870202	0.161125	0.217158	0.213058	0.152403	0.0799657	0.0311251	0.0091367	0.00205789	0.000362839	5.09253e-005	5.83089e-006	5.55114e-007	4.61171e-008	3.45966e-009	2.57696e-010	1.89792e-011	1.44767e-012	1.02364e-013	6.89642e-015	4.04298e-016	2.17847e-017	1.01159e-018	4.30162e-020	1.58178e-021	5.35104e-023	1.57222e-024	4.92922e-026	
Carex_hostiana	0	0	0	0	0	0	0	0	0	0	0	0	0	0	0	0	0	0	0	0	0	0	0	0	0	0	0	1	0	0	0	0	0	0	0	0	0	0	0	0	0	0	0	0	0	0	0	0	0	0	0	0	0	0	0	0	0	0	
Carex_viridula	0	0	0	0	0	0	0	0	0	0	0	0	0	0	0	0	0	0	0	0	0	0	0	0	0	0	0	0	0	0	0	0	0	0	1	0	0	0	0	0	0	0	0	0	0	0	0	0	0	0	0	0	0	0	0	0	0	0	
N50	7.39185e-033	3.64404e-031	3.53578e-029	2.95055e-027	1.84835e-025	8.68747e-024	3.71909e-022	1.31306e-020	2.97718e-019	3.8589e-018	3.06328e-017	1.83541e-016	1.09039e-015	8.99098e-015	1.13034e-013	1.44434e-012	1.46406e-011	1.12667e-010	6.75367e-010	3.27883e-009	1.32071e-008	4.43999e-008	1.24902e-007	3.01394e-007	6.67397e-007	1.46914e-006	3.29575e-006	7.61617e-006	2.09204e-005	8.13511e-005	0.000383855	0.0017206	0.00652835	0.0201443	0.0497857	0.0978766	0.152569	0.188341	0.184168	0.142839	0.0880702	0.0432998	0.0170395	0.00539159	0.00137934	0.00028775	4.97264e-005	7.5572e-006	1.19815e-006	3.39509e-007	1.64636e-007	1.10198e-007	6.58214e-008	3.59679e-008	1.58591e-008	5.83256e-009	1.73803e-009	5.2732e-010	
N51	1.58216e-026	9.97602e-026	1.46107e-024	2.67393e-023	4.80805e-022	7.85413e-021	1.15786e-019	1.5156e-018	1.67978e-017	1.51423e-016	1.13439e-015	7.83925e-015	5.69793e-014	4.68452e-013	4.24713e-012	3.89173e-011	3.29789e-010	2.41768e-009	1.46416e-008	7.11132e-008	2.72967e-007	8.27999e-007	2.015e-006	4.06991e-006	7.25697e-006	1.25687e-005	2.33316e-005	4.8276e-005	0.000111234	0.000292524	0.000876225	0.00274021	0.00803125	0.0206257	0.0450025	0.0823557	0.125754	0.159914	0.169302	0.149332	0.109897	0.0676181	0.0348739	0.0151253	0.005536	0.00172277	0.000461074	0.000117848	3.8185e-005	2.95096e-005	2.94189e-005	3.19056e-005	2.85324e-005	2.30479e-005	1.53574e-005	8.95127e-006	4.48865e-006	2.43397e-006	
Carex_punctata	0	0	0	0	0	0	0	0	0	0	0	0	0	0	0	0	0	0	0	0	0	0	0	0	0	0	0	0	0	0	0	0	0	1	0	0	0	0	0	0	0	0	0	0	0	0	0	0	0	0	0	0	0	0	0	0	0	0	
Carex_hochstetteriana	0	0	0	0	0	0	0	0	0	0	0	0	0	0	0	0	0	0	0	0	0	0	0	0	0	0	0	0	0	0	0	0	0	0	0	0	0	1	0	0	0	0	0	0	0	0	0	0	0	0	0	0	0	0	0	0	0	0	
N52	2.95606e-029	2.58195e-028	9.4986e-027	5.3864e-025	2.31664e-023	8.2283e-022	3.70604e-020	1.33862e-018	2.91848e-017	2.92335e-016	1.44514e-015	7.29856e-015	7.66437e-014	1.12254e-012	1.58313e-011	1.85163e-010	1.65196e-009	1.06649e-008	4.84707e-008	1.54826e-007	3.5705e-007	6.33085e-007	9.71004e-007	1.58405e-006	3.53364e-006	1.1421e-005	4.62389e-005	0.000202184	0.0008521	0.00319696	0.0102011	0.0270512	0.0589443	0.104942	0.1522	0.179546	0.172175	0.134227	0.0851333	0.0439863	0.0185484	0.00639911	0.00181152	0.000422314	8.14405e-005	1.30776e-005	1.77179e-006	2.10017e-007	2.42204e-008	3.38655e-009	6.53289e-010	1.50928e-010	3.55969e-011	8.15624e-012	1.75636e-012	3.46384e-013	6.0979e-014	1.16403e-014	
Carex_comans	0	0	0	0	0	0	0	0	0	0	0	0	0	0	0	0	0	0	0	1	0	0	0	0	0	0	0	0	0	0	0	0	0	0	0	0	0	0	0	0	0	0	0	0	0	0	0	0	0	0	0	0	0	0	0	0	0	0	
N53	7.41848e-028	8.14833e-027	1.91515e-025	5.42855e-024	1.4714e-022	3.54743e-021	7.43717e-020	1.3075e-018	1.86796e-017	2.20543e-016	2.3197e-015	2.38461e-014	2.49741e-013	2.55475e-012	2.3543e-011	1.82496e-010	1.13996e-009	5.62698e-009	2.1995e-008	6.97776e-008	1.8897e-007	4.73324e-007	1.20354e-006	3.26355e-006	9.26264e-006	2.70999e-005	8.5401e-005	0.00030115	0.00111629	0.00388975	0.011794	0.0300009	0.0630514	0.108785	0.153664	0.177527	0.16774	0.129719	0.0822142	0.0427853	0.0183276	0.00648144	0.00189863	0.000462889	9.43358e-005	1.65133e-005	2.53313e-006	5.45657e-007	1.33535e-007	1.03467e-007	3.41001e-008	2.79947e-008	9.56842e-009	7.94733e-009	4.52317e-009	3.63561e-009	2.2235e-009	1.45893e-009	
Carex_extensa	0	0	0	0	0	0	0	0	0	0	0	0	0	0	0	0	0	0	0	0	0	0	0	0	0	0	0	0	0	1	0	0	0	0	0	0	0	0	0	0	0	0	0	0	0	0	0	0	0	0	0	0	0	0	0	0	0	0	
Carex_distans	0	0	0	0	0	0	0	0	0	0	0	0	0	0	0	0	0	0	0	0	0	0	0	0	0	0	0	0	0	0	0	0	0	0	1	0	0	0	0	0	0	0	0	0	0	0	0	0	0	0	0	0	0	0	0	0	0	0	
N54	2.28404e-037	1.7694e-035	3.41315e-033	6.28537e-031	8.33592e-029	6.25737e-027	5.30571e-025	4.70046e-023	2.69391e-021	7.95097e-020	1.10171e-018	8.82155e-018	5.62709e-017	4.5362e-016	9.6927e-015	2.78149e-013	6.18843e-012	9.5404e-011	9.75035e-010	6.42498e-009	2.70327e-008	7.39334e-008	1.40027e-007	2.09861e-007	3.01635e-007	4.75502e-007	8.09568e-007	1.42924e-006	3.21777e-006	1.40411e-005	8.93872e-005	0.000538632	0.00267031	0.0104748	0.0319955	0.0754512	0.136724	0.190009	0.202559	0.165974	0.104894	0.0513713	0.0196072	0.00587499	0.00139446	0.000271291	4.62192e-005	1.23433e-005	4.41355e-006	3.93381e-006	2.2251e-006	2.48631e-006	2.2507e-006	2.29755e-006	1.82211e-006	1.20624e-006	6.19933e-007	3.13028e-007	
N55	3.34968e-026	2.37759e-025	3.09916e-024	5.40234e-023	1.02648e-021	1.87748e-020	3.11303e-019	4.52402e-018	5.67239e-017	6.18339e-016	6.00961e-015	5.32225e-014	4.29436e-013	3.08678e-012	1.91548e-011	9.97982e-011	4.28752e-010	1.51009e-009	4.39691e-009	1.08557e-008	2.38059e-008	4.98881e-008	1.1101e-007	2.95022e-007	9.88128e-007	3.95566e-006	1.71709e-005	7.42903e-005	0.000301716	0.00110591	0.00356953	0.00999285	0.0240279	0.0492917	0.085847	0.126463	0.157144	0.164411	0.144696	0.107119	0.0667641	0.035096	0.0156008	0.0058848	0.0018927	0.000523096	0.000126514	2.84674e-005	7.31305e-006	3.05416e-006	2.01509e-006	1.56808e-006	1.25408e-006	9.97272e-007	7.55386e-007	5.28295e-007	3.39009e-007	2.3235e-007	
Carex_scirpoidea	0	0	0	0	0	0	0	0	0	0	0	0	0	0	0	0	0	0	0	0	0	0	0	0	0	0	0	0	0	0	1	0	0	0	0	0	0	0	0	0	0	0	0	0	0	0	0	0	0	0	0	0	0	0	0	0	0	0	
Carex_debilis	0	0	0	0	0	0	0	0	0	0	0	0	0	0	0	0	0	0	0	0	0	0	0	0	0	0	1	0	0	0	0	0	0	0	0	0	0	0	0	0	0	0	0	0	0	0	0	0	0	0	0	0	0	0	0	0	0	0	
N56	7.90546e-032	1.76505e-030	8.60524e-029	4.29749e-027	1.83687e-025	6.49661e-024	2.02483e-022	5.42303e-021	1.12106e-019	1.57353e-018	1.40696e-017	9.17048e-017	6.19947e-016	5.66423e-015	6.31877e-014	6.99379e-013	6.77821e-012	5.44803e-011	3.59828e-010	1.98209e-009	9.18379e-009	3.52318e-008	1.09268e-007	2.72136e-007	5.55601e-007	9.80156e-007	1.66116e-006	3.28516e-006	9.2204e-006	3.55767e-005	0.000157083	0.000686443	0.00271141	0.00915975	0.0256295	0.0583508	0.107073	0.157619	0.185821	0.1755	0.133021	0.0811499	0.0399976	0.0160013	0.00522441	0.00140297	0.000314399	6.24814e-005	1.36438e-005	6.4848e-006	5.5635e-006	6.8206e-006	7.66879e-006	8.27628e-006	7.35553e-006	5.50079e-006	3.36691e-006	2.07476e-006	
N57	3.51518e-024	3.12125e-023	7.20421e-022	1.82175e-020	4.01704e-019	6.94173e-018	1.20529e-016	2.04042e-015	2.96286e-014	3.2662e-013	2.25983e-012	9.10846e-012	2.60969e-011	9.47679e-011	6.55613e-010	5.22489e-009	3.5986e-008	2.10694e-007	1.09942e-006	5.25612e-006	2.20461e-005	7.49883e-005	0.000196381	0.00039122	0.000600821	0.000728444	0.000716016	0.000595831	0.000503999	0.000763182	0.00221288	0.0068819	0.0185523	0.0418738	0.0786587	0.122752	0.159008	0.170926	0.152513	0.113062	0.0697333	0.0358697	0.0154323	0.00558739	0.00171745	0.000461424	0.000114351	3.00836e-005	9.15565e-006	3.26058e-006	1.13229e-006	3.70356e-007	1.04712e-007	2.65487e-008	5.76983e-009	1.12479e-009	1.92108e-010	3.73549e-011	
Carex_grayi	0	0	0	0	0	0	0	0	0	0	0	0	0	0	0	0	0	0	0	0	0	0	0	0	0	1	0	0	0	0	0	0	0	0	0	0	0	0	0	0	0	0	0	0	0	0	0	0	0	0	0	0	0	0	0	0	0	0	
N58	1.19564e-025	1.35843e-024	3.85463e-023	1.10497e-021	2.68209e-020	5.42491e-019	1.01539e-017	1.68776e-016	2.17921e-015	1.81135e-014	8.58869e-014	3.00422e-013	1.39466e-012	1.21557e-011	1.53776e-010	1.98537e-009	2.20054e-008	1.90774e-007	1.19566e-006	5.07981e-006	1.41793e-005	2.62703e-005	3.37345e-005	3.1839e-005	2.33901e-005	1.40907e-005	7.5636e-006	4.67946e-006	5.63106e-006	1.7185e-005	9.11671e-005	0.000502029	0.00234263	0.00881699	0.0263949	0.062443	0.116251	0.1699	0.194749	0.175326	0.124264	0.0698999	0.0313763	0.0117041	0.00368258	0.0012601	0.000425184	0.000225379	8.7751e-005	4.65334e-005	1.63821e-005	7.28285e-006	2.37101e-006	8.55679e-007	2.3752e-007	6.32765e-008	1.3308e-008	3.14492e-009	
Carex_saxatilis	0	0	0	0	0	0	0	0	0	0	0	0	0	0	0	0	0	0	0	0	0	0	0	0	0	0	0	0	0	0	0	0	0	0	0	0	0	0	1	0	0	0	0	0	0	0	0	0	0	0	0	0	0	0	0	0	0	0	
N59	3.26351e-033	1.05076e-034	4.76691e-036	2.74179e-033	9.35458e-031	3.85818e-031	1.29893e-027	4.58583e-024	9.45865e-021	6.27149e-021	3.36523e-023	1.06715e-025	2.8822e-027	3.76155e-024	1.35775e-020	3.24824e-017	4.77736e-014	3.72077e-011	1.40911e-009	1.90904e-011	1.1249e-013	4.1385e-016	1.06584e-018	2.03729e-021	2.96759e-024	3.33301e-027	5.10954e-030	1.05328e-029	3.80324e-026	2.39247e-022	1.10408e-018	3.60103e-015	7.9067e-012	1.09166e-008	8.54247e-006	0.00316715	0.374694	0.60847	0.0135637	9.6529e-005	3.2581e-007	6.24934e-010	7.5749e-013	6.24752e-016	3.71058e-019	1.6793e-022	6.12619e-026	1.96982e-029	6.04401e-033	1.95519e-036	6.34162e-040	2.00685e-043	5.52927e-047	1.33305e-050	2.65399e-054	4.5074e-058	6.29642e-062	7.59802e-066	
Carex_membranacea	0	0	0	0	0	0	0	0	0	0	0	0	0	0	0	0	0	0	0	0	0	0	0	0	0	0	0	0	0	0	0	0	0	0	0	0	0	1	0	0	0	0	0	0	0	0	0	0	0	0	0	0	0	0	0	0	0	0	
Carex_rostrata	0	0	0	0	0	0	0	0	0	0	0	0	0	0	0	0	0	0	0	0	0	0	0	0	0	0	0	0	0	0	0	0	0	0	0	0	1	0	0	0	0	0	0	0	0	0	0	0	0	0	0	0	0	0	0	0	0	0	
N60	5.59568e-030	1.95787e-028	1.46763e-026	9.51013e-025	4.69601e-023	1.88736e-021	6.28049e-020	1.40921e-018	1.75161e-017	1.6312e-016	1.71711e-015	1.50036e-014	9.9667e-014	7.64769e-013	8.53857e-012	9.22332e-011	7.42757e-010	4.17862e-009	1.63023e-008	4.62718e-008	1.15158e-007	3.42413e-007	1.21608e-006	3.99938e-006	1.07498e-005	2.31101e-005	4.01621e-005	5.85943e-005	8.43076e-005	0.000186217	0.000692568	0.0027475	0.00933275	0.0259127	0.0582585	0.105772	0.154904	0.182944	0.174295	0.134093	0.0834437	0.0420974	0.0172693	0.00578454	0.00159129	0.000364347	7.15635e-005	1.33172e-005	2.7974e-006	7.77027e-007	2.41716e-007	7.38631e-008	1.96296e-008	4.5952e-009	9.09217e-010	1.56944e-010	2.32643e-011	3.75275e-012	
N61	2.09511e-026	1.65196e-025	2.96574e-024	6.54857e-023	1.44058e-021	2.98008e-020	5.61712e-019	9.43272e-018	1.43689e-016	2.0713e-015	2.83058e-014	3.47549e-013	3.57433e-012	2.90551e-011	1.79767e-010	8.34692e-010	2.95392e-009	8.40685e-009	2.1091e-008	5.15549e-008	1.31679e-007	3.65171e-007	1.08861e-006	3.25487e-006	9.24953e-006	2.604e-005	8.25364e-005	0.000307055	0.00117977	0.00410927	0.0122113	0.0303062	0.0623639	0.10612	0.149148	0.173064	0.165792	0.131181	0.0858015	0.04645	0.0208499	0.00777762	0.00241835	0.000629388	0.000137974	2.57671e-005	4.19344e-006	6.22845e-007	9.13087e-008	1.43145e-008	2.4199e-009	4.15099e-010	6.92949e-011	1.19838e-011	2.53801e-012	6.87241e-013	1.98301e-013	6.38932e-014	
Carex_rariflora	0	0	0	0	0	0	0	0	0	0	0	0	0	0	0	0	0	0	0	0	0	0	0	0	0	1	0	0	0	0	0	0	0	0	0	0	0	0	0	0	0	0	0	0	0	0	0	0	0	0	0	0	0	0	0	0	0	0	
Carex_magellanica	0	0	0	0	0	0	0	0	0	0	0	0	0	0	0	0	0	0	0	0	0	0	0	0	0	0	0	0	1	0	0	0	0	0	0	0	0	0	0	0	0	0	0	0	0	0	0	0	0	0	0	0	0	0	0	0	0	0	
N62	2.35358e-027	2.98961e-026	9.17463e-025	2.86273e-023	7.48786e-022	1.54131e-020	3.09197e-019	5.69418e-018	8.23148e-017	8.30044e-016	5.35646e-015	2.42569e-014	1.02058e-013	6.5073e-013	8.36746e-012	1.27497e-010	1.63837e-009	1.60386e-008	1.12803e-007	5.40134e-007	1.69624e-006	3.49435e-006	4.94369e-006	5.26901e-006	4.95794e-006	5.10748e-006	6.25073e-006	7.93372e-006	9.50876e-006	1.44638e-005	5.45782e-005	0.000312339	0.00158583	0.00647244	0.0209037	0.0530916	0.105561	0.163739	0.197696	0.185667	0.135758	0.0775216	0.0347224	0.0123087	0.00348181	0.00082138	0.000168818	4.34171e-005	1.39331e-005	7.25386e-006	3.14436e-006	1.44905e-006	5.18477e-007	1.71622e-007	4.49697e-008	1.03527e-008	1.94089e-009	3.95511e-010	
Carex_shimidzensis	0	0	0	0	0	0	0	0	0	0	0	0	0	0	0	0	0	0	0	0	0	0	0	0	0	0	0	0	0	0	0	0	0	1	0	0	0	0	0	0	0	0	0	0	0	0	0	0	0	0	0	0	0	0	0	0	0	0	
N63	2.40473e-033	1.40053e-032	1.78798e-031	6.98992e-030	1.13383e-027	1.68077e-027	2.15297e-025	7.78529e-023	1.79672e-020	1.24392e-018	1.61184e-018	2.39121e-019	2.23687e-020	5.26082e-020	6.34232e-018	1.01456e-015	1.34128e-013	1.16912e-011	4.75304e-010	5.73989e-009	1.50597e-008	1.01121e-008	2.52871e-009	3.38393e-010	3.28449e-011	2.81117e-012	2.29755e-013	2.54136e-014	1.59525e-014	5.1934e-013	4.6309e-011	3.27354e-009	1.62769e-007	5.46966e-006	0.000120053	0.0016605	0.01394	0.0684709	0.190773	0.296219	0.256922	0.127201	0.0371833	0.00667622	0.000765889	5.88457e-005	3.18147e-006	1.43113e-007	6.59374e-009	4.72314e-010	3.36459e-011	2.35816e-012	1.22827e-013	5.32655e-015	1.72794e-016	4.53346e-018	9.08574e-020	1.63263e-021	
N64	7.30917e-039	1.13006e-037	2.76772e-036	2.97508e-034	4.5293e-032	3.25615e-031	4.52154e-029	9.60048e-027	1.78681e-024	1.23032e-022	3.36847e-022	2.62628e-022	1.37829e-022	1.61995e-021	2.33437e-019	3.74354e-017	4.00163e-015	2.39818e-013	5.82052e-012	2.86213e-011	2.6329e-011	6.88488e-012	7.23297e-013	3.98904e-014	1.65995e-015	1.42295e-016	2.6571e-017	1.24518e-017	2.05237e-016	4.70208e-015	2.75774e-013	4.02148e-011	4.80942e-009	3.79267e-007	1.85263e-005	0.000526162	0.00805689	0.0611214	0.213878	0.341109	0.257111	0.0966505	0.0192298	0.00214885	0.000142565	5.90551e-006	1.59822e-007	2.94879e-009	3.87842e-011	3.88163e-013	4.02752e-015	2.01748e-016	2.70759e-017	3.0478e-018	2.56876e-019	1.59429e-020	7.18461e-022	2.59242e-023	
Carex_nigra	0	0	0	0	0	0	0	0	0	0	0	0	0	0	0	0	0	0	0	0	0	0	0	0	0	0	0	0	0	0	0	0	0	0	0	0	0	0	0	0	1	0	0	0	0	0	0	0	0	0	0	0	0	0	0	0	0	0	
N65	1.31668e-044	3.39981e-043	1.28545e-041	2.78305e-039	9.72463e-037	1.53489e-035	5.45377e-033	2.00498e-030	4.52271e-028	1.89841e-026	2.6037e-026	1.77158e-026	2.45201e-026	2.71735e-024	9.80017e-022	2.34897e-019	3.3117e-017	2.2869e-015	4.67332e-014	1.06241e-013	3.97234e-014	4.54802e-015	2.26759e-016	6.15939e-018	1.26774e-019	4.2552e-021	3.57402e-022	7.05927e-022	1.99129e-019	1.20512e-016	5.58336e-014	1.75692e-011	3.56605e-009	4.40858e-007	3.09199e-005	0.00112505	0.0190001	0.131197	0.337718	0.337344	0.142775	0.0279294	0.00273189	0.000143456	4.31053e-006	7.84156e-008	9.07355e-010	6.97157e-012	3.69332e-014	1.3962e-016	3.95952e-019	1.4392e-021	6.8241e-023	7.16922e-024	6.02794e-025	3.71111e-026	1.60702e-027	5.09963e-029	
Carex_aquatilis_var_minor	0	0	0	0	0	0	0	0	0	0	0	0	0	0	0	0	0	0	0	0	0	0	0	0	0	0	0	0	0	0	0	0	0	0	0	0	0	1	0	0	0	0	0	0	0	0	0	0	0	0	0	0	0	0	0	0	0	0	
N66	4.92852e-049	1.08555e-047	1.01057e-045	5.25589e-043	1.71038e-040	1.3659e-038	8.00312e-036	4.19023e-033	1.28146e-030	4.66083e-029	9.18773e-029	8.35932e-029	2.97893e-028	6.60535e-026	2.10138e-023	4.20075e-021	4.69356e-019	2.40062e-017	3.15929e-016	3.76551e-016	8.5966e-017	6.69752e-018	2.40939e-019	5.23892e-021	4.49888e-022	2.03796e-022	8.54732e-023	4.5018e-022	1.80552e-019	1.38959e-016	7.78663e-014	2.9148e-011	6.90818e-009	9.70275e-007	7.41716e-005	0.00276037	0.0432192	0.238592	0.408394	0.243159	0.0574514	0.00603053	0.000310031	8.50093e-006	1.33827e-007	1.28794e-009	7.98934e-012	3.33984e-014	9.76898e-017	2.06514e-019	3.54741e-022	6.68438e-024	9.76958e-025	1.14767e-025	1.0068e-026	6.43693e-028	2.89174e-029	9.37763e-031	
Carex_aquatilis_var_aquatilis	0	0	0	0	0	0	0	0	0	0	0	0	0	0	0	0	0	0	0	0	0	0	0	0	0	0	0	0	0	0	0	0	0	0	0	0	0	1	0	0	0	0	0	0	0	0	0	0	0	0	0	0	0	0	0	0	0	0	
N67	1.37737e-051	3.41694e-050	8.95915e-049	2.3346e-047	3.09402e-044	7.95485e-044	9.90803e-041	3.76202e-037	6.86424e-034	2.44532e-032	2.62318e-033	2.08086e-034	1.17798e-034	4.28477e-032	6.54685e-029	6.65852e-026	3.84972e-023	8.2836e-021	1.72255e-019	3.76727e-020	8.65293e-022	2.7913e-023	3.02704e-024	3.35056e-025	3.1678e-026	2.5834e-027	1.28448e-027	2.5811e-026	1.19279e-022	4.50306e-019	1.11064e-015	1.68774e-012	1.46308e-009	6.51039e-007	0.000127628	0.00870583	0.143374	0.518947	0.288562	0.0385745	0.00167928	2.90967e-005	2.3251e-007	9.59815e-010	2.23716e-012	3.15935e-015	2.86074e-018	1.73916e-021	7.37782e-025	2.40132e-028	3.98868e-031	6.0156e-033	7.78324e-035	7.554e-037	6.51403e-039	3.92329e-040	8.90798e-041	1.65083e-041	
Carex_paleacea	0	0	0	0	0	0	0	0	0	0	0	0	0	0	0	0	0	0	0	0	0	0	0	0	0	0	0	0	0	0	0	0	0	0	0	1	0	0	0	0	0	0	0	0	0	0	0	0	0	0	0	0	0	0	0	0	0	0	
N68	3.99157e-039	2.84763e-039	2.58644e-038	1.50964e-036	3.29759e-035	8.74123e-035	1.64538e-033	1.70207e-032	6.49712e-032	1.65071e-032	1.13632e-034	3.03703e-036	1.80016e-035	1.38713e-032	1.56523e-029	9.60302e-027	2.67461e-024	2.44032e-022	2.62087e-021	7.91316e-022	4.21892e-023	2.71857e-024	3.90201e-025	4.93601e-026	1.89371e-026	2.07668e-026	1.88486e-026	3.39385e-026	3.47819e-023	1.42718e-019	3.95454e-016	6.80908e-013	6.7447e-010	3.45935e-007	7.89891e-005	0.00639208	0.130557	0.537643	0.289075	0.0349143	0.00131983	1.94475e-005	1.31045e-007	4.55664e-010	8.97312e-013	1.07624e-015	8.33e-019	4.35911e-022	1.60234e-025	4.28561e-029	1.03662e-031	6.47488e-032	3.32378e-032	1.26982e-032	3.54876e-033	7.0435e-034	9.43212e-035	8.24035e-036	
Carex_aquatilis	0	0	0	0	0	0	0	0	0	0	0	0	0	0	0	0	0	0	0	0	0	0	0	0	0	0	0	0	0	0	0	0	0	0	0	0	0	1	0	0	0	0	0	0	0	0	0	0	0	0	0	0	0	0	0	0	0	0	
Carex_recta	0	0	0	0	0	0	0	0	0	0	0	0	0	0	0	0	0	0	0	0	0	0	0	0	0	0	0	0	0	0	0	0	0	0	0	0	0	1	0	0	0	0	0	0	0	0	0	0	0	0	0	0	0	0	0	0	0	0	
N69	2.72985e-038	2.65014e-036	4.95845e-034	8.24903e-032	1.01095e-029	8.85814e-028	6.74892e-026	3.63656e-024	1.02925e-022	9.46274e-022	1.93123e-021	2.53787e-021	2.16732e-020	8.65716e-019	6.0785e-017	3.84237e-015	1.68002e-013	4.37435e-012	5.70609e-011	3.13423e-010	6.54414e-010	5.4677e-010	2.19066e-010	5.05994e-011	7.65543e-012	8.34111e-013	8.6763e-014	2.89904e-014	1.43628e-013	2.5955e-012	1.25756e-010	7.35437e-009	3.21005e-007	9.55446e-006	0.000186584	0.00230739	0.0174434	0.0780256	0.201206	0.294824	0.245886	0.118875	0.0343319	0.0061411	0.000706321	5.4302e-005	2.90511e-006	1.15391e-007	3.80892e-009	1.33783e-010	5.57058e-012	2.50922e-013	1.32569e-014	5.3926e-015	5.02355e-015	3.5999e-015	1.81221e-015	7.158e-016	
Carex_kiotensis	0	0	0	0	0	0	0	0	0	0	0	0	0	0	0	0	0	0	0	0	0	0	0	0	0	0	0	0	0	0	0	0	0	0	0	0	1	0	0	0	0	0	0	0	0	0	0	0	0	0	0	0	0	0	0	0	0	0	
Carex_heterolepis	0	0	0	0	0	0	0	0	0	0	0	0	0	0	0	0	0	0	0	0	0	0	0	0	0	0	0	0	0	0	0	0	0	0	0	0	0	0	0	1	0	0	0	0	0	0	0	0	0	0	0	0	0	0	0	0	0	0	
