NODE	1	2	3	4	5	6	7	8	9	10	11	12	13	14	15	16	17	18	19	20	21	22	23	24	25	26	27	28	29	30	31	32	33	34	35	36	37	38	39	40	41	42	43	44	45	46	47	48	49	50	51	52	53	54	55	56	57	58	59	60	61	62	63	64	65	66	67	68	69	70	71	
N1	3.86966e-008	3.64831e-008	3.44369e-008	3.47815e-008	3.96136e-008	4.96313e-008	6.49956e-008	8.57221e-008	1.13631e-007	1.5663e-007	2.29095e-007	3.82035e-007	7.22821e-007	1.44687e-006	4.78603e-006	1.03646e-005	1.78892e-005	2.63131e-005	3.4012e-005	3.94291e-005	3.39236e-005	2.86774e-005	2.53712e-005	2.48248e-005	2.73092e-005	3.26949e-005	4.02169e-005	4.8243e-005	5.46069e-005	5.75683e-005	4.62973e-005	3.69015e-005	3.09892e-005	2.89577e-005	3.06049e-005	3.54059e-005	4.23116e-005	4.95562e-005	5.50184e-005	5.71286e-005	4.53778e-005	3.58372e-005	2.99105e-005	2.78581e-005	2.94196e-005	3.4074e-005	4.08257e-005	4.79968e-005	5.35528e-005	5.59685e-005	4.48709e-005	3.59501e-005	3.06827e-005	2.95675e-005	3.28658e-005	4.11726e-005	5.59394e-005	8.1032e-005	0.000127736	0.000229319	0.000448439	0.00107481	0.00284663	0.00752888	0.0185933	0.041257	0.0804758	0.136204	0.198397	0.247478	0.263663	
N2	4.16872e-005	3.01053e-006	3.65146e-006	4.62025e-006	6.09127e-006	8.31877e-006	1.16549e-005	1.65505e-005	2.35095e-005	3.29968e-005	4.54296e-005	6.11926e-005	8.17639e-005	0.000109051	0.000144607	0.000192442	0.000255397	0.000337327	0.000441181	0.000565636	0.000711671	0.000875245	0.00109179	0.0014512	0.00212547	0.00337897	0.00553327	0.00890539	0.0138953	0.0213887	0.0334588	0.0517569	0.076298	0.102845	0.123629	0.131258	0.123066	0.102409	0.0762139	0.0511715	0.0314878	0.0176886	0.00918646	0.00443438	0.00199698	0.000840789	0.000331276	0.000122191	4.22013e-005	1.36523e-005	4.15858e-006	1.18239e-006	3.1582e-007	7.93241e-008	1.87634e-008	4.18623e-009	8.82217e-010	1.75861e-010	3.32008e-011	5.94304e-012	1.01322e-012	1.63361e-013	2.50397e-014	3.65166e-015	5.07039e-016	6.70718e-017	8.45615e-018	1.01637e-018	1.16473e-019	1.27271e-020	1.32684e-021	
Chrysitrix_capensis	0	0	0	0	0	0	0	0	0	0	0	0	0	0	0	0	0	0	0	0	0	0	1	0	0	0	0	0	0	0	0	0	0	0	0	0	0	0	0	0	0	0	0	0	0	0	0	0	0	0	0	0	0	0	0	0	0	0	0	0	0	0	0	0	0	0	0	0	0	0	0	
Lepironia_articulata	0	0	0	0	0	0	0	0	0	0	0	0	0	0	0	0	1	0	0	0	0	0	0	0	0	0	0	0	0	0	0	0	0	0	0	0	0	0	0	0	0	0	0	0	0	0	0	0	0	0	0	0	0	0	0	0	0	0	0	0	0	0	0	0	0	0	0	0	0	0	0	
N3	1.10564e-008	2.68503e-009	3.78255e-009	5.82542e-009	9.97872e-009	1.92954e-008	4.13371e-008	9.25375e-008	2.0206e-007	4.07719e-007	7.37405e-007	1.17067e-006	1.6222e-006	1.96352e-006	2.16835e-006	2.14351e-006	1.98064e-006	1.82142e-006	1.79079e-006	1.9632e-006	2.25927e-006	2.75708e-006	3.24188e-006	3.50765e-006	3.44679e-006	3.10577e-006	2.65154e-006	2.2736e-006	2.10395e-006	2.19408e-006	2.42452e-006	2.86725e-006	3.28671e-006	3.48292e-006	3.36484e-006	2.9909e-006	2.52759e-006	2.15431e-006	1.99175e-006	2.08581e-006	2.32181e-006	2.77836e-006	3.23702e-006	3.5127e-006	3.51846e-006	3.30715e-006	3.04588e-006	2.95249e-006	3.27806e-006	4.40431e-006	6.9252e-006	1.29961e-005	2.75928e-005	6.53337e-005	0.000172594	0.000499074	0.00150061	0.0044005	0.011916	0.0286498	0.0598466	0.105697	0.155379	0.186801	0.180265	0.136688	0.0794188	0.0343762	0.0108691	0.00264338	0.000658831	
N4	8.83292e-009	2.12212e-009	3.01643e-009	4.71608e-009	8.21121e-009	1.59458e-008	3.34793e-008	7.16804e-008	1.47499e-007	2.79271e-007	4.7475e-007	7.14421e-007	9.50128e-007	1.12157e-006	1.22012e-006	1.20957e-006	1.13804e-006	1.07456e-006	1.07734e-006	1.1769e-006	1.32839e-006	1.56267e-006	1.77853e-006	1.8805e-006	1.82879e-006	1.65598e-006	1.44294e-006	1.2742e-006	1.20597e-006	1.25593e-006	1.36382e-006	1.55649e-006	1.73049e-006	1.79711e-006	1.72421e-006	1.54631e-006	1.33953e-006	1.18081e-006	1.12072e-006	1.17651e-006	1.29542e-006	1.51188e-006	1.73848e-006	1.89689e-006	1.95494e-006	1.94262e-006	1.9472e-006	2.10775e-006	2.65418e-006	4.05693e-006	7.29949e-006	1.56407e-005	3.77023e-005	0.00010001	0.000288445	0.000875994	0.0026533	0.00757126	0.0194466	0.0435088	0.0835383	0.133799	0.176259	0.187845	0.159121	0.105034	0.0528411	0.0198395	0.0055616	0.00128131	0.000314086	
N5	3.65009e-009	1.16061e-009	2.07333e-009	4.08956e-009	8.40091e-009	1.69517e-008	3.21406e-008	5.56282e-008	8.63997e-008	1.1942e-007	1.47274e-007	1.62661e-007	1.63984e-007	1.55683e-007	1.47982e-007	1.48772e-007	1.63347e-007	1.92105e-007	2.28978e-007	2.62606e-007	2.79625e-007	2.74839e-007	2.51464e-007	2.19748e-007	1.92626e-007	1.79823e-007	1.85192e-007	2.06418e-007	2.35625e-007	2.6127e-007	2.71107e-007	2.61416e-007	2.36056e-007	2.04724e-007	1.79066e-007	1.67672e-007	1.7409e-007	1.96801e-007	2.29718e-007	2.63568e-007	2.87907e-007	3.00258e-007	3.05808e-007	3.19331e-007	3.70048e-007	5.1869e-007	9.1686e-007	1.98655e-006	4.97338e-006	1.37631e-005	4.11812e-005	0.000130716	0.000425903	0.00136231	0.00409833	0.0111953	0.0270131	0.0563095	0.0995408	0.146837	0.179401	0.17744	0.140719	0.0883638	0.0434492	0.0166393	0.00505425	0.00134453	0.000398224	0.000149123	5.70364e-005	
Lagenocarpus_guianensis	0	0	0	0	0	0	0	0	0	0	0	0	0	0	0	0	1	0	0	0	0	0	0	0	0	0	0	0	0	0	0	0	0	0	0	0	0	0	0	0	0	0	0	0	0	0	0	0	0	0	0	0	0	0	0	0	0	0	0	0	0	0	0	0	0	0	0	0	0	0	0	
N6	2.66462e-009	8.39296e-010	1.30775e-009	2.17175e-009	3.70672e-009	6.22846e-009	9.94572e-009	1.47424e-008	2.00365e-008	2.49229e-008	2.86765e-008	3.11691e-008	3.31854e-008	3.57692e-008	4.04172e-008	4.64387e-008	5.30149e-008	5.88584e-008	6.25948e-008	6.33576e-008	6.04144e-008	5.66858e-008	5.37181e-008	5.2642e-008	5.39813e-008	5.73295e-008	6.15189e-008	6.50395e-008	6.65374e-008	6.53088e-008	6.08794e-008	5.613e-008	5.25665e-008	5.12181e-008	5.25574e-008	5.62447e-008	6.13018e-008	6.6495e-008	7.08014e-008	7.39341e-008	7.605e-008	8.18089e-008	9.72724e-008	1.35389e-007	2.29247e-007	4.72132e-007	1.14815e-006	3.17728e-006	9.68131e-006	3.15128e-005	0.0001066	0.000361523	0.00118292	0.00360696	0.00996091	0.02433	0.0515057	0.0928258	0.140172	0.174849	0.17915	0.147212	0.0962718	0.0496117	0.0200353	0.00640181	0.00171442	0.000451046	0.000139292	4.80729e-005	1.59788e-005	
N7	7.6448e-009	3.2172e-009	4.43242e-009	5.86644e-009	7.4168e-009	8.94947e-009	1.03501e-008	1.15821e-008	1.27181e-008	1.39133e-008	1.53312e-008	1.69835e-008	1.8841e-008	2.0654e-008	2.22496e-008	2.3467e-008	2.41168e-008	2.4245e-008	2.41039e-008	2.40615e-008	2.43427e-008	2.49614e-008	2.5941e-008	2.6979e-008	2.77688e-008	2.80737e-008	2.78275e-008	2.71869e-008	2.64948e-008	2.61592e-008	2.64277e-008	2.73115e-008	2.88938e-008	3.0992e-008	3.36392e-008	3.74726e-008	4.469e-008	6.15527e-008	1.05541e-007	2.26638e-007	5.7057e-007	1.56939e-006	4.50877e-006	1.31597e-005	3.82611e-005	0.000109016	0.000300255	0.000790606	0.00197268	0.00462847	0.0101679	0.0206272	0.0383584	0.0646755	0.0976365	0.130198	0.151301	0.151269	0.128602	0.0920471	0.0554413	0.0278034	0.0120354	0.00498846	0.00242219	0.00153536	0.00111837	0.000814123	0.000556234	0.000346834	0.000195753	
Oreobolus_pectinatus	0	0	0	0	0	0	0	0	0	0	0	0	0	0	0	0	0	0	1	0	0	0	0	0	0	0	0	0	0	0	0	0	0	0	0	0	0	0	0	0	0	0	0	0	0	0	0	0	0	0	0	0	0	0	0	0	0	0	0	0	0	0	0	0	0	0	0	0	0	0	0	
N8	1.18988e-008	3.98432e-009	4.83239e-009	5.66698e-009	6.46173e-009	7.22277e-009	7.99332e-009	8.84037e-009	9.82507e-009	1.09666e-008	1.22128e-008	1.33833e-008	1.44172e-008	1.51551e-008	1.60285e-008	1.65975e-008	1.69344e-008	1.72453e-008	1.77203e-008	1.84559e-008	1.90007e-008	1.95355e-008	2.00845e-008	2.04481e-008	2.0562e-008	2.04844e-008	2.03827e-008	2.04781e-008	2.09714e-008	2.19946e-008	2.32661e-008	2.51369e-008	2.84589e-008	3.51079e-008	5.05374e-008	8.95819e-008	1.92669e-007	4.71579e-007	1.2398e-006	3.38254e-006	9.28762e-006	2.55915e-005	6.98884e-005	0.000186489	0.000479874	0.00117757	0.00273139	0.0059472	0.0120864	0.0228054	0.0396125	0.0630652	0.0914123	0.119333	0.138696	0.141899	0.12646	0.0973045	0.0642611	0.0364427	0.0180942	0.00820142	0.00384536	0.00212354	0.00137106	0.00092471	0.000603612	0.000375452	0.000227428	0.00013813	8.33494e-005	
N9	2.27213e-008	5.08845e-009	5.65047e-009	6.22323e-009	6.83507e-009	7.50711e-009	8.24036e-009	9.00718e-009	9.75317e-009	1.04112e-008	1.09232e-008	1.11447e-008	1.12833e-008	1.13311e-008	1.15801e-008	1.19506e-008	1.24468e-008	1.30772e-008	1.38052e-008	1.45645e-008	1.50721e-008	1.52827e-008	1.55312e-008	1.57836e-008	1.61666e-008	1.68665e-008	1.81972e-008	2.08495e-008	2.6624e-008	4.04481e-008	7.50305e-008	1.65885e-007	4.08707e-007	1.05457e-006	2.75126e-006	7.12033e-006	1.80766e-005	4.46841e-005	0.000106972	0.00024698	0.000543289	0.00114372	0.00230085	0.00441223	0.00805205	0.0139687	0.0230102	0.035921	0.0529523	0.0732933	0.0940648	0.110865	0.119126	0.115523	0.100245	0.077388	0.0531289	0.0328035	0.0188877	0.0109634	0.00707099	0.00523393	0.00421958	0.00348452	0.00297408	0.00284023	0.0032454	0.00419736	0.0053914	0.00621171	0.00610832	
N10	4.29617e-008	4.60427e-009	4.76145e-009	4.9022e-009	5.03364e-009	5.16704e-009	5.31509e-009	5.48846e-009	5.69354e-009	5.93272e-009	6.21026e-009	6.34885e-009	6.75373e-009	7.43164e-009	8.83593e-009	1.19554e-008	1.91295e-008	3.58641e-008	7.46743e-008	1.63331e-007	3.60639e-007	7.91125e-007	1.71511e-006	3.6629e-006	7.70103e-006	1.59329e-005	3.24059e-005	6.46679e-005	0.000126269	0.000240466	0.000445335	0.000798333	0.00138478	0.00231925	0.00374554	0.00583173	0.00876425	0.0127481	0.0180171	0.0248413	0.0336373	0.0443292	0.0567077	0.0697488	0.0815852	0.0898162	0.0922818	0.0880034	0.0777564	0.0638614	0.0494692	0.0364727	0.0265211	0.0196931	0.0153388	0.0126299	0.0108926	0.0096785	0.00869911	0.00775584	0.00674675	0.00558765	0.00436959	0.00320857	0.0022159	0.00145202	0.000915805	0.000564517	0.000343394	0.000206159	0.000121285	
Schoenus_brevifolius	0	0	0	0	0	0	0	0	0	0	0	0	0	0	0	0	0	0	0	0	0	0	0	0	0	0	0	0	0	0	0	0	0	0	0	0	0	0	0	0	0	0	0	0	0	0	0	0	0	0	0	0	0	0	0	0	0	0	0	0	1	0	0	0	0	0	0	0	0	0	0	
Schoenus_nigricans	0	0	0	0	0	0	0	0	0	0	0	0	0	0	0	0	0	0	0	0	0	1	0	0	0	0	0	0	0	0	0	0	0	0	0	0	0	0	0	0	0	0	0	0	0	0	0	0	0	0	0	0	0	0	0	0	0	0	0	0	0	0	0	0	0	0	0	0	0	0	0	
Gahnia_aspera	0	0	0	0	0	0	0	0	0	0	0	0	0	0	0	0	0	0	0	0	0	0	0	0	0	0	0	0	0	0	0	0	0	0	0	0	0	0	0	1	0	0	0	0	0	0	0	0	0	0	0	0	0	0	0	0	0	0	0	0	0	0	0	0	0	0	0	0	0	0	0	
N11	4.24119e-008	3.71824e-009	3.94322e-009	4.27743e-009	4.85336e-009	5.94665e-009	8.11417e-009	1.24655e-008	2.11828e-008	3.8462e-008	7.21289e-008	1.36003e-007	2.54552e-007	4.6842e-007	8.39906e-007	1.48857e-006	2.61724e-006	4.59103e-006	8.06543e-006	1.42273e-005	2.55397e-005	4.66073e-005	8.81354e-005	0.000175848	0.000373648	0.000837784	0.00192494	0.00435507	0.00934576	0.0185071	0.0335748	0.0545717	0.0794671	0.103678	0.121398	0.127886	0.121506	0.104347	0.0811402	0.0572101	0.0368714	0.0215041	0.0114273	0.00555521	0.00248558	0.00103234	0.000402342	0.000148944	5.29711e-005	1.82463e-005	6.13932e-006	1.99678e-006	6.29189e-007	1.91613e-007	5.63331e-008	1.59909e-008	4.38699e-009	1.16461e-009	2.99551e-010	7.47575e-011	1.8208e-011	4.29805e-012	9.89208e-013	2.22173e-013	4.86772e-014	1.03844e-014	2.15006e-015	4.30298e-016	8.28982e-017	1.5322e-017	2.71181e-018	
Tetraria_capillaris	0	0	0	0	0	0	0	0	0	1	0	0	0	0	0	0	0	0	0	0	0	0	0	0	0	0	0	0	0	0	0	0	0	0	0	0	0	0	0	0	0	0	0	0	0	0	0	0	0	0	0	0	0	0	0	0	0	0	0	0	0	0	0	0	0	0	0	0	0	0	0	
N12	2.69478e-006	2.04144e-006	3.52269e-006	5.89658e-006	9.62021e-006	1.56151e-005	2.6035e-005	4.60438e-005	8.66711e-005	0.000165812	0.000301137	0.000493421	0.000719862	0.000971974	0.00134777	0.00227392	0.00489502	0.011741	0.0265908	0.0517777	0.0844899	0.113447	0.127711	0.124588	0.110818	0.0946394	0.0789375	0.0624576	0.0448297	0.0282904	0.0156128	0.00746915	0.00317365	0.00124438	0.000477427	0.000190674	8.15182e-005	3.65518e-005	1.6499e-005	7.27214e-006	3.14897e-006	1.40075e-006	7.13102e-007	4.28777e-007	2.73824e-007	1.65252e-007	8.91799e-008	4.24603e-008	1.78989e-008	6.73732e-009	2.29624e-009	7.06248e-010	1.9789e-010	5.07307e-011	1.1949e-011	2.59782e-012	5.23755e-013	9.83002e-014	1.72086e-014	2.80905e-015	4.28054e-016	6.02488e-017	7.84589e-018	9.44632e-019	1.05293e-019	1.09014e-020	1.05315e-021	9.53924e-023	8.13377e-024	6.54519e-025	4.97694e-026	
Machaerina_articulata	0	0	0	0	0	0	0	0	0	0	0	1	0	0	0	0	0	0	0	0	0	0	0	0	0	0	0	0	0	0	0	0	0	0	0	0	0	0	0	0	0	0	0	0	0	0	0	0	0	0	0	0	0	0	0	0	0	0	0	0	0	0	0	0	0	0	0	0	0	0	0	
Machaerina_mariscoides	0	0	0	0	0	0	0	0	0	0	0	0	0	0	0	0	0	0	0	0	0	0	0	0	0	0	0	0	0	0	0	0	0	0	0	0	0	0	1	0	0	0	0	0	0	0	0	0	0	0	0	0	0	0	0	0	0	0	0	0	0	0	0	0	0	0	0	0	0	0	0	
N13	2.66021e-009	9.71612e-010	1.34592e-009	1.82171e-009	2.34958e-009	2.84532e-009	3.22667e-009	3.45793e-009	3.57578e-009	3.67848e-009	3.8834e-009	4.24453e-009	4.75022e-009	5.28213e-009	5.65467e-009	5.82612e-009	5.74288e-009	5.45988e-009	5.10085e-009	4.81535e-009	4.76255e-009	4.91398e-009	5.24475e-009	5.61754e-009	5.88669e-009	5.95154e-009	5.79053e-009	5.46565e-009	5.10206e-009	4.85016e-009	4.88119e-009	5.2039e-009	5.87732e-009	6.93191e-009	8.55837e-009	1.13776e-008	1.70674e-008	3.0162e-008	6.4098e-008	1.63436e-007	4.93718e-007	1.66674e-006	5.93951e-006	2.12249e-005	7.35667e-005	0.000243119	0.000759853	0.00222989	0.00606973	0.0150397	0.0334987	0.0647481	0.106885	0.148563	0.172043	0.164732	0.129678	0.083565	0.0439366	0.0188141	0.00660707	0.00189545	0.000459181	0.000100381	2.2125e-005	5.34802e-006	1.37383e-006	3.43328e-007	7.88359e-008	1.63731e-008	3.10453e-009	
N14	1.12168e-009	2.72451e-010	3.07451e-010	3.34893e-010	3.55688e-010	3.74525e-010	3.97112e-010	4.26792e-010	4.62474e-010	4.98882e-010	5.29422e-010	5.43042e-010	5.44307e-010	5.32351e-010	5.09845e-010	4.91596e-010	4.82463e-010	4.85538e-010	4.98944e-010	5.16968e-010	5.37074e-010	5.42428e-010	5.39901e-010	5.29524e-010	5.19245e-010	5.22153e-010	5.58859e-010	6.70122e-010	9.59598e-010	1.71953e-009	3.82705e-009	9.83699e-009	2.79584e-008	8.6253e-008	2.84138e-007	9.65827e-007	3.25263e-006	1.0539e-005	3.24061e-005	9.42494e-005	0.000262153	0.000689447	0.00171789	0.00405467	0.00906347	0.0191206	0.0376138	0.0674467	0.107075	0.14629	0.169602	0.161978	0.126656	0.080627	0.0416948	0.0175485	0.00606389	0.00175964	0.000449749	0.00010926	2.71724e-005	6.89548e-006	1.73353e-006	4.26368e-007	1.05133e-007	2.62597e-008	6.36487e-009	1.39837e-009	2.64438e-010	4.20785e-011	5.66585e-012	
N15	9.43603e-010	1.06245e-010	1.09974e-010	1.12715e-010	1.14469e-010	1.15376e-010	1.15675e-010	1.15681e-010	1.15782e-010	1.16452e-010	1.18515e-010	1.19775e-010	1.3128e-010	1.61809e-010	2.41664e-010	4.55456e-010	1.01111e-009	2.41332e-009	5.84821e-009	1.40631e-008	3.37295e-008	8.03793e-008	1.9248e-007	4.66447e-007	1.14392e-006	2.81389e-006	6.83987e-006	1.61829e-005	3.68966e-005	8.08491e-005	0.00017249	0.000356467	0.000718951	0.00141715	0.00272633	0.00511192	0.00934146	0.0166222	0.0286212	0.0470022	0.0727938	0.102484	0.128989	0.142904	0.137878	0.115118	0.0829721	0.0517308	0.0281484	0.0136482	0.0061725	0.00271164	0.00121698	0.000557919	0.000252713	0.000110088	4.59899e-005	1.86347e-005	7.36425e-006	2.80582e-006	1.01189e-006	3.3484e-007	1.00526e-007	2.71835e-008	6.61239e-009	1.45122e-009	2.89104e-010	5.26769e-011	8.83761e-012	1.36953e-012	1.95863e-013	
N16	1.25016e-006	8.98582e-007	1.36735e-006	1.89808e-006	2.50335e-006	3.59721e-006	6.2334e-006	1.15227e-005	1.95733e-005	3.00574e-005	4.45195e-005	6.54195e-005	9.02212e-005	0.000109532	0.000117401	0.00012831	0.000170407	0.000286293	0.000609677	0.00146445	0.00317304	0.00540761	0.0076133	0.0123774	0.0303193	0.0745831	0.139237	0.190398	0.195246	0.154817	0.0984332	0.0509233	0.0221435	0.00830568	0.00274947	0.000817674	0.000220908	5.44911e-005	1.22829e-005	2.52778e-006	4.76102e-007	8.13868e-008	1.26934e-008	1.80995e-009	2.36717e-010	2.85125e-011	3.17658e-012	3.28638e-013	3.16663e-014	2.84642e-015	2.39329e-016	1.86888e-017	1.36011e-018	9.22175e-020	5.82765e-021	3.43716e-022	1.89608e-023	9.80903e-025	4.77243e-026	2.18938e-027	9.50683e-029	3.88874e-030	1.50641e-031	5.53011e-033	1.9251e-034	6.3594e-036	1.99496e-037	5.94633e-039	1.68433e-040	4.53225e-042	1.15831e-043	
Dulichium_arundinaceum	0	0	0	0	0	0	0	0	0	0	0	0	0	0	0	1	0	0	0	0	0	0	0	0	0	0	0	0	0	0	0	0	0	0	0	0	0	0	0	0	0	0	0	0	0	0	0	0	0	0	0	0	0	0	0	0	0	0	0	0	0	0	0	0	0	0	0	0	0	0	0	
N17	1.30578e-007	7.18211e-008	2.5753e-007	9.00371e-007	2.17498e-006	3.624e-006	4.32969e-006	3.85366e-006	2.65217e-006	1.67921e-006	1.7618e-006	3.21208e-006	9.65371e-006	3.75878e-005	0.000103816	0.000182815	0.000211005	0.000166602	9.32996e-005	0.000276776	0.000826286	0.00844496	0.0637199	0.188489	0.279422	0.242953	0.137582	0.0551633	0.0169087	0.0042497	0.000924661	0.000175744	2.94626e-005	4.40369e-006	6.05029e-007	7.89841e-008	9.83709e-009	1.13378e-009	1.16276e-010	1.03308e-011	7.88781e-013	5.15565e-014	2.94932e-015	1.52516e-016	7.46063e-018	3.59205e-019	1.71319e-020	7.85949e-022	3.33386e-023	1.27101e-024	4.30696e-026	1.29012e-027	3.4841e-029	8.74296e-031	2.12912e-032	5.22654e-034	1.29979e-035	3.17642e-037	7.32923e-039	1.55335e-040	2.99967e-042	5.29951e-044	8.85845e-046	1.46558e-047	2.48717e-049	4.30178e-051	7.24324e-053	1.12891e-054	1.57708e-056	1.95455e-058	2.1694e-060	
Blysmus_compressus	0	0	0	0	0	0	0	0	0	0	0	0	0	0	0	0	0	0	0	0	0	1	0	0	0	0	0	0	0	0	0	0	0	0	0	0	0	0	0	0	0	0	0	0	0	0	0	0	0	0	0	0	0	0	0	0	0	0	0	0	0	0	0	0	0	0	0	0	0	0	0	
Blysmus_rufus	0	0	0	0	0	0	0	0	0	0	0	0	0	0	0	0	0	0	0	1	0	0	0	0	0	0	0	0	0	0	0	0	0	0	0	0	0	0	0	0	0	0	0	0	0	0	0	0	0	0	0	0	0	0	0	0	0	0	0	0	0	0	0	0	0	0	0	0	0	0	0	
N18	7.98458e-010	6.75898e-011	6.87254e-011	6.9735e-011	7.10979e-011	7.43362e-011	8.32098e-011	1.06678e-010	1.66403e-010	3.14848e-010	6.76465e-010	1.53005e-009	3.49072e-009	7.81194e-009	1.686e-008	3.55954e-008	7.42604e-008	1.55566e-007	3.32543e-007	7.3354e-007	1.69234e-006	3.99522e-006	9.46914e-006	2.19983e-005	4.91726e-005	0.000104985	0.000215202	0.000429521	0.000847219	0.00166248	0.0032649	0.00624719	0.0114924	0.0200929	0.0331728	0.0514827	0.0745624	0.0995426	0.120654	0.130996	0.127535	0.109573	0.0833918	0.056356	0.033948	0.0183347	0.00897299	0.0040567	0.00174318	0.000732153	0.000305815	0.000123512	4.7193e-005	1.67396e-005	5.50618e-006	1.70286e-006	5.037e-007	1.43262e-007	3.86435e-008	9.63909e-009	2.18209e-009	4.39407e-010	7.94662e-011	1.32897e-011	2.16729e-012	3.61211e-013	6.09273e-014	9.74188e-015	1.37738e-015	1.65176e-016	1.66698e-017	
N19	1.48577e-009	1.2366e-009	2.72531e-009	6.06304e-009	1.34796e-008	2.95962e-008	6.34995e-008	1.32191e-007	2.66554e-007	5.24066e-007	1.02264e-006	2.0249e-006	4.11158e-006	8.45116e-006	1.69798e-005	3.2959e-005	6.09538e-005	0.000106975	0.000178277	0.000284517	0.000449001	0.000721052	0.00122967	0.00225389	0.00430959	0.00813308	0.0143734	0.0230442	0.0333739	0.0447868	0.0589268	0.0775023	0.100369	0.121073	0.129476	0.119652	0.0951457	0.0659449	0.0410079	0.0238927	0.0137913	0.00805124	0.00482567	0.00293578	0.0017784	0.00105264	0.000598639	0.00032186	0.000160996	7.38667e-005	3.09453e-005	1.16759e-005	3.99463e-006	1.25004e-006	3.62506e-007	9.88175e-008	2.56005e-008	6.33112e-009	1.492e-009	3.33648e-010	7.08711e-011	1.41923e-011	2.69425e-012	4.84564e-013	8.21415e-014	1.30089e-014	1.90744e-015	2.57496e-016	3.19988e-017	3.67864e-018	3.94425e-019	
N20	3.51756e-006	2.38086e-006	3.06947e-006	3.67092e-006	5.85158e-006	1.74583e-005	6.01125e-005	0.000167378	0.000353459	0.000569074	0.000711815	0.000709986	0.000592507	0.000463943	0.000471758	0.000967538	0.00272166	0.00635875	0.0108335	0.0134991	0.013357	0.0127388	0.0142874	0.0168123	0.0212145	0.0404347	0.0855978	0.134823	0.147814	0.116441	0.069486	0.0324679	0.0130704	0.0112046	0.0257918	0.0452447	0.0538158	0.0468517	0.0315873	0.0170549	0.00755096	0.00274261	0.000828156	0.000210135	4.54357e-005	8.51841e-006	1.41168e-006	2.10529e-007	2.86057e-008	3.55646e-009	4.04631e-010	4.16131e-011	3.87032e-012	3.25839e-013	2.50008e-014	1.77022e-015	1.17533e-016	7.42619e-018	4.49955e-019	2.60765e-020	1.43295e-021	7.32673e-023	3.46121e-024	1.50105e-025	5.96745e-027	2.18156e-028	7.38164e-030	2.33015e-031	6.90713e-033	1.92802e-034	5.06367e-036	
Scirpus_pendulus	0	0	0	0	0	0	0	0	0	0	0	0	0	0	0	0	0	0	0	1	0	0	0	0	0	0	0	0	0	0	0	0	0	0	0	0	0	0	0	0	0	0	0	0	0	0	0	0	0	0	0	0	0	0	0	0	0	0	0	0	0	0	0	0	0	0	0	0	0	0	0	
N21	4.22334e-009	6.91041e-010	2.74968e-008	7.12485e-007	2.86077e-006	3.75365e-006	2.30554e-006	9.42038e-007	5.09917e-007	3.38186e-007	1.59491e-007	4.86963e-008	9.77932e-007	2.45493e-005	9.54341e-005	0.000125057	7.89001e-005	3.2388e-005	1.59401e-005	9.58293e-006	4.0413e-006	1.03353e-006	1.61659e-005	0.000291051	0.000739984	0.000566162	0.000187214	0.000215957	0.000216703	9.11517e-005	2.08294e-005	4.91689e-006	0.0125695	0.17572	0.389478	0.288799	0.103675	0.0228706	0.0036433	0.000448737	4.25898e-005	3.02716e-006	1.60662e-007	6.42213e-009	1.97431e-010	4.83178e-012	9.93616e-014	1.84562e-015	3.2866e-017	5.62332e-019	8.82454e-021	1.20134e-022	1.38356e-024	1.33549e-026	1.08732e-028	7.63814e-031	4.83947e-033	2.94979e-035	1.82468e-037	1.14286e-039	6.89822e-042	3.80033e-044	1.8732e-046	8.29303e-049	3.38159e-051	1.31196e-053	4.91818e-056	1.75149e-058	5.7174e-061	1.66101e-063	4.24842e-066	
N22	2.28713e-013	7.93294e-014	2.36216e-010	5.35378e-009	1.7268e-008	1.58665e-008	6.6378e-009	2.13431e-009	6.00118e-010	1.13854e-010	1.83369e-011	6.39091e-012	8.2984e-009	1.81375e-007	5.73059e-007	5.28208e-007	2.18607e-007	6.44999e-008	1.62133e-008	2.76717e-009	3.89073e-010	1.11666e-010	1.11857e-007	1.73315e-006	3.59822e-006	2.27923e-006	1.18167e-006	5.95282e-007	1.45008e-007	8.50121e-008	1.06514e-007	2.89354e-006	0.0187188	0.243283	0.449472	0.233862	0.0489364	0.0053255	0.000368165	1.80815e-005	6.53978e-007	1.75326e-008	3.53799e-010	5.28763e-012	5.76782e-014	4.9414e-016	5.00523e-018	8.38896e-020	1.24207e-021	1.21954e-023	8.26554e-026	4.11287e-028	1.56674e-030	4.58979e-033	1.04228e-035	2.00356e-038	4.92624e-041	2.1496e-043	8.86049e-046	2.58162e-048	5.50021e-051	9.0759e-054	1.20257e-056	1.28028e-059	1.09977e-062	8.30551e-066	8.40583e-069	1.62745e-071	3.46204e-074	7.24217e-077	1.53859e-079	
N23	3.89872e-016	6.50774e-013	3.52662e-011	2.00256e-010	2.58528e-010	1.1149e-010	2.43414e-011	5.10748e-012	1.90343e-012	8.25872e-013	2.5043e-013	2.47181e-011	1.18903e-009	6.63921e-009	8.43116e-009	3.57314e-009	7.17867e-010	1.09201e-010	2.45169e-011	8.64719e-012	2.43489e-012	2.23131e-010	9.55276e-009	4.47863e-008	4.73187e-008	2.42113e-008	1.81358e-008	1.83569e-008	1.38191e-008	6.49551e-009	1.85375e-009	0.00213062	0.100022	0.429608	0.368547	0.0908963	0.00841557	0.000369221	1.02369e-005	6.43879e-007	1.43612e-007	2.38618e-008	2.23292e-009	1.07008e-010	2.49938e-012	2.97507e-014	2.04454e-016	1.49247e-018	6.28638e-020	4.26217e-021	2.13799e-022	7.22376e-024	1.526e-025	1.8217e-027	1.15546e-029	4.03001e-032	8.68184e-035	2.11028e-037	3.12482e-039	7.82279e-041	1.51439e-042	2.05684e-044	1.8131e-046	9.34817e-049	2.64624e-051	4.32736e-054	6.44386e-057	4.2756e-059	5.44223e-061	5.44352e-063	3.75737e-065	
N24	1.12397e-019	1.82669e-013	2.27407e-012	4.35711e-012	2.24206e-012	4.2596e-013	5.24169e-014	9.59257e-015	2.54583e-015	6.3409e-016	1.17481e-016	6.09798e-012	7.45445e-011	1.41197e-010	7.07565e-011	1.25336e-011	1.14439e-012	1.16455e-013	2.2416e-014	5.01643e-015	8.80171e-016	4.38257e-011	5.12982e-010	1.01435e-009	9.47476e-010	1.14408e-009	1.35305e-009	1.09398e-009	5.61368e-010	1.79124e-010	3.81304e-011	0.0281945	0.308445	0.475069	0.170087	0.0175564	0.000636655	1.02107e-005	1.53227e-007	1.58296e-008	2.541e-009	2.75254e-010	1.72469e-011	5.59186e-013	8.52386e-015	5.95805e-017	2.11081e-019	1.09713e-021	5.44321e-023	3.0301e-024	1.19443e-025	3.1164e-027	4.99522e-029	4.4667e-031	2.02039e-033	4.48049e-036	5.34881e-039	9.89015e-042	1.8332e-043	3.98579e-045	6.38804e-047	7.03282e-049	4.92153e-051	1.98269e-053	4.16125e-056	4.44989e-059	3.76571e-062	2.30312e-064	2.93692e-066	2.83949e-068	1.859e-070	
Scirpus_expansus	0	0	0	0	0	0	0	0	0	0	0	0	0	0	0	0	0	0	0	0	0	0	0	0	0	0	0	0	0	0	0	1	0	0	0	0	0	0	0	0	0	0	0	0	0	0	0	0	0	0	0	0	0	0	0	0	0	0	0	0	0	0	0	0	0	0	0	0	0	0	0	
N25	6.37341e-019	3.45203e-014	4.87075e-014	1.64857e-014	1.80225e-015	9.10703e-017	6.5912e-018	1.09215e-018	1.71682e-019	1.87311e-020	4.64894e-017	7.92573e-013	1.31704e-012	4.69556e-013	5.00863e-014	2.04102e-015	7.01955e-017	8.03459e-018	1.25652e-018	1.46163e-019	4.37824e-016	1.20789e-011	6.36696e-011	1.57065e-010	2.10514e-010	1.58866e-010	7.11245e-011	1.96418e-011	3.41637e-012	3.75463e-013	1.38178e-007	0.333752	0.502977	0.151115	0.011886	0.000268041	1.98372e-006	8.40797e-009	4.22858e-010	4.40615e-011	2.98941e-012	1.21948e-013	2.78496e-015	3.21967e-017	1.67111e-019	3.63653e-022	5.98563e-025	1.15839e-026	3.63867e-028	8.4164e-030	1.36348e-031	1.45903e-033	9.51863e-036	3.39038e-038	5.79694e-041	4.41084e-044	2.67772e-047	2.00546e-049	2.54638e-051	2.47708e-053	1.74959e-055	8.4388e-058	2.55877e-060	4.3582e-063	3.66779e-066	1.53295e-069	1.7711e-072	1.23067e-074	7.61774e-077	3.48143e-079	1.08991e-081	
Scirpus_sylvaticus	0	0	0	0	0	0	0	0	0	0	0	0	0	0	0	0	0	0	0	0	0	0	0	0	0	0	0	0	0	0	1	0	0	0	0	0	0	0	0	0	0	0	0	0	0	0	0	0	0	0	0	0	0	0	0	0	0	0	0	0	0	0	0	0	0	0	0	0	0	0	0	
Scirpus_microcarpus	0	0	0	0	0	0	0	0	0	0	0	0	0	0	0	0	0	0	0	0	0	0	0	0	0	0	0	0	0	0	0	1	0	0	0	0	0	0	0	0	0	0	0	0	0	0	0	0	0	0	0	0	0	0	0	0	0	0	0	0	0	0	0	0	0	0	0	0	0	0	0	
Scirpus_maximowiczii	0	0	0	0	0	0	0	0	0	0	0	0	0	0	0	0	0	0	0	0	0	0	0	0	0	0	0	0	0	0	0	1	0	0	0	0	0	0	0	0	0	0	0	0	0	0	0	0	0	0	0	0	0	0	0	0	0	0	0	0	0	0	0	0	0	0	0	0	0	0	0	
N26	1.26765e-013	2.28374e-013	3.01701e-011	2.40894e-010	4.23917e-010	2.45535e-010	6.87996e-011	1.35478e-011	1.90816e-012	3.53259e-012	7.59945e-012	1.73626e-011	9.95061e-010	7.95593e-009	1.38994e-008	8.01125e-009	2.16091e-009	3.86775e-010	4.9034e-011	7.91301e-011	1.19855e-010	1.85479e-010	9.0227e-009	5.85841e-008	7.7788e-008	3.91661e-008	1.43056e-008	3.50157e-009	4.48571e-010	2.67639e-007	5.34461e-006	5.1931e-005	0.060315	0.364251	0.416956	0.139259	0.0179852	0.00113214	4.19382e-005	1.02103e-006	1.8144e-008	5.73674e-010	6.49622e-011	4.99001e-012	1.7686e-013	3.10192e-015	3.08042e-017	2.06275e-019	1.1347e-021	8.62336e-024	3.61427e-025	2.14853e-026	7.95635e-028	1.53037e-029	1.44778e-031	7.29584e-034	2.22561e-036	4.86172e-039	9.21114e-042	2.53279e-044	4.016e-046	9.41167e-048	1.42702e-049	1.16377e-051	4.82109e-054	1.09633e-056	1.55743e-059	1.82961e-062	7.36317e-065	1.16373e-066	1.46829e-068	
N27	8.92565e-014	3.73787e-014	5.24537e-012	8.89624e-012	4.40451e-012	1.08333e-012	3.8752e-013	2.13238e-013	8.98199e-014	3.10985e-012	6.27306e-012	4.50977e-012	1.71881e-010	3.02249e-010	1.46807e-010	2.99634e-011	5.78286e-012	2.2531e-012	8.56018e-013	2.60375e-011	5.1299e-011	4.04078e-011	2.61253e-009	1.76748e-008	6.28267e-008	1.20434e-007	1.32252e-007	8.83813e-008	3.72763e-008	9.7647e-005	0.000187284	0.000122167	0.33779	0.478567	0.164398	0.0180496	0.000765735	1.92564e-005	2.05903e-006	5.1542e-007	8.92672e-008	9.69418e-009	6.33668e-010	2.3344e-011	4.46967e-013	4.4404e-015	4.7285e-017	2.66615e-018	1.95441e-019	1.08812e-020	4.39268e-022	1.23204e-023	2.2753e-025	2.56076e-027	1.60449e-029	5.544e-032	2.16828e-034	4.71563e-036	1.3937e-037	3.25702e-039	5.72359e-041	7.2284e-043	6.20145e-045	3.33994e-047	1.04012e-049	2.18293e-052	1.28401e-054	2.11983e-056	3.08854e-058	3.38718e-060	2.63234e-062	
Scirpus_polystachyus	0	0	0	0	0	0	0	0	0	0	0	0	0	0	0	0	0	0	0	0	0	0	0	0	0	0	0	0	0	1	0	0	0	0	0	0	0	0	0	0	0	0	0	0	0	0	0	0	0	0	0	0	0	0	0	0	0	0	0	0	0	0	0	0	0	0	0	0	0	0	0	
Scirpus_cyperinus	0	0	0	0	0	0	0	0	0	0	0	0	0	0	0	0	0	0	0	0	0	0	0	0	0	0	0	0	0	0	0	0	1	0	0	0	0	0	0	0	0	0	0	0	0	0	0	0	0	0	0	0	0	0	0	0	0	0	0	0	0	0	0	0	0	0	0	0	0	0	0	
N28	2.25218e-012	3.76775e-012	4.53013e-012	2.57419e-012	6.95606e-013	9.36177e-014	7.24606e-015	4.38346e-016	1.98478e-015	2.6464e-012	3.7063e-011	1.33555e-010	1.78952e-010	1.03266e-010	2.72855e-011	3.51464e-012	2.47856e-013	1.16002e-014	2.22295e-014	1.87807e-011	2.42757e-010	8.38333e-010	1.08229e-009	6.32833e-010	2.30373e-010	1.03769e-010	5.98252e-011	2.76814e-011	2.67981e-008	0.00691706	0.0944379	0.313379	0.370683	0.177006	0.0347266	0.00275536	9.28604e-005	1.51143e-006	1.43188e-008	2.1363e-010	2.08556e-011	2.05296e-012	1.31037e-013	5.03822e-015	1.06962e-016	1.15563e-018	6.41987e-021	2.40447e-023	3.40963e-025	1.62273e-026	6.45793e-028	1.85575e-029	3.66545e-031	4.64661e-033	3.4443e-035	1.36823e-037	2.92879e-040	4.41078e-043	2.61487e-045	5.39197e-047	9.6051e-049	1.27364e-050	1.19403e-052	7.37604e-055	2.73381e-057	5.64988e-060	8.30547e-063	3.66671e-065	3.8318e-067	3.3372e-069	2.06435e-071	
N29	4.71401e-014	1.17022e-014	2.57155e-015	2.49802e-016	1.4917e-017	1.45258e-018	2.09967e-019	2.28148e-020	5.33832e-017	8.12765e-013	1.6931e-012	9.04512e-013	1.794e-013	1.52954e-014	6.33569e-016	2.3288e-017	2.13554e-018	2.38437e-019	6.23198e-016	1.85368e-011	1.33365e-010	3.44439e-010	4.23103e-010	2.82391e-010	1.11505e-010	2.75047e-011	4.38175e-012	4.59114e-013	1.23744e-007	0.241854	0.478333	0.235444	0.041365	0.00291827	8.44144e-005	9.82828e-007	5.23242e-009	7.19707e-011	4.31118e-012	1.96724e-013	5.86739e-015	1.10928e-016	1.28457e-018	8.64508e-021	3.20624e-023	8.9225e-026	1.02108e-027	2.14728e-029	3.52304e-031	4.2204e-033	3.5934e-035	2.0925e-037	7.98141e-040	1.87798e-042	2.56867e-045	2.76619e-048	1.27955e-050	1.13163e-052	8.09635e-055	4.37243e-057	1.73018e-059	4.81695e-062	9.01857e-065	1.06825e-067	7.6357e-071	5.43639e-074	1.96548e-076	1.06721e-078	4.65779e-081	1.5291e-083	3.5466e-086	
Eriophorum_virginicum	0	0	0	0	0	0	0	0	0	0	0	0	0	0	0	0	0	0	0	0	0	0	0	0	0	0	0	0	1	0	0	0	0	0	0	0	0	0	0	0	0	0	0	0	0	0	0	0	0	0	0	0	0	0	0	0	0	0	0	0	0	0	0	0	0	0	0	0	0	0	0	
Eriophorum_gracile	0	0	0	0	0	0	0	0	0	0	0	0	0	0	0	0	0	0	0	0	0	0	0	0	0	0	0	0	0	1	0	0	0	0	0	0	0	0	0	0	0	0	0	0	0	0	0	0	0	0	0	0	0	0	0	0	0	0	0	0	0	0	0	0	0	0	0	0	0	0	0	
Eriophorum_angustifolium_subsp_angustifolium	0	0	0	0	0	0	0	0	0	0	0	0	0	0	0	0	0	0	0	0	0	0	0	0	0	0	0	0	1	0	0	0	0	0	0	0	0	0	0	0	0	0	0	0	0	0	0	0	0	0	0	0	0	0	0	0	0	0	0	0	0	0	0	0	0	0	0	0	0	0	0	
Scirpus_radicans	0	0	0	0	0	0	0	0	0	0	0	0	0	0	0	0	0	0	0	0	0	0	0	0	0	0	0	1	0	0	0	0	0	0	0	0	0	0	0	0	0	0	0	0	0	0	0	0	0	0	0	0	0	0	0	0	0	0	0	0	0	0	0	0	0	0	0	0	0	0	0	
Scirpus_divaricatus	0	0	0	0	0	0	0	0	0	0	0	0	0	1	0	0	0	0	0	0	0	0	0	0	0	0	0	0	0	0	0	0	0	0	0	0	0	0	0	0	0	0	0	0	0	0	0	0	0	0	0	0	0	0	0	0	0	0	0	0	0	0	0	0	0	0	0	0	0	0	0	
N30	8.13274e-010	6.57409e-011	6.70163e-011	6.88107e-011	7.26471e-011	8.24523e-011	1.07712e-010	1.71073e-010	3.25989e-010	6.95393e-010	1.55213e-009	3.47233e-009	7.64824e-009	1.64493e-008	3.43803e-008	7.11713e-008	1.47356e-007	3.09121e-007	6.64696e-007	1.47485e-006	3.39858e-006	7.93628e-006	1.84454e-005	4.18461e-005	9.16113e-005	0.000193458	0.000397298	0.000801655	0.00159767	0.0031349	0.0060417	0.0111668	0.0196284	0.0325313	0.0504569	0.0726393	0.0961315	0.115802	0.125985	0.123268	0.109116	0.086316	0.0613218	0.0391728	0.0225349	0.0117229	0.00557476	0.00247571	0.00105839	0.000447588	0.00018991	7.81942e-005	3.06782e-005	1.13129e-005	3.95644e-006	1.36993e-006	5.07287e-007	2.1288e-007	9.77623e-008	4.46423e-008	1.88327e-008	6.96313e-009	2.23652e-009	6.30478e-010	1.62379e-010	4.14956e-011	1.17071e-011	3.91684e-012	1.66219e-012	9.39892e-013	5.60638e-013	
N31	5.48715e-010	3.9085e-011	4.05646e-012	2.69806e-013	1.27582e-014	0.143342	0.426967	0.311477	0.0988886	0.0172853	0.00189189	0.000140557	7.50229e-006	2.99614e-007	9.22498e-009	2.25655e-010	4.45702e-012	7.22699e-014	9.75643e-016	1.11006e-017	1.0769e-019	8.94493e-022	6.44998e-024	4.07254e-026	2.27115e-028	1.12844e-030	5.03985e-033	2.04187e-035	7.57407e-038	2.59585e-040	8.29457e-043	2.47357e-045	6.96516e-048	1.85793e-050	4.70362e-053	1.13068e-055	2.57968e-058	5.58253e-061	1.1454e-063	2.22826e-066	4.11406e-069	7.17246e-072	1.189e-074	1.87448e-077	2.81176e-080	4.01339e-083	5.44929e-086	7.03528e-089	8.63349e-092	1.007e-094	1.1171e-097	1.17272e-100	1.17295e-103	1.11857e-106	1.01847e-109	8.86566e-113	7.38629e-116	5.89508e-119	4.51033e-122	3.30994e-125	2.33142e-128	1.56945e-131	1.01448e-134	6.2975e-138	3.75429e-141	2.14899e-144	1.18053e-147	6.22047e-151	3.14231e-154	1.52118e-157	7.05697e-161	
Carex_pachygyna	0	0	0	0	0	1	0	0	0	0	0	0	0	0	0	0	0	0	0	0	0	0	0	0	0	0	0	0	0	0	0	0	0	0	0	0	0	0	0	0	0	0	0	0	0	0	0	0	0	0	0	0	0	0	0	0	0	0	0	0	0	0	0	0	0	0	0	0	0	0	0	
Carex_siderosticta	0	0	0	0	0	1	0	0	0	0	0	0	0	0	0	0	0	0	0	0	0	0	0	0	0	0	0	0	0	0	0	0	0	0	0	0	0	0	0	0	0	0	0	0	0	0	0	0	0	0	0	0	0	0	0	0	0	0	0	0	0	0	0	0	0	0	0	0	0	0	0	
N32	4.20804e-006	3.28565e-006	5.73737e-006	1.27659e-005	3.97078e-005	0.000133306	0.000385881	0.000893187	0.00163511	0.00239752	0.0029196	0.00320197	0.00359778	0.00447829	0.00600257	0.0087299	0.0136624	0.020791	0.0274571	0.0298888	0.0272116	0.021973	0.0178519	0.0158317	0.0151127	0.0155324	0.0170797	0.0181625	0.0170063	0.0150124	0.0167606	0.024227	0.033893	0.0406718	0.0442916	0.0496847	0.0611583	0.0763278	0.0865337	0.0840865	0.0692197	0.0477675	0.0280495	0.0144633	0.0070651	0.00368617	0.00218155	0.00135588	0.000795319	0.000415994	0.000191342	7.77379e-005	3.1602e-005	1.71847e-005	1.27378e-005	9.34899e-006	5.7687e-006	2.91879e-006	1.22518e-006	4.33765e-007	1.32125e-007	3.46893e-008	7.96505e-009	1.61375e-009	2.9086e-010	4.69938e-011	6.85335e-012	9.07423e-013	1.09558e-013	1.20949e-014	1.22317e-015	
Trichophorum_cespitosum	0	0	0	0	0	0	0	0	0	0	0	0	0	0	0	0	0	0	0	0	0	0	0	0	0	0	0	0	0	0	0	0	0	0	0	0	0	0	0	0	0	0	0	0	0	0	0	0	0	0	0	1	0	0	0	0	0	0	0	0	0	0	0	0	0	0	0	0	0	0	0	
Trichophorum_alpinum	0	0	0	0	0	0	0	0	0	0	0	0	0	0	0	0	0	0	0	0	0	0	0	0	0	0	0	0	1	0	0	0	0	0	0	0	0	0	0	0	0	0	0	0	0	0	0	0	0	0	0	0	0	0	0	0	0	0	0	0	0	0	0	0	0	0	0	0	0	0	0	
N33	7.84074e-010	1.35994e-010	1.42481e-010	1.42522e-010	1.38745e-010	1.358e-010	1.37625e-010	1.46407e-010	1.6221e-010	1.81751e-010	1.98447e-010	2.01429e-010	1.93886e-010	1.77516e-010	1.58844e-010	1.46281e-010	1.42262e-010	1.479e-010	1.63227e-010	1.87029e-010	2.20248e-010	2.63573e-010	3.50502e-010	5.47708e-010	1.01709e-009	2.17682e-009	5.23589e-009	1.402e-008	4.15989e-008	1.35233e-007	4.76404e-007	1.73752e-006	6.28098e-006	2.14689e-005	6.70483e-005	0.000188855	0.00048395	0.00115304	0.00259746	0.00551561	0.0109676	0.0200697	0.0344412	0.0566502	0.0887501	0.127033	0.158021	0.164648	0.140638	0.0973514	0.0546743	0.0245201	0.00883648	0.00257948	0.000622791	0.000130001	2.52167e-005	4.87223e-006	9.46467e-007	1.76431e-007	3.04623e-008	4.84743e-009	7.47603e-010	1.17771e-010	1.91492e-011	3.08618e-012	4.66344e-013	6.30584e-014	7.36825e-015	7.28334e-016	6.10042e-017	
N34	3.413e-010	4.17304e-011	4.28474e-011	4.39579e-011	4.50252e-011	4.58427e-011	4.60778e-011	4.55262e-011	4.44169e-011	4.3374e-011	4.30176e-011	4.23101e-011	4.3216e-011	4.49882e-011	4.80834e-011	5.49496e-011	6.94481e-011	1.00789e-010	1.70975e-010	3.35434e-010	7.46387e-010	1.8008e-009	4.58673e-009	1.21659e-008	3.40715e-008	1.03516e-007	3.43492e-007	1.20928e-006	4.33437e-006	1.53441e-005	5.32211e-005	0.00017561	0.000544128	0.00156182	0.00410624	0.00979864	0.0210584	0.040464	0.0689923	0.103516	0.136442	0.15504	0.151037	0.125294	0.0880095	0.0520995	0.0258889	0.0107621	0.00373256	0.00107834	0.000260987	5.26359e-005	9.04822e-006	1.37776e-006	1.99042e-007	2.96019e-008	4.69546e-009	7.64644e-010	1.20363e-010	1.7735e-011	2.49095e-012	3.53851e-013	5.58236e-014	9.91783e-015	1.84519e-015	3.34558e-016	5.70681e-017	9.00729e-018	1.29459e-018	1.66741e-019	1.92078e-020	
N35	5.13194e-011	3.99402e-012	4.06452e-012	4.22798e-012	4.62757e-012	5.50355e-012	7.37602e-012	1.14378e-011	2.02291e-011	3.87811e-011	7.70972e-011	1.56589e-010	3.3098e-010	7.46439e-010	1.8147e-009	4.79201e-009	1.35668e-008	4.13972e-008	1.40556e-007	5.51951e-007	2.53979e-006	1.26379e-005	6.17239e-005	0.000273813	0.00105665	0.00347957	0.00971292	0.0229668	0.0460881	0.0787123	0.115618	0.144885	0.155668	0.143699	0.114153	0.0781255	0.0460973	0.0234568	0.0102934	0.00389417	0.00127571	0.000358125	8.65199e-005	1.80137e-005	3.24713e-006	5.12715e-007	7.2741e-008	9.714e-009	1.29904e-009	1.81573e-010	2.63998e-011	3.81585e-012	5.39349e-013	7.49674e-014	1.04161e-014	1.45003e-015	1.98203e-016	2.58246e-017	3.13488e-018	3.51384e-019	3.66925e-020	3.61788e-021	3.48255e-022	3.34574e-023	3.19951e-024	2.96465e-025	2.5749e-026	2.04708e-027	1.47614e-028	9.70176e-030	5.90898e-031	
N36	1.13544e-010	1.81752e-010	4.59157e-010	1.08285e-009	2.42547e-009	5.45371e-009	1.32448e-008	3.55996e-008	1.00127e-007	2.73982e-007	7.10131e-007	1.811e-006	5.11172e-006	1.87608e-005	8.83628e-005	0.000440218	0.0019371	0.00698044	0.0201688	0.0466894	0.0878963	0.133861	0.166759	0.171252	0.145991	0.103959	0.0621778	0.0313887	0.0134335	0.00489376	0.00153101	0.000408765	9.40495e-005	1.87808e-005	3.29069e-006	5.14774e-007	7.38174e-008	1.00471e-008	1.34429e-009	1.80647e-010	2.45079e-011	3.29857e-012	4.38354e-013	5.6993e-014	7.16577e-015	8.58571e-016	9.66374e-017	1.01158e-017	9.81243e-019	8.85027e-020	7.5158e-021	6.05445e-022	4.71508e-023	3.58012e-024	2.6463e-025	1.8861e-026	1.28155e-027	8.24182e-029	5.01847e-030	2.91797e-031	1.6466e-032	9.08245e-034	4.9373e-035	2.62037e-036	1.33304e-037	6.37972e-039	2.83626e-040	1.16645e-041	4.45587e-043	1.59749e-044	5.447e-046	
N37	1.00824e-008	1.43474e-008	3.75058e-008	1.03481e-007	2.78577e-007	6.78349e-007	1.46053e-006	3.07189e-006	8.65598e-006	4.42163e-005	0.000312188	0.00195387	0.00908978	0.0305305	0.0741307	0.134607	0.185589	0.197435	0.164339	0.108331	0.0574836	0.0245098	0.00850398	0.00242074	0.000570207	0.000112279	1.87407e-005	2.70766e-006	3.49446e-007	4.20012e-008	4.91689e-009	5.6871e-010	6.5479e-011	7.45505e-012	8.38294e-013	9.29694e-014	1.00354e-014	1.02902e-015	9.77622e-017	8.45973e-018	6.63981e-019	4.71349e-020	3.08314e-021	1.90289e-022	1.13819e-023	6.71162e-025	3.88925e-026	2.17119e-027	1.14044e-028	5.54072e-030	2.47682e-031	1.01582e-032	3.89149e-034	1.42504e-035	5.12043e-037	1.83557e-038	6.54145e-040	2.27168e-041	7.5121e-043	2.32955e-044	6.76655e-046	1.85286e-047	4.93445e-049	1.32135e-050	3.62034e-052	9.98268e-054	2.65874e-055	6.56702e-057	1.46619e-058	2.93714e-060	5.33318e-062	
N38	4.74532e-007	5.97741e-007	1.10417e-006	1.63501e-006	3.31908e-006	3.39072e-005	0.000542785	0.00506734	0.0262529	0.0818543	0.164764	0.225508	0.218099	0.153483	0.079957	0.0317902	0.00976004	0.00234888	0.000450575	7.05039e-005	9.3818e-006	1.11555e-006	1.28559e-007	1.49515e-008	1.71767e-009	1.87157e-010	1.91319e-011	1.88637e-012	1.85924e-013	1.83509e-014	1.74993e-015	1.52834e-016	1.18961e-017	8.14129e-019	4.90608e-020	2.64564e-021	1.31958e-022	6.40178e-024	3.15988e-025	1.59455e-026	7.93426e-028	3.69042e-029	1.55963e-030	5.90167e-032	2.00047e-033	6.16692e-035	1.78547e-036	5.10128e-038	1.50338e-039	4.58887e-041	1.39784e-042	4.02754e-044	1.0663e-045	2.55495e-047	5.54036e-049	1.10341e-050	2.08373e-052	3.92062e-054	7.6866e-056	1.57856e-057	3.27743e-059	6.55177e-061	1.23227e-062	2.16795e-064	3.59687e-066	5.69344e-068	8.62183e-070	1.23543e-071	1.64215e-073	1.99337e-075	2.20927e-077	
Fimbristylis_autumnalis	0	0	0	0	1	0	0	0	0	0	0	0	0	0	0	0	0	0	0	0	0	0	0	0	0	0	0	0	0	0	0	0	0	0	0	0	0	0	0	0	0	0	0	0	0	0	0	0	0	0	0	0	0	0	0	0	0	0	0	0	0	0	0	0	0	0	0	0	0	0	0	
Fimbristylis_complanata	0	0	0	0	1	0	0	0	0	0	0	0	0	0	0	0	0	0	0	0	0	0	0	0	0	0	0	0	0	0	0	0	0	0	0	0	0	0	0	0	0	0	0	0	0	0	0	0	0	0	0	0	0	0	0	0	0	0	0	0	0	0	0	0	0	0	0	0	0	0	0	
N39	4.85757e-009	6.19784e-010	1.09435e-010	1.24811e-011	0.0429372	0.26211	0.377821	0.228202	0.0729708	0.0140358	0.001761	0.000152004	9.45563e-006	4.39296e-007	1.57839e-008	4.61227e-010	1.14538e-011	2.54561e-013	5.25525e-015	1.01991e-016	1.8602e-018	3.00851e-020	4.6118e-022	6.62221e-024	8.89404e-026	1.10316e-027	1.24274e-029	1.25621e-031	1.13548e-033	9.24172e-036	6.9025e-038	4.5784e-040	2.93391e-042	1.81003e-044	1.07673e-046	6.09748e-049	3.22808e-051	1.57542e-053	7.04965e-056	2.90721e-058	1.12373e-060	3.9428e-063	1.36135e-065	4.60747e-068	1.52933e-070	4.91039e-073	1.49639e-075	4.26427e-078	1.12939e-080	2.79224e-083	6.549e-086	1.41387e-088	3.03962e-091	6.48808e-094	1.37568e-096	2.85712e-099	5.69935e-102	1.07437e-104	1.89567e-107	3.12068e-110	4.80115e-113	6.89548e-116	9.33046e-119	1.19399e-121	1.44866e-124	1.66927e-127	1.83074e-130	1.91996e-133	1.94053e-136	1.91042e-139	1.8538e-142	
Fimbristylis_aestivalis	0	0	0	0	1	0	0	0	0	0	0	0	0	0	0	0	0	0	0	0	0	0	0	0	0	0	0	0	0	0	0	0	0	0	0	0	0	0	0	0	0	0	0	0	0	0	0	0	0	0	0	0	0	0	0	0	0	0	0	0	0	0	0	0	0	0	0	0	0	0	0	
Fimbristylis_squarrosa	0	0	0	0	1	0	0	0	0	0	0	0	0	0	0	0	0	0	0	0	0	0	0	0	0	0	0	0	0	0	0	0	0	0	0	0	0	0	0	0	0	0	0	0	0	0	0	0	0	0	0	0	0	0	0	0	0	0	0	0	0	0	0	0	0	0	0	0	0	0	0	
Fimbristylis_ovata	0	0	0	0	1	0	0	0	0	0	0	0	0	0	0	0	0	0	0	0	0	0	0	0	0	0	0	0	0	0	0	0	0	0	0	0	0	0	0	0	0	0	0	0	0	0	0	0	0	0	0	0	0	0	0	0	0	0	0	0	0	0	0	0	0	0	0	0	0	0	0	
N40	1.66443e-007	1.88944e-007	3.97171e-007	7.9754e-007	1.46966e-006	2.46872e-006	4.23716e-006	1.08821e-005	5.29185e-005	0.000333802	0.00186729	0.00793499	0.0247899	0.0575487	0.100801	0.139066	0.155998	0.148334	0.124731	0.0952531	0.0663456	0.040694	0.0214913	0.00960488	0.00360647	0.00113792	0.000303295	6.89382e-005	1.35518e-005	2.35017e-006	3.70725e-007	5.4463e-008	7.76597e-009	1.10704e-009	1.60365e-010	2.3646e-011	3.51475e-012	5.18294e-013	7.44971e-014	1.02805e-014	1.35396e-015	1.68922e-016	2.02283e-017	2.36035e-018	2.72307e-019	3.12772e-020	3.56427e-021	3.98386e-022	4.30175e-023	4.42008e-024	4.27971e-025	3.84866e-026	3.22075e-027	2.51572e-028	1.84656e-029	1.28382e-030	8.50435e-032	5.37644e-033	3.23484e-034	1.84236e-035	9.89747e-037	4.96726e-038	2.33662e-039	1.03243e-040	4.30351e-042	1.70133e-043	6.40848e-045	2.30538e-046	7.91487e-048	2.58488e-049	8.00105e-051	
Bulbostylis_barbata	0	0	0	0	1	0	0	0	0	0	0	0	0	0	0	0	0	0	0	0	0	0	0	0	0	0	0	0	0	0	0	0	0	0	0	0	0	0	0	0	0	0	0	0	0	0	0	0	0	0	0	0	0	0	0	0	0	0	0	0	0	0	0	0	0	0	0	0	0	0	0	
N41	3.76581e-006	3.35877e-006	6.57041e-006	1.78163e-005	6.77742e-005	0.000581344	0.00531172	0.028745	0.0881481	0.161441	0.186697	0.145583	0.0903827	0.0633759	0.0599298	0.0623739	0.054005	0.0335211	0.0143686	0.00430885	0.000939037	0.000156473	2.41845e-005	5.08336e-006	1.77632e-006	8.29273e-007	3.86247e-007	1.53019e-007	4.97259e-008	1.33438e-008	2.96803e-009	6.2043e-010	2.15365e-010	1.35485e-010	9.83196e-011	5.93232e-011	2.57855e-011	8.13921e-012	1.97716e-012	3.88273e-013	6.29991e-014	9.60512e-015	2.27392e-015	7.25846e-016	1.82693e-016	3.24593e-017	4.23694e-018	4.33791e-019	3.71182e-020	2.76715e-021	1.81534e-022	1.02359e-023	4.88644e-025	1.95405e-026	6.55545e-028	1.86893e-029	4.63817e-031	1.03924e-032	2.18813e-034	4.43654e-036	8.63262e-038	1.56674e-039	2.60455e-041	3.93255e-043	5.41277e-045	6.83835e-047	7.92066e-049	8.30538e-051	7.73605e-053	6.31725e-055	4.53798e-057	
N42	2.63198e-006	2.15475e-006	4.58389e-006	2.81904e-005	0.000328862	0.00320377	0.0189551	0.0652318	0.134514	0.17325	0.144974	0.0835968	0.0412407	0.029728	0.0373287	0.0478248	0.0427233	0.0246587	0.00951307	0.00274117	0.000757378	0.0002493	0.000102185	7.02803e-005	8.89491e-005	0.000120816	0.000144814	0.000206184	0.000325492	0.000395948	0.00032951	0.000271741	0.000487108	0.001122	0.00240445	0.0038525	0.00485581	0.00703079	0.011165	0.013612	0.0113385	0.00923448	0.0146773	0.0208301	0.0176212	0.00952389	0.00420706	0.00232304	0.00152895	0.000830945	0.000327914	9.23121e-005	1.88336e-005	2.83383e-006	3.21291e-007	2.91441e-008	2.58194e-009	3.29543e-010	5.63018e-011	8.75144e-012	1.07055e-012	1.00394e-013	7.2633e-015	4.09188e-016	1.8116e-017	6.40216e-019	1.8251e-020	4.60621e-022	2.23047e-023	3.67893e-024	5.77121e-025	
Bulbostylis_juncoides	0	0	0	0	0	0	0	0	0	0	0	0	0	0	0	0	0	0	0	0	0	0	0	0	0	0	0	0	0	0	0	0	0	0	0	0	0	0	0	0	0	1	0	0	0	0	0	0	0	0	0	0	0	0	0	0	0	0	0	0	0	0	0	0	0	0	0	0	0	0	0	
Bulbostylis_densa	0	0	0	0	0	0	0	0	0	0	0	0	0	0	0	0	0	0	0	0	0	0	0	0	0	0	0	0	0	0	0	1	0	0	0	0	0	0	0	0	0	0	0	0	0	0	0	0	0	0	0	0	0	0	0	0	0	0	0	0	0	0	0	0	0	0	0	0	0	0	0	
Bulbostylis_hispidula	0	0	0	0	1	0	0	0	0	0	0	0	0	0	0	0	0	0	0	0	0	0	0	0	0	0	0	0	0	0	0	0	0	0	0	0	0	0	0	0	0	0	0	0	0	0	0	0	0	0	0	0	0	0	0	0	0	0	0	0	0	0	0	0	0	0	0	0	0	0	0	
N43	1.13081e-009	1.30112e-009	3.18171e-009	7.96765e-009	2.03717e-008	5.17157e-008	1.25663e-007	2.84341e-007	5.92063e-007	1.13815e-006	2.05732e-006	3.61606e-006	6.47452e-006	1.22523e-005	2.4156e-005	4.78333e-005	9.08289e-005	0.000164837	0.000302564	0.00061717	0.00146309	0.00369684	0.00905582	0.0202038	0.0397238	0.0677099	0.0994397	0.126026	0.138914	0.134796	0.117483	0.0918012	0.0646916	0.0409132	0.0230463	0.0115036	0.00509597	0.00202602	0.000739699	0.000256777	8.883e-005	3.14057e-005	1.16077e-005	4.47285e-006	1.78308e-006	7.36669e-007	3.18879e-007	1.45245e-007	6.8387e-008	3.20838e-008	1.45306e-008	6.11429e-009	2.37061e-009	8.46822e-010	2.80766e-010	8.71846e-011	2.54861e-011	7.00129e-012	1.79397e-012	4.2474e-013	9.26081e-014	1.83562e-014	3.32083e-015	5.50402e-016	8.41207e-017	1.19457e-017	1.58668e-018	1.97891e-019	2.31896e-020	2.54942e-021	2.62639e-022	
Eleocharis_dulcis	0	0	0	0	0	0	0	0	0	0	0	0	0	0	0	0	0	0	0	0	0	0	0	0	0	0	0	0	0	0	0	0	0	0	0	0	0	1	0	0	0	0	0	0	0	0	0	0	0	0	0	0	0	0	0	0	0	0	0	0	0	0	0	0	0	0	0	0	0	0	0	
N44	1.22563e-007	1.09069e-007	1.81651e-007	2.69268e-007	3.61542e-007	4.78238e-007	7.23185e-007	1.33055e-006	2.66917e-006	5.20384e-006	9.41679e-006	1.58054e-005	2.66006e-005	5.80429e-005	0.000213031	0.00103156	0.00446492	0.0150164	0.0387244	0.0783225	0.128365	0.169946	0.18254	0.158648	0.111552	0.0637601	0.0299397	0.0117593	0.00396866	0.00119022	0.000328453	8.3589e-005	1.96106e-005	4.20552e-006	8.26191e-007	1.50865e-007	2.60904e-008	4.32853e-009	6.90561e-010	1.05272e-010	1.5207e-011	2.04003e-012	2.51701e-013	2.82357e-014	2.85582e-015	2.59108e-016	2.10431e-017	1.52978e-018	9.96872e-020	5.83458e-021	3.07899e-022	1.45809e-023	6.22603e-025	2.39815e-026	8.33591e-028	2.61729e-029	7.43869e-031	1.92159e-032	4.54367e-034	9.94647e-036	2.05384e-037	4.07033e-039	8.00763e-041	1.59845e-042	3.24376e-044	6.55347e-046	1.27773e-047	2.34225e-049	3.98287e-051	6.27604e-053	9.23176e-055	
N45	3.05235e-006	2.45392e-006	4.48501e-006	8.07921e-006	1.45847e-005	2.98923e-005	7.72316e-005	0.000208182	0.000466843	0.000900062	0.00249335	0.00973033	0.0294982	0.0600102	0.0856312	0.101732	0.124506	0.156237	0.16524	0.131582	0.0777546	0.0340418	0.0113806	0.00340668	0.00162579	0.00127648	0.000973285	0.000624263	0.000327901	0.000140494	5.0946e-005	1.63919e-005	4.93691e-006	1.38903e-006	3.50511e-007	7.62242e-008	1.39781e-008	2.15235e-009	2.80932e-010	3.18615e-011	3.29202e-012	3.26181e-013	3.25099e-014	3.23006e-015	3.04989e-016	2.61289e-017	1.97645e-018	1.30825e-019	7.6194e-021	3.98892e-022	1.96058e-023	9.50872e-025	4.76271e-026	2.43668e-027	1.21182e-028	5.58476e-030	2.31812e-031	8.5826e-033	2.85091e-034	8.70315e-036	2.56609e-037	7.75225e-039	2.51186e-040	8.53192e-042	2.85693e-043	8.94087e-045	2.53374e-046	6.40888e-048	1.44393e-049	2.9275e-051	5.4667e-053	
Eleocharis_uniglumis	0	0	0	0	0	0	0	0	0	0	0	0	0	0	0	0	0	0	0	0	0	0	0	1	0	0	0	0	0	0	0	0	0	0	0	0	0	0	0	0	0	0	0	0	0	0	0	0	0	0	0	0	0	0	0	0	0	0	0	0	0	0	0	0	0	0	0	0	0	0	0	
Eleocharis_acicularis	0	0	0	0	0	0	0	0	0	1	0	0	0	0	0	0	0	0	0	0	0	0	0	0	0	0	0	0	0	0	0	0	0	0	0	0	0	0	0	0	0	0	0	0	0	0	0	0	0	0	0	0	0	0	0	0	0	0	0	0	0	0	0	0	0	0	0	0	0	0	0	
N46	1.06656e-007	6.90135e-008	1.12458e-007	2.03027e-007	4.03134e-007	8.27595e-007	1.6415e-006	2.98356e-006	4.82357e-006	7.50438e-006	1.69701e-005	7.53931e-005	0.000490696	0.00307402	0.0140945	0.0452988	0.10294	0.169694	0.207811	0.192665	0.13813	0.0766125	0.0333781	0.0115609	0.00322894	0.000740491	0.00014272	2.37791e-005	3.52699e-006	4.76939e-007	5.98159e-008	6.9312e-009	7.51073e-010	7.70755e-011	7.67232e-012	7.6392e-013	7.74238e-014	7.87579e-015	7.74117e-016	7.07443e-017	5.87506e-018	4.35956e-019	2.9157e-020	1.79221e-021	1.04694e-022	6.02994e-024	3.48763e-025	2.0005e-026	1.10254e-027	5.66271e-029	2.66302e-030	1.13181e-031	4.39082e-033	1.58602e-034	5.51489e-036	1.91443e-037	6.75437e-039	2.39077e-040	8.22181e-042	2.66346e-043	7.98306e-045	2.18881e-046	5.5701e-048	1.36016e-049	3.38275e-051	9.10649e-053	2.66185e-054	7.88519e-056	2.17125e-057	5.22447e-059	1.06946e-060	
N47	3.4607e-007	3.23857e-007	4.2577e-007	3.86083e-007	2.44302e-007	1.10698e-007	3.68452e-008	6.27488e-006	0.0078709	0.0749645	0.222231	0.306255	0.23475	0.110898	0.0343603	0.0073866	0.00113566	0.000128357	1.0932e-005	7.20848e-007	3.82886e-008	1.71878e-009	7.10237e-011	2.87698e-012	1.14278e-013	4.26567e-015	1.45435e-016	4.58111e-018	1.38564e-019	4.14496e-021	1.21433e-022	3.32309e-024	8.19639e-026	1.77925e-027	3.37487e-029	5.63043e-031	8.43648e-033	1.18073e-034	1.6229e-036	2.26455e-038	3.17683e-040	4.27153e-042	5.30403e-044	5.93006e-046	5.91803e-048	5.29949e-050	4.34282e-052	3.38329e-054	2.63193e-056	2.11142e-058	1.72802e-060	1.37472e-062	1.02356e-064	6.94958e-067	4.26345e-069	2.37503e-071	1.22559e-073	6.09463e-076	3.07596e-078	1.63156e-080	9.00576e-083	4.93737e-085	2.5909e-087	1.27044e-089	5.76012e-092	2.40564e-094	9.23937e-097	3.26507e-099	1.0655e-101	3.23693e-104	9.25813e-107	
Eleocharis_mamillata_subsp_mamillata	0	0	0	0	0	0	0	1	0	0	0	0	0	0	0	0	0	0	0	0	0	0	0	0	0	0	0	0	0	0	0	0	0	0	0	0	0	0	0	0	0	0	0	0	0	0	0	0	0	0	0	0	0	0	0	0	0	0	0	0	0	0	0	0	0	0	0	0	0	0	0	
Eleocharis_compressa_var_compressa	0	0	0	0	0	0	0	0	1	0	0	0	0	0	0	0	0	0	0	0	0	0	0	0	0	0	0	0	0	0	0	0	0	0	0	0	0	0	0	0	0	0	0	0	0	0	0	0	0	0	0	0	0	0	0	0	0	0	0	0	0	0	0	0	0	0	0	0	0	0	0	
Eleocharis_flavescens_var_olivacea	0	0	0	0	0	0	0	0	0	1	0	0	0	0	0	0	0	0	0	0	0	0	0	0	0	0	0	0	0	0	0	0	0	0	0	0	0	0	0	0	0	0	0	0	0	0	0	0	0	0	0	0	0	0	0	0	0	0	0	0	0	0	0	0	0	0	0	0	0	0	0	
N48	1.81939e-010	1.92426e-011	2.13308e-011	2.69741e-011	3.57855e-011	4.50417e-011	5.09378e-011	5.09673e-011	4.54987e-011	3.72447e-011	2.95681e-011	2.43742e-011	2.54857e-011	3.50114e-011	6.07852e-011	1.31748e-010	3.39325e-010	9.3306e-010	2.49383e-009	6.22602e-009	1.4811e-008	3.59257e-008	9.94401e-008	3.2089e-007	1.07873e-006	3.36193e-006	9.15882e-006	2.13802e-005	4.27306e-005	7.41138e-005	0.000116703	0.000180788	0.000311322	0.000612299	0.00123312	0.00228178	0.00374693	0.00569612	0.0090135	0.0164266	0.0329582	0.0622736	0.101497	0.13775	0.154494	0.14392	0.113124	0.0777353	0.0499751	0.0325435	0.0220084	0.0143596	0.00855738	0.00461432	0.00233131	0.0011478	0.000549643	0.000245185	9.72189e-005	3.33179e-005	9.83844e-006	2.50668e-006	5.72326e-007	1.244e-007	2.74098e-008	6.17563e-009	1.34357e-009	2.63274e-010	4.44621e-011	6.37643e-012	7.85436e-013	
N49	4.58979e-011	5.14772e-012	6.58868e-012	8.12493e-012	9.03837e-012	8.89317e-012	7.79865e-012	6.29203e-012	5.02956e-012	4.63574e-012	6.06612e-012	1.20924e-011	3.39367e-011	1.07411e-010	3.29033e-010	9.17711e-010	2.2723e-009	5.02868e-009	1.04005e-008	2.23358e-008	5.70283e-008	1.69917e-007	5.14389e-007	1.41378e-006	3.35894e-006	6.80056e-006	1.17676e-005	1.77484e-005	2.45987e-005	3.50561e-005	5.91627e-005	0.0001166	0.000236845	0.00045399	0.000817433	0.00147673	0.00296813	0.00687287	0.0167031	0.0376809	0.0739936	0.119439	0.156683	0.16683	0.145862	0.107601	0.070079	0.0424647	0.0246062	0.0134169	0.00670005	0.00298511	0.001201	0.000442295	0.000149077	4.51696e-005	1.20122e-005	2.75496e-006	5.41678e-007	9.19321e-008	1.37991e-008	1.87729e-009	2.41417e-010	2.98915e-011	3.5168e-012	3.82012e-013	3.77247e-014	3.45568e-015	3.10707e-016	2.84293e-017	2.50403e-018	
N50	5.72844e-012	5.42751e-013	5.93895e-013	6.09444e-013	5.82804e-013	5.37166e-013	5.21886e-013	6.24697e-013	1.06867e-012	2.6033e-012	7.79863e-012	2.4431e-011	7.26873e-011	1.96231e-010	4.72426e-010	1.03506e-009	2.12723e-009	4.3477e-009	9.51766e-009	2.30744e-008	5.95678e-008	1.48167e-007	3.33794e-007	6.62934e-007	1.16105e-006	1.83243e-006	2.72436e-006	4.10168e-006	6.83871e-006	1.3296e-005	2.96392e-005	7.007e-005	0.000170283	0.000428483	0.00113763	0.00315617	0.00869355	0.0222051	0.0495453	0.0925132	0.142487	0.175317	0.172871	0.138317	0.0921991	0.053092	0.0272664	0.0126139	0.00519189	0.00186915	0.000587476	0.000159922	3.80477e-005	7.90492e-006	1.42608e-006	2.22348e-007	3.00471e-008	3.56916e-009	3.81854e-010	3.78187e-011	3.54828e-012	3.15632e-013	2.69807e-014	2.25047e-015	1.87207e-016	1.58704e-017	1.40288e-018	1.31738e-019	1.27589e-020	1.15177e-021	8.59962e-023	
N51	3.63731e-012	3.06335e-013	3.0599e-013	2.94054e-013	2.79528e-013	2.86354e-013	3.64954e-013	6.48358e-013	1.55642e-012	4.41646e-012	1.30649e-011	3.71873e-011	9.80367e-011	2.36413e-010	5.22476e-010	1.09902e-009	2.30044e-009	5.04432e-009	1.18275e-008	2.87097e-008	6.85679e-008	1.51357e-007	3.0116e-007	5.37806e-007	8.7663e-007	1.35629e-006	2.11711e-006	3.5695e-006	6.76718e-006	1.43266e-005	3.32917e-005	8.26076e-005	0.000219219	0.000617495	0.00179557	0.00515286	0.0138614	0.0332669	0.0682996	0.116225	0.16217	0.180455	0.161261	0.117522	0.0717896	0.0379875	0.0178324	0.00745256	0.00274225	0.000879436	0.000247025	6.02871e-005	1.30095e-005	2.54761e-006	4.81085e-007	9.66044e-008	2.17964e-008	5.19519e-009	1.18053e-009	2.40122e-010	4.29766e-011	6.74542e-012	9.67051e-013	1.3535e-013	1.98787e-014	3.12181e-015	4.99975e-016	7.84849e-017	1.31482e-017	2.97627e-018	8.20438e-019	
N52	1.71546e-008	1.68376e-008	3.25032e-008	6.08798e-008	1.1334e-007	2.21155e-007	4.75198e-007	1.12316e-006	2.77169e-006	6.68683e-006	1.49386e-005	2.9756e-005	5.18056e-005	7.88612e-005	0.000107411	0.000142071	0.000201439	0.000325655	0.000584725	0.00107661	0.00188616	0.00294993	0.00423012	0.00639954	0.0116087	0.0227959	0.041626	0.0678411	0.0998392	0.132203	0.154337	0.151623	0.123738	0.0838325	0.0478767	0.0238331	0.01093	0.00495915	0.00236167	0.00119555	0.000627163	0.000323097	0.00016143	8.04578e-005	4.33158e-005	2.69838e-005	1.86068e-005	1.26338e-005	7.75808e-006	4.16457e-006	1.96121e-006	8.10944e-007	3.01488e-007	1.02674e-007	3.23901e-008	9.47286e-009	2.55132e-009	6.27385e-010	1.40002e-010	2.8298e-011	5.21292e-012	8.72926e-013	1.34482e-013	1.92204e-014	2.5659e-015	3.21176e-016	3.77145e-017	4.14863e-018	4.26938e-019	4.11371e-020	3.72645e-021	
N53	1.35737e-005	1.54479e-005	2.04336e-005	1.32737e-005	4.89218e-006	1.13277e-006	1.7692e-007	1.96147e-008	3.05022e-008	2.21797e-008	0.000146864	0.000563042	0.000637743	0.000325174	9.06228e-005	1.56387e-005	1.80069e-006	1.46432e-007	3.82893e-007	2.90698e-006	0.132861	0.38249	0.326599	0.125817	0.0265762	0.00346082	0.000301826	1.88609e-005	1.46952e-005	5.89312e-006	1.16933e-006	1.48958e-007	1.39314e-008	1.0154e-009	5.92618e-011	2.80428e-012	1.08293e-013	3.42906e-015	9.51612e-014	2.26086e-014	2.4581e-015	1.61125e-016	7.2083e-018	2.35373e-019	5.85986e-021	1.14743e-022	1.80917e-024	2.33997e-026	2.52094e-028	2.29245e-030	1.78386e-032	1.19489e-034	7.02506e-037	3.68753e-039	1.76398e-041	7.87142e-044	3.35326e-046	1.38813e-048	5.62244e-051	2.21576e-053	8.38102e-056	2.97662e-058	9.81792e-061	2.97561e-063	8.24244e-066	2.0857e-068	4.83805e-071	1.03501e-073	2.05562e-076	3.80985e-079	6.60851e-082	
Schoenoplectus_pungens	0	0	0	0	0	0	0	0	0	0	0	0	0	0	0	0	0	0	0	0	0	0	0	0	0	0	0	0	0	0	0	0	0	0	0	0	0	0	1	0	0	0	0	0	0	0	0	0	0	0	0	0	0	0	0	0	0	0	0	0	0	0	0	0	0	0	0	0	0	0	0	
N54	3.84722e-007	2.36745e-007	1.64952e-007	5.00539e-008	7.749e-009	7.7949e-010	9.62431e-011	1.77463e-011	4.52259e-010	6.74535e-010	4.27943e-006	9.83601e-006	5.87598e-006	1.38432e-006	1.57795e-007	1.04945e-008	6.5762e-010	7.87177e-011	1.15509e-006	6.12086e-006	0.261655	0.473953	0.220479	0.0401711	0.0035291	0.000174528	7.17148e-006	6.31425e-007	6.89121e-008	4.35628e-009	1.63873e-010	4.04968e-012	7.14145e-014	9.82191e-016	1.59526e-017	6.53298e-019	3.54417e-020	1.41814e-021	3.6678e-023	5.82307e-025	5.89612e-027	3.99263e-029	1.90014e-031	6.59694e-034	1.72127e-036	3.45784e-039	5.46181e-042	6.9898e-045	8.22871e-048	1.37682e-050	3.79474e-053	1.02751e-055	2.17038e-058	3.49246e-061	4.36234e-064	4.44124e-067	5.0758e-070	1.5286e-072	7.07369e-075	2.408e-077	5.58796e-080	9.1375e-083	1.10125e-085	1.01216e-088	7.30354e-092	4.36242e-095	3.08642e-098	6.54499e-101	2.30907e-103	7.06598e-106	1.71646e-108	
Schoenoplectus_acutus_var_acutus	0	0	0	0	0	0	0	0	0	0	0	0	0	0	0	0	0	0	1	0	0	0	0	0	0	0	0	0	0	0	0	0	0	0	0	0	0	0	0	0	0	0	0	0	0	0	0	0	0	0	0	0	0	0	0	0	0	0	0	0	0	0	0	0	0	0	0	0	0	0	0	
N55	3.41442e-008	6.86245e-009	2.06623e-009	2.78086e-010	2.39771e-011	5.50999e-012	2.32495e-012	6.60108e-013	3.17005e-010	3.11087e-010	2.12265e-007	2.57255e-007	7.70216e-008	9.44062e-009	2.00922e-009	1.30983e-009	6.13929e-010	1.68443e-010	7.21603e-006	6.42591e-006	0.443539	0.441878	0.105248	0.0089761	0.000338407	6.87964e-006	1.48208e-007	1.05487e-008	1.11803e-009	8.26815e-011	3.31972e-012	6.90816e-014	7.83383e-016	5.15351e-018	2.2106e-020	1.99658e-022	1.13224e-023	5.97004e-025	2.0338e-026	4.07474e-028	4.53161e-030	2.793e-032	1.00473e-034	2.23254e-037	3.42189e-040	1.16193e-042	2.5945e-044	5.614e-046	8.15151e-048	7.20686e-050	3.65064e-052	1.0555e-054	1.83043e-057	2.01095e-060	1.56025e-063	2.74134e-066	3.23303e-068	3.76662e-070	2.99832e-072	1.47811e-074	4.24104e-077	7.05425e-080	7.13729e-083	4.63687e-086	2.15707e-089	2.35059e-092	1.75774e-094	1.33399e-096	7.4043e-099	2.96135e-101	9.07672e-104	
Schoenoplectus_lacustris	0	0	0	0	0	0	0	0	0	0	0	0	0	0	0	0	0	0	0	0	1	0	0	0	0	0	0	0	0	0	0	0	0	0	0	0	0	0	0	0	0	0	0	0	0	0	0	0	0	0	0	0	0	0	0	0	0	0	0	0	0	0	0	0	0	0	0	0	0	0	0	
Schoenoplectus_heterochaetus	0	0	0	0	0	0	0	0	0	0	0	0	0	0	0	0	0	0	1	0	0	0	0	0	0	0	0	0	0	0	0	0	0	0	0	0	0	0	0	0	0	0	0	0	0	0	0	0	0	0	0	0	0	0	0	0	0	0	0	0	0	0	0	0	0	0	0	0	0	0	0	
Actinoscirpus_grossus	0	0	0	0	0	0	0	0	0	0	0	0	0	0	0	0	0	0	0	0	0	0	0	0	0	0	0	0	0	0	0	0	0	0	0	0	0	0	0	0	1	0	0	0	0	0	0	0	0	0	0	0	0	0	0	0	0	0	0	0	0	0	0	0	0	0	0	0	0	0	0	
N56	1.50497e-013	4.36567e-014	9.6633e-014	2.29048e-013	5.70634e-013	1.47298e-012	3.84773e-012	9.83774e-012	2.38344e-011	5.36757e-011	1.12493e-010	2.23245e-010	4.31428e-010	8.33937e-010	1.62838e-009	3.26084e-009	6.62181e-009	1.33476e-008	2.61233e-008	4.91963e-008	9.07395e-008	1.66049e-007	3.12239e-007	6.25687e-007	1.38748e-006	3.52707e-006	1.04613e-005	3.52841e-005	0.000126013	0.000439882	0.00143644	0.00420423	0.0109487	0.0253055	0.0516454	0.0917334	0.138573	0.173669	0.177026	0.145051	0.0959465	0.0508133	0.0219421	0.00787156	0.00239653	0.000632649	0.000147845	3.11769e-005	6.02484e-006	1.08057e-006	1.84011e-007	3.04627e-008	5.08762e-009	8.54013e-010	1.38116e-010	2.04784e-011	2.68986e-012	3.07938e-013	3.06886e-014	2.70064e-015	2.17556e-016	1.67898e-017	1.31497e-018	1.06349e-019	8.64629e-021	6.7674e-022	4.91193e-023	3.2122e-024	1.85255e-025	9.32885e-027	4.14357e-028	
N57	5.43493e-013	6.81798e-013	1.46152e-012	2.92813e-012	5.61884e-012	1.08197e-011	2.20363e-011	4.81998e-011	1.08763e-010	2.4005e-010	5.02611e-010	9.95363e-010	1.8939e-009	3.54088e-009	6.68645e-009	1.34809e-008	2.99907e-008	7.29057e-008	1.83311e-007	4.49406e-007	1.04127e-006	2.26357e-006	4.97253e-006	1.2798e-005	4.20504e-005	0.000156484	0.000559495	0.00177658	0.00495292	0.0123139	0.0276901	0.0548594	0.0939924	0.136729	0.166872	0.169429	0.141934	0.0972708	0.0541707	0.0244651	0.00905835	0.00275526	0.000719788	0.000173236	4.21123e-005	1.09376e-005	2.9592e-006	7.86188e-007	1.99744e-007	4.9751e-008	1.28602e-008	3.49093e-009	9.56956e-010	2.47821e-010	5.79349e-011	1.19954e-011	2.19785e-012	3.61326e-013	5.50818e-014	8.25871e-015	1.31289e-015	2.2726e-016	4.17113e-017	7.68452e-018	1.37401e-018	2.37377e-019	4.02089e-020	6.72686e-021	1.07805e-021	1.55622e-022	1.92273e-023	
N58	1.05438e-012	1.15544e-012	2.18879e-012	4.06457e-012	7.98564e-012	1.75279e-011	4.17527e-011	1.00318e-010	2.33332e-010	5.26623e-010	1.16937e-009	2.56597e-009	5.52379e-009	1.1829e-008	2.81929e-008	7.31085e-008	2.02239e-007	5.44627e-007	1.33275e-006	2.90902e-006	5.69449e-006	1.19644e-005	3.41036e-005	0.000132184	0.000545888	0.00204294	0.0065403	0.0175774	0.0393683	0.0733385	0.110528	0.14144	0.156408	0.150398	0.124737	0.0876035	0.0510994	0.0244396	0.00956065	0.00309293	0.000824238	0.000198609	4.8294e-005	1.32512e-005	4.21968e-006	1.43531e-006	4.72704e-007	1.43999e-007	4.14612e-008	1.23979e-008	4.17277e-009	1.65501e-009	7.0507e-010	2.94065e-010	1.13372e-010	3.90166e-011	1.18425e-011	3.24699e-012	8.69752e-013	2.6063e-013	9.67025e-014	4.30722e-014	1.95103e-014	7.89533e-015	2.69386e-015	7.70168e-016	1.94673e-016	4.99248e-017	1.453e-017	4.29274e-018	1.05208e-018	
Scirpus_ficinioides	0	0	0	0	0	0	0	0	0	0	0	0	0	0	0	0	0	0	0	0	0	0	0	0	0	0	0	0	0	0	0	0	0	0	0	0	0	0	0	0	0	0	0	0	0	0	0	0	0	0	0	1	0	0	0	0	0	0	0	0	0	0	0	0	0	0	0	0	0	0	0	
N59	1.7386e-011	2.3884e-011	6.18197e-011	1.56062e-010	3.55472e-010	7.02365e-010	1.21763e-009	1.97084e-009	3.35223e-009	6.98398e-009	1.90831e-008	6.21148e-008	2.01778e-007	5.65246e-007	1.26837e-006	2.32548e-006	3.84002e-006	7.58462e-006	2.77458e-005	0.000186576	0.00135988	0.00743439	0.0279504	0.0722692	0.13188	0.176366	0.181403	0.151881	0.109189	0.0695618	0.039535	0.0193643	0.00794469	0.00266845	0.000737026	0.000175231	3.88667e-005	8.70518e-006	2.08349e-006	5.51523e-007	1.58671e-007	4.49889e-008	1.15628e-008	2.57941e-009	5.00999e-010	8.71053e-011	1.38463e-011	1.99976e-012	2.5569e-013	2.82377e-014	2.66849e-015	2.15093e-016	1.51535e-017	9.69568e-019	5.90862e-020	3.53681e-021	2.06299e-022	1.13297e-023	5.6706e-025	2.54103e-026	1.01592e-027	3.61003e-029	1.14463e-030	3.22026e-032	7.92773e-034	1.67442e-035	2.97589e-037	4.41432e-039	5.59737e-041	6.58937e-043	8.03687e-045	
N60	1.59379e-010	1.94468e-010	4.02019e-010	7.65922e-010	1.39301e-009	2.65349e-009	5.66323e-009	1.30267e-008	3.07809e-008	8.00807e-008	2.3903e-007	7.13933e-007	1.9054e-006	4.51449e-006	9.73311e-006	2.02495e-005	4.83083e-005	0.000193959	0.00119998	0.00665956	0.0265462	0.0719429	0.134624	0.179208	0.178249	0.143824	0.104334	0.0714855	0.0442541	0.0230713	0.00975995	0.00325921	0.000901535	0.000245884	8.52599e-005	3.80252e-005	1.83987e-005	8.40583e-006	3.3991e-006	1.24382e-006	4.44633e-007	1.58111e-007	5.30464e-008	1.5489e-008	3.75116e-009	7.42378e-010	1.20814e-010	1.65402e-011	1.99127e-012	2.27075e-013	2.68066e-014	3.33955e-015	4.13914e-016	4.68749e-017	4.60483e-018	3.85144e-019	2.74988e-020	1.70908e-021	9.63745e-023	5.29779e-024	3.09295e-025	1.9534e-026	1.25641e-027	7.55598e-029	4.04787e-030	1.92712e-031	8.61026e-033	4.07392e-034	2.2162e-035	1.24675e-036	6.05093e-038	
Isolepis_crassiuscula	0	0	0	0	0	0	0	0	0	0	0	0	0	0	0	0	0	0	0	0	0	0	0	0	0	0	0	0	0	0	0	1	0	0	0	0	0	0	0	0	0	0	0	0	0	0	0	0	0	0	0	0	0	0	0	0	0	0	0	0	0	0	0	0	0	0	0	0	0	0	0	
N61	4.48025e-010	3.80047e-010	3.89773e-010	2.93478e-010	9.73748e-010	1.81679e-008	1.90859e-007	9.4808e-007	2.58882e-006	4.34083e-006	4.81197e-006	3.70663e-006	2.05687e-006	8.44934e-007	0.000360853	0.00995801	0.0669	0.186652	0.273715	0.241413	0.141018	0.0576545	0.0174269	0.00403326	0.000730589	0.000105151	1.22428e-005	1.19108e-006	1.02342e-007	8.32165e-009	6.701e-010	5.24688e-011	3.85521e-012	2.57446e-013	1.53891e-014	8.18331e-016	3.85348e-017	1.59748e-018	5.7904e-020	1.8249e-021	5.00044e-023	1.19023e-024	2.5172e-026	4.8933e-028	9.16776e-030	1.72601e-031	3.29672e-033	6.23677e-035	1.13183e-036	1.93278e-038	3.10317e-040	4.71134e-042	6.90679e-044	9.89106e-046	1.3841e-047	1.87402e-049	2.42073e-051	2.94695e-053	3.35985e-055	3.59836e-057	3.67707e-059	3.65708e-061	3.64589e-063	3.67529e-065	3.68714e-067	3.56827e-069	3.22887e-071	2.67307e-073	2.00573e-075	1.36899e-077	8.62905e-080	
Ficinia_spiralis	0	0	0	0	0	0	0	0	0	0	0	0	0	0	1	0	0	0	0	0	0	0	0	0	0	0	0	0	0	0	0	0	0	0	0	0	0	0	0	0	0	0	0	0	0	0	0	0	0	0	0	0	0	0	0	0	0	0	0	0	0	0	0	0	0	0	0	0	0	0	0	
Ficinia_nodosa	0	0	0	0	0	0	0	0	0	0	0	0	0	0	1	0	0	0	0	0	0	0	0	0	0	0	0	0	0	0	0	0	0	0	0	0	0	0	0	0	0	0	0	0	0	0	0	0	0	0	0	0	0	0	0	0	0	0	0	0	0	0	0	0	0	0	0	0	0	0	0	
N62	7.50877e-010	7.86453e-010	1.40768e-009	2.25583e-009	3.56216e-009	6.98159e-009	2.06097e-008	8.3874e-008	3.61008e-007	1.37486e-006	4.36427e-006	1.13302e-005	2.37939e-005	4.21827e-005	8.42808e-005	0.000294558	0.00148158	0.00722242	0.0272244	0.0731245	0.140004	0.191603	0.192562	0.147172	0.091857	0.0538389	0.0336512	0.0211534	0.0114829	0.00492693	0.0016439	0.000428343	9.70144e-005	2.72206e-005	1.40821e-005	9.79242e-006	6.21965e-006	3.26843e-006	1.45821e-006	5.84942e-007	2.18331e-007	7.33795e-008	2.136e-008	5.23226e-009	1.07064e-009	1.84523e-010	2.7328e-011	3.59667e-012	4.42122e-013	5.34939e-014	6.50616e-015	7.64481e-016	8.2764e-017	7.96393e-018	6.71971e-019	4.98681e-020	3.3061e-021	2.01743e-022	1.18727e-023	7.0849e-025	4.36865e-026	2.6788e-027	1.56335e-028	8.45949e-030	4.26962e-031	2.06985e-032	9.91463e-034	4.67504e-035	2.08576e-036	8.40581e-038	2.98547e-039	
Isolepis_prolifera	0	0	0	0	0	0	0	0	0	0	0	0	0	0	0	0	0	0	0	0	0	0	0	0	0	0	0	0	0	0	0	0	1	0	0	0	0	0	0	0	0	0	0	0	0	0	0	0	0	0	0	0	0	0	0	0	0	0	0	0	0	0	0	0	0	0	0	0	0	0	0	
Isolepis_setacea	0	0	0	0	0	0	0	0	0	0	0	0	0	1	0	0	0	0	0	0	0	0	0	0	0	0	0	0	0	0	0	0	0	0	0	0	0	0	0	0	0	0	0	0	0	0	0	0	0	0	0	0	0	0	0	0	0	0	0	0	0	0	0	0	0	0	0	0	0	0	0	
Scirpoides_holoschoenus	0	0	0	0	0	0	0	0	0	0	0	0	0	0	0	0	0	0	0	0	1	0	0	0	0	0	0	0	0	0	0	0	0	0	0	0	0	0	0	0	0	0	0	0	0	0	0	0	0	0	0	0	0	0	0	0	0	0	0	0	0	0	0	0	0	0	0	0	0	0	0	
N63	5.88018e-012	6.05382e-012	1.26782e-011	2.90603e-011	7.00992e-011	1.64457e-010	3.51957e-010	6.69778e-010	1.14652e-009	1.83679e-009	2.93376e-009	5.07369e-009	1.03681e-008	2.60099e-008	7.65831e-008	2.54487e-007	9.25985e-007	3.44694e-006	1.17923e-005	3.49221e-005	9.2596e-005	0.000235677	0.000623941	0.0017217	0.0045549	0.0104727	0.0198196	0.0310524	0.0434453	0.06108	0.0903199	0.126994	0.156324	0.161015	0.134323	0.0881828	0.044778	0.0175972	0.00547573	0.00141836	0.000330138	7.2202e-005	1.49307e-005	2.80896e-006	4.697e-007	7.07569e-008	9.96369e-009	1.34516e-009	1.71888e-010	2.00016e-011	2.05041e-012	1.80225e-013	1.35627e-014	8.80992e-016	5.05503e-017	2.667e-018	1.35835e-019	6.88228e-021	3.43151e-022	1.62271e-023	7.05683e-025	2.76655e-026	9.84513e-028	3.22735e-029	9.91254e-031	2.87612e-032	7.8345e-034	1.9723e-035	4.52016e-037	9.35818e-039	1.7517e-040	
N64	2.55237e-010	3.64947e-010	9.87703e-010	2.69628e-009	7.23179e-009	1.89958e-008	4.96143e-008	1.3342e-007	3.85524e-007	1.18489e-006	3.55501e-006	9.48633e-006	2.14202e-005	4.07243e-005	6.72312e-005	0.000105087	0.000167349	0.000277509	0.000476137	0.000833054	0.00141364	0.00215705	0.00310065	0.00491248	0.00877909	0.0161554	0.0322457	0.0678592	0.123981	0.174499	0.187378	0.1544	0.10302	0.0593379	0.0313255	0.0155014	0.00709348	0.00297639	0.00116962	0.000444626	0.000165078	5.74113e-005	1.79811e-005	4.91805e-006	1.1591e-006	2.35784e-007	4.20854e-008	6.81943e-009	1.05436e-009	1.62798e-010	2.5402e-011	3.84739e-012	5.42681e-013	6.89607e-014	7.77206e-015	7.76555e-016	6.98119e-017	5.83595e-018	4.76806e-019	3.99046e-020	3.46746e-021	3.01769e-022	2.53646e-023	2.00655e-024	1.4814e-025	1.02147e-026	6.58482e-028	3.95519e-029	2.20114e-030	1.13223e-031	5.40155e-033	
Cyperus_fuscus	0	0	0	0	0	0	0	0	0	0	0	0	0	0	0	0	0	0	0	0	0	0	0	1	0	0	0	0	0	0	0	0	0	0	0	0	0	0	0	0	0	0	0	0	0	0	0	0	0	0	0	0	0	0	0	0	0	0	0	0	0	0	0	0	0	0	0	0	0	0	0	
Cyperus_eragrostis	0	0	0	0	0	0	0	0	0	0	0	0	0	0	0	0	0	0	0	0	1	0	0	0	0	0	0	0	0	0	0	0	0	0	0	0	0	0	0	0	0	0	0	0	0	0	0	0	0	0	0	0	0	0	0	0	0	0	0	0	0	0	0	0	0	0	0	0	0	0	0	
N65	2.07713e-011	2.19736e-011	4.21574e-011	7.56185e-011	1.29035e-010	2.22786e-010	4.29971e-010	9.70223e-010	2.39729e-009	5.91768e-009	1.38042e-008	3.01258e-008	6.50816e-008	1.63717e-007	5.73148e-007	2.56359e-006	1.1023e-005	3.93014e-005	0.000115704	0.000305273	0.000814559	0.00225037	0.00599941	0.0141595	0.0284791	0.0489761	0.0733824	0.0970197	0.114206	0.123302	0.128563	0.126588	0.107822	0.07251	0.036703	0.0138146	0.00390509	0.000852485	0.000150851	2.31894e-005	3.34243e-006	4.66039e-007	6.32715e-008	8.09926e-009	9.38218e-010	9.58121e-011	8.78695e-012	7.99281e-013	8.37374e-014	1.02445e-014	1.26505e-015	1.38136e-016	1.26403e-017	9.5063e-019	5.87146e-020	3.03345e-021	1.38787e-022	6.39641e-024	3.47016e-025	2.20781e-026	1.41984e-027	8.17114e-029	4.01093e-030	1.65193e-031	5.74716e-033	1.77713e-034	5.73107e-036	2.42397e-037	1.27669e-038	6.37818e-040	2.54365e-041	
N66	1.72787e-010	1.56265e-010	2.7156e-010	5.77479e-010	1.81305e-009	6.36272e-009	1.86252e-008	4.21848e-008	7.93454e-008	1.47256e-007	3.2575e-007	1.11173e-006	6.6797e-006	4.78369e-005	0.000303737	0.00149583	0.00524452	0.0130624	0.0250706	0.0425954	0.0684398	0.0934927	0.100975	0.0889793	0.0708577	0.0591556	0.0580957	0.0702251	0.093074	0.0985905	0.0690296	0.0302771	0.00879704	0.00183935	0.00029686	3.97127e-005	5.05282e-006	6.8141e-007	8.97902e-008	1.02304e-008	9.75672e-010	8.08961e-011	6.67048e-012	6.41793e-013	7.31719e-014	8.40013e-015	8.23338e-016	6.33228e-017	3.71983e-018	1.67409e-019	5.92787e-021	1.73452e-022	4.68355e-024	1.33047e-025	4.13442e-027	1.2848e-028	3.60662e-030	8.66743e-032	1.75432e-033	3.01227e-035	4.51611e-037	6.21011e-039	8.70442e-041	1.40278e-042	2.63028e-044	5.0824e-046	8.99438e-048	1.36771e-049	1.73219e-051	1.80509e-053	1.56701e-055	
N67	1.71364e-010	1.71504e-010	4.44565e-010	1.24681e-009	3.29553e-009	8.05022e-009	1.97744e-008	5.36965e-008	1.80993e-007	8.04791e-007	4.08144e-006	1.96367e-005	8.36819e-005	0.000319026	0.00104205	0.00278685	0.00624318	0.0123282	0.0209993	0.0298811	0.0358317	0.0354518	0.0299605	0.0250368	0.026489	0.0361819	0.0504394	0.072795	0.103202	0.114708	0.101277	0.081875	0.0648017	0.0487975	0.0337173	0.0220518	0.015865	0.0124219	0.00840925	0.0042694	0.00169386	0.000638959	0.000254526	8.93658e-005	2.47663e-005	5.99436e-006	1.58593e-006	4.7046e-007	1.2585e-007	2.60605e-008	3.99712e-009	4.49656e-010	3.7839e-011	2.46238e-012	1.32707e-013	6.90944e-015	4.36005e-016	3.3869e-017	2.57587e-018	1.6302e-019	8.13584e-021	3.1524e-022	9.61376e-024	2.37364e-025	5.06206e-027	1.08853e-028	3.02297e-030	1.1624e-031	5.29001e-033	2.48937e-034	1.01976e-035	
N68	7.12972e-010	1.14116e-009	3.5984e-009	1.29911e-008	5.11026e-008	1.95572e-007	6.65373e-007	2.04392e-006	6.44321e-006	2.17e-005	6.80803e-005	0.000190438	0.000544539	0.00164656	0.00441643	0.00939539	0.0153075	0.0198148	0.0229932	0.0260365	0.0265959	0.0234637	0.0218571	0.0254266	0.0330734	0.0393764	0.0496202	0.0819075	0.117916	0.119484	0.0945876	0.0675201	0.0509139	0.0411076	0.0324919	0.0254712	0.01923	0.0123986	0.0063604	0.00283663	0.00177481	0.00168856	0.00147766	0.00113736	0.000839218	0.000543019	0.000281727	0.000117994	4.13602e-005	1.2095e-005	2.84721e-006	5.25019e-007	8.13836e-008	1.2469e-008	2.0716e-009	3.3799e-010	4.90105e-011	6.27428e-012	7.25999e-013	7.49043e-014	6.58308e-015	4.77307e-016	3.04667e-017	2.00394e-018	1.48596e-019	1.12731e-020	8.0748e-022	5.79094e-023	4.69594e-024	4.20521e-025	3.38434e-026	
N69	4.21825e-008	3.49354e-009	2.17864e-010	7.07888e-012	1.39588e-013	1.82676e-015	1.68425e-017	1.14249e-019	5.88532e-013	2.32852e-005	4.93903e-006	3.36995e-007	1.11177e-008	2.1366e-010	2.67639e-012	2.38063e-014	1.59475e-016	8.42807e-019	2.97074e-012	9.54028e-005	1.85815e-005	1.16118e-006	3.45166e-008	5.79051e-010	6.04798e-012	4.20007e-014	2.03809e-016	7.21077e-019	1.59449e-012	3.11231e-005	3.74497e-006	1.53747e-007	3.29912e-009	4.4255e-011	4.0777e-013	2.74825e-015	1.43017e-017	6.28988e-020	7.54582e-011	0.838183	0.152135	0.00922435	0.000274342	4.72653e-006	5.21872e-008	3.98463e-010	2.2498e-012	1.00049e-014	3.69304e-017	1.1652e-019	3.15244e-022	7.19106e-025	1.37301e-027	2.18535e-030	2.91734e-033	3.32188e-036	3.31849e-039	3.01756e-042	2.58272e-045	2.10785e-048	1.62023e-051	1.13951e-054	7.19759e-058	4.02825e-061	1.98747e-064	8.65711e-068	3.35106e-071	1.16482e-074	3.6779e-078	1.06351e-081	2.81906e-085	
Cyperus_houghtonii	0	0	0	0	0	0	0	0	0	0	0	0	0	0	0	0	0	0	0	0	0	0	0	0	0	0	0	0	0	0	0	0	0	0	0	0	0	0	1	0	0	0	0	0	0	0	0	0	0	0	0	0	0	0	0	0	0	0	0	0	0	0	0	0	0	0	0	0	0	0	0	
Cyperus_schweinitzii	0	0	0	0	0	0	0	0	0	0	0	0	0	0	0	0	0	0	0	0	0	0	0	0	0	0	0	0	0	0	0	0	0	0	0	0	0	0	0	1	0	0	0	0	0	0	0	0	0	0	0	0	0	0	0	0	0	0	0	0	0	0	0	0	0	0	0	0	0	0	0	
Lipocarpha_micrantha	0	0	0	0	0	0	0	0	0	0	0	0	0	0	0	0	0	0	0	0	0	0	0	0	0	1	0	0	0	0	0	0	0	0	0	0	0	0	0	0	0	0	0	0	0	0	0	0	0	0	0	0	0	0	0	0	0	0	0	0	0	0	0	0	0	0	0	0	0	0	0	
Lipocarpha_microcephala	0	0	0	0	0	0	0	0	0	0	0	0	0	0	0	0	0	0	0	0	0	0	1	0	0	0	0	0	0	0	0	0	0	0	0	0	0	0	0	0	0	0	0	0	0	0	0	0	0	0	0	0	0	0	0	0	0	0	0	0	0	0	0	0	0	0	0	0	0	0	0	
N70	2.32593e-010	2.7699e-010	7.87819e-010	2.7311e-009	9.77994e-009	3.08348e-008	7.84524e-008	1.54113e-007	2.63582e-007	9.26151e-007	6.00204e-006	4.3017e-005	0.000298547	0.00169542	0.00768681	0.0257292	0.061483	0.105141	0.129958	0.118969	0.085398	0.0587129	0.0514052	0.0606768	0.0781362	0.0863695	0.0703023	0.0391864	0.0145307	0.00357622	0.000599615	8.10918e-005	1.17018e-005	1.98188e-006	3.47881e-007	5.64142e-008	8.21192e-009	1.06787e-009	1.24647e-010	1.31308e-011	1.19171e-012	9.98257e-014	9.73154e-015	1.26495e-015	2.31965e-016	6.12585e-017	1.75332e-017	4.03493e-018	6.61203e-019	7.80412e-020	8.43858e-021	1.23267e-021	2.24178e-022	4.19261e-023	8.40239e-024	2.0258e-024	4.82371e-025	8.88017e-026	1.14841e-026	1.06009e-027	8.66952e-029	8.43978e-030	7.89565e-031	5.9115e-032	4.35525e-033	4.0494e-034	4.03061e-035	3.39359e-036	2.2035e-037	1.06293e-038	3.70872e-040	
N71	4.24306e-009	5.9773e-009	1.14825e-008	1.69127e-008	1.8772e-008	1.57254e-008	9.38486e-007	4.86211e-006	0.000805801	0.0111018	0.054841	0.137865	0.210269	0.219571	0.171417	0.107129	0.0546042	0.0225461	0.00743478	0.00193814	0.000398542	6.4153e-005	8.0917e-006	7.98339e-007	6.14624e-008	3.68398e-009	1.71987e-010	6.31161e-012	1.87663e-013	4.83204e-015	1.18439e-016	2.89771e-018	6.98066e-020	1.58565e-021	3.30663e-023	6.22481e-025	1.04436e-026	1.57296e-028	2.27588e-030	3.67476e-032	7.2907e-034	1.60108e-035	3.38691e-037	6.40367e-039	1.05549e-040	1.52818e-042	2.03818e-044	2.75226e-046	4.10682e-048	6.68425e-050	1.08944e-051	1.64843e-053	2.23253e-055	2.65193e-057	2.73601e-059	2.45189e-061	1.93343e-063	1.37912e-065	9.22335e-068	5.94624e-070	3.74033e-072	2.29423e-074	1.37886e-076	7.96142e-079	4.25812e-081	2.05561e-083	9.03493e-086	3.81501e-088	1.6688e-090	7.75871e-093	3.65628e-095	
Kyllinga_brevifolia	0	0	0	0	0	0	0	0	1	0	0	0	0	0	0	0	0	0	0	0	0	0	0	0	0	0	0	0	0	0	0	0	0	0	0	0	0	0	0	0	0	0	0	0	0	0	0	0	0	0	0	0	0	0	0	0	0	0	0	0	0	0	0	0	0	0	0	0	0	0	0	
Kyllinga_bulbosa	0	0	0	0	0	0	1	0	0	0	0	0	0	0	0	0	0	0	0	0	0	0	0	0	0	0	0	0	0	0	0	0	0	0	0	0	0	0	0	0	0	0	0	0	0	0	0	0	0	0	0	0	0	0	0	0	0	0	0	0	0	0	0	0	0	0	0	0	0	0	0	
N72	4.56141e-010	6.17483e-010	1.72319e-009	5.28019e-009	1.60053e-008	4.61123e-008	1.43394e-007	5.31382e-007	1.92866e-006	5.79942e-006	1.79375e-005	8.56087e-005	0.000531214	0.0031324	0.0144104	0.0429399	0.0856754	0.118361	0.116786	0.0859074	0.0488543	0.0304758	0.030259	0.0451721	0.0661122	0.0717117	0.0522475	0.0249807	0.00791145	0.00176951	0.000336922	0.000107006	8.69849e-005	0.000131584	0.000217142	0.00030697	0.000366758	0.000379258	0.000329159	0.000231425	0.000130171	8.16439e-005	8.29487e-005	0.000130984	0.000217517	0.000307749	0.000367726	0.000380263	0.000330032	0.000258317	0.000289271	0.000578616	0.00138195	0.00322388	0.00615821	0.00914559	0.0111235	0.0115835	0.0100831	0.00777536	0.00805107	0.0128832	0.0178536	0.0179996	0.0134465	0.00796635	0.00410923	0.00200778	0.00104556	0.000688538	0.000475039	
Cyperus_papyrus	0	0	0	0	0	0	0	0	0	0	0	0	0	0	0	0	0	0	0	0	0	0	0	0	0	0	0	0	0	0	0	0	0	0	0	0	0	0	0	0	0	0	0	0	0	0	0	0	0	1	0	0	0	0	0	0	0	0	0	0	0	0	0	0	0	0	0	0	0	0	0	
Cyperus_longus	0	0	0	0	0	0	0	0	0	0	0	0	0	0	0	0	0	0	0	0	0	0	0	0	0	0	0	0	0	0	0	0	0	0	0	0	0	0	0	0	0	0	0	0	0	0	0	0	0	0	0	0	0	0	0	0	0	0	0	1	0	0	0	0	0	0	0	0	0	0	0	
N73	2.71102e-013	1.19082e-014	5.55792e-016	1.61045e-017	3.25014e-019	8.33855e-007	1.02865e-006	3.07546e-007	3.96338e-008	2.78795e-009	1.21899e-010	3.59621e-012	7.57976e-014	1.18989e-015	1.43644e-017	0.462092	0.430531	0.0973757	0.00948083	0.000501373	1.63516e-005	3.5337e-007	5.36291e-009	5.94761e-011	4.98e-013	3.2461e-015	1.70315e-017	7.48809e-020	2.88965e-022	1.02092e-024	3.37758e-027	1.03728e-029	2.93503e-032	7.57198e-035	1.77769e-037	3.80942e-040	7.47413e-043	1.34384e-045	2.21123e-048	3.32359e-051	4.56263e-054	5.70046e-057	6.54909e-060	6.96702e-063	6.91957e-066	6.46059e-069	5.69032e-072	4.7271e-075	3.69362e-078	2.7063e-081	1.85751e-084	1.18994e-087	7.18793e-091	4.12233e-094	2.26087e-097	1.19099e-100	6.02311e-104	2.90983e-107	1.33301e-110	5.74871e-114	2.32206e-117	8.72585e-121	3.06434e-124	1.00854e-127	3.12399e-131	9.14597e-135	2.53784e-138	6.67947e-142	1.66558e-145	3.92739e-149	8.74861e-153	
Cyperus_involucratus	0	0	0	0	0	0	0	0	0	0	0	0	0	0	0	1	0	0	0	0	0	0	0	0	0	0	0	0	0	0	0	0	0	0	0	0	0	0	0	0	0	0	0	0	0	0	0	0	0	0	0	0	0	0	0	0	0	0	0	0	0	0	0	0	0	0	0	0	0	0	0	
Cyperus_alternifolius	0	0	0	0	0	0	0	0	0	0	0	0	0	0	0	1	0	0	0	0	0	0	0	0	0	0	0	0	0	0	0	0	0	0	0	0	0	0	0	0	0	0	0	0	0	0	0	0	0	0	0	0	0	0	0	0	0	0	0	0	0	0	0	0	0	0	0	0	0	0	0	
N74	1.60007e-008	1.02516e-008	1.6393e-008	4.38172e-008	1.48335e-007	4.46343e-007	1.0879e-006	2.11663e-006	3.32148e-006	4.32487e-006	4.89092e-006	5.44662e-006	8.73788e-006	2.82746e-005	0.000128706	0.000515545	0.0016284	0.00443144	0.0106268	0.0206108	0.0303865	0.037863	0.063068	0.128112	0.199461	0.21224	0.157719	0.0849645	0.0342914	0.0106575	0.00262295	0.000517227	8.39088e-005	1.1452e-005	1.34661e-006	1.39814e-007	1.31161e-008	1.13225e-009	9.09722e-011	6.83542e-012	4.8138e-013	3.14731e-014	1.91062e-015	1.07152e-016	5.5277e-018	2.61685e-019	1.1374e-020	4.5551e-022	1.69112e-023	5.86259e-025	1.91288e-026	5.86234e-028	1.69453e-029	4.6055e-031	1.17173e-032	2.77965e-034	6.135e-036	1.25992e-037	2.41301e-039	4.32656e-041	7.3044e-043	1.15955e-044	1.74353e-046	2.48642e-048	3.3625e-050	4.30892e-052	5.2299e-054	6.01473e-056	6.56288e-058	6.8047e-060	6.71344e-062	
Schoenoplectus_hallii	0	0	0	0	0	0	0	0	0	0	1	0	0	0	0	0	0	0	0	0	0	0	0	0	0	0	0	0	0	0	0	0	0	0	0	0	0	0	0	0	0	0	0	0	0	0	0	0	0	0	0	0	0	0	0	0	0	0	0	0	0	0	0	0	0	0	0	0	0	0	0	
N75	8.35252e-009	6.02289e-009	1.2221e-008	3.55846e-008	9.74215e-008	2.11056e-007	4.2314e-007	9.83004e-007	2.52918e-006	6.20314e-006	1.316e-005	2.29047e-005	3.71439e-005	7.64864e-005	0.00019435	0.000728051	0.00351101	0.0120536	0.0256097	0.0347633	0.0318378	0.0411255	0.114999	0.218138	0.239012	0.164644	0.0771556	0.0264974	0.00728158	0.00177073	0.000408906	8.77384e-005	1.69759e-005	2.99328e-006	5.17876e-007	9.37469e-008	1.70853e-008	2.85124e-009	4.07811e-010	4.86721e-011	4.83873e-012	4.01439e-013	2.86896e-014	1.87625e-015	1.23797e-016	8.86026e-018	6.63389e-019	4.72287e-020	2.98564e-021	1.62734e-022	7.60873e-024	3.05313e-025	1.08308e-026	3.60169e-028	1.23583e-029	4.6972e-031	1.90475e-032	7.48098e-034	2.65462e-035	8.25562e-037	2.23566e-038	5.27267e-040	1.11497e-041	2.24335e-043	4.75675e-045	1.16281e-046	3.26052e-048	9.86291e-050	3.02703e-051	8.67227e-053	2.0822e-054	
Schoenoplectus_articulatus	0	0	0	0	0	0	0	0	0	0	0	0	0	0	1	0	0	0	0	0	0	0	0	0	0	0	0	0	0	0	0	0	0	0	0	0	0	0	0	0	0	0	0	0	0	0	0	0	0	0	0	0	0	0	0	0	0	0	0	0	0	0	0	0	0	0	0	0	0	0	0	
N76	9.15388e-014	8.22937e-008	1.03589e-007	4.92454e-008	1.23326e-008	1.88195e-009	1.8991e-010	1.33448e-011	9.12723e-009	3.72099e-009	6.39752e-010	8.18677e-005	5.66673e-005	1.41768e-005	1.77167e-006	1.28397e-007	5.83356e-009	1.75239e-010	5.42231e-006	1.30435e-006	2.8307e-007	0.757541	0.213499	0.0264618	0.00219624	0.000133837	5.81422e-006	1.79304e-007	4.10602e-009	7.63736e-011	1.28805e-012	2.05973e-014	2.9977e-016	3.69999e-018	3.71758e-020	3.00128e-022	1.95184e-024	1.03978e-026	4.71761e-029	1.96304e-031	8.22461e-034	3.58025e-036	1.53648e-038	6.00015e-041	2.0304e-043	5.83752e-046	1.42153e-048	2.96712e-051	5.49648e-054	9.69576e-057	1.78212e-059	3.51293e-062	7.02935e-065	1.31504e-067	2.18615e-070	3.16136e-073	3.95991e-076	4.34727e-079	4.34004e-082	4.25071e-085	4.48842e-088	5.23201e-091	6.31588e-094	7.26485e-097	7.5925e-100	7.07482e-103	5.85008e-106	4.30926e-109	2.8599e-112	1.74194e-115	9.94435e-119	
N77	2.94588e-016	5.94994e-010	1.71959e-010	2.54085e-011	5.00066e-012	8.20823e-013	7.86329e-014	4.18502e-015	1.20445e-016	1.97862e-011	1.8041e-012	5.32182e-007	8.66674e-008	1.04821e-008	2.39988e-009	3.82693e-010	3.29965e-011	1.48148e-012	3.1516e-014	6.69889e-007	2.82847e-008	0.937222	0.0613812	0.00137817	1.72224e-005	2.19774e-007	8.98997e-009	3.81007e-010	8.08496e-012	6.60027e-014	2.54586e-016	5.4646e-019	7.88633e-022	1.16285e-024	7.71515e-027	1.19494e-028	1.39649e-030	1.03533e-032	4.2522e-035	7.62102e-038	7.19429e-041	4.15029e-044	1.74594e-047	8.05769e-051	1.78182e-053	9.72769e-056	4.21343e-058	1.21132e-060	2.0099e-063	1.51066e-066	6.18731e-070	1.59795e-073	3.09757e-077	6.76534e-081	7.25707e-084	1.96649e-086	4.31906e-089	6.42317e-092	5.61712e-095	2.2644e-098	5.0564e-102	7.23054e-106	7.87382e-110	9.80044e-114	6.09685e-117	9.71412e-120	1.27676e-122	1.1712e-125	6.85913e-129	2.61184e-132	1.13506e-135	
Schoenoplectus_smithii_var_smithii	0	0	0	0	0	0	0	0	0	0	0	0	0	0	0	0	0	0	0	1	0	0	0	0	0	0	0	0	0	0	0	0	0	0	0	0	0	0	0	0	0	0	0	0	0	0	0	0	0	0	0	0	0	0	0	0	0	0	0	0	0	0	0	0	0	0	0	0	0	0	0	
Schoenoplectiella_hotarui	0	0	0	0	0	0	0	0	0	0	0	0	0	0	0	0	0	0	0	0	0	1	0	0	0	0	0	0	0	0	0	0	0	0	0	0	0	0	0	0	0	0	0	0	0	0	0	0	0	0	0	0	0	0	0	0	0	0	0	0	0	0	0	0	0	0	0	0	0	0	0	
Schoenoplectus_purshianus_var_purshianus	0	0	0	0	0	0	0	0	0	0	0	0	0	0	0	0	0	0	1	0	0	0	0	0	0	0	0	0	0	0	0	0	0	0	0	0	0	0	0	0	0	0	0	0	0	0	0	0	0	0	0	0	0	0	0	0	0	0	0	0	0	0	0	0	0	0	0	0	0	0	0	
Fuirena_ciliaris	0	0	0	0	0	0	0	0	0	0	0	0	0	0	0	0	0	0	1	0	0	0	0	0	0	0	0	0	0	0	0	0	0	0	0	0	0	0	0	0	0	0	0	0	0	0	0	0	0	0	0	0	0	0	0	0	0	0	0	0	0	0	0	0	0	0	0	0	0	0	0	
N78	6.56098e-005	1.14122e-005	3.27336e-006	5.97856e-007	7.5921e-008	7.08948e-009	1.39486e-006	0.00201685	0.00567856	0.00521102	0.00233739	0.00061364	0.000104807	1.24652e-005	1.08145e-006	7.14126e-008	6.69007e-006	0.0054968	0.0121016	0.00866624	0.00304272	0.000622816	8.33178e-005	7.83626e-006	5.47119e-007	2.96105e-008	2.35092e-006	0.188942	0.382235	0.26431	0.094255	0.0205157	0.00304294	0.000327722	2.67886e-005	1.71668e-006	0.000161417	7.50023e-005	1.58721e-005	2.05473e-006	1.84765e-007	1.22642e-008	6.33617e-010	2.62803e-011	8.95985e-013	2.55673e-014	1.25723e-010	2.87962e-011	3.12431e-012	2.14611e-013	1.0551e-014	3.93434e-016	1.17049e-017	2.86151e-019	5.87935e-021	1.03277e-022	1.57184e-024	2.09513e-026	2.46773e-028	2.5881e-030	2.4351e-032	2.05625e-034	1.573e-036	1.09465e-038	6.95344e-041	4.04303e-043	2.15658e-045	1.05756e-047	4.77829e-050	1.99393e-052	7.70806e-055	
Bolboschoenus_planiculmis	0	0	0	0	0	0	0	0	0	0	0	0	0	0	0	0	0	0	0	0	0	0	0	0	0	0	0	1	0	0	0	0	0	0	0	0	0	0	0	0	0	0	0	0	0	0	0	0	0	0	0	0	0	0	0	0	0	0	0	0	0	0	0	0	0	0	0	0	0	0	0	
Bolboschoenus_fluviatilis	0	0	0	0	0	0	0	0	0	0	0	0	0	0	0	0	0	0	0	0	0	0	0	0	0	0	0	0	0	0	0	0	0	0	0	0	0	0	0	0	0	0	0	0	0	0	1	0	0	0	0	0	0	0	0	0	0	0	0	0	0	0	0	0	0	0	0	0	0	0	0	
N79	5.55442e-009	7.24808e-010	7.62208e-010	7.95146e-010	8.24166e-010	8.49476e-010	8.70201e-010	8.84641e-010	8.91365e-010	8.90341e-010	8.83961e-010	8.53474e-010	8.44213e-010	8.45018e-010	8.57602e-010	9.06797e-010	1.02221e-009	1.28638e-009	1.8993e-009	3.32184e-009	6.63593e-009	1.41396e-008	3.12628e-008	7.0932e-008	1.65783e-007	4.01335e-007	1.00876e-006	2.63249e-006	7.12952e-006	2.00081e-005	5.84165e-005	0.000172448	0.00050312	0.00140936	0.00368926	0.00882952	0.019017	0.0364694	0.0618506	0.0923832	0.12223	0.141321	0.143135	0.126961	0.0986156	0.0670803	0.0399676	0.0208692	0.00956074	0.00385258	0.00138042	0.000439105	0.000127102	3.4569e-005	9.21981e-006	2.50555e-006	7.03189e-007	2.01214e-007	5.75041e-008	1.61637e-008	4.43965e-009	1.16834e-009	2.92057e-010	6.85312e-011	1.49739e-011	3.03789e-012	5.73657e-013	1.01505e-013	1.69831e-014	2.7098e-015	4.14383e-016	
N80	1.05347e-006	6.87833e-007	9.49887e-007	1.20607e-006	1.56709e-006	2.51331e-006	5.22354e-006	1.14418e-005	2.19508e-005	3.44914e-005	4.54893e-005	5.89649e-005	0.000102065	0.000329127	0.00177466	0.00885574	0.0315168	0.0786358	0.141646	0.190155	0.197026	0.159093	0.102493	0.0535626	0.0230376	0.00826174	0.00250055	0.000646366	0.000144436	2.82653e-005	4.93132e-006	7.71641e-007	1.10592e-007	1.47283e-008	1.8429e-009	2.17989e-010	2.44055e-011	2.58067e-012	2.5683e-013	2.39772e-014	2.10033e-015	1.71294e-016	1.30706e-017	9.34571e-019	6.27592e-020	3.96782e-021	2.36656e-022	1.33332e-023	7.09851e-025	3.56991e-026	1.6977e-027	7.58208e-029	3.19284e-030	1.26816e-031	4.75634e-033	1.68744e-034	5.67453e-036	1.81258e-037	5.50989e-039	1.59621e-040	4.41761e-042	1.16183e-043	2.91774e-045	6.9996e-047	1.60481e-048	3.51799e-050	7.37522e-052	1.47849e-053	2.83262e-055	5.18207e-057	9.04895e-059	
Rhynchospora_albiceps	0	0	0	0	0	0	0	0	0	1	0	0	0	0	0	0	0	0	0	0	0	0	0	0	0	0	0	0	0	0	0	0	0	0	0	0	0	0	0	0	0	0	0	0	0	0	0	0	0	0	0	0	0	0	0	0	0	0	0	0	0	0	0	0	0	0	0	0	0	0	0	
N81	9.94254e-008	6.82396e-008	2.87102e-007	1.15282e-006	3.22517e-006	6.29606e-006	8.79932e-006	8.97174e-006	6.77497e-006	3.15899e-005	0.000134406	0.00215886	0.0238528	0.102414	0.217336	0.269448	0.212787	0.113775	0.0430729	0.0119601	0.00252176	0.000411247	5.3981e-005	5.95134e-006	5.79863e-007	5.23259e-008	4.47587e-009	3.62657e-010	2.77824e-011	2.0418e-012	1.47305e-013	1.03444e-014	6.91921e-016	4.23796e-017	2.3111e-018	1.10802e-019	4.67198e-021	1.75688e-022	6.06104e-024	1.99699e-025	6.52827e-027	2.11967e-028	6.71624e-030	1.99876e-031	5.42911e-033	1.32736e-034	2.91794e-036	5.84059e-038	1.09359e-039	1.99165e-041	3.65999e-043	6.79013e-045	1.24834e-046	2.18714e-048	3.54596e-050	5.24271e-052	7.05709e-054	8.75508e-056	1.02878e-057	1.19267e-059	1.42012e-061	1.75051e-063	2.19681e-065	2.7129e-067	3.20932e-069	3.57552e-071	3.7023e-073	3.51966e-075	3.04128e-077	2.38306e-079	1.71229e-081	
Rhynchospora_rubra	0	0	0	0	0	0	0	0	0	1	0	0	0	0	0	0	0	0	0	0	0	0	0	0	0	0	0	0	0	0	0	0	0	0	0	0	0	0	0	0	0	0	0	0	0	0	0	0	0	0	0	0	0	0	0	0	0	0	0	0	0	0	0	0	0	0	0	0	0	0	0	
Rhynchospora_globosa	0	0	0	0	0	0	0	0	0	0	0	1	0	0	0	0	0	0	0	0	0	0	0	0	0	0	0	0	0	0	0	0	0	0	0	0	0	0	0	0	0	0	0	0	0	0	0	0	0	0	0	0	0	0	0	0	0	0	0	0	0	0	0	0	0	0	0	0	0	0	0	
N82	2.70518e-009	2.19294e-010	2.77909e-010	4.04667e-010	6.77279e-010	1.25709e-009	2.47533e-009	5.01955e-009	1.03601e-008	2.17473e-008	4.65093e-008	1.00902e-007	2.19865e-007	4.773e-007	1.03054e-006	2.29815e-006	5.4727e-006	1.41084e-005	3.83694e-005	0.000104928	0.000279694	0.000702777	0.00167126	0.00381094	0.00838427	0.0175602	0.0340499	0.0594284	0.0915177	0.12298	0.144678	0.147002	0.129568	0.0992688	0.0662763	0.0386676	0.0197738	0.00889303	0.00353146	0.00124456	0.00039407	0.000111956	2.91138e-005	7.07145e-006	1.64462e-006	3.75522e-007	8.57203e-008	1.96931e-008	4.5393e-009	1.04143e-009	2.36427e-010	5.20997e-011	1.10709e-011	2.24776e-012	4.33741e-013	7.95412e-014	1.39348e-014	2.35302e-015	3.86423e-016	6.1991e-017	9.71498e-018	1.46214e-018	2.09547e-019	2.82893e-020	3.57437e-021	4.2214e-022	4.6766e-023	4.89394e-024	4.87713e-025	4.65876e-026	4.27942e-027	
N83	8.43795e-005	2.99505e-005	3.17947e-005	0.000139257	0.000617099	0.00146677	0.00202938	0.00178695	0.00106865	0.000455453	0.000175773	0.000120247	0.00183055	0.0289567	0.128507	0.253828	0.273839	0.182292	0.0811678	0.0256299	0.00748022	0.00395087	0.00262621	0.0012872	0.000449414	0.00011836	2.47464e-005	4.25572e-006	6.15432e-007	7.58298e-008	9.66018e-008	8.88762e-008	4.17043e-008	1.23988e-008	2.61581e-009	4.18377e-010	5.30121e-011	5.49575e-012	4.77741e-013	3.54869e-014	2.2909e-015	1.28062e-016	6.33006e-018	2.77724e-019	1.08896e-020	3.84372e-022	1.2306e-023	3.60128e-025	9.7002e-027	2.41781e-028	5.60358e-030	1.19498e-031	2.37126e-033	4.36309e-035	7.44001e-037	1.17592e-038	1.72405e-040	2.34835e-042	2.97743e-044	3.52066e-046	3.89276e-048	4.00776e-050	3.86162e-052	3.4839e-054	2.9446e-056	2.33369e-058	1.73663e-060	1.21621e-062	8.0396e-065	5.03331e-067	2.9957e-069	
Rhynchospora_chinensis	0	0	0	0	0	0	0	0	0	0	0	0	0	0	0	0	0	0	0	0	0	0	0	0	0	0	0	0	0	0	1	0	0	0	0	0	0	0	0	0	0	0	0	0	0	0	0	0	0	0	0	0	0	0	0	0	0	0	0	0	0	0	0	0	0	0	0	0	0	0	0	
N84	7.61803e-010	6.94736e-011	2.4712e-006	2.03351e-005	3.77733e-005	2.83429e-005	1.1294e-005	3.01252e-006	6.74702e-007	1.36029e-007	2.2146e-008	2.62619e-009	0.0348302	0.25254	0.390684	0.235311	0.0710853	0.0131753	0.00194079	0.00028549	3.93791e-005	4.15182e-006	3.24026e-007	1.88924e-008	9.08431e-010	4.49762e-011	2.78161e-012	1.87712e-013	1.11124e-014	5.24733e-016	1.92822e-017	5.46825e-019	1.20829e-020	2.10056e-022	2.90978e-024	3.25658e-026	2.98716e-028	2.28e-030	1.47573e-032	8.36309e-035	4.42903e-037	2.35258e-039	1.38243e-041	8.52998e-044	5.00642e-046	2.63717e-048	1.25837e-050	6.0175e-053	3.43982e-055	2.43138e-057	1.78549e-059	1.10041e-061	5.96183e-064	2.69687e-066	1.02377e-068	3.31911e-071	9.59425e-074	2.75703e-076	9.40297e-079	3.99421e-081	1.79032e-083	7.24994e-086	2.50714e-088	7.32656e-091	1.84554e-093	4.2873e-096	1.07187e-098	3.34934e-101	1.19563e-103	3.9572e-106	1.07211e-108	
Rhynchospora_capillacea	0	0	0	0	0	0	0	0	0	0	0	0	1	0	0	0	0	0	0	0	0	0	0	0	0	0	0	0	0	0	0	0	0	0	0	0	0	0	0	0	0	0	0	0	0	0	0	0	0	0	0	0	0	0	0	0	0	0	0	0	0	0	0	0	0	0	0	0	0	0	0	
Rhynchospora_alba	0	0	0	0	0	0	0	0	0	0	0	0	1	0	0	0	0	0	0	0	0	0	0	0	0	0	0	0	0	0	0	0	0	0	0	0	0	0	0	0	0	0	0	0	0	0	0	0	0	0	0	0	0	0	0	0	0	0	0	0	0	0	0	0	0	0	0	0	0	0	0	
N85	3.30656e-007	2.90723e-007	5.55429e-007	1.01687e-006	1.72127e-006	2.90951e-006	6.98923e-006	3.3261e-005	0.000223046	0.001334	0.00602953	0.0201578	0.0506658	0.0978902	0.147216	0.177599	0.173871	0.139845	0.0933782	0.0522317	0.0247954	0.00996088	0.0034199	0.00100922	0.000257359	5.70132e-005	1.10335e-005	1.87716e-006	2.82947e-007	3.81658e-008	4.68356e-009	5.27003e-010	5.58086e-011	5.68085e-012	5.65507e-013	5.55814e-014	5.40018e-015	5.16119e-016	4.81202e-017	4.33347e-018	3.74121e-019	3.05017e-020	2.34558e-021	1.69852e-022	1.16082e-023	7.52846e-025	4.66606e-026	2.7816e-027	1.60066e-028	8.88879e-030	4.75693e-031	2.4284e-032	1.18447e-033	5.52305e-035	2.47192e-036	1.06868e-037	4.49038e-039	1.83944e-040	7.3325e-042	2.82646e-043	1.04639e-044	3.67104e-046	1.21907e-047	3.82551e-049	1.13635e-050	3.2089e-052	8.66047e-054	2.24423e-055	5.59634e-057	1.34198e-058	3.0873e-060	
Rhynchospora_nervosa	0	0	0	0	1	0	0	0	0	0	0	0	0	0	0	0	0	0	0	0	0	0	0	0	0	0	0	0	0	0	0	0	0	0	0	0	0	0	0	0	0	0	0	0	0	0	0	0	0	0	0	0	0	0	0	0	0	0	0	0	0	0	0	0	0	0	0	0	0	0	0	
Rhynchospora_robusta	0	0	0	0	1	0	0	0	0	0	0	0	0	0	0	0	0	0	0	0	0	0	0	0	0	0	0	0	0	0	0	0	0	0	0	0	0	0	0	0	0	0	0	0	0	0	0	0	0	0	0	0	0	0	0	0	0	0	0	0	0	0	0	0	0	0	0	0	0	0	0	
N86	2.22099e-006	4.8363e-007	5.25165e-007	5.61576e-007	5.9443e-007	6.25589e-007	6.5636e-007	6.86852e-007	7.1582e-007	7.41075e-007	7.60531e-007	7.63747e-007	7.65124e-007	7.60931e-007	7.48325e-007	7.40231e-007	7.35864e-007	7.35901e-007	7.39197e-007	7.43362e-007	7.5204e-007	7.46389e-007	7.41902e-007	7.36037e-007	7.33837e-007	7.43491e-007	7.78552e-007	8.64274e-007	1.05251e-006	1.45457e-006	2.33293e-006	4.21733e-006	8.37036e-006	1.7651e-005	3.87311e-005	8.71835e-005	0.000198805	0.000453026	0.00101639	0.00221154	0.00464614	0.00919669	0.0170262	0.0292533	0.0463677	0.0674917	0.0898965	0.109264	0.120908	0.121573	0.111747	0.0926169	0.0694001	0.0469879	0.0287594	0.0159543	0.00807496	0.00377951	0.00167512	0.000727193	0.000321932	0.000146071	6.76695e-005	3.12782e-005	1.41562e-005	6.22087e-006	2.64998e-006	1.09356e-006	4.35822e-007	1.6685e-007	6.10608e-008	
Calyptrocarya_glomerulata	0	0	0	0	0	0	0	0	0	1	0	0	0	0	0	0	0	0	0	0	0	0	0	0	0	0	0	0	0	0	0	0	0	0	0	0	0	0	0	0	0	0	0	0	0	0	0	0	0	0	0	0	0	0	0	0	0	0	0	0	0	0	0	0	0	0	0	0	0	0	0	
Scleria_foliosa	0	0	0	0	0	0	0	0	0	1	0	0	0	0	0	0	0	0	0	0	0	0	0	0	0	0	0	0	0	0	0	0	0	0	0	0	0	0	0	0	0	0	0	0	0	0	0	0	0	0	0	0	0	0	0	0	0	0	0	0	0	0	0	0	0	0	0	0	0	0	0	
N87	0.000621343	9.43131e-005	3.35507e-005	7.49196e-006	1.14022e-006	1.25371e-007	1.03932e-008	1.22027e-006	0.00109031	0.00292001	0.00257211	0.0011118	0.000284486	4.77841e-005	5.63401e-006	4.93268e-007	3.31303e-008	0.000257551	0.164924	0.384624	0.297979	0.113351	0.0257339	0.00387741	0.000416584	3.3602e-005	2.11558e-006	1.07176e-007	6.08676e-006	2.34925e-006	4.2414e-007	4.72337e-008	3.71851e-009	2.20728e-010	1.03191e-011	3.91711e-013	1.23503e-014	3.29221e-016	1.10525e-012	2.41372e-013	2.53079e-014	1.67395e-015	7.99359e-017	2.93267e-018	8.62388e-020	2.09363e-021	4.28893e-023	7.54081e-025	1.15347e-026	1.55229e-028	1.85704e-030	1.96356e-032	1.8777e-034	1.62544e-036	1.28012e-038	9.21236e-041	6.08103e-043	3.69444e-045	2.07203e-047	1.07571e-049	5.18505e-052	2.31359e-054	9.61936e-057	3.73313e-059	1.35454e-061	4.60229e-064	1.46624e-066	4.38594e-069	1.23332e-071	3.26388e-074	8.13946e-077	
Cladium_mariscus	0	0	0	0	0	0	0	0	0	0	0	0	0	0	0	0	0	1	0	0	0	0	0	0	0	0	0	0	0	0	0	0	0	0	0	0	0	0	0	0	0	0	0	0	0	0	0	0	0	0	0	0	0	0	0	0	0	0	0	0	0	0	0	0	0	0	0	0	0	0	0	
Cladium_mariscoides	0	0	0	0	0	0	0	0	0	0	0	0	0	0	0	0	0	0	0	0	0	0	0	0	0	0	0	0	0	0	0	0	0	0	0	0	0	0	1	0	0	0	0	0	0	0	0	0	0	0	0	0	0	0	0	0	0	0	0	0	0	0	0	0	0	0	0	0	0	0	0	
