NODE	1	2	3	4	5	6	7	8	9	10	11	12	13	14	15	16	17	18	19	20	21	22	23	24	25	26	27	28	29	30	31	32	33	34	35	36	37	38	39	40	41	42	43	44	45	46	47	48	49	50	51	52	53	54	55	56	57	58	59	60	61	62	
N1	0.0162384	0.0200291	0.0280625	0.0408626	0.0580644	0.0777023	0.0962322	0.109563	0.114447	0.109729	0.0966636	0.0783325	0.0584562	0.0401998	0.0254872	0.0148969	0.00802488	0.00398157	0.00181805	0.000763163	0.000294164	0.000103973	3.36506e-005	9.95678e-006	2.68917e-006	6.61894e-007	1.48238e-007	3.0164e-008	5.56916e-009	9.31823e-010	1.41146e-010	1.93379e-011	2.39473e-012	2.67903e-013	6.65675e-017	2.01047e-017	5.76946e-018	1.57324e-018	4.07679e-019	1.0041e-019	2.35104e-020	5.23455e-021	1.10857e-021	2.23387e-022	4.28467e-023	7.82553e-024	1.36153e-024	2.25759e-025	3.56918e-026	5.38268e-027	7.74723e-028	1.0647e-028	1.39786e-029	1.75425e-030	2.1055e-031	2.41848e-032	2.66099e-033	2.80912e-034	2.85763e-035	2.84397e-036	2.94835e-037	4.4714e-038	
N2	8.45524e-005	0.00016514	0.000393759	0.000941446	0.00208605	0.00427637	0.00793715	0.0136421	0.0214778	0.0314171	0.0430426	0.0569133	0.0714962	0.0870738	0.100147	0.108199	0.107606	0.0995531	0.0824683	0.0629091	0.04308	0.0267911	0.0148994	0.00765753	0.00346463	0.00145687	0.000548629	0.000190007	5.89082e-005	1.72553e-005	4.4352e-006	1.08463e-006	2.37713e-007	4.8844e-008	8.99344e-009	1.60115e-009	2.49231e-010	3.7771e-011	5.13499e-012	6.67744e-013	7.78321e-014	8.96831e-015	9.02859e-016	9.0453e-017	8.13518e-018	7.126e-019	5.60842e-020	4.45408e-021	3.08746e-022	2.17232e-023	1.38001e-024	8.71786e-026	5.01111e-027	2.99242e-028	1.61674e-029	9.26584e-031	5.12169e-032	2.97187e-033	1.71035e-034	1.02658e-035	6.12382e-037	5.30576e-038	
Dulichium_arundinaceum	0	0	0	0	0	0	0	0	0	0	0	0	0	0	0	1	0	0	0	0	0	0	0	0	0	0	0	0	0	0	0	0	0	0	0	0	0	0	0	0	0	0	0	0	0	0	0	0	0	0	0	0	0	0	0	0	0	0	0	0	0	0	
N3	2.69288e-007	8.06447e-007	3.23358e-006	1.26163e-005	4.37361e-005	0.000134968	0.000371205	0.000915377	0.00195284	0.00355278	0.00566792	0.00860357	0.0132084	0.0214841	0.0360565	0.0598845	0.092868	0.129869	0.15409	0.155895	0.130622	0.0911575	0.0522801	0.0258735	0.0103273	0.00366585	0.00109006	0.000288647	6.39573e-005	1.36687e-005	2.30938e-006	3.86784e-007	5.314e-008	7.02143e-009	7.53365e-010	8.35104e-011	7.07761e-012	6.32161e-013	4.507e-014	3.29518e-015	1.91213e-016	1.20984e-017	5.79701e-019	3.08345e-020	1.29206e-021	5.81766e-023	2.06431e-024	8.4133e-026	2.54362e-027	8.93253e-029	2.47309e-030	7.60752e-032	1.82904e-033	5.28873e-035	1.12312e-036	2.92562e-038	6.19659e-040	1.57618e-041	3.779e-043	1.19078e-044	3.68155e-046	1.66616e-047	
Blysmus_compressus	0	0	0	0	0	0	0	0	0	0	0	0	0	0	0	0	0	0	0	0	0	1	0	0	0	0	0	0	0	0	0	0	0	0	0	0	0	0	0	0	0	0	0	0	0	0	0	0	0	0	0	0	0	0	0	0	0	0	0	0	0	0	
Blysmus_rufus	0	0	0	0	0	0	0	0	0	0	0	0	0	0	0	0	0	0	0	1	0	0	0	0	0	0	0	0	0	0	0	0	0	0	0	0	0	0	0	0	0	0	0	0	0	0	0	0	0	0	0	0	0	0	0	0	0	0	0	0	0	0	
N4	0.0108801	0.0145775	0.0214309	0.0324529	0.0476054	0.0663564	0.0849477	0.100984	0.110148	0.11076	0.10235	0.0882953	0.0696293	0.0515908	0.0354099	0.0227952	0.0136124	0.00788	0.00414704	0.00216726	0.00105538	0.000510548	0.00022695	0.000109236	4.44805e-005	2.0281e-005	7.96819e-006	3.35583e-006	1.16832e-006	4.71761e-007	1.43464e-007	5.14371e-008	1.43181e-008	4.50187e-009	1.08549e-009	3.18288e-010	6.59443e-011	1.68615e-011	3.21996e-012	7.27031e-013	1.20008e-013	2.53738e-014	3.6504e-015	6.85702e-016	9.27985e-017	1.5192e-017	1.8172e-018	2.95764e-019	3.05041e-020	4.29034e-021	4.37515e-022	5.60022e-023	4.93489e-024	6.11999e-025	4.8323e-026	5.47416e-027	4.24583e-028	4.42028e-029	3.82772e-030	5.2845e-031	7.4285e-032	2.26628e-032	
N5	0.00380239	0.00534461	0.00837591	0.0135307	0.0212348	0.0319911	0.0448569	0.0594447	0.0735235	0.0853318	0.0925005	0.0951823	0.091008	0.0832072	0.071823	0.0593112	0.0464366	0.0357041	0.0256256	0.0182817	0.0123831	0.00825463	0.00517229	0.00332878	0.00191676	0.00114591	0.000623288	0.000341214	0.000166338	8.57505e-005	3.71044e-005	1.71374e-005	6.81823e-006	2.80297e-006	9.83785e-007	3.76767e-007	1.1633e-007	3.96088e-008	1.13298e-008	3.45235e-009	8.74252e-010	2.49944e-010	5.6311e-011	1.44771e-011	3.06448e-012	7.04811e-013	1.33715e-013	2.95501e-014	4.99411e-015	9.87046e-016	1.59855e-016	2.87143e-017	4.16353e-018	7.19372e-019	9.52258e-020	1.5288e-020	2.05371e-021	3.28925e-022	5.02735e-023	9.85308e-024	2.05954e-024	7.82241e-025	
N6	3.2115e-006	8.18438e-006	2.6106e-005	8.11687e-005	0.000229557	0.00058792	0.00131524	0.00265683	0.00504321	0.00925507	0.0163365	0.0276688	0.0421628	0.0571184	0.0671939	0.071027	0.070237	0.0690371	0.065249	0.0620485	0.0589404	0.058709	0.0591075	0.0604594	0.0553215	0.0481036	0.0365166	0.0253417	0.0150724	0.00849747	0.00393578	0.00174255	0.000649931	0.000226204	6.60544e-005	1.88711e-005	4.34465e-006	9.90789e-007	1.88965e-007	3.48758e-008	5.3728e-009	8.42095e-010	1.06209e-010	1.38048e-011	1.50054e-012	1.6312e-013	1.48705e-014	1.43205e-015	1.10323e-016	9.05472e-018	6.25009e-019	4.43905e-020	2.64782e-021	1.72558e-022	9.15109e-024	5.42721e-025	2.8694e-026	1.68894e-027	9.69357e-029	6.34207e-030	4.116e-031	4.04117e-032	
Scirpus_pendulus	0	0	0	0	0	0	0	0	0	0	0	0	0	0	0	0	0	0	0	1	0	0	0	0	0	0	0	0	0	0	0	0	0	0	0	0	0	0	0	0	0	0	0	0	0	0	0	0	0	0	0	0	0	0	0	0	0	0	0	0	0	0	
N7	4.77658e-014	8.81074e-013	1.72187e-011	2.4088e-010	2.32653e-009	2.34012e-008	2.24372e-007	6.29723e-007	1.28029e-006	4.84959e-006	7.87757e-006	3.79166e-005	0.000247895	0.00102624	0.00206646	0.0016644	0.000756392	0.000784439	0.00177157	0.00298672	0.00304123	0.00194832	0.00121623	0.00281813	0.0113886	0.0386257	0.0964889	0.177243	0.225512	0.215807	0.130728	0.0603735	0.0184224	0.00426605	0.000666782	8.9686e-005	7.88619e-006	6.33826e-007	3.60671e-008	1.86936e-009	6.98101e-011	2.59507e-012	6.72298e-014	1.79625e-015	3.52053e-017	6.99699e-019	1.02873e-020	1.64513e-022	1.86277e-024	2.34008e-026	2.19735e-028	2.22373e-030	1.681e-032	1.47546e-034	9.18171e-037	6.78922e-039	3.92403e-041	2.66946e-043	1.65622e-045	1.35374e-047	1.07341e-049	1.13312e-051	
N8	3.76368e-021	3.48431e-019	3.27486e-017	1.63821e-015	5.46911e-014	1.87337e-012	4.82255e-011	1.81052e-010	5.70723e-010	3.05395e-009	1.0575e-008	1.29544e-007	2.01858e-006	1.6157e-005	4.35946e-005	3.40612e-005	1.50047e-005	1.65451e-005	3.90813e-005	7.48229e-005	7.47194e-005	4.88376e-005	5.73119e-005	0.0002034	0.00145734	0.00984168	0.0455902	0.134831	0.245955	0.277609	0.185071	0.0762439	0.0193085	0.00311526	0.00032075	2.85362e-005	1.41293e-006	7.72887e-008	3.28845e-009	1.06156e-010	2.23799e-012	7.5394e-014	7.91327e-016	1.70354e-017	1.56849e-019	2.21552e-021	1.14309e-023	1.63857e-025	5.3748e-028	5.99135e-030	1.54279e-032	1.30994e-034	2.42668e-037	1.70384e-039	2.39054e-042	1.32057e-044	1.48388e-047	6.45819e-050	5.89592e-053	2.22019e-055	2.827e-058	1.73134e-060	
N9	2.78128e-022	1.34525e-020	7.31793e-019	2.6829e-017	6.3553e-016	1.40302e-014	2.78318e-013	2.69392e-012	1.41446e-011	1.21102e-010	7.2191e-010	5.87437e-009	6.52431e-008	4.66977e-007	1.57222e-006	2.11589e-006	1.38616e-006	1.02692e-006	1.86757e-006	4.11035e-006	6.78387e-006	8.94719e-006	1.06497e-005	2.1633e-005	0.000153596	0.00146657	0.0106088	0.0502754	0.148149	0.263404	0.276898	0.17086	0.0623113	0.0137178	0.00189416	0.000183758	1.53581e-005	1.71516e-006	2.83742e-007	2.88281e-008	2.56539e-009	2.16913e-010	9.60722e-012	3.9629e-013	1.52382e-014	3.31854e-016	6.90466e-018	1.50827e-019	1.90834e-021	3.86429e-023	5.31237e-025	1.22341e-026	1.40484e-028	3.03139e-030	2.69728e-032	4.46081e-034	3.0413e-036	3.82068e-038	2.03928e-040	2.10184e-042	1.27466e-044	1.98251e-046	
N10	1.44046e-024	8.26377e-023	5.6093e-021	2.69808e-019	9.09383e-018	2.7724e-016	6.96583e-015	7.63382e-014	4.25309e-013	3.53792e-012	2.11744e-011	1.84293e-010	2.26469e-009	1.90709e-008	7.84694e-008	1.23337e-007	8.27915e-008	6.05898e-008	1.21891e-007	3.53833e-007	8.0607e-007	1.2292e-006	1.33272e-006	2.22383e-006	1.74944e-005	0.000247689	0.00279935	0.020401	0.0893134	0.224198	0.310936	0.233036	0.0946049	0.0213866	0.0028124	0.000227713	1.22443e-005	5.26136e-007	3.18172e-008	2.14865e-009	1.55273e-010	1.22036e-011	4.80704e-013	1.77396e-014	6.56163e-016	1.23061e-017	2.28916e-019	4.28438e-021	4.17694e-023	4.87407e-025	5.0099e-027	5.26014e-029	4.31463e-031	7.54121e-033	5.28052e-035	8.56354e-037	4.86501e-039	6.17413e-041	2.81684e-043	2.99347e-045	1.74694e-047	2.56064e-049	
Scirpus_expansus	0	0	0	0	0	0	0	0	0	0	0	0	0	0	0	0	0	0	0	0	0	0	0	0	0	0	0	0	0	0	0	1	0	0	0	0	0	0	0	0	0	0	0	0	0	0	0	0	0	0	0	0	0	0	0	0	0	0	0	0	0	0	
N11	5.24249e-027	4.05492e-025	3.51558e-023	2.04977e-021	7.9618e-020	2.87108e-018	8.85648e-017	1.03929e-015	4.79052e-015	4.10066e-014	2.13856e-013	1.86122e-012	3.17298e-011	3.92258e-010	2.30469e-009	4.05204e-009	2.18288e-009	1.55975e-009	4.88745e-009	2.70555e-008	9.48037e-008	1.51484e-007	1.24943e-007	1.18089e-007	6.95507e-007	1.7068e-005	0.000389073	0.00551709	0.0441551	0.182711	0.3535	0.291872	0.103112	0.0171573	0.00149199	7.40944e-005	2.2639e-006	4.61965e-008	8.03637e-010	1.73855e-011	5.90004e-013	2.54216e-014	6.18626e-016	1.35715e-017	2.89603e-019	3.39549e-021	3.75315e-023	4.02709e-025	2.43565e-027	1.49964e-029	8.72446e-032	3.54147e-034	1.45492e-036	9.46522e-039	3.69767e-041	3.08706e-043	1.17682e-045	8.51649e-048	2.84371e-050	1.85025e-052	8.21409e-055	6.32259e-057	
Scirpus_sylvaticus	0	0	0	0	0	0	0	0	0	0	0	0	0	0	0	0	0	0	0	0	0	0	0	0	0	0	0	0	0	0	1	0	0	0	0	0	0	0	0	0	0	0	0	0	0	0	0	0	0	0	0	0	0	0	0	0	0	0	0	0	0	0	
Scirpus_microcarpus	0	0	0	0	0	0	0	0	0	0	0	0	0	0	0	0	0	0	0	0	0	0	0	0	0	0	0	0	0	0	0	1	0	0	0	0	0	0	0	0	0	0	0	0	0	0	0	0	0	0	0	0	0	0	0	0	0	0	0	0	0	0	
Scirpus_maximowiczii	0	0	0	0	0	0	0	0	0	0	0	0	0	0	0	0	0	0	0	0	0	0	0	0	0	0	0	0	0	0	0	1	0	0	0	0	0	0	0	0	0	0	0	0	0	0	0	0	0	0	0	0	0	0	0	0	0	0	0	0	0	0	
N12	3.78443e-023	3.44975e-021	3.30937e-019	1.98938e-017	8.34092e-016	2.51022e-014	4.04411e-013	2.4235e-012	1.45447e-011	1.14796e-010	1.21165e-009	1.86661e-008	2.37764e-007	1.49131e-006	3.55198e-006	3.47976e-006	2.61904e-006	2.88257e-006	4.94202e-006	7.93893e-006	9.03263e-006	1.10166e-005	2.30225e-005	0.000109028	0.000917986	0.00714886	0.0378969	0.124753	0.246309	0.287315	0.19529	0.0783465	0.018807	0.00276375	0.000255993	1.61836e-005	7.2042e-007	2.88829e-008	2.08003e-009	1.40594e-010	9.09198e-012	8.41597e-013	2.72888e-014	9.89032e-016	4.00582e-017	6.35553e-019	1.16316e-020	2.46088e-022	1.93443e-024	2.8523e-026	2.75237e-028	4.30804e-030	2.68092e-032	7.41396e-034	3.34562e-036	8.18214e-038	2.83723e-040	5.37525e-042	1.43867e-044	2.15539e-046	7.25436e-049	1.55497e-050	
N13	5.33492e-022	1.6115e-020	6.58641e-019	2.1278e-017	5.33707e-016	1.09511e-014	1.70354e-013	1.61243e-012	1.09647e-011	7.4e-011	4.62354e-010	2.86185e-009	1.78755e-008	8.35121e-008	2.27738e-007	3.47189e-007	3.78491e-007	4.44074e-007	7.60507e-007	1.89824e-006	5.02972e-006	1.19801e-005	3.14593e-005	0.00010075	0.00037569	0.00201547	0.0118152	0.0513059	0.144563	0.253283	0.27077	0.175749	0.0697277	0.0172051	0.00271958	0.000291832	2.36833e-005	2.00546e-006	2.68769e-007	3.11578e-008	3.33917e-009	3.29598e-010	1.95091e-011	1.03152e-012	4.96768e-014	1.49915e-015	4.15801e-017	1.11883e-018	1.93482e-020	4.0628e-022	7.31438e-024	1.70976e-025	2.87007e-027	7.58539e-029	1.07559e-030	2.30939e-032	2.62173e-034	4.38643e-036	4.08199e-038	5.90864e-040	6.37196e-042	1.33462e-043	
Scirpus_polystachyus	0	0	0	0	0	0	0	0	0	0	0	0	0	0	0	0	0	0	0	0	0	0	0	0	0	0	0	0	0	1	0	0	0	0	0	0	0	0	0	0	0	0	0	0	0	0	0	0	0	0	0	0	0	0	0	0	0	0	0	0	0	0	
Scirpus_cyperinus	0	0	0	0	0	0	0	0	0	0	0	0	0	0	0	0	0	0	0	0	0	0	0	0	0	0	0	0	0	0	0	0	1	0	0	0	0	0	0	0	0	0	0	0	0	0	0	0	0	0	0	0	0	0	0	0	0	0	0	0	0	0	
N14	2.21198e-023	9.77415e-022	5.32533e-020	2.12651e-018	6.90102e-017	1.83285e-015	3.16635e-014	2.69352e-013	2.62749e-012	2.51488e-011	2.63181e-010	3.14e-009	2.54674e-008	1.01561e-007	1.6954e-007	1.48985e-007	1.51559e-007	2.58166e-007	4.50592e-007	5.84824e-007	6.60652e-007	1.43247e-006	1.12722e-005	0.000149123	0.00164283	0.0122762	0.0580348	0.166248	0.279467	0.270658	0.151018	0.0494172	0.00976534	0.00120644	9.66171e-005	5.21264e-006	1.98204e-007	5.92964e-009	2.16518e-010	1.07753e-011	6.65452e-013	4.41055e-014	1.69463e-015	5.98617e-017	2.03503e-018	4.03798e-020	7.60415e-022	1.39112e-023	1.51686e-025	1.75873e-027	1.88847e-029	1.82012e-031	1.63029e-033	2.55834e-035	2.18439e-037	3.46076e-039	2.57044e-041	3.29954e-043	2.08273e-045	2.35731e-047	1.86655e-049	2.77761e-051	
N15	1.04396e-025	7.9457e-024	6.77909e-022	3.77802e-020	1.61087e-018	5.44978e-017	1.14423e-015	7.08367e-015	5.78676e-014	4.26128e-013	3.12725e-012	4.38999e-011	5.07454e-010	2.92263e-009	5.38043e-009	3.4616e-009	3.38683e-009	1.1902e-008	6.37964e-008	2.07775e-007	2.96104e-007	3.02199e-007	9.93361e-007	1.54464e-005	0.000319245	0.00443138	0.0359185	0.155896	0.329531	0.311651	0.131869	0.0271714	0.00299619	0.000191707	7.61323e-006	2.00656e-007	3.81679e-009	6.59481e-011	1.73338e-012	4.71713e-014	1.30246e-015	3.50947e-017	5.60365e-019	8.20232e-021	1.13166e-022	9.54984e-025	7.60704e-027	5.94451e-029	2.9017e-031	1.65225e-033	8.29411e-036	4.89755e-038	2.23455e-040	1.71107e-042	6.85173e-045	4.53518e-047	1.49747e-049	7.88998e-052	2.18172e-054	1.01187e-056	3.38824e-059	2.06301e-061	
Eriophorum_virginicum	0	0	0	0	0	0	0	0	0	0	0	0	0	0	0	0	0	0	0	0	0	0	0	0	0	0	0	0	1	0	0	0	0	0	0	0	0	0	0	0	0	0	0	0	0	0	0	0	0	0	0	0	0	0	0	0	0	0	0	0	0	0	
Eriophorum_gracile	0	0	0	0	0	0	0	0	0	0	0	0	0	0	0	0	0	0	0	0	0	0	0	0	0	0	0	0	0	1	0	0	0	0	0	0	0	0	0	0	0	0	0	0	0	0	0	0	0	0	0	0	0	0	0	0	0	0	0	0	0	0	
Eriophorum_angustifolium_subsp_angustifolium	0	0	0	0	0	0	0	0	0	0	0	0	0	0	0	0	0	0	0	0	0	0	0	0	0	0	0	0	1	0	0	0	0	0	0	0	0	0	0	0	0	0	0	0	0	0	0	0	0	0	0	0	0	0	0	0	0	0	0	0	0	0	
Scirpus_radicans	0	0	0	0	0	0	0	0	0	0	0	0	0	0	0	0	0	0	0	0	0	0	0	0	0	0	0	1	0	0	0	0	0	0	0	0	0	0	0	0	0	0	0	0	0	0	0	0	0	0	0	0	0	0	0	0	0	0	0	0	0	0	
Scirpus_divaricatus	0	0	0	0	0	0	0	0	0	0	0	0	0	1	0	0	0	0	0	0	0	0	0	0	0	0	0	0	0	0	0	0	0	0	0	0	0	0	0	0	0	0	0	0	0	0	0	0	0	0	0	0	0	0	0	0	0	0	0	0	0	0	
N16	0.0109713	0.0147115	0.0216082	0.0325578	0.0474594	0.0655945	0.0835843	0.0989499	0.107952	0.108826	0.101261	0.0880374	0.0703351	0.0528385	0.0369551	0.0243033	0.014897	0.00891942	0.00484973	0.00266181	0.00135727	0.00070595	0.000326202	0.00018309	7.5261e-005	4.35071e-005	1.78488e-005	1.04782e-005	3.61246e-006	2.52464e-006	7.27659e-007	5.14528e-007	1.46038e-007	9.71514e-008	2.35759e-008	1.72459e-008	3.58569e-009	2.38594e-009	5.06885e-010	3.07206e-010	5.62097e-011	3.46273e-011	5.68678e-012	3.28933e-012	5.53868e-013	2.65933e-013	4.07735e-014	2.37988e-014	2.99122e-015	1.38092e-015	2.14905e-016	1.01193e-016	1.18285e-017	5.6664e-018	6.54036e-019	3.40226e-019	3.95378e-020	1.3365e-020	1.73289e-021	1.20179e-021	3.02203e-022	5.48985e-022	
N17	0.000581802	0.00363817	0.0220663	0.0905558	0.233195	0.330455	0.222566	0.0785912	0.0160617	0.00209147	0.000185107	1.18728e-005	5.64611e-007	2.09189e-008	6.1313e-010	1.45829e-011	2.85168e-013	4.71283e-015	6.53697e-017	7.85476e-019	8.15444e-021	7.42008e-023	5.92699e-025	4.25781e-027	2.69407e-029	1.55421e-031	8.06708e-034	3.82171e-036	1.64161e-038	6.58891e-041	2.38217e-043	8.12023e-046	2.54166e-048	7.45192e-051	2.01258e-053	5.21298e-056	1.22607e-058	2.78243e-061	5.84779e-064	1.17182e-066	2.1759e-069	3.94748e-072	6.51786e-075	1.0567e-077	1.59184e-080	2.31954e-083	3.14363e-086	4.23259e-089	5.20156e-092	6.39118e-095	7.36581e-098	8.39644e-101	9.08523e-104	1.00779e-106	1.06358e-109	1.16825e-112	1.26991e-115	1.41593e-118	1.5703e-121	1.76576e-124	1.9395e-127	2.24145e-130	
Carex_pachygyna	0	0	0	0	0	1	0	0	0	0	0	0	0	0	0	0	0	0	0	0	0	0	0	0	0	0	0	0	0	0	0	0	0	0	0	0	0	0	0	0	0	0	0	0	0	0	0	0	0	0	0	0	0	0	0	0	0	0	0	0	0	0	
Carex_siderosticta	0	0	0	0	0	1	0	0	0	0	0	0	0	0	0	0	0	0	0	0	0	0	0	0	0	0	0	0	0	0	0	0	0	0	0	0	0	0	0	0	0	0	0	0	0	0	0	0	0	0	0	0	0	0	0	0	0	0	0	0	0	0	
N18	1.44363e-006	3.11695e-006	8.57482e-006	2.38006e-005	6.11321e-005	0.000144388	0.000306836	0.000610764	0.00114131	0.00203338	0.00338602	0.00520855	0.00711408	0.00902765	0.0108264	0.0126225	0.0143249	0.0167216	0.0200866	0.0263733	0.0359891	0.0498204	0.065509	0.0825936	0.0914051	0.0945377	0.0874248	0.0771499	0.064609	0.0565727	0.0466118	0.0389663	0.0293405	0.0207704	0.01278	0.00757644	0.00384038	0.00198416	0.000995218	0.000567144	0.00034121	0.000234727	0.000147327	9.54897e-005	5.45305e-005	3.0324e-005	1.46369e-005	7.10696e-006	2.87646e-006	1.17394e-006	4.14111e-007	1.43257e-007	4.29778e-008	1.3256e-008	3.50043e-009	9.72375e-010	2.49861e-010	6.74192e-011	1.78691e-011	5.14069e-012	1.56843e-012	6.96858e-013	
Trichophorum_cespitosum	0	0	0	0	0	0	0	0	0	0	0	0	0	0	0	0	0	0	0	0	0	0	0	0	0	0	0	0	0	0	0	0	0	0	0	0	0	0	0	0	0	0	0	0	0	0	0	0	0	0	0	1	0	0	0	0	0	0	0	0	0	0	
Trichophorum_alpinum	0	0	0	0	0	0	0	0	0	0	0	0	0	0	0	0	0	0	0	0	0	0	0	0	0	0	0	0	1	0	0	0	0	0	0	0	0	0	0	0	0	0	0	0	0	0	0	0	0	0	0	0	0	0	0	0	0	0	0	0	0	0	
