NODE	1	2	3	4	5	6	7	8	9	10	11	12	13	14	15	16	17	18	19	20	21	22	23	24	25	26	27	28	29	30	31	32	33	34	35	36	37	38	39	40	41	42	43	44	45	46	47	48	49	50	51	52	53	54	55	56	57	58	59	60	61	62	63	64	65	66	67	68	69	70	71	
N1	2.71086e-08	2.55593e-08	2.41617e-08	2.44888e-08	2.80224e-08	3.52717e-08	4.63998e-08	6.15588e-08	8.24037e-08	1.15385e-07	1.72635e-07	2.95145e-07	5.69733e-07	1.15789e-06	3.84793e-06	8.34385e-06	1.44018e-05	2.11701e-05	2.73374e-05	3.16341e-05	2.71617e-05	2.29511e-05	2.03372e-05	1.99629e-05	2.20362e-05	2.64427e-05	3.25487e-05	3.90201e-05	4.41068e-05	4.6391e-05	3.72146e-05	2.96383e-05	2.49232e-05	2.33606e-05	2.47723e-05	2.87225e-05	3.43467e-05	4.02014e-05	4.4571e-05	4.61738e-05	3.65898e-05	2.88778e-05	2.41371e-05	2.25504e-05	2.38936e-05	2.77338e-05	3.32483e-05	3.90619e-05	4.35252e-05	4.53901e-05	3.6322e-05	2.91049e-05	2.4908e-05	2.41261e-05	2.69971e-05	3.40888e-05	4.6796e-05	6.88379e-05	0.000111039	0.000205435	0.000416551	0.00102889	0.00278181	0.00745418	0.018558	0.0413711	0.0808653	0.136854	0.198978	0.247391	0.262624	
N2	3.25368e-05	2.60026e-06	3.04017e-06	3.90991e-06	5.23331e-06	7.23815e-06	1.02408e-05	1.46457e-05	2.09053e-05	2.94414e-05	4.06444e-05	5.49188e-05	7.35762e-05	9.83719e-05	0.000130752	0.000174285	0.00023159	0.000306148	0.000400566	0.000513826	0.000647532	0.000800868	0.00101041	0.00136527	0.00203308	0.00326948	0.00538661	0.0087093	0.0136917	0.0213251	0.0337571	0.0526128	0.0776783	0.104431	0.124951	0.131936	0.122992	0.101743	0.0752548	0.0502058	0.0306785	0.0171176	0.0088311	0.00423698	0.00189813	0.000795851	0.000312619	0.000115082	3.9705e-05	1.28413e-05	3.91196e-06	1.11323e-06	2.97688e-07	7.48766e-08	1.77405e-08	3.96516e-09	8.37258e-10	1.67245e-10	3.16432e-11	5.67725e-12	9.7006e-13	1.56802e-13	2.40975e-14	3.5238e-15	4.90653e-16	6.50901e-17	8.23034e-18	9.92185e-19	1.14047e-19	1.25002e-20	1.30988e-21	
Chrysitrix_capensis	0	0	0	0	0	0	0	0	0	0	0	0	0	0	0	0	0	0	0	0	0	0	1	0	0	0	0	0	0	0	0	0	0	0	0	0	0	0	0	0	0	0	0	0	0	0	0	0	0	0	0	0	0	0	0	0	0	0	0	0	0	0	0	0	0	0	0	0	0	0	0	
Lepironia_articulata	0	0	0	0	0	0	0	0	0	0	0	0	0	0	0	0	1	0	0	0	0	0	0	0	0	0	0	0	0	0	0	0	0	0	0	0	0	0	0	0	0	0	0	0	0	0	0	0	0	0	0	0	0	0	0	0	0	0	0	0	0	0	0	0	0	0	0	0	0	0	0	
N3	7.00281e-09	1.76722e-09	2.50095e-09	3.93868e-09	6.92084e-09	1.37175e-08	2.99683e-08	6.79493e-08	1.49449e-07	3.02702e-07	5.48403e-07	8.71163e-07	1.20692e-06	1.46006e-06	1.61223e-06	1.59269e-06	1.47126e-06	1.35403e-06	1.33429e-06	1.46736e-06	1.69212e-06	2.06868e-06	2.43299e-06	2.6305e-06	2.58186e-06	2.32372e-06	1.98255e-06	1.70076e-06	1.5771e-06	1.64956e-06	1.82641e-06	2.1635e-06	2.48031e-06	2.62631e-06	2.53429e-06	2.25013e-06	1.90045e-06	1.62074e-06	1.50172e-06	1.57753e-06	1.76006e-06	2.11063e-06	2.46192e-06	2.67457e-06	2.68434e-06	2.53295e-06	2.349e-06	2.3024e-06	2.59771e-06	3.56468e-06	5.75388e-06	1.11344e-05	2.44479e-05	5.98763e-05	0.000163017	0.000482449	0.00147353	0.00436371	0.0118871	0.0286807	0.0600025	0.106005	0.155727	0.186978	0.180157	0.136412	0.0791821	0.034257	0.0108147	0.00260323	0.000629826	
N4	5.48957e-09	1.37227e-09	1.95607e-09	3.11856e-09	5.54218e-09	1.09593e-08	2.33234e-08	5.039e-08	1.04307e-07	1.98325e-07	3.38244e-07	5.10475e-07	6.80601e-07	8.05358e-07	8.78677e-07	8.7295e-07	8.2253e-07	7.77124e-07	7.7903e-07	8.50763e-07	9.59712e-07	1.12995e-06	1.28778e-06	1.36368e-06	1.32817e-06	1.20423e-06	1.05021e-06	9.27596e-07	8.77615e-07	9.13614e-07	9.91528e-07	1.1326e-06	1.26092e-06	1.31147e-06	1.26016e-06	1.13166e-06	9.81292e-07	8.65415e-07	8.21492e-07	8.62797e-07	9.50905e-07	1.11343e-06	1.28665e-06	1.4133e-06	1.46919e-06	1.47597e-06	1.49977e-06	1.65135e-06	2.12478e-06	3.33637e-06	6.1959e-06	1.3745e-05	3.42874e-05	9.37984e-05	0.000277301	0.000856978	0.00262487	0.00754126	0.0194474	0.0436079	0.0837728	0.134129	0.176512	0.187851	0.1589	0.104769	0.052674	0.0197657	0.00552285	0.00125371	0.000299415	
N5	2.17254e-09	7.31434e-10	1.32208e-09	2.65184e-09	5.50725e-09	1.11942e-08	2.13468e-08	3.7141e-08	5.79822e-08	8.05502e-08	9.98175e-08	1.10746e-07	1.12032e-07	1.06535e-07	1.01183e-07	1.01338e-07	1.10833e-07	1.30177e-07	1.55419e-07	1.78857e-07	1.91158e-07	1.88666e-07	1.73156e-07	1.51494e-07	1.32575e-07	1.2325e-07	1.26414e-07	1.40712e-07	1.60886e-07	1.79015e-07	1.86456e-07	1.80545e-07	1.63542e-07	1.42009e-07	1.24024e-07	1.157e-07	1.19746e-07	1.35396e-07	1.58701e-07	1.8342e-07	2.02271e-07	2.13656e-07	2.21112e-07	2.35646e-07	2.80264e-07	4.05842e-07	7.45883e-07	1.68693e-06	4.40837e-06	1.26836e-05	3.91439e-05	0.000126881	0.000418316	0.00134602	0.00406232	0.0111219	0.0268873	0.0561418	0.0993812	0.146762	0.179407	0.177546	0.140886	0.0885432	0.0435899	0.0167135	0.00507364	0.00133928	0.000389649	0.000144027	5.51014e-05	
Lagenocarpus_guianensis	0	0	0	0	0	0	0	0	0	0	0	0	0	0	0	0	1	0	0	0	0	0	0	0	0	0	0	0	0	0	0	0	0	0	0	0	0	0	0	0	0	0	0	0	0	0	0	0	0	0	0	0	0	0	0	0	0	0	0	0	0	0	0	0	0	0	0	0	0	0	0	
N6	1.51644e-09	4.98962e-10	7.75172e-10	1.29337e-09	2.21729e-09	3.74656e-09	6.02651e-09	9.01257e-09	1.23712e-08	1.55498e-08	1.80756e-08	1.98233e-08	2.12206e-08	2.28849e-08	2.57802e-08	2.9466e-08	3.35016e-08	3.71523e-08	3.95982e-08	4.02812e-08	3.86385e-08	3.64932e-08	3.47268e-08	3.4024e-08	3.47371e-08	3.6673e-08	3.91751e-08	4.13577e-08	4.23941e-08	4.18122e-08	3.92043e-08	3.63828e-08	3.4216e-08	3.33379e-08	3.40772e-08	3.62888e-08	3.94447e-08	4.28541e-08	4.594e-08	4.85696e-08	5.08553e-08	5.60979e-08	6.88922e-08	9.97786e-08	1.77008e-07	3.83748e-07	9.83531e-07	2.85879e-06	9.07535e-06	3.04246e-05	0.000104701	0.000357869	0.00117374	0.00358008	0.00988858	0.0241713	0.0512346	0.0924798	0.139872	0.174751	0.179262	0.147519	0.0966347	0.0498992	0.0201951	0.00646033	0.00172422	0.000447922	0.000136287	4.68745e-05	1.57248e-05	
N7	4.35833e-09	1.86318e-09	2.56112e-09	3.40604e-09	4.33215e-09	5.26286e-09	6.12892e-09	6.90234e-09	7.61649e-09	8.35434e-09	9.20815e-09	1.01897e-08	1.12882e-08	1.23707e-08	1.33534e-08	1.41352e-08	1.45981e-08	1.47529e-08	1.47318e-08	1.47421e-08	1.49083e-08	1.52605e-08	1.5823e-08	1.6435e-08	1.69243e-08	1.71503e-08	1.70638e-08	1.67431e-08	1.6379e-08	1.62082e-08	1.63751e-08	1.6916e-08	1.79057e-08	1.92859e-08	2.11642e-08	2.41253e-08	3.0046e-08	4.43342e-08	8.24802e-08	1.89828e-07	5.00875e-07	1.41992e-06	4.16098e-06	1.23095e-05	3.61276e-05	0.000103645	0.000287038	0.000759687	0.00190569	0.00449731	0.00993866	0.020283	0.0379268	0.0642501	0.0973569	0.130181	0.151568	0.151738	0.129143	0.0925433	0.0557996	0.028013	0.0121007	0.00495293	0.00233912	0.00144452	0.0010399	0.000754438	0.000515218	0.000321477	0.000181994	
Oreobolus_pectinatus	0	0	0	0	0	0	0	0	0	0	0	0	0	0	0	0	0	0	1	0	0	0	0	0	0	0	0	0	0	0	0	0	0	0	0	0	0	0	0	0	0	0	0	0	0	0	0	0	0	0	0	0	0	0	0	0	0	0	0	0	0	0	0	0	0	0	0	0	0	0	0	
N8	6.70066e-09	2.28221e-09	2.7575e-09	3.24836e-09	3.72319e-09	4.18373e-09	4.65162e-09	5.16186e-09	5.74726e-09	6.41891e-09	7.14942e-09	7.84197e-09	8.46231e-09	8.92324e-09	9.49683e-09	9.89344e-09	1.01474e-08	1.03722e-08	1.06777e-08	1.11228e-08	1.14287e-08	1.17401e-08	1.20723e-08	1.23131e-08	1.24209e-08	1.24224e-08	1.24085e-08	1.25055e-08	1.28358e-08	1.34936e-08	1.43286e-08	1.56647e-08	1.82131e-08	2.36527e-08	3.67677e-08	7.0709e-08	1.61857e-07	4.12336e-07	1.11268e-06	3.09364e-06	8.6147e-06	2.40075e-05	6.6154e-05	0.000177783	0.000460121	0.00113478	0.0026447	0.00578635	0.0118192	0.0224181	0.0391306	0.0625917	0.0910929	0.119294	0.138967	0.1424	0.12705	0.0978532	0.0646861	0.0367086	0.0182006	0.00819253	0.00377049	0.00202944	0.0012871	0.000862339	0.000562756	0.000351087	0.000213794	0.000130729	7.94986e-05	
N9	1.28776e-08	2.96525e-09	3.26262e-09	3.60525e-09	3.97024e-09	4.36858e-09	4.80078e-09	5.25194e-09	5.6925e-09	6.08553e-09	6.39841e-09	6.5514e-09	6.65465e-09	6.70486e-09	6.874e-09	7.10833e-09	7.41234e-09	7.79336e-09	8.23352e-09	8.69656e-09	9.01282e-09	9.16948e-09	9.34829e-09	9.53512e-09	9.8108e-09	1.03108e-08	1.12946e-08	1.33751e-08	1.81815e-08	3.02012e-08	6.11566e-08	1.43915e-07	3.67445e-07	9.67225e-07	2.55404e-06	6.66381e-06	1.70189e-05	4.22675e-05	0.00010158	0.000235313	0.000519075	0.00109582	0.00221105	0.00425447	0.00779573	0.0135896	0.0225101	0.0353506	0.0524226	0.0729557	0.0940392	0.111215	0.119793	0.116367	0.101107	0.0781372	0.0536856	0.0331351	0.0190038	0.0109087	0.00690922	0.00503409	0.00403001	0.00332963	0.0028552	0.00274317	0.00315073	0.00409041	0.00526962	0.00608641	0.00599836	
N10	2.43933e-08	2.74684e-09	2.75066e-09	2.83674e-09	2.91849e-09	3.00171e-09	3.09343e-09	3.19978e-09	3.32494e-09	3.47183e-09	3.64659e-09	3.76318e-09	4.06297e-09	4.61188e-09	5.81065e-09	8.56429e-09	1.50307e-08	3.02802e-08	6.58635e-08	1.47459e-07	3.29475e-07	7.27601e-07	1.58382e-06	3.39284e-06	7.15234e-06	1.48357e-05	3.02514e-05	6.0526e-05	0.000118497	0.000226284	0.000420167	0.000755261	0.00131352	0.00220552	0.00357111	0.00557628	0.00841052	0.0122915	0.0174793	0.024283	0.0331517	0.0440507	0.0567566	0.0701965	0.0824221	0.0909468	0.093551	0.08924	0.0788136	0.0646416	0.0499183	0.0366119	0.0263977	0.0193836	0.0149258	0.0121829	0.0104566	0.009275	0.00833404	0.00742981	0.00645916	0.00534445	0.00417317	0.00305807	0.00210643	0.001376	0.000864975	0.000531559	0.000322602	0.000193415	0.000113858	
Schoenus_brevifolius	0	0	0	0	0	0	0	0	0	0	0	0	0	0	0	0	0	0	0	0	0	0	0	0	0	0	0	0	0	0	0	0	0	0	0	0	0	0	0	0	0	0	0	0	0	0	0	0	0	0	0	0	0	0	0	0	0	0	0	0	1	0	0	0	0	0	0	0	0	0	0	
Schoenus_nigricans	0	0	0	0	0	0	0	0	0	0	0	0	0	0	0	0	0	0	0	0	0	1	0	0	0	0	0	0	0	0	0	0	0	0	0	0	0	0	0	0	0	0	0	0	0	0	0	0	0	0	0	0	0	0	0	0	0	0	0	0	0	0	0	0	0	0	0	0	0	0	0	
Gahnia_aspera	0	0	0	0	0	0	0	0	0	0	0	0	0	0	0	0	0	0	0	0	0	0	0	0	0	0	0	0	0	0	0	0	0	0	0	0	0	0	0	1	0	0	0	0	0	0	0	0	0	0	0	0	0	0	0	0	0	0	0	0	0	0	0	0	0	0	0	0	0	0	0	
N11	2.40722e-08	2.27419e-09	2.34281e-09	2.60298e-09	3.07674e-09	4.00214e-09	5.86207e-09	9.62301e-09	1.7192e-08	3.22434e-08	6.16385e-08	1.17579e-07	2.21528e-07	4.09543e-07	7.37529e-07	1.31247e-06	2.31714e-06	4.08192e-06	7.20469e-06	1.2785e-05	2.31381e-05	4.27471e-05	8.22163e-05	0.000167435	0.000363363	0.000829566	0.00192998	0.00439554	0.00945299	0.0187098	0.0338624	0.0548977	0.0797465	0.103828	0.12138	0.127721	0.121258	0.10409	0.0809244	0.0570556	0.0367581	0.0214331	0.0113833	0.00552751	0.00246802	0.00102154	0.000396136	0.000145686	5.14221e-05	1.75795e-05	5.87518e-06	1.90177e-06	5.97533e-07	1.81754e-07	5.34397e-08	1.51856e-08	4.17387e-09	1.11099e-09	2.86766e-10	7.18827e-11	1.75966e-11	4.17875e-12	9.67997e-13	2.18866e-13	4.82706e-14	1.0363e-14	2.15836e-15	4.34307e-16	8.40825e-17	1.56092e-17	2.77965e-18	
Tetraria_capillaris	0	0	0	0	0	0	0	0	0	1	0	0	0	0	0	0	0	0	0	0	0	0	0	0	0	0	0	0	0	0	0	0	0	0	0	0	0	0	0	0	0	0	0	0	0	0	0	0	0	0	0	0	0	0	0	0	0	0	0	0	0	0	0	0	0	0	0	0	0	0	0	
N12	2.43329e-06	1.88194e-06	3.25938e-06	5.48869e-06	9.01456e-06	1.47368e-05	2.4739e-05	4.39599e-05	8.28139e-05	0.000157982	0.000285688	0.000466523	0.000680647	0.000925925	0.00130973	0.00227135	0.00498018	0.0119825	0.0270033	0.0522274	0.084677	0.113202	0.127169	0.124107	0.110648	0.0947424	0.0791109	0.0625548	0.0448341	0.0282525	0.015569	0.00744264	0.00316131	0.00123948	0.000475315	0.000189346	8.04741e-05	3.57807e-05	1.60151e-05	7.02129e-06	3.04575e-06	1.37462e-06	7.16716e-07	4.38554e-07	2.81432e-07	1.69544e-07	9.11904e-08	4.32854e-08	1.82043e-08	6.84127e-09	2.32871e-09	7.15914e-10	2.00622e-10	5.14658e-11	1.21362e-11	2.64261e-12	5.3376e-13	1.0038e-13	1.76108e-14	2.8814e-15	4.40122e-16	6.21242e-17	8.11535e-18	9.80365e-19	1.09663e-19	1.13949e-20	1.10478e-21	1.0042e-22	8.59169e-24	6.93668e-25	5.3019e-26	
Machaerina_articulata	0	0	0	0	0	0	0	0	0	0	0	1	0	0	0	0	0	0	0	0	0	0	0	0	0	0	0	0	0	0	0	0	0	0	0	0	0	0	0	0	0	0	0	0	0	0	0	0	0	0	0	0	0	0	0	0	0	0	0	0	0	0	0	0	0	0	0	0	0	0	0	
Machaerina_mariscoides	0	0	0	0	0	0	0	0	0	0	0	0	0	0	0	0	0	0	0	0	0	0	0	0	0	0	0	0	0	0	0	0	0	0	0	0	0	0	1	0	0	0	0	0	0	0	0	0	0	0	0	0	0	0	0	0	0	0	0	0	0	0	0	0	0	0	0	0	0	0	0	
N13	1.49351e-09	5.66649e-10	7.85094e-10	1.07288e-09	1.40114e-09	1.7213e-09	1.98063e-09	2.1492e-09	2.23889e-09	2.3018e-09	2.40858e-09	2.60064e-09	2.88383e-09	3.20014e-09	3.44424e-09	3.58406e-09	3.57528e-09	3.43625e-09	3.23074e-09	3.04606e-09	2.98336e-09	3.03909e-09	3.21253e-09	3.43267e-09	3.61435e-09	3.6899e-09	3.63305e-09	3.46735e-09	3.2591e-09	3.09792e-09	3.09458e-09	3.27182e-09	3.69058e-09	4.41022e-09	5.62346e-09	7.89269e-09	1.27466e-08	2.44644e-08	5.61987e-08	1.52901e-07	4.85111e-07	1.6967e-06	6.19929e-06	2.25401e-05	7.89527e-05	0.000261724	0.000813568	0.00235524	0.00629055	0.015284	0.0334797	0.0640307	0.105248	0.146446	0.170469	0.164536	0.13081	0.0852303	0.045341	0.0196507	0.00698161	0.00202518	0.000494809	0.00010855	2.38796e-05	5.76502e-06	1.48865e-06	3.75791e-07	8.73098e-08	1.83475e-08	3.52605e-09	
N14	6.71735e-10	1.69303e-10	1.90442e-10	2.089e-10	2.22412e-10	2.33186e-10	2.44782e-10	2.60091e-10	2.79651e-10	3.01214e-10	3.2106e-10	3.32305e-10	3.36347e-10	3.31677e-10	3.19011e-10	3.06938e-10	2.98986e-10	2.98166e-10	3.04545e-10	3.15436e-10	3.29283e-10	3.35782e-10	3.37797e-10	3.34656e-10	3.30832e-10	3.35312e-10	3.64668e-10	4.55135e-10	7.02721e-10	1.38519e-09	3.35633e-09	9.21012e-09	2.75954e-08	8.93124e-08	3.0724e-07	1.08152e-06	3.73046e-06	1.22368e-05	3.76771e-05	0.000108747	0.00029827	0.000771811	0.0018906	0.00437637	0.0095449	0.0195479	0.0373359	0.0655098	0.103068	0.141366	0.166112	0.161871	0.129611	0.0846296	0.04491	0.0193887	0.00686431	0.00203602	0.000529694	0.000130267	3.26808e-05	8.38121e-06	2.13714e-06	5.34546e-07	1.34148e-07	3.40815e-08	8.39364e-09	1.87242e-09	3.59401e-10	5.80379e-11	7.94493e-12	
N15	5.34177e-10	6.22911e-11	6.24636e-11	6.41203e-11	6.52695e-11	6.59384e-11	6.6225e-11	6.62982e-11	6.64109e-11	6.6944e-11	6.8637e-11	7.10664e-11	8.22652e-11	1.12835e-10	1.9463e-10	4.14569e-10	9.88437e-10	2.43971e-09	5.99962e-09	1.45227e-08	3.49291e-08	8.33495e-08	1.99647e-07	4.83359e-07	1.18222e-06	2.89403e-06	6.98604e-06	1.63905e-05	3.70376e-05	8.04611e-05	0.000170227	0.000349121	0.000699191	0.00136965	0.00262292	0.00490901	0.00898448	0.0160579	0.0278105	0.0459295	0.0714317	0.100942	0.127557	0.142066	0.138085	0.116437	0.084963	0.0537134	0.0296234	0.0144968	0.00655119	0.00283891	0.00124673	0.000561643	0.000252602	0.000110049	4.60201e-05	1.8605e-05	7.31169e-06	2.76923e-06	9.94908e-07	3.29146e-07	9.90758e-08	2.69071e-08	6.5764e-09	1.44933e-09	2.89555e-10	5.28323e-11	8.86692e-12	1.37445e-12	1.9721e-13	
N16	1.12573e-06	8.05675e-07	1.21932e-06	1.68939e-06	2.23269e-06	3.22456e-06	5.58872e-06	1.02756e-05	1.73719e-05	2.66377e-05	3.94514e-05	5.78519e-05	7.94641e-05	9.61716e-05	0.000103245	0.000113735	0.000152991	0.000262821	0.000574711	0.00139287	0.00300366	0.00509902	0.00728116	0.0124207	0.0312061	0.0762104	0.140736	0.190949	0.194825	0.153949	0.0975448	0.0502723	0.0217446	0.00809774	0.00265745	0.000783099	0.000209812	5.14194e-05	1.15414e-05	2.37008e-06	4.46133e-07	7.63352e-08	1.1928e-08	1.7052e-09	2.23685e-10	2.70287e-11	3.02092e-12	3.1351e-13	3.03001e-14	2.73181e-15	2.3038e-16	1.80517e-17	1.3186e-18	8.97614e-20	5.69651e-21	3.37454e-22	1.86974e-23	9.71471e-25	4.74637e-26	2.18624e-27	9.52984e-29	3.91395e-30	1.52236e-31	5.61188e-33	1.96184e-34	6.50851e-36	2.05047e-37	6.13767e-39	1.7458e-40	4.71721e-42	1.21214e-43	
Dulichium_arundinaceum	0	0	0	0	0	0	0	0	0	0	0	0	0	0	0	1	0	0	0	0	0	0	0	0	0	0	0	0	0	0	0	0	0	0	0	0	0	0	0	0	0	0	0	0	0	0	0	0	0	0	0	0	0	0	0	0	0	0	0	0	0	0	0	0	0	0	0	0	0	0	0	
N17	1.28093e-07	7.01328e-08	2.31545e-07	7.75674e-07	1.84274e-06	3.05129e-06	3.64333e-06	3.25535e-06	2.2631e-06	1.46599e-06	1.57462e-06	2.90889e-06	8.81415e-06	3.39923e-05	9.30715e-05	0.000162998	0.000187563	0.000148027	9.08852e-05	0.000281445	0.000880908	0.00918776	0.0656609	0.189933	0.278921	0.24154	0.136466	0.0545397	0.0166147	0.00413637	0.000890425	0.000167913	2.80488e-05	4.1926e-06	5.77041e-07	7.54639e-08	9.4114e-09	1.0864e-09	1.11677e-10	9.95513e-12	7.63251e-13	5.01488e-14	2.88536e-15	1.50078e-16	7.37842e-18	3.56523e-19	1.70454e-20	7.83754e-22	3.33411e-23	1.27589e-24	4.34318e-26	1.30823e-27	3.55449e-29	8.97402e-31	2.19694e-32	5.41356e-34	1.34984e-35	3.30684e-37	7.65347e-39	1.62847e-40	3.15969e-42	5.614e-44	9.44043e-46	1.57062e-47	2.67764e-49	4.64855e-51	7.85591e-53	1.22953e-54	1.72599e-56	2.15055e-58	2.40205e-60	
Blysmus_compressus	0	0	0	0	0	0	0	0	0	0	0	0	0	0	0	0	0	0	0	0	0	1	0	0	0	0	0	0	0	0	0	0	0	0	0	0	0	0	0	0	0	0	0	0	0	0	0	0	0	0	0	0	0	0	0	0	0	0	0	0	0	0	0	0	0	0	0	0	0	0	0	
Blysmus_rufus	0	0	0	0	0	0	0	0	0	0	0	0	0	0	0	0	0	0	0	1	0	0	0	0	0	0	0	0	0	0	0	0	0	0	0	0	0	0	0	0	0	0	0	0	0	0	0	0	0	0	0	0	0	0	0	0	0	0	0	0	0	0	0	0	0	0	0	0	0	0	0	
N18	4.41005e-10	3.94285e-11	3.844e-11	3.92296e-11	4.05876e-11	4.39644e-11	5.29893e-11	7.65193e-11	1.36258e-10	2.84845e-10	6.46472e-10	1.49892e-09	3.44435e-09	7.71024e-09	1.66137e-08	3.5013e-08	7.29845e-08	1.52962e-07	3.27479e-07	7.23868e-07	1.67157e-06	3.94231e-06	9.30895e-06	2.14934e-05	4.76955e-05	0.000101152	0.000206378	0.000411072	0.000810966	0.0015936	0.00313349	0.00600578	0.011076	0.0194385	0.0322545	0.0503389	0.073287	0.0982594	0.119532	0.130296	0.127487	0.110376	0.0849052	0.0581558	0.035564	0.01949	0.00964543	0.00437912	0.00187186	0.000775855	0.000319089	0.000127452	4.84312e-05	1.7141e-05	5.62771e-06	1.73502e-06	5.11163e-07	1.44924e-07	3.9057e-08	9.75801e-09	2.2163e-09	4.48359e-10	8.14732e-11	1.36762e-11	2.2332e-12	3.71759e-13	6.26097e-14	1.00113e-14	1.4183e-15	1.70678e-16	1.73352e-17	
N19	1.22552e-09	1.18862e-09	2.62476e-09	5.84096e-09	1.29602e-08	2.83534e-08	6.05487e-08	1.25406e-07	2.51705e-07	4.93395e-07	9.62191e-07	1.90714e-06	3.87352e-06	7.94234e-06	1.58829e-05	3.06363e-05	5.6282e-05	9.81755e-05	0.00016291	0.000259849	0.0004121	0.00066965	0.00116053	0.00215949	0.00416886	0.00789327	0.0139383	0.0223106	0.03234	0.0436568	0.0580198	0.0770926	0.100418	0.121334	0.129782	0.120049	0.0957537	0.0667655	0.0419028	0.0246905	0.014382	0.00841605	0.0050096	0.00300764	0.00179569	0.00104978	0.000591392	0.000315764	0.000157176	7.18951e-05	3.00706e-05	1.13468e-05	3.88659e-06	1.21832e-06	3.53876e-07	9.65579e-08	2.50191e-08	6.18552e-09	1.45752e-09	3.26146e-10	6.93768e-11	1.39278e-11	2.65197e-12	4.78442e-13	8.13459e-14	1.29196e-14	1.89969e-15	2.57198e-16	3.20599e-17	3.69744e-18	3.98555e-19	
N20	3.12342e-06	2.11985e-06	2.73604e-06	3.31081e-06	5.41667e-06	1.6282e-05	5.5566e-05	0.000153519	0.000322709	0.000518452	0.000648294	0.000647659	0.000542934	0.000429881	0.00044729	0.000927569	0.00258306	0.00596496	0.0100818	0.0125364	0.0125407	0.0123412	0.0142302	0.0169147	0.0216372	0.0414608	0.0868008	0.135293	0.147306	0.115473	0.0685517	0.0318603	0.0131253	0.0123997	0.0277376	0.0467529	0.0542541	0.0465351	0.0310902	0.0166949	0.00736737	0.00267298	0.000807504	0.000205239	4.44883e-05	8.36473e-06	1.39009e-06	2.07806e-07	2.8292e-08	3.52399e-09	4.01731e-10	4.14294e-11	3.86654e-12	3.26844e-13	2.51891e-14	1.79145e-15	1.19423e-16	7.57123e-18	4.60054e-19	2.67335e-20	1.47324e-21	7.55969e-23	3.58608e-24	1.56243e-25	6.2423e-27	2.29357e-28	7.79881e-30	2.47319e-31	7.3625e-33	2.0635e-34	5.44851e-36	
Scirpus_pendulus	0	0	0	0	0	0	0	0	0	0	0	0	0	0	0	0	0	0	0	1	0	0	0	0	0	0	0	0	0	0	0	0	0	0	0	0	0	0	0	0	0	0	0	0	0	0	0	0	0	0	0	0	0	0	0	0	0	0	0	0	0	0	0	0	0	0	0	0	0	0	0	
N21	3.61392e-09	6.59805e-10	2.77039e-08	6.38593e-07	2.49788e-06	3.25649e-06	2.00619e-06	8.33222e-07	4.57104e-07	3.01562e-07	1.41649e-07	4.55296e-08	1.01875e-06	2.29008e-05	8.75155e-05	0.000115041	7.33215e-05	3.06513e-05	1.53112e-05	9.15649e-06	3.83416e-06	1.02777e-06	1.77974e-05	0.000284363	0.00070239	0.000532719	0.000191046	0.0002309	0.000220794	9.06099e-05	2.04884e-05	6.92825e-05	0.0147221	0.181099	0.388348	0.284685	0.101857	0.0224807	0.00358936	0.000443316	4.21859e-05	3.00725e-06	1.60115e-07	6.42329e-09	1.98266e-10	4.87415e-12	1.00737e-13	1.8814e-15	3.36867e-17	5.79225e-19	9.12832e-21	1.24785e-22	1.44304e-24	1.39893e-26	1.14424e-28	8.07804e-31	5.14591e-33	3.15476e-35	1.96272e-37	1.23571e-39	7.49229e-42	4.14559e-44	2.05225e-46	9.12681e-49	3.7393e-51	1.45795e-53	5.49391e-56	1.96727e-58	6.45915e-61	1.88783e-63	4.86035e-66	
N22	1.88999e-13	3.37575e-13	2.15904e-10	4.52376e-09	1.42823e-08	1.30871e-08	5.5299e-09	1.80075e-09	5.07403e-10	9.62758e-11	1.55727e-11	2.19418e-11	7.87765e-09	1.60387e-07	5.00418e-07	4.63603e-07	1.94672e-07	5.82653e-08	1.46769e-08	2.49934e-09	3.5156e-10	4.06706e-10	1.11541e-07	1.59569e-06	3.25067e-06	2.11267e-06	1.15727e-06	5.76901e-07	1.40641e-07	8.5287e-08	1.20446e-07	2.4191e-05	0.0208811	0.248574	0.446635	0.230155	0.0480896	0.00524796	0.000364169	1.78981e-05	6.44178e-07	1.71194e-08	3.42561e-10	5.09942e-12	5.57762e-14	4.87151e-16	5.19363e-18	8.86363e-20	1.29811e-21	1.25962e-23	8.45248e-26	4.17726e-28	1.58677e-30	4.65512e-33	1.06393e-35	2.09024e-38	5.41706e-41	2.40753e-43	9.8175e-46	2.82723e-48	5.96461e-51	9.7756e-54	1.2917e-56	1.37721e-59	1.19075e-62	9.19183e-66	9.80251e-69	1.92799e-71	4.04318e-74	8.35493e-77	1.77254e-79	
N23	1.10391e-15	6.04963e-13	2.88065e-11	1.58501e-10	2.03098e-10	8.81599e-11	1.95993e-11	4.25116e-12	1.63093e-12	7.08731e-13	2.3826e-13	2.2807e-11	1.01235e-09	5.53376e-09	7.02459e-09	3.0121e-09	6.16447e-10	9.59391e-11	2.2173e-11	7.8519e-12	2.44274e-12	2.15957e-10	8.49348e-09	3.89376e-08	4.16878e-08	2.27337e-08	1.8122e-08	1.84601e-08	1.37096e-08	6.46272e-09	1.26583e-07	0.00243199	0.103545	0.430285	0.364842	0.0900902	0.00841979	0.000374345	1.05202e-05	6.61935e-07	1.4497e-07	2.36978e-08	2.18703e-09	1.0388e-10	2.42471e-12	2.90792e-14	2.03125e-16	1.56464e-18	6.84245e-20	4.58015e-21	2.26127e-22	7.52446e-24	1.56857e-25	1.85675e-27	1.17733e-29	4.1384e-32	9.06395e-35	2.32524e-37	3.57533e-39	8.83777e-41	1.68409e-42	2.25287e-44	1.95987e-46	1.00205e-48	2.83594e-51	4.67614e-54	7.0949e-57	4.77091e-59	6.09234e-61	6.11232e-63	4.23477e-65	
N24	7.09774e-17	1.46321e-13	1.72558e-12	3.26472e-12	1.68359e-12	3.25385e-13	4.14879e-14	7.82571e-15	2.0886e-15	5.22479e-16	1.05351e-15	5.01954e-12	5.9416e-11	1.11872e-10	5.64484e-11	1.01793e-11	9.55453e-13	9.99935e-14	1.93658e-14	4.34192e-15	8.30854e-15	3.78639e-11	4.31663e-10	8.70075e-10	8.74584e-10	1.10474e-09	1.30827e-09	1.05216e-09	5.36916e-10	3.91195e-10	1.78927e-06	0.0295342	0.310922	0.47238	0.168871	0.0176257	0.00065395	1.07992e-05	1.61695e-07	1.59258e-08	2.52497e-09	2.71515e-10	1.69151e-11	5.46791e-13	8.3655e-15	5.93065e-17	2.15662e-19	1.15896e-21	5.73249e-23	3.17179e-24	1.24272e-25	3.22335e-27	5.14001e-29	4.58394e-31	2.08149e-33	4.68254e-36	5.7385e-39	1.09717e-41	2.02766e-43	4.38219e-45	6.98138e-47	7.64135e-49	5.32007e-51	2.13762e-53	4.50408e-56	4.88644e-59	4.22235e-62	2.57336e-64	3.28558e-66	3.18583e-68	2.0938e-70	
Scirpus_expansus	0	0	0	0	0	0	0	0	0	0	0	0	0	0	0	0	0	0	0	0	0	0	0	0	0	0	0	0	0	0	0	1	0	0	0	0	0	0	0	0	0	0	0	0	0	0	0	0	0	0	0	0	0	0	0	0	0	0	0	0	0	0	0	0	0	0	0	0	0	0	0	
N25	3.04888e-16	2.48851e-14	3.47962e-14	1.18088e-14	1.30984e-15	6.85698e-17	5.14859e-18	8.55942e-19	1.3796e-19	6.3405e-19	1.53715e-15	6.00701e-13	9.94111e-13	3.56345e-13	3.86108e-14	1.62073e-15	5.792e-17	6.70085e-18	1.08217e-18	5.45496e-18	1.61564e-14	1.07347e-11	5.93855e-11	1.49255e-10	2.00304e-10	1.50847e-10	6.73629e-11	1.85952e-11	1.72487e-11	1.246e-08	0.000889401	0.335126	0.501109	0.150621	0.0119739	0.000278156	2.17651e-06	9.48935e-09	4.22052e-10	4.35818e-11	2.94991e-12	1.20156e-13	2.74363e-15	3.18218e-17	1.67174e-19	3.75124e-22	6.40087e-25	1.20659e-26	3.77529e-28	8.71399e-30	1.40902e-31	1.50581e-33	9.82368e-36	3.51076e-38	6.07626e-41	4.76772e-44	3.00069e-47	2.18912e-49	2.76882e-51	2.68788e-53	1.89496e-55	9.12845e-58	2.76793e-60	4.73037e-63	4.0299e-66	1.73352e-69	1.99533e-72	1.37616e-74	8.53822e-77	3.91365e-79	1.23012e-81	
Scirpus_sylvaticus	0	0	0	0	0	0	0	0	0	0	0	0	0	0	0	0	0	0	0	0	0	0	0	0	0	0	0	0	0	0	1	0	0	0	0	0	0	0	0	0	0	0	0	0	0	0	0	0	0	0	0	0	0	0	0	0	0	0	0	0	0	0	0	0	0	0	0	0	0	0	0	
Scirpus_microcarpus	0	0	0	0	0	0	0	0	0	0	0	0	0	0	0	0	0	0	0	0	0	0	0	0	0	0	0	0	0	0	0	1	0	0	0	0	0	0	0	0	0	0	0	0	0	0	0	0	0	0	0	0	0	0	0	0	0	0	0	0	0	0	0	0	0	0	0	0	0	0	0	
Scirpus_maximowiczii	0	0	0	0	0	0	0	0	0	0	0	0	0	0	0	0	0	0	0	0	0	0	0	0	0	0	0	0	0	0	0	1	0	0	0	0	0	0	0	0	0	0	0	0	0	0	0	0	0	0	0	0	0	0	0	0	0	0	0	0	0	0	0	0	0	0	0	0	0	0	0	
N26	1.0182e-13	3.00453e-13	2.51413e-11	1.91283e-10	3.32136e-10	1.92752e-10	5.4645e-11	1.08668e-11	1.61679e-12	3.00612e-12	6.36708e-12	1.82809e-11	8.69144e-10	6.65438e-09	1.15429e-08	6.70437e-09	1.83584e-09	3.32297e-10	4.44569e-11	7.17293e-11	1.05702e-10	2.05126e-10	8.23259e-09	5.09523e-08	6.74737e-08	3.51722e-08	1.3211e-08	3.24408e-09	4.30862e-09	2.87231e-07	5.84233e-06	0.000380219	0.0644477	0.367348	0.412088	0.136855	0.0177101	0.00112144	4.17988e-05	1.02052e-06	1.81105e-08	5.71119e-10	6.37258e-11	4.83465e-12	1.70685e-13	3.00226e-15	3.00427e-17	2.03183e-19	1.12778e-21	8.88061e-24	3.84157e-25	2.25328e-26	8.21097e-28	1.56096e-29	1.47168e-31	7.44036e-34	2.28773e-36	5.04843e-39	9.65294e-42	2.75063e-44	4.50201e-46	1.04114e-47	1.55352e-49	1.25226e-51	5.1702e-54	1.17959e-56	1.68917e-59	2.00652e-62	8.15608e-65	1.29462e-66	1.64029e-68	
N27	6.77571e-14	7.85783e-14	3.95963e-12	6.62277e-12	3.29695e-12	8.31397e-13	3.06171e-13	1.69475e-13	1.03941e-13	2.49978e-12	4.9657e-12	5.07903e-12	1.37185e-10	2.38521e-10	1.168e-10	2.43458e-11	4.81443e-12	1.88238e-12	1.0173e-12	2.1959e-11	4.28163e-11	4.91053e-11	2.36972e-09	1.6466e-08	5.87188e-08	1.12172e-07	1.22805e-07	8.82676e-08	1.3398e-06	9.56851e-05	0.000193969	0.0045604	0.340342	0.473299	0.162598	0.0180976	0.000788156	2.01219e-05	2.02115e-06	4.99717e-07	8.6325e-08	9.35715e-09	6.10998e-10	2.2537e-11	4.34633e-13	4.39815e-15	4.80717e-17	2.70662e-18	1.97975e-19	1.1006e-20	4.43603e-22	1.24251e-23	2.29316e-25	2.58492e-27	1.63176e-29	5.74433e-32	2.30638e-34	5.00951e-36	1.47753e-37	3.44821e-39	6.0507e-41	7.63192e-43	6.544e-45	3.5303e-47	1.10784e-49	2.36607e-52	1.40043e-54	2.311e-56	3.37562e-58	3.71389e-60	2.89941e-62	
Scirpus_polystachyus	0	0	0	0	0	0	0	0	0	0	0	0	0	0	0	0	0	0	0	0	0	0	0	0	0	0	0	0	0	1	0	0	0	0	0	0	0	0	0	0	0	0	0	0	0	0	0	0	0	0	0	0	0	0	0	0	0	0	0	0	0	0	0	0	0	0	0	0	0	0	0	
Scirpus_cyperinus	0	0	0	0	0	0	0	0	0	0	0	0	0	0	0	0	0	0	0	0	0	0	0	0	0	0	0	0	0	0	0	0	1	0	0	0	0	0	0	0	0	0	0	0	0	0	0	0	0	0	0	0	0	0	0	0	0	0	0	0	0	0	0	0	0	0	0	0	0	0	0	
N28	1.70418e-12	2.82813e-12	3.38681e-12	1.92353e-12	5.21803e-13	7.09182e-14	5.57344e-15	4.18518e-16	4.46785e-15	2.1803e-12	2.97577e-11	1.06248e-10	1.41927e-10	8.20137e-11	2.18146e-11	2.84507e-12	2.03871e-13	1.14165e-14	5.22333e-14	1.62214e-11	2.04404e-10	7.00368e-10	9.05447e-10	5.37652e-10	2.05122e-10	9.76399e-11	5.91233e-11	5.37871e-10	7.56295e-06	0.00726143	0.0961601	0.314795	0.369228	0.175362	0.0343505	0.00274052	9.36982e-05	1.55772e-06	1.50637e-08	2.18624e-10	2.06716e-11	2.02453e-12	1.28788e-13	4.94027e-15	1.04932e-16	1.14155e-18	6.44213e-21	2.47506e-23	3.56285e-25	1.68925e-26	6.69907e-28	1.91864e-29	3.77812e-31	4.77933e-33	3.54492e-35	1.41817e-37	3.08413e-40	4.76502e-43	2.86785e-45	5.89168e-47	1.04592e-48	1.38235e-50	1.29206e-52	7.96512e-55	2.9542e-57	6.14996e-60	9.1797e-63	4.07424e-65	4.26414e-67	3.7273e-69	2.31704e-71	
N29	3.35685e-14	8.34904e-15	1.83762e-15	1.80362e-16	1.1103e-17	1.12281e-18	1.68108e-19	7.55642e-19	1.52495e-15	6.16432e-13	1.27745e-12	6.83399e-13	1.36225e-13	1.17256e-14	4.9503e-16	1.88737e-17	1.81108e-18	7.04372e-18	1.86145e-14	1.68824e-11	1.2437e-10	3.23362e-10	3.97367e-10	2.65034e-10	1.04587e-10	2.58347e-11	1.86965e-11	9.89815e-09	0.000610037	0.243288	0.47733	0.234519	0.0412437	0.0029227	8.54844e-05	1.02029e-06	5.63572e-09	7.27528e-11	4.25172e-12	1.93897e-13	5.78549e-15	1.09514e-16	1.27147e-18	8.60372e-21	3.23038e-23	9.21136e-26	1.05596e-27	2.21579e-29	3.63553e-31	4.35645e-33	3.71136e-35	2.1641e-37	8.27652e-40	1.95822e-42	2.71174e-45	2.99243e-48	1.38665e-50	1.22373e-52	8.75576e-55	4.73009e-57	1.87284e-59	5.22128e-62	9.80194e-65	1.16752e-67	8.44941e-71	6.13814e-74	2.21368e-76	1.20142e-78	5.25135e-81	1.72817e-83	4.02535e-86	
Eriophorum_virginicum	0	0	0	0	0	0	0	0	0	0	0	0	0	0	0	0	0	0	0	0	0	0	0	0	0	0	0	0	1	0	0	0	0	0	0	0	0	0	0	0	0	0	0	0	0	0	0	0	0	0	0	0	0	0	0	0	0	0	0	0	0	0	0	0	0	0	0	0	0	0	0	
Eriophorum_gracile	0	0	0	0	0	0	0	0	0	0	0	0	0	0	0	0	0	0	0	0	0	0	0	0	0	0	0	0	0	1	0	0	0	0	0	0	0	0	0	0	0	0	0	0	0	0	0	0	0	0	0	0	0	0	0	0	0	0	0	0	0	0	0	0	0	0	0	0	0	0	0	
Eriophorum_angustifolium_subsp_angustifolium	0	0	0	0	0	0	0	0	0	0	0	0	0	0	0	0	0	0	0	0	0	0	0	0	0	0	0	0	1	0	0	0	0	0	0	0	0	0	0	0	0	0	0	0	0	0	0	0	0	0	0	0	0	0	0	0	0	0	0	0	0	0	0	0	0	0	0	0	0	0	0	
Scirpus_radicans	0	0	0	0	0	0	0	0	0	0	0	0	0	0	0	0	0	0	0	0	0	0	0	0	0	0	0	1	0	0	0	0	0	0	0	0	0	0	0	0	0	0	0	0	0	0	0	0	0	0	0	0	0	0	0	0	0	0	0	0	0	0	0	0	0	0	0	0	0	0	0	
Scirpus_divaricatus	0	0	0	0	0	0	0	0	0	0	0	0	0	1	0	0	0	0	0	0	0	0	0	0	0	0	0	0	0	0	0	0	0	0	0	0	0	0	0	0	0	0	0	0	0	0	0	0	0	0	0	0	0	0	0	0	0	0	0	0	0	0	0	0	0	0	0	0	0	0	0	
N30	4.49276e-10	3.85615e-11	3.77574e-11	3.94163e-11	4.32827e-11	5.3195e-11	7.85447e-11	1.41931e-10	2.96715e-10	6.65074e-10	1.51644e-09	3.41786e-09	7.53082e-09	1.61637e-08	3.37114e-08	6.96555e-08	1.44063e-07	3.022e-07	6.50441e-07	1.44537e-06	3.33194e-06	7.76958e-06	1.799e-05	4.05945e-05	8.83858e-05	0.000185874	0.000380944	0.00076862	0.00153375	0.00301524	0.00582224	0.0107905	0.0190341	0.0316804	0.0493594	0.0713621	0.0947944	0.114585	0.125138	0.123066	0.10969	0.0876355	0.0630547	0.0408728	0.0238652	0.0125744	0.00602573	0.00267482	0.00113244	0.000471407	0.000196898	8.02387e-05	3.1316e-05	1.15189e-05	4.0189e-06	1.38541e-06	5.09195e-07	2.11926e-07	9.68059e-08	4.41315e-08	1.863e-08	6.90842e-09	2.22882e-09	6.31525e-10	1.63283e-10	4.17242e-11	1.17197e-11	3.90593e-12	1.65955e-12	9.42356e-13	5.65252e-13	
N31	4.92346e-10	3.55809e-11	3.75362e-12	5.4757e-11	5.26131e-06	0.143445	0.425747	0.311707	0.0995089	0.0175048	0.00192914	0.000144372	7.76431e-06	3.12505e-07	9.69988e-09	2.39183e-10	4.76288e-12	7.78664e-14	1.05986e-15	1.21572e-17	1.18871e-19	9.95091e-22	7.22743e-24	4.59313e-26	2.5756e-28	1.28517e-30	5.75588e-33	2.33469e-35	8.65613e-38	2.96093e-40	9.43207e-43	2.80346e-45	7.868e-48	2.09317e-50	5.29051e-53	1.27121e-55	2.90244e-58	6.29209e-61	1.29429e-63	2.52579e-66	4.6794e-69	8.18963e-72	1.36285e-74	2.15687e-77	3.2479e-80	4.65419e-83	6.34504e-86	8.22634e-89	1.01394e-91	1.18799e-94	1.32389e-97	1.39653e-100	1.40342e-103	1.34458e-106	1.22982e-109	1.07532e-112	8.99838e-116	7.21334e-119	5.54335e-122	4.08617e-125	2.89105e-128	1.95536e-131	1.26984e-134	7.91948e-138	4.74318e-141	2.72764e-144	1.50537e-147	7.96911e-151	4.04428e-154	1.96673e-157	9.16577e-161	
Carex_pachygyna	0	0	0	0	0	1	0	0	0	0	0	0	0	0	0	0	0	0	0	0	0	0	0	0	0	0	0	0	0	0	0	0	0	0	0	0	0	0	0	0	0	0	0	0	0	0	0	0	0	0	0	0	0	0	0	0	0	0	0	0	0	0	0	0	0	0	0	0	0	0	0	
Carex_siderosticta	0	0	0	0	0	1	0	0	0	0	0	0	0	0	0	0	0	0	0	0	0	0	0	0	0	0	0	0	0	0	0	0	0	0	0	0	0	0	0	0	0	0	0	0	0	0	0	0	0	0	0	0	0	0	0	0	0	0	0	0	0	0	0	0	0	0	0	0	0	0	0	
N32	4.35776e-06	3.43438e-06	6.07179e-06	1.35429e-05	4.11136e-05	0.000134265	0.000381394	0.000872598	0.00158655	0.00231894	0.00282528	0.00311244	0.00351938	0.00439984	0.00591836	0.00863267	0.0135068	0.0204888	0.0269705	0.0293179	0.0267237	0.0216893	0.0177439	0.0158183	0.0151613	0.0156369	0.0171964	0.018243	0.0171208	0.0154367	0.0178258	0.0259411	0.0358048	0.0422784	0.0454597	0.0505145	0.0615789	0.0760792	0.0855275	0.0826125	0.0677226	0.0466397	0.0273855	0.0141558	0.00695181	0.00364824	0.0021633	0.0013419	0.000784745	0.000409463	0.000188159	7.6903e-05	3.208e-05	1.81492e-05	1.36457e-05	9.97477e-06	6.11538e-06	3.07925e-06	1.28861e-06	4.55492e-07	1.38636e-07	3.64116e-08	8.36922e-09	1.69833e-09	3.06712e-10	4.9667e-11	7.26096e-12	9.63878e-13	1.1669e-13	1.29187e-14	1.31298e-15	
Trichophorum_cespitosum	0	0	0	0	0	0	0	0	0	0	0	0	0	0	0	0	0	0	0	0	0	0	0	0	0	0	0	0	0	0	0	0	0	0	0	0	0	0	0	0	0	0	0	0	0	0	0	0	0	0	0	1	0	0	0	0	0	0	0	0	0	0	0	0	0	0	0	0	0	0	0	
Trichophorum_alpinum	0	0	0	0	0	0	0	0	0	0	0	0	0	0	0	0	0	0	0	0	0	0	0	0	0	0	0	0	1	0	0	0	0	0	0	0	0	0	0	0	0	0	0	0	0	0	0	0	0	0	0	0	0	0	0	0	0	0	0	0	0	0	0	0	0	0	0	0	0	0	0	
N33	5.05276e-10	9.13608e-11	9.51882e-11	9.66713e-11	9.52843e-11	9.353e-11	9.3615e-11	9.6954e-11	1.04285e-10	1.14852e-10	1.25594e-10	1.29777e-10	1.27997e-10	1.20206e-10	1.09817e-10	1.02048e-10	9.84504e-11	9.99653e-11	1.07544e-10	1.22361e-10	1.48118e-10	1.91138e-10	2.85276e-10	5.04272e-10	1.02747e-09	2.31602e-09	5.66612e-09	1.50712e-08	4.41667e-08	1.43727e-07	5.17187e-07	1.9541e-06	7.33882e-06	2.59169e-05	8.27157e-05	0.00023445	0.000593249	0.00137212	0.00298219	0.00615252	0.0119819	0.0214056	0.0352907	0.0551058	0.0829336	0.117606	0.149211	0.161347	0.144091	0.104456	0.061352	0.0287128	0.0107656	0.00325849	0.00081225	0.000173999	3.43768e-05	6.72766e-06	1.32377e-06	2.50748e-07	4.40961e-08	7.1558e-09	1.12522e-09	1.80555e-10	2.98679e-11	4.89276e-12	7.51111e-13	1.03167e-13	1.22464e-14	1.23002e-15	1.04884e-16	
N34	2.15631e-10	2.80123e-11	2.78206e-11	2.81869e-11	2.83959e-11	2.8487e-11	2.84322e-11	2.81865e-11	2.78432e-11	2.76645e-11	2.79043e-11	2.78365e-11	2.85775e-11	2.97943e-11	3.21869e-11	3.82617e-11	5.23712e-11	8.41618e-11	1.56052e-10	3.2436e-10	7.44101e-10	1.82491e-09	4.70692e-09	1.27033e-08	3.65197e-08	1.14626e-07	3.92432e-07	1.41534e-06	5.15441e-06	1.83888e-05	6.36464e-05	0.000207502	0.000629606	0.00175852	0.00448466	0.0103763	0.0216633	0.0406035	0.0679478	0.100847	0.132557	0.151459	0.149411	0.12621	0.0906468	0.0550283	0.0280968	0.0120168	0.0042911	0.0012768	0.000318116	6.59956e-05	1.16255e-05	1.79696e-06	2.58719e-07	3.74878e-08	5.73604e-09	9.09316e-10	1.41431e-10	2.07554e-11	2.88603e-12	3.97637e-13	5.98103e-14	1.02705e-14	1.90375e-15	3.50842e-16	6.11761e-17	9.8422e-18	1.43327e-18	1.85987e-19	2.15522e-20	
N35	3.09629e-11	2.54152e-12	2.48832e-12	2.63913e-12	2.9894e-12	3.76849e-12	5.505e-12	9.41005e-12	1.80458e-11	3.64969e-11	7.49594e-11	1.5558e-10	3.33848e-10	7.61732e-10	1.8685e-09	4.96706e-09	1.41685e-08	4.37707e-08	1.51462e-07	6.07931e-07	2.83831e-06	1.41327e-05	6.82503e-05	0.00029756	0.00112684	0.00364484	0.0100148	0.0233704	0.0464133	0.0786711	0.114957	0.143713	0.154436	0.142935	0.114102	0.0786406	0.0468207	0.0240846	0.0107024	0.00410656	0.00136605	0.000390023	9.59256e-05	2.03401e-05	3.73082e-06	5.97339e-07	8.52161e-08	1.12717e-08	1.46692e-09	1.98076e-10	2.8056e-11	4.00286e-12	5.62009e-13	7.75116e-14	1.06542e-14	1.46866e-15	1.9993e-16	2.61303e-17	3.1997e-18	3.62872e-19	3.83392e-20	3.81496e-21	3.68622e-22	3.53581e-23	3.36827e-24	3.11356e-25	2.70644e-26	2.15992e-27	1.56646e-28	1.03591e-29	6.35206e-31	
N36	1.07945e-10	1.75691e-10	4.4158e-10	1.0369e-09	2.31658e-09	5.20779e-09	1.26531e-08	3.39373e-08	9.50018e-08	2.5902e-07	6.73164e-07	1.74331e-06	5.08877e-06	1.94754e-05	9.38544e-05	0.000467302	0.00203439	0.00723908	0.0206754	0.0474031	0.0885211	0.134023	0.1663	0.170409	0.145197	0.103501	0.0620594	0.0314514	0.0135307	0.0049611	0.00156346	0.000421004	9.77497e-05	1.9696e-05	3.47774e-06	5.4649e-07	7.82718e-08	1.05606e-08	1.39168e-09	1.83884e-10	2.46066e-11	3.28351e-12	4.34225e-13	5.63048e-14	7.07225e-15	8.48115e-16	9.57359e-17	1.00681e-17	9.82332e-19	8.91528e-20	7.61273e-21	6.15873e-22	4.80773e-23	3.65421e-24	2.70341e-25	1.93052e-26	1.31647e-27	8.51064e-29	5.21466e-30	3.05151e-31	1.7314e-32	9.59047e-34	5.22818e-35	2.78104e-36	1.41849e-37	6.81259e-39	3.04226e-40	1.25765e-41	4.8303e-43	1.74061e-44	5.9699e-46	
N37	9.32134e-09	1.33436e-08	3.48995e-08	9.60784e-08	2.57549e-07	6.2504e-07	1.35142e-06	2.91956e-06	8.73952e-06	4.70702e-05	0.000334501	0.0020626	0.00943419	0.0312382	0.0750619	0.13524	0.185456	0.196629	0.163407	0.107715	0.0572214	0.0244645	0.00852193	0.00243815	0.000577713	0.000114477	1.92199e-05	2.78773e-06	3.59705e-07	4.29709e-08	4.97348e-09	5.68375e-10	6.48797e-11	7.35694e-12	8.26322e-13	9.1643e-14	9.89831e-15	1.0165e-15	9.68377e-17	8.41333e-18	6.63625e-19	4.73898e-20	3.11879e-21	1.93551e-22	1.16251e-23	6.87342e-25	3.99082e-26	2.23299e-27	1.17676e-28	5.74266e-30	2.58096e-31	1.06523e-32	4.1072e-34	1.51281e-35	5.46003e-37	1.96309e-38	7.01143e-40	2.44107e-41	8.10067e-43	2.52386e-44	7.37218e-46	2.03171e-47	5.44486e-49	1.4658e-50	4.03227e-52	1.11554e-53	2.98153e-55	7.3957e-57	1.65957e-58	3.3432e-60	6.11185e-62	
N38	4.34452e-07	5.47325e-07	1.00787e-06	1.51845e-06	3.45785e-06	3.81023e-05	0.000589569	0.0053187	0.0269471	0.0828408	0.165284	0.225043	0.217094	0.152702	0.0796741	0.031764	0.00979053	0.00236776	0.00045663	7.17903e-05	9.56984e-06	1.13362e-06	1.29228e-07	1.48366e-08	1.69047e-09	1.83827e-10	1.88308e-11	1.86285e-12	1.84082e-13	1.81986e-14	1.738e-15	1.52163e-16	1.18848e-17	8.16964e-19	4.94934e-20	2.68485e-21	1.34728e-22	6.57029e-24	3.25443e-25	1.64577e-26	8.20456e-28	3.82668e-29	1.62325e-30	6.1713e-32	2.10347e-33	6.5244e-35	1.90082e-36	5.46015e-38	1.61504e-39	4.94095e-41	1.50816e-42	4.35799e-44	1.15824e-45	2.78861e-47	6.08126e-49	1.21873e-50	2.31615e-52	4.38181e-54	8.62289e-56	1.77499e-57	3.69297e-59	7.40418e-61	1.39791e-62	2.47059e-64	4.11948e-66	6.55387e-68	9.97408e-70	1.43608e-71	1.91792e-73	2.33899e-75	2.60576e-77	
Fimbristylis_autumnalis	0	0	0	0	1	0	0	0	0	0	0	0	0	0	0	0	0	0	0	0	0	0	0	0	0	0	0	0	0	0	0	0	0	0	0	0	0	0	0	0	0	0	0	0	0	0	0	0	0	0	0	0	0	0	0	0	0	0	0	0	0	0	0	0	0	0	0	0	0	0	0	
Fimbristylis_complanata	0	0	0	0	1	0	0	0	0	0	0	0	0	0	0	0	0	0	0	0	0	0	0	0	0	0	0	0	0	0	0	0	0	0	0	0	0	0	0	0	0	0	0	0	0	0	0	0	0	0	0	0	0	0	0	0	0	0	0	0	0	0	0	0	0	0	0	0	0	0	0	
N39	4.44264e-09	5.70842e-10	3.77281e-10	4.02127e-06	0.0438174	0.262253	0.376829	0.2279	0.0731203	0.0141297	0.00178254	0.00015483	9.69443e-06	4.53246e-07	1.63704e-08	4.79407e-10	1.18806e-11	2.62341e-13	5.37129e-15	1.03594e-16	1.88476e-18	3.0522e-20	4.6903e-22	6.75454e-24	9.09785e-26	1.13192e-27	1.27978e-29	1.29927e-31	1.1803e-33	9.65974e-36	7.25557e-38	4.83979e-40	3.11602e-42	1.92985e-44	1.15175e-46	6.5434e-49	3.47697e-51	1.70432e-53	7.66503e-56	3.17859e-58	1.23566e-60	4.36e-63	1.51253e-65	5.13918e-68	1.71142e-70	5.51288e-73	1.68623e-75	4.82635e-78	1.28473e-80	3.19405e-83	7.53459e-86	1.63576e-88	3.53325e-91	7.5708e-94	1.61038e-96	3.35499e-99	6.716e-102	1.27119e-104	2.25326e-107	3.7278e-110	5.76445e-113	8.3225e-116	1.13168e-118	1.45457e-121	1.77146e-124	2.04741e-127	2.25042e-130	2.36325e-133	2.3896e-136	2.35171e-139	2.28078e-142	
Fimbristylis_aestivalis	0	0	0	0	1	0	0	0	0	0	0	0	0	0	0	0	0	0	0	0	0	0	0	0	0	0	0	0	0	0	0	0	0	0	0	0	0	0	0	0	0	0	0	0	0	0	0	0	0	0	0	0	0	0	0	0	0	0	0	0	0	0	0	0	0	0	0	0	0	0	0	
Fimbristylis_squarrosa	0	0	0	0	1	0	0	0	0	0	0	0	0	0	0	0	0	0	0	0	0	0	0	0	0	0	0	0	0	0	0	0	0	0	0	0	0	0	0	0	0	0	0	0	0	0	0	0	0	0	0	0	0	0	0	0	0	0	0	0	0	0	0	0	0	0	0	0	0	0	0	
Fimbristylis_ovata	0	0	0	0	1	0	0	0	0	0	0	0	0	0	0	0	0	0	0	0	0	0	0	0	0	0	0	0	0	0	0	0	0	0	0	0	0	0	0	0	0	0	0	0	0	0	0	0	0	0	0	0	0	0	0	0	0	0	0	0	0	0	0	0	0	0	0	0	0	0	0	
N40	1.55169e-07	1.75265e-07	3.66246e-07	7.31664e-07	1.34413e-06	2.26993e-06	4.02339e-06	1.10426e-05	5.6026e-05	0.000354045	0.00195129	0.00815281	0.0251125	0.0576914	0.100422	0.138147	0.155049	0.147916	0.124938	0.0957668	0.066815	0.0410151	0.0216792	0.00970509	0.00365427	0.00115744	0.000309926	7.0788e-05	1.39751e-05	2.42986e-06	3.83085e-07	5.60514e-08	7.93306e-09	1.12094e-09	1.61128e-10	2.36315e-11	3.50191e-12	5.15728e-13	7.41408e-14	1.02503e-14	1.35524e-15	1.70232e-16	2.05814e-17	2.43005e-18	2.83875e-19	3.2978e-20	3.79173e-21	4.26494e-22	4.62569e-23	4.76979e-24	4.63386e-25	4.1838e-26	3.51696e-27	2.76042e-28	2.03614e-29	1.42233e-30	9.46463e-32	6.011e-33	3.63485e-34	2.08227e-35	1.12614e-36	5.69605e-38	2.70222e-39	1.20452e-40	5.06484e-42	2.01903e-43	7.66394e-45	2.7766e-46	9.59582e-48	3.15377e-49	9.83595e-51	
Bulbostylis_barbata	0	0	0	0	1	0	0	0	0	0	0	0	0	0	0	0	0	0	0	0	0	0	0	0	0	0	0	0	0	0	0	0	0	0	0	0	0	0	0	0	0	0	0	0	0	0	0	0	0	0	0	0	0	0	0	0	0	0	0	0	0	0	0	0	0	0	0	0	0	0	0	
N41	3.68442e-06	3.38951e-06	6.84201e-06	1.86737e-05	7.33953e-05	0.000635314	0.00558784	0.029343	0.0883103	0.159919	0.183853	0.143562	0.09051	0.0650023	0.0617719	0.0635477	0.054422	0.0335942	0.0143826	0.00431882	0.000943516	0.000158089	2.47639e-05	5.28154e-06	1.82785e-06	8.3207e-07	3.79567e-07	1.48558e-07	4.79645e-08	1.28252e-08	2.86162e-09	6.19359e-10	2.27596e-10	1.44797e-10	1.03946e-10	6.19773e-11	2.67414e-11	8.40862e-12	2.03802e-12	3.99577e-13	6.50879e-14	1.02654e-14	2.55276e-15	8.1794e-16	2.04208e-16	3.61127e-17	4.7086e-18	4.8243e-19	4.13225e-20	3.08271e-21	2.02364e-22	1.14293e-23	5.47177e-25	2.19723e-26	7.41026e-28	2.12557e-29	5.30956e-31	1.19703e-32	2.53303e-34	5.15483e-36	1.00607e-37	1.83242e-39	3.05959e-41	4.64395e-43	6.42949e-45	8.17252e-47	9.52393e-49	1.00471e-50	9.41532e-53	7.73519e-55	5.59264e-57	
N42	2.72512e-06	2.3087e-06	5.12144e-06	3.1587e-05	0.000356552	0.00335573	0.0193523	0.0654519	0.133448	0.170689	0.142391	0.0823562	0.0412082	0.030219	0.037948	0.0482139	0.0428321	0.0246789	0.00952035	0.00273089	0.000740182	0.000238436	9.78178e-05	6.81445e-05	8.61103e-05	0.000116067	0.000138686	0.000196499	0.000307437	0.000371538	0.000311634	0.00027402	0.000508167	0.00116019	0.00245363	0.00389177	0.00488848	0.00704373	0.0110861	0.0134276	0.0112695	0.00976557	0.0159514	0.0222775	0.0186445	0.0100463	0.00444972	0.00245616	0.00160751	0.000869978	0.000342679	9.65031e-05	1.97307e-05	2.97991e-06	3.39701e-07	3.10466e-08	2.77757e-09	3.56182e-10	6.07388e-11	9.42839e-12	1.15393e-12	1.08455e-13	7.8752e-15	4.45855e-16	1.9861e-17	7.06758e-19	2.03052e-20	5.16373e-22	2.50283e-23	4.12587e-24	6.49978e-25	
Bulbostylis_juncoides	0	0	0	0	0	0	0	0	0	0	0	0	0	0	0	0	0	0	0	0	0	0	0	0	0	0	0	0	0	0	0	0	0	0	0	0	0	0	0	0	0	1	0	0	0	0	0	0	0	0	0	0	0	0	0	0	0	0	0	0	0	0	0	0	0	0	0	0	0	0	0	
Bulbostylis_densa	0	0	0	0	0	0	0	0	0	0	0	0	0	0	0	0	0	0	0	0	0	0	0	0	0	0	0	0	0	0	0	1	0	0	0	0	0	0	0	0	0	0	0	0	0	0	0	0	0	0	0	0	0	0	0	0	0	0	0	0	0	0	0	0	0	0	0	0	0	0	0	
Bulbostylis_hispidula	0	0	0	0	1	0	0	0	0	0	0	0	0	0	0	0	0	0	0	0	0	0	0	0	0	0	0	0	0	0	0	0	0	0	0	0	0	0	0	0	0	0	0	0	0	0	0	0	0	0	0	0	0	0	0	0	0	0	0	0	0	0	0	0	0	0	0	0	0	0	0	
N43	1.12003e-09	1.42321e-09	3.47295e-09	8.66384e-09	2.20079e-08	5.53769e-08	1.33194e-07	2.98228e-07	6.1474e-07	1.17096e-06	2.1002e-06	3.66915e-06	6.53905e-06	1.23111e-05	2.41024e-05	4.73082e-05	8.91735e-05	0.000161709	0.000300118	0.000624503	0.0015017	0.00380289	0.00926367	0.0204955	0.0399622	0.0676411	0.0988484	0.124959	0.137735	0.133972	0.11723	0.0921234	0.0653518	0.0416389	0.0236468	0.0119064	0.00532047	0.00213108	0.000781254	0.000270722	9.27695e-05	3.2311e-05	1.17592e-05	4.48466e-06	1.78318e-06	7.40346e-07	3.23786e-07	1.49277e-07	7.10363e-08	3.35955e-08	1.53029e-08	6.47129e-09	2.51976e-09	9.03009e-10	2.99874e-10	9.30959e-11	2.71723e-11	7.45169e-12	1.90788e-12	4.52051e-13	9.87682e-14	1.96456e-14	3.56873e-15	5.93937e-16	9.11052e-17	1.29747e-17	1.72707e-18	2.15794e-19	2.5338e-20	2.79262e-21	2.89098e-22	
Eleocharis_dulcis	0	0	0	0	0	0	0	0	0	0	0	0	0	0	0	0	0	0	0	0	0	0	0	0	0	0	0	0	0	0	0	0	0	0	0	0	0	1	0	0	0	0	0	0	0	0	0	0	0	0	0	0	0	0	0	0	0	0	0	0	0	0	0	0	0	0	0	0	0	0	0	
N44	1.17006e-07	1.02945e-07	1.69853e-07	2.49884e-07	3.33644e-07	4.40588e-07	6.67181e-07	1.22678e-06	2.45205e-06	4.75964e-06	8.586e-06	1.44536e-05	2.48431e-05	5.71339e-05	0.000220246	0.0010758	0.00461341	0.0153423	0.0392099	0.0787957	0.128485	0.169529	0.181742	0.157917	0.111222	0.0638113	0.0301537	0.0119578	0.00409109	0.00124851	0.000350982	9.07781e-05	2.15182e-05	4.62985e-06	9.06416e-07	1.64097e-07	2.80815e-08	4.61938e-09	7.34081e-10	1.11994e-10	1.62394e-11	2.19016e-12	2.71694e-13	3.06295e-14	3.11127e-15	2.8332e-16	2.30807e-17	1.68226e-18	1.09863e-19	6.44232e-21	3.40542e-22	1.61589e-23	6.91592e-25	2.67149e-26	9.3184e-28	2.93771e-29	8.38705e-31	2.17665e-32	5.16911e-34	1.13548e-35	2.34913e-37	4.65663e-39	9.14663e-41	1.82177e-42	3.69238e-44	7.46536e-46	1.45944e-47	2.68622e-49	4.58967e-51	7.26863e-53	1.07561e-54	
N45	2.80268e-06	2.27711e-06	4.18635e-06	7.605e-06	1.38726e-05	2.87605e-05	7.45167e-05	0.000199658	0.000446126	0.000880956	0.00256005	0.00998911	0.0298163	0.0599934	0.085303	0.101651	0.124822	0.156307	0.164783	0.131078	0.0775349	0.0340594	0.0114825	0.00355646	0.00178529	0.00139246	0.00103115	0.000644826	0.000333625	0.000142039	5.14083e-05	1.65318e-05	4.97174e-06	1.39624e-06	3.52033e-07	7.66188e-08	1.40858e-08	2.17758e-09	2.85707e-10	3.25969e-11	3.38689e-12	3.36973e-13	3.36418e-14	3.34398e-15	3.16047e-16	2.71384e-17	2.06049e-18	1.37072e-19	8.03199e-21	4.23329e-22	2.09382e-23	1.02033e-24	5.12195e-26	2.62286e-27	1.30621e-28	6.03588e-30	2.51558e-31	9.36339e-33	3.13014e-34	9.62224e-36	2.85538e-37	8.66698e-39	2.81464e-40	9.57375e-42	3.21266e-43	1.00881e-44	2.87161e-46	7.30149e-48	1.65432e-49	3.37268e-51	6.33555e-53	
Eleocharis_uniglumis	0	0	0	0	0	0	0	0	0	0	0	0	0	0	0	0	0	0	0	0	0	0	0	1	0	0	0	0	0	0	0	0	0	0	0	0	0	0	0	0	0	0	0	0	0	0	0	0	0	0	0	0	0	0	0	0	0	0	0	0	0	0	0	0	0	0	0	0	0	0	0	
Eleocharis_acicularis	0	0	0	0	0	0	0	0	0	1	0	0	0	0	0	0	0	0	0	0	0	0	0	0	0	0	0	0	0	0	0	0	0	0	0	0	0	0	0	0	0	0	0	0	0	0	0	0	0	0	0	0	0	0	0	0	0	0	0	0	0	0	0	0	0	0	0	0	0	0	0	
N46	9.53173e-08	6.14041e-08	9.97426e-08	1.79849e-07	3.56418e-07	7.30752e-07	1.4501e-06	2.64241e-06	4.3044e-06	6.9008e-06	1.66681e-05	7.79272e-05	0.000516056	0.00320461	0.0144869	0.0459944	0.103597	0.169772	0.207182	0.191812	0.137535	0.0764543	0.0334499	0.0116595	0.00328482	0.000761667	0.000148718	2.5113e-05	3.76618e-06	5.12051e-07	6.40757e-08	7.36002e-09	7.87335e-10	7.97083e-11	7.84032e-12	7.7318e-13	7.77879e-14	7.87392e-15	7.72198e-16	7.05943e-17	5.87732e-18	4.38138e-19	2.94802e-20	1.8243e-21	1.07232e-22	6.20346e-24	3.59624e-25	2.06531e-26	1.13998e-27	5.8705e-29	2.77166e-30	1.18455e-31	4.6262e-33	1.68312e-34	5.89112e-36	2.05468e-37	7.26764e-39	2.57612e-40	8.87435e-42	2.88296e-43	8.67684e-45	2.39273e-46	6.13106e-48	1.50811e-49	3.77459e-51	1.02035e-52	2.98997e-54	8.8802e-56	2.45426e-57	5.93459e-59	1.22342e-60	
N47	3.08699e-07	2.93087e-07	3.85844e-07	3.50536e-07	2.22199e-07	1.02563e-07	1.94171e-07	3.20725e-05	0.00827705	0.0759138	0.222435	0.305351	0.234012	0.110778	0.0344587	0.00744502	0.00115177	0.000131123	1.12573e-05	7.48269e-07	3.99864e-08	1.79709e-09	7.37089e-11	2.94557e-12	1.15654e-13	4.29573e-15	1.46565e-16	4.63239e-18	1.40589e-19	4.21454e-21	1.23652e-22	3.39143e-24	8.39324e-26	1.83033e-27	3.49123e-29	5.86187e-31	8.84297e-33	1.24544e-34	1.71986e-36	2.40632e-38	3.38155e-40	4.55767e-42	5.67908e-44	6.37901e-46	6.40228e-48	5.77025e-50	4.76102e-52	3.73271e-54	2.91751e-56	2.34694e-58	1.92419e-60	1.53452e-62	1.14656e-64	7.82139e-67	4.82576e-69	2.70576e-71	1.40588e-73	7.03578e-76	3.56769e-78	1.89752e-80	1.04928e-82	5.76703e-85	3.03702e-87	1.49594e-89	6.81801e-92	2.86348e-94	1.10616e-96	3.93139e-99	1.28982e-101	3.93691e-104	1.13098e-106	
Eleocharis_mamillata_subsp_mamillata	0	0	0	0	0	0	0	1	0	0	0	0	0	0	0	0	0	0	0	0	0	0	0	0	0	0	0	0	0	0	0	0	0	0	0	0	0	0	0	0	0	0	0	0	0	0	0	0	0	0	0	0	0	0	0	0	0	0	0	0	0	0	0	0	0	0	0	0	0	0	0	
Eleocharis_compressa_var_compressa	0	0	0	0	0	0	0	0	1	0	0	0	0	0	0	0	0	0	0	0	0	0	0	0	0	0	0	0	0	0	0	0	0	0	0	0	0	0	0	0	0	0	0	0	0	0	0	0	0	0	0	0	0	0	0	0	0	0	0	0	0	0	0	0	0	0	0	0	0	0	0	
Eleocharis_flavescens_var_olivacea	0	0	0	0	0	0	0	0	0	1	0	0	0	0	0	0	0	0	0	0	0	0	0	0	0	0	0	0	0	0	0	0	0	0	0	0	0	0	0	0	0	0	0	0	0	0	0	0	0	0	0	0	0	0	0	0	0	0	0	0	0	0	0	0	0	0	0	0	0	0	0	
N48	1.09805e-10	1.18053e-11	1.17671e-11	1.40571e-11	1.86351e-11	2.43755e-11	2.90692e-11	3.07355e-11	2.88838e-11	2.46403e-11	1.99058e-11	1.59966e-11	1.56359e-11	2.10862e-11	4.04318e-11	1.03721e-10	3.11218e-10	9.54052e-10	2.752e-09	7.2375e-09	1.75516e-08	4.1033e-08	1.03307e-07	3.07009e-07	1.01681e-06	3.27495e-06	9.38479e-06	2.31063e-05	4.85007e-05	8.73504e-05	0.000139013	0.000206303	0.000321508	0.000579962	0.00114563	0.00216992	0.00365279	0.00547853	0.00795734	0.0128781	0.0245018	0.0475606	0.0827166	0.121199	0.146985	0.14769	0.124569	0.0911187	0.0616809	0.0418556	0.0293548	0.0198727	0.0122963	0.00688198	0.00360411	0.00183503	0.000906124	0.000415755	0.000169258	5.94837e-05	1.79925e-05	4.69414e-06	1.09708e-06	2.44002e-07	5.49624e-08	1.26425e-08	2.8049e-09	5.60182e-10	9.64036e-11	1.40869e-11	1.77055e-12	
N49	2.06126e-11	2.41816e-12	3.06537e-12	4.0231e-12	4.82673e-12	5.12648e-12	4.82829e-12	4.13562e-12	3.4198e-12	3.11519e-12	3.94758e-12	8.21781e-12	2.56407e-11	9.09629e-11	3.08199e-10	9.37899e-10	2.50042e-09	5.83955e-09	1.22181e-08	2.4478e-08	5.40354e-08	1.44611e-07	4.34666e-07	1.25921e-06	3.2149e-06	7.00526e-06	1.29567e-05	2.05301e-05	2.86903e-05	3.80415e-05	5.54499e-05	9.81661e-05	0.000197297	0.000392895	0.000728266	0.00127664	0.00229525	0.00469112	0.0109131	0.025597	0.05447	0.0966847	0.139818	0.163711	0.156569	0.125346	0.0876865	0.0564691	0.0345305	0.0198218	0.0104127	0.00487582	0.0020572	0.000792153	0.000278303	8.76532e-05	2.41762e-05	5.74049e-06	1.16681e-06	2.04458e-07	3.16448e-08	4.43519e-09	5.86769e-10	7.46232e-11	9.00456e-12	1.00196e-12	1.01234e-13	9.47103e-15	8.677e-16	8.07949e-17	7.26237e-18	
N50	2.65534e-12	2.71736e-13	2.99713e-13	3.31709e-13	3.46539e-13	3.52239e-13	3.81919e-13	5.05146e-13	8.86827e-13	2.05844e-12	5.98489e-12	1.94277e-11	6.24951e-11	1.85031e-10	4.86729e-10	1.14415e-09	2.42961e-09	4.80526e-09	9.40544e-09	1.98418e-08	4.74924e-08	1.19817e-07	2.88838e-07	6.25216e-07	1.19099e-06	2.00972e-06	3.07845e-06	4.47364e-06	6.64886e-06	1.11822e-05	2.2774e-05	5.26674e-05	0.000126887	0.000305271	0.000741901	0.00188463	0.00502195	0.0132891	0.0322238	0.0670029	0.116008	0.160706	0.177844	0.15869	0.116919	0.073643	0.0409771	0.0204102	0.00901516	0.00347477	0.00116591	0.000337732	8.51703e-05	1.8686e-05	3.54784e-06	5.80506e-07	8.21224e-08	1.01902e-08	1.13673e-09	1.17187e-10	1.14247e-11	1.0544e-12	9.33085e-14	8.03936e-15	6.89741e-16	6.0284e-17	5.4949e-18	5.31789e-19	5.29931e-20	4.91348e-21	3.77031e-22	
N51	1.76112e-12	1.61785e-13	1.62476e-13	1.6806e-13	1.75373e-13	2.01139e-13	2.85384e-13	5.25498e-13	1.20883e-12	3.28859e-12	9.86596e-12	2.997e-11	8.6341e-11	2.27781e-10	5.41276e-10	1.1784e-09	2.40151e-09	4.78812e-09	9.91545e-09	2.21655e-08	5.26395e-08	1.22688e-07	2.64993e-07	5.1511e-07	8.98782e-07	1.43308e-06	2.16783e-06	3.30626e-06	5.4991e-06	1.05566e-05	2.33922e-05	5.61821e-05	0.000141118	0.000367492	0.000996345	0.00278495	0.00771814	0.0199861	0.0455763	0.0874221	0.138235	0.174293	0.175725	0.143429	0.0971879	0.0564566	0.0288432	0.0130471	0.00517945	0.00178701	0.000538116	0.00014029	3.22027e-05	6.67966e-06	1.33137e-06	2.81764e-07	6.70076e-08	1.68129e-08	4.0096e-09	8.52986e-10	1.59111e-10	2.5946e-11	3.84922e-12	5.55309e-13	8.39309e-14	1.35834e-14	2.2448e-15	3.63296e-16	6.25666e-17	1.44859e-17	4.07606e-18	
N52	1.44568e-08	1.35968e-08	2.53561e-08	4.57967e-08	8.21799e-08	1.54753e-07	3.21313e-07	7.35121e-07	1.76238e-06	4.15306e-06	9.11944e-06	1.79698e-05	3.11481e-05	4.75133e-05	6.53198e-05	8.77847e-05	0.000127017	0.000209601	0.000383508	0.000718878	0.00128313	0.00205656	0.00306495	0.00491005	0.00941455	0.0192103	0.0361908	0.0608869	0.0926427	0.126944	0.153405	0.156248	0.1323	0.0929339	0.0548336	0.0279706	0.012953	0.00580945	0.00267131	0.00128434	0.000637563	0.000313086	0.000150862	7.357e-05	3.93927e-05	2.46372e-05	1.70564e-05	1.16345e-05	7.20124e-06	3.90535e-06	1.85481e-06	7.69494e-07	2.84692e-07	9.57704e-08	2.97596e-08	8.6022e-09	2.30715e-09	5.69524e-10	1.28323e-10	2.62571e-11	4.89305e-12	8.26685e-13	1.27958e-13	1.82997e-14	2.43839e-15	3.04605e-16	3.57701e-17	3.94657e-18	4.08296e-19	3.95683e-20	3.60658e-21	
N53	8.58391e-06	9.82349e-06	1.30502e-05	8.58695e-06	3.21561e-06	7.57867e-07	1.20647e-07	1.50172e-08	2.27191e-08	5.93236e-07	0.000108569	0.000414173	0.000475509	0.000247325	7.05951e-05	1.25106e-05	1.48329e-06	1.35863e-07	1.48004e-06	0.000917531	0.130666	0.377436	0.328397	0.129255	0.0278803	0.00369882	0.000327292	2.23623e-05	1.63955e-05	6.30629e-06	1.20609e-06	1.48216e-07	1.34648e-08	9.64014e-10	5.58467e-11	2.64194e-12	1.04355e-13	2.3662e-14	9.82156e-14	2.28312e-14	2.47053e-15	1.61832e-16	7.24224e-18	2.36588e-19	5.89224e-21	1.15422e-22	1.82122e-24	2.35911e-26	2.54827e-28	2.32653e-30	1.81972e-32	1.22653e-34	7.25504e-37	3.82657e-39	1.83491e-41	8.18454e-44	3.47828e-46	1.4364e-48	5.81503e-51	2.29645e-53	8.72086e-56	3.11303e-58	1.03214e-60	3.14426e-63	8.7545e-66	2.22722e-68	5.19658e-71	1.11885e-73	2.23751e-76	4.17653e-79	7.29826e-82	
Schoenoplectus_pungens	0	0	0	0	0	0	0	0	0	0	0	0	0	0	0	0	0	0	0	0	0	0	0	0	0	0	0	0	0	0	0	0	0	0	0	0	0	0	1	0	0	0	0	0	0	0	0	0	0	0	0	0	0	0	0	0	0	0	0	0	0	0	0	0	0	0	0	0	0	0	0	
N54	2.29367e-07	1.43622e-07	1.00734e-07	3.10363e-08	4.90281e-09	5.10247e-10	6.61412e-11	1.96964e-11	3.31614e-10	1.77393e-08	3.01082e-06	6.92252e-06	4.2004e-06	1.01143e-06	1.1845e-07	8.17946e-09	5.97097e-10	3.34522e-09	2.79454e-06	0.0018229	0.258336	0.470941	0.223343	0.0416032	0.00373666	0.000188826	7.92843e-06	6.93623e-07	7.38446e-08	4.55809e-09	1.67032e-10	4.02639e-12	6.9742e-14	9.57165e-16	1.6231e-17	6.93757e-19	3.75216e-20	1.48682e-21	3.8183e-23	6.05082e-25	6.13447e-27	4.16635e-29	1.98984e-31	6.93385e-34	1.81595e-36	3.6624e-39	5.81051e-42	7.47298e-45	8.81445e-48	1.45751e-50	3.97033e-53	1.07383e-55	2.27404e-58	3.67196e-61	4.60429e-64	4.71575e-67	5.48718e-70	1.67969e-72	7.74977e-75	2.63416e-77	6.12118e-80	1.00398e-82	1.21434e-85	1.12027e-88	8.11564e-92	4.87717e-95	3.51353e-98	7.55503e-101	2.6568e-103	8.12596e-106	1.98013e-108	
Schoenoplectus_acutus_var_acutus	0	0	0	0	0	0	0	0	0	0	0	0	0	0	0	0	0	0	1	0	0	0	0	0	0	0	0	0	0	0	0	0	0	0	0	0	0	0	0	0	0	0	0	0	0	0	0	0	0	0	0	0	0	0	0	0	0	0	0	0	0	0	0	0	0	0	0	0	0	0	0	
N55	1.92544e-08	3.98706e-09	1.20818e-09	1.66018e-10	1.50391e-11	3.6831e-12	1.57353e-12	3.07646e-12	2.13405e-10	1.20004e-09	1.41956e-07	1.731e-07	5.28889e-08	6.86255e-09	1.73311e-09	1.16917e-09	9.09325e-10	8.83328e-08	1.12161e-05	0.00353992	0.438042	0.441194	0.107436	0.00940388	0.000364384	7.60584e-06	1.61962e-07	1.05403e-08	1.06546e-09	7.83813e-11	3.18781e-12	6.77923e-14	7.88756e-16	5.3327e-18	2.34186e-20	2.02328e-22	1.11044e-23	5.84223e-25	1.99529e-26	4.03072e-28	4.55326e-30	2.86974e-32	1.05943e-34	2.41968e-37	3.79732e-40	1.23349e-42	2.66591e-44	5.75625e-46	8.3797e-48	7.47038e-50	3.84395e-52	1.13656e-54	2.02281e-57	2.28432e-60	1.81474e-63	3.05032e-66	3.48208e-68	4.04826e-70	3.23095e-72	1.60614e-74	4.68177e-77	7.96333e-80	8.26936e-83	5.52273e-86	2.63093e-89	2.74369e-92	1.98929e-94	1.50877e-96	8.41625e-99	3.40236e-101	1.05622e-103	
Schoenoplectus_lacustris	0	0	0	0	0	0	0	0	0	0	0	0	0	0	0	0	0	0	0	0	1	0	0	0	0	0	0	0	0	0	0	0	0	0	0	0	0	0	0	0	0	0	0	0	0	0	0	0	0	0	0	0	0	0	0	0	0	0	0	0	0	0	0	0	0	0	0	0	0	0	0	
Schoenoplectus_heterochaetus	0	0	0	0	0	0	0	0	0	0	0	0	0	0	0	0	0	0	1	0	0	0	0	0	0	0	0	0	0	0	0	0	0	0	0	0	0	0	0	0	0	0	0	0	0	0	0	0	0	0	0	0	0	0	0	0	0	0	0	0	0	0	0	0	0	0	0	0	0	0	0	
Actinoscirpus_grossus	0	0	0	0	0	0	0	0	0	0	0	0	0	0	0	0	0	0	0	0	0	0	0	0	0	0	0	0	0	0	0	0	0	0	0	0	0	0	0	0	1	0	0	0	0	0	0	0	0	0	0	0	0	0	0	0	0	0	0	0	0	0	0	0	0	0	0	0	0	0	0	
N56	9.05537e-14	3.95722e-14	8.72404e-14	1.93254e-13	4.37282e-13	1.05039e-12	2.7132e-12	7.31563e-12	1.9489e-11	4.86868e-11	1.10478e-10	2.25263e-10	4.17935e-10	7.31048e-10	1.2636e-09	2.29709e-09	4.49032e-09	9.25782e-09	1.92248e-08	3.85205e-08	7.34925e-08	1.3276e-07	2.34562e-07	4.27123e-07	8.57737e-07	2.021e-06	5.68259e-06	1.81464e-05	6.05678e-05	0.000197455	0.000613946	0.00177618	0.00477807	0.0118933	0.0270702	0.0551425	0.097647	0.14577	0.178628	0.176312	0.13989	0.088045	0.0446146	0.018524	0.00644134	0.00191966	0.000501321	0.000116967	2.47318e-05	4.79128e-06	8.68974e-07	1.51155e-07	2.61936e-08	4.50778e-09	7.37855e-10	1.09222e-10	1.413e-11	1.57303e-12	1.50679e-13	1.26123e-14	9.57507e-16	6.9167e-17	5.04556e-18	3.7847e-19	2.83876e-20	2.03688e-21	1.34656e-22	7.9723e-24	4.13931e-25	1.86629e-26	7.38935e-28	
N57	4.41704e-13	5.78416e-13	1.28288e-12	2.72693e-12	5.63056e-12	1.15786e-11	2.42155e-11	5.15682e-11	1.0977e-10	2.28069e-10	4.55136e-10	8.66109e-10	1.57528e-09	2.77321e-09	4.8142e-09	8.6382e-09	1.65846e-08	3.45511e-08	7.67105e-08	1.74898e-07	3.99343e-07	9.00524e-07	2.12665e-06	5.84817e-06	1.91852e-05	6.70238e-05	0.000222692	0.000673719	0.00186148	0.00477184	0.0114937	0.0252021	0.0491701	0.0839943	0.124708	0.15934	0.171795	0.152445	0.109005	0.0620862	0.0283617	0.0103957	0.00318649	0.000872034	0.000232482	6.36337e-05	1.73606e-05	4.43643e-06	1.0356e-06	2.27845e-07	5.05513e-08	1.15853e-08	2.64955e-09	5.64773e-10	1.06767e-10	1.74637e-11	2.45403e-12	2.98696e-13	3.24263e-14	3.32822e-15	3.48884e-16	3.84684e-17	4.32461e-18	4.65885e-19	4.63861e-20	4.27114e-21	3.7325e-22	3.16409e-23	2.56035e-24	1.88026e-25	1.20066e-26	
N58	2.59224e-12	2.85478e-12	5.35233e-12	9.70062e-12	1.83614e-11	3.86461e-11	8.8645e-11	2.06101e-10	4.58093e-10	9.44315e-10	1.78528e-09	3.09841e-09	5.03446e-09	8.08129e-09	1.401e-08	2.88146e-08	6.90398e-08	1.75684e-07	4.36974e-07	1.01629e-06	2.25145e-06	5.30627e-06	1.62603e-05	6.24422e-05	0.000240339	0.000827055	0.00249874	0.00665125	0.0155264	0.0313877	0.0549885	0.0834548	0.113028	0.139461	0.154709	0.14792	0.11672	0.0739125	0.0371328	0.0148407	0.00483661	0.00132314	0.000333577	8.64741e-05	2.40486e-05	6.73917e-06	1.75732e-06	4.12992e-07	9.00158e-08	2.00111e-08	5.0811e-09	1.44928e-09	4.14626e-10	1.0751e-10	2.40157e-11	4.52646e-12	7.17007e-13	9.69304e-14	1.17942e-14	1.44564e-15	2.013e-16	3.10952e-17	4.73541e-18	6.47297e-19	7.64458e-20	7.81854e-21	7.32485e-22	7.21347e-23	8.34982e-24	1.01511e-24	1.05927e-25	
Scirpus_ficinioides	0	0	0	0	0	0	0	0	0	0	0	0	0	0	0	0	0	0	0	0	0	0	0	0	0	1	0	0	0	0	0	0	0	0	0	0	0	0	0	0	0	0	0	0	0	0	0	0	0	0	0	0	0	0	0	0	0	0	0	0	0	0	0	0	0	0	0	0	0	0	0	
N59	2.12302e-11	2.10426e-11	4.48923e-11	9.42997e-11	1.82391e-10	3.15274e-10	4.9535e-10	7.53856e-10	1.2473e-09	2.59017e-09	7.12636e-09	2.33769e-08	7.63325e-08	2.14244e-07	4.80915e-07	8.84793e-07	1.49141e-06	3.12134e-06	1.24073e-05	8.82528e-05	0.000667485	0.00383456	0.0154849	0.0439854	0.0900441	0.137616	0.164293	0.161534	0.137347	0.103781	0.0699086	0.0405323	0.0196331	0.00776767	0.00252286	0.000702772	0.000179908	4.45923e-05	1.09036e-05	2.65791e-06	6.54315e-07	1.58221e-07	3.59164e-08	7.21349e-09	1.23874e-09	1.82199e-10	2.37715e-11	2.89783e-12	3.40218e-13	3.77449e-14	3.78358e-15	3.27041e-16	2.39209e-17	1.47124e-18	7.67241e-20	3.48409e-21	1.44741e-22	5.84635e-24	2.37396e-25	9.48935e-27	3.56402e-28	1.20687e-29	3.65211e-31	9.96758e-33	2.51334e-34	6.00423e-36	1.36817e-37	2.91835e-39	5.65699e-41	9.75492e-43	1.49032e-44	
N60	1.01304e-10	9.61241e-11	1.79198e-10	3.15421e-10	5.45005e-10	1.01327e-09	2.14596e-09	4.93427e-09	1.17239e-08	3.08069e-08	9.28408e-08	2.81067e-07	7.69787e-07	1.89731e-06	4.28831e-06	9.40256e-06	2.41531e-05	0.000106224	0.000695376	0.00402922	0.0169153	0.0490077	0.0995783	0.146232	0.163035	0.149686	0.12495	0.0990533	0.0710712	0.0429146	0.0209418	0.00802348	0.00252048	0.000761073	0.000268152	0.000104898	4.07202e-05	1.56856e-05	5.88755e-06	2.03653e-06	6.40945e-07	1.87739e-07	5.35376e-08	1.47072e-08	3.68169e-09	7.98298e-10	1.4645e-10	2.27112e-11	3.01885e-12	3.53236e-13	3.81003e-14	3.98592e-15	4.24936e-16	4.55974e-17	4.64857e-18	4.27011e-19	3.44273e-20	2.42702e-21	1.51281e-22	8.54145e-24	4.56036e-25	2.42063e-26	1.34029e-27	7.64639e-29	4.25935e-30	2.23031e-31	1.11383e-32	5.67225e-34	3.0875e-35	1.67566e-36	7.91439e-38	
Isolepis_crassiuscula	0	0	0	0	0	0	0	0	0	0	0	0	0	0	0	0	0	0	0	0	0	0	0	0	0	0	0	0	0	0	0	1	0	0	0	0	0	0	0	0	0	0	0	0	0	0	0	0	0	0	0	0	0	0	0	0	0	0	0	0	0	0	0	0	0	0	0	0	0	0	0	
N61	1.83325e-10	1.64475e-10	1.75315e-10	1.4185e-10	5.14194e-10	9.52799e-09	1.00611e-07	5.08586e-07	1.42063e-06	2.4439e-06	2.78626e-06	2.21335e-06	1.27664e-06	1.06942e-06	0.000305373	0.00807632	0.0556792	0.163717	0.257776	0.248115	0.160326	0.0732488	0.0248137	0.00641268	0.00128684	0.00020318	2.56408e-05	2.65259e-06	2.3426e-07	1.86198e-08	1.39638e-09	9.93478e-11	6.61572e-12	4.02438e-13	2.20316e-14	1.0795e-15	4.73142e-17	1.85683e-18	6.52598e-20	2.05091e-21	5.75917e-23	1.43643e-24	3.2175e-26	6.57623e-28	1.25793e-29	2.3191e-31	4.21588e-33	7.61537e-35	1.35788e-36	2.36013e-38	3.95855e-40	6.33044e-42	9.65376e-44	1.39989e-45	1.92581e-47	2.51172e-49	3.11258e-51	3.68296e-53	4.18607e-55	4.5982e-57	4.91779e-59	5.13592e-61	5.2901e-63	5.37139e-65	5.32106e-67	5.05042e-69	4.50117e-71	3.70663e-73	2.79751e-75	1.93839e-77	1.24664e-79	
Ficinia_spiralis	0	0	0	0	0	0	0	0	0	0	0	0	0	0	1	0	0	0	0	0	0	0	0	0	0	0	0	0	0	0	0	0	0	0	0	0	0	0	0	0	0	0	0	0	0	0	0	0	0	0	0	0	0	0	0	0	0	0	0	0	0	0	0	0	0	0	0	0	0	0	0	
Ficinia_nodosa	0	0	0	0	0	0	0	0	0	0	0	0	0	0	1	0	0	0	0	0	0	0	0	0	0	0	0	0	0	0	0	0	0	0	0	0	0	0	0	0	0	0	0	0	0	0	0	0	0	0	0	0	0	0	0	0	0	0	0	0	0	0	0	0	0	0	0	0	0	0	0	
N62	3.3237e-10	3.07459e-10	5.34328e-10	8.49081e-10	1.35502e-09	2.72079e-09	8.25031e-09	3.44569e-08	1.53127e-07	6.07942e-07	2.02147e-06	5.48906e-06	1.20304e-05	2.24752e-05	4.87743e-05	0.000183854	0.000965191	0.00487696	0.0191894	0.0544211	0.111347	0.165042	0.182031	0.154688	0.108678	0.0723184	0.0513081	0.0364194	0.0222397	0.0106955	0.0039657	0.00112596	0.000266414	7.30426e-05	3.33344e-05	1.96549e-05	1.12104e-05	5.56359e-06	2.3262e-06	8.32535e-07	2.69076e-07	8.1227e-08	2.29881e-08	5.8735e-09	1.30648e-09	2.48503e-10	4.03034e-11	5.61558e-12	6.85476e-13	7.61181e-14	8.1331e-15	8.65055e-16	9.14481e-17	9.20272e-18	8.45674e-19	6.93645e-20	5.04212e-21	3.26063e-22	1.90711e-23	1.04518e-24	5.66683e-26	3.15115e-27	1.80143e-28	1.02212e-29	5.59374e-31	2.9307e-32	1.4701e-33	6.98575e-35	3.06607e-36	1.2101e-37	4.25876e-39	
Isolepis_prolifera	0	0	0	0	0	0	0	0	0	0	0	0	0	0	0	0	0	0	0	0	0	0	0	0	0	0	0	0	0	0	0	0	1	0	0	0	0	0	0	0	0	0	0	0	0	0	0	0	0	0	0	0	0	0	0	0	0	0	0	0	0	0	0	0	0	0	0	0	0	0	0	
Isolepis_setacea	0	0	0	0	0	0	0	0	0	0	0	0	0	1	0	0	0	0	0	0	0	0	0	0	0	0	0	0	0	0	0	0	0	0	0	0	0	0	0	0	0	0	0	0	0	0	0	0	0	0	0	0	0	0	0	0	0	0	0	0	0	0	0	0	0	0	0	0	0	0	0	
Scirpoides_holoschoenus	0	0	0	0	0	0	0	0	0	0	0	0	0	0	0	0	0	0	0	0	1	0	0	0	0	0	0	0	0	0	0	0	0	0	0	0	0	0	0	0	0	0	0	0	0	0	0	0	0	0	0	0	0	0	0	0	0	0	0	0	0	0	0	0	0	0	0	0	0	0	0	
N63	4.50566e-12	4.56305e-12	9.37513e-12	2.10187e-11	4.9432e-11	1.13048e-10	2.36371e-10	4.40238e-10	7.36169e-10	1.14442e-09	1.75636e-09	2.89221e-09	5.59649e-09	1.32877e-08	3.73158e-08	1.19955e-07	4.27054e-07	1.56181e-06	5.27848e-06	1.56267e-05	4.20469e-05	0.000110113	0.000301945	0.000863259	0.00236614	0.00565766	0.0112287	0.01871	0.0284078	0.044073	0.0719555	0.111395	0.151307	0.172552	0.159583	0.116057	0.0650585	0.0279441	0.00927225	0.00243542	0.000532423	0.000102308	1.85062e-05	3.20071e-06	5.14237e-07	7.47334e-08	9.87004e-09	1.22024e-09	1.44759e-10	1.63558e-11	1.70521e-12	1.57363e-13	1.26208e-14	8.73351e-16	5.24531e-17	2.78954e-18	1.36184e-19	6.38991e-21	2.97784e-22	1.37411e-23	6.09765e-25	2.50884e-26	9.44553e-28	3.24542e-29	1.02254e-30	2.97e-32	7.96318e-34	1.96546e-35	4.44832e-37	9.21131e-39	1.747e-40	
N64	1.38516e-10	1.7938e-10	4.65841e-10	1.24156e-09	3.29618e-09	8.65232e-09	2.27297e-08	6.17528e-08	1.80535e-07	5.60303e-07	1.69431e-06	4.55843e-06	1.03995e-05	2.00384e-05	3.36661e-05	5.37174e-05	8.74226e-05	0.000148192	0.000260112	0.000465661	0.000809343	0.0012762	0.00193311	0.00327623	0.00623953	0.0123139	0.0266398	0.060168	0.116852	0.174447	0.197627	0.169218	0.113366	0.062206	0.0298173	0.0133167	0.00570234	0.0023202	0.000889612	0.000325045	0.000115	3.86023e-05	1.19572e-05	3.30957e-06	8.02418e-07	1.6947e-07	3.14272e-08	5.23082e-09	8.09714e-10	1.21412e-10	1.81307e-11	2.65637e-12	3.71139e-13	4.77873e-14	5.5466e-15	5.75947e-16	5.38398e-17	4.62618e-18	3.78575e-19	3.0779e-20	2.56243e-21	2.16246e-22	1.8056e-23	1.44842e-24	1.09589e-25	7.74885e-27	5.08944e-28	3.08621e-29	1.72042e-30	8.83036e-32	4.21614e-33	
Cyperus_fuscus	0	0	0	0	0	0	0	0	0	0	0	0	0	0	0	0	0	0	0	0	0	0	0	1	0	0	0	0	0	0	0	0	0	0	0	0	0	0	0	0	0	0	0	0	0	0	0	0	0	0	0	0	0	0	0	0	0	0	0	0	0	0	0	0	0	0	0	0	0	0	0	
Cyperus_eragrostis	0	0	0	0	0	0	0	0	0	0	0	0	0	0	0	0	0	0	0	0	1	0	0	0	0	0	0	0	0	0	0	0	0	0	0	0	0	0	0	0	0	0	0	0	0	0	0	0	0	0	0	0	0	0	0	0	0	0	0	0	0	0	0	0	0	0	0	0	0	0	0	
N65	1.41804e-11	1.44189e-11	2.7043e-11	4.75074e-11	7.93791e-11	1.33843e-10	2.49746e-10	5.34775e-10	1.23541e-09	2.851e-09	6.29603e-09	1.32527e-08	2.83077e-08	7.28036e-08	2.63742e-07	1.19023e-06	5.09323e-06	1.81839e-05	5.44554e-05	0.00014899	0.000417703	0.00121364	0.00339486	0.00845321	0.018168	0.0338322	0.055215	0.0792808	0.100923	0.118025	0.133724	0.142608	0.130663	0.0942256	0.0511334	0.0206061	0.00619029	0.00140727	0.000248943	3.59726e-05	4.60925e-06	5.7053e-07	7.31755e-08	9.48283e-09	1.15155e-09	1.23445e-10	1.15369e-11	1.00073e-12	9.41664e-14	1.07298e-14	1.33267e-15	1.52528e-16	1.48448e-17	1.19302e-18	7.86253e-20	4.27972e-21	1.98562e-22	8.58907e-24	4.10555e-25	2.41159e-26	1.55785e-27	9.40544e-29	4.91773e-30	2.16786e-31	8.05388e-33	2.61176e-34	8.38187e-36	3.33505e-37	1.68634e-38	8.41205e-40	3.41043e-41	
N66	9.50471e-11	7.9015e-11	1.3201e-10	2.73431e-10	8.33577e-10	2.82783e-09	8.06406e-09	1.80237e-08	3.40439e-08	6.50804e-08	1.53861e-07	5.87627e-07	3.88397e-06	2.93221e-05	0.000192704	0.000976258	0.00352127	0.00904452	0.0179858	0.0318668	0.0535001	0.0762874	0.0860347	0.0793673	0.0665202	0.0588007	0.0614988	0.0795419	0.110791	0.121258	0.0875953	0.039913	0.0121193	0.00264668	0.000439146	5.76618e-05	6.677e-06	8.04015e-07	1.01339e-07	1.16818e-08	1.14643e-09	9.71511e-11	7.96148e-12	7.36173e-13	8.08749e-14	9.24126e-15	9.23976e-16	7.32912e-17	4.45986e-18	2.08098e-19	7.60561e-21	2.26054e-22	5.98313e-24	1.60632e-25	4.75553e-27	1.46579e-28	4.20387e-30	1.04626e-31	2.20636e-33	3.9569e-35	6.17687e-37	8.70399e-39	1.20479e-40	1.85146e-42	3.35336e-44	6.4959e-46	1.17499e-47	1.8306e-49	2.36508e-51	2.49821e-53	2.18398e-55	
N67	8.51207e-11	7.75773e-11	1.93647e-10	5.31503e-10	1.39168e-09	3.42004e-09	8.66802e-09	2.54218e-08	9.64464e-08	4.70909e-07	2.50337e-06	1.23624e-05	5.38084e-05	0.000208984	0.000694587	0.0018952	0.00435187	0.00882746	0.0154698	0.0227144	0.0281642	0.0289238	0.025568	0.0227141	0.0259072	0.0375	0.0550928	0.0840104	0.122113	0.133279	0.109167	0.0798123	0.0601473	0.0454475	0.0318354	0.0204013	0.0135458	0.00985193	0.00654764	0.00339195	0.00141271	0.000571618	0.000241503	8.81436e-05	2.49936e-05	5.94904e-06	1.4562e-06	4.02073e-07	1.05695e-07	2.22478e-08	3.51679e-09	4.10308e-10	3.59176e-11	2.43199e-12	1.3509e-13	6.96791e-15	4.0929e-16	2.97374e-17	2.23115e-18	1.43979e-19	7.42485e-21	2.99013e-22	9.50309e-24	2.44508e-25	5.38123e-27	1.14729e-28	2.97047e-30	1.08109e-31	4.96317e-33	2.41028e-34	1.01096e-35	
N68	3.22493e-10	5.15465e-10	1.72288e-09	6.76226e-09	2.87083e-08	1.15735e-07	4.07099e-07	1.2826e-06	4.12743e-06	1.40879e-05	4.47179e-05	0.000127297	0.000371802	0.00114449	0.00312247	0.00676442	0.0112449	0.0149048	0.0177718	0.0206744	0.021767	0.0200987	0.0199784	0.0249164	0.0340863	0.0423301	0.0566989	0.0964213	0.136233	0.130622	0.0952793	0.0639657	0.0474892	0.038521	0.0302443	0.0229041	0.0165696	0.0103716	0.00525373	0.00239823	0.00160063	0.00157795	0.00143001	0.00115423	0.000877098	0.000567212	0.000286597	0.000114193	3.78008e-05	1.06555e-05	2.50008e-06	4.73808e-07	7.74295e-08	1.26225e-08	2.18002e-09	3.57884e-10	5.07958e-11	6.21026e-12	6.80662e-13	6.78598e-14	5.95676e-15	4.44652e-16	2.99655e-17	2.09967e-18	1.62e-19	1.237e-20	8.66713e-22	5.9549e-23	4.68723e-24	4.22087e-25	3.46559e-26	
N69	2.83618e-08	2.39547e-09	1.51182e-10	4.98454e-12	9.98911e-14	1.33214e-15	1.93897e-16	1.88765e-13	6.32973e-08	1.77548e-05	3.87102e-06	2.72507e-07	9.31137e-09	1.86135e-10	2.43506e-12	2.26743e-14	1.96034e-15	1.37298e-12	3.91335e-07	9.68042e-05	1.88277e-05	1.16771e-06	3.43061e-08	5.67459e-10	5.83823e-12	3.99796e-14	2.36914e-15	1.062e-12	1.84154e-07	2.72714e-05	3.26812e-06	1.33971e-07	2.87649e-09	3.86984e-11	3.58402e-13	3.22375e-15	8.25727e-14	1.46972e-08	0.0037976	0.834269	0.152254	0.00923141	0.000273465	4.68701e-06	5.15601e-08	3.93929e-10	2.24045e-12	1.01021e-14	3.79086e-17	1.21201e-19	3.3004e-22	7.53165e-25	1.4327e-27	2.26894e-30	3.01825e-33	3.43975e-36	3.46241e-39	3.1932e-42	2.77842e-45	2.29716e-48	1.77742e-51	1.25201e-54	7.90131e-58	4.4191e-61	2.18334e-64	9.55353e-68	3.72707e-71	1.30869e-74	4.17587e-78	1.21826e-81	3.24947e-85	
Cyperus_houghtonii	0	0	0	0	0	0	0	0	0	0	0	0	0	0	0	0	0	0	0	0	0	0	0	0	0	0	0	0	0	0	0	0	0	0	0	0	0	0	1	0	0	0	0	0	0	0	0	0	0	0	0	0	0	0	0	0	0	0	0	0	0	0	0	0	0	0	0	0	0	0	0	
Cyperus_schweinitzii	0	0	0	0	0	0	0	0	0	0	0	0	0	0	0	0	0	0	0	0	0	0	0	0	0	0	0	0	0	0	0	0	0	0	0	0	0	0	0	1	0	0	0	0	0	0	0	0	0	0	0	0	0	0	0	0	0	0	0	0	0	0	0	0	0	0	0	0	0	0	0	
Lipocarpha_micrantha	0	0	0	0	0	0	0	0	0	0	0	0	0	0	0	0	0	0	0	0	0	0	0	0	0	1	0	0	0	0	0	0	0	0	0	0	0	0	0	0	0	0	0	0	0	0	0	0	0	0	0	0	0	0	0	0	0	0	0	0	0	0	0	0	0	0	0	0	0	0	0	
Lipocarpha_microcephala	0	0	0	0	0	0	0	0	0	0	0	0	0	0	0	0	0	0	0	0	0	0	1	0	0	0	0	0	0	0	0	0	0	0	0	0	0	0	0	0	0	0	0	0	0	0	0	0	0	0	0	0	0	0	0	0	0	0	0	0	0	0	0	0	0	0	0	0	0	0	0	
N70	1.07365e-10	1.22253e-10	3.44133e-10	1.19225e-09	4.32524e-09	1.40463e-08	3.72447e-08	7.68022e-08	1.43599e-07	5.69632e-07	3.91318e-06	2.96151e-05	0.000211838	0.00122574	0.00567512	0.0195569	0.0484045	0.0859313	0.110497	0.105878	0.0805639	0.0597003	0.0563441	0.069951	0.0926274	0.104261	0.0862087	0.0488511	0.0184706	0.00466187	0.000809713	0.000115	1.7391e-05	2.99218e-06	5.09808e-07	7.64153e-08	1.01066e-08	1.25209e-09	1.48226e-10	1.62673e-11	1.54523e-12	1.36198e-13	1.38206e-14	1.78108e-15	3.03715e-16	7.51075e-17	2.13412e-17	4.98982e-18	8.36496e-19	1.02634e-19	1.19113e-20	1.8579e-21	3.46245e-22	6.34479e-23	1.17917e-23	2.66467e-24	6.30959e-25	1.18148e-25	1.56377e-26	1.49841e-27	1.30943e-28	1.35314e-29	1.29397e-30	9.51905e-32	6.54578e-33	5.77776e-34	5.78155e-35	4.97129e-36	3.28973e-37	1.60976e-38	5.67506e-40	
N71	2.33238e-09	3.59717e-09	7.25945e-09	1.11368e-08	1.28253e-08	2.14648e-08	7.48408e-07	6.5616e-06	0.000703439	0.00946258	0.0473861	0.122978	0.196671	0.218115	0.181673	0.120133	0.0637852	0.0270371	0.00906686	0.00239226	0.000496895	8.0781e-05	1.02966e-05	1.0279e-06	8.02279e-08	4.889e-09	2.32985e-10	8.77316e-12	2.68927e-13	7.12547e-15	1.76634e-16	4.24924e-18	9.85374e-20	2.14597e-21	4.34464e-23	8.12022e-25	1.38145e-26	2.13418e-28	3.1565e-30	5.09633e-32	9.90651e-34	2.14116e-35	4.52031e-37	8.62386e-39	1.4459e-40	2.14376e-42	2.93889e-44	4.05534e-46	6.07871e-48	9.80974e-50	1.5853e-51	2.39478e-53	3.26303e-55	3.92729e-57	4.13282e-59	3.80238e-61	3.09518e-63	2.28182e-65	1.56516e-67	1.01751e-69	6.33097e-72	3.79659e-74	2.23372e-76	1.2767e-78	6.83416e-81	3.31778e-83	1.46358e-85	6.15724e-88	2.66279e-90	1.22372e-92	5.74221e-95	
Kyllinga_brevifolia	0	0	0	0	0	0	0	0	1	0	0	0	0	0	0	0	0	0	0	0	0	0	0	0	0	0	0	0	0	0	0	0	0	0	0	0	0	0	0	0	0	0	0	0	0	0	0	0	0	0	0	0	0	0	0	0	0	0	0	0	0	0	0	0	0	0	0	0	0	0	0	
Kyllinga_bulbosa	0	0	0	0	0	0	1	0	0	0	0	0	0	0	0	0	0	0	0	0	0	0	0	0	0	0	0	0	0	0	0	0	0	0	0	0	0	0	0	0	0	0	0	0	0	0	0	0	0	0	0	0	0	0	0	0	0	0	0	0	0	0	0	0	0	0	0	0	0	0	0	
N72	2.0392e-10	2.69561e-10	7.55999e-10	2.35767e-09	7.41935e-09	2.30147e-08	7.97981e-08	3.20719e-07	1.20461e-06	3.7261e-06	1.21828e-05	6.1148e-05	0.000389443	0.00234251	0.0110291	0.0338364	0.0697804	0.0999381	0.102674	0.0792338	0.0477987	0.0319422	0.0337202	0.0523409	0.0784703	0.0866715	0.064173	0.0311568	0.00999028	0.00222831	0.000403592	0.000117502	9.30016e-05	0.000140983	0.00022829	0.000305939	0.000338457	0.00032981	0.00028276	0.000204375	0.000121142	8.1067e-05	8.68632e-05	0.000139902	0.000228569	0.000306662	0.000339304	0.00033066	0.000284562	0.000235503	0.000291918	0.000621854	0.00153834	0.00362902	0.00680498	0.00957953	0.0107884	0.0105874	0.00913403	0.00741826	0.0084758	0.0143917	0.020595	0.0210567	0.0155249	0.00876143	0.00420278	0.00195222	0.00103119	0.000713911	0.00050656	
Cyperus_papyrus	0	0	0	0	0	0	0	0	0	0	0	0	0	0	0	0	0	0	0	0	0	0	0	0	0	0	0	0	0	0	0	0	0	0	0	0	0	0	0	0	0	0	0	0	0	0	0	0	0	1	0	0	0	0	0	0	0	0	0	0	0	0	0	0	0	0	0	0	0	0	0	
Cyperus_longus	0	0	0	0	0	0	0	0	0	0	0	0	0	0	0	0	0	0	0	0	0	0	0	0	0	0	0	0	0	0	0	0	0	0	0	0	0	0	0	0	0	0	0	0	0	0	0	0	0	0	0	0	0	0	0	0	0	0	0	1	0	0	0	0	0	0	0	0	0	0	0	
N73	1.40143e-13	6.42538e-15	3.06991e-16	5.54253e-17	6.23132e-12	4.83511e-07	6.15489e-07	1.90985e-07	2.56396e-08	1.88484e-09	8.63672e-11	2.67656e-12	6.3041e-14	3.14617e-11	7.54408e-06	0.448645	0.436934	0.103322	0.0104935	0.000577145	1.9513e-05	4.35898e-07	6.81406e-09	7.75195e-11	6.6221e-13	4.36884e-15	2.29239e-17	9.91088e-20	3.68931e-22	1.24024e-24	3.90336e-27	1.15429e-29	3.18915e-32	8.11817e-35	1.89348e-37	4.05278e-40	7.98205e-43	1.4466e-45	2.40465e-48	3.65079e-51	5.05093e-54	6.34223e-57	7.29583e-60	7.75281e-63	7.68912e-66	7.18401e-69	6.35542e-72	5.32244e-75	4.20128e-78	3.10899e-81	2.15011e-84	1.38383e-87	8.3669e-91	4.79171e-94	2.62388e-97	1.38302e-100	7.0229e-104	3.41802e-107	1.58057e-110	6.88321e-114	2.80524e-117	1.06237e-120	3.75495e-124	1.24301e-127	3.87405e-131	1.14283e-134	3.20218e-138	8.52866e-142	2.15495e-145	5.14876e-149	1.16065e-152	
Cyperus_involucratus	0	0	0	0	0	0	0	0	0	0	0	0	0	0	0	1	0	0	0	0	0	0	0	0	0	0	0	0	0	0	0	0	0	0	0	0	0	0	0	0	0	0	0	0	0	0	0	0	0	0	0	0	0	0	0	0	0	0	0	0	0	0	0	0	0	0	0	0	0	0	0	
Cyperus_alternifolius	0	0	0	0	0	0	0	0	0	0	0	0	0	0	0	1	0	0	0	0	0	0	0	0	0	0	0	0	0	0	0	0	0	0	0	0	0	0	0	0	0	0	0	0	0	0	0	0	0	0	0	0	0	0	0	0	0	0	0	0	0	0	0	0	0	0	0	0	0	0	0	
N74	1.21323e-08	7.36107e-09	1.17974e-08	3.11919e-08	1.01716e-07	2.95942e-07	7.04514e-07	1.35052e-06	2.10152e-06	2.72564e-06	3.09243e-06	3.53952e-06	6.07313e-06	2.09164e-05	9.73933e-05	0.00039322	0.00125728	0.00347535	0.00845201	0.0166261	0.0251502	0.0336935	0.0613164	0.127567	0.199974	0.215508	0.163276	0.0901027	0.0373645	0.0119499	0.00302543	0.000612687	0.000101594	1.40598e-05	1.65732e-06	1.70103e-07	1.55561e-08	1.29561e-09	1.00018e-10	7.23596e-12	4.93732e-13	3.15398e-14	1.88706e-15	1.05164e-16	5.4286e-18	2.58467e-19	1.13294e-20	4.57685e-22	1.71075e-23	5.9518e-25	1.94252e-26	5.94479e-28	1.71626e-29	4.66861e-31	1.19241e-32	2.84785e-34	6.34003e-36	1.31406e-37	2.53809e-39	4.58187e-41	7.77202e-43	1.2378e-44	1.86572e-46	2.6679e-48	3.62178e-50	4.66534e-52	5.69759e-54	6.59483e-56	7.23885e-58	7.54471e-60	7.48585e-62	
Schoenoplectus_hallii	0	0	0	0	0	0	0	0	0	0	1	0	0	0	0	0	0	0	0	0	0	0	0	0	0	0	0	0	0	0	0	0	0	0	0	0	0	0	0	0	0	0	0	0	0	0	0	0	0	0	0	0	0	0	0	0	0	0	0	0	0	0	0	0	0	0	0	0	0	0	0	
N75	6.28524e-09	4.41208e-09	8.73598e-09	2.37208e-08	6.18574e-08	1.31747e-07	2.65899e-07	6.29588e-07	1.663e-06	4.19536e-06	9.09342e-06	1.61243e-05	2.68741e-05	5.67911e-05	0.000149312	0.00059064	0.00287823	0.00986253	0.0210479	0.0289068	0.0279469	0.0418545	0.117661	0.220025	0.241961	0.168917	0.0803991	0.027853	0.00757194	0.00177196	0.000388581	8.03146e-05	1.52791e-05	2.66218e-06	4.49312e-07	7.85939e-08	1.40095e-08	2.33257e-09	3.37497e-10	4.10509e-11	4.17367e-12	3.54507e-13	2.58388e-14	1.70121e-15	1.10492e-16	7.67468e-18	5.63213e-19	4.00547e-20	2.56387e-21	1.42529e-22	6.82009e-24	2.80358e-25	1.01487e-26	3.3993e-28	1.14864e-29	4.23868e-31	1.68529e-32	6.61419e-34	2.37716e-35	7.542e-37	2.09079e-38	5.05278e-40	1.09054e-41	2.21043e-43	4.61624e-45	1.09704e-46	3.03122e-48	9.22995e-50	2.8783e-51	8.36475e-53	2.0307e-54	
Schoenoplectus_articulatus	0	0	0	0	0	0	0	0	0	0	0	0	0	0	1	0	0	0	0	0	0	0	0	0	0	0	0	0	0	0	0	0	0	0	0	0	0	0	0	0	0	0	0	0	0	0	0	0	0	0	0	0	0	0	0	0	0	0	0	0	0	0	0	0	0	0	0	0	0	0	0	
N76	1.36995e-09	6.00786e-08	7.64389e-08	3.69243e-08	9.38878e-09	1.45219e-09	1.50822e-10	2.23727e-10	7.19881e-09	6.52454e-09	9.92559e-07	6.47704e-05	4.49158e-05	1.13304e-05	1.43169e-06	1.05223e-07	1.42098e-08	3.44285e-07	5.47196e-06	0.000275906	0.0295311	0.737067	0.206075	0.0248183	0.00197947	0.00011789	5.10919e-06	1.58791e-07	3.66842e-09	6.83973e-11	1.14532e-12	1.81429e-14	2.63227e-16	3.26313e-18	3.30915e-20	2.704e-22	1.78263e-24	9.62737e-27	4.4156e-29	1.84305e-31	7.66928e-34	3.30766e-36	1.41521e-38	5.55106e-41	1.896e-43	5.51752e-46	1.36207e-48	2.88227e-51	5.39751e-54	9.55074e-57	1.74353e-59	3.40512e-62	6.79311e-65	1.27648e-67	2.1419e-70	3.13512e-73	3.981e-76	4.43058e-79	4.47064e-82	4.39072e-85	4.605e-88	5.32409e-91	6.41592e-94	7.41542e-97	7.8151e-100	7.35387e-103	6.14174e-106	4.56655e-109	3.05528e-112	1.87312e-115	1.07524e-118	
N77	9.6684e-12	4.16259e-10	1.22865e-10	1.88896e-11	3.79766e-12	6.24128e-13	5.97591e-14	6.03785e-15	3.80802e-13	2.691e-11	5.15921e-09	3.99907e-07	6.7247e-08	9.01912e-09	2.13417e-09	3.38293e-10	2.99858e-11	2.8913e-10	2.95426e-08	0.00013702	0.0273481	0.91155	0.0596421	0.00130636	1.57963e-05	2.00871e-07	8.28385e-09	3.49476e-10	7.40867e-12	6.13569e-14	2.41044e-16	5.246e-19	7.54341e-22	1.09889e-24	7.51176e-27	1.1636e-28	1.35025e-30	9.95413e-33	4.08459e-35	7.42708e-38	7.14139e-41	4.17738e-44	1.75105e-47	7.98421e-51	1.81914e-53	9.93301e-56	4.27205e-58	1.22127e-60	2.02463e-63	1.54388e-66	6.44092e-70	1.68674e-73	3.25802e-77	7.03042e-81	7.77027e-84	2.10592e-86	4.59275e-89	6.79189e-92	5.9344e-95	2.42714e-98	5.52061e-102	8.005e-106	8.68639e-110	1.06834e-113	6.84819e-117	1.09128e-119	1.42438e-122	1.29986e-125	7.61509e-129	2.93595e-132	1.28341e-135	
Schoenoplectus_smithii_var_smithii	0	0	0	0	0	0	0	0	0	0	0	0	0	0	0	0	0	0	0	1	0	0	0	0	0	0	0	0	0	0	0	0	0	0	0	0	0	0	0	0	0	0	0	0	0	0	0	0	0	0	0	0	0	0	0	0	0	0	0	0	0	0	0	0	0	0	0	0	0	0	0	
Schoenoplectiella_hotarui	0	0	0	0	0	0	0	0	0	0	0	0	0	0	0	0	0	0	0	0	0	1	0	0	0	0	0	0	0	0	0	0	0	0	0	0	0	0	0	0	0	0	0	0	0	0	0	0	0	0	0	0	0	0	0	0	0	0	0	0	0	0	0	0	0	0	0	0	0	0	0	
Schoenoplectus_purshianus_var_purshianus	0	0	0	0	0	0	0	0	0	0	0	0	0	0	0	0	0	0	1	0	0	0	0	0	0	0	0	0	0	0	0	0	0	0	0	0	0	0	0	0	0	0	0	0	0	0	0	0	0	0	0	0	0	0	0	0	0	0	0	0	0	0	0	0	0	0	0	0	0	0	0	
Fuirena_ciliaris	0	0	0	0	0	0	0	0	0	0	0	0	0	0	0	0	0	0	1	0	0	0	0	0	0	0	0	0	0	0	0	0	0	0	0	0	0	0	0	0	0	0	0	0	0	0	0	0	0	0	0	0	0	0	0	0	0	0	0	0	0	0	0	0	0	0	0	0	0	0	0	
N78	5.6283e-05	9.79386e-06	2.80552e-06	5.1477e-07	6.62643e-08	4.455e-08	7.74324e-06	0.00175538	0.00492019	0.00453834	0.00205262	0.000544347	9.40248e-05	1.13201e-05	9.99602e-07	3.25625e-07	3.06682e-05	0.00517528	0.0113989	0.00823908	0.00292531	0.000605983	8.19773e-05	7.78404e-06	5.50055e-07	2.23734e-07	0.00106774	0.194614	0.384816	0.261775	0.0919906	0.0197844	0.00290759	0.000311268	2.54839e-05	7.9299e-06	0.000152328	7.02201e-05	1.48583e-05	1.92721e-06	1.73729e-07	1.15672e-08	5.99432e-10	2.49536e-11	1.31643e-12	1.11232e-11	1.26405e-10	2.87761e-11	3.12584e-12	2.1536e-13	1.06246e-14	3.97753e-16	1.18792e-17	2.91523e-19	6.01265e-21	1.06034e-22	1.62043e-24	2.16925e-26	2.56655e-28	2.7042e-30	2.55613e-32	2.16897e-34	1.66731e-36	1.16602e-38	7.44442e-41	4.35136e-43	2.33379e-45	1.1509e-47	5.22917e-50	2.19386e-52	8.52804e-55	
Bolboschoenus_planiculmis	0	0	0	0	0	0	0	0	0	0	0	0	0	0	0	0	0	0	0	0	0	0	0	0	0	0	0	1	0	0	0	0	0	0	0	0	0	0	0	0	0	0	0	0	0	0	0	0	0	0	0	0	0	0	0	0	0	0	0	0	0	0	0	0	0	0	0	0	0	0	0	
Bolboschoenus_fluviatilis	0	0	0	0	0	0	0	0	0	0	0	0	0	0	0	0	0	0	0	0	0	0	0	0	0	0	0	0	0	0	0	0	0	0	0	0	0	0	0	0	0	0	0	0	0	0	1	0	0	0	0	0	0	0	0	0	0	0	0	0	0	0	0	0	0	0	0	0	0	0	0	
N79	3.20032e-09	4.36756e-10	4.47588e-10	4.67549e-10	4.85678e-10	5.01825e-10	5.15122e-10	5.24223e-10	5.28097e-10	5.26822e-10	5.22181e-10	5.04704e-10	4.99886e-10	5.02995e-10	5.16846e-10	5.60202e-10	6.62206e-10	9.00621e-10	1.46264e-09	2.77788e-09	5.84873e-09	1.2831e-08	2.87993e-08	6.59647e-08	1.55369e-07	3.79015e-07	9.60837e-07	2.53342e-06	6.94817e-06	1.97827e-05	5.85688e-05	0.000174925	0.000514256	0.00144528	0.00378191	0.00902539	0.0193563	0.0369427	0.0623595	0.0927554	0.122248	0.140953	0.142518	0.126334	0.0981737	0.0668825	0.0399523	0.0209346	0.00963176	0.0038995	0.00140306	0.000447674	0.000129526	3.50016e-05	9.20767e-06	2.45679e-06	6.77944e-07	1.91779e-07	5.44594e-08	1.52542e-08	4.17953e-09	1.09836e-09	2.74464e-10	6.44573e-11	1.41113e-11	2.87076e-12	5.43772e-13	9.65018e-14	1.61859e-14	2.58757e-15	3.97229e-16	
N80	9.50248e-07	6.21474e-07	8.56477e-07	1.09055e-06	1.42698e-06	2.30529e-06	4.78554e-06	1.04068e-05	1.9821e-05	3.10347e-05	4.12146e-05	5.50302e-05	0.000100571	0.000345157	0.0018853	0.00924896	0.0323536	0.0797069	0.142337	0.190015	0.196146	0.158109	0.101824	0.053251	0.0229377	0.00824243	0.0025003	0.000647696	0.00014498	2.83957e-05	4.95102e-06	7.73244e-07	1.10433e-07	1.46389e-08	1.82264e-09	2.1466e-10	2.39606e-11	2.53008e-12	2.51823e-13	2.35411e-14	2.06648e-15	1.69029e-16	1.29406e-17	9.28551e-19	6.25813e-20	3.97098e-21	2.377e-22	1.34403e-23	7.18154e-25	3.62515e-26	1.7305e-27	7.76076e-29	3.28217e-30	1.30942e-31	4.93312e-33	1.758e-34	5.93798e-36	1.90495e-37	5.81525e-39	1.69172e-40	4.701e-42	1.2417e-43	3.13178e-45	7.54579e-47	1.73759e-48	3.82564e-50	8.05488e-52	1.62167e-53	3.12015e-55	5.73226e-57	1.00627e-58	
Rhynchospora_albiceps	0	0	0	0	0	0	0	0	0	1	0	0	0	0	0	0	0	0	0	0	0	0	0	0	0	0	0	0	0	0	0	0	0	0	0	0	0	0	0	0	0	0	0	0	0	0	0	0	0	0	0	0	0	0	0	0	0	0	0	0	0	0	0	0	0	0	0	0	0	0	0	
N81	1.00926e-07	6.92908e-08	2.69383e-07	1.0472e-06	2.90919e-06	5.67899e-06	7.94446e-06	8.11086e-06	6.78488e-06	3.26085e-05	0.000146238	0.00237252	0.0247488	0.103667	0.217616	0.268454	0.211687	0.113274	0.042983	0.0119755	0.00253433	0.000414898	5.45963e-05	6.01642e-06	5.8347e-07	5.22281e-08	4.43159e-09	3.57322e-10	2.73459e-11	2.01269e-12	1.45508e-13	1.0241e-14	6.86485e-16	4.21586e-17	2.30691e-18	1.11069e-19	4.70662e-21	1.77983e-22	6.17604e-24	2.0458e-25	6.71538e-27	2.1875e-28	6.94977e-30	2.07445e-31	5.65541e-33	1.38881e-34	3.06885e-36	6.17809e-38	1.1637e-39	2.13098e-41	3.93271e-43	7.32065e-45	1.34964e-46	2.37194e-48	3.86006e-50	5.7329e-52	7.75758e-54	9.68053e-56	1.14445e-57	1.33423e-59	1.59565e-61	1.97352e-63	2.48379e-65	3.07699e-67	3.65371e-69	4.08825e-71	4.2535e-73	4.0644e-75	3.53063e-77	2.78098e-79	2.00912e-81	
Rhynchospora_rubra	0	0	0	0	0	0	0	0	0	1	0	0	0	0	0	0	0	0	0	0	0	0	0	0	0	0	0	0	0	0	0	0	0	0	0	0	0	0	0	0	0	0	0	0	0	0	0	0	0	0	0	0	0	0	0	0	0	0	0	0	0	0	0	0	0	0	0	0	0	0	0	
Rhynchospora_globosa	0	0	0	0	0	0	0	0	0	0	0	1	0	0	0	0	0	0	0	0	0	0	0	0	0	0	0	0	0	0	0	0	0	0	0	0	0	0	0	0	0	0	0	0	0	0	0	0	0	0	0	0	0	0	0	0	0	0	0	0	0	0	0	0	0	0	0	0	0	0	0	
N82	1.52462e-09	1.44995e-10	1.90217e-10	3.02616e-10	5.46369e-10	1.06735e-09	2.16586e-09	4.46788e-09	9.31789e-09	1.96965e-08	4.23315e-08	9.21698e-08	2.01486e-07	4.39514e-07	9.57884e-07	2.16804e-06	5.25738e-06	1.37674e-05	3.77831e-05	0.000103656	0.000276344	0.000695352	0.00166155	0.00381812	0.00846414	0.0178062	0.0345437	0.0601461	0.0922717	0.12349	0.144676	0.146526	0.128848	0.0985796	0.065787	0.0384	0.0196626	0.00886102	0.00352787	0.00124687	0.000395757	0.000112645	2.92937e-05	7.09485e-06	1.63966e-06	3.70969e-07	8.384e-08	1.90989e-08	4.37729e-09	1.00117e-09	2.26967e-10	5.00196e-11	1.06402e-11	2.16441e-12	4.18754e-13	7.7033e-14	1.35402e-14	2.29364e-15	3.77721e-16	6.07398e-17	9.53871e-18	1.4392e-18	2.06873e-19	2.80291e-20	3.55635e-21	4.21961e-22	4.69741e-23	4.93973e-24	4.94616e-25	4.74647e-26	4.38876e-27	
N83	8.03799e-05	2.8688e-05	3.13039e-05	0.000136365	0.000590461	0.00138778	0.00191021	0.00167883	0.00100409	0.000429789	0.000168665	0.000127037	0.00207875	0.0300516	0.129864	0.253792	0.272675	0.181353	0.0808134	0.0256372	0.00760397	0.00403501	0.00264856	0.00128436	0.000444561	0.000116187	2.41321e-05	4.1295e-06	5.96041e-07	8.44346e-08	1.06225e-07	9.31795e-08	4.29963e-08	1.27017e-08	2.6746e-09	4.27934e-10	5.4311e-11	5.64355e-12	4.91926e-13	3.6649e-14	2.37308e-15	1.33107e-16	6.60313e-18	2.90819e-19	1.1449e-20	4.05801e-22	1.30466e-23	3.83383e-25	1.03682e-26	2.59447e-28	6.03596e-30	1.29235e-31	2.57506e-33	4.75854e-35	8.15092e-37	1.2943e-38	1.90668e-40	2.60963e-42	3.32455e-44	3.94961e-46	4.38689e-48	4.5375e-50	4.39183e-52	3.97984e-54	3.37838e-56	2.6888e-58	2.00901e-60	1.41234e-62	9.36892e-65	5.88414e-67	3.51462e-69	
Rhynchospora_chinensis	0	0	0	0	0	0	0	0	0	0	0	0	0	0	0	0	0	0	0	0	0	0	0	0	0	0	0	0	0	0	1	0	0	0	0	0	0	0	0	0	0	0	0	0	0	0	0	0	0	0	0	0	0	0	0	0	0	0	0	0	0	0	0	0	0	0	0	0	0	0	0	
N84	7.16126e-10	6.6181e-10	2.29687e-06	1.83219e-05	3.38075e-05	2.53783e-05	1.01583e-05	2.72903e-06	6.14971e-07	1.24298e-07	2.41691e-08	5.50438e-06	0.0359777	0.253021	0.389319	0.234754	0.0712407	0.0132893	0.0019667	0.000288725	3.96055e-05	4.16133e-06	3.24053e-07	1.89086e-08	9.1641e-10	4.62648e-11	2.91575e-12	1.98033e-13	1.17243e-14	5.53109e-16	2.03205e-17	5.76975e-19	1.27812e-20	2.23017e-22	3.10376e-24	3.49253e-26	3.22267e-28	2.4751e-30	1.61169e-32	9.17578e-35	4.86067e-37	2.56654e-39	1.4916e-41	9.13242e-44	5.35078e-46	2.82659e-48	1.35694e-50	6.54263e-53	3.76641e-55	2.66943e-57	1.96183e-59	1.21095e-61	6.5767e-64	2.98645e-66	1.13931e-68	3.71624e-71	1.08238e-73	3.13861e-76	1.07859e-78	4.59505e-81	2.06092e-83	8.35672e-86	2.89734e-88	8.49969e-91	2.15192e-93	5.03001e-96	1.26589e-98	3.97663e-101	1.42516e-103	4.73591e-106	1.28989e-108	
Rhynchospora_capillacea	0	0	0	0	0	0	0	0	0	0	0	0	1	0	0	0	0	0	0	0	0	0	0	0	0	0	0	0	0	0	0	0	0	0	0	0	0	0	0	0	0	0	0	0	0	0	0	0	0	0	0	0	0	0	0	0	0	0	0	0	0	0	0	0	0	0	0	0	0	0	0	
Rhynchospora_alba	0	0	0	0	0	0	0	0	0	0	0	0	1	0	0	0	0	0	0	0	0	0	0	0	0	0	0	0	0	0	0	0	0	0	0	0	0	0	0	0	0	0	0	0	0	0	0	0	0	0	0	0	0	0	0	0	0	0	0	0	0	0	0	0	0	0	0	0	0	0	0	
N85	2.93436e-07	2.60533e-07	4.97851e-07	9.12957e-07	1.55679e-06	2.7146e-06	6.99387e-06	3.52032e-05	0.000237588	0.00140191	0.00624241	0.0206163	0.0513402	0.0985121	0.147479	0.177338	0.173253	0.139194	0.0929198	0.052001	0.0247081	0.00994314	0.00342179	0.00101269	0.000259112	5.76165e-05	1.11948e-05	1.91226e-06	2.89308e-07	3.91382e-08	4.80945e-09	5.40956e-10	5.7123e-11	5.78601e-12	5.72634e-13	5.5994e-14	5.42215e-15	5.17541e-16	4.82697e-17	4.35355e-18	3.76691e-19	3.08056e-20	2.37742e-21	1.72844e-22	1.18626e-23	7.72617e-25	4.8082e-26	2.8772e-27	1.66144e-28	9.25695e-30	4.97004e-31	2.54649e-32	1.24696e-33	5.83879e-35	2.62453e-36	1.13949e-37	4.80738e-39	1.97678e-40	7.90854e-42	3.05957e-43	1.13691e-44	4.00539e-46	1.33608e-47	4.21244e-49	1.2573e-50	3.56734e-52	9.67181e-54	2.51711e-55	6.3025e-57	1.51732e-58	3.50879e-60	
Rhynchospora_nervosa	0	0	0	0	1	0	0	0	0	0	0	0	0	0	0	0	0	0	0	0	0	0	0	0	0	0	0	0	0	0	0	0	0	0	0	0	0	0	0	0	0	0	0	0	0	0	0	0	0	0	0	0	0	0	0	0	0	0	0	0	0	0	0	0	0	0	0	0	0	0	0	
Rhynchospora_robusta	0	0	0	0	1	0	0	0	0	0	0	0	0	0	0	0	0	0	0	0	0	0	0	0	0	0	0	0	0	0	0	0	0	0	0	0	0	0	0	0	0	0	0	0	0	0	0	0	0	0	0	0	0	0	0	0	0	0	0	0	0	0	0	0	0	0	0	0	0	0	0	
N86	1.55486e-06	3.4629e-07	3.71566e-07	3.97795e-07	4.21481e-07	4.43897e-07	4.65968e-07	4.87804e-07	5.08567e-07	5.26743e-07	5.40855e-07	5.43872e-07	5.45267e-07	5.42645e-07	5.34133e-07	5.28581e-07	5.25584e-07	5.25677e-07	5.28115e-07	5.31266e-07	5.37515e-07	5.34101e-07	5.31386e-07	5.27975e-07	5.27828e-07	5.37754e-07	5.69652e-07	6.46498e-07	8.16244e-07	1.18276e-06	1.99058e-06	3.74896e-06	7.67265e-06	1.65665e-05	3.70657e-05	8.48396e-05	0.000196216	0.000452225	0.0010231	0.00223848	0.00471466	0.00933856	0.017275	0.0296279	0.0468496	0.0680112	0.0903411	0.109516	0.120898	0.121316	0.111281	0.0921015	0.0689483	0.0466569	0.0285494	0.0158331	0.0080061	0.00373745	0.00164699	0.000707943	0.000309197	0.000138426	6.3473e-05	2.91573e-05	1.31545e-05	5.77156e-06	2.45634e-06	1.013e-06	4.03552e-07	1.54479e-07	5.66698e-08	
Calyptrocarya_glomerulata	0	0	0	0	0	0	0	0	0	1	0	0	0	0	0	0	0	0	0	0	0	0	0	0	0	0	0	0	0	0	0	0	0	0	0	0	0	0	0	0	0	0	0	0	0	0	0	0	0	0	0	0	0	0	0	0	0	0	0	0	0	0	0	0	0	0	0	0	0	0	0	
Scleria_foliosa	0	0	0	0	0	0	0	0	0	1	0	0	0	0	0	0	0	0	0	0	0	0	0	0	0	0	0	0	0	0	0	0	0	0	0	0	0	0	0	0	0	0	0	0	0	0	0	0	0	0	0	0	0	0	0	0	0	0	0	0	0	0	0	0	0	0	0	0	0	0	0	
N87	0.000583351	8.98254e-05	3.17655e-05	7.11949e-06	1.08804e-06	1.20836e-07	5.26035e-08	5.54025e-06	0.00104249	0.00276472	0.00243429	0.0010548	0.00027083	4.56739e-05	5.41139e-06	6.8514e-07	1.12365e-05	0.00106684	0.166566	0.384156	0.296895	0.11297	0.0256661	0.00387004	0.000415978	3.35553e-05	2.1202e-06	4.34849e-07	6.05166e-06	2.3086e-06	4.15118e-07	4.61694e-08	3.63428e-09	2.15911e-10	1.01099e-11	3.84766e-13	1.75266e-14	1.13619e-13	1.14837e-12	2.4886e-13	2.60861e-14	1.7289e-15	8.27889e-17	3.04714e-18	8.99161e-20	2.19081e-21	4.50475e-23	7.9504e-25	1.22082e-26	1.64934e-28	1.98085e-30	2.1031e-32	2.01934e-34	1.75528e-36	1.38811e-38	1.00309e-40	6.64881e-43	4.05611e-45	2.28428e-47	1.19077e-49	5.76288e-52	2.58232e-54	1.07814e-56	4.20122e-59	1.53051e-61	5.2206e-64	1.66959e-66	5.01276e-69	1.41466e-71	3.75681e-74	9.40465e-77	
Cladium_mariscus	0	0	0	0	0	0	0	0	0	0	0	0	0	0	0	0	0	1	0	0	0	0	0	0	0	0	0	0	0	0	0	0	0	0	0	0	0	0	0	0	0	0	0	0	0	0	0	0	0	0	0	0	0	0	0	0	0	0	0	0	0	0	0	0	0	0	0	0	0	0	0	
Cladium_mariscoides	0	0	0	0	0	0	0	0	0	0	0	0	0	0	0	0	0	0	0	0	0	0	0	0	0	0	0	0	0	0	0	0	0	0	0	0	0	0	1	0	0	0	0	0	0	0	0	0	0	0	0	0	0	0	0	0	0	0	0	0	0	0	0	0	0	0	0	0	0	0	0	
