NODE	1	2	3	4	5	6	7	8	9	10	11	12	13	14	15	16	17	18	19	20	21	22	23	24	25	26	27	28	29	30	31	32	33	34	35	36	37	38	39	40	41	42	43	44	45	46	47	48	49	50	51	52	53	54	55	56	57	58	59	60	61	62	63	64	65	66	67	68	69	70	71	
N1	0.0131854	0.0132519	0.0133484	0.0134564	0.0135665	0.0136735	0.0137749	0.0138694	0.0139562	0.0140354	0.014107	0.0141713	0.0142286	0.0142793	0.0143236	0.0143619	0.0143945	0.014422	0.0144446	0.0144628	0.014477	0.0144875	0.0144947	0.0144986	0.0144997	0.0144981	0.014494	0.0144875	0.0144789	0.0144682	0.0144556	0.0144413	0.0144252	0.0144075	0.0143885	0.0143686	0.0143484	0.0143278	0.014307	0.014286	0.0142647	0.0142433	0.0142217	0.0142	0.0141782	0.0141563	0.0141343	0.0141123	0.0140902	0.0140681	0.014046	0.0140239	0.0140017	0.0139796	0.0139575	0.0139355	0.0139135	0.0138916	0.0138697	0.0138479	0.0138262	0.0138045	0.013783	0.0137615	0.01374	0.0137187	0.0136974	0.0136763	0.0136552	0.0136341	0.0136132	
N2	0.00609064	0.00910277	0.0116174	0.0138485	0.0151006	0.0162042	0.0165596	0.0171391	0.0171542	0.017567	0.0174823	0.0178383	0.0177005	0.0180114	0.0178529	0.0181334	0.017949	0.0181964	0.0180064	0.0182317	0.0180264	0.0182274	0.0180227	0.0182071	0.0179922	0.0181578	0.0179466	0.0180992	0.0178814	0.0180196	0.017807	0.0179351	0.0177184	0.0178354	0.0176253	0.0177351	0.0175246	0.0176272	0.0174228	0.0175148	0.0172987	0.0173623	0.0171141	0.0171082	0.0167607	0.0166076	0.0160778	0.0156882	0.0148964	0.0142353	0.0132115	0.0123729	0.011269	0.0104535	0.00948425	0.00887174	0.00815005	0.00778397	0.0072893	0.00709602	0.00672768	0.00661345	0.00629937	0.00621059	0.00591308	0.00583159	0.00554592	0.0054681	0.00518862	0.00511379	0.00484377	
N3	0.00553062	0.00841607	0.0110447	0.0135516	0.0151945	0.0166391	0.0172842	0.0180441	0.0181924	0.0186789	0.0186506	0.0190402	0.0189288	0.0192581	0.01911	0.0193995	0.0192167	0.0194673	0.0192724	0.019496	0.0192824	0.0194784	0.0192626	0.0194391	0.0192117	0.0193676	0.0191425	0.0192838	0.0190518	0.0191775	0.0189497	0.0190633	0.0188293	0.0189268	0.018691	0.0187673	0.0185088	0.01854	0.0182283	0.018162	0.0177203	0.0174763	0.0168314	0.0163438	0.0154514	0.0147283	0.013659	0.012821	0.0117304	0.0109571	0.0100202	0.00944428	0.00873224	0.00837151	0.00785728	0.00764701	0.00724652	0.00711008	0.0067641	0.0066543	0.00632558	0.00622102	0.0058999	0.00579246	0.0054715	0.00536377	0.00505512	0.00495865	0.00466789	0.00458579	0.0043125	
N4	0.00433419	0.00685538	0.00954915	0.0125068	0.0149838	0.0173501	0.0189115	0.0204086	0.0211271	0.0220262	0.0222649	0.0228742	0.0228663	0.0233298	0.0231996	0.0235827	0.0233676	0.023688	0.0234291	0.0237055	0.0234036	0.0236354	0.0233094	0.0234958	0.0231186	0.0232288	0.0227768	0.0227618	0.0221553	0.0219386	0.0211217	0.020653	0.0195887	0.0188829	0.0176492	0.0168192	0.015547	0.0147488	0.0136	0.0129587	0.0120037	0.0115542	0.0107981	0.0105053	0.00988308	0.0096862	0.00915219	0.00900814	0.00852077	0.00840726	0.00796117	0.00786866	0.00744559	0.00736274	0.00695898	0.00687487	0.00647363	0.00638175	0.00598896	0.00589168	0.00550584	0.00540886	0.00504339	0.00495223	0.00460598	0.00452363	0.00420583	0.00413415	0.00384086	0.00378051	0.00351778	
N5	0.00410706	0.00654309	0.00921116	0.0122096	0.0148033	0.0173329	0.0190708	0.0207429	0.0215919	0.0226142	0.0229129	0.0236016	0.0236034	0.0241252	0.0239761	0.0244111	0.0241581	0.0245275	0.0242183	0.0245404	0.0241705	0.0244334	0.0240123	0.0241961	0.0236681	0.0237103	0.023029	0.0228623	0.0219426	0.0215126	0.0203577	0.0196971	0.0183649	0.0175882	0.0162461	0.0155146	0.0142881	0.0137118	0.0126926	0.0123052	0.0114678	0.0112291	0.0105365	0.0103924	0.00977764	0.00968371	0.00912925	0.00906353	0.0085372	0.00848311	0.00798551	0.0079321	0.00744025	0.00737864	0.00690141	0.00683183	0.00636083	0.00628708	0.00584083	0.00576991	0.00534568	0.00528578	0.00490718	0.00487609	0.00455547	0.00457221	0.00432377	0.00436483	0.00412651	0.00413174	0.00387685	
Lagenocarpus_guianensis	0	0	0	0	0	0	0	0	0	0	0	0	0	0	0	0	1	0	0	0	0	0	0	0	0	0	0	0	0	0	0	0	0	0	0	0	0	0	0	0	0	0	0	0	0	0	0	0	0	0	0	0	0	0	0	0	0	0	0	0	0	0	0	0	0	0	0	0	0	0	0	
N6	0.00272225	0.004585	0.00703159	0.0102587	0.0137661	0.0176886	0.0212337	0.0247308	0.0272688	0.0295859	0.0307041	0.0317545	0.0315996	0.0316937	0.0306944	0.0302698	0.0288442	0.0282496	0.0267197	0.0261569	0.0246445	0.0241534	0.0227073	0.0222752	0.0208679	0.0204654	0.0191268	0.0187604	0.0174841	0.0171573	0.0159882	0.0157164	0.014637	0.0144147	0.0134503	0.013275	0.0123851	0.0122394	0.0114398	0.0113204	0.0105741	0.0104702	0.00979529	0.00970626	0.00907056	0.00899044	0.00841402	0.00834422	0.00779967	0.00773699	0.00724462	0.0071907	0.00672593	0.00667854	0.0062596	0.00621972	0.00582442	0.00579025	0.00543493	0.00540681	0.00507117	0.00504759	0.00474561	0.00472646	0.0044402	0.00442434	0.0041664	0.00415359	0.00390803	0.00389749	0.00367525	
N7	0.00277759	0.00469041	0.00722643	0.0105915	0.0142859	0.0184178	0.0221713	0.0258175	0.0284362	0.0307185	0.0317347	0.0325977	0.0322657	0.0321643	0.0310472	0.0305079	0.0290523	0.0283959	0.02686	0.0262206	0.0246799	0.0240796	0.0225889	0.0220435	0.0206142	0.020129	0.0188079	0.0183975	0.0171763	0.0168328	0.0157324	0.0154513	0.0144392	0.0142024	0.0132894	0.0130893	0.0122383	0.0120607	0.0112871	0.0111322	0.0104082	0.0102702	0.00961435	0.00949478	0.00888152	0.00877632	0.00822285	0.00813281	0.00761478	0.0075356	0.00706767	0.00699797	0.00655581	0.00649051	0.00608631	0.00602458	0.00563931	0.0055817	0.00523263	0.00518409	0.00485824	0.00482044	0.00453037	0.0045021	0.00423015	0.00420759	0.00396194	0.00394311	0.00370927	0.00369305	0.00348023	
Gahnia_aspera	0	0	0	0	0	0	0	0	0	0	0	0	0	0	0	0	0	0	0	0	0	0	0	0	0	0	0	0	0	0	0	0	0	0	0	0	0	0	0	1	0	0	0	0	0	0	0	0	0	0	0	0	0	0	0	0	0	0	0	0	0	0	0	0	0	0	0	0	0	0	0	
Oreobolus_pectinatus	0	0	0	0	0	0	0	0	0	0	0	0	0	0	0	0	0	0	1	0	0	0	0	0	0	0	0	0	0	0	0	0	0	0	0	0	0	0	0	0	0	0	0	0	0	0	0	0	0	0	0	0	0	0	0	0	0	0	0	0	0	0	0	0	0	0	0	0	0	0	0	
N8	0.00285922	0.00486488	0.00757359	0.011217	0.0152677	0.0198179	0.0239561	0.027939	0.0307427	0.0331247	0.0340794	0.0348624	0.0343408	0.0341044	0.0327691	0.0320897	0.0304065	0.029604	0.0278429	0.0270669	0.0253301	0.0246244	0.0229868	0.0223705	0.0208343	0.0202952	0.0188889	0.0184235	0.0171219	0.0167132	0.0155341	0.0151782	0.014089	0.0137716	0.0127875	0.0125069	0.0115963	0.0113449	0.0105269	0.0103087	0.00955758	0.00936992	0.00870487	0.00854974	0.00794309	0.00781375	0.00727746	0.00717054	0.00667656	0.006585	0.00614461	0.00606637	0.00565653	0.00558784	0.00522046	0.00516082	0.00481713	0.00476445	0.00445589	0.0044099	0.00412032	0.00407963	0.00381907	0.00378343	0.0035382	0.0035067	0.00328593	0.00325833	0.00305018	0.00302591	0.00283829	
Morelotia_affinis	0	0	0	0	0	0	0	0	0	0	0	0	0	0	0	0	0	0	0	0	0	0	1	0	0	0	0	0	0	0	0	0	0	0	0	0	0	0	0	0	0	0	0	0	0	0	0	0	0	0	0	0	0	0	0	0	0	0	0	0	0	0	0	0	0	0	0	0	0	0	0	
N9	0.00290989	0.00495237	0.00771467	0.0114286	0.0155626	0.0201952	0.0244124	0.0284473	0.0312925	0.0336745	0.0346311	0.0353714	0.0348319	0.0345299	0.0331736	0.0324187	0.0307227	0.029844	0.0280805	0.0272302	0.0255022	0.0247247	0.0231005	0.0224123	0.0208936	0.0202842	0.018895	0.0183605	0.0170786	0.0166039	0.0154423	0.0150225	0.0139525	0.0135759	0.0126104	0.0122783	0.0113953	0.0111054	0.0103207	0.0100748	0.00936394	0.00915575	0.00852847	0.0083543	0.00778337	0.0076345	0.00712687	0.00699937	0.00653195	0.00642032	0.00600199	0.00590469	0.0055169	0.00543086	0.00508262	0.0050071	0.00468294	0.00461585	0.00432412	0.00426447	0.00399088	0.0039352	0.00368363	0.00362608	0.00337933	0.0033152	0.00308259	0.00302257	0.00281174	0.00277092	0.00259364	
N10	0.00333479	0.00568228	0.00886022	0.0131281	0.017856	0.0231189	0.0278423	0.0322974	0.0353198	0.0377764	0.038566	0.0391169	0.0382051	0.0375998	0.0358081	0.0347391	0.0326165	0.0314489	0.0292933	0.0281846	0.0261023	0.0250968	0.0231664	0.0222876	0.020517	0.019759	0.0181785	0.0175381	0.0161187	0.015574	0.0143226	0.0138614	0.0127369	0.0123382	0.0113458	0.0110025	0.0101075	0.00980904	0.00902182	0.0087667	0.00805851	0.00784024	0.00722214	0.00703919	0.00648416	0.00632929	0.0058449	0.00571461	0.00527637	0.00516463	0.00478021	0.00468484	0.00433441	0.00425181	0.00394305	0.00387198	0.00358884	0.00352694	0.00327671	0.00322307	0.00299239	0.00294542	0.00274075	0.00269976	0.00251018	0.00247415	0.00230558	0.00227399	0.00211731	0.00208951	0.00194982	
Schoenus_brevifolius	0	0	0	0	0	0	0	0	0	0	0	0	0	0	0	0	0	0	0	0	0	0	0	0	0	0	0	0	0	0	0	0	0	0	0	0	0	0	0	0	0	0	0	0	0	0	0	0	0	0	0	0	0	0	0	0	0	0	0	0	1	0	0	0	0	0	0	0	0	0	0	
N11	0.00563426	0.00947242	0.0144748	0.0209321	0.0277334	0.0349216	0.0408909	0.0460793	0.0489698	0.0508554	0.050446	0.0496644	0.0471305	0.0450036	0.0416348	0.0391637	0.0357084	0.0333605	0.0301675	0.0281127	0.0252805	0.0235447	0.0211135	0.0196832	0.0176142	0.0164431	0.0147092	0.0137546	0.0122896	0.011504	0.0102773	0.00963033	0.00859115	0.00805569	0.007189	0.00675051	0.00602172	0.00566414	0.00506208	0.0047718	0.00426523	0.00402751	0.00360774	0.00341277	0.00305683	0.00289546	0.00259901	0.00246553	0.00221268	0.00210165	0.00189047	0.00179825	0.00161728	0.0015403	0.00138861	0.00132437	0.00119368	0.00113982	0.00102988	0.000984704	0.000889496	0.000851434	0.000771016	0.000738904	0.000668901	0.000641708	0.000582379	0.00055929	0.000507392	0.000487722	0.000443577	
Schoenus_nigricans	0	0	0	0	0	0	0	0	0	0	0	0	0	0	0	0	0	0	0	0	0	1	0	0	0	0	0	0	0	0	0	0	0	0	0	0	0	0	0	0	0	0	0	0	0	0	0	0	0	0	0	0	0	0	0	0	0	0	0	0	0	0	0	0	0	0	0	0	0	0	0	
Schoenus_apogon	0	0	0	1	0	0	0	0	0	0	0	0	0	0	0	0	0	0	0	0	0	0	0	0	0	0	0	0	0	0	0	0	0	0	0	0	0	0	0	0	0	0	0	0	0	0	0	0	0	0	0	0	0	0	0	0	0	0	0	0	0	0	0	0	0	0	0	0	0	0	0	
N12	0.00374506	0.00642457	0.0100977	0.0150671	0.0205792	0.0266949	0.0320989	0.0371045	0.0402984	0.0427639	0.0431865	0.0433506	0.0417841	0.040662	0.038174	0.0366287	0.0338845	0.0323363	0.0296775	0.0282924	0.0258257	0.0246328	0.0224289	0.0214325	0.0194732	0.0186436	0.0169418	0.0162595	0.0147635	0.0141939	0.0129023	0.0124279	0.0112881	0.0108841	0.00989919	0.00955828	0.00868858	0.0083991	0.00765149	0.00740807	0.0067459	0.00653845	0.00596969	0.00579516	0.00528976	0.00514122	0.00470693	0.00458206	0.00419441	0.00408824	0.00375464	0.00366529	0.00336582	0.00328971	0.00303085	0.00296647	0.0027324	0.00267724	0.00247398	0.00242688	0.00224172	0.00220099	0.00203915	0.0020039	0.00185537	0.00182451	0.00169405	0.00166694	0.00154647	0.00152242	0.00141601	
N13	0.000816266	0.00162291	0.00308828	0.00557811	0.00906547	0.0137087	0.0188154	0.0245239	0.0296483	0.0346665	0.0378031	0.0403552	0.0404602	0.0407333	0.0391617	0.0389528	0.0373521	0.0377124	0.0365109	0.0372772	0.0359064	0.0363761	0.0343519	0.034084	0.0312532	0.0301997	0.0269384	0.0254166	0.0221233	0.0205065	0.017629	0.0162289	0.0138951	0.0128346	0.0110987	0.0103865	0.00909962	0.00863673	0.00767291	0.00734493	0.00654002	0.00625841	0.00556682	0.00529096	0.00465185	0.00436665	0.00379792	0.00351271	0.00300205	0.00273094	0.00230322	0.00206148	0.00170793	0.0015044	0.0012315	0.00106916	0.000861751	0.000738276	0.000589753	0.000499574	0.000394326	0.000330822	0.000259733	0.000216279	0.000168458	0.000139497	0.000108527	8.9576e-05	6.94455e-05	5.72588e-05	4.45535e-05	
Machaerina_mariscoides	0	0	0	0	0	0	0	0	0	0	0	0	0	0	0	0	0	0	0	0	0	0	0	0	0	0	0	0	0	0	0	0	0	0	0	0	0	0	1	0	0	0	0	0	0	0	0	0	0	0	0	0	0	0	0	0	0	0	0	0	0	0	0	0	0	0	0	0	0	0	0	
Machaerina_articulata	0	0	0	0	0	0	0	0	0	0	0	1	0	0	0	0	0	0	0	0	0	0	0	0	0	0	0	0	0	0	0	0	0	0	0	0	0	0	0	0	0	0	0	0	0	0	0	0	0	0	0	0	0	0	0	0	0	0	0	0	0	0	0	0	0	0	0	0	0	0	0	
Tetraria_capillaris	0	0	0	0	0	0	0	0	0	1	0	0	0	0	0	0	0	0	0	0	0	0	0	0	0	0	0	0	0	0	0	0	0	0	0	0	0	0	0	0	0	0	0	0	0	0	0	0	0	0	0	0	0	0	0	0	0	0	0	0	0	0	0	0	0	0	0	0	0	0	0	
N14	0.00948658	0.0155284	0.0228243	0.0316117	0.0400537	0.048272	0.0541269	0.0585071	0.0596652	0.0595582	0.056774	0.0538071	0.0491172	0.0452285	0.0403135	0.0366778	0.0323054	0.0293094	0.0256903	0.0233478	0.0204121	0.0186034	0.0162557	0.0148676	0.0129833	0.0119137	0.0104166	0.00959408	0.00839291	0.00775554	0.00680076	0.00630635	0.005535	0.00514717	0.00453067	0.00422746	0.00372738	0.00348978	0.00308912	0.00290218	0.00257251	0.00242346	0.00215631	0.00203723	0.00181442	0.00171817	0.00153588	0.001458	0.00130419	0.00124052	0.00111371	0.00106162	0.000953533	0.000910526	0.000820716	0.00078517	0.000707908	0.000678303	0.000613686	0.000588992	0.000532942	0.000512214	0.00046501	0.000447577	0.000406312	0.000391581	0.000356639	0.000344157	0.000313403	0.000302793	0.00027661	
N15	0.00845248	0.0146792	0.0232475	0.0345704	0.0463183	0.0582037	0.0667824	0.073044	0.0741395	0.0733027	0.0682563	0.0633107	0.055808	0.050018	0.0427629	0.0377831	0.0317513	0.0279185	0.0232474	0.0204308	0.0168874	0.014833	0.0122018	0.0107064	0.00874374	0.00764177	0.00620283	0.00539056	0.00433001	0.0037298	0.00296973	0.00253289	0.00198965	0.00167639	0.00130321	0.0010847	0.000830696	0.000682078	0.000516735	0.00041874	0.00031232	0.000249556	0.000184191	0.000145238	0.000105563	8.2102e-05	5.90881e-05	4.53689e-05	3.21738e-05	2.43826e-05	1.71371e-05	1.28299e-05	8.89331e-06	6.57724e-06	4.52211e-06	3.30661e-06	2.24429e-06	1.62276e-06	1.09364e-06	7.82617e-07	5.21319e-07	3.69367e-07	2.44577e-07	1.71741e-07	1.12583e-07	7.84148e-08	5.12017e-08	3.54255e-08	2.29653e-08	1.5812e-08	1.02543e-08	
Rhynchospora_corniculata	0	0	0	0	0	0	0	0	1	0	0	0	0	0	0	0	0	0	0	0	0	0	0	0	0	0	0	0	0	0	0	0	0	0	0	0	0	0	0	0	0	0	0	0	0	0	0	0	0	0	0	0	0	0	0	0	0	0	0	0	0	0	0	0	0	0	0	0	0	0	0	
N16	0.00203046	0.00449181	0.00949775	0.0183905	0.0308116	0.0465912	0.0620281	0.0761683	0.0842577	0.088961	0.0870174	0.0841111	0.0761903	0.0695438	0.0590565	0.0510093	0.0403104	0.0326866	0.023906	0.0181219	0.0122218	0.00864899	0.00540649	0.00358568	0.00208223	0.00129827	0.00070749	0.000417245	0.000213666	0.00011954	5.81725e-05	3.10543e-05	1.43404e-05	7.32099e-06	3.24908e-06	1.5951e-06	6.7776e-07	3.20446e-07	1.32097e-07	6.03823e-08	2.39722e-08	1.0589e-08	4.09934e-09	1.75394e-09	6.55697e-10	2.71705e-10	9.93824e-11	4.00153e-11	1.41891e-11	5.55756e-12	1.93796e-12	7.40709e-13	2.51552e-13	9.38916e-14	3.14668e-14	1.14935e-14	3.76326e-15	1.34576e-15	4.35952e-16	1.52869e-16	4.85069e-17	1.66875e-17	5.24594e-18	1.77292e-18	5.47152e-19	1.81824e-19	5.57138e-20	1.82413e-20	5.5109e-21	1.78484e-21	5.4054e-22	
Rhynchospora_albiceps	0	0	0	0	0	0	0	0	0	1	0	0	0	0	0	0	0	0	0	0	0	0	0	0	0	0	0	0	0	0	0	0	0	0	0	0	0	0	0	0	0	0	0	0	0	0	0	0	0	0	0	0	0	0	0	0	0	0	0	0	0	0	0	0	0	0	0	0	0	0	0	
N17	0.000145576	0.000506539	0.00173119	0.00505992	0.0120565	0.0241436	0.0401381	0.0601773	0.0828221	0.109694	0.130593	0.141291	0.128566	0.104757	0.0709089	0.0443995	0.0231533	0.0116939	0.00492333	0.00210078	0.000740883	0.000275599	8.40612e-05	2.78458e-05	7.46433e-06	2.22466e-06	5.35058e-07	1.45131e-07	3.14842e-08	7.82631e-09	1.56307e-09	3.60495e-10	6.62328e-11	1.42679e-11	2.4696e-12	5.03117e-13	8.1409e-14	1.57574e-14	2.4501e-15	4.55347e-16	6.6956e-17	1.19701e-17	1.71927e-18	2.98105e-19	4.08496e-20	6.87139e-21	9.31937e-22	1.53061e-22	1.99839e-23	3.20287e-24	4.18831e-25	6.56856e-26	8.32806e-27	1.27383e-27	1.61962e-28	2.41496e-29	2.9781e-30	4.32067e-31	5.33346e-32	7.54077e-33	9.05391e-34	1.24899e-34	1.50078e-35	2.02499e-36	2.37833e-37	3.14419e-38	3.70367e-39	4.80659e-40	5.56476e-41	7.11498e-42	8.32464e-43	
Rhynchospora_rubra	0	0	0	0	0	0	0	0	0	1	0	0	0	0	0	0	0	0	0	0	0	0	0	0	0	0	0	0	0	0	0	0	0	0	0	0	0	0	0	0	0	0	0	0	0	0	0	0	0	0	0	0	0	0	0	0	0	0	0	0	0	0	0	0	0	0	0	0	0	0	0	
Rhynchospora_globosa	0	0	0	0	0	0	0	0	0	0	0	1	0	0	0	0	0	0	0	0	0	0	0	0	0	0	0	0	0	0	0	0	0	0	0	0	0	0	0	0	0	0	0	0	0	0	0	0	0	0	0	0	0	0	0	0	0	0	0	0	0	0	0	0	0	0	0	0	0	0	0	
N18	0.0126147	0.0205105	0.0297942	0.0406392	0.0505042	0.0595556	0.0651015	0.068521	0.0678211	0.0657419	0.0606881	0.0558472	0.0493611	0.0442212	0.0382118	0.0339217	0.0290006	0.0257372	0.0219158	0.0195215	0.0165844	0.0148357	0.0126034	0.0113293	0.00962006	0.00868417	0.00738742	0.00669918	0.00570148	0.00518941	0.00442963	0.00404801	0.00345793	0.00317013	0.00271849	0.00250244	0.00214997	0.00198723	0.00171714	0.00159458	0.00138116	0.00128733	0.00112165	0.00104903	0.000915141	0.000857463	0.000751294	0.000704999	0.000617499	0.000579901	0.000509914	0.000479507	0.000421544	0.000396889	0.000350427	0.000330486	0.000291817	0.000275599	0.000244462	0.00023125	0.000205143	0.000194318	0.000173145	0.000164249	0.000146361	0.000139022	0.00012443	0.000118352	0.00010594	0.000100891	9.07041e-05	
N19	4.24954e-05	0.000147015	0.000522849	0.00163607	0.0041863	0.00915992	0.0168275	0.0275789	0.0399406	0.054538	0.0676432	0.0802822	0.0859111	0.0890723	0.0833974	0.0773146	0.0650473	0.0559187	0.0446732	0.0380662	0.0306739	0.0267987	0.0218816	0.0191293	0.0152306	0.0128004	0.00962702	0.0075405	0.00519661	0.00370109	0.00230448	0.00147364	0.000818501	0.00046732	0.000232732	0.000119545	5.39539e-05	2.54341e-05	1.06876e-05	4.73253e-06	1.88744e-06	8.05599e-07	3.15289e-07	1.33075e-07	5.1764e-08	2.18033e-08	8.48149e-09	3.53504e-09	1.34586e-09	5.44881e-10	2.00838e-10	7.78561e-11	2.72833e-11	1.00346e-11	3.34427e-12	1.16327e-12	3.65778e-13	1.20245e-13	3.59469e-14	1.1229e-14	3.22274e-15	1.00613e-15	3.25735e-16	1.47831e-16	9.16259e-17	7.86931e-17	7.01717e-17	6.83332e-17	6.25166e-17	6.06796e-17	5.51118e-17	
Rhynchospora_chinensis	0	0	0	0	0	0	0	0	0	0	0	0	0	0	0	0	0	0	0	0	0	0	0	0	0	0	0	0	0	0	1	0	0	0	0	0	0	0	0	0	0	0	0	0	0	0	0	0	0	0	0	0	0	0	0	0	0	0	0	0	0	0	0	0	0	0	0	0	0	0	0	
N20	4.21374e-05	0.000145695	0.000518831	0.00162597	0.0041685	0.00913176	0.0168041	0.0275714	0.0399965	0.0546352	0.0678141	0.0804137	0.0860715	0.0891166	0.0834807	0.0772877	0.0650846	0.0558802	0.044694	0.0380284	0.0306784	0.0267473	0.0218613	0.0190568	0.0151876	0.0127192	0.00957302	0.00746567	0.00514686	0.00364718	0.0022703	0.00144345	0.000801083	0.000454581	0.000226084	0.000115411	5.20022e-05	2.43671e-05	1.02178e-05	4.49923e-06	1.79023e-06	7.60373e-07	2.96795e-07	1.24712e-07	4.83596e-08	2.0275e-08	7.85681e-09	3.25661e-09	1.23436e-09	4.96474e-10	1.82099e-10	7.00589e-11	2.44259e-11	8.90954e-12	2.95356e-12	1.01816e-12	3.184e-13	1.03653e-13	3.07698e-14	9.47069e-15	2.65692e-15	7.74516e-16	2.06891e-16	5.72491e-17	1.45149e-17	3.8223e-18	9.27358e-19	2.33132e-19	5.40513e-20	1.30316e-20	2.8375e-21	
N21	6.69952e-05	0.000220065	0.00075486	0.00228852	0.00581402	0.0125711	0.0232393	0.0380174	0.0559123	0.0756172	0.0931582	0.10502	0.10673	0.099454	0.0847366	0.0684946	0.0527748	0.0406538	0.0311581	0.0246908	0.0196106	0.0159507	0.0126118	0.00989378	0.0072621	0.00517907	0.00336479	0.00213005	0.00120783	0.000689247	0.000347843	0.000189229	8.92884e-05	4.992e-05	2.33103e-05	1.37799e-05	6.41952e-06	3.84858e-06	1.75168e-06	1.01605e-06	4.40006e-07	2.40974e-07	9.85914e-08	5.05764e-08	1.93557e-08	9.28255e-09	3.33349e-09	1.49688e-09	5.01521e-10	2.11328e-10	6.65419e-11	2.64147e-11	7.77564e-12	2.9194e-12	8.13472e-13	2.90921e-13	7.65352e-14	2.63619e-14	6.78074e-15	2.30105e-15	5.93412e-16	2.03608e-16	5.6288e-17	1.96024e-17	5.69727e-18	1.96285e-18	5.92373e-19	1.97279e-19	5.88318e-20	1.88736e-20	5.61055e-21	
Rhynchospora_microcarpa	0	0	0	0	0	0	0	0	0	0	0	0	0	0	0	0	0	1	0	0	0	0	0	0	0	0	0	0	0	0	0	0	0	0	0	0	0	0	0	0	0	0	0	0	0	0	0	0	0	0	0	0	0	0	0	0	0	0	0	0	0	0	0	0	0	0	0	0	0	0	0	
N22	0.000149178	0.000487193	0.00162042	0.00470441	0.0114192	0.0234125	0.0410292	0.0639721	0.0897007	0.113112	0.125542	0.122662	0.105432	0.0821935	0.0595647	0.0423901	0.0304092	0.0228129	0.0174634	0.0135489	0.0101023	0.00723347	0.00476348	0.00295158	0.00165695	0.000882786	0.000426619	0.000202192	8.76738e-05	3.93584e-05	1.62128e-05	7.3002e-06	2.94769e-06	1.34339e-06	5.27991e-07	2.38692e-07	8.97526e-08	3.96861e-08	1.4221e-08	6.12559e-09	2.08619e-09	8.71697e-10	2.82646e-10	1.13888e-10	3.49554e-11	1.34922e-11	3.92611e-12	1.44673e-12	3.9711e-13	1.39611e-13	3.64287e-14	1.22634e-14	3.03717e-15	9.84862e-16	2.35887e-16	7.45377e-17	1.74135e-17	5.46032e-18	1.30865e-18	4.17319e-19	1.05163e-19	3.42177e-20	9.22343e-21	2.9626e-21	8.04264e-22	2.4766e-22	6.67746e-23	1.97051e-23	5.19352e-24	1.4906e-24	3.93461e-25	
Rhynchospora_rugosa	0	0	0	0	0	0	0	0	0	0	0	0	0	0	0	0	0	1	0	0	0	0	0	0	0	0	0	0	0	0	0	0	0	0	0	0	0	0	0	0	0	0	0	0	0	0	0	0	0	0	0	0	0	0	0	0	0	0	0	0	0	0	0	0	0	0	0	0	0	0	0	
N23	1.06013e-12	1.09995e-08	3.5721e-06	0.0189037	0.865026	0.00947738	0.0272457	0.0439328	0.0353924	1.88472e-05	5.58422e-09	1.14353e-12	4.81557e-16	3.22028e-16	2.44953e-16	1.29867e-16	4.21935e-17	6.46806e-18	3.55193e-21	9.58825e-25	1.65206e-28	2.17257e-32	2.22418e-36	2.0211e-40	1.53854e-44	1.12001e-48	6.91491e-53	4.16801e-57	2.10526e-61	1.04072e-65	4.27554e-70	1.72343e-74	5.74682e-79	1.89132e-83	5.13308e-88	1.38473e-92	3.06194e-97	6.78995e-102	1.22657e-106	2.23925e-111	3.29846e-116	4.94296e-121	5.93319e-126	7.22116e-131	6.94148e-136	6.65413e-141	4.94638e-146	3.50366e-151	1.83784e-156	8.47449e-162	2.62435e-167	5.8516e-173	5.8425e-179	4.08078e-83	1.25833e-85	3.90635e-88	1.02674e-90	2.67483e-93	5.80856e-96	1.21454e-98	2.0405e-101	3.1691e-104	3.71863e-107	3.64203e-110	2.2491e-113	7.8248e-117	1.22208e-25	1.21984e-25	1.11598e-25	1.11334e-25	1.02366e-25	
Rhynchospora_brownii	0	0	0	0	0	0	0	0	0	0	0	0	0	0	0	0	0	1	0	0	0	0	0	0	0	0	0	0	0	0	0	0	0	0	0	0	0	0	0	0	0	0	0	0	0	0	0	0	0	0	0	0	0	0	0	0	0	0	0	0	0	0	0	0	0	0	0	0	0	0	0	
Rhynchospora_marisculus	0	0	0	0	1	0	0	0	0	0	0	0	0	0	0	0	0	0	0	0	0	0	0	0	0	0	0	0	0	0	0	0	0	0	0	0	0	0	0	0	0	0	0	0	0	0	0	0	0	0	0	0	0	0	0	0	0	0	0	0	0	0	0	0	0	0	0	0	0	0	0	
N24	8.58484e-06	3.62801e-05	0.00015945	0.00059864	0.0018202	0.00472739	0.0103773	0.0192567	0.0299468	0.0413435	0.0526738	0.065868	0.0792975	0.0929906	0.100042	0.102728	0.0943617	0.0847956	0.0674564	0.0540113	0.0372668	0.0262408	0.0154623	0.00943197	0.00471193	0.00249781	0.00107191	0.000503578	0.000189199	8.06148e-05	2.73354e-05	1.08054e-05	3.36536e-06	1.24865e-06	3.66401e-07	1.28587e-07	3.54645e-08	1.17554e-08	3.09637e-09	9.70658e-10	2.39964e-10	7.09251e-11	1.67373e-11	4.67789e-12	1.03115e-12	2.72488e-13	5.74744e-14	1.44501e-14	2.85319e-15	6.85015e-16	1.31175e-16	3.03753e-17	5.52959e-18	1.24293e-18	2.25211e-19	4.95048e-20	8.71688e-21	1.87324e-21	3.33659e-22	6.99298e-23	1.21721e-23	2.47895e-24	4.34101e-25	8.57848e-26	1.46488e-26	2.81002e-27	4.79603e-28	8.94225e-29	1.48984e-29	2.71152e-30	4.52924e-31	
N25	3.93403e-06	1.82524e-05	9.00974e-05	0.000374066	0.00125392	0.00350455	0.0079524	0.0147906	0.0234406	0.0346121	0.04983	0.0711615	0.0956642	0.118773	0.129573	0.127224	0.10799	0.0840714	0.0563792	0.0357637	0.0192768	0.0102619	0.00453881	0.00212204	0.000796339	0.000346317	0.000115195	4.85022e-05	1.46734e-05	5.97364e-06	1.66989e-06	6.45903e-07	1.6627e-07	6.02128e-08	1.44767e-08	4.89798e-09	1.09046e-09	3.44435e-10	7.24211e-11	2.14767e-11	4.18686e-12	1.16841e-12	2.1756e-13	5.76643e-14	9.94895e-15	2.51527e-15	4.22588e-16	1.03216e-16	1.60691e-17	3.81256e-18	5.96748e-19	1.393e-19	2.01716e-20	4.65041e-21	7.01869e-22	1.60705e-22	2.23114e-23	5.09702e-24	7.67299e-25	1.75354e-25	2.51536e-26	5.85507e-27	9.75383e-28	2.26524e-28	3.80155e-29	8.57461e-30	1.54898e-30	3.26198e-31	5.59211e-32	1.10808e-32	1.91861e-33	
Rhynchospora_alba	0	0	0	0	0	0	0	0	0	0	0	0	1	0	0	0	0	0	0	0	0	0	0	0	0	0	0	0	0	0	0	0	0	0	0	0	0	0	0	0	0	0	0	0	0	0	0	0	0	0	0	0	0	0	0	0	0	0	0	0	0	0	0	0	0	0	0	0	0	0	0	
Rhynchospora_fusca	0	0	0	0	0	0	0	0	0	0	0	0	1	0	0	0	0	0	0	0	0	0	0	0	0	0	0	0	0	0	0	0	0	0	0	0	0	0	0	0	0	0	0	0	0	0	0	0	0	0	0	0	0	0	0	0	0	0	0	0	0	0	0	0	0	0	0	0	0	0	0	
Rhynchospora_capillacea	0	0	0	0	0	0	0	0	0	0	0	0	1	0	0	0	0	0	0	0	0	0	0	0	0	0	0	0	0	0	0	0	0	0	0	0	0	0	0	0	0	0	0	0	0	0	0	0	0	0	0	0	0	0	0	0	0	0	0	0	0	0	0	0	0	0	0	0	0	0	0	
N26	0.0337885	0.0517715	0.0687336	0.0843059	0.0933047	0.0974982	0.0940912	0.0873428	0.0761263	0.065054	0.0529109	0.043017	0.0335788	0.0266688	0.0204143	0.0161205	0.0122387	0.00968312	0.00733316	0.00582876	0.00440603	0.00351681	0.00265868	0.00213125	0.00160999	0.00129482	0.000979637	0.000790523	0.000597907	0.000483489	0.000366414	0.000296903	0.00022481	0.000182293	0.000138282	0.000112242	8.50338e-05	6.90291e-05	5.23911e-05	4.25356e-05	3.22103e-05	2.61247e-05	1.98087e-05	1.60526e-05	1.21352e-05	9.81704e-06	7.42799e-06	5.99997e-06	4.52403e-06	3.64635e-06	2.75146e-06	2.21345e-06	1.66407e-06	1.33554e-06	1.00468e-06	8.04674e-07	6.03095e-07	4.8193e-07	3.61497e-07	2.88318e-07	2.15539e-07	1.7158e-07	1.28415e-07	1.0208e-07	7.61923e-08	6.04997e-08	4.52511e-08	3.59169e-08	2.68259e-08	2.12993e-08	1.59726e-08	
Rhynchospora_robusta	0	0	0	0	1	0	0	0	0	0	0	0	0	0	0	0	0	0	0	0	0	0	0	0	0	0	0	0	0	0	0	0	0	0	0	0	0	0	0	0	0	0	0	0	0	0	0	0	0	0	0	0	0	0	0	0	0	0	0	0	0	0	0	0	0	0	0	0	0	0	0	
N27	0.0406483	0.0615873	0.0802369	0.0962389	0.10361	0.105193	0.098095	0.0880283	0.0736736	0.0606319	0.0470969	0.0368288	0.0273388	0.0209201	0.0151909	0.0116102	0.00834064	0.00641841	0.00458921	0.00356493	0.00253323	0.00198195	0.00140373	0.00110594	0.000777937	0.000615442	0.000432221	0.0003436	0.000239585	0.000190824	0.00013308	0.000106322	7.35271e-05	5.87386e-05	4.0684e-05	3.25526e-05	2.23254e-05	1.78382e-05	1.22673e-05	9.8057e-06	6.6667e-06	5.3173e-06	3.63313e-06	2.89949e-06	1.96133e-06	1.56517e-06	1.07075e-06	8.58273e-07	5.85842e-07	4.71634e-07	3.28633e-07	2.656e-07	1.85096e-07	1.49114e-07	1.05249e-07	8.40958e-08	5.87758e-08	4.64486e-08	3.26635e-08	2.55962e-08	1.78514e-08	1.39072e-08	9.78848e-09	7.60092e-09	5.32872e-09	4.12806e-09	2.92691e-09	2.26445e-09	1.60326e-09	1.23989e-09	8.88877e-10	
Rhynchospora_nervosa	0	0	0	0	1	0	0	0	0	0	0	0	0	0	0	0	0	0	0	0	0	0	0	0	0	0	0	0	0	0	0	0	0	0	0	0	0	0	0	0	0	0	0	0	0	0	0	0	0	0	0	0	0	0	0	0	0	0	0	0	0	0	0	0	0	0	0	0	0	0	0	
Rhynchospora_latifolia	0	0	0	0	1	0	0	0	0	0	0	0	0	0	0	0	0	0	0	0	0	0	0	0	0	0	0	0	0	0	0	0	0	0	0	0	0	0	0	0	0	0	0	0	0	0	0	0	0	0	0	0	0	0	0	0	0	0	0	0	0	0	0	0	0	0	0	0	0	0	0	
N28	0.00454418	0.00738094	0.01074	0.0147873	0.0187364	0.0228309	0.0261706	0.0293392	0.0314513	0.0334539	0.0344112	0.0354649	0.0355226	0.0358339	0.0351696	0.034839	0.0335312	0.032639	0.0308463	0.0295855	0.0275468	0.0261807	0.0241858	0.0229538	0.0211744	0.0201807	0.018676	0.0179097	0.0166178	0.016004	0.0148667	0.0143424	0.0132975	0.0128233	0.0118628	0.0114313	0.0105442	0.0101568	0.00935823	0.00902016	0.00830157	0.00801279	0.00738341	0.00714339	0.00658758	0.00639013	0.0059089	0.00574832	0.00532269	0.00519106	0.00482007	0.00471171	0.00437832	0.0042873	0.00399216	0.00391491	0.00364484	0.00357796	0.00333581	0.00327756	0.00305329	0.00300195	0.00279952	0.00275431	0.00256583	0.00252589	0.0023557	0.0023206	0.00216203	0.00213124	0.00198834	
N29	0.00859676	0.0141005	0.0207829	0.0288821	0.0367109	0.0443979	0.0499283	0.0541575	0.0553896	0.0555207	0.0531231	0.0506467	0.0464863	0.0431726	0.0387782	0.0356786	0.031727	0.0291682	0.0258462	0.0238354	0.0210829	0.0195156	0.0172659	0.0160511	0.0142003	0.0132524	0.0117471	0.0110093	0.00976801	0.00918718	0.00817524	0.00771798	0.00687549	0.00651003	0.00581861	0.00552828	0.00494898	0.00471725	0.00424037	0.00405535	0.00364987	0.00349965	0.00316232	0.0030406	0.0027498	0.00264964	0.00240548	0.00232328	0.00211025	0.00204183	0.00186164	0.00180485	0.00164601	0.00159826	0.00146286	0.0014228	0.00130229	0.0012683	0.00116496	0.00113616	0.00104344	0.00101881	0.000938746	0.000917689	0.000845307	0.000827178	0.000764384	0.00074876	0.000691631	0.000678102	0.000628272	
Scleria_pergracilis	0	0	0	0	1	0	0	0	0	0	0	0	0	0	0	0	0	0	0	0	0	0	0	0	0	0	0	0	0	0	0	0	0	0	0	0	0	0	0	0	0	0	0	0	0	0	0	0	0	0	0	0	0	0	0	0	0	0	0	0	0	0	0	0	0	0	0	0	0	0	0	
N30	0.00708921	0.0123305	0.0196133	0.029386	0.039795	0.0506686	0.0590475	0.0656825	0.0679021	0.0684069	0.065	0.0615428	0.0554896	0.0508641	0.044561	0.0402894	0.0346913	0.0311676	0.0265394	0.0237688	0.0200466	0.017912	0.0150254	0.0134208	0.0112037	0.0100064	0.00834609	0.00746091	0.00620569	0.00554472	0.004611	0.00411599	0.00340757	0.0030315	0.0025044	0.00221909	0.00182043	0.00160312	0.00130946	0.00114509	0.000926083	0.000802631	0.000645142	0.000554085	0.000440267	0.000374253	0.000295289	0.000248499	0.000193698	0.00016126	0.000124804	0.000102838	7.86308e-05	6.41054e-05	4.86746e-05	3.92851e-05	2.94823e-05	2.3556e-05	1.75667e-05	1.39039e-05	1.02574e-05	8.04454e-06	5.90225e-06	4.59047e-06	3.33615e-06	2.57477e-06	1.86399e-06	1.42915e-06	1.02703e-06	7.83239e-07	5.62373e-07	
Scleria_microcarpa	0	0	0	0	0	0	0	0	0	1	0	0	0	0	0	0	0	0	0	0	0	0	0	0	0	0	0	0	0	0	0	0	0	0	0	0	0	0	0	0	0	0	0	0	0	0	0	0	0	0	0	0	0	0	0	0	0	0	0	0	0	0	0	0	0	0	0	0	0	0	0	
N31	0.00413853	0.00775838	0.0136131	0.0224806	0.0332455	0.0456747	0.0567509	0.0665745	0.0718739	0.0749752	0.073076	0.0704115	0.0639237	0.0586536	0.0508965	0.0455504	0.0384372	0.0340391	0.0282574	0.024943	0.0204146	0.0179493	0.0144929	0.0126527	0.0100134	0.00862464	0.00668416	0.00566065	0.004267	0.00353817	0.00260299	0.00211346	0.0015089	0.00119762	0.000836014	0.000650046	0.000441059	0.000335841	0.000223885	0.000167526	0.000109088	8.02858e-05	5.18027e-05	3.76244e-05	2.38724e-05	1.70824e-05	1.07778e-05	7.5854e-06	4.69408e-06	3.23452e-06	1.97985e-06	1.33485e-06	7.98617e-07	5.2706e-07	3.12059e-07	2.02303e-07	1.1757e-07	7.50214e-08	4.33594e-08	2.72957e-08	1.55476e-08	9.66273e-09	5.48606e-09	3.37043e-09	1.89069e-09	1.14933e-09	6.44308e-10	3.88265e-10	2.15922e-10	1.2932e-10	7.22857e-11	
Scleria_tessellata	0	0	0	0	0	0	0	0	0	0	0	0	0	1	0	0	0	0	0	0	0	0	0	0	0	0	0	0	0	0	0	0	0	0	0	0	0	0	0	0	0	0	0	0	0	0	0	0	0	0	0	0	0	0	0	0	0	0	0	0	0	0	0	0	0	0	0	0	0	0	0	
Scleria_foliosa	0	0	0	0	0	0	0	0	0	1	0	0	0	0	0	0	0	0	0	0	0	0	0	0	0	0	0	0	0	0	0	0	0	0	0	0	0	0	0	0	0	0	0	0	0	0	0	0	0	0	0	0	0	0	0	0	0	0	0	0	0	0	0	0	0	0	0	0	0	0	0	
Calyptrocarya_glomerulata	0	0	0	0	0	0	0	0	0	1	0	0	0	0	0	0	0	0	0	0	0	0	0	0	0	0	0	0	0	0	0	0	0	0	0	0	0	0	0	0	0	0	0	0	0	0	0	0	0	0	0	0	0	0	0	0	0	0	0	0	0	0	0	0	0	0	0	0	0	0	0	
N32	1.25056e-05	3.71395e-05	0.000110976	0.000298939	0.000691005	0.00142599	0.00248699	0.00383098	0.0053787	0.00770613	0.0109505	0.0154519	0.0196849	0.0233373	0.0240144	0.0231841	0.0199117	0.0171734	0.0142783	0.0132881	0.0130775	0.0154268	0.0189631	0.0259493	0.0334681	0.044788	0.053868	0.0655897	0.0704898	0.0762793	0.0726173	0.0695562	0.0585263	0.049785	0.0374418	0.0287418	0.019802	0.0141858	0.00926988	0.0063755	0.0040455	0.00274208	0.00174164	0.00119357	0.000773667	0.000547553	0.000371014	0.000275802	0.000196657	0.000153886	0.000115092	9.31291e-05	7.08668e-05	5.75573e-05	4.35021e-05	3.46051e-05	2.53544e-05	1.94588e-05	1.3741e-05	1.01083e-05	6.8212e-06	4.79874e-06	3.10611e-06	2.09103e-06	1.29421e-06	8.35112e-07	4.97549e-07	3.08626e-07	1.76836e-07	1.05877e-07	5.89461e-08	
Cladium_mariscus	0	0	0	0	0	0	0	0	0	0	0	0	0	0	0	0	0	1	0	0	0	0	0	0	0	0	0	0	0	0	0	0	0	0	0	0	0	0	0	0	0	0	0	0	0	0	0	0	0	0	0	0	0	0	0	0	0	0	0	0	0	0	0	0	0	0	0	0	0	0	0	
Cladium_mariscoides	0	0	0	0	0	0	0	0	0	0	0	0	0	0	0	0	0	0	0	0	0	0	0	0	0	0	0	0	0	0	0	0	0	0	0	0	0	0	1	0	0	0	0	0	0	0	0	0	0	0	0	0	0	0	0	0	0	0	0	0	0	0	0	0	0	0	0	0	0	0	0	
N33	0.000903093	0.0017297	0.00314517	0.00544331	0.00852283	0.0125053	0.0167308	0.0212605	0.0250504	0.02868	0.0309659	0.0331791	0.0337941	0.0347236	0.0340092	0.0340793	0.0325261	0.0321854	0.0303382	0.0299942	0.028179	0.0279946	0.0263438	0.0262919	0.024684	0.0246105	0.0229925	0.0228051	0.0210927	0.0207476	0.0190323	0.018575	0.0168695	0.0163409	0.0147633	0.0142412	0.0128177	0.0123605	0.0111567	0.0107852	0.00974814	0.00946044	0.00861448	0.00841278	0.00769781	0.00756708	0.00698837	0.00691458	0.00641014	0.00636859	0.00593803	0.00590948	0.00550101	0.00546486	0.00508577	0.00503094	0.00464877	0.00456771	0.00420138	0.00409485	0.00372811	0.0035999	0.00325542	0.00311315	0.00278355	0.00263542	0.00233975	0.00219367	0.00192616	0.00178878	0.00156065	
Lepironia_articulata	0	0	0	0	0	0	0	0	0	0	0	0	0	0	0	0	1	0	0	0	0	0	0	0	0	0	0	0	0	0	0	0	0	0	0	0	0	0	0	0	0	0	0	0	0	0	0	0	0	0	0	0	0	0	0	0	0	0	0	0	0	0	0	0	0	0	0	0	0	0	0	
Chrysitrix_capensis	0	0	0	0	0	0	0	0	0	0	0	0	0	0	0	0	0	0	0	0	0	0	1	0	0	0	0	0	0	0	0	0	0	0	0	0	0	0	0	0	0	0	0	0	0	0	0	0	0	0	0	0	0	0	0	0	0	0	0	0	0	0	0	0	0	0	0	0	0	0	0	
