NODE	1	2	3	4	5	6	7	8	9	10	11	12	13	14	15	16	17	18	19	20	21	22	23	24	25	26	27	28	29	30	31	32	33	34	35	36	37	38	39	40	41	42	43	44	45	46	47	48	49	50	51	52	53	54	55	56	57	58	59	60	61	62	63	64	65	66	67	68	69	70	71	
N1	0.279774	0.246258	0.191535	0.131361	0.0790803	0.0415953	0.0190682	0.00760839	0.00264457	0.000801855	0.000212547	4.93496e-05	1.00545e-05	1.79976e-06	2.83241e-07	3.91955e-08	4.76825e-09	5.09624e-10	4.78205e-11	3.93624e-12	2.84019e-13	3.54042e-17	8.32864e-18	1.83296e-18	3.77372e-19	7.26827e-20	1.30979e-20	2.20895e-21	3.48764e-22	5.15734e-23	7.14644e-24	9.28484e-25	1.13176e-25	1.29518e-26	1.39257e-27	1.4078e-28	1.33919e-29	1.19969e-30	1.01291e-31	8.06694e-33	6.06512e-34	4.30846e-35	2.89411e-36	1.83981e-37	1.10778e-38	6.32273e-40	3.42354e-41	1.75997e-42	8.59677e-44	3.99298e-45	1.76489e-46	7.4288e-48	2.98e-49	1.14005e-50	4.16239e-52	1.45135e-53	4.83624e-55	1.54112e-56	4.69934e-58	1.3721e-59	3.83847e-61	1.02947e-62	2.64864e-64	6.54101e-66	1.55152e-67	3.53739e-69	7.76073e-71	1.64261e-72	3.38629e-74	7.11989e-76	1.97679e-77	
N2	0.00917526	0.0126211	0.018467	0.0271705	0.0379514	0.0507898	0.0622508	0.0730505	0.0800886	0.0836895	0.0822831	0.0796702	0.0717743	0.0646312	0.0555705	0.0471601	0.0379599	0.0311071	0.0231822	0.017592	0.0123418	0.00852891	0.00536831	0.00346255	0.00192895	0.00110553	0.000565261	0.000286698	0.000128334	5.99824e-05	2.3545e-05	9.71171e-06	3.49498e-06	1.26985e-06	4.02118e-07	1.36044e-07	3.77909e-08	1.12665e-08	2.91215e-09	7.73111e-10	1.76284e-10	4.37325e-11	8.85316e-12	1.96187e-12	3.72069e-13	7.33509e-14	1.2424e-14	2.3337e-15	3.51684e-16	5.88684e-17	8.44185e-18	1.2788e-18	1.64101e-19	2.36971e-20	2.74388e-21	3.58895e-22	3.96442e-23	4.67686e-24	4.70107e-25	5.39581e-26	4.89953e-27	5.10193e-28	4.57948e-29	4.50139e-30	3.8974e-31	4.03991e-32	3.85546e-33	4.44467e-34	5.20808e-35	6.97287e-36	1.49364e-36	
Lepironia_articulata	0	0	0	0	0	0	0	0	0	0	0	0	0	0	0	0	1	0	0	0	0	0	0	0	0	0	0	0	0	0	0	0	0	0	0	0	0	0	0	0	0	0	0	0	0	0	0	0	0	0	0	0	0	0	0	0	0	0	0	0	0	0	0	0	0	0	0	0	0	0	0	
Chrysitrix_capensis	0	0	0	0	0	0	0	0	0	0	0	0	0	0	0	0	0	0	0	0	0	0	1	0	0	0	0	0	0	0	0	0	0	0	0	0	0	0	0	0	0	0	0	0	0	0	0	0	0	0	0	0	0	0	0	0	0	0	0	0	0	0	0	0	0	0	0	0	0	0	0	
N3	0.246581	0.241607	0.198317	0.141568	0.0869114	0.0479502	0.0223436	0.0095392	0.00351216	0.00119063	0.000343334	0.000103682	2.39598e-05	6.63344e-06	1.41214e-06	3.74244e-07	6.65392e-08	1.84056e-08	2.66624e-09	6.52335e-10	8.5439e-11	1.71378e-11	1.83423e-12	3.7005e-13	3.04563e-14	4.81044e-15	3.96843e-16	5.66545e-17	3.49794e-18	4.67423e-19	2.48753e-20	3.13524e-21	1.51313e-22	1.31427e-23	5.73213e-25	6.51815e-26	1.95077e-27	1.3845e-28	4.83189e-30	3.74374e-31	8.86438e-33	5.34996e-34	1.1773e-35	7.55924e-37	1.43301e-38	5.73063e-40	1.08191e-41	6.25146e-43	7.6955e-45	2.47214e-46	3.66922e-48	1.40004e-49	1.46285e-51	4.66246e-53	4.81818e-55	1.63426e-56	1.39032e-58	2.72121e-60	2.47475e-62	7.76884e-64	4.52663e-66	8.03041e-68	6.97356e-70	1.55892e-71	7.98277e-74	1.32573e-75	6.76958e-78	1.28736e-79	8.69804e-82	2.07407e-83	7.51937e-85	
N4	0.183867	0.189908	0.172992	0.144163	0.109136	0.0782728	0.050582	0.0315935	0.0182571	0.0102273	0.00530131	0.00288912	0.00137928	0.000732448	0.000349813	0.000183925	8.26928e-05	4.575e-05	1.90105e-05	1.00864e-05	4.14524e-06	2.05129e-06	7.72946e-07	3.96621e-07	1.33878e-07	6.28224e-08	2.163e-08	9.57679e-09	2.94117e-09	1.31959e-09	3.73111e-10	1.5785e-10	4.42108e-11	1.64826e-11	4.29398e-12	1.74386e-12	3.9206e-13	1.35859e-13	3.22509e-14	1.08432e-14	2.22339e-15	7.27324e-16	1.38513e-16	4.3587e-17	8.18156e-18	2.18905e-18	3.8969e-19	1.18387e-19	1.77918e-20	4.42117e-21	7.21666e-22	1.78047e-22	2.50044e-23	6.0896e-24	8.10579e-25	1.90699e-25	2.47985e-26	4.83215e-27	6.10767e-28	1.39298e-28	1.46746e-29	2.7205e-30	3.28386e-31	6.16085e-32	6.17004e-33	1.12233e-33	1.15817e-34	2.34154e-35	3.80342e-36	1.18922e-36	6.69284e-37	
Calyptrocarya_glomerulata	0	0	0	0	0	0	0	0	0	1	0	0	0	0	0	0	0	0	0	0	0	0	0	0	0	0	0	0	0	0	0	0	0	0	0	0	0	0	0	0	0	0	0	0	0	0	0	0	0	0	0	0	0	0	0	0	0	0	0	0	0	0	0	0	0	0	0	0	0	0	0	
Scleria_foliosa	0	0	0	0	0	0	0	0	0	1	0	0	0	0	0	0	0	0	0	0	0	0	0	0	0	0	0	0	0	0	0	0	0	0	0	0	0	0	0	0	0	0	0	0	0	0	0	0	0	0	0	0	0	0	0	0	0	0	0	0	0	0	0	0	0	0	0	0	0	0	0	
N5	0.229827	0.231344	0.197699	0.147393	0.0941605	0.0543474	0.026271	0.0118907	0.00459077	0.00170441	0.0005157	0.000189358	4.44875e-05	1.71464e-05	3.70909e-06	1.53852e-06	2.52773e-07	1.27644e-07	1.59378e-08	8.00777e-09	9.44607e-10	3.80258e-10	3.66296e-11	1.84416e-11	1.28149e-12	4.59349e-13	4.10747e-14	1.51063e-14	8.22451e-16	2.75733e-16	1.4886e-17	6.24988e-18	2.96982e-19	5.43562e-20	2.81008e-21	1.30535e-21	3.3718e-23	5.5633e-24	2.94202e-25	9.3853e-26	2.01589e-27	3.33587e-28	9.33035e-30	3.02147e-30	6.08893e-32	5.64632e-33	1.7405e-34	5.99969e-35	7.18355e-37	5.84389e-38	1.55994e-39	3.24055e-40	3.62775e-42	4.16751e-43	6.83723e-45	1.51074e-45	1.42375e-47	7.6045e-49	1.29353e-50	2.77076e-51	1.83909e-53	1.02323e-54	2.16393e-56	3.44568e-57	2.02889e-59	1.27181e-60	1.00415e-62	1.21622e-63	8.8331e-66	7.67153e-67	1.64649e-67	
N6	0.0556126	0.0713514	0.0913232	0.11144	0.123162	0.126264	0.113484	0.0959317	0.0730438	0.0525221	0.034082	0.0225546	0.0127926	0.00776391	0.00414715	0.00233566	0.0011096	0.000614105	0.000255469	0.000127806	4.9622e-05	2.18965e-05	7.38057e-06	3.15988e-06	9.05614e-07	3.35631e-07	9.18887e-08	3.02365e-08	7.02556e-09	2.20318e-09	4.46509e-10	1.24719e-10	2.37202e-11	5.61746e-12	9.44907e-13	2.27619e-13	3.19851e-14	6.39896e-15	8.96125e-16	1.64721e-16	1.93826e-17	3.34916e-18	3.50683e-19	5.54303e-20	5.51799e-21	7.27593e-22	6.56833e-23	9.20783e-24	6.89822e-25	7.85017e-26	6.05421e-27	6.49368e-28	4.2297e-29	4.34675e-30	2.57947e-31	2.45357e-32	1.38616e-33	1.08913e-34	5.74155e-36	4.94338e-37	2.16081e-38	1.51691e-39	7.17159e-41	4.86714e-42	1.9194e-43	1.25625e-44	5.04236e-46	3.60251e-47	2.20007e-48	2.2302e-49	3.48186e-50	
N7	2.04523e-07	8.81779e-07	4.52311e-06	1.98676e-05	7.05249e-05	0.000217384	0.000585195	0.00143432	0.00283134	0.00435938	0.0063061	0.0102075	0.0159113	0.0252215	0.0451383	0.0863272	0.144112	0.194052	0.184881	0.130466	0.0705743	0.036583	0.0203686	0.0117796	0.00555212	0.00216529	0.000636739	0.000151445	3.0446e-05	7.2957e-06	2.47835e-06	1.14283e-06	4.95543e-07	1.94896e-07	6.32316e-08	1.86843e-08	4.32193e-09	9.05972e-10	1.53198e-10	2.27202e-11	2.71248e-12	2.97952e-13	2.5636e-14	2.06317e-15	1.36677e-16	8.28924e-18	4.19273e-19	2.05716e-20	8.15057e-22	3.17294e-23	1.05133e-24	3.3299e-26	9.01203e-28	2.45908e-29	5.53449e-31	1.2667e-32	2.50621e-34	4.87367e-36	8.25283e-38	1.44905e-39	2.13039e-41	3.28651e-43	4.54682e-45	6.46981e-47	8.59017e-49	1.25023e-50	1.73881e-52	2.61407e-54	3.87258e-56	5.80485e-58	1.04294e-59	
Cladium_mariscus	0	0	0	0	0	0	0	0	0	0	0	0	0	0	0	0	0	1	0	0	0	0	0	0	0	0	0	0	0	0	0	0	0	0	0	0	0	0	0	0	0	0	0	0	0	0	0	0	0	0	0	0	0	0	0	0	0	0	0	0	0	0	0	0	0	0	0	0	0	0	0	
Cladium_mariscoides	0	0	0	0	0	0	0	0	0	0	0	0	0	0	0	0	0	0	0	0	0	0	0	0	0	0	0	0	0	0	0	0	0	0	0	0	0	0	1	0	0	0	0	0	0	0	0	0	0	0	0	0	0	0	0	0	0	0	0	0	0	0	0	0	0	0	0	0	0	0	0	
N8	0.0151902	0.0224025	0.0357599	0.0561146	0.0803077	0.105356	0.12058	0.126431	0.11816	0.100981	0.0774005	0.0566434	0.0362871	0.0226899	0.0127537	0.00691013	0.0033066	0.00163073	0.000659192	0.00028113	0.000100972	3.69687e-05	1.11675e-05	3.78047e-06	9.59558e-07	2.80872e-07	6.54241e-08	1.6682e-08	3.28493e-09	7.82585e-10	1.31077e-10	2.70188e-11	4.12447e-12	7.18067e-13	9.29343e-14	1.53028e-14	1.62871e-15	2.21364e-16	2.18592e-17	2.55437e-18	2.06971e-19	2.20178e-20	1.49653e-21	1.36012e-22	8.35458e-24	6.17088e-25	3.1864e-26	2.26307e-27	9.37649e-29	5.31559e-30	2.07979e-31	1.02744e-32	3.27624e-34	1.49304e-35	4.10584e-37	1.65033e-38	4.24568e-40	1.42663e-41	3.3124e-43	1.1635e-44	2.26107e-46	6.58476e-48	1.3189e-49	3.5477e-51	5.91026e-53	1.51732e-54	2.45981e-56	6.59481e-58	1.5411e-59	5.32444e-61	2.4986e-62	
N9	0.00984068	0.0142517	0.0224361	0.0354725	0.0528176	0.0737099	0.0925944	0.107493	0.11362	0.110544	0.098602	0.0833108	0.0635086	0.0459786	0.0305565	0.0193272	0.0113422	0.00680358	0.00360268	0.00201266	0.00103217	0.000558301	0.00027547	0.000159133	7.46102e-05	4.09659e-05	1.85365e-05	9.1077e-06	3.53849e-06	1.63604e-06	5.50892e-07	2.29038e-07	7.471e-08	2.90258e-08	8.94631e-09	3.62372e-09	1.01656e-09	3.6969e-10	1.01054e-10	3.29068e-11	7.73473e-12	2.42149e-12	5.04303e-13	1.45656e-13	3.10739e-14	8.57292e-15	1.8595e-15	6.11951e-16	1.30822e-16	4.11004e-17	9.57057e-18	2.90661e-18	5.98298e-19	1.78685e-19	3.3094e-20	8.97286e-21	1.58257e-21	3.64001e-22	5.79516e-23	1.37644e-23	1.8381e-24	3.64234e-25	4.97061e-26	9.19863e-27	1.07333e-27	1.94881e-28	2.32472e-29	4.7331e-30	8.84044e-31	2.60513e-31	9.97098e-32	
Schoenus_brevifolius	0	0	0	0	0	0	0	0	0	0	0	0	0	0	0	0	0	0	0	0	0	0	0	0	0	0	0	0	0	0	0	0	0	0	0	0	0	0	0	0	0	0	0	0	0	0	0	0	0	0	0	0	0	0	0	0	0	0	0	0	1	0	0	0	0	0	0	0	0	0	0	
N10	0.0147615	0.0211377	0.0323346	0.0488307	0.0687733	0.090124	0.10683	0.116868	0.116382	0.105679	0.087391	0.0671444	0.0473765	0.0316736	0.0199083	0.011811	0.00655537	0.00346399	0.00167167	0.000764793	0.00032264	0.000126929	4.57834e-05	1.58233e-05	4.87494e-06	1.44378e-06	3.88808e-07	9.82783e-08	2.24193e-08	4.96194e-09	9.59171e-10	1.81133e-10	3.07353e-11	4.9927e-12	7.2817e-13	1.06376e-13	1.3436e-14	1.71462e-15	1.96131e-16	2.19944e-17	2.19767e-18	2.26488e-19	1.987e-20	1.81537e-21	1.47671e-22	1.204e-23	8.73563e-25	6.76444e-26	4.40992e-27	3.08163e-28	1.91188e-29	1.21158e-30	6.78213e-32	4.07478e-33	2.05782e-34	1.11258e-35	5.28657e-37	2.56907e-38	1.09828e-39	5.03809e-41	1.93537e-42	8.03507e-44	2.95257e-45	1.14488e-46	4.03373e-48	1.64684e-49	6.42399e-51	2.9999e-52	1.44399e-53	7.59298e-55	5.63499e-56	
Schoenus_apogon	0	0	0	1	0	0	0	0	0	0	0	0	0	0	0	0	0	0	0	0	0	0	0	0	0	0	0	0	0	0	0	0	0	0	0	0	0	0	0	0	0	0	0	0	0	0	0	0	0	0	0	0	0	0	0	0	0	0	0	0	0	0	0	0	0	0	0	0	0	0	0	
Schoenus_nigricans	0	0	0	0	0	0	0	0	0	0	0	0	0	0	0	0	0	0	0	0	0	1	0	0	0	0	0	0	0	0	0	0	0	0	0	0	0	0	0	0	0	0	0	0	0	0	0	0	0	0	0	0	0	0	0	0	0	0	0	0	0	0	0	0	0	0	0	0	0	0	0	
N11	0.0129786	0.0189253	0.0301568	0.0480074	0.0707627	0.09594	0.114367	0.12434	0.120841	0.10698	0.0851506	0.0646644	0.0430226	0.0281769	0.0165511	0.00958301	0.00475	0.00270451	0.00109998	0.000594918	0.000222464	0.000115655	3.44147e-05	2.13929e-05	4.95504e-06	3.0079e-06	7.00859e-07	3.91767e-07	7.23389e-08	4.42158e-08	6.9609e-09	3.96215e-09	6.20125e-10	2.86476e-10	3.8808e-11	2.09128e-11	2.1757e-12	8.77203e-13	1.05467e-13	4.00263e-14	3.36022e-15	1.19298e-15	8.98715e-17	3.25307e-17	2.37644e-18	4.85107e-19	3.33581e-20	1.25307e-20	5.00062e-22	9.09461e-23	6.20393e-24	1.51451e-24	5.01634e-26	9.27897e-27	3.50658e-28	9.01349e-29	2.64943e-30	2.65918e-31	9.99553e-33	2.52594e-33	4.45647e-35	4.1737e-36	1.54453e-37	2.5707e-38	3.93062e-40	3.69306e-41	7.71405e-43	1.24706e-43	2.10817e-45	2.46248e-46	6.53961e-47	
Oreobolus_pectinatus	0	0	0	0	0	0	0	0	0	0	0	0	0	0	0	0	0	0	1	0	0	0	0	0	0	0	0	0	0	0	0	0	0	0	0	0	0	0	0	0	0	0	0	0	0	0	0	0	0	0	0	0	0	0	0	0	0	0	0	0	0	0	0	0	0	0	0	0	0	0	0	
N12	0.0104104	0.0149489	0.0235336	0.0375757	0.0565781	0.0793836	0.099452	0.114283	0.118385	0.111875	0.0958246	0.0778393	0.0564736	0.0399237	0.025931	0.0164112	0.00930356	0.00576185	0.00283277	0.00166113	0.000786632	0.000442597	0.000184471	0.000114198	4.1605e-05	2.46513e-05	9.14906e-06	5.15035e-06	1.6937e-06	1.02614e-06	3.08748e-07	1.78694e-07	5.42338e-08	2.77885e-08	7.60002e-09	4.26727e-09	9.6214e-10	4.404e-10	1.05882e-10	4.5398e-11	8.69412e-12	3.62757e-12	6.15379e-13	2.43624e-13	4.02425e-14	1.18237e-14	1.79e-15	6.8721e-16	7.62698e-17	2.00967e-17	2.69618e-18	7.6152e-19	7.32252e-20	1.84695e-20	1.71113e-21	4.53333e-22	3.75829e-23	6.60182e-24	5.63244e-25	1.43237e-25	8.39144e-27	1.33692e-27	1.04403e-28	1.97024e-29	1.03026e-30	1.57623e-31	8.70263e-33	1.58514e-33	1.09978e-34	2.6637e-35	1.17948e-35	
Gahnia_aspera	0	0	0	0	0	0	0	0	0	0	0	0	0	0	0	0	0	0	0	0	0	0	0	0	0	0	0	0	0	0	0	0	0	0	0	0	0	0	0	1	0	0	0	0	0	0	0	0	0	0	0	0	0	0	0	0	0	0	0	0	0	0	0	0	0	0	0	0	0	0	0	
N13	0.00246693	0.00435708	0.00872318	0.0170731	0.0304489	0.0496586	0.071738	0.0947077	0.11285	0.122578	0.120714	0.109771	0.0891642	0.0666258	0.0447749	0.0272137	0.0147354	0.00733016	0.00316643	0.00126107	0.000444683	0.000142754	4.05579e-05	1.09736e-05	2.55185e-06	5.74901e-07	1.15319e-07	2.19656e-08	3.70996e-09	6.26815e-10	8.98474e-11	1.30098e-11	1.65573e-12	2.0657e-13	2.26487e-14	2.58544e-15	2.48633e-16	2.53828e-17	2.31128e-18	2.17493e-19	1.82256e-20	1.66855e-21	1.28386e-22	1.07607e-23	7.84104e-25	5.8718e-26	3.7831e-27	2.65233e-28	1.49211e-29	9.1378e-31	4.75963e-32	2.56414e-33	1.16382e-34	5.83451e-36	2.32125e-37	1.02507e-38	3.79785e-40	1.47743e-41	4.84473e-43	1.78846e-44	5.17121e-46	1.69339e-47	4.70799e-49	1.41457e-50	3.67952e-52	1.13985e-53	3.19352e-55	1.09126e-56	3.75936e-58	1.42135e-59	7.19976e-61	
Tetraria_capillaris	0	0	0	0	0	0	0	0	0	1	0	0	0	0	0	0	0	0	0	0	0	0	0	0	0	0	0	0	0	0	0	0	0	0	0	0	0	0	0	0	0	0	0	0	0	0	0	0	0	0	0	0	0	0	0	0	0	0	0	0	0	0	0	0	0	0	0	0	0	0	0	
N14	4.41191e-05	0.000121717	0.00041714	0.0013482	0.0037742	0.00930807	0.0200174	0.0390327	0.0653993	0.0920531	0.112814	0.126717	0.12306	0.111309	0.0961195	0.0789351	0.056135	0.0351103	0.0168667	0.00724187	0.0026461	0.000982918	0.000346754	0.000138379	4.2914e-05	1.38648e-05	3.43658e-06	8.63344e-07	1.84646e-07	5.58041e-08	1.59883e-08	6.24495e-09	1.94106e-09	6.58046e-10	1.63402e-10	4.72417e-11	8.92537e-12	1.97926e-12	3.12706e-13	5.43041e-14	6.54529e-15	9.64881e-16	9.03253e-17	1.05675e-17	8.52625e-19	7.78309e-20	5.02516e-21	4.23906e-22	2.14764e-23	1.42661e-24	6.67669e-26	3.75347e-27	1.41065e-28	7.2297e-30	2.28271e-31	1.00139e-32	2.88003e-34	1.03767e-35	2.59072e-37	9.25389e-39	1.89718e-40	5.56348e-42	1.12596e-43	2.99401e-45	5.07597e-47	1.28236e-48	2.13076e-50	5.69432e-52	1.35228e-53	4.67749e-55	2.18887e-56	
Machaerina_mariscoides	0	0	0	0	0	0	0	0	0	0	0	0	0	0	0	0	0	0	0	0	0	0	0	0	0	0	0	0	0	0	0	0	0	0	0	0	0	0	1	0	0	0	0	0	0	0	0	0	0	0	0	0	0	0	0	0	0	0	0	0	0	0	0	0	0	0	0	0	0	0	0	
Baumea_articulata	0	0	0	0	0	0	0	0	0	0	0	1	0	0	0	0	0	0	0	0	0	0	0	0	0	0	0	0	0	0	0	0	0	0	0	0	0	0	0	0	0	0	0	0	0	0	0	0	0	0	0	0	0	0	0	0	0	0	0	0	0	0	0	0	0	0	0	0	0	0	0	
N15	0.218381	0.219136	0.189083	0.145632	0.0995692	0.0625375	0.0345688	0.0176814	0.00809704	0.00339526	0.00127128	0.000451935	0.000139218	4.1443e-05	1.09685e-05	2.76916e-06	6.13774e-07	1.38399e-07	2.57189e-08	4.96213e-09	8.12937e-10	1.33345e-10	1.82869e-11	2.70544e-12	3.08733e-13	3.86462e-14	3.94342e-15	4.20646e-16	3.59282e-17	3.4833e-18	2.51887e-19	2.09638e-20	1.37147e-21	9.71042e-23	5.44635e-24	3.61934e-25	1.71462e-26	9.67041e-28	4.28431e-29	2.11875e-30	7.99805e-32	3.67453e-33	1.20467e-34	4.87161e-36	1.48882e-37	5.17e-39	1.38804e-40	4.69764e-42	1.08106e-43	3.13001e-45	6.95865e-47	1.81435e-48	3.49227e-50	8.65485e-52	1.48239e-53	3.29761e-55	5.36443e-57	1.03646e-58	1.52319e-60	2.95357e-62	3.75856e-64	6.29755e-66	8.05064e-68	1.24829e-69	1.42181e-71	2.21406e-73	2.64805e-75	4.55709e-77	7.61796e-79	1.6077e-80	4.45571e-82	
N16	0.0621384	0.0797593	0.102027	0.123881	0.135581	0.135669	0.11829	0.0939045	0.0656931	0.0411819	0.0226107	0.0114135	0.00490927	0.0019607	0.000682753	0.000217897	6.0303e-05	1.61185e-05	3.57741e-06	7.81009e-07	1.46239e-07	2.62378e-08	4.00748e-09	6.25072e-10	7.81662e-11	1.01405e-11	1.10658e-12	1.20611e-13	1.09493e-14	1.06481e-15	8.14315e-17	6.75735e-18	4.62741e-19	3.27886e-20	1.92497e-21	1.25969e-22	6.31567e-24	3.55318e-25	1.65006e-26	8.15353e-28	3.2744e-29	1.50503e-30	5.2947e-32	2.15315e-33	7.08264e-35	2.52238e-36	7.3488e-38	2.52027e-39	6.43475e-41	1.93602e-42	4.74567e-44	1.29044e-45	2.7971e-47	7.27552e-49	1.41697e-50	3.33194e-52	6.21011e-54	1.30114e-55	2.20495e-57	4.57243e-59	6.89349e-61	1.27376e-62	1.91461e-64	3.30538e-66	4.62212e-68	8.25628e-70	1.25424e-71	2.51457e-73	5.0549e-75	1.18406e-76	3.60728e-78	
Rhynchospora_corniculata	0	0	0	0	0	0	0	0	1	0	0	0	0	0	0	0	0	0	0	0	0	0	0	0	0	0	0	0	0	0	0	0	0	0	0	0	0	0	0	0	0	0	0	0	0	0	0	0	0	0	0	0	0	0	0	0	0	0	0	0	0	0	0	0	0	0	0	0	0	0	0	
N17	0.016885	0.0286143	0.0523906	0.08831	0.126977	0.157781	0.162151	0.143285	0.10521	0.0648279	0.0326875	0.0141412	0.00484605	0.00144955	0.000353358	7.52069e-05	1.29871e-05	2.15821e-06	2.72439e-07	3.49687e-08	3.54851e-09	3.57857e-10	2.78083e-11	2.4115e-12	1.43981e-13	9.93283e-15	5.04133e-16	2.80567e-17	1.12096e-18	5.49754e-20	1.77172e-21	7.2089e-23	2.04779e-24	6.85078e-26	1.62451e-27	5.16752e-29	1.00013e-30	2.62125e-32	4.83746e-34	1.11413e-35	1.70569e-37	3.70197e-39	4.88899e-41	9.40404e-43	1.17472e-44	1.88121e-46	2.06954e-48	3.44167e-50	3.1365e-52	4.27801e-54	3.9438e-56	4.98278e-58	3.8544e-60	4.63992e-62	3.22699e-64	3.56899e-66	2.3532e-68	2.17215e-70	1.32355e-72	1.31694e-74	6.68167e-77	5.46147e-79	2.9449e-81	2.31129e-83	1.04442e-85	7.90046e-88	3.56716e-90	2.9085e-92	1.96536e-94	2.16504e-96	2.99597e-98	
Rhynchospora_albiceps	0	0	0	0	0	0	0	0	0	1	0	0	0	0	0	0	0	0	0	0	0	0	0	0	0	0	0	0	0	0	0	0	0	0	0	0	0	0	0	0	0	0	0	0	0	0	0	0	0	0	0	0	0	0	0	0	0	0	0	0	0	0	0	0	0	0	0	0	0	0	0	
N18	0.00560945	0.0128345	0.0315105	0.0670741	0.115672	0.163454	0.184959	0.171876	0.126441	0.0730402	0.0323623	0.011411	0.00299011	0.000642701	0.000107012	1.50581e-05	1.64443e-06	1.81851e-07	1.39493e-08	1.21664e-09	7.55998e-11	5.17514e-12	2.36383e-13	1.40565e-14	4.71999e-16	2.17948e-17	6.15492e-19	2.25108e-20	4.85579e-22	1.57313e-23	2.69626e-25	7.23785e-27	1.10512e-28	2.37484e-30	3.03951e-32	6.7752e-34	6.78773e-36	1.17815e-37	1.23261e-39	1.96878e-41	1.60616e-43	2.44075e-45	1.74308e-47	2.45952e-49	1.65934e-51	1.77057e-53	1.08338e-55	1.37895e-57	6.42353e-60	5.94197e-62	3.0534e-64	2.89314e-66	1.15009e-68	9.68032e-71	3.62921e-73	3.06236e-75	1.0349e-77	6.45436e-80	2.1617e-82	1.68669e-84	4.2847e-87	2.38267e-89	7.21627e-92	4.31682e-94	9.86913e-97	5.22995e-99	1.19368e-101	6.90425e-104	2.22296e-106	1.73551e-108	1.76463e-110	
Rhynchospora_barbata	0	0	0	0	1	0	0	0	0	0	0	0	0	0	0	0	0	0	0	0	0	0	0	0	0	0	0	0	0	0	0	0	0	0	0	0	0	0	0	0	0	0	0	0	0	0	0	0	0	0	0	0	0	0	0	0	0	0	0	0	0	0	0	0	0	0	0	0	0	0	0	
N19	0.000162958	0.000596561	0.00255469	0.0091696	0.0256706	0.0577527	0.105319	0.165508	0.206767	0.196781	0.131742	0.0676195	0.0224552	0.0063872	0.00125407	0.000228762	2.71583e-05	3.75635e-06	2.78689e-07	2.64861e-08	1.41393e-09	9.30125e-11	3.42071e-12	1.86686e-13	4.78961e-15	1.92472e-16	4.32279e-18	1.40568e-19	2.33244e-21	6.9169e-23	9.32611e-25	2.39007e-26	2.91746e-28	5.49835e-30	5.76538e-32	1.25158e-33	9.51631e-36	1.43264e-37	1.16782e-39	1.74972e-41	1.0454e-43	1.31885e-45	7.13526e-48	9.0139e-50	4.34452e-52	3.84975e-54	1.77162e-56	2.01033e-58	6.72497e-61	5.01168e-63	1.92066e-65	1.56728e-67	4.58246e-70	3.35386e-72	9.44854e-75	7.01058e-77	1.7857e-79	8.96952e-82	2.3512e-84	1.69881e-86	3.15811e-89	1.48607e-91	3.76508e-94	2.02752e-96	3.5153e-99	1.62579e-101	2.80843e-104	1.43351e-106	3.56853e-109	2.42875e-111	2.12573e-113	
Rhynchospora_globosa	0	0	0	0	0	0	0	0	0	0	0	1	0	0	0	0	0	0	0	0	0	0	0	0	0	0	0	0	0	0	0	0	0	0	0	0	0	0	0	0	0	0	0	0	0	0	0	0	0	0	0	0	0	0	0	0	0	0	0	0	0	0	0	0	0	0	0	0	0	0	0	
Rhynchospora_rubra	0	0	0	0	0	0	0	0	0	1	0	0	0	0	0	0	0	0	0	0	0	0	0	0	0	0	0	0	0	0	0	0	0	0	0	0	0	0	0	0	0	0	0	0	0	0	0	0	0	0	0	0	0	0	0	0	0	0	0	0	0	0	0	0	0	0	0	0	0	0	0	
N20	0.213211	0.215734	0.188548	0.147334	0.101941	0.0648116	0.035945	0.0184981	0.0084441	0.00354782	0.00130921	0.000474896	0.000141962	4.41101e-05	1.15051e-05	3.17323e-06	6.81234e-07	1.92233e-07	3.37589e-08	8.99862e-09	1.47793e-09	3.54109e-10	4.79271e-11	1.20785e-11	1.30644e-12	2.80032e-13	2.97586e-14	5.61318e-15	4.72663e-16	8.66498e-17	6.24405e-18	1.03838e-18	7.05652e-20	9.0682e-21	5.48683e-22	8.62965e-23	3.88204e-24	4.3201e-25	2.32217e-26	2.71509e-27	1.03325e-28	1.08367e-29	3.89618e-31	4.38849e-32	1.46825e-33	1.04498e-34	3.50769e-36	3.96628e-37	8.7685e-39	5.67365e-40	1.70164e-41	1.38746e-42	2.75191e-44	1.80515e-45	3.7626e-47	2.92895e-48	5.08664e-50	2.27065e-51	4.5043e-53	3.4047e-54	4.29918e-56	1.78189e-57	3.3825e-59	1.91536e-60	2.21603e-62	9.19055e-64	1.16494e-65	6.10479e-67	9.03182e-69	5.49678e-70	5.94031e-71	
Rhynchospora_cephalotes	0	0	0	0	0	0	0	0	1	0	0	0	0	0	0	0	0	0	0	0	0	0	0	0	0	0	0	0	0	0	0	0	0	0	0	0	0	0	0	0	0	0	0	0	0	0	0	0	0	0	0	0	0	0	0	0	0	0	0	0	0	0	0	0	0	0	0	0	0	0	0	
N21	0.182746	0.194733	0.184128	0.15614	0.116082	0.0781314	0.0452463	0.0240216	0.0112259	0.00479829	0.00180037	0.000659539	0.000201348	6.29374e-05	1.68474e-05	4.62356e-06	1.03901e-06	2.74622e-07	5.16428e-08	1.21056e-08	2.07112e-09	4.17892e-10	5.96776e-11	1.15466e-11	1.34782e-12	2.19814e-13	2.40667e-14	3.41768e-15	3.0753e-16	4.14266e-17	3.18651e-18	3.80266e-19	2.73363e-20	2.69569e-21	1.70312e-22	1.78928e-23	9.12945e-25	7.65066e-26	4.04488e-27	3.19148e-28	1.36541e-29	1.00876e-30	3.85795e-32	2.67607e-33	9.7094e-35	5.3388e-36	1.78378e-37	1.12742e-38	2.9866e-40	1.43538e-41	4.11481e-43	1.97052e-44	4.58613e-46	2.0595e-47	4.4756e-49	1.94397e-50	3.95099e-52	1.32945e-53	2.62543e-55	1.07046e-56	1.66614e-58	5.15124e-60	9.49293e-62	3.08447e-63	4.55805e-65	1.43681e-66	2.29577e-68	8.81812e-70	2.45861e-71	1.61643e-72	1.8049e-73	
N22	2.39888e-05	0.000103654	0.000565864	0.00255618	0.00880273	0.0240614	0.050825	0.0883961	0.126567	0.155238	0.160534	0.147963	0.110064	0.0698433	0.0344622	0.0139286	0.00443176	0.00127626	0.000285566	5.91175e-05	9.79072e-06	1.50666e-06	1.97167e-07	2.70028e-08	2.91494e-09	3.11752e-10	2.56122e-11	1.90838e-12	1.05695e-13	5.80407e-15	3.40789e-16	1.20243e-16	8.00822e-17	5.89772e-17	3.58204e-17	2.43916e-17	1.25887e-17	7.331e-18	3.49849e-18	1.78553e-18	7.3505e-19	3.49073e-19	1.26029e-19	5.31076e-20	1.80119e-20	6.67432e-21	2.01884e-21	7.27897e-22	1.94451e-22	6.20264e-23	1.61191e-23	4.70678e-24	1.0945e-24	3.10071e-25	6.57375e-26	1.70958e-26	3.52463e-27	8.2863e-28	1.58007e-28	3.74876e-29	6.45995e-30	1.38702e-30	2.43067e-31	4.96563e-32	8.22063e-33	1.76665e-33	3.23169e-34	7.9389e-35	1.9695e-35	5.7777e-36	2.03478e-36	
Rhynchospora_chinensis	0	0	0	0	0	0	0	0	0	0	0	0	0	0	0	0	0	0	0	0	0	0	0	0	0	0	0	0	0	0	1	0	0	0	0	0	0	0	0	0	0	0	0	0	0	0	0	0	0	0	0	0	0	0	0	0	0	0	0	0	0	0	0	0	0	0	0	0	0	0	0	
N23	2.34193e-05	0.000100644	0.000551605	0.00250902	0.00870314	0.0238947	0.0506695	0.0883243	0.126771	0.155596	0.161056	0.148096	0.110073	0.0695966	0.0342777	0.0137922	0.00437326	0.00124725	0.000277008	5.65263e-05	9.24986e-06	1.39681e-06	1.79639e-07	2.39517e-08	2.52577e-09	2.61438e-10	2.08503e-11	1.49537e-12	7.99299e-14	4.07975e-15	1.46643e-16	5.10826e-18	1.31998e-19	3.17265e-21	5.71153e-23	1.03978e-24	1.3152e-26	1.71688e-28	1.69694e-30	1.68744e-32	1.20615e-34	1.2562e-36	6.34238e-39	8.06032e-41	7.01249e-43	7.75681e-45	3.37243e-47	1.146e-48	2.10262e-51	7.38498e-53	2.3577e-55	5.31833e-57	5.12437e-60	3.2508e-61	1.20096e-64	1.44361e-65	5.30493e-69	4.7699e-70	8.19747e-74	1.43564e-74	1.47379e-78	2.79293e-79	2.83988e-83	4.96494e-84	3.76255e-88	6.11652e-89	4.24465e-93	6.58255e-94	4.06119e-98	5.04313e-99	2.8064e-101	
N24	2.7097e-06	1.20418e-05	7.14965e-05	0.000370271	0.00152994	0.00500096	0.0132303	0.0308949	0.0649157	0.118219	0.175647	0.205815	0.179603	0.118334	0.0577119	0.0211879	0.00584347	0.00134058	0.000228382	3.57793e-05	4.49629e-06	5.27851e-07	4.79368e-08	4.71558e-09	3.10559e-10	2.32089e-11	1.22653e-12	7.0127e-14	2.77084e-15	1.33468e-16	4.05663e-18	1.55961e-19	3.99123e-21	1.2343e-22	2.55287e-24	7.25972e-26	1.20841e-27	2.82101e-29	4.46175e-31	9.02844e-33	1.18427e-34	2.32621e-36	2.60748e-38	4.48518e-40	4.88913e-42	6.91688e-44	6.56065e-46	9.95512e-48	7.65126e-50	9.3308e-52	7.40588e-54	8.40685e-56	5.45232e-58	5.86916e-60	3.42401e-62	3.42887e-64	1.86713e-66	1.53192e-68	7.76659e-71	6.97215e-73	2.89311e-75	2.08671e-77	9.22965e-80	6.54356e-82	2.37562e-84	1.56151e-86	5.61804e-89	3.96945e-91	2.04929e-93	1.97481e-95	2.38385e-97	
Rhynchospora_fusca	0	0	0	0	0	0	0	0	0	0	0	0	1	0	0	0	0	0	0	0	0	0	0	0	0	0	0	0	0	0	0	0	0	0	0	0	0	0	0	0	0	0	0	0	0	0	0	0	0	0	0	0	0	0	0	0	0	0	0	0	0	0	0	0	0	0	0	0	0	0	0	
Rhynchospora_alba	0	0	0	0	0	0	0	0	0	0	0	0	1	0	0	0	0	0	0	0	0	0	0	0	0	0	0	0	0	0	0	0	0	0	0	0	0	0	0	0	0	0	0	0	0	0	0	0	0	0	0	0	0	0	0	0	0	0	0	0	0	0	0	0	0	0	0	0	0	0	0	
N25	1.15206e-05	5.77117e-05	0.000380066	0.00206443	0.00851693	0.0272076	0.0662142	0.120312	0.160937	0.166188	0.145199	0.115624	0.0839172	0.0545602	0.0299184	0.0130815	0.00438575	0.00115752	0.000224242	3.65307e-05	4.78542e-06	5.47361e-07	4.89076e-08	4.61602e-09	2.77497e-10	1.8623e-11	8.38274e-13	3.98044e-14	1.22365e-15	4.57057e-17	9.96388e-19	2.76764e-20	4.6809e-22	9.82723e-24	1.25544e-25	2.24047e-27	2.18702e-29	3.07075e-31	2.69107e-33	3.11577e-35	2.20595e-37	2.45659e-39	1.43465e-41	1.3451e-43	7.78674e-46	5.8167e-48	2.83383e-50	2.33714e-52	8.78838e-55	5.54822e-57	2.21051e-59	1.27657e-61	3.93136e-64	2.15567e-66	5.86499e-69	2.97134e-71	7.37453e-74	2.92742e-76	6.726e-79	2.98551e-81	5.37879e-84	1.82841e-86	3.5234e-89	1.20388e-91	1.82045e-94	5.40105e-97	8.07709e-100	2.59058e-102	5.04988e-105	2.10556e-107	1.07996e-109	
Rhynchospora_rugosa	0	0	0	0	0	0	0	0	0	0	0	0	0	0	0	0	0	1	0	0	0	0	0	0	0	0	0	0	0	0	0	0	0	0	0	0	0	0	0	0	0	0	0	0	0	0	0	0	0	0	0	0	0	0	0	0	0	0	0	0	0	0	0	0	0	0	0	0	0	0	0	
N26	1.7124e-05	9.24776e-05	0.00062265	0.00338051	0.0136369	0.0414576	0.0941375	0.155023	0.182166	0.163277	0.126791	0.0922362	0.0623046	0.0373198	0.0183094	0.00687137	0.0019039	0.000388647	5.74804e-05	6.47209e-06	5.7339e-07	4.10588e-08	2.43755e-09	1.632e-10	7.12938e-12	4.35875e-13	1.89444e-14	9.66851e-16	2.76155e-17	1.55061e-18	3.0671e-20	1.42753e-21	2.365e-23	8.74132e-25	1.09322e-26	3.54226e-28	3.42615e-30	8.88589e-32	7.41606e-34	1.57306e-35	1.07453e-37	2.07632e-39	1.17153e-41	1.92502e-43	1.146e-45	1.43655e-47	7.20816e-50	1.22372e-51	4.58307e-54	5.31328e-56	3.15723e-58	3.17359e-60	1.1579e-62	1.58979e-64	4.82854e-67	5.88856e-69	2.08894e-71	1.43771e-73	4.83831e-76	6.9731e-78	1.28092e-80	9.36455e-83	3.1079e-85	3.24185e-87	5.2582e-90	3.75178e-92	8.07809e-95	8.996e-97	1.61894e-99	1.49188e-101	2.02071e-103	
Rhynchospora_marisculus	0	0	0	0	1	0	0	0	0	0	0	0	0	0	0	0	0	0	0	0	0	0	0	0	0	0	0	0	0	0	0	0	0	0	0	0	0	0	0	0	0	0	0	0	0	0	0	0	0	0	0	0	0	0	0	0	0	0	0	0	0	0	0	0	0	0	0	0	0	0	0	
Rhynchospora_brownii	0	0	0	0	0	0	0	0	0	0	0	0	0	0	0	0	0	1	0	0	0	0	0	0	0	0	0	0	0	0	0	0	0	0	0	0	0	0	0	0	0	0	0	0	0	0	0	0	0	0	0	0	0	0	0	0	0	0	0	0	0	0	0	0	0	0	0	0	0	0	0	
N27	0.251833	0.246737	0.20189	0.141896	0.0845894	0.043884	0.0189804	0.0071364	0.00226323	0.000615479	0.000140559	2.83767e-05	4.68249e-06	6.94669e-07	8.6487e-08	9.61459e-09	8.89767e-10	7.92581e-11	5.52768e-12	3.83689e-13	2.15679e-14	1.17197e-15	5.06029e-17	2.31312e-18	7.67334e-20	2.7652e-21	7.66796e-23	2.2033e-24	4.77869e-26	1.18264e-27	2.04322e-29	4.11578e-31	6.12937e-33	1.00004e-34	1.21798e-36	1.80988e-38	1.77825e-40	2.15114e-42	1.9285e-44	1.98407e-46	1.4583e-48	1.36536e-50	8.44886e-53	6.7907e-55	3.84424e-57	2.56305e-59	1.24342e-61	8.07636e-64	3.24447e-66	1.74012e-68	6.72268e-71	3.20734e-73	1.03975e-75	4.64379e-78	1.3168e-80	5.21668e-83	1.38223e-85	4.61099e-88	1.09195e-90	3.69354e-93	7.34048e-96	2.0737e-98	4.16162e-101	1.08182e-103	1.85236e-106	4.68269e-109	8.06018e-112	2.19508e-114	5.48118e-117	1.8933e-119	7.36568e-122	
N28	0.212567	0.219459	0.195634	0.153229	0.10273	0.0619695	0.0309548	0.0144696	0.0057032	0.00220349	0.000684226	0.000281434	7.11614e-05	3.1328e-05	7.69619e-06	3.3033e-06	6.4279e-07	2.78879e-07	4.33128e-08	1.67927e-08	2.41036e-09	7.17926e-10	8.82023e-11	3.32596e-11	2.94997e-12	7.4823e-13	8.47403e-14	2.44244e-14	1.76757e-15	4.31889e-16	3.09975e-17	9.18835e-18	5.50924e-19	8.59902e-20	5.49373e-21	1.58037e-21	6.15925e-23	8.4229e-24	4.69788e-25	9.87481e-26	3.32443e-27	4.43416e-28	1.56133e-29	2.8158e-30	8.6045e-32	7.90655e-33	3.06138e-34	6.1848e-35	1.24993e-36	9.51816e-38	2.88138e-39	3.54228e-40	7.05453e-42	7.73378e-43	1.84657e-44	2.51252e-45	4.2118e-47	2.3232e-48	5.0302e-50	6.76193e-51	8.24793e-53	5.05937e-54	1.37098e-55	1.48007e-56	1.67522e-58	9.45993e-60	1.20291e-61	1.03894e-62	1.57269e-64	1.51141e-65	2.69986e-66	
Rhynchospora_riparia	0	0	0	0	1	0	0	0	0	0	0	0	0	0	0	0	0	0	0	0	0	0	0	0	0	0	0	0	0	0	0	0	0	0	0	0	0	0	0	0	0	0	0	0	0	0	0	0	0	0	0	0	0	0	0	0	0	0	0	0	0	0	0	0	0	0	0	0	0	0	0	
Rhynchospora_tenerrima	0	0	0	0	0	0	0	0	0	1	0	0	0	0	0	0	0	0	0	0	0	0	0	0	0	0	0	0	0	0	0	0	0	0	0	0	0	0	0	0	0	0	0	0	0	0	0	0	0	0	0	0	0	0	0	0	0	0	0	0	0	0	0	0	0	0	0	0	0	0	0	
N29	0.270115	0.258087	0.202283	0.134819	0.0756557	0.0369308	0.0148702	0.00522605	0.00152923	0.000386368	7.97618e-05	1.5566e-05	2.2713e-06	3.53173e-07	4.15218e-08	5.66796e-09	5.04409e-10	7.25041e-11	4.84605e-12	6.05942e-13	3.50229e-14	3.44214e-15	1.5138e-16	1.41975e-17	4.58012e-19	3.27141e-20	1.00967e-21	6.14567e-23	1.37317e-24	7.77657e-26	1.46059e-27	7.71819e-29	1.33845e-30	4.65591e-32	7.3352e-34	3.80984e-35	3.85904e-37	1.13956e-38	1.55058e-40	5.52199e-42	4.54763e-44	1.21344e-45	1.0014e-47	3.23127e-49	2.21396e-51	3.82267e-53	2.82351e-55	8.5104e-57	3.80173e-59	5.56434e-61	3.38203e-63	7.04354e-65	2.75e-67	4.14293e-69	1.74795e-71	3.30887e-73	1.08654e-75	1.03913e-77	4.12559e-80	7.567e-82	1.77332e-84	1.56979e-86	6.2393e-89	8.29769e-91	1.79113e-93	1.66395e-95	3.76141e-98	4.28275e-100	1.21465e-102	1.62239e-104	3.48616e-106	
Rhynchospora_nervosa	0	0	0	0	1	0	0	0	0	0	0	0	0	0	0	0	0	0	0	0	0	0	0	0	0	0	0	0	0	0	0	0	0	0	0	0	0	0	0	0	0	0	0	0	0	0	0	0	0	0	0	0	0	0	0	0	0	0	0	0	0	0	0	0	0	0	0	0	0	0	0	
N30	0.269471	0.257668	0.202041	0.134899	0.0758211	0.0373763	0.0151243	0.0054364	0.00161831	0.000429202	9.10999e-05	2.05867e-05	3.13821e-06	6.52902e-07	8.61414e-08	1.75035e-08	1.72416e-09	3.7739e-10	2.74679e-11	5.19858e-12	3.30801e-13	4.75453e-14	2.36488e-15	3.59894e-16	1.27836e-17	1.37735e-18	5.46472e-20	5.62701e-21	1.44969e-22	1.35986e-23	3.21182e-25	3.33272e-26	6.92498e-28	3.71147e-29	7.79475e-31	8.24365e-32	9.63397e-34	4.45751e-35	8.212e-37	5.92953e-38	5.66638e-40	2.44042e-41	2.61041e-43	1.6973e-44	1.39679e-46	3.81202e-48	3.96102e-50	2.54185e-51	1.34275e-53	3.05676e-55	2.55756e-57	1.04891e-58	5.08851e-61	1.43979e-62	8.3178e-65	3.32097e-66	1.3367e-68	2.01747e-70	1.13381e-72	4.50195e-74	1.27656e-76	1.93954e-78	1.25078e-80	3.69039e-82	9.57436e-85	1.54079e-86	4.44502e-89	1.01904e-90	3.44214e-93	8.25801e-95	3.46116e-96	
Rhynchospora_robusta	0	0	0	0	1	0	0	0	0	0	0	0	0	0	0	0	0	0	0	0	0	0	0	0	0	0	0	0	0	0	0	0	0	0	0	0	0	0	0	0	0	0	0	0	0	0	0	0	0	0	0	0	0	0	0	0	0	0	0	0	0	0	0	0	0	0	0	0	0	0	0	
N31	0.249477	0.244395	0.200056	0.141617	0.0854298	0.0459893	0.0205352	0.00837486	0.00287487	0.000918686	0.000239541	7.2069e-05	1.47549e-05	4.32481e-06	8.20856e-07	2.2946e-07	3.44129e-08	9.70953e-09	1.14439e-09	2.82e-10	3.0017e-11	5.85022e-12	5.18821e-13	1.13703e-13	7.5546e-15	1.21448e-15	9.2141e-17	1.50666e-17	8.00542e-19	1.19513e-19	5.93435e-21	9.60969e-22	4.22042e-23	4.1492e-24	1.82161e-25	2.88145e-26	8.23138e-28	7.10653e-29	2.71061e-30	3.1412e-31	7.71733e-33	6.32883e-34	1.58303e-35	1.62414e-36	3.56104e-38	2.05253e-39	5.21098e-41	5.61221e-42	8.40852e-44	4.13699e-45	8.65699e-47	6.14102e-48	8.8018e-50	5.41594e-51	8.67567e-53	6.36866e-54	7.90548e-56	2.81026e-57	4.24364e-59	3.12421e-60	2.83276e-62	1.05045e-63	1.79699e-65	1.03909e-66	8.82605e-69	3.18663e-70	2.93861e-72	1.44084e-73	1.66497e-75	9.61104e-77	9.46226e-78	
Rhynchospora_latifolia	0	0	0	0	1	0	0	0	0	0	0	0	0	0	0	0	0	0	0	0	0	0	0	0	0	0	0	0	0	0	0	0	0	0	0	0	0	0	0	0	0	0	0	0	0	0	0	0	0	0	0	0	0	0	0	0	0	0	0	0	0	0	0	0	0	0	0	0	0	0	0	
Rhynchospora_pubera	0	0	0	0	1	0	0	0	0	0	0	0	0	0	0	0	0	0	0	0	0	0	0	0	0	0	0	0	0	0	0	0	0	0	0	0	0	0	0	0	0	0	0	0	0	0	0	0	0	0	0	0	0	0	0	0	0	0	0	0	0	0	0	0	0	0	0	0	0	0	0	
