NODE	1	2	3	4	5	6	7	8	9	10	11	12	13	14	15	16	17	18	19	20	21	22	23	24	25	26	27	28	29	30	31	32	33	34	35	36	37	38	39	40	41	42	43	44	45	46	47	48	49	50	51	52	53	54	55	56	57	58	59	60	61	62	63	64	65	66	
N1	0.142513	0.138545	0.130977	0.120204	0.106789	0.0915362	0.0754543	0.0596298	0.0450541	0.0324678	0.02227	0.0145136	0.00897364	0.00525714	0.00291498	0.00152827	0.000756934	0.000353877	0.000156048	6.48593e-05	2.53934e-05	9.35954e-06	3.24602e-06	1.0588e-06	3.24693e-07	9.35799e-08	2.53407e-08	6.44582e-09	1.53984e-09	3.4542e-10	7.27508e-11	1.4385e-11	2.67018e-12	4.6528e-13	9.95367e-17	3.90045e-17	1.48091e-17	5.44803e-18	1.94206e-18	6.70837e-19	2.24558e-19	7.28492e-20	2.29053e-20	6.98064e-21	2.06224e-21	5.90619e-22	1.63999e-22	4.41554e-23	1.15287e-23	2.91931e-24	7.17025e-25	1.70842e-25	3.94926e-26	8.85845e-27	1.92835e-27	4.07449e-28	8.35824e-29	1.66513e-29	3.22334e-30	6.06934e-31	1.1141e-31	2.00361e-32	3.5701e-33	6.46154e-34	1.26215e-34	3.45057e-35	
N2	0.0327245	0.0371085	0.0422814	0.0481655	0.054119	0.0598493	0.0645347	0.0679896	0.0695193	0.0693139	0.066992	0.06317	0.0577464	0.0515917	0.0447041	0.0379499	0.0312517	0.0252901	0.0198489	0.0153694	0.0115337	0.00858556	0.00618659	0.00445504	0.00309927	0.0021753	0.00147021	0.00101355	0.000669069	0.000455406	0.000294468	0.000198174	0.000125389	8.31701e-05	5.13291e-05	3.34014e-05	2.00136e-05	1.27061e-05	7.36855e-06	4.55053e-06	2.54675e-06	1.52535e-06	8.23669e-07	4.78615e-07	2.49134e-07	1.40276e-07	7.05206e-08	3.85669e-08	1.87199e-08	9.93211e-09	4.6695e-09	2.41233e-09	1.09813e-09	5.51583e-10	2.44498e-10	1.20284e-10	5.21716e-11	2.53137e-11	1.10382e-11	5.4856e-12	2.55135e-12	1.40016e-12	7.90837e-13	5.56183e-13	4.5888e-13	5.10195e-13	
N3	0.00593423	0.00715319	0.00908237	0.0119021	0.015688	0.0205634	0.026422	0.0332079	0.0405191	0.0480991	0.0552841	0.0617432	0.0667307	0.0700544	0.0711333	0.070115	0.0667825	0.0616908	0.0550052	0.0475261	0.0395966	0.0319531	0.0248464	0.018711	0.013572	0.00953637	0.00645267	0.00423195	0.0026725	0.00163725	0.000965802	0.000553321	0.000305254	0.000163786	8.46287e-05	4.26024e-05	2.06531e-05	9.77397e-06	4.45436e-06	1.98612e-06	8.52669e-07	3.59017e-07	1.45504e-07	5.79838e-08	2.22297e-08	8.40177e-09	3.05308e-09	1.0967e-09	3.78515e-10	1.29509e-10	4.25704e-11	1.39183e-11	4.37556e-12	1.37414e-12	4.1627e-13	1.26713e-13	3.74407e-14	1.11965e-14	3.28076e-15	9.78938e-16	2.88946e-16	8.71255e-17	2.63726e-17	8.43257e-18	3.10806e-18	1.77447e-18	
Blysmus_compressus	0	0	0	0	0	0	0	0	0	0	0	0	0	0	0	0	0	0	0	0	0	1	0	0	0	0	0	0	0	0	0	0	0	0	0	0	0	0	0	0	0	0	0	0	0	0	0	0	0	0	0	0	0	0	0	0	0	0	0	0	0	0	0	0	0	0	
Dulichium_arundinaceum	0	0	0	0	0	0	0	0	0	0	0	0	0	0	0	1	0	0	0	0	0	0	0	0	0	0	0	0	0	0	0	0	0	0	0	0	0	0	0	0	0	0	0	0	0	0	0	0	0	0	0	0	0	0	0	0	0	0	0	0	0	0	0	0	0	0	
N4	0.000754046	0.000972877	0.00138257	0.00207154	0.00313979	0.00472421	0.00693434	0.00990806	0.0136802	0.0183211	0.023696	0.0297658	0.036166	0.0427657	0.0489765	0.0546754	0.0591519	0.0624729	0.0639741	0.0640726	0.0622579	0.0593036	0.0548284	0.0498134	0.043911	0.0381243	0.0320754	0.0266415	0.0213989	0.0170169	0.0130539	0.009951	0.00729572	0.00533915	0.00374512	0.00263508	0.00176953	0.00119769	0.000770013	0.000501151	0.000308116	0.000192475	0.000112985	6.76017e-05	3.7805e-05	2.16084e-05	1.14939e-05	6.26562e-06	3.16512e-06	1.64296e-06	7.88115e-07	3.8969e-07	1.77621e-07	8.37718e-08	3.64446e-08	1.65052e-08	6.92685e-09	3.05808e-09	1.2725e-09	5.6742e-10	2.46613e-10	1.17805e-10	5.78496e-11	3.24479e-11	2.08906e-11	1.8427e-11	
N5	3.12572e-06	4.4687e-06	7.50491e-06	1.37008e-05	2.56306e-05	4.78695e-05	8.75959e-05	0.000156492	0.000270959	0.000455298	0.000739789	0.00116821	0.00179397	0.00269924	0.00398018	0.00577552	0.00821224	0.0114452	0.0155222	0.0204558	0.025975	0.0317451	0.0370668	0.0414337	0.044178	0.0453006	0.0448008	0.0434709	0.0417853	0.0406663	0.0402252	0.0408179	0.0418219	0.0431491	0.0438173	0.0439198	0.0426089	0.0404786	0.0369427	0.0330011	0.0282281	0.0237056	0.0190244	0.0150546	0.01136	0.00848977	0.00603335	0.00426261	0.00285387	0.00190529	0.00120133	0.00075736	0.000449819	0.000268007	0.000150486	8.52319e-05	4.57431e-05	2.50058e-05	1.31422e-05	7.14495e-06	3.8302e-06	2.16837e-06	1.25862e-06	8.04406e-07	5.81568e-07	5.41626e-07	
Trichophorum_cespitosum	0	0	0	0	0	0	0	0	0	0	0	0	0	0	0	0	0	0	0	0	0	0	0	0	0	0	0	0	0	0	0	0	0	0	0	0	0	0	0	0	0	0	0	0	0	0	0	0	0	0	0	1	0	0	0	0	0	0	0	0	0	0	0	0	0	0	
N6	8.16898e-17	1.29041e-15	2.39002e-14	3.72033e-13	4.59825e-12	4.78235e-11	3.89286e-10	1.78326e-09	1.11517e-08	5.17663e-08	9.6776e-08	2.11492e-07	1.32722e-06	8.59145e-06	3.11201e-05	6.06652e-05	7.41715e-05	6.36215e-05	5.91803e-05	0.000137719	0.000317159	0.00049935	0.000573992	0.000502043	0.0003367	0.000188628	0.000250272	0.0013911	0.00730523	0.0274672	0.0734371	0.142241	0.202426	0.214343	0.169129	0.0993313	0.0428803	0.0134245	0.00298952	0.000471823	5.36872e-05	4.55529e-06	2.96509e-07	1.5261e-08	6.33748e-10	2.17152e-11	6.22037e-13	1.51531e-14	3.16594e-16	5.75319e-18	9.14366e-20	1.28694e-21	1.61009e-23	1.81255e-25	1.84159e-27	1.71087e-29	1.45804e-31	1.1566e-33	8.57084e-36	6.02198e-38	4.01951e-40	2.57707e-42	1.58264e-44	9.35184e-47	5.2858e-49	3.28997e-51	
Trichophorum_pumilum	0	0	0	0	0	0	0	0	0	0	0	0	0	0	0	0	0	0	0	0	0	0	0	0	0	0	0	0	0	0	0	0	0	0	0	0	0	0	1	0	0	0	0	0	0	0	0	0	0	0	0	0	0	0	0	0	0	0	0	0	0	0	0	0	0	0	
Trichophorum_alpinum	0	0	0	0	0	0	0	0	0	0	0	0	0	0	0	0	0	0	0	0	0	0	0	0	0	0	0	0	1	0	0	0	0	0	0	0	0	0	0	0	0	0	0	0	0	0	0	0	0	0	0	0	0	0	0	0	0	0	0	0	0	0	0	0	0	0	
N7	1.07395e-09	4.26771e-09	2.01827e-08	9.22761e-08	3.83564e-07	1.43004e-06	4.96294e-06	1.61101e-05	4.63012e-05	0.000114464	0.000242297	0.000456005	0.000820112	0.0015308	0.00300655	0.00596179	0.011364	0.0203683	0.0338461	0.0519941	0.0733137	0.0948824	0.112038	0.120872	0.118523	0.105926	0.0858714	0.0634032	0.0424388	0.025889	0.0143231	0.00723438	0.00331759	0.00139248	0.000531516	0.000186291	5.94908e-05	1.75111e-05	4.70595e-06	1.17075e-06	2.66459e-07	5.64097e-08	1.0946e-08	1.98597e-09	3.30819e-10	5.18153e-11	7.46169e-12	1.01644e-12	1.27446e-13	1.52145e-14	1.67378e-15	1.7659e-16	1.71995e-17	1.6203e-18	1.41476e-19	1.20782e-20	9.63603e-22	7.61907e-23	5.70861e-24	4.29504e-25	3.11086e-26	2.27719e-27	1.63146e-28	1.20222e-29	9.31445e-31	9.34777e-32	
Scirpus_radicans	0	0	0	0	0	0	0	0	0	0	0	0	0	0	0	0	0	0	0	0	0	0	0	0	0	0	0	1	0	0	0	0	0	0	0	0	0	0	0	0	0	0	0	0	0	0	0	0	0	0	0	0	0	0	0	0	0	0	0	0	0	0	0	0	0	0	
N8	6.64311e-11	2.53582e-10	1.29086e-09	6.76383e-09	3.34322e-08	1.51437e-07	6.32916e-07	2.41724e-06	8.14384e-06	2.38159e-05	6.09945e-05	0.000142896	0.000324652	0.000743139	0.00169766	0.00375967	0.00786622	0.0153406	0.0276048	0.0455742	0.0685534	0.0936114	0.115425	0.128296	0.128046	0.11477	0.0921006	0.0662893	0.0426677	0.024644	0.0127275	0.00590996	0.00245458	0.000919804	0.000308324	9.37715e-05	2.54836e-05	6.34106e-06	1.40432e-06	2.8931e-07	5.25023e-08	9.12671e-09	1.36516e-09	2.06781e-10	2.56569e-11	3.56495e-12	3.69919e-13	5.03071e-14	4.41236e-15	6.12615e-16	4.59975e-17	6.43235e-18	4.17469e-19	5.58799e-20	3.15729e-21	3.87434e-22	1.91284e-23	2.09993e-24	9.10528e-26	8.88101e-27	3.40148e-28	2.97086e-29	1.09889e-30	1.0422e-31	8.01625e-33	1.51635e-33	
N9	4.77333e-11	1.23054e-10	4.60677e-10	1.87999e-09	7.46861e-09	2.78397e-08	9.59367e-08	3.07515e-07	9.27154e-07	2.63872e-06	6.96362e-06	1.66079e-05	3.4933e-05	6.41206e-05	0.000103604	0.00015312	0.00021957	0.000323404	0.000509242	0.000892116	0.00176634	0.00377971	0.00809131	0.016369	0.0303312	0.0508165	0.0764189	0.102961	0.123922	0.133322	0.12793	0.109716	0.0839169	0.0574656	0.0351436	0.0193217	0.00951734	0.00424609	0.00170669	0.000628927	0.000210525	6.57411e-05	1.88232e-05	5.12734e-06	1.28781e-06	3.12218e-07	6.95978e-08	1.5048e-08	2.96493e-09	5.66008e-10	9.76478e-11	1.63035e-11	2.44944e-12	3.56669e-13	4.67352e-14	5.96343e-15	6.87886e-16	7.79771e-17	8.08543e-18	8.36534e-19	8.0951e-20	7.96275e-21	7.52958e-22	7.30377e-23	7.17821e-24	1.10497e-24	
Scirpus_mitsukurianus	0	0	0	0	0	0	0	0	0	0	0	0	0	0	0	0	0	0	0	0	0	0	0	0	0	0	0	0	0	0	0	0	0	1	0	0	0	0	0	0	0	0	0	0	0	0	0	0	0	0	0	0	0	0	0	0	0	0	0	0	0	0	0	0	0	0	
Scirpus_polystachyus	0	0	0	0	0	0	0	0	0	0	0	0	0	0	0	0	0	0	0	0	0	0	0	0	0	0	0	0	0	1	0	0	0	0	0	0	0	0	0	0	0	0	0	0	0	0	0	0	0	0	0	0	0	0	0	0	0	0	0	0	0	0	0	0	0	0	
N10	1.27929e-11	4.68196e-11	2.57768e-10	1.50475e-09	8.2987e-09	4.1766e-08	1.896e-07	7.71269e-07	2.79298e-06	9.042e-06	2.66052e-05	7.31294e-05	0.000192651	0.000492696	0.00121824	0.00287553	0.00638393	0.0131641	0.0249408	0.0430532	0.0672239	0.0944424	0.118827	0.133495	0.133531	0.11876	0.0937595	0.0656967	0.040815	0.0225022	0.0110001	0.00477784	0.00184145	0.000632283	0.000192817	5.26493e-05	1.27676e-05	2.80229e-06	5.44192e-07	9.83032e-08	1.54606e-08	2.44296e-09	3.18304e-10	5.06383e-11	5.69958e-12	1.07583e-12	1.08135e-13	2.34642e-14	2.08644e-15	4.45699e-16	3.45291e-17	6.65744e-18	4.4769e-19	7.58769e-20	4.43994e-21	6.58584e-22	3.36465e-23	4.37262e-24	1.95868e-25	2.23829e-26	8.8281e-28	8.9294e-29	3.2495e-30	3.25781e-31	2.11794e-32	4.6837e-33	
N11	1.80562e-12	6.14583e-12	3.31834e-11	1.95257e-10	1.09942e-09	5.70763e-09	2.71114e-08	1.18063e-07	4.6709e-07	1.65268e-06	5.17369e-06	1.44145e-05	3.66094e-05	8.81587e-05	0.000209437	0.000501839	0.0012055	0.00283147	0.00631562	0.0130797	0.0247761	0.0425654	0.0659722	0.0920045	0.115197	0.129402	0.130244	0.117487	0.0948842	0.0686855	0.044518	0.0258997	0.0135048	0.00634438	0.00267849	0.00102788	0.000356822	0.000114928	3.39776e-05	9.71095e-06	2.60043e-06	7.08214e-07	1.80599e-07	4.76662e-08	1.13691e-08	2.76387e-09	5.87356e-10	1.25443e-10	2.30769e-11	4.24603e-12	6.70035e-13	1.05811e-13	1.43165e-14	1.94466e-15	2.2625e-16	2.65591e-17	2.67059e-18	2.73039e-19	2.39967e-20	2.17543e-21	1.72572e-22	1.4555e-23	1.13235e-24	9.75867e-26	8.55106e-27	1.24608e-27	
N12	8.1443e-12	2.25164e-11	9.29415e-11	4.19476e-10	1.8408e-09	7.58538e-09	2.91116e-08	1.04285e-07	3.4885e-07	1.08552e-06	3.12333e-06	8.30269e-06	2.0571e-05	4.84862e-05	0.000111761	0.000258216	0.000603568	0.00141236	0.00322967	0.00702812	0.0142406	0.0264708	0.044718	0.0682815	0.0939258	0.116183	0.129071	0.128717	0.115166	0.0924669	0.0666061	0.0430823	0.0250177	0.0130705	0.00614019	0.00260744	0.00099901	0.000350504	0.000111975	3.40659e-05	9.67332e-06	2.88136e-06	8.21782e-07	2.71992e-07	8.11264e-08	2.79546e-08	7.94311e-09	2.53199e-09	6.42931e-10	1.81133e-10	4.03875e-11	9.97176e-12	1.94885e-12	4.22317e-13	7.24899e-14	1.38399e-14	2.09302e-15	3.53863e-16	4.7433e-17	7.17757e-18	8.71394e-19	1.22563e-19	1.47034e-20	2.16996e-21	3.30107e-22	9.63721e-23	
Eriophorum_brachyantherum	0	0	0	0	0	0	0	0	0	0	0	0	0	0	0	0	0	0	0	0	0	0	0	0	0	0	0	0	1	0	0	0	0	0	0	0	0	0	0	0	0	0	0	0	0	0	0	0	0	0	0	0	0	0	0	0	0	0	0	0	0	0	0	0	0	0	
Eriophorum_chamissonis	0	0	0	0	0	0	0	0	0	0	0	0	0	0	0	0	0	0	0	0	0	0	0	0	0	0	0	0	0	1	0	0	0	0	0	0	0	0	0	0	0	0	0	0	0	0	0	0	0	0	0	0	0	0	0	0	0	0	0	0	0	0	0	0	0	0	
N13	8.72538e-12	2.45961e-11	1.02133e-10	4.60954e-10	2.02405e-09	8.3545e-09	3.21209e-08	1.1513e-07	3.85031e-07	1.20107e-06	3.49541e-06	9.54195e-06	2.4726e-05	6.18758e-05	0.000152046	0.000370251	0.000890551	0.00208593	0.0046663	0.00978591	0.0189569	0.0335747	0.0540007	0.078546	0.103047	0.121753	0.12942	0.123713	0.106304	0.082127	0.0570398	0.0356431	0.0200386	0.0101552	0.00463765	0.00191787	0.000717044	0.000245968	7.69383e-05	2.30596e-05	6.45727e-06	1.95302e-06	5.63484e-07	2.00959e-07	6.225e-08	2.38496e-08	7.08683e-09	2.53169e-09	6.75309e-10	2.14403e-10	5.05109e-11	1.41344e-11	2.93579e-12	7.24887e-13	1.32937e-13	2.90564e-14	4.71538e-15	9.16011e-16	1.3205e-16	2.29695e-17	2.98779e-18	4.79972e-19	6.13838e-20	1.0413e-20	1.79454e-21	6.37155e-22	
Eriophorum_angustifolium	0	0	0	0	0	0	0	0	0	0	0	0	0	0	0	0	0	0	0	0	0	0	0	0	0	0	0	0	1	0	0	0	0	0	0	0	0	0	0	0	0	0	0	0	0	0	0	0	0	0	0	0	0	0	0	0	0	0	0	0	0	0	0	0	0	0	
Eriophorum_vaginatum	0	0	0	0	0	0	0	0	0	0	0	0	0	0	0	0	0	0	0	0	0	0	0	0	0	0	0	0	1	0	0	0	0	0	0	0	0	0	0	0	0	0	0	0	0	0	0	0	0	0	0	0	0	0	0	0	0	0	0	0	0	0	0	0	0	0	
N14	2.04478e-13	1.13684e-12	9.75037e-12	8.42072e-11	6.54733e-10	4.4684e-09	2.66626e-08	1.39009e-07	6.35813e-07	2.58511e-06	9.52632e-06	3.24692e-05	0.00010356	0.000309486	0.000863061	0.00223664	0.00536263	0.0118242	0.0237779	0.0432048	0.0702766	0.101511	0.129335	0.144616	0.141348	0.120444	0.0892908	0.0575332	0.0321919	0.0156453	0.00660304	0.00242342	0.000773422	0.000215333	5.22612e-05	1.11449e-05	2.08093e-06	3.48336e-07	5.16082e-08	7.31092e-09	9.41291e-10	1.34815e-10	1.74165e-11	2.79844e-12	3.57371e-13	5.57966e-14	6.32229e-15	8.58213e-16	8.26908e-17	9.50038e-18	7.73708e-19	7.51969e-20	5.18989e-21	4.28721e-22	2.51834e-23	1.77938e-24	8.99893e-26	5.86342e-27	4.24977e-28	1.10704e-28	3.61117e-29	1.59859e-29	5.45675e-30	2.57595e-30	1.24203e-30	1.06262e-30	
N15	2.00053e-10	4.67668e-10	1.59217e-09	6.04263e-09	2.26335e-08	8.02556e-08	2.65762e-07	8.22308e-07	2.38033e-06	6.43107e-06	1.60784e-05	3.69086e-05	7.76058e-05	0.000150835	0.000276914	0.000496252	0.000897597	0.00167252	0.00320056	0.00615305	0.0115386	0.020579	0.034268	0.0526993	0.0743219	0.095816	0.112614	0.120626	0.117575	0.10441	0.08435	0.0621841	0.0417516	0.0257038	0.0144642	0.0075524	0.00363809	0.00167044	0.000720808	0.000310425	0.00012778	5.45416e-05	2.19141e-05	9.1111e-06	3.43545e-06	1.31607e-06	4.46094e-07	1.52037e-07	4.54157e-08	1.36091e-08	3.56423e-09	9.3809e-10	2.15555e-10	4.99739e-11	1.01051e-11	2.07358e-12	3.70834e-13	6.78855e-14	1.08605e-14	1.80682e-15	2.67364e-16	4.25221e-17	6.35854e-18	1.07782e-18	1.98608e-19	6.51602e-20	
Scirpus_sylvaticus	0	0	0	0	0	0	0	0	0	0	0	0	0	0	0	0	0	0	0	0	0	0	0	0	0	0	0	0	0	0	1	0	0	0	0	0	0	0	0	0	0	0	0	0	0	0	0	0	0	0	0	0	0	0	0	0	0	0	0	0	0	0	0	0	0	0	
Scirpus_microcarpus	0	0	0	0	0	0	0	0	0	0	0	0	0	0	0	0	0	0	0	0	0	0	0	0	0	0	0	0	0	0	0	1	0	0	0	0	0	0	0	0	0	0	0	0	0	0	0	0	0	0	0	0	0	0	0	0	0	0	0	0	0	0	0	0	0	0	
N16	1.16874e-13	5.22213e-13	3.97055e-12	3.39588e-11	2.80942e-10	2.12061e-09	1.42769e-08	8.51734e-08	4.50162e-07	2.11489e-06	8.88067e-06	3.35653e-05	0.000115012	0.000359578	0.00103033	0.00271038	0.00653513	0.0143747	0.0286372	0.0512253	0.0815243	0.114439	0.140607	0.150265	0.138981	0.11084	0.0760174	0.0447543	0.0225915	0.00977268	0.00362167	0.00115023	0.000313127	7.31677e-05	1.46792e-05	2.53846e-06	3.78149e-07	4.92101e-08	5.55962e-09	5.79664e-10	5.34799e-11	5.55757e-12	4.98427e-13	6.70022e-14	6.01093e-15	8.77948e-16	6.86632e-17	8.90714e-18	5.76932e-19	6.26925e-20	3.3386e-21	3.00933e-22	1.45123e-23	3.9883e-24	3.36961e-24	6.35443e-24	5.9286e-24	9.40844e-24	7.27112e-24	9.5997e-24	6.20268e-24	6.97242e-24	4.04359e-24	4.48969e-24	3.93413e-24	7.60183e-24	
Scirpus_expansus	0	0	0	0	0	0	0	0	0	0	0	0	0	0	0	0	0	0	0	0	0	0	0	0	0	0	0	0	0	0	0	1	0	0	0	0	0	0	0	0	0	0	0	0	0	0	0	0	0	0	0	0	0	0	0	0	0	0	0	0	0	0	0	0	0	0	
N17	1.24975e-13	5.52305e-13	4.13774e-12	3.50361e-11	2.88273e-10	2.1725e-09	1.4651e-08	8.77422e-08	4.6596e-07	2.19862e-06	9.25832e-06	3.50246e-05	0.000119947	0.000374526	0.00107147	0.00281337	0.00676765	0.0148414	0.0294558	0.0524532	0.0830517	0.115925	0.141568	0.150312	0.138073	0.109321	0.0744056	0.0434542	0.0217498	0.00932445	0.00342292	0.00107619	0.000289856	6.69569e-05	1.32711e-05	2.26462e-06	3.32664e-07	4.26034e-08	4.73137e-09	4.84447e-10	4.34742e-11	4.58033e-12	3.79655e-13	6.1571e-14	4.3524e-15	1.04438e-15	4.97624e-17	1.58017e-17	4.57558e-19	1.91275e-19	3.37487e-21	1.76944e-21	2.06859e-23	1.21299e-23	1.07465e-25	8.08952e-26	1.96995e-27	9.06689e-27	5.51033e-28	2.73356e-27	1.44757e-28	6.21496e-28	2.8512e-29	1.06689e-28	7.22011e-30	5.10694e-29	
N18	3.80986e-10	9.1034e-10	3.16882e-09	1.22826e-08	4.71554e-08	1.72409e-07	5.92527e-07	1.90821e-06	5.74066e-06	1.61178e-05	4.23511e-05	0.000105134	0.000249772	0.000574853	0.001288	0.00279806	0.00582487	0.0114566	0.0210072	0.0355532	0.0551372	0.0780115	0.100386	0.117306	0.124308	0.11942	0.103926	0.0819685	0.0585575	0.0379419	0.0222819	0.0118947	0.00576539	0.00255403	0.00103187	0.000386286	0.000133423	4.41868e-05	1.38503e-05	4.43496e-06	1.37486e-06	4.56443e-07	1.42503e-07	4.69984e-08	1.38635e-08	4.21307e-09	1.11698e-09	3.01861e-10	7.06707e-11	1.68355e-11	3.4695e-12	7.29045e-13	1.32428e-13	2.46285e-14	3.95426e-15	6.53881e-16	9.31753e-17	1.37919e-17	1.75972e-18	2.36774e-19	2.78307e-20	3.56669e-21	4.22404e-22	5.79491e-23	8.53459e-24	2.2929e-24	
Scirpus_ancistrochaetus	0	0	0	0	0	0	0	0	0	0	0	0	0	0	0	0	0	0	0	0	0	0	0	0	0	0	1	0	0	0	0	0	0	0	0	0	0	0	0	0	0	0	0	0	0	0	0	0	0	0	0	0	0	0	0	0	0	0	0	0	0	0	0	0	0	0	
N19	4.10308e-33	1.19168e-29	2.69992e-26	1.13791e-24	2.10037e-21	2.97578e-18	1.29979e-16	3.00501e-19	7.21935e-20	2.52279e-17	4.08072e-14	3.88206e-11	1.65316e-08	2.03111e-08	6.15796e-11	8.91097e-14	7.59531e-17	5.19298e-20	6.77308e-21	1.88167e-18	5.11186e-15	9.60279e-12	1.16507e-08	8.24911e-06	0.00285504	0.327243	0.621554	0.0481213	0.000217736	3.73682e-07	3.36331e-10	1.84874e-13	6.7697e-17	1.75529e-20	3.35113e-24	4.88059e-28	5.5326e-32	5.01604e-36	3.6708e-40	2.23013e-44	1.12453e-48	4.88503e-53	1.94282e-57	2.5481e-60	1.52459e-59	9.56581e-59	1.2356e-59	9.30743e-62	6.50973e-64	4.63232e-66	3.01773e-68	1.99065e-70	1.1924e-72	7.22437e-75	3.96582e-77	2.20759e-79	1.19789e-81	4.643e-82	1.17887e-81	1.05215e-81	9.13749e-84	4.43229e-86	2.08171e-88	1.03917e-90	5.13322e-93	2.63877e-95	
Scirpus_georgianus	0	0	0	0	0	0	0	0	0	0	0	0	0	0	0	0	0	0	0	0	0	0	0	0	0	1	0	0	0	0	0	0	0	0	0	0	0	0	0	0	0	0	0	0	0	0	0	0	0	0	0	0	0	0	0	0	0	0	0	0	0	0	0	0	0	0	
N20	1.04308e-47	9.65122e-43	5.71485e-38	2.09891e-35	7.3475e-31	1.26684e-26	8.32556e-24	2.86164e-27	1.52499e-28	8.12497e-25	3.24015e-20	5.80435e-16	3.03279e-12	1.04636e-11	1.83097e-15	1.06597e-19	2.92655e-24	7.36164e-29	1.19877e-30	1.73289e-28	1.73603e-23	1.28137e-18	5.34058e-14	1.10249e-09	9.0601e-06	0.0188741	0.878667	0.10241	3.91527e-05	3.732e-09	1.41288e-13	2.65127e-18	2.81338e-23	1.85698e-28	8.0219e-34	4.09627e-39	5.83882e-44	1.57407e-46	8.57132e-51	1.71233e-53	6.12293e-58	8.1133e-61	1.919e-65	1.73864e-68	2.68241e-73	1.6957e-76	1.63609e-81	7.29258e-85	4.01908e-90	1.25783e-93	3.20647e-99	6.68442e-103	3.19237e-109	1.05744e-113	3.39791e-120	5.17263e-125	1.16283e-131	1.01776e-136	1.60016e-143	8.84721e-149	9.60455e-156	3.49944e-161	2.61774e-168	1.30233e-173	5.95549e-178	3.28925e-182	
Scirpus_hattorianus	0	0	0	0	0	0	0	0	0	0	0	0	0	0	0	0	0	0	0	0	0	0	0	0	0	0	0	1	0	0	0	0	0	0	0	0	0	0	0	0	0	0	0	0	0	0	0	0	0	0	0	0	0	0	0	0	0	0	0	0	0	0	0	0	0	0	
Scirpus_flaccidifolius	0	0	0	0	0	0	0	0	0	0	0	0	0	0	0	0	0	0	0	0	0	0	0	0	0	0	1	0	0	0	0	0	0	0	0	0	0	0	0	0	0	0	0	0	0	0	0	0	0	0	0	0	0	0	0	0	0	0	0	0	0	0	0	0	0	0	
N21	1.47592e-13	6.90296e-13	5.22671e-12	4.36629e-11	3.52083e-10	2.59893e-09	1.71916e-08	1.01172e-07	5.29008e-07	2.46268e-06	1.02518e-05	3.84061e-05	0.00013041	0.000403994	0.00114679	0.0029869	0.00712412	0.0154849	0.0304565	0.0537549	0.0843957	0.116886	0.141753	0.149609	0.136748	0.107853	0.0732052	0.0426848	0.0213562	0.00916321	0.00337084	0.00106345	0.000287814	6.69035e-05	1.33639e-05	2.30299e-06	3.41807e-07	4.48385e-08	5.00299e-09	6.51165e-10	5.17445e-11	2.81395e-11	1.16596e-12	2.96839e-12	8.63251e-14	2.70183e-13	6.5588e-15	1.86177e-14	3.87819e-16	9.61627e-16	1.73029e-17	3.72373e-17	5.81001e-19	1.0833e-18	1.47113e-20	2.37451e-20	2.81741e-22	3.9344e-22	4.09505e-24	4.94611e-24	4.53436e-26	4.73754e-26	3.84877e-28	3.52086e-28	3.61982e-30	7.33147e-30	
N22	5.54449e-11	2.43828e-10	1.56365e-09	9.87554e-09	5.60554e-08	2.82294e-07	1.23223e-06	4.56764e-06	1.48293e-05	4.6761e-05	0.000160727	0.00061724	0.00238603	0.00824819	0.0238708	0.056226	0.106248	0.159849	0.190508	0.179644	0.134149	0.0796801	0.03786	0.0145095	0.0045219	0.00115718	0.00024525	4.3466e-05	6.4924e-06	8.24738e-07	8.96872e-08	8.42053e-09	6.8611e-10	4.89238e-11	3.06435e-12	1.70127e-13	8.38955e-15	3.71619e-16	1.47873e-17	5.37017e-19	1.7746e-20	5.46594e-22	1.55515e-23	4.2332e-25	1.07867e-26	2.69147e-28	6.30312e-30	1.45909e-31	3.13888e-33	6.65639e-35	1.29565e-36	2.47452e-38	4.30651e-40	7.34503e-42	1.13998e-43	1.73918e-45	2.42396e-47	3.34684e-49	4.26845e-51	5.46882e-53	6.60995e-55	8.16797e-57	9.77234e-59	1.20274e-60	1.45373e-62	2.17156e-64	
Scirpus_pendulus	0	0	0	0	0	0	0	0	0	0	0	0	0	0	0	0	0	0	0	1	0	0	0	0	0	0	0	0	0	0	0	0	0	0	0	0	0	0	0	0	0	0	0	0	0	0	0	0	0	0	0	0	0	0	0	0	0	0	0	0	0	0	0	0	0	0	
Scirpus_fontinalis	0	0	0	0	0	0	0	0	0	0	0	0	0	0	0	0	0	1	0	0	0	0	0	0	0	0	0	0	0	0	0	0	0	0	0	0	0	0	0	0	0	0	0	0	0	0	0	0	0	0	0	0	0	0	0	0	0	0	0	0	0	0	0	0	0	0	
N23	2.83143e-10	9.48082e-10	4.27019e-09	1.99888e-08	9.06693e-08	3.87962e-07	1.54689e-06	5.72014e-06	1.95765e-05	6.18876e-05	0.000180145	0.000481118	0.00117615	0.00263243	0.00541238	0.0102845	0.0181867	0.0300845	0.0465935	0.0672879	0.0899277	0.110269	0.123094	0.124349	0.113197	0.0926087	0.0679807	0.0447426	0.0263942	0.0139613	0.00662326	0.00282289	0.00108122	0.000374426	0.000117228	3.41787e-05	9.28902e-06	2.72847e-06	8.23447e-07	3.51715e-07	1.36342e-07	7.0627e-08	2.7308e-08	1.31884e-08	4.59923e-09	1.96998e-09	6.10582e-10	2.31091e-10	6.35225e-11	2.12831e-11	5.1856e-12	1.54223e-12	3.33015e-13	8.81861e-14	1.68779e-14	3.99348e-15	6.77673e-16	1.43823e-16	2.16575e-17	4.14388e-18	5.56492e-19	9.76143e-20	1.23565e-20	2.2764e-21	4.24334e-22	1.97869e-22	
Scirpus_orientalis	0	0	0	0	0	0	0	0	0	0	0	0	0	1	0	0	0	0	0	0	0	0	0	0	0	0	0	0	0	0	0	0	0	0	0	0	0	0	0	0	0	0	0	0	0	0	0	0	0	0	0	0	0	0	0	0	0	0	0	0	0	0	0	0	0	0	
N24	1.45145e-15	9.53555e-15	8.82078e-14	7.71086e-13	5.98833e-12	4.08532e-11	2.199e-10	8.42743e-10	2.67701e-09	1.20972e-08	7.38353e-08	4.42051e-07	2.24926e-06	9.06332e-06	2.65251e-05	5.05975e-05	5.7414e-05	3.82961e-05	1.63076e-05	5.23943e-06	1.89484e-06	1.82362e-06	6.43143e-06	3.92985e-05	0.000234124	0.00118298	0.00490925	0.0165225	0.0444202	0.094447	0.156363	0.200271	0.19591	0.1469	0.0839358	0.0372672	0.0128487	0.00356512	0.000792651	0.000148446	2.29767e-05	3.12523e-06	3.58157e-07	3.70949e-08	3.25599e-09	2.62077e-10	1.78922e-11	1.13072e-12	6.07483e-14	3.04894e-15	1.30697e-16	5.28575e-18	1.83587e-19	6.07896e-21	1.73883e-22	4.79587e-24	1.15078e-25	2.70033e-27	5.58452e-29	1.15338e-30	2.15809e-32	4.15453e-34	7.56962e-36	1.44317e-37	2.68301e-39	6.45128e-41	
Scirpus_cyperinus	0	0	0	0	0	0	0	0	0	0	0	0	0	0	0	0	0	0	0	0	0	0	0	0	0	0	0	0	0	0	0	0	1	0	0	0	0	0	0	0	0	0	0	0	0	0	0	0	0	0	0	0	0	0	0	0	0	0	0	0	0	0	0	0	0	0	
Scirpus_atrocinctus	0	0	0	0	0	0	0	0	0	0	0	0	0	0	0	0	0	0	0	0	0	0	0	0	0	0	0	0	0	0	0	0	0	1	0	0	0	0	0	0	0	0	0	0	0	0	0	0	0	0	0	0	0	0	0	0	0	0	0	0	0	0	0	0	0	0	
N25	0.119006	0.125723	0.125882	0.12048	0.109977	0.096397	0.0807647	0.0650434	0.0500103	0.036918	0.025941	0.017475	0.0111655	0.00683669	0.00395628	0.00219801	0.00114966	0.000580594	0.000274785	0.000127165	5.47938e-05	2.36678e-05	9.42256e-06	3.92758e-06	1.48021e-06	6.19922e-07	2.26827e-07	9.7607e-08	3.48567e-08	1.51398e-08	5.20566e-09	2.2115e-09	7.17732e-10	2.90091e-10	8.80582e-11	3.35852e-11	9.45907e-12	3.37538e-12	8.8428e-13	2.97312e-13	7.20884e-14	2.26864e-14	5.13666e-15	1.53846e-15	3.22947e-16	9.09547e-17	1.80227e-17	4.92268e-18	9.08313e-19	2.34414e-19	4.15852e-20	1.06618e-20	1.7682e-21	4.27089e-22	6.9414e-23	1.69227e-23	2.55833e-24	5.77692e-25	8.65179e-26	1.98585e-26	2.81275e-27	6.1912e-28	1.04909e-28	2.94074e-29	8.4252e-30	5.05349e-30	
N26	0.111408	0.118241	0.119436	0.115704	0.107231	0.0956395	0.0817994	0.0674424	0.0533745	0.0407541	0.0298764	0.021142	0.0143622	0.00942323	0.00593379	0.00361206	0.00210978	0.00119296	0.000647167	0.000340597	0.000171958	8.44825e-05	3.98132e-05	1.83355e-05	8.09777e-06	3.51475e-06	1.46219e-06	6.02102e-07	2.37326e-07	9.3364e-08	3.50718e-08	1.32639e-08	4.7689e-09	1.74001e-09	5.99951e-10	2.11303e-10	6.97957e-11	2.36657e-11	7.46973e-12	2.42991e-12	7.30354e-13	2.27029e-13	6.48282e-14	1.92145e-14	5.20167e-15	1.46708e-15	3.76455e-16	1.01064e-16	2.4571e-17	6.27628e-18	1.44816e-18	3.5274e-19	7.73227e-20	1.79801e-20	3.76313e-21	8.40915e-22	1.69431e-22	3.67841e-23	7.31401e-24	1.59104e-24	3.26884e-25	7.45933e-26	1.68653e-26	4.29343e-27	1.23451e-27	5.94262e-28	
N27	0.123276	0.129653	0.128768	0.12186	0.109767	0.0947872	0.0782844	0.0622162	0.0474229	0.0348625	0.0246155	0.0167852	0.0109994	0.00696736	0.00424162	0.00249808	0.00141377	0.000774826	0.000407974	0.00020832	0.000102169	4.86925e-05	2.22835e-05	9.93797e-06	4.25448e-06	1.78185e-06	7.16053e-07	2.82938e-07	1.07188e-07	4.01762e-08	1.44189e-08	5.1565e-09	1.76145e-09	6.03996e-10	1.97127e-10	6.50274e-11	2.0313e-11	6.45052e-12	1.92863e-12	5.88925e-13	1.68244e-13	4.9268e-14	1.34232e-14	3.76111e-15	9.75185e-16	2.60833e-16	6.4302e-17	1.64069e-17	3.84252e-18	9.3458e-19	2.08121e-19	4.83199e-20	1.02416e-20	2.27312e-21	4.60685e-22	9.83762e-23	1.9237e-23	4.00115e-24	7.73502e-25	1.6148e-25	3.2243e-26	7.05404e-27	1.53702e-27	3.72202e-28	1.01705e-28	4.64599e-29	
N28	0.0770132	0.0851883	0.0924914	0.098126	0.100403	0.0989008	0.0929776	0.0836043	0.0714688	0.0583247	0.0451941	0.0334262	0.0234666	0.0157381	0.0100225	0.00610833	0.00353821	0.00196674	0.00104028	0.00052983	0.000257039	0.000120535	5.38603e-05	2.33603e-05	9.64822e-06	3.8856e-06	1.4877e-06	5.58382e-07	1.98701e-07	6.97455e-08	2.31249e-08	7.61484e-09	2.35661e-09	7.29218e-10	2.10799e-10	6.13015e-11	1.65361e-11	4.51016e-12	1.13335e-12	2.8923e-13	6.75451e-14	1.60817e-14	3.48561e-15	7.73248e-16	1.55364e-16	3.20752e-17	5.97783e-18	1.14963e-18	1.98809e-19	3.56288e-20	5.73079e-21	9.59815e-22	1.43862e-22	2.2564e-23	3.16978e-24	4.69064e-25	6.23323e-26	8.80835e-27	1.13568e-27	1.58108e-28	2.06937e-29	2.96539e-30	4.16159e-31	6.37492e-32	1.04043e-32	2.85937e-33	
Bulbostylis_barbata	0	0	0	0	1	0	0	0	0	0	0	0	0	0	0	0	0	0	0	0	0	0	0	0	0	0	0	0	0	0	0	0	0	0	0	0	0	0	0	0	0	0	0	0	0	0	0	0	0	0	0	0	0	0	0	0	0	0	0	0	0	0	0	0	0	0	
N29	0.0167812	0.0222972	0.0317395	0.0448577	0.0603115	0.0764027	0.0903575	0.1003	0.104056	0.101361	0.0917404	0.0773223	0.0600868	0.0435596	0.0294529	0.0191046	0.0119609	0.00745757	0.00456179	0.00277986	0.00162063	0.00092379	0.00049066	0.000254324	0.000121099	5.70501e-05	2.44387e-05	1.05708e-05	4.10235e-06	1.63931e-06	5.78022e-07	2.13057e-07	6.79955e-08	2.29163e-08	6.58566e-09	2.01466e-09	5.18504e-10	1.43036e-10	3.29374e-11	8.19336e-12	1.68634e-12	3.77833e-13	6.97819e-14	1.41618e-14	2.34946e-15	4.3205e-16	6.48472e-17	1.09051e-17	1.48222e-18	2.27739e-19	2.83079e-20	4.02257e-21	4.569e-22	5.97844e-23	6.28336e-24	7.68962e-25	7.46188e-26	8.49346e-27	7.8154e-28	8.58564e-29	7.80156e-30	8.68091e-31	8.88409e-32	1.11427e-32	1.44189e-33	3.2195e-34	
Bulbostylis_densa	0	0	0	0	0	0	0	0	0	0	0	0	0	0	0	0	0	0	0	0	0	0	0	0	0	0	0	0	0	0	0	1	0	0	0	0	0	0	0	0	0	0	0	0	0	0	0	0	0	0	0	0	0	0	0	0	0	0	0	0	0	0	0	0	0	0	
Bulbostylis_hispidula	0	0	0	0	1	0	0	0	0	0	0	0	0	0	0	0	0	0	0	0	0	0	0	0	0	0	0	0	0	0	0	0	0	0	0	0	0	0	0	0	0	0	0	0	0	0	0	0	0	0	0	0	0	0	0	0	0	0	0	0	0	0	0	0	0	0	
N30	0.155724	0.160932	0.15437	0.138578	0.116134	0.0913695	0.0672191	0.0464643	0.0300391	0.0182514	0.0103699	0.00553864	0.00276554	0.00129869	0.000569996	0.000235481	9.09104e-05	3.30824e-05	1.12502e-05	3.61384e-06	1.08493e-06	3.08587e-07	8.20468e-08	2.07523e-08	4.90714e-09	1.10981e-09	2.34646e-10	4.77758e-11	9.08887e-12	1.67881e-12	2.89367e-13	4.88731e-14	7.68204e-15	1.1942e-15	1.72078e-16	2.47328e-17	3.27653e-18	4.36051e-19	5.31688e-20	6.55068e-21	7.34731e-22	8.36646e-23	8.62883e-24	9.07475e-25	8.60099e-26	8.34679e-27	7.27666e-28	6.52375e-29	5.23481e-30	4.33854e-31	3.21259e-32	2.46904e-33	1.69065e-34	1.20774e-35	7.69154e-37	5.14554e-38	3.0756e-39	1.95038e-40	1.12206e-41	6.96312e-43	4.04238e-44	2.5747e-45	1.60426e-46	1.09712e-47	7.88464e-49	8.47563e-50	
Abildgaardia_ovata	0	0	0	0	0	0	0	0	0	1	0	0	0	0	0	0	0	0	0	0	0	0	0	0	0	0	0	0	0	0	0	0	0	0	0	0	0	0	0	0	0	0	0	0	0	0	0	0	0	0	0	0	0	0	0	0	0	0	0	0	0	0	0	0	0	0	
N31	0.180202	0.182631	0.168846	0.143861	0.112859	0.0820865	0.0551672	0.0344437	0.0198793	0.010661	0.00527993	0.00242915	0.00103048	0.000406149	0.000147346	4.97258e-05	1.54175e-05	4.46022e-06	1.18281e-06	2.94459e-07	6.69753e-08	1.44616e-08	2.83772e-09	5.39266e-10	9.22228e-11	1.57946e-11	2.39267e-12	3.81772e-13	5.22519e-14	8.00563e-15	1.00624e-15	1.49701e-16	1.73157e-17	2.46116e-18	2.60433e-19	3.46316e-20	3.31846e-21	4.04706e-22	3.50365e-23	3.90179e-24	3.03831e-25	3.06778e-26	2.15979e-27	1.99285e-28	1.26426e-29	1.05996e-30	6.12016e-32	4.73696e-33	2.47358e-34	1.7484e-35	8.39405e-37	5.56724e-38	2.42594e-39	1.47683e-40	6.00335e-42	3.50916e-43	1.29762e-44	6.97604e-46	2.45584e-47	1.30665e-48	4.26732e-50	2.17336e-51	8.26555e-53	5.36819e-54	3.37414e-55	4.04592e-56	
Fimbristylis_littoralis	0	0	0	0	1	0	0	0	0	0	0	0	0	0	0	0	0	0	0	0	0	0	0	0	0	0	0	0	0	0	0	0	0	0	0	0	0	0	0	0	0	0	0	0	0	0	0	0	0	0	0	0	0	0	0	0	0	0	0	0	0	0	0	0	0	0	
N32	0.188172	0.189632	0.17336	0.145257	0.111386	0.0787261	0.0510509	0.0305575	0.0167647	0.00848849	0.00392894	0.00167868	0.000653411	0.000235328	7.69021e-05	2.34135e-05	6.43273e-06	1.67275e-06	3.89198e-07	8.85749e-08	1.7751e-08	3.6966e-09	6.57455e-10	1.32667e-10	2.15739e-11	4.32841e-12	6.48977e-13	1.26489e-13	1.71834e-14	3.10808e-15	3.77601e-16	6.20811e-17	6.66687e-18	9.80159e-19	9.34743e-20	1.24156e-20	1.04519e-21	1.24157e-22	9.36546e-24	1.02264e-24	6.83671e-26	6.71842e-27	4.09789e-28	3.82172e-29	2.07606e-30	1.75016e-31	8.93195e-33	7.46466e-34	3.39574e-35	2.53997e-36	1.12103e-37	8.60402e-39	3.35267e-40	2.24042e-41	8.64891e-43	6.00889e-44	2.01328e-45	1.18163e-46	3.95382e-48	2.42656e-49	7.06275e-51	3.70858e-52	1.23652e-53	8.10447e-55	4.36731e-56	5.31204e-57	
Fimbristylis_complanata	0	0	0	0	1	0	0	0	0	0	0	0	0	0	0	0	0	0	0	0	0	0	0	0	0	0	0	0	0	0	0	0	0	0	0	0	0	0	0	0	0	0	0	0	0	0	0	0	0	0	0	0	0	0	0	0	0	0	0	0	0	0	0	0	0	0	
N33	0.179729	0.18279	0.169864	0.145421	0.114243	0.0828232	0.0550375	0.0337247	0.0188787	0.00973961	0.00457139	0.00198165	0.000777856	0.00028428	9.35114e-05	2.92339e-05	8.14221e-06	2.25588e-06	5.45811e-07	1.43166e-07	3.13371e-08	8.31915e-09	1.69845e-09	4.59269e-10	8.64984e-11	2.25012e-11	3.82744e-12	9.21307e-13	1.38888e-13	3.01057e-14	4.0357e-15	7.96475e-16	9.41586e-17	1.66679e-17	1.77188e-18	2.92402e-19	2.75393e-20	4.10057e-21	3.56649e-22	5.18637e-23	4.01716e-24	5.25853e-25	3.91578e-26	5.28629e-27	3.48917e-28	4.12609e-29	2.71085e-30	3.40812e-31	1.94077e-32	2.04354e-33	1.17377e-34	1.32522e-35	6.48117e-37	5.97201e-38	2.96955e-39	2.95709e-40	1.23798e-41	9.89215e-43	4.22551e-44	3.68597e-45	1.33445e-46	9.48066e-48	3.88313e-49	3.48858e-50	2.27998e-51	4.14898e-52	
Fimbristylis_ferruginea	0	0	0	0	1	0	0	0	0	0	0	0	0	0	0	0	0	0	0	0	0	0	0	0	0	0	0	0	0	0	0	0	0	0	0	0	0	0	0	0	0	0	0	0	0	0	0	0	0	0	0	0	0	0	0	0	0	0	0	0	0	0	0	0	0	0	
N34	0.117549	0.129888	0.138813	0.140607	0.131611	0.112906	0.0875407	0.0614161	0.0385899	0.0218554	0.0110406	0.00503426	0.00204446	0.000754453	0.000247952	7.50781e-05	2.02511e-05	5.158e-06	1.16909e-06	2.60098e-07	5.10901e-08	1.0332e-08	1.80555e-09	3.38835e-10	5.29524e-11	9.1266e-12	1.26394e-12	1.96611e-13	2.38532e-14	3.3012e-15	3.5056e-16	4.32483e-17	4.02021e-18	4.41794e-19	3.63441e-20	3.61212e-21	2.6377e-22	2.36744e-23	1.5627e-24	1.29654e-25	7.72704e-27	5.85568e-28	3.22597e-29	2.30193e-30	1.1571e-31	7.55096e-33	3.55777e-34	2.20616e-35	9.4729e-37	5.33415e-38	2.1561e-39	1.15839e-40	4.24557e-42	2.05999e-43	7.12847e-45	3.31895e-46	1.03826e-47	4.35674e-49	1.29746e-50	5.30221e-52	1.4707e-53	5.69913e-55	1.7656e-56	7.99433e-58	3.40676e-59	2.61089e-60	
Fimbristylis_dichotoma	0	0	0	0	1	0	0	0	0	0	0	0	0	0	0	0	0	0	0	0	0	0	0	0	0	0	0	0	0	0	0	0	0	0	0	0	0	0	0	0	0	0	0	0	0	0	0	0	0	0	0	0	0	0	0	0	0	0	0	0	0	0	0	0	0	0	
N35	0.00420225	0.0094871	0.0243395	0.0553858	0.103389	0.155965	0.188235	0.181635	0.137805	0.0822537	0.0382034	0.0139832	0.00400245	0.000917613	0.00016688	2.50062e-05	3.0284e-06	3.14248e-07	2.6834e-08	2.0646e-09	1.32182e-10	8.07557e-12	4.09374e-13	2.08598e-14	8.63539e-16	3.72394e-17	1.2712e-18	4.63312e-20	1.30595e-21	4.0105e-23	9.40778e-25	2.45661e-26	4.83507e-28	1.08132e-29	1.81479e-31	3.54276e-33	5.11849e-35	8.77208e-37	1.11374e-38	1.71626e-40	1.92473e-42	2.65655e-44	2.69472e-46	3.4258e-48	3.12521e-50	3.58949e-52	3.01899e-54	3.23703e-56	2.46006e-58	2.37927e-60	1.68003e-62	1.52724e-64	9.72778e-67	7.95815e-69	4.73179e-71	3.66498e-73	1.96422e-75	1.37008e-77	6.92566e-80	4.65387e-82	2.19476e-84	1.40491e-86	7.35226e-89	5.43387e-91	3.77242e-93	3.80895e-95	
Fimbristylis_velata	0	0	0	0	0	0	0	0	0	0	0	1	0	0	0	0	0	0	0	0	0	0	0	0	0	0	0	0	0	0	0	0	0	0	0	0	0	0	0	0	0	0	0	0	0	0	0	0	0	0	0	0	0	0	0	0	0	0	0	0	0	0	0	0	0	0	
Fimbristylis_squarrosa	0	0	0	0	1	0	0	0	0	0	0	0	0	0	0	0	0	0	0	0	0	0	0	0	0	0	0	0	0	0	0	0	0	0	0	0	0	0	0	0	0	0	0	0	0	0	0	0	0	0	0	0	0	0	0	0	0	0	0	0	0	0	0	0	0	0	
N36	0.08299	0.0904388	0.0957954	0.0988022	0.0984247	0.0948778	0.0878784	0.0785024	0.0672159	0.0554689	0.0438391	0.0334228	0.0243985	0.0172141	0.0116285	0.00761519	0.00477394	0.00291442	0.00170231	0.000974713	0.000533225	0.000288705	0.000148941	7.70975e-05	3.78306e-05	1.89704e-05	8.94196e-06	4.40267e-06	2.00977e-06	9.79156e-07	4.34439e-07	2.094e-07	8.99906e-08	4.2527e-08	1.75955e-08	8.07551e-09	3.1921e-09	1.40867e-09	5.30029e-10	2.24124e-10	7.99418e-11	3.22388e-11	1.09127e-11	4.20801e-12	1.34899e-12	4.96016e-13	1.51252e-13	5.33836e-14	1.54535e-14	5.2169e-15	1.44447e-15	4.71417e-16	1.24486e-16	3.90522e-17	9.95531e-18	3.05302e-18	7.50083e-19	2.2405e-19	5.47394e-20	1.66667e-20	4.25794e-21	1.40908e-21	4.43527e-22	1.83448e-22	8.04952e-23	5.28679e-23	
Eleocharis_dulcis	0	0	0	0	0	0	0	0	0	0	0	0	0	0	0	0	0	0	0	0	0	0	0	0	0	0	0	0	0	0	0	0	0	0	0	0	0	1	0	0	0	0	0	0	0	0	0	0	0	0	0	0	0	0	0	0	0	0	0	0	0	0	0	0	0	0	
N37	0.112382	0.11936	0.120719	0.117107	0.10865	0.0968933	0.0827193	0.067866	0.0532579	0.0401154	0.0288575	0.019897	0.013081	0.00823405	0.00493561	0.00283128	0.00154514	0.000807185	0.000400931	0.000190825	8.63288e-05	3.74958e-05	1.54785e-05	6.15294e-06	2.3246e-06	8.49336e-07	2.94911e-07	9.95965e-08	3.1948e-08	1.00377e-08	2.99131e-09	8.80115e-10	2.44858e-10	6.7807e-11	1.76688e-11	4.61796e-12	1.12789e-12	2.782e-13	6.3628e-14	1.47893e-14	3.16088e-15	6.90714e-16	1.37743e-16	2.82617e-17	5.25226e-18	1.01073e-18	1.75098e-19	3.16233e-20	5.10803e-21	8.65884e-22	1.30641e-22	2.08254e-23	2.9381e-24	4.40773e-25	5.83732e-26	8.28096e-27	1.036e-27	1.40214e-28	1.69451e-29	2.25467e-30	2.76801e-31	3.8214e-32	5.14258e-33	7.79444e-34	1.26586e-34	3.42029e-35	
N38	0.0913427	0.0982758	0.101834	0.10225	0.0990664	0.0930671	0.0843406	0.0740915	0.0627255	0.0514664	0.0406474	0.0311205	0.0229028	0.0163549	0.0112083	0.00747001	0.00476875	0.00297405	0.00177277	0.0010412	0.000582865	0.000326303	0.000173427	9.4338e-05	4.83547e-05	2.61381e-05	1.31296e-05	7.16773e-06	3.55235e-06	1.95555e-06	9.51669e-07	5.21155e-07	2.46005e-07	1.31686e-07	5.9751e-08	3.09717e-08	1.34097e-08	6.681e-09	2.75851e-09	1.32299e-09	5.19624e-10	2.39251e-10	8.97862e-11	3.99811e-11	1.43126e-11	6.14356e-12	2.11607e-12	8.86471e-13	2.92843e-13	1.18824e-13	3.81425e-14	1.52544e-14	4.72036e-15	1.83107e-15	5.55483e-16	2.13703e-16	6.26116e-17	2.33234e-17	6.79371e-18	2.55825e-18	7.58966e-19	3.00413e-19	1.0959e-19	5.68049e-20	3.43252e-20	3.45303e-20	
Eleocharis_tuberculosa	0	0	0	0	0	0	0	0	0	0	0	0	0	0	1	0	0	0	0	0	0	0	0	0	0	0	0	0	0	0	0	0	0	0	0	0	0	0	0	0	0	0	0	0	0	0	0	0	0	0	0	0	0	0	0	0	0	0	0	0	0	0	0	0	0	0	
Eleocharis_quinqueflora	0	0	0	0	0	0	0	0	0	1	0	0	0	0	0	0	0	0	0	0	0	0	0	0	0	0	0	0	0	0	0	0	0	0	0	0	0	0	0	0	0	0	0	0	0	0	0	0	0	0	0	0	0	0	0	0	0	0	0	0	0	0	0	0	0	0	
N39	0.114808	0.122211	0.123972	0.120487	0.111637	0.0989808	0.0835099	0.067302	0.0515177	0.0376251	0.0260627	0.0172168	0.0107746	0.00643126	0.00363256	0.0019584	0.000997777	0.000486013	0.000223376	9.84648e-05	4.08764e-05	1.63676e-05	6.15781e-06	2.25639e-06	7.74212e-07	2.62785e-07	8.30938e-08	2.6586e-08	7.85216e-09	2.41291e-09	6.74396e-10	2.01621e-10	5.36323e-11	1.55846e-11	3.93554e-12	1.10037e-12	2.61532e-13	6.93787e-14	1.54168e-14	3.84842e-15	7.94838e-16	1.85451e-16	3.55769e-17	7.76196e-18	1.38028e-18	2.80958e-19	4.64611e-20	8.86904e-21	1.3622e-21	2.43392e-22	3.49302e-23	5.89404e-24	7.8884e-25	1.25238e-25	1.57818e-26	2.39023e-27	2.82773e-28	4.06409e-29	4.61765e-30	6.52649e-31	7.41971e-32	1.09683e-32	1.50126e-33	2.79975e-34	5.67169e-35	1.8314e-35	
Eleocharis_confervoides	0	0	0	0	0	0	0	0	0	0	0	0	0	0	0	0	0	0	1	0	0	0	0	0	0	0	0	0	0	0	0	0	0	0	0	0	0	0	0	0	0	0	0	0	0	0	0	0	0	0	0	0	0	0	0	0	0	0	0	0	0	0	0	0	0	0	
N40	0.138458	0.144666	0.141792	0.131443	0.114987	0.0954543	0.0748954	0.0557755	0.0392267	0.0261511	0.0164324	0.0097714	0.00546439	0.00288809	0.00143254	0.000671231	0.000294624	0.000122236	4.743e-05	1.74332e-05	5.98299e-06	1.95371e-06	5.94605e-07	1.73573e-07	4.71038e-08	1.24259e-08	3.03512e-09	7.35699e-10	1.63875e-10	3.72512e-11	7.67748e-12	1.66648e-12	3.20825e-13	6.69007e-14	1.20446e-14	2.39862e-15	4.01205e-16	7.52973e-17	1.16254e-17	2.03616e-18	2.88448e-19	4.67659e-20	6.07254e-21	9.10309e-22	1.08137e-22	1.49437e-23	1.62878e-24	2.08334e-25	2.08138e-26	2.45903e-27	2.26456e-28	2.49072e-29	2.11082e-30	2.15396e-31	1.6948e-32	1.62492e-33	1.18326e-34	1.05979e-35	7.2756e-37	6.27013e-38	4.17684e-39	3.63238e-40	2.78214e-41	2.89461e-42	3.09996e-43	6.0062e-44	
N41	0.118703	0.127633	0.131383	0.129236	0.12003	0.105077	0.0858675	0.065588	0.0464658	0.0306405	0.01867	0.0105666	0.00551121	0.00266768	0.00118746	0.000490755	0.000186197	6.57267e-05	2.12736e-05	6.43394e-06	1.78252e-06	4.64806e-07	1.10937e-07	2.51915e-08	5.22798e-09	1.047e-09	1.91012e-10	3.41745e-11	5.53166e-12	8.91344e-13	1.28604e-13	1.86913e-14	2.40046e-15	3.13158e-16	3.56643e-17	4.154e-18	4.17686e-19	4.32281e-20	3.83641e-21	3.54516e-22	2.8588e-23	2.75081e-24	3.63499e-25	1.05171e-25	3.77883e-26	1.62676e-26	6.21413e-27	2.65472e-27	9.86137e-28	4.11568e-28	1.49138e-28	6.11578e-29	2.16068e-29	8.68173e-30	3.01189e-30	1.19605e-30	4.08006e-31	1.6028e-31	5.50427e-32	2.2077e-32	7.97763e-33	3.42902e-33	1.43134e-33	7.06089e-34	3.65377e-34	2.64425e-34	
Eleocharis_geniculata	0	0	0	0	1	0	0	0	0	0	0	0	0	0	0	0	0	0	0	0	0	0	0	0	0	0	0	0	0	0	0	0	0	0	0	0	0	0	0	0	0	0	0	0	0	0	0	0	0	0	0	0	0	0	0	0	0	0	0	0	0	0	0	0	0	0	
N42	0.118294	0.127263	0.131121	0.129126	0.120065	0.105232	0.0860744	0.0658104	0.0466488	0.0307856	0.0187603	0.0106255	0.00553921	0.00268381	0.00119295	0.000493929	0.00018683	6.62369e-05	2.13025e-05	6.51469e-06	1.77993e-06	4.77818e-07	1.10425e-07	2.70646e-08	5.19378e-09	1.26199e-09	1.90561e-10	5.34823e-11	5.64979e-12	2.23523e-12	1.4133e-13	9.27794e-14	3.1669e-15	3.52295e-15	6.83753e-17	1.16355e-16	1.48393e-18	3.14749e-18	3.11049e-20	7.09764e-20	5.87662e-22	1.27326e-21	9.42816e-24	1.93586e-23	1.26728e-25	2.29868e-25	1.40033e-27	2.43531e-27	1.30008e-29	1.92192e-29	9.92563e-32	1.51444e-31	6.54541e-34	7.81721e-34	3.54415e-36	5.15573e-36	1.74456e-38	1.62776e-38	6.89455e-41	1.07851e-40	2.71457e-43	1.82192e-43	8.08107e-46	1.52469e-45	5.64611e-48	1.75692e-47	
Eleocharis_multicaulis	0	0	0	0	0	0	0	0	0	1	0	0	0	0	0	0	0	0	0	0	0	0	0	0	0	0	0	0	0	0	0	0	0	0	0	0	0	0	0	0	0	0	0	0	0	0	0	0	0	0	0	0	0	0	0	0	0	0	0	0	0	0	0	0	0	0	
N43	0.107843	0.117381	0.123365	0.124539	0.118985	0.10735	0.090459	0.0714258	0.0523385	0.0358693	0.0227187	0.0134804	0.00735561	0.00378448	0.00177617	0.000800209	0.000323683	0.000131615	4.64351e-05	1.83749e-05	5.83339e-06	2.52641e-06	7.55477e-07	3.78783e-07	1.07733e-07	5.73085e-08	1.5235e-08	7.90679e-09	1.91696e-09	9.20619e-10	2.04255e-10	9.1595e-11	1.83018e-11	7.4536e-12	1.37257e-12	5.34076e-13	8.78231e-14	3.07373e-14	4.77518e-15	1.70506e-15	2.32001e-16	7.23961e-17	9.86278e-18	3.56066e-18	4.08069e-19	1.19357e-19	1.50158e-20	5.78645e-21	5.73224e-22	1.57868e-22	1.83625e-23	7.03996e-24	6.11875e-25	1.53756e-25	1.61306e-26	5.7371e-27	4.38108e-28	9.78541e-29	9.04125e-30	2.88727e-30	1.94793e-31	3.90462e-32	3.37622e-33	1.06888e-33	1.51821e-34	1.07801e-34	
Eleocharis_flavescens	0	0	0	0	0	0	0	0	0	0	0	0	0	0	1	0	0	0	0	0	0	0	0	0	0	0	0	0	0	0	0	0	0	0	0	0	0	0	0	0	0	0	0	0	0	0	0	0	0	0	0	0	0	0	0	0	0	0	0	0	0	0	0	0	0	0	
Eleocharis_atropurpurea	0	0	0	0	1	0	0	0	0	0	0	0	0	0	0	0	0	0	0	0	0	0	0	0	0	0	0	0	0	0	0	0	0	0	0	0	0	0	0	0	0	0	0	0	0	0	0	0	0	0	0	0	0	0	0	0	0	0	0	0	0	0	0	0	0	0	
N44	0.131805	0.138658	0.137575	0.129623	0.115499	0.0977687	0.0781589	0.0592465	0.0422807	0.0285378	0.0180659	0.0107941	0.00602623	0.00317307	0.00155597	0.000720738	0.00030997	0.00012657	4.78447e-05	1.73558e-05	5.80796e-06	1.90108e-06	5.71098e-07	1.72872e-07	4.75289e-08	1.36611e-08	3.49838e-09	9.68809e-10	2.31975e-10	6.13909e-11	1.36301e-11	3.38674e-12	6.87919e-13	1.57659e-13	2.90896e-14	6.10988e-15	1.01851e-15	1.95007e-16	2.94339e-17	5.16297e-18	7.04675e-19	1.13023e-19	1.40538e-20	2.08488e-21	2.3588e-22	3.22374e-23	3.36129e-24	4.30938e-25	4.1236e-26	4.90523e-27	4.38837e-28	4.96544e-29	4.1049e-30	4.31584e-31	3.37426e-32	3.40051e-33	2.45885e-34	2.29267e-35	1.58636e-36	1.43848e-37	9.59225e-39	8.56918e-40	6.54692e-41	6.807e-42	7.04414e-43	1.32008e-43	
N45	0.0842621	0.09229	0.0986114	0.102757	0.10331	0.10013	0.0926483	0.0819625	0.0687418	0.0548766	0.041353	0.0296048	0.0199483	0.0127721	0.00768136	0.00440072	0.00236496	0.00121754	0.000587396	0.000274228	0.000119833	5.14818e-05	2.06557e-05	8.32749e-06	3.11616e-06	1.20054e-06	4.24052e-07	1.57513e-07	5.26082e-08	1.87442e-08	5.88424e-09	1.98987e-09	5.81754e-10	1.84651e-10	5.00245e-11	1.48423e-11	3.71312e-12	1.02655e-12	2.37655e-13	6.14634e-14	1.31725e-14	3.18605e-15	6.36128e-16	1.45066e-16	2.70063e-17	5.79718e-18	1.0156e-18	2.07439e-19	3.41463e-20	6.59464e-21	1.03105e-21	1.90693e-22	2.81322e-23	4.92006e-24	6.93124e-25	1.16451e-25	1.55078e-26	2.46704e-27	3.18271e-28	4.96968e-29	6.39199e-30	1.01712e-30	1.48551e-31	2.72039e-32	5.31127e-33	1.91184e-33	
Eleocharis_gracilis	0	0	0	0	0	0	0	0	0	1	0	0	0	0	0	0	0	0	0	0	0	0	0	0	0	0	0	0	0	0	0	0	0	0	0	0	0	0	0	0	0	0	0	0	0	0	0	0	0	0	0	0	0	0	0	0	0	0	0	0	0	0	0	0	0	0	
Eleocharis_congesta	0	0	0	0	0	0	0	0	0	1	0	0	0	0	0	0	0	0	0	0	0	0	0	0	0	0	0	0	0	0	0	0	0	0	0	0	0	0	0	0	0	0	0	0	0	0	0	0	0	0	0	0	0	0	0	0	0	0	0	0	0	0	0	0	0	0	
N46	0.119587	0.127118	0.128558	0.124328	0.114293	0.1002	0.0831633	0.065584	0.0487412	0.0343177	0.0226721	0.0141697	0.00827598	0.00457705	0.00235646	0.00115454	0.000524305	0.000229349	9.24554e-05	3.6813e-05	1.33746e-05	5.02146e-06	1.68784e-06	6.26098e-07	2.00043e-07	7.53127e-08	2.30881e-08	8.71426e-09	2.52535e-09	9.2098e-10	2.48426e-10	8.55809e-11	2.1207e-11	6.78682e-12	1.54516e-12	4.61052e-13	9.5934e-14	2.64896e-14	5.08495e-15	1.32183e-15	2.32532e-16	5.62079e-17	9.23712e-18	2.14648e-18	3.25079e-19	7.06357e-20	1.0203e-20	2.1924e-21	2.92965e-22	5.86714e-23	7.6429e-24	1.5472e-24	1.85523e-25	3.44082e-26	4.07401e-27	7.69613e-28	8.27697e-29	1.40106e-29	1.49525e-30	2.59051e-31	2.53439e-32	4.03715e-33	4.5954e-34	9.1798e-35	1.74089e-35	7.49795e-36	
N47	3.18601e-07	2.74289e-06	2.81352e-05	0.000241504	0.00166201	0.00944509	0.0418294	0.128552	0.249489	0.287039	0.187912	0.072865	0.017698	0.00287841	0.00032804	2.75274e-05	1.74736e-06	8.70557e-08	3.45293e-09	1.12385e-10	3.0173e-12	6.87096e-14	1.32426e-15	2.22246e-17	3.21798e-19	4.14852e-21	4.68195e-23	4.79881e-25	4.35253e-27	3.65078e-29	2.73027e-31	1.91962e-33	1.20846e-35	7.25627e-38	3.90765e-40	2.03202e-42	9.46993e-45	4.30539e-47	1.75168e-49	7.01378e-52	2.50754e-54	8.89082e-57	2.8106e-59	8.87584e-62	2.49433e-64	7.05027e-67	1.77214e-69	4.51059e-72	1.01935e-74	2.34757e-77	4.80066e-80	1.00697e-82	1.87361e-85	3.59872e-88	6.14697e-91	1.09232e-93	1.73395e-96	2.89312e-99	4.38717e-102	7.10067e-105	1.07633e-107	1.7636e-110	2.80943e-113	4.77889e-116	7.99504e-119	1.48397e-121	
Eleocharis_acicularis_f_longiseta	0	0	0	0	0	0	0	0	0	1	0	0	0	0	0	0	0	0	0	0	0	0	0	0	0	0	0	0	0	0	0	0	0	0	0	0	0	0	0	0	0	0	0	0	0	0	0	0	0	0	0	0	0	0	0	0	0	0	0	0	0	0	0	0	0	0	
Eleocharis_acicularis	0	0	0	0	0	0	0	0	0	1	0	0	0	0	0	0	0	0	0	0	0	0	0	0	0	0	0	0	0	0	0	0	0	0	0	0	0	0	0	0	0	0	0	0	0	0	0	0	0	0	0	0	0	0	0	0	0	0	0	0	0	0	0	0	0	0	
N48	0.0425395	0.0533085	0.0703161	0.0918388	0.112786	0.127273	0.12935	0.117976	0.0955844	0.0689586	0.0439586	0.0248976	0.012439	0.0055276	0.00216748	0.000758599	0.000234637	6.51478e-05	1.60218e-05	3.56639e-06	7.04973e-07	1.27578e-07	2.05552e-08	3.07825e-09	4.11051e-10	5.1972e-11	5.85547e-12	6.37312e-13	6.15027e-14	5.83942e-15	4.87279e-16	4.05923e-17	2.93747e-18	2.14523e-19	1.34712e-20	8.61657e-22	4.69529e-23	2.62854e-24	1.24663e-25	6.13039e-27	2.53844e-28	1.09989e-29	4.0022e-31	1.53926e-32	4.94457e-34	1.69464e-35	4.84603e-37	1.4936e-38	3.81814e-40	1.06092e-41	2.44732e-43	6.19272e-45	1.29226e-46	2.97727e-48	5.68036e-50	1.20617e-51	2.11093e-53	4.14093e-55	6.82356e-57	1.27998e-58	2.07905e-60	3.923e-62	6.94006e-64	1.41127e-65	2.81114e-67	7.64645e-69	
N49	0.0150848	0.0208383	0.0320397	0.0498587	0.0734071	0.0994182	0.121301	0.132908	0.129428	0.112339	0.086088	0.0586632	0.0351617	0.0188018	0.00883213	0.00374535	0.00139618	0.000482888	0.000147097	4.38767e-05	1.14853e-05	3.17845e-06	7.50155e-07	1.99077e-07	4.24073e-08	1.04242e-08	1.94812e-09	4.26125e-10	6.83802e-11	1.30462e-11	1.79347e-12	2.99575e-13	3.53172e-14	5.17634e-15	5.30171e-16	6.95716e-17	6.21957e-18	7.31255e-19	5.85059e-20	6.38162e-21	4.57443e-22	4.55648e-23	3.03962e-24	2.90373e-25	1.76571e-26	1.53573e-27	8.88382e-29	7.48151e-30	3.90729e-31	2.9337e-32	1.45709e-33	1.05902e-34	4.68267e-36	2.99674e-37	1.26006e-38	7.85067e-40	2.92017e-41	1.59445e-42	5.67158e-44	3.05496e-45	9.77154e-47	4.76707e-48	1.67029e-49	9.60233e-51	4.89354e-52	5.1616e-53	
Eleocharis_montevidensis	0	0	0	0	0	0	0	0	0	1	0	0	0	0	0	0	0	0	0	0	0	0	0	0	0	0	0	0	0	0	0	0	0	0	0	0	0	0	0	0	0	0	0	0	0	0	0	0	0	0	0	0	0	0	0	0	0	0	0	0	0	0	0	0	0	0	
Eleocharis_tenuis	0	0	0	0	0	0	0	0	0	0	0	1	0	0	0	0	0	0	0	0	0	0	0	0	0	0	0	0	0	0	0	0	0	0	0	0	0	0	0	0	0	0	0	0	0	0	0	0	0	0	0	0	0	0	0	0	0	0	0	0	0	0	0	0	0	0	
N50	0.0343977	0.0455777	0.0651193	0.0919224	0.120155	0.140912	0.144718	0.12904	0.0987844	0.064911	0.0363718	0.0174552	0.00713464	0.00250466	0.000749733	0.000194126	4.29463e-05	8.33387e-06	1.38476e-06	2.07648e-07	2.66907e-08	3.27934e-09	3.43589e-10	3.78011e-11	3.43343e-12	3.58478e-13	2.87796e-14	2.77373e-15	1.91486e-16	1.61163e-17	9.36132e-19	6.71821e-20	3.25904e-21	1.98256e-22	8.08094e-24	4.21122e-25	1.44719e-26	6.4832e-28	1.90473e-29	7.49477e-31	1.88612e-32	6.50952e-34	1.43823e-35	4.53069e-37	8.75342e-39	2.47124e-40	4.36992e-42	1.185e-43	1.86871e-45	4.56323e-47	6.86114e-49	1.66156e-50	2.21915e-52	4.71451e-54	6.0861e-56	1.2858e-57	1.44682e-59	2.61234e-61	2.84629e-63	5.13144e-65	4.90618e-67	7.74088e-69	8.27886e-71	1.5633e-72	2.47875e-74	7.15472e-76	
N51	0.0229193	0.0351058	0.0595651	0.0961334	0.136286	0.164497	0.165341	0.137471	0.0936405	0.0523649	0.0239447	0.00902404	0.00279744	0.000722597	0.000155069	2.81963e-05	4.31188e-06	5.72787e-07	6.49231e-08	6.65215e-09	5.90822e-10	5.03617e-11	3.74785e-12	2.85102e-13	1.8516e-14	1.27371e-15	7.16662e-17	4.33325e-18	2.06757e-19	1.07448e-20	4.31806e-22	1.92626e-23	6.53905e-25	2.51957e-26	7.30722e-28	2.46964e-29	6.18055e-31	1.85035e-32	4.0714e-34	1.10379e-35	2.15981e-37	5.32576e-39	9.51398e-41	2.1918e-42	3.58453e-44	7.60645e-46	1.16763e-47	2.34542e-49	3.31123e-51	6.07249e-53	8.06459e-55	1.39863e-56	1.68841e-58	2.6461e-60	2.99379e-62	4.44858e-64	4.54233e-66	6.08504e-68	5.85331e-70	7.54398e-72	6.71731e-74	8.18561e-76	7.97527e-78	1.12141e-79	1.47271e-81	3.05231e-83	
Eleocharis_erythropoda	0	0	0	0	0	0	0	0	1	0	0	0	0	0	0	0	0	0	0	0	0	0	0	0	0	0	0	0	0	0	0	0	0	0	0	0	0	0	0	0	0	0	0	0	0	0	0	0	0	0	0	0	0	0	0	0	0	0	0	0	0	0	0	0	0	0	
Eleocharis_palustris	0	0	0	0	1	0	0	0	0	0	0	0	0	0	0	0	0	0	0	0	0	0	0	0	0	0	0	0	0	0	0	0	0	0	0	0	0	0	0	0	0	0	0	0	0	0	0	0	0	0	0	0	0	0	0	0	0	0	0	0	0	0	0	0	0	0	
N52	0.0168534	0.0252533	0.042845	0.0715043	0.107818	0.14184	0.159055	0.151295	0.120956	0.0815824	0.0461003	0.0220098	0.00879235	0.0029864	0.000847613	0.000208247	4.27069e-05	7.96454e-06	1.23803e-06	1.95762e-07	2.51982e-08	3.8085e-09	4.27148e-10	6.04015e-11	5.66196e-12	6.81853e-13	5.14551e-14	5.08465e-15	3.05653e-16	2.46267e-17	1.19175e-18	7.98525e-20	3.12611e-21	1.74867e-22	5.67896e-24	2.76872e-25	7.47423e-27	3.13968e-28	7.43307e-30	2.93967e-31	5.99682e-33	2.07662e-34	3.9965e-36	1.39087e-37	2.31143e-39	6.76161e-41	1.08904e-42	3.22998e-44	4.34509e-46	1.03604e-47	1.35002e-49	3.27921e-51	3.52064e-53	6.79064e-55	7.10507e-57	1.41642e-58	1.21851e-60	1.91857e-62	1.62142e-64	2.6873e-66	1.88444e-68	2.50218e-70	1.89265e-72	3.04755e-74	3.40348e-76	8.95256e-78	
N53	1.13371e-06	7.43062e-06	5.98542e-05	0.0004102	0.00225582	0.0101881	0.0369738	0.0986802	0.173718	0.185447	0.128239	0.0906884	0.0857449	0.0795097	0.057621	0.0319577	0.0131271	0.00417756	0.000979141	0.000184885	2.56371e-05	3.07107e-06	2.70227e-07	2.2071e-08	1.30492e-09	7.52494e-11	3.09898e-12	1.29681e-13	3.84357e-15	1.20351e-16	2.66387e-18	6.48262e-20	1.10611e-21	2.15329e-23	2.93525e-25	4.74249e-27	5.29563e-29	7.21846e-31	6.84772e-33	8.16444e-35	6.66123e-37	6.90829e-39	5.00849e-41	4.68092e-43	2.97841e-45	2.43408e-47	1.39886e-49	1.04301e-51	5.25125e-54	3.41702e-56	1.5618e-58	9.37943e-61	3.7501e-63	1.97048e-65	7.21245e-68	3.55024e-70	1.13972e-72	4.92901e-75	1.46892e-77	6.08089e-80	1.63642e-82	6.24382e-85	1.82836e-87	8.07533e-90	3.24578e-92	1.94485e-94	
Eleocharis_acuta	0	0	0	0	0	0	0	0	0	1	0	0	0	0	0	0	0	0	0	0	0	0	0	0	0	0	0	0	0	0	0	0	0	0	0	0	0	0	0	0	0	0	0	0	0	0	0	0	0	0	0	0	0	0	0	0	0	0	0	0	0	0	0	0	0	0	
Eleocharis_pallens	0	0	0	0	0	0	0	0	0	0	0	0	0	0	0	0	0	0	0	1	0	0	0	0	0	0	0	0	0	0	0	0	0	0	0	0	0	0	0	0	0	0	0	0	0	0	0	0	0	0	0	0	0	0	0	0	0	0	0	0	0	0	0	0	0	0	
N54	0.0170338	0.0264582	0.0470761	0.08151	0.124728	0.161641	0.173121	0.151915	0.108328	0.0627913	0.0294883	0.0112797	0.00350763	0.000895995	0.000187304	3.26791e-05	4.70601e-06	5.84241e-07	6.04811e-08	5.82364e-09	4.70458e-10	4.1097e-11	2.88931e-12	2.55643e-13	1.59806e-14	1.3348e-15	7.0503e-17	5.09547e-18	2.21108e-19	1.34069e-20	4.78207e-22	2.44281e-23	7.19106e-25	3.10894e-26	7.66941e-28	2.87516e-29	5.96946e-31	1.94231e-32	3.50077e-34	1.04258e-35	1.62556e-37	4.31571e-39	6.22792e-41	1.64963e-42	2.10391e-44	4.9372e-46	6.22344e-48	1.5486e-49	1.67739e-51	3.47424e-53	3.79526e-55	8.43629e-57	7.63236e-59	1.34706e-60	1.23634e-62	2.3618e-64	1.77106e-66	2.63267e-68	2.01351e-70	3.28336e-72	2.06062e-74	2.63072e-76	1.83907e-78	2.94575e-80	3.11143e-82	7.93534e-84	
Eleocharis_cylindrostachys	0	0	0	0	0	0	0	0	0	1	0	0	0	0	0	0	0	0	0	0	0	0	0	0	0	0	0	0	0	0	0	0	0	0	0	0	0	0	0	0	0	0	0	0	0	0	0	0	0	0	0	0	0	0	0	0	0	0	0	0	0	0	0	0	0	0	
N55	0.0320312	0.0512737	0.0919694	0.149587	0.195908	0.19675	0.148306	0.0837653	0.0355275	0.0114364	0.00281599	0.000538127	8.0416e-05	9.56063e-06	9.08113e-07	7.06034e-08	4.47701e-09	2.42692e-10	1.09881e-11	4.65754e-13	1.69376e-14	6.73652e-16	2.23139e-17	8.92578e-19	2.64614e-20	9.57542e-22	2.37536e-23	7.26818e-25	1.47598e-26	3.77968e-28	6.31511e-30	1.37124e-31	1.89967e-33	3.53755e-35	4.13109e-37	6.7733e-39	6.73266e-41	9.80602e-43	8.6022e-45	1.17548e-46	9.20479e-49	1.16192e-50	8.72108e-53	1.11042e-54	7.68555e-57	8.8661e-59	6.08434e-61	7.09353e-63	4.30643e-65	4.30467e-67	2.54744e-69	2.55172e-71	1.299e-73	1.09397e-75	5.40945e-78	4.60711e-80	1.94825e-82	1.38764e-84	5.73102e-87	4.19562e-89	1.49256e-91	9.2667e-94	3.54425e-96	2.62431e-98	1.46698e-100	1.65694e-102	
Eleocharis_obtusa	0	0	0	0	1	0	0	0	0	0	0	0	0	0	0	0	0	0	0	0	0	0	0	0	0	0	0	0	0	0	0	0	0	0	0	0	0	0	0	0	0	0	0	0	0	0	0	0	0	0	0	0	0	0	0	0	0	0	0	0	0	0	0	0	0	0	
Eleocharis_engelmannii	0	0	0	0	1	0	0	0	0	0	0	0	0	0	0	0	0	0	0	0	0	0	0	0	0	0	0	0	0	0	0	0	0	0	0	0	0	0	0	0	0	0	0	0	0	0	0	0	0	0	0	0	0	0	0	0	0	0	0	0	0	0	0	0	0	0	
N56	0.0815236	0.088829	0.0941282	0.0972638	0.0972403	0.0942646	0.0879044	0.0791612	0.068301	0.0568181	0.0451682	0.0346346	0.0253238	0.017901	0.0120369	0.00786446	0.00487219	0.00296167	0.00169978	0.000974456	0.000523867	0.000289607	0.000148405	8.1354e-05	4.04378e-05	2.23776e-05	1.08716e-05	6.0573e-06	2.85212e-06	1.56645e-06	7.06106e-07	3.75619e-07	1.60079e-07	8.12452e-08	3.26284e-08	1.57827e-08	5.94218e-09	2.72261e-09	9.65617e-10	4.22915e-10	1.40744e-10	5.85263e-11	1.84785e-11	7.42402e-12	2.20945e-12	8.46229e-13	2.41748e-13	9.06595e-14	2.45138e-14	8.75998e-15	2.29906e-15	8.11636e-16	2.01362e-16	6.71994e-17	1.62664e-17	5.37308e-18	1.22099e-18	3.77187e-19	8.40817e-20	2.59608e-20	5.61106e-21	1.72078e-21	4.436e-22	1.74186e-22	7.46093e-23	5.96783e-23	
N57	0.0523793	0.0582392	0.0641132	0.0698978	0.0747429	0.0783838	0.0799122	0.0793293	0.0761011	0.0707994	0.0634256	0.0550066	0.0458356	0.0369645	0.0285958	0.0214293	0.0153818	0.0107201	0.00714586	0.00464517	0.00288343	0.00175832	0.00102187	0.000590049	0.000323657	0.000179141	9.36614e-05	5.03209e-05	2.52773e-05	1.3278e-05	6.42684e-06	3.29926e-06	1.53288e-06	7.62951e-07	3.3812e-07	1.61787e-07	6.79051e-08	3.09764e-08	1.22678e-08	5.31739e-09	1.98028e-09	8.12525e-10	2.84717e-10	1.10757e-10	3.64686e-11	1.34228e-11	4.1668e-12	1.45768e-12	4.2613e-13	1.41319e-13	3.91172e-14	1.23839e-14	3.23854e-15	9.74116e-16	2.42569e-16	7.0041e-17	1.65765e-17	4.5804e-18	1.05477e-18	2.88765e-19	6.78046e-20	1.9574e-20	5.43947e-21	1.95561e-21	8.36215e-22	6.21159e-22	
N58	0.0390868	0.0438624	0.0491228	0.05485	0.0604202	0.0656092	0.0695948	0.0722126	0.0727447	0.0713913	0.0677882	0.062609	0.0558406	0.0484475	0.0405387	0.0330421	0.0259412	0.0198937	0.0146709	0.0106208	0.00737612	0.00507238	0.00333459	0.0022027	0.00138283	0.000892515	0.00054208	0.000349262	0.000208041	0.000136067	8.01601e-05	5.34286e-05	3.10536e-05	2.08447e-05	1.18568e-05	7.89673e-06	4.35036e-06	2.83233e-06	1.50334e-06	9.51036e-07	4.83675e-07	2.95278e-07	1.43993e-07	8.50164e-08	3.96204e-08	2.25223e-08	1.00762e-08	5.55623e-09	2.37714e-09	1.26395e-09	5.21569e-10	2.71011e-10	1.07189e-10	5.38564e-11	2.07064e-11	1.02768e-11	3.80102e-12	1.83224e-12	6.7087e-13	3.29005e-13	1.22896e-13	6.48742e-14	3.14156e-14	2.36925e-14	2.06708e-14	2.75799e-14	
N59	0.00553623	0.00654053	0.00803561	0.0101427	0.0128943	0.0163841	0.0205387	0.0253672	0.0306234	0.0362238	0.0417452	0.0470701	0.05166	0.0554769	0.0579833	0.0593514	0.0591557	0.0578411	0.0551189	0.0516443	0.0471961	0.0425081	0.0373465	0.0324079	0.027409	0.0229454	0.0186918	0.015113	0.011866	0.00928251	0.00703564	0.00534018	0.00391636	0.00289344	0.00205836	0.00148429	0.00102578	0.000722613	0.000485204	0.000333619	0.000217273	0.000145414	9.1639e-05	5.95235e-05	3.6195e-05	2.2745e-05	1.33205e-05	8.08416e-06	4.55235e-06	2.66433e-06	1.44278e-06	8.14903e-07	4.24714e-07	2.31897e-07	1.16907e-07	6.21718e-08	3.06684e-08	1.61502e-08	8.03547e-09	4.36119e-09	2.32297e-09	1.39185e-09	8.70681e-10	6.37835e-10	5.35581e-10	5.73378e-10	
Actinoscirpus_grossus	0	0	0	0	0	0	0	0	0	0	0	0	0	0	0	0	0	0	0	0	0	0	0	0	0	0	0	0	0	0	0	0	0	0	0	0	0	0	0	0	1	0	0	0	0	0	0	0	0	0	0	0	0	0	0	0	0	0	0	0	0	0	0	0	0	0	
N60	4.26015e-07	9.92819e-07	3.01751e-06	9.44975e-06	2.81441e-05	7.82394e-05	0.000200821	0.000478687	0.0010659	0.00225048	0.0045142	0.00860003	0.0153641	0.0255713	0.0392359	0.0554369	0.071771	0.085471	0.0936695	0.095465	0.0912057	0.0831368	0.0730859	0.0627554	0.0524576	0.0425017	0.0328313	0.0239797	0.0163279	0.0103424	0.00604021	0.00326195	0.00161841	0.000741862	0.000312305	0.000121627	4.35378e-05	1.44511e-05	4.41478e-06	1.25421e-06	3.2846e-07	8.02591e-08	1.81084e-08	3.8263e-09	7.47787e-10	1.37426e-10	2.33996e-11	3.76357e-12	5.61871e-13	7.96399e-14	1.05022e-14	1.32277e-15	1.55532e-16	1.7596e-17	1.86889e-18	1.92769e-19	1.88274e-20	1.8044e-21	1.65502e-22	1.50133e-23	1.31425e-24	1.13821e-25	9.53183e-27	7.85823e-28	6.46148e-29	7.89124e-30	
N61	2.4935e-08	5.66503e-08	1.84187e-07	6.66652e-07	2.3917e-06	8.16503e-06	2.6006e-05	7.6806e-05	0.000210756	0.000545667	0.00135156	0.00320891	0.00719457	0.0149435	0.0281761	0.0474563	0.0703638	0.0910477	0.10235	0.100638	0.0883153	0.0724958	0.059677	0.0526154	0.049726	0.0478737	0.0441648	0.0378894	0.0295484	0.0210133	0.0134372	0.00788465	0.00414893	0.0020508	0.000906933	0.00039653	0.000153802	6.40137e-05	2.28637e-05	9.43342e-06	3.12438e-06	1.23055e-06	3.65857e-07	1.29914e-07	3.37289e-08	1.04733e-08	2.34997e-09	6.32675e-10	1.22526e-10	2.86071e-11	4.7957e-12	9.75002e-13	1.41974e-13	2.52397e-14	3.20756e-15	5.01513e-16	5.58282e-17	7.71057e-18	7.56661e-19	9.31963e-20	8.18133e-21	9.26118e-22	8.05182e-23	9.89139e-24	1.23527e-24	3.22112e-25	
Schoenoplectus_lacustris	0	0	0	0	0	0	0	0	0	0	0	0	0	0	0	0	0	0	0	0	1	0	0	0	0	0	0	0	0	0	0	0	0	0	0	0	0	0	0	0	0	0	0	0	0	0	0	0	0	0	0	0	0	0	0	0	0	0	0	0	0	0	0	0	0	0	
Schoenoplectus_pungens	0	0	0	0	0	0	0	0	0	0	0	0	0	0	0	0	0	0	0	0	0	0	0	0	0	0	0	0	0	0	0	0	0	0	0	0	0	0	1	0	0	0	0	0	0	0	0	0	0	0	0	0	0	0	0	0	0	0	0	0	0	0	0	0	0	0	
N62	2.91266e-17	8.18598e-16	2.52119e-14	6.36887e-13	1.01724e-11	8.30921e-11	1.66286e-09	2.8899e-08	3.09528e-07	1.40728e-06	1.47918e-06	4.30875e-07	1.84792e-07	1.38605e-06	2.49389e-05	0.000356628	0.00359599	0.0242043	0.101853	0.248014	0.320951	0.210321	0.0735783	0.0149941	0.00192356	0.000165971	1.01183e-05	4.54773e-07	1.55305e-08	4.14764e-10	8.82597e-12	1.5288e-13	2.18024e-15	2.60553e-17	2.62529e-19	2.26763e-21	1.68172e-23	1.0904e-25	6.1608e-28	3.10256e-30	1.37925e-32	5.5845e-35	2.02025e-37	6.83106e-40	2.08566e-42	6.12572e-45	1.6338e-47	4.297e-50	1.02291e-52	2.43503e-55	5.19514e-58	1.11349e-60	2.11912e-63	4.05779e-66	6.87289e-69	1.1748e-71	1.78201e-74	2.74724e-77	3.80945e-80	5.43808e-83	7.1715e-86	9.869e-89	1.29491e-91	1.76485e-94	2.32424e-97	3.3199e-100	
Schoenoplectus_validus	0	0	0	0	0	0	0	0	0	0	0	0	0	0	0	0	0	0	0	0	1	0	0	0	0	0	0	0	0	0	0	0	0	0	0	0	0	0	0	0	0	0	0	0	0	0	0	0	0	0	0	0	0	0	0	0	0	0	0	0	0	0	0	0	0	0	
N63	5.41574e-23	4.62747e-21	4.48228e-19	3.25289e-17	1.35315e-15	2.54871e-14	1.22076e-12	4.64057e-11	9.55678e-10	7.09881e-09	7.84495e-09	1.8027e-09	5.05141e-10	3.93088e-09	2.34939e-07	1.14742e-05	0.000353714	0.00632967	0.0595363	0.256826	0.420362	0.212172	0.0406594	0.00357792	0.000165763	4.46424e-06	7.52475e-08	8.41494e-10	6.53231e-12	3.8016e-14	1.746e-16	1.44152e-18	1.0092e-20	2.28434e-22	1.43836e-24	2.49712e-26	1.12339e-28	1.38514e-30	4.50572e-33	4.01825e-35	9.58677e-38	6.28287e-40	1.11558e-42	5.4618e-45	7.34417e-48	2.74222e-50	2.84479e-53	8.29539e-56	6.75569e-59	1.575e-61	1.02253e-64	1.94862e-67	1.02198e-70	1.62347e-73	6.958e-77	9.38323e-80	3.31856e-83	3.8587e-86	1.14338e-89	1.19609e-92	3.00852e-96	3.01023e-99	1.44897e-102	5.23618e-105	1.93e-107	7.89546e-110	
Schoenoplectus_triqueter	0	0	0	0	0	0	0	0	0	0	0	0	0	0	0	0	0	0	0	0	1	0	0	0	0	0	0	0	0	0	0	0	0	0	0	0	0	0	0	0	0	0	0	0	0	0	0	0	0	0	0	0	0	0	0	0	0	0	0	0	0	0	0	0	0	0	
Schoenoplectus_tabernaemontani	0	0	0	0	0	0	0	0	0	0	0	0	0	0	0	0	0	0	0	0	1	0	0	0	0	0	0	0	0	0	0	0	0	0	0	0	0	0	0	0	0	0	0	0	0	0	0	0	0	0	0	0	0	0	0	0	0	0	0	0	0	0	0	0	0	0	
N64	0.00366458	0.00457419	0.0061368	0.00855098	0.0119621	0.0165577	0.0223361	0.0293086	0.0371349	0.0455467	0.0538246	0.0615392	0.0678157	0.0723697	0.0744907	0.0742832	0.0714128	0.0664502	0.0594977	0.0514708	0.0427456	0.0342437	0.0262846	0.0194454	0.0137657	0.00939237	0.00612765	0.0038558	0.00231897	0.00134694	0.000747605	0.000401492	0.000206009	0.000102519	4.87382e-05	2.2536e-05	9.9517e-06	4.28795e-06	1.76358e-06	7.10156e-07	2.72709e-07	1.02882e-07	3.69658e-08	1.30906e-08	4.40714e-09	1.46665e-09	4.63105e-10	1.44935e-10	4.29472e-11	1.26463e-11	3.52061e-12	9.76808e-13	2.56098e-13	6.71758e-14	1.66858e-14	4.17057e-15	9.93152e-16	2.39971e-16	5.59073e-17	1.33402e-17	3.11593e-18	7.49591e-19	1.79581e-19	4.52689e-20	1.27705e-20	5.71596e-21	
N65	0.00275377	0.00353784	0.00500635	0.00748298	0.0113267	0.0169653	0.0246465	0.0344852	0.0460822	0.0587615	0.0711842	0.0819785	0.089452	0.0925687	0.0905876	0.0839281	0.0734315	0.0607611	0.0474402	0.0350115	0.0243706	0.0160331	0.00994698	0.0058338	0.00322659	0.0016879	0.000832828	0.000388996	0.000171421	7.16003e-05	2.82275e-05	1.05668e-05	3.73547e-06	1.25715e-06	3.99783e-07	1.21486e-07	3.49085e-08	9.63716e-09	2.51782e-09	6.36906e-10	1.5258e-10	3.57671e-11	7.94176e-12	1.74829e-12	3.63986e-13	7.61814e-14	1.50117e-14	3.00912e-15	5.63388e-16	1.08138e-16	1.9202e-17	3.5101e-18	5.88414e-19	1.01801e-19	1.60665e-20	2.62575e-21	3.91589e-22	6.08913e-23	8.73408e-24	1.32312e-24	1.8964e-25	2.91023e-26	4.36501e-27	7.03685e-28	1.21081e-28	3.496e-29	
Schoenoplectiella_articulata	0	0	0	0	0	0	0	0	0	0	0	0	0	0	1	0	0	0	0	0	0	0	0	0	0	0	0	0	0	0	0	0	0	0	0	0	0	0	0	0	0	0	0	0	0	0	0	0	0	0	0	0	0	0	0	0	0	0	0	0	0	0	0	0	0	0	
Schoenoplectiella_senegalensis	0	0	0	0	0	0	0	0	0	0	0	0	0	1	0	0	0	0	0	0	0	0	0	0	0	0	0	0	0	0	0	0	0	0	0	0	0	0	0	0	0	0	0	0	0	0	0	0	0	0	0	0	0	0	0	0	0	0	0	0	0	0	0	0	0	0	
N66	4.50028e-12	3.53643e-11	3.53241e-10	3.11361e-09	2.30431e-08	1.4055e-07	6.74667e-07	2.66583e-06	9.73219e-06	3.5788e-05	0.000129619	0.000427066	0.00118274	0.0026861	0.0050143	0.00789482	0.0107551	0.013407	0.0163546	0.0207728	0.0275924	0.0382496	0.0545091	0.0781947	0.106085	0.13037	0.138621	0.126677	0.0972984	0.0635864	0.0347297	0.0161943	0.00631622	0.00212137	0.000597852	0.00014678	3.03552e-05	5.54099e-06	8.55161e-07	1.18048e-07	1.38152e-08	1.46404e-09	1.31804e-10	1.08637e-11	7.61775e-13	4.93859e-14	2.72888e-15	1.40682e-16	6.19359e-18	2.56614e-19	9.10607e-21	3.06757e-22	8.87798e-24	2.46141e-25	5.89293e-27	1.36592e-28	2.75641e-30	5.46073e-32	9.58545e-34	1.684e-35	2.69986e-37	4.41187e-39	6.79743e-41	1.06367e-42	1.59011e-44	2.90506e-46	
N67	4.78681e-12	2.15489e-11	1.48834e-10	1.03742e-09	6.60184e-09	3.78874e-08	1.95957e-07	9.11225e-07	3.82812e-06	1.48469e-05	5.4059e-05	0.000182997	0.000560276	0.00150702	0.00348196	0.00684093	0.0114828	0.0167872	0.0219034	0.0260685	0.0291536	0.0329295	0.0415646	0.0594698	0.0867608	0.116173	0.135184	0.133889	0.111946	0.0788982	0.0468123	0.0234419	0.00989952	0.00354961	0.00107685	0.000282372	6.30014e-05	1.31544e-05	2.38889e-06	5.64595e-07	1.11503e-07	4.00043e-08	8.34792e-09	3.0526e-09	5.54876e-10	1.71777e-10	2.60691e-11	6.67466e-12	8.41937e-13	1.78484e-13	1.87571e-14	3.31085e-15	2.90978e-16	4.30453e-17	3.17948e-18	3.97192e-19	2.4774e-20	2.63208e-21	1.39364e-22	1.26938e-23	5.73668e-25	4.52409e-26	1.79821e-27	1.32545e-28	6.7883e-30	1.07744e-30	
Schoenoplectiella_juncoides	0	0	0	0	0	0	0	0	0	0	0	0	0	0	0	0	0	0	0	0	0	0	0	0	0	0	0	0	0	0	0	0	0	0	0	0	1	0	0	0	0	0	0	0	0	0	0	0	0	0	0	0	0	0	0	0	0	0	0	0	0	0	0	0	0	0	
Schoenoplectiella_hotarui	0	0	0	0	0	0	0	0	0	0	0	0	0	0	0	0	0	0	0	0	0	1	0	0	0	0	0	0	0	0	0	0	0	0	0	0	0	0	0	0	0	0	0	0	0	0	0	0	0	0	0	0	0	0	0	0	0	0	0	0	0	0	0	0	0	0	
N68	2.65971e-14	2.22347e-13	2.85356e-12	3.48041e-11	3.69454e-10	3.37511e-09	2.42831e-08	1.25936e-07	5.62208e-07	2.92284e-06	1.65555e-05	9.00286e-05	0.000423614	0.00156544	0.00421469	0.00793191	0.0104734	0.0104801	0.00961049	0.0103435	0.0142817	0.0232985	0.0402084	0.0673293	0.102822	0.137514	0.156269	0.148376	0.11609	0.0746183	0.0391181	0.0168227	0.00588965	0.0017077	0.000403517	8.12708e-05	1.33467e-05	2.02591e-06	2.4882e-07	3.40327e-08	3.54214e-09	5.04287e-10	4.65444e-11	6.30848e-12	4.92913e-13	5.71868e-14	3.7073e-15	3.57328e-16	1.92049e-17	1.52846e-18	6.80922e-20	4.46766e-21	1.64726e-22	8.91725e-24	2.72414e-25	1.22264e-26	3.10267e-28	1.16158e-29	2.46222e-31	7.75946e-33	1.38444e-34	3.73026e-36	5.92085e-38	1.5252e-39	3.11386e-41	1.36878e-42	
Schoenoplectiella_mucronata	0	0	0	0	0	0	0	0	0	0	0	0	0	0	0	0	0	0	0	0	1	0	0	0	0	0	0	0	0	0	0	0	0	0	0	0	0	0	0	0	0	0	0	0	0	0	0	0	0	0	0	0	0	0	0	0	0	0	0	0	0	0	0	0	0	0	
N69	1.33949e-14	9.00411e-14	9.69256e-13	1.03484e-11	9.93703e-11	8.42027e-10	6.24554e-09	4.09231e-08	2.43891e-07	1.36357e-06	7.08787e-06	3.24036e-05	0.000122514	0.00036581	0.000841475	0.00150845	0.00226541	0.0032101	0.00452889	0.00604648	0.0074749	0.00950284	0.01468	0.0273327	0.0518267	0.0886528	0.129632	0.158852	0.160593	0.134599	0.0918293	0.0541101	0.0258538	0.0135286	0.00553164	0.00386581	0.00150389	0.00109107	0.000340661	0.000196297	4.68098e-05	2.07269e-05	3.80879e-06	1.3142e-06	1.89384e-07	5.18314e-08	5.95699e-09	1.31286e-09	1.21934e-10	2.18783e-11	1.65747e-12	2.4416e-13	1.51761e-14	1.84726e-15	9.46935e-17	9.60065e-18	4.07267e-19	3.46141e-20	1.22346e-21	8.83621e-23	2.60688e-24	1.61005e-25	4.15746e-27	2.55042e-28	1.21116e-29	2.22823e-30	
Schoenoplectiella_lineolata	0	0	0	0	0	0	0	0	0	0	0	0	0	0	0	0	0	0	0	0	0	0	0	0	0	0	0	0	0	1	0	0	0	0	0	0	0	0	0	0	0	0	0	0	0	0	0	0	0	0	0	0	0	0	0	0	0	0	0	0	0	0	0	0	0	0	
Schoenoplectiella_wallichii	0	0	0	0	0	0	0	0	0	0	0	0	0	0	0	0	0	0	0	0	0	0	0	0	0	0	0	0	0	0	0	0	0	0	0	1	0	0	0	0	0	0	0	0	0	0	0	0	0	0	0	0	0	0	0	0	0	0	0	0	0	0	0	0	0	0	
N70	0.0501826	0.0556399	0.0609978	0.066244	0.0707053	0.0742205	0.0760328	0.0761124	0.0739429	0.0698977	0.0638879	0.0566945	0.0485332	0.0403117	0.0322469	0.025046	0.0187065	0.0135953	0.0094846	0.00646761	0.0042227	0.00271768	0.00166776	0.00102432	0.000595262	0.000355244	0.000197707	0.000117579	6.34665e-05	3.85796e-05	2.03995e-05	1.28705e-05	6.67481e-06	4.3515e-06	2.2047e-06	1.46443e-06	7.19023e-07	4.77005e-07	2.26265e-07	1.4833e-07	6.75864e-08	4.32022e-08	1.89493e-08	1.1816e-08	4.96283e-09	2.98883e-09	1.20997e-09	7.10653e-10	2.75192e-10	1.55656e-10	5.83783e-11	3.24541e-11	1.16342e-11	6.22252e-12	2.17925e-12	1.16283e-12	3.88741e-13	1.99421e-13	6.62539e-14	3.49813e-14	1.13719e-14	6.12587e-15	2.48452e-15	1.98517e-15	1.73491e-15	2.76939e-15	
N71	0.0192141	0.0218789	0.0251872	0.0292373	0.0338212	0.0389094	0.0440997	0.0492647	0.0538646	0.0577877	0.0604918	0.0620222	0.0619688	0.0606159	0.0577458	0.0538578	0.0488945	0.043464	0.0375825	0.031829	0.0261994	0.0211353	0.0165582	0.0127286	0.0094956	0.0069645	0.00495426	0.00347523	0.00236296	0.00159078	0.00103741	0.000673284	0.000422815	0.000265818	0.000161417	9.87387e-05	5.81648e-05	3.47142e-05	1.98721e-05	1.15816e-05	6.44081e-06	3.66048e-06	1.97464e-06	1.09185e-06	5.69944e-07	3.05711e-07	1.54112e-07	8.00291e-08	3.88909e-08	1.95192e-08	9.14082e-09	4.4348e-09	2.00235e-09	9.40284e-10	4.11002e-10	1.8796e-10	8.03303e-11	3.62839e-11	1.55573e-11	7.17721e-12	3.24902e-12	1.62803e-12	8.52054e-13	5.23742e-13	3.82232e-13	3.76032e-13	
Schoenoplectus_litoralis	0	0	0	0	0	0	0	0	0	0	0	0	0	0	0	0	0	0	0	1	0	0	0	0	0	0	0	0	0	0	0	0	0	0	0	0	0	0	0	0	0	0	0	0	0	0	0	0	0	0	0	0	0	0	0	0	0	0	0	0	0	0	0	0	0	0	
N72	1.04863e-13	8.31951e-13	9.37833e-12	1.01411e-10	1.00587e-09	7.23575e-09	3.12516e-08	1.71672e-07	9.72613e-07	5.63506e-06	2.75662e-05	8.12983e-05	0.000121039	0.000127248	0.000197628	0.000503606	0.00161263	0.00573744	0.0191391	0.0532759	0.115533	0.188607	0.224366	0.192682	0.119045	0.0541862	0.0185467	0.00493748	0.00104122	0.000182565	3.07049e-05	7.58395e-06	3.12902e-06	1.42806e-06	5.7027e-07	1.92706e-07	5.41321e-08	1.28307e-08	2.53389e-09	4.24567e-10	5.94329e-11	7.09602e-12	7.09385e-13	6.08115e-14	4.37496e-15	2.716e-16	1.42006e-17	6.45889e-19	2.48768e-20	8.42045e-22	2.43239e-23	6.25043e-25	1.38424e-26	2.76463e-28	4.81782e-30	7.68681e-32	1.08648e-33	1.42851e-35	1.69386e-37	1.8948e-39	1.94372e-41	1.89474e-43	1.71165e-45	1.46677e-47	1.17146e-49	1.0556e-51	
Bolboschoenus_maritimus	0	0	0	0	0	0	0	0	0	0	0	0	0	0	0	0	0	0	0	1	0	0	0	0	0	0	0	0	0	0	0	0	0	0	0	0	0	0	0	0	0	0	0	0	0	0	0	0	0	0	0	0	0	0	0	0	0	0	0	0	0	0	0	0	0	0	
N73	6.11904e-14	4.1267e-13	4.37285e-12	4.42557e-11	3.84938e-10	2.82288e-09	1.81136e-08	1.05166e-07	5.36827e-07	2.31231e-06	7.87269e-06	1.93459e-05	3.58748e-05	6.84944e-05	0.000158596	0.000398392	0.0011363	0.00392629	0.0139146	0.042456	0.101522	0.180885	0.230774	0.207193	0.130825	0.059696	0.0202368	0.00532616	0.00109425	0.000196148	3.19636e-05	1.27051e-05	5.1286e-06	1.25708e-05	3.74618e-06	1.97533e-05	4.02211e-06	1.9113e-05	2.83206e-06	1.00007e-05	1.08319e-06	2.77917e-06	2.20265e-07	4.09348e-07	2.36993e-08	3.17749e-08	1.34902e-09	1.31108e-09	4.10683e-11	2.91089e-11	6.82794e-13	3.59126e-13	6.40725e-15	2.53543e-15	3.51734e-17	1.07443e-17	1.17548e-19	2.79272e-20	2.48138e-22	4.82737e-23	3.44217e-25	5.23083e-26	3.3007e-28	5.18556e-29	6.54404e-31	4.04667e-31	
Bolboschoenus_fluviatilis	0	0	0	0	0	0	0	0	0	0	0	0	0	0	0	0	0	0	0	0	0	0	0	0	0	0	0	0	0	0	0	0	0	0	0	0	0	0	0	0	0	0	0	0	0	0	1	0	0	0	0	0	0	0	0	0	0	0	0	0	0	0	0	0	0	0	
Bolboschoenus_planiculmis	0	0	0	0	0	0	0	0	0	0	0	0	0	0	0	0	0	0	0	0	0	0	0	0	0	0	0	1	0	0	0	0	0	0	0	0	0	0	0	0	0	0	0	0	0	0	0	0	0	0	0	0	0	0	0	0	0	0	0	0	0	0	0	0	0	0	
N74	1.35636e-05	2.4767e-05	5.64592e-05	0.000134956	0.00031311	0.000690515	0.00143113	0.0027982	0.00515162	0.00898851	0.0148287	0.0232418	0.0344639	0.0484944	0.0643408	0.0805734	0.0944644	0.103753	0.105916	0.100714	0.0886075	0.0724151	0.0546478	0.038286	0.0247566	0.0148713	0.00824799	0.00425569	0.002029	0.000901704	0.000370696	0.000142393	5.06622e-05	1.68891e-05	5.22245e-06	1.51786e-06	4.09783e-07	1.04342e-07	2.47146e-08	5.54149e-09	1.15732e-09	2.29677e-10	4.25063e-11	7.50462e-12	1.23678e-12	1.9521e-13	2.87872e-14	4.0819e-15	5.41261e-16	6.92954e-17	8.3083e-18	9.66197e-19	1.05488e-19	1.1233e-20	1.12828e-21	1.11309e-22	1.04371e-23	9.69005e-25	8.63922e-26	7.67697e-27	6.61222e-28	5.68216e-29	4.75782e-30	3.9795e-31	3.40858e-32	4.30805e-33	
Fuirena_umbellata	0	0	0	0	0	0	0	0	0	0	0	0	0	0	0	0	0	0	0	0	0	0	0	0	0	1	0	0	0	0	0	0	0	0	0	0	0	0	0	0	0	0	0	0	0	0	0	0	0	0	0	0	0	0	0	0	0	0	0	0	0	0	0	0	0	0	
N75	8.98075e-07	1.96863e-06	5.81641e-06	1.83924e-05	5.64193e-05	0.000162351	0.000431209	0.0010551	0.00238296	0.0050152	0.0098899	0.0183106	0.0316058	0.0504447	0.0737026	0.0979869	0.117854	0.12794	0.12496	0.109748	0.0864968	0.0612054	0.0388284	0.0221141	0.0112947	0.00518483	0.00213688	0.000793291	0.00026487	7.99174e-05	2.17328e-05	5.36513e-06	1.19642e-06	2.43842e-07	4.49877e-08	7.67033e-09	1.18586e-09	1.72825e-10	2.28539e-11	2.95249e-12	3.44986e-13	4.16183e-14	4.46981e-15	5.25865e-16	5.30396e-17	6.07648e-18	5.69615e-19	6.13852e-20	5.23463e-21	5.14739e-22	3.94109e-23	3.48747e-24	2.387e-25	1.89402e-26	1.15983e-27	8.26603e-29	4.54079e-30	2.91774e-31	1.44804e-32	8.48892e-34	3.91239e-35	2.19129e-36	1.04697e-37	6.35307e-39	3.79995e-40	3.89244e-41	
Fuirena_simplex	0	0	0	0	0	0	0	0	0	0	0	0	0	0	1	0	0	0	0	0	0	0	0	0	0	0	0	0	0	0	0	0	0	0	0	0	0	0	0	0	0	0	0	0	0	0	0	0	0	0	0	0	0	0	0	0	0	0	0	0	0	0	0	0	0	0	
N76	8.43233e-10	3.12243e-09	1.68818e-08	9.29921e-08	4.7062e-07	2.14345e-06	8.74096e-06	3.1512e-05	9.87073e-05	0.000268463	0.000647843	0.00148115	0.00348628	0.00855471	0.0202591	0.0429551	0.0782447	0.120556	0.155728	0.168328	0.151632	0.114035	0.0713871	0.0374032	0.0163549	0.00603358	0.00186901	0.000496178	0.000111686	2.21723e-05	3.78428e-06	5.99004e-07	8.26962e-08	1.13286e-08	1.34764e-09	1.67012e-10	1.73427e-11	1.89887e-12	1.67904e-13	1.5663e-14	1.15844e-15	9.07363e-17	5.60292e-18	3.69145e-19	1.91374e-20	1.06849e-21	4.68939e-23	2.24004e-24	8.38819e-26	3.45801e-27	1.11407e-28	4.00195e-30	1.11677e-31	3.5226e-33	8.58666e-35	2.40388e-36	5.15322e-38	1.29159e-39	2.47568e-41	5.70698e-43	1.02599e-44	2.35346e-46	4.8217e-48	1.32969e-49	3.69573e-51	1.53052e-52	
Fuirena_ciliaris	0	0	0	0	0	0	0	0	0	0	0	0	0	0	0	0	0	0	1	0	0	0	0	0	0	0	0	0	0	0	0	0	0	0	0	0	0	0	0	0	0	0	0	0	0	0	0	0	0	0	0	0	0	0	0	0	0	0	0	0	0	0	0	0	0	0	
N77	9.33267e-17	1.6282e-15	3.86608e-14	8.01371e-13	1.27638e-11	1.45419e-10	1.82709e-09	2.45096e-08	2.53481e-07	1.68565e-06	5.54889e-06	6.71302e-06	3.28578e-06	1.5912e-06	4.61615e-06	4.72637e-05	0.000473943	0.00358533	0.0193857	0.0721423	0.176962	0.273508	0.254893	0.140653	0.0468679	0.00991896	0.00139091	0.000137582	9.85177e-06	5.58395e-07	2.48735e-08	1.02332e-09	3.48438e-11	1.23216e-12	3.42785e-14	9.98975e-16	2.15662e-17	4.856e-19	7.98793e-21	1.38358e-22	1.75628e-24	2.38234e-26	2.37852e-28	2.57941e-30	2.06138e-32	1.8207e-34	1.18282e-36	8.6534e-39	4.62949e-41	2.84653e-43	1.26945e-45	6.65715e-48	2.50028e-50	1.13238e-52	3.62719e-55	1.44345e-57	3.9887e-60	1.41547e-62	3.47222e-65	1.14959e-67	2.70428e-70	9.40292e-73	2.92603e-75	1.34773e-77	6.07554e-80	3.33382e-82	
Fuirena_breviseta	0	0	0	0	0	0	0	0	0	0	0	0	0	0	0	0	0	0	0	0	0	0	1	0	0	0	0	0	0	0	0	0	0	0	0	0	0	0	0	0	0	0	0	0	0	0	0	0	0	0	0	0	0	0	0	0	0	0	0	0	0	0	0	0	0	0	
N78	1.14345e-28	5.44893e-26	2.37214e-23	6.16659e-21	1.36761e-18	4.32857e-17	2.17616e-17	2.81557e-15	4.41483e-13	4.05876e-11	1.60165e-09	2.1323e-09	1.20445e-10	3.70983e-12	1.02148e-13	7.41683e-13	2.02538e-10	3.98085e-08	4.88745e-06	0.000344494	0.0123059	0.180159	0.68596	0.116021	0.00511185	9.25991e-05	8.53791e-07	4.54446e-09	1.51806e-11	3.39859e-14	5.35635e-17	6.70795e-20	7.2912e-23	1.30848e-25	2.06693e-28	5.37034e-31	7.19373e-34	1.37802e-36	1.34841e-39	1.84906e-42	1.33898e-45	1.34716e-48	7.3309e-52	5.53526e-55	2.29116e-58	1.32536e-61	4.21688e-65	1.90714e-68	4.71135e-72	1.70076e-75	3.29549e-79	9.69779e-83	1.48891e-86	3.64575e-90	4.47941e-94	9.3061e-98	9.23834e-102	1.65715e-105	1.34283e-109	2.11925e-113	1.43414e-117	2.13741e-121	2.02735e-125	6.31462e-129	2.25802e-132	8.78378e-136	
Fuirena_pumila	0	0	0	0	0	0	0	0	0	0	0	0	0	0	0	0	0	0	0	0	0	0	1	0	0	0	0	0	0	0	0	0	0	0	0	0	0	0	0	0	0	0	0	0	0	0	0	0	0	0	0	0	0	0	0	0	0	0	0	0	0	0	0	0	0	0	
Fuirena_scirpoidea	0	0	0	0	0	0	0	0	0	0	0	0	0	0	0	0	0	0	0	0	0	0	1	0	0	0	0	0	0	0	0	0	0	0	0	0	0	0	0	0	0	0	0	0	0	0	0	0	0	0	0	0	0	0	0	0	0	0	0	0	0	0	0	0	0	0	
N79	0.00691525	0.00841237	0.0108375	0.0144268	0.0192697	0.0254837	0.032843	0.041159	0.0497479	0.0581668	0.0654325	0.0711695	0.0744601	0.0753666	0.0733644	0.069123	0.062596	0.0548938	0.0462358	0.0377518	0.0295901	0.0225267	0.0164594	0.0117161	0.00800414	0.0053495	0.00343147	0.00216476	0.00131018	0.000784658	0.000450337	0.000257437	0.000140682	7.706e-05	4.01973e-05	2.11352e-05	1.05256e-05	5.30704e-06	2.5193e-06	1.21506e-06	5.48135e-07	2.51933e-07	1.07689e-07	4.7024e-08	1.89902e-08	7.85501e-09	2.99241e-09	1.17109e-09	4.20318e-10	1.55457e-10	5.25962e-11	1.84051e-11	5.8755e-12	1.94809e-12	5.89597e-13	1.86449e-13	5.40155e-14	1.6501e-14	4.68962e-15	1.42561e-15	4.147e-16	1.30939e-16	4.13385e-17	1.46322e-17	6.02465e-18	3.92173e-18	
N80	0.00303881	0.00374882	0.00495768	0.00684524	0.00957192	0.0133532	0.0182784	0.0244451	0.0316702	0.0397797	0.0481983	0.0564957	0.0638116	0.0697079	0.0733562	0.0746716	0.0731937	0.069416	0.0633565	0.055977	0.047563	0.0391624	0.0309879	0.0238067	0.0175624	0.0126208	0.00870122	0.00587496	0.00380087	0.00242782	0.00148314	0.000905027	0.000526346	0.000310456	0.000173487	0.000100063	5.41383e-05	3.07544e-05	1.61706e-05	9.05524e-06	4.62028e-06	2.53663e-06	1.25077e-06	6.68474e-07	3.16837e-07	1.63629e-07	7.42793e-08	3.69063e-08	1.59933e-08	7.61546e-09	3.14731e-09	1.43509e-09	5.64701e-10	2.46134e-10	9.23193e-11	3.85512e-11	1.38023e-11	5.54211e-12	1.922e-12	7.61038e-13	2.68739e-13	1.13173e-13	4.71554e-14	2.52727e-14	1.61103e-14	1.55459e-14	
N81	2.13703e-05	3.23222e-05	5.86442e-05	0.000115032	0.000227756	0.000442916	0.000830842	0.00149983	0.00259263	0.00431551	0.00691777	0.0107371	0.01606	0.0231127	0.0316937	0.0412754	0.0506221	0.0584847	0.0634401	0.0651084	0.0635952	0.0602559	0.0562506	0.0529225	0.0504599	0.0488531	0.0471787	0.0449886	0.0415457	0.0370555	0.0315105	0.0256744	0.0198364	0.0146722	0.0102759	0.00690414	0.00439147	0.00268903	0.00155901	0.000873911	0.000463784	0.000239097	0.000116627	5.55177e-05	2.49689e-05	1.10033e-05	4.57125e-06	1.86695e-06	7.16862e-07	2.7133e-07	9.63177e-08	3.37937e-08	1.11038e-08	3.61846e-09	1.10549e-09	3.36794e-10	9.67082e-11	2.79283e-11	7.69319e-12	2.15497e-12	5.85876e-13	1.63578e-13	4.53804e-14	1.33202e-14	4.38625e-15	2.22025e-15	
Scirpoides_holoschoenus	0	0	0	0	0	0	0	0	0	0	0	0	0	0	0	0	0	0	0	0	1	0	0	0	0	0	0	0	0	0	0	0	0	0	0	0	0	0	0	0	0	0	0	0	0	0	0	0	0	0	0	0	0	0	0	0	0	0	0	0	0	0	0	0	0	0	
Scirpoides_holoschoenus_subsp_thunbergii	0	0	0	0	0	0	0	0	0	0	0	0	0	0	0	0	0	0	0	0	0	0	0	0	0	0	0	0	0	0	0	0	0	0	0	0	0	0	0	0	0	1	0	0	0	0	0	0	0	0	0	0	0	0	0	0	0	0	0	0	0	0	0	0	0	0	
N82	3.70576e-07	9.06506e-07	2.84046e-06	9.07899e-06	2.74927e-05	7.75066e-05	0.000201031	0.000476568	0.00102111	0.00199527	0.00362727	0.00636522	0.010992	0.0187028	0.0306706	0.047631	0.0686673	0.0911338	0.110035	0.120658	0.119325	0.106822	0.0863944	0.0638131	0.0432798	0.0275347	0.0166712	0.00989176	0.00581739	0.00345058	0.00203967	0.00120139	0.000687649	0.00038312	0.000202713	0.000102968	4.89877e-05	2.2261e-05	9.39689e-06	3.78946e-06	1.41156e-06	5.03807e-07	1.65318e-07	5.21888e-08	1.50744e-08	4.20541e-09	1.06822e-09	2.62963e-10	5.86537e-11	1.27158e-11	2.48795e-12	4.74542e-13	8.14658e-14	1.36839e-14	2.0689e-15	3.07789e-16	4.14006e-17	5.53062e-18	6.76837e-19	8.33938e-20	9.6253e-21	1.13132e-21	1.27378e-22	1.45903e-23	1.6896e-24	3.06941e-25	
N83	1.76129e-06	3.18041e-06	7.36195e-06	1.85116e-05	4.65749e-05	0.000113358	0.000262839	0.000578558	0.00120863	0.00240249	0.00454944	0.00821122	0.0140939	0.0229332	0.0352069	0.0507689	0.0684407	0.0859462	0.100199	0.108236	0.108143	0.09993	0.0853959	0.0676259	0.049719	0.0341058	0.0219158	0.0133112	0.00768213	0.00426819	0.00228705	0.0011998	0.000609942	0.000305763	0.000147001	6.97974e-05	3.1208e-05	1.38917e-05	5.71023e-06	2.38999e-06	9.03892e-07	3.61855e-07	1.27246e-07	4.976e-08	1.64559e-08	6.34098e-09	1.9782e-09	7.43613e-10	2.17603e-10	7.83408e-11	2.13548e-11	7.26219e-12	1.83805e-12	5.86953e-13	1.38195e-13	4.14751e-14	9.12977e-15	2.58547e-15	5.3772e-16	1.45594e-16	2.96673e-17	8.15718e-18	1.92279e-18	6.55319e-19	2.52187e-19	1.79589e-19	
Cyperus_fuscus	0	0	0	0	0	0	0	0	0	0	0	0	0	0	0	0	0	0	0	0	0	0	0	1	0	0	0	0	0	0	0	0	0	0	0	0	0	0	0	0	0	0	0	0	0	0	0	0	0	0	0	0	0	0	0	0	0	0	0	0	0	0	0	0	0	0	
Cyperus_eragrostis	0	0	0	0	0	0	0	0	0	0	0	0	0	0	0	0	0	0	0	0	1	0	0	0	0	0	0	0	0	0	0	0	0	0	0	0	0	0	0	0	0	0	0	0	0	0	0	0	0	0	0	0	0	0	0	0	0	0	0	0	0	0	0	0	0	0	
N84	3.58274e-08	9.31552e-08	3.27453e-07	1.22614e-06	4.46395e-06	1.52372e-05	4.89633e-05	0.000147332	0.000400076	0.00094312	0.00188576	0.00331325	0.00558516	0.00964957	0.0169861	0.0294788	0.0487839	0.074953	0.104153	0.128435	0.138268	0.12928	0.104867	0.0749617	0.0483037	0.0294085	0.0176623	0.0109832	0.00706983	0.00474761	0.00318586	0.00218812	0.00144083	0.000986415	0.000620676	0.000434635	0.000263148	0.000197675	0.000116263	9.22521e-05	5.13009e-05	3.97158e-05	2.00841e-05	1.42456e-05	6.39632e-06	4.03786e-06	1.59492e-06	8.87976e-07	3.07315e-07	1.50394e-07	4.56036e-08	1.96416e-08	5.21453e-09	1.97638e-09	4.60599e-10	1.54322e-10	3.15777e-11	9.36099e-12	1.69386e-12	4.49701e-13	7.26349e-14	1.76756e-14	2.83533e-15	7.90295e-16	2.31888e-16	1.72476e-16	
N85	8.99661e-12	5.77264e-11	6.0055e-10	6.32696e-09	6.12278e-08	5.21209e-07	3.70789e-06	2.34786e-05	0.000146265	0.000867168	0.00439493	0.0176123	0.0533219	0.119162	0.193679	0.22742	0.192248	0.117338	0.0519809	0.0168859	0.00406612	0.000736017	0.000101438	1.08034e-05	9.00341e-07	5.95569e-08	3.16264e-09	1.36629e-10	4.84952e-12	1.43197e-13	3.54747e-15	7.46114e-17	1.34161e-18	2.08606e-20	2.82477e-22	3.66581e-24	1.92759e-25	6.59383e-26	2.26371e-26	6.53387e-27	1.59226e-27	3.36494e-28	6.30005e-29	1.08087e-29	1.72895e-30	2.63694e-31	3.84079e-32	5.40058e-33	7.28484e-34	9.50924e-35	1.19162e-35	1.44805e-36	1.69172e-37	1.92428e-38	2.11234e-39	2.27565e-40	2.38696e-41	2.49438e-42	2.58214e-43	2.72393e-44	2.90958e-45	3.22149e-46	3.6411e-47	4.23633e-48	4.9714e-49	6.48058e-50	
Cyperus_alternifolius	0	0	0	0	0	0	0	0	0	0	0	0	0	0	0	1	0	0	0	0	0	0	0	0	0	0	0	0	0	0	0	0	0	0	0	0	0	0	0	0	0	0	0	0	0	0	0	0	0	0	0	0	0	0	0	0	0	0	0	0	0	0	0	0	0	0	
N86	8.35329e-12	5.20939e-11	5.40149e-10	5.6528e-09	5.33405e-08	4.40896e-07	3.19658e-06	2.14341e-05	0.000138629	0.000835491	0.00428934	0.0173876	0.0531248	0.11944	0.194708	0.228555	0.192536	0.11671	0.0511788	0.0163989	0.00388127	0.000688055	9.25003e-05	9.58416e-06	7.7237e-07	4.97861e-08	2.51567e-09	1.16685e-10	3.59487e-12	2.63024e-13	3.15953e-15	1.21556e-15	5.44386e-18	4.8467e-18	1.51777e-20	1.2084e-20	2.9799e-23	1.88475e-23	3.75085e-26	1.8922e-26	3.08875e-29	1.25506e-29	1.7057e-32	5.64224e-33	6.46565e-36	1.75645e-36	1.71792e-39	3.87199e-40	3.26321e-43	6.14235e-44	4.51164e-47	7.1966e-48	4.62043e-51	6.21276e-52	3.57446e-55	4.3542e-56	2.14324e-59	2.0738e-60	1.06158e-63	1.54412e-64	4.99635e-68	2.83039e-69	2.72187e-72	9.31307e-73	8.46771e-76	3.75996e-76	
Cyperus_difformis	0	0	0	0	0	0	0	0	0	0	0	0	0	0	0	1	0	0	0	0	0	0	0	0	0	0	0	0	0	0	0	0	0	0	0	0	0	0	0	0	0	0	0	0	0	0	0	0	0	0	0	0	0	0	0	0	0	0	0	0	0	0	0	0	0	0	
Cyperus_involucratus	0	0	0	0	0	0	0	0	0	0	0	0	0	0	0	1	0	0	0	0	0	0	0	0	0	0	0	0	0	0	0	0	0	0	0	0	0	0	0	0	0	0	0	0	0	0	0	0	0	0	0	0	0	0	0	0	0	0	0	0	0	0	0	0	0	0	
N87	7.06725e-09	1.51464e-08	4.6197e-08	1.60612e-07	5.66617e-07	1.92842e-06	6.17474e-06	1.84479e-05	5.10956e-05	0.000130655	0.000307322	0.000668551	0.00135558	0.00258462	0.00465636	0.00796769	0.0129222	0.0197427	0.0280179	0.0365572	0.0433537	0.0467748	0.0458611	0.041524	0.0348313	0.0278813	0.0212173	0.0162129	0.0120951	0.00983329	0.00782182	0.00767658	0.00694776	0.00897523	0.00926712	0.0145954	0.015744	0.0258206	0.0266706	0.0413911	0.0390737	0.0551296	0.0466393	0.058991	0.0442888	0.0498741	0.0331277	0.0332038	0.0194399	0.0172962	0.00894048	0.00709776	0.00322816	0.00227937	0.000919102	0.000586236	0.000208573	0.000119461	3.84868e-05	2.08116e-05	6.10592e-06	3.17908e-06	1.06722e-06	8.18266e-07	7.03054e-07	1.2498e-06	
Kyllingiella_microcephala	0	0	0	0	0	0	0	0	0	0	0	0	0	0	0	0	0	0	0	0	0	0	0	0	0	0	0	0	0	0	0	0	0	0	0	0	0	0	0	0	0	0	0	0	0	0	0	0	0	1	0	0	0	0	0	0	0	0	0	0	0	0	0	0	0	0	
N88	6.2221e-09	1.26725e-08	3.61132e-08	1.16818e-07	3.8366e-07	1.21953e-06	3.67082e-06	1.03836e-05	2.74988e-05	6.81521e-05	0.000158065	0.000343717	0.000702337	0.00135383	0.00246812	0.0042564	0.00691539	0.0105341	0.0149849	0.0199137	0.0247912	0.0290883	0.0322796	0.0339693	0.0337607	0.0316723	0.0279036	0.023363	0.0186514	0.0147904	0.0117412	0.0100957	0.00920531	0.00974818	0.0108778	0.0138292	0.0173982	0.0234528	0.029658	0.0383657	0.0453694	0.0535763	0.0572762	0.0604812	0.0575992	0.0539614	0.0454867	0.0377218	0.0280624	0.0206113	0.0135209	0.00882405	0.00510749	0.00297997	0.00152681	0.000806343	0.000368287	0.000179863	7.45869e-05	3.5333e-05	1.41957e-05	7.69821e-06	4.52327e-06	4.64885e-06	5.87361e-06	9.56487e-06	
Cyperus_cuspidatus	0	0	0	0	0	0	0	0	0	0	0	0	0	0	0	0	0	0	0	0	0	0	0	0	0	0	0	0	0	0	0	0	0	0	0	0	0	0	0	0	0	0	0	0	0	0	0	0	0	0	0	0	0	0	0	1	0	0	0	0	0	0	0	0	0	0	
Cyperus_cyperoides	0	0	0	0	0	0	0	0	0	0	0	0	0	0	0	0	0	0	0	0	0	0	0	0	0	0	0	0	0	0	0	0	0	0	0	0	0	0	0	0	1	0	0	0	0	0	0	0	0	0	0	0	0	0	0	0	0	0	0	0	0	0	0	0	0	0	
N89	0.00394019	0.00476045	0.00608757	0.00809305	0.010913	0.0147423	0.0196419	0.0256906	0.0326936	0.0404774	0.0484965	0.0563527	0.063261	0.0688105	0.0722317	0.0733911	0.0718438	0.0679939	0.0619097	0.0545005	0.046158	0.0378818	0.0299665	0.0230802	0.017191	0.01255	0.00888965	0.00621671	0.00422388	0.0028532	0.00186923	0.00122658	0.00077702	0.000497817	0.000305877	0.000192518	0.000115186	7.1591e-05	4.18085e-05	2.56705e-05	1.45994e-05	8.80225e-06	4.84729e-06	2.84458e-06	1.50601e-06	8.52647e-07	4.31724e-07	2.34516e-07	1.13148e-07	5.87656e-08	2.69996e-08	1.34096e-08	5.86944e-09	2.79104e-09	1.16853e-09	5.35187e-10	2.15827e-10	9.61959e-11	3.81516e-11	1.70563e-11	7.00522e-12	3.3565e-12	1.58972e-12	9.03705e-13	5.64722e-13	4.9574e-13	
Scirpus_ficinioides	0	0	0	0	0	0	0	0	0	0	0	0	0	0	0	0	0	0	0	0	0	0	0	0	0	0	0	0	0	0	0	0	0	0	0	0	0	0	0	0	0	0	0	0	0	0	0	0	0	0	0	1	0	0	0	0	0	0	0	0	0	0	0	0	0	0	
N90	0.000392901	0.000643807	0.00123024	0.00239832	0.00451505	0.00808982	0.0136398	0.0216164	0.032024	0.0444937	0.0580115	0.0715197	0.0835279	0.0927879	0.0976396	0.0971535	0.0907525	0.0794189	0.0647399	0.0491602	0.0346349	0.0226745	0.0137496	0.0077416	0.00403515	0.00195324	0.00087538	0.000364663	0.000140735	5.05613e-05	1.6846e-05	5.23562e-06	1.51105e-06	4.07838e-07	1.02376e-07	2.41041e-08	5.28647e-09	1.09101e-09	2.1004e-10	3.81783e-11	6.48073e-12	1.04205e-12	1.56581e-13	2.23548e-14	2.98297e-15	3.79251e-16	4.50551e-17	5.11367e-18	5.42081e-19	5.50576e-20	5.22202e-21	4.76248e-22	4.05906e-23	3.34349e-24	2.5817e-25	1.94184e-26	1.37909e-27	9.65248e-29	6.46107e-30	4.31958e-31	2.80195e-32	1.82723e-33	1.16394e-34	7.4094e-36	4.70214e-37	4.34289e-38	
N91	0.00126771	0.00188568	0.00323405	0.00573143	0.00990557	0.0163266	0.0253872	0.0371535	0.051103	0.0661346	0.0805232	0.092297	0.0994922	0.100784	0.0957403	0.0851596	0.0707653	0.0548589	0.0396023	0.0266002	0.0166034	0.00962855	0.00518328	0.00259098	0.00120181	0.000517708	0.000206956	7.68923e-05	2.65206e-05	8.51544e-06	2.53946e-06	7.07328e-07	1.83077e-07	4.45839e-08	1.00939e-08	2.19006e-09	4.41979e-10	8.95963e-11	1.68661e-11	3.51574e-12	6.6368e-13	1.54985e-13	3.01529e-14	7.5819e-15	1.44914e-15	3.58084e-16	6.42881e-17	1.4876e-17	2.46399e-18	5.26027e-19	8.0015e-20	1.5719e-20	2.19444e-21	3.96911e-22	5.08939e-23	8.49011e-24	1.00068e-24	1.54223e-25	1.67428e-26	2.39445e-27	2.4191e-28	3.28753e-29	3.36582e-30	5.02788e-31	7.57669e-32	2.54089e-32	
Isolepis_marginata	0	0	0	1	0	0	0	0	0	0	0	0	0	0	0	0	0	0	0	0	0	0	0	0	0	0	0	0	0	0	0	0	0	0	0	0	0	0	0	0	0	0	0	0	0	0	0	0	0	0	0	0	0	0	0	0	0	0	0	0	0	0	0	0	0	0	
N92	0.000661285	0.00097336	0.00169988	0.00319215	0.00599411	0.010868	0.0186076	0.0298908	0.0447449	0.0624213	0.0808336	0.0972228	0.108197	0.111492	0.106008	0.0931362	0.0753722	0.0563179	0.0387313	0.0246009	0.0143805	0.00777413	0.00386929	0.00178566	0.000759367	0.000300791	0.00010996	3.77348e-05	1.19811e-05	3.61762e-06	1.01434e-06	2.75932e-07	6.99396e-08	1.76401e-08	4.13997e-09	9.89053e-10	2.17436e-10	4.9253e-11	1.00849e-11	2.13441e-12	4.01542e-13	7.81356e-14	1.33652e-14	2.36935e-15	3.66607e-16	5.90098e-17	8.25414e-18	1.20747e-18	1.52851e-19	2.03644e-20	2.33967e-21	2.8504e-22	2.98026e-23	3.33194e-24	3.18578e-25	3.29048e-26	2.8958e-27	2.7901e-28	2.30747e-29	2.14016e-30	1.7621e-31	1.69227e-32	1.56394e-33	1.69964e-34	1.93142e-35	3.72245e-36	
Desmoschoenus_spiralis	0	0	0	0	0	0	0	0	0	0	0	0	0	0	1	0	0	0	0	0	0	0	0	0	0	0	0	0	0	0	0	0	0	0	0	0	0	0	0	0	0	0	0	0	0	0	0	0	0	0	0	0	0	0	0	0	0	0	0	0	0	0	0	0	0	0	
Ficinia_nodosa	0	0	0	0	0	0	0	0	0	0	0	0	0	0	1	0	0	0	0	0	0	0	0	0	0	0	0	0	0	0	0	0	0	0	0	0	0	0	0	0	0	0	0	0	0	0	0	0	0	0	0	0	0	0	0	0	0	0	0	0	0	0	0	0	0	0	
N93	6.41979e-07	1.48382e-06	4.59862e-06	1.48609e-05	4.56757e-05	0.000130516	0.000342842	0.00083073	0.00184927	0.00378998	0.00711451	0.0123104	0.0196642	0.0294158	0.0414372	0.0557922	0.0714771	0.0874402	0.100186	0.107741	0.10628	0.097526	0.0810879	0.0630565	0.044139	0.0294725	0.0176211	0.0103955	0.00543412	0.00291528	0.00135507	0.000665446	0.000273879	0.000120667	4.32549e-05	1.6695e-05	5.13429e-06	1.70862e-06	4.47997e-07	1.27999e-07	2.85467e-08	6.99504e-09	1.33105e-09	2.81222e-10	4.57366e-11	8.35098e-12	1.16885e-12	1.86251e-13	2.24898e-14	3.13399e-15	3.30117e-16	4.08466e-17	3.76093e-18	4.12891e-19	3.38101e-20	3.36775e-21	2.45112e-22	2.19931e-23	1.46804e-24	1.23882e-25	7.87576e-27	6.55521e-28	4.76523e-29	4.52923e-30	4.2383e-31	6.66121e-32	
N94	3.84584e-07	7.03887e-07	1.71735e-06	4.67425e-06	1.2792e-05	3.36969e-05	8.38087e-05	0.000196012	0.000429954	0.000884308	0.00170095	0.00306315	0.00517814	0.00828887	0.0126815	0.0187568	0.0269639	0.0377539	0.0511102	0.0663954	0.081656	0.0944826	0.101664	0.101885	0.09412	0.0811455	0.064346	0.0484414	0.0336162	0.0231065	0.0146804	0.00994216	0.00612106	0.00430404	0.00259865	0.00183589	0.00104468	0.000695833	0.000359807	0.000217786	0.000100605	5.45851e-05	2.24105e-05	1.08722e-05	3.96195e-06	1.7195e-06	5.56971e-07	2.16997e-07	6.25403e-08	2.19249e-08	5.64325e-09	1.79133e-09	4.12448e-10	1.18853e-10	2.46597e-11	6.52537e-12	1.22278e-12	2.97794e-13	5.13259e-14	1.18576e-14	1.94269e-15	4.52901e-16	8.95514e-17	2.78481e-17	9.80199e-18	6.6174e-18	
Isolepis_crassiuscula	0	0	0	0	0	0	0	0	0	0	0	0	0	0	0	0	0	0	0	0	0	0	0	0	0	0	0	0	0	0	0	1	0	0	0	0	0	0	0	0	0	0	0	0	0	0	0	0	0	0	0	0	0	0	0	0	0	0	0	0	0	0	0	0	0	0	
Isolepis_fluitans	0	0	0	0	0	0	0	0	0	0	0	0	0	0	0	0	0	0	0	0	0	0	0	0	0	0	0	0	0	1	0	0	0	0	0	0	0	0	0	0	0	0	0	0	0	0	0	0	0	0	0	0	0	0	0	0	0	0	0	0	0	0	0	0	0	0	
N95	8.34152e-08	2.04603e-07	7.23209e-07	2.76542e-06	1.01189e-05	3.40555e-05	0.000104007	0.000288098	0.000723895	0.00165557	0.00345744	0.00664037	0.0118144	0.0196519	0.0307369	0.0453761	0.0630995	0.0823624	0.100167	0.112832	0.116789	0.110584	0.0951919	0.0743905	0.0525564	0.033637	0.0194441	0.0102098	0.00485278	0.00210887	0.000832235	0.000303091	0.000100384	3.10567e-05	8.71476e-06	2.32551e-06	5.58447e-07	1.31403e-07	2.74411e-08	5.88012e-09	1.09219e-09	2.19521e-10	3.68574e-11	6.96801e-12	1.05388e-12	1.82905e-13	2.45569e-14	3.81197e-15	4.48955e-16	6.14309e-17	6.32064e-18	7.59662e-19	6.832e-20	7.22228e-21	5.70001e-22	5.32524e-23	3.7047e-24	3.07395e-25	1.90148e-26	1.41888e-27	8.0151e-29	5.62832e-30	3.27503e-31	2.50117e-32	1.88653e-33	2.54408e-34	
N96	3.05521e-07	6.5898e-07	1.97489e-06	6.46184e-06	2.06373e-05	6.18329e-05	0.000171383	0.000438298	0.00103216	0.00223818	0.00447548	0.00830307	0.0144107	0.0236055	0.0366363	0.0537681	0.0740261	0.0947059	0.111537	0.120119	0.117669	0.104555	0.084056	0.0610968	0.040098	0.0237742	0.012723	0.00615607	0.00269055	0.00106581	0.000382012	0.000124745	3.69667e-05	1.0095e-05	2.51618e-06	5.94074e-07	1.29573e-07	2.84622e-08	5.85856e-09	1.32331e-09	2.73733e-10	6.46176e-11	1.30547e-11	2.97888e-12	5.54261e-13	1.15185e-13	1.91758e-14	3.55555e-15	5.25498e-16	8.66415e-17	1.13666e-17	1.66984e-18	1.94827e-19	2.55886e-20	2.66225e-21	3.13875e-22	2.92034e-23	3.10452e-24	2.59654e-25	2.51223e-26	1.92475e-27	1.75675e-28	1.35305e-29	1.33644e-30	1.36052e-31	2.69708e-32	
Isolepis_setacea	0	0	0	0	0	0	0	0	0	0	0	0	0	1	0	0	0	0	0	0	0	0	0	0	0	0	0	0	0	0	0	0	0	0	0	0	0	0	0	0	0	0	0	0	0	0	0	0	0	0	0	0	0	0	0	0	0	0	0	0	0	0	0	0	0	0	
Isolepis_cernua	0	0	0	0	0	0	0	0	0	0	0	0	0	0	0	0	0	0	0	0	0	0	0	0	0	0	1	0	0	0	0	0	0	0	0	0	0	0	0	0	0	0	0	0	0	0	0	0	0	0	0	0	0	0	0	0	0	0	0	0	0	0	0	0	0	0	
N97	4.0879e-08	9.31725e-08	3.05309e-07	1.10776e-06	3.94069e-06	1.31673e-05	4.06811e-05	0.00011608	0.000306476	0.000750486	0.00169918	0.00353881	0.00673495	0.0116812	0.0184985	0.0270457	0.0371675	0.0490797	0.0631024	0.0789314	0.0945202	0.106414	0.110666	0.105378	0.0910834	0.0715031	0.050688	0.0327072	0.0190562	0.0102367	0.004986	0.00231902	0.000988272	0.000433325	0.000174853	7.91503e-05	3.15161e-05	1.44599e-05	5.42571e-06	2.32222e-06	7.79627e-07	2.9667e-07	8.72565e-08	2.91107e-08	7.46447e-09	2.18058e-09	4.87858e-10	1.25161e-10	2.44815e-11	5.53598e-12	9.49588e-13	1.90182e-13	2.8683e-14	5.1092e-15	6.80235e-16	1.08446e-16	1.27841e-17	1.83309e-18	1.92914e-19	2.52601e-20	2.4348e-21	3.07057e-22	3.21158e-23	4.93614e-24	8.31994e-25	2.79724e-25	
Isolepis_prolifera	0	0	0	0	0	0	0	0	0	0	0	0	0	0	0	0	0	0	0	0	0	0	0	0	0	0	0	0	0	0	0	0	1	0	0	0	0	0	0	0	0	0	0	0	0	0	0	0	0	0	0	0	0	0	0	0	0	0	0	0	0	0	0	0	0	0	
Isolepis_aucklandica	0	0	0	0	0	0	0	0	0	0	0	0	0	0	0	0	0	0	0	0	1	0	0	0	0	0	0	0	0	0	0	0	0	0	0	0	0	0	0	0	0	0	0	0	0	0	0	0	0	0	0	0	0	0	0	0	0	0	0	0	0	0	0	0	0	0	
