NODE	1	2	3	4	5	6	7	8	9	10	11	12	13	14	15	16	17	18	19	20	21	22	23	24	25	26	27	28	29	30	31	32	33	34	35	36	37	38	39	40	41	42	43	44	45	46	47	48	49	50	51	52	53	54	55	56	57	58	59	60	61	62	
N1	2.00747e-008	2.6016e-008	4.1056e-008	7.3068e-008	1.38196e-007	2.67159e-007	5.16191e-007	9.83743e-007	1.83634e-006	3.34406e-006	5.93057e-006	1.0235e-005	1.71918e-005	2.81198e-005	4.48272e-005	6.97154e-005	0.00010589	0.000157251	0.00022858	0.00032558	0.000454894	0.000624073	0.000841485	0.00111618	0.00145769	0.00187576	0.00238005	0.00297982	0.00368358	0.00449875	0.00543131	0.00648564	0.00766418	0.00896726	0.0103928	0.0119364	0.013591	0.0153474	0.0171936	0.0191161	0.021099	0.0231256	0.0251787	0.0272407	0.0292937	0.0313203	0.0333035	0.0352274	0.0370776	0.0388408	0.0405057	0.0420622	0.0435023	0.0448196	0.0460097	0.0470699	0.0479993	0.0487983	0.0494669	0.0500028	0.0503962	0.0506213	
N2	2.992e-008	4.18928e-008	7.38922e-008	1.45508e-007	2.97079e-007	6.05281e-007	1.20522e-006	2.33449e-006	4.38403e-006	7.96466e-006	1.4025e-005	2.3964e-005	3.97217e-005	6.40486e-005	0.000100584	0.000153913	0.000230002	0.000336116	0.00048042	0.000673071	0.000925164	0.00124804	0.00165517	0.00216015	0.00277409	0.00351129	0.00438279	0.00539447	0.00655561	0.00787063	0.00933265	0.010946	0.0127061	0.0145962	0.0166141	0.0187471	0.0209593	0.0232463	0.0255801	0.0279126	0.0302326	0.0325136	0.0346954	0.0367854	0.0387449	0.0405018	0.0420415	0.0433097	0.0441868	0.0446559	0.0446349	0.0440189	0.0428199	0.0410398	0.0386483	0.0358064	0.0326225	0.0291965	0.025756	0.0224662	0.0193809	0.0166914	
N3	0.0105962	0.0117963	0.0143874	0.0185115	0.0243143	0.031796	0.0404645	0.0499148	0.0592777	0.067446	0.0736531	0.0772753	0.0776324	0.0750677	0.0698795	0.0625653	0.0540702	0.0451941	0.0364364	0.0284857	0.0215978	0.015863	0.0113266	0.00787727	0.00531762	0.00350464	0.00225422	0.00141273	0.000865914	0.000520104	0.000304682	0.000175285	9.89233e-005	5.46443e-005	2.96663e-005	1.58636e-005	8.30068e-006	4.28665e-006	2.18003e-006	1.08882e-006	5.36414e-007	2.61361e-007	1.24851e-007	5.9097e-008	2.76193e-008	1.27066e-008	5.78057e-009	2.60918e-009	1.15559e-009	5.08779e-010	2.21533e-010	9.51272e-011	4.04603e-011	1.71225e-011	7.11234e-012	2.94669e-012	1.20995e-012	4.91996e-013	1.99798e-013	8.26316e-014	3.5814e-014	1.92147e-014	
N4	0.0280681	0.0324974	0.0417906	0.0558169	0.0734197	0.0918338	0.106393	0.113631	0.11124	0.0994713	0.081536	0.0614409	0.0424866	0.0271596	0.0160826	0.00882609	0.00451526	0.00216213	0.000966886	0.000407242	0.000161775	6.05735e-005	2.15106e-005	7.27616e-006	2.3313e-006	7.15563e-007	2.10321e-007	5.90516e-008	1.59556e-008	4.17254e-009	1.04347e-009	2.54065e-010	5.99858e-011	1.36756e-011	3.0372e-012	6.6308e-013	1.39049e-013	2.88536e-014	5.85617e-015	1.15767e-015	2.24711e-016	4.34684e-017	8.07409e-018	1.50522e-018	2.75358e-019	4.9459e-020	8.75412e-021	1.56105e-021	2.67352e-022	4.64315e-023	7.92037e-024	1.33816e-024	2.2295e-025	3.75689e-026	6.09766e-027	1.00383e-027	1.62087e-028	2.59876e-029	4.10348e-030	6.56604e-031	1.05806e-031	2.28047e-032	
Carex_lingii	0	0	0	0	0	1	0	0	0	0	0	0	0	0	0	0	0	0	0	0	0	0	0	0	0	0	0	0	0	0	0	0	0	0	0	0	0	0	0	0	0	0	0	0	0	0	0	0	0	0	0	0	0	0	0	0	0	0	0	0	0	0	
N5	0.0304309	0.0370975	0.0513643	0.0731308	0.0994432	0.123526	0.136005	0.1322	0.112946	0.0846355	0.0559838	0.0328825	0.0171103	0.00798785	0.00335681	0.00127016	0.000437187	0.0001382	3.96812e-005	1.06003e-005	2.63236e-006	6.05128e-007	1.30782e-007	2.71919e-008	5.19549e-009	9.77552e-010	1.76326e-010	3.0413e-011	5.06765e-012	8.68545e-013	1.33353e-013	2.16367e-014	3.31177e-015	5.01099e-016	7.14817e-017	1.09198e-017	1.42912e-018	2.0527e-019	2.67441e-020	3.5763e-021	4.35202e-022	5.82389e-023	6.57416e-024	8.33509e-025	9.40078e-026	1.11617e-026	1.19002e-027	1.42563e-028	1.42676e-029	1.62704e-030	1.64764e-031	1.78188e-032	1.73559e-033	1.93018e-034	1.8128e-035	1.98741e-036	2.01665e-037	2.24078e-038	2.41386e-039	2.94442e-040	3.45237e-041	5.80135e-042	
N6	0.0314984	0.0392156	0.0557763	0.0808499	0.110118	0.134605	0.143462	0.133053	0.107127	0.0747895	0.0456557	0.024581	0.0116074	0.00490224	0.00185868	0.000630753	0.000194945	5.64681e-005	1.45658e-005	3.66694e-006	8.76643e-007	1.99348e-007	4.35615e-008	1.06912e-008	2.11542e-009	5.1359e-010	1.08555e-010	2.45449e-011	4.68518e-012	1.14976e-012	1.93711e-013	4.45815e-014	7.61879e-015	1.59961e-015	2.51733e-016	5.49183e-017	7.75747e-018	1.57137e-018	2.30806e-019	4.33898e-020	5.95447e-021	1.16594e-021	1.46798e-022	2.72446e-023	3.71269e-024	6.26357e-025	8.14835e-026	1.55419e-026	1.80201e-027	3.1378e-028	4.18091e-029	6.92598e-030	8.48183e-031	1.54158e-031	1.74439e-032	3.03782e-033	3.81348e-034	6.29957e-035	8.96375e-036	1.91615e-036	3.47847e-037	1.15036e-037	
Carex_grandiligulata	0	0	0	0	0	1	0	0	0	0	0	0	0	0	0	0	0	0	0	0	0	0	0	0	0	0	0	0	0	0	0	0	0	0	0	0	0	0	0	0	0	0	0	0	0	0	0	0	0	0	0	0	0	0	0	0	0	0	0	0	0	0	
Carex_pachygyna	0	0	0	0	0	1	0	0	0	0	0	0	0	0	0	0	0	0	0	0	0	0	0	0	0	0	0	0	0	0	0	0	0	0	0	0	0	0	0	0	0	0	0	0	0	0	0	0	0	0	0	0	0	0	0	0	0	0	0	0	0	0	
Carex_siderosticta	0	0	0	0	0	1	0	0	0	0	0	0	0	0	0	0	0	0	0	0	0	0	0	0	0	0	0	0	0	0	0	0	0	0	0	0	0	0	0	0	0	0	0	0	0	0	0	0	0	0	0	0	0	0	0	0	0	0	0	0	0	0	
Carex_scaposa	0	0	0	0	0	0	0	0	0	0	0	1	0	0	0	0	0	0	0	0	0	0	0	0	0	0	0	0	0	0	0	0	0	0	0	0	0	0	0	0	0	0	0	0	0	0	0	0	0	0	0	0	0	0	0	0	0	0	0	0	0	0	
N7	1.19992e-008	1.72231e-008	3.21376e-008	6.88005e-008	1.55189e-007	3.51144e-007	7.7399e-007	1.65023e-006	3.38545e-006	6.66096e-006	1.26056e-005	2.2987e-005	4.03521e-005	6.85107e-005	0.000112658	0.000179455	0.000277875	0.000419077	0.00061504	0.000881771	0.00123592	0.00169304	0.00227286	0.00299431	0.00386518	0.00490539	0.00612185	0.00750548	0.0090619	0.0107859	0.0126269	0.0145946	0.0166557	0.018744	0.0208601	0.0229847	0.0249921	0.0269435	0.0287818	0.0304009	0.0318569	0.0331675	0.03415	0.035009	0.0356945	0.0360972	0.0363641	0.0365625	0.0364203	0.0362672	0.0360045	0.0354994	0.0349278	0.0343745	0.0334735	0.0326403	0.0317106	0.0305497	0.0293118	0.0280792	0.0264228	0.0247471	
N8	6.43489e-015	3.62747e-014	2.75409e-013	2.04364e-012	1.3708e-011	7.95009e-011	3.99566e-010	1.74349e-009	6.71752e-009	2.28572e-008	7.03325e-008	1.97977e-007	5.16004e-007	1.25584e-006	2.877e-006	6.21227e-006	1.273e-005	2.47658e-005	4.56454e-005	8.00827e-005	0.000134222	0.000215423	0.000334291	0.000504712	0.000741987	0.00107006	0.00151519	0.00210426	0.00287847	0.00388891	0.00516762	0.00679935	0.00883904	0.0113204	0.0143249	0.0179237	0.0219961	0.0266445	0.031728	0.0369725	0.0422725	0.047468	0.0518269	0.055523	0.0581278	0.0592698	0.0591167	0.0578639	0.0549839	0.0513693	0.0469503	0.0418532	0.0365457	0.0313892	0.0261661	0.0215083	0.0173347	0.0136984	0.0107139	0.00842827	0.00668667	0.00562528	
N9	2.19904e-016	9.9548e-016	7.58949e-015	6.10537e-014	4.54632e-013	2.99691e-012	1.73733e-011	8.85865e-011	4.01492e-010	1.62498e-009	5.95109e-009	1.98636e-008	6.09304e-008	1.72866e-007	4.56833e-007	1.12905e-006	2.62622e-006	5.76943e-006	1.20091e-005	2.37919e-005	4.50794e-005	8.20122e-005	0.000144069	0.000245258	0.000405167	0.000651108	0.00101846	0.00155029	0.00230051	0.00333239	0.00471203	0.00652492	0.00886401	0.0118115	0.0154582	0.0198569	0.0249595	0.0307023	0.0368771	0.043114	0.0490665	0.0543328	0.0584321	0.0612315	0.0625439	0.0622149	0.0604424	0.0574166	0.0531791	0.048222	0.0427794	0.0370256	0.0313626	0.0260321	0.021055	0.0167377	0.0130891	0.0100599	0.00769015	0.00591787	0.00461758	0.00385048	
N10	2.83934e-016	1.29198e-015	9.49586e-015	7.18046e-014	4.98114e-013	3.08207e-012	1.69707e-011	8.34976e-011	3.6986e-010	1.48336e-009	5.42995e-009	1.82534e-008	5.67043e-008	1.63727e-007	4.41938e-007	1.12041e-006	2.68201e-006	6.08763e-006	1.31497e-005	2.71261e-005	5.36014e-005	0.000101706	0.000185828	0.000327692	0.000558678	0.00092259	0.00147765	0.00229729	0.00347133	0.00510396	0.00730781	0.0102027	0.0138966	0.018468	0.0239534	0.0303069	0.0373523	0.0448027	0.0522238	0.0590537	0.0647409	0.0687572	0.0706491	0.0702568	0.0676177	0.0629587	0.0567765	0.0496194	0.0420063	0.034505	0.0275135	0.0212817	0.0159901	0.0116689	0.00825082	0.00565794	0.00375922	0.00241714	0.00151441	0.000937904	0.00059176	0.000409854	
Trichophorum_alpinum	0	0	0	0	0	0	0	0	0	0	0	0	0	0	0	0	0	0	0	0	0	0	0	0	0	0	0	0	1	0	0	0	0	0	0	0	0	0	0	0	0	0	0	0	0	0	0	0	0	0	0	0	0	0	0	0	0	0	0	0	0	0	
Trichophorum_pumilum	0	0	0	0	0	0	0	0	0	0	0	0	0	0	0	0	0	0	0	0	0	0	0	0	0	0	0	0	0	0	0	0	0	0	0	0	0	0	1	0	0	0	0	0	0	0	0	0	0	0	0	0	0	0	0	0	0	0	0	0	0	0	
Trichophorum_cespitosum	0	0	0	0	0	0	0	0	0	0	0	0	0	0	0	0	0	0	0	0	0	0	0	0	0	0	0	0	0	0	0	0	0	0	0	0	0	0	0	0	0	0	0	0	0	0	0	0	0	0	0	1	0	0	0	0	0	0	0	0	0	0	
Trichophorum_uniflorum	0	0	0	0	0	0	0	0	0	0	0	0	0	0	0	0	0	0	0	0	0	0	0	0	0	0	0	0	0	0	0	0	0	0	0	0	1	0	0	0	0	0	0	0	0	0	0	0	0	0	0	0	0	0	0	0	0	0	0	0	0	0	
N11	1.88521e-008	2.9301e-008	6.03531e-008	1.39936e-007	3.33756e-007	7.84577e-007	1.77814e-006	3.86892e-006	8.05805e-006	1.6033e-005	3.05668e-005	5.59442e-005	9.82824e-005	0.000166418	0.000272078	0.000429755	0.000657973	0.000978414	0.0014129	0.00198815	0.00272916	0.00365492	0.00478742	0.00614174	0.00771073	0.00950219	0.0115016	0.0136688	0.0159884	0.0184293	0.0209045	0.0234105	0.0258911	0.0282499	0.0304839	0.0325625	0.0343469	0.0359086	0.0371972	0.0381145	0.0387373	0.0390869	0.0390099	0.0386896	0.0380908	0.037129	0.0359434	0.0345918	0.0329083	0.0311499	0.0292849	0.0272567	0.0252233	0.0232552	0.0211909	0.0192802	0.0174704	0.0157148	0.0141234	0.0127431	0.0114327	0.0103821	
N12	4.2409e-010	1.73218e-009	1.03714e-008	6.04859e-008	3.17441e-007	1.46903e-006	5.97786e-006	2.15422e-005	6.94142e-005	0.000202023	0.000542653	0.00136489	0.003224	0.00716182	0.0148028	0.0280657	0.0482684	0.0745452	0.102305	0.124738	0.134947	0.129497	0.110818	0.0849692	0.0584338	0.036358	0.0205485	0.0105764	0.00499341	0.00217403	0.000872752	0.000325966	0.000113556	3.69368e-005	1.12908e-005	3.25763e-006	8.84678e-007	2.28263e-007	5.59933e-008	1.30506e-008	2.90745e-009	6.21513e-010	1.26758e-010	2.49279e-011	4.72081e-012	8.59398e-013	1.51253e-013	2.58362e-014	4.24599e-015	6.79851e-016	1.05704e-016	1.59214e-017	2.33585e-018	3.35297e-019	4.65348e-020	6.34014e-021	8.43349e-022	1.09264e-022	1.38606e-023	1.73535e-024	2.1668e-025	3.60656e-026	
Scirpus_lineatus	0	0	0	0	0	0	0	0	0	0	0	0	0	0	0	0	0	1	0	0	0	0	0	0	0	0	0	0	0	0	0	0	0	0	0	0	0	0	0	0	0	0	0	0	0	0	0	0	0	0	0	0	0	0	0	0	0	0	0	0	0	0	
Scirpus_pendulus	0	0	0	0	0	0	0	0	0	0	0	0	0	0	0	0	0	0	0	1	0	0	0	0	0	0	0	0	0	0	0	0	0	0	0	0	0	0	0	0	0	0	0	0	0	0	0	0	0	0	0	0	0	0	0	0	0	0	0	0	0	0	
N13	7.29574e-019	1.06849e-017	2.03926e-016	3.3248e-015	4.42105e-014	4.65757e-013	3.96906e-012	2.75057e-011	1.5906e-010	7.74189e-010	3.30342e-009	1.25918e-008	4.36595e-008	1.39013e-007	4.10096e-007	1.1182e-006	2.81969e-006	6.54352e-006	1.39671e-005	2.76712e-005	5.15663e-005	9.14478e-005	0.000156924	0.000262994	0.000431347	0.000696053	0.00110453	0.00172133	0.00264357	0.00401075	0.00598376	0.00881392	0.0127594	0.0180282	0.024826	0.0332078	0.0426993	0.0529837	0.063152	0.0719307	0.0785282	0.0822788	0.0819835	0.078455	0.0718582	0.0627751	0.052567	0.0423341	0.032432	0.0239539	0.0169767	0.0115128	0.00750949	0.00473432	0.0028471	0.0016611	0.000935078	0.000508125	0.000269537	0.000142992	7.83052e-005	5.0623e-005	
N14	5.33299e-020	4.50206e-019	6.70618e-018	9.94772e-017	1.29239e-015	1.42156e-014	1.32595e-013	1.05342e-012	7.22859e-012	4.31926e-011	2.27831e-010	1.06924e-009	4.50708e-009	1.71655e-008	5.94842e-008	1.88399e-007	5.49009e-007	1.48062e-006	3.72228e-006	8.78812e-006	1.96361e-005	4.17886e-005	8.52336e-005	0.00016742	0.000317748	0.000584551	0.0010442	0.00181264	0.00305898	0.00501557	0.0079739	0.0122702	0.018223	0.0260349	0.0356955	0.0468487	0.0587001	0.0701304	0.0797852	0.0863072	0.0887814	0.0868307	0.0806495	0.0712167	0.0598062	0.0477236	0.0362652	0.0262789	0.0181249	0.0119552	0.00755686	0.00456637	0.0026632	0.00151226	0.000834105	0.000460966	0.000260427	0.000150815	9.26679e-005	6.09945e-005	4.27338e-005	3.47698e-005	
N15	7.02855e-020	6.26074e-019	9.01063e-018	1.28026e-016	1.59851e-015	1.70094e-014	1.54128e-013	1.1966e-012	8.04999e-012	4.73727e-011	2.46619e-010	1.14532e-009	4.78312e-009	1.80786e-008	6.22251e-008	1.96053e-007	5.68967e-007	1.5304e-006	3.84183e-006	9.06726e-006	2.0265e-005	4.31623e-005	8.81242e-005	0.000173275	0.000329224	0.000606234	0.00108371	0.00188208	0.00317616	0.00520428	0.00826409	0.0126924	0.0188006	0.026777	0.036581	0.0478178	0.0596675	0.0709791	0.0803933	0.0865955	0.0887024	0.0863867	0.079928	0.0703092	0.0588201	0.0467804	0.0354329	0.025592	0.0176068	0.0115841	0.00730795	0.00441021	0.00257075	0.00146298	0.000807977	0.000448045	0.000256368	0.000147949	9.12107e-005	6.20241e-005	4.62895e-005	5.54618e-005	
Scirpus_maximowiczii	0	0	0	0	0	0	0	0	0	0	0	0	0	0	0	0	0	0	0	0	0	0	0	0	0	0	0	0	0	0	0	1	0	0	0	0	0	0	0	0	0	0	0	0	0	0	0	0	0	0	0	0	0	0	0	0	0	0	0	0	0	0	
N16	8.34113e-018	7.92063e-017	1.17344e-015	1.5948e-014	1.83285e-013	1.74964e-012	1.40377e-011	9.57736e-011	5.71629e-010	3.0189e-009	1.42872e-008	6.05579e-008	2.29024e-007	7.71357e-007	2.34069e-006	6.51081e-006	1.69831e-005	4.21561e-005	0.000100541	0.00023181	0.000518931	0.00113125	0.00239499	0.00488435	0.00947268	0.0172558	0.0292159	0.0456153	0.0654031	0.0859207	0.103297	0.113762	0.11491	0.106563	0.0909798	0.0716869	0.052198	0.0352619	0.0221636	0.012979	0.00711695	0.00366879	0.00177873	0.000817451	0.000357619	0.000148932	5.96084e-005	2.30528e-005	8.5696e-006	3.10181e-006	1.09299e-006	3.71994e-007	1.23415e-007	3.99336e-008	1.24048e-008	3.7571e-009	1.10278e-009	3.1113e-010	8.53409e-011	2.30396e-011	6.30149e-012	2.23333e-012	
N17	5.46871e-019	6.61558e-018	1.25556e-016	2.11365e-015	2.9569e-014	3.41038e-013	3.28636e-012	2.67691e-011	1.88203e-010	1.15576e-009	6.26388e-009	2.99473e-008	1.26297e-007	4.7203e-007	1.58772e-006	4.88429e-006	1.39995e-005	3.79555e-005	9.88435e-005	0.000250763	0.000623653	0.00151622	0.00355681	0.00790472	0.0163113	0.0307118	0.0520755	0.0788331	0.106107	0.126814	0.134621	0.127239	0.10739	0.081148	0.0551434	0.0338434	0.0188026	0.00951694	0.00441191	0.00187482	0.000737891	0.000271416	9.27969e-005	3.01836e-005	9.44844e-006	2.7967e-006	8.13245e-007	2.36186e-007	6.43808e-008	1.77882e-008	4.8892e-009	1.25858e-009	3.24417e-010	8.51884e-011	2.0531e-011	5.19102e-012	1.30186e-012	3.19123e-013	7.79372e-014	1.93526e-014	4.69417e-015	1.53306e-015	
Scirpus_polyphyllus	0	0	0	0	0	0	0	0	0	0	0	0	0	0	0	0	0	0	0	0	0	0	0	0	0	0	0	0	1	0	0	0	0	0	0	0	0	0	0	0	0	0	0	0	0	0	0	0	0	0	0	0	0	0	0	0	0	0	0	0	0	0	
N18	2.98523e-029	1.07917e-026	3.78243e-024	6.55029e-022	8.01521e-020	8.02786e-018	1.32749e-016	3.22748e-015	3.69648e-014	4.9337e-013	2.18887e-011	5.89219e-010	4.79729e-009	9.26899e-009	2.32173e-008	1.61751e-007	8.74714e-007	2.0434e-006	2.08947e-006	3.17986e-006	1.94349e-005	0.000207886	0.00235188	0.0181915	0.0824805	0.208554	0.293232	0.236381	0.114717	0.0353808	0.00729859	0.0010557	0.00011148	8.88104e-006	5.50682e-007	2.72964e-008	1.1021e-009	3.72015e-011	1.07248e-012	2.66672e-014	5.89156e-016	1.18327e-017	2.13793e-019	3.62681e-021	5.80193e-023	8.49593e-025	1.18188e-026	1.57154e-028	1.88204e-030	2.17822e-032	2.37969e-034	2.40513e-036	2.32615e-038	2.19844e-040	1.90841e-042	1.64644e-044	1.35196e-046	1.06813e-048	8.05945e-051	5.97301e-053	4.12631e-055	3.1413e-057	
N19	1.82853e-032	8.56821e-030	3.56008e-027	8.85986e-025	1.35707e-022	1.21001e-020	5.54875e-019	2.24705e-017	6.85397e-016	2.6537e-014	9.94944e-013	1.88203e-011	1.29844e-010	4.62998e-010	2.56274e-009	1.93338e-008	8.91075e-008	1.79252e-007	2.46838e-007	7.96466e-007	9.7105e-006	0.000190148	0.00286852	0.0251815	0.115857	0.267052	0.311194	0.19299	0.067979	0.0144984	0.00198324	0.000183025	1.19018e-005	5.6588e-007	2.03631e-008	5.86235e-010	1.44114e-011	3.91022e-013	2.19438e-014	8.77874e-016	4.31131e-017	2.65335e-018	6.73336e-020	2.2351e-021	8.2681e-023	1.32753e-024	3.02776e-026	7.62738e-028	8.56972e-030	1.9688e-031	3.13365e-033	7.7441e-035	9.54779e-037	3.81591e-038	3.76995e-040	1.44664e-041	1.23527e-043	4.06544e-045	3.01251e-047	8.8291e-049	8.76425e-051	3.45351e-052	
Scirpus_atrovirens	0	0	0	0	0	0	0	0	0	0	0	0	0	0	0	0	0	0	0	0	0	0	0	0	1	0	0	0	0	0	0	0	0	0	0	0	0	0	0	0	0	0	0	0	0	0	0	0	0	0	0	0	0	0	0	0	0	0	0	0	0	0	
Scirpus_georgianus	0	0	0	0	0	0	0	0	0	0	0	0	0	0	0	0	0	0	0	0	0	0	0	0	0	1	0	0	0	0	0	0	0	0	0	0	0	0	0	0	0	0	0	0	0	0	0	0	0	0	0	0	0	0	0	0	0	0	0	0	0	0	
N20	1.56754e-050	3.89501e-045	5.80068e-040	1.46286e-036	4.49681e-033	1.106e-028	4.50948e-025	2.2815e-025	3.07009e-021	1.11323e-023	1.06681e-022	1.2234e-018	3.88124e-015	7.21701e-013	1.15766e-015	2.78261e-016	4.29821e-013	1.59589e-009	2.67401e-009	4.0405e-012	2.70064e-015	3.00811e-017	5.47909e-015	5.86044e-011	3.20016e-007	0.000736894	0.479182	0.519065	0.00101504	6.15252e-007	1.74735e-010	2.84066e-014	3.09028e-018	2.60397e-022	2.15597e-026	2.02219e-030	1.6038e-034	1.16787e-038	7.37617e-043	3.29254e-047	1.31307e-051	4.62363e-056	1.17747e-060	2.89931e-065	6.38114e-070	1.21006e-074	2.18649e-079	4.4256e-084	7.0082e-089	1.30624e-093	1.815e-098	2.75648e-103	3.00274e-108	3.60111e-113	2.99905e-118	2.76461e-123	1.80893e-128	1.30053e-133	6.93314e-139	4.31707e-144	2.17645e-149	1.26098e-154	
Scirpus_flaccidifolius	0	0	0	0	0	0	0	0	0	0	0	0	0	0	0	0	0	0	0	0	0	0	0	0	0	0	1	0	0	0	0	0	0	0	0	0	0	0	0	0	0	0	0	0	0	0	0	0	0	0	0	0	0	0	0	0	0	0	0	0	0	0	
Scirpus_pallidus	0	0	0	0	0	0	0	0	0	0	0	0	0	0	0	0	0	0	0	0	0	0	0	0	0	0	0	1	0	0	0	0	0	0	0	0	0	0	0	0	0	0	0	0	0	0	0	0	0	0	0	0	0	0	0	0	0	0	0	0	0	0	
Scirpus_ancistrochaetus	0	0	0	0	0	0	0	0	0	0	0	0	0	0	0	0	0	0	0	0	0	0	0	0	0	0	1	0	0	0	0	0	0	0	0	0	0	0	0	0	0	0	0	0	0	0	0	0	0	0	0	0	0	0	0	0	0	0	0	0	0	0	
N21	1.34934e-017	9.62237e-017	1.09541e-015	1.19333e-014	1.13806e-013	9.33012e-013	6.6198e-012	4.08626e-011	2.22454e-010	1.07878e-009	4.73255e-009	1.89425e-008	6.97587e-008	2.37231e-007	7.4559e-007	2.16152e-006	5.7918e-006	1.44125e-005	3.35928e-005	7.39805e-005	0.000155188	0.000311529	0.000600683	0.00111575	0.00200208	0.00348386	0.0058906	0.00967321	0.0153741	0.0235095	0.034335	0.0476022	0.0623312	0.0767722	0.088807	0.0964015	0.0981099	0.0937614	0.0842459	0.0711781	0.0567414	0.0427955	0.0305307	0.0207375	0.0134654	0.00835662	0.00500924	0.00292163	0.00165082	0.00091942	0.000506123	0.000272694	0.000145712	7.718e-005	3.96056e-005	2.00625e-005	9.93493e-006	4.74939e-006	2.2278e-006	1.04327e-006	5.02278e-007	2.94049e-007	
Scirpus_radicans	0	0	0	0	0	0	0	0	0	0	0	0	0	0	0	0	0	0	0	0	0	0	0	0	0	0	0	1	0	0	0	0	0	0	0	0	0	0	0	0	0	0	0	0	0	0	0	0	0	0	0	0	0	0	0	0	0	0	0	0	0	0	
N22	6.7663e-020	8.62491e-019	1.70086e-017	2.96306e-016	4.2735e-015	5.05134e-014	4.9629e-013	4.05966e-012	2.83692e-011	1.72935e-010	9.42097e-010	4.6559e-009	2.10843e-008	8.64478e-008	3.15091e-007	1.01137e-006	2.88804e-006	7.48688e-006	1.80558e-005	4.1027e-005	8.8323e-005	0.00018051	0.000353843	0.000679689	0.00130788	0.00255425	0.00502189	0.00970865	0.0179604	0.0310699	0.0494464	0.0717481	0.0944774	0.112609	0.121628	0.119258	0.106215	0.0863416	0.064295	0.0438885	0.0276726	0.0162145	0.00880692	0.00449919	0.00217612	0.000990103	0.000432647	0.000183536	7.37729e-005	2.92176e-005	1.13561e-005	4.22595e-006	1.55492e-006	5.69327e-007	1.97311e-007	6.83329e-008	2.30263e-008	7.43178e-009	2.33345e-009	7.24553e-010	2.24185e-010	9.00242e-011	
N23	8.8175e-022	1.64557e-020	4.59774e-019	1.0827e-017	2.0557e-016	3.1291e-015	3.87712e-014	3.91845e-013	3.34355e-012	2.45626e-011	1.59291e-010	9.35551e-010	4.99091e-009	2.33492e-008	9.29854e-008	3.16288e-007	9.54553e-007	2.66482e-006	7.03794e-006	1.73212e-005	3.89809e-005	8.06948e-005	0.000160881	0.00033438	0.000767901	0.0019367	0.00501496	0.0123213	0.0271675	0.0521536	0.0860008	0.121349	0.146611	0.152051	0.136009	0.105484	0.0712526	0.0422202	0.0220961	0.0102568	0.00426662	0.00160646	0.000548093	0.00017287	5.11358e-005	1.40804e-005	3.73349e-006	9.69918e-007	2.36325e-007	5.72862e-008	1.368e-008	3.04697e-009	6.71905e-010	1.47649e-010	2.98965e-011	6.14534e-012	1.23525e-012	2.36997e-013	4.45572e-014	8.28682e-015	1.48465e-015	3.5497e-016	
Scirpus_sylvaticus	0	0	0	0	0	0	0	0	0	0	0	0	0	0	0	0	0	0	0	0	0	0	0	0	0	0	0	0	0	0	1	0	0	0	0	0	0	0	0	0	0	0	0	0	0	0	0	0	0	0	0	0	0	0	0	0	0	0	0	0	0	0	
Scirpus_microcarpus	0	0	0	0	0	0	0	0	0	0	0	0	0	0	0	0	0	0	0	0	0	0	0	0	0	0	0	0	0	0	0	1	0	0	0	0	0	0	0	0	0	0	0	0	0	0	0	0	0	0	0	0	0	0	0	0	0	0	0	0	0	0	
Scirpus_expansus	0	0	0	0	0	0	0	0	0	0	0	0	0	0	0	0	0	0	0	0	0	0	0	0	0	0	0	0	0	0	0	1	0	0	0	0	0	0	0	0	0	0	0	0	0	0	0	0	0	0	0	0	0	0	0	0	0	0	0	0	0	0	
N24	5.87019e-019	5.38726e-018	7.8093e-017	1.03639e-015	1.16401e-014	1.09616e-013	8.75113e-013	5.97668e-012	3.54342e-011	1.84066e-010	8.49008e-010	3.50725e-009	1.3095e-008	4.44783e-008	1.38337e-007	3.95773e-007	1.04784e-006	2.58207e-006	5.96397e-006	1.30106e-005	2.7023e-005	5.37912e-005	0.000103291	0.000192263	0.00034811	0.000614985	0.00106183	0.00179289	0.00296036	0.00477515	0.00750593	0.0114703	0.0169826	0.0242698	0.0333786	0.0440452	0.0555881	0.0669894	0.0769589	0.084133	0.0875263	0.0866381	0.0814919	0.0729494	0.0621876	0.0504291	0.0390214	0.0288704	0.0203644	0.0137939	0.00900163	0.00563636	0.00343882	0.00207209	0.00122513	0.000742619	0.000469044	0.000304233	0.000208342	0.000149937	0.000111284	9.3396e-005	
N25	3.51958e-018	2.77219e-017	3.43244e-016	4.00977e-015	4.05503e-014	3.4853e-013	2.57183e-012	1.63785e-011	9.1165e-011	4.47944e-010	1.98484e-009	8.01945e-009	2.99116e-008	1.03863e-007	3.36976e-007	1.01577e-006	2.82857e-006	7.25735e-006	1.72404e-005	3.82867e-005	8.04749e-005	0.000161516	0.000311527	0.000578401	0.00103441	0.00178675	0.00299386	0.00489532	0.00784486	0.0123256	0.0188823	0.0279806	0.0397308	0.0535823	0.0682559	0.081812	0.0919814	0.097038	0.0960983	0.0892881	0.0780979	0.0644822	0.0502254	0.0371695	0.0262453	0.0176704	0.0114736	0.00723917	0.00441299	0.00264769	0.00156641	0.00090378	0.000515595	0.000290696	0.000158098	8.46583e-005	4.41778e-005	2.21974e-005	1.09201e-005	5.35618e-006	2.69171e-006	1.62781e-006	
Scirpus_polystachyus	0	0	0	0	0	0	0	0	0	0	0	0	0	0	0	0	0	0	0	0	0	0	0	0	0	0	0	0	0	1	0	0	0	0	0	0	0	0	0	0	0	0	0	0	0	0	0	0	0	0	0	0	0	0	0	0	0	0	0	0	0	0	
N26	4.27711e-020	4.89498e-019	8.79848e-018	1.42217e-016	1.92876e-015	2.17194e-014	2.05878e-013	1.64872e-012	1.13136e-011	6.75432e-011	3.59436e-010	1.72607e-009	7.6089e-009	3.1054e-008	1.16645e-007	3.96675e-007	1.21042e-006	3.32388e-006	8.33857e-006	1.94517e-005	4.28769e-005	8.97782e-005	0.000178807	0.000339197	0.000617677	0.00109868	0.00194638	0.00348357	0.00628998	0.0112678	0.0195395	0.0320816	0.0490677	0.069162	0.0894102	0.105798	0.114451	0.113458	0.103308	0.086456	0.0668641	0.0480111	0.0319802	0.0199703	0.011762	0.00650846	0.00344086	0.00175545	0.000849189	0.000402564	0.000187366	8.357e-005	3.70424e-005	1.64607e-005	6.97906e-006	2.99447e-006	1.2688e-006	5.17657e-007	2.08034e-007	8.33916e-008	3.35672e-008	1.70968e-008	
Scirpus_longii	0	0	0	0	0	0	0	0	0	0	0	0	0	0	0	0	0	0	0	0	0	0	0	0	0	0	0	0	0	0	0	0	1	0	0	0	0	0	0	0	0	0	0	0	0	0	0	0	0	0	0	0	0	0	0	0	0	0	0	0	0	0	
N27	1.2752e-023	3.45071e-022	1.31526e-020	4.03232e-019	9.60313e-018	1.77441e-016	2.62212e-015	3.02367e-014	2.7654e-013	2.1474e-012	1.46167e-011	8.84563e-011	5.21512e-010	3.00896e-009	1.53937e-008	6.4164e-008	2.13847e-007	5.96465e-007	1.53266e-006	3.91965e-006	9.9864e-006	2.35146e-005	4.81921e-005	8.54398e-005	0.000138797	0.000236941	0.000489871	0.00124616	0.00346062	0.00923403	0.0219637	0.0450187	0.0785126	0.116091	0.145797	0.156095	0.143013	0.11286	0.0772081	0.0459994	0.0240896	0.0111868	0.00461985	0.0017231	0.000587189	0.000182576	5.31059e-005	1.46842e-005	3.77882e-006	9.44863e-007	2.29696e-007	5.24504e-008	1.17382e-008	2.58333e-009	5.28084e-010	1.06814e-010	2.08214e-011	3.81829e-012	6.74505e-013	1.15529e-013	1.8956e-014	4.0716e-015	
Scirpus_pedicellatus	0	0	0	0	0	0	0	0	0	0	0	0	0	0	0	0	0	0	0	0	0	0	0	0	0	0	0	0	0	0	0	0	0	1	0	0	0	0	0	0	0	0	0	0	0	0	0	0	0	0	0	0	0	0	0	0	0	0	0	0	0	0	
N28	9.01199e-029	7.94353e-027	8.22615e-025	6.08559e-023	3.17234e-021	1.1825e-019	3.42908e-018	6.65166e-017	8.47309e-016	9.64912e-015	8.75576e-014	6.08933e-013	5.53875e-012	6.1186e-011	5.44555e-010	3.15e-009	1.08318e-008	2.52612e-008	6.30385e-008	2.28582e-007	9.45353e-007	3.02072e-006	6.34963e-006	8.84295e-006	9.3756e-006	1.21128e-005	3.53251e-005	0.000207399	0.00134354	0.00700151	0.0269574	0.0748677	0.148769	0.211599	0.217251	0.163426	0.091767	0.0392809	0.013092	0.00346376	0.000742688	0.00013176	1.96408e-005	2.53008e-006	2.90844e-007	3.01172e-008	2.97415e-009	2.90975e-010	2.6502e-011	2.41134e-012	2.14945e-013	1.69157e-014	1.29484e-015	9.59267e-017	6.22856e-018	4.05371e-019	2.56741e-020	1.51336e-021	8.8473e-023	5.10328e-024	2.72859e-025	1.7983e-026	
Scirpus_atrocinctus	0	0	0	0	0	0	0	0	0	0	0	0	0	0	0	0	0	0	0	0	0	0	0	0	0	0	0	0	0	0	0	0	0	1	0	0	0	0	0	0	0	0	0	0	0	0	0	0	0	0	0	0	0	0	0	0	0	0	0	0	0	0	
Scirpus_cyperinus	0	0	0	0	0	0	0	0	0	0	0	0	0	0	0	0	0	0	0	0	0	0	0	0	0	0	0	0	0	0	0	0	1	0	0	0	0	0	0	0	0	0	0	0	0	0	0	0	0	0	0	0	0	0	0	0	0	0	0	0	0	0	
N29	1.31881e-018	1.11753e-017	1.53811e-016	1.9606e-015	2.13308e-014	1.95779e-013	1.53184e-012	1.0297e-011	6.05276e-011	3.14816e-010	1.47192e-009	6.24008e-009	2.41354e-008	8.52008e-008	2.74645e-007	8.10076e-007	2.20569e-006	5.601e-006	1.34215e-005	3.06258e-005	6.7068e-005	0.000141869	0.00029182	0.000587454	0.00116039	0.00224694	0.0042372	0.00770693	0.0133852	0.0219972	0.0339557	0.0490036	0.065914	0.0824652	0.0959451	0.103836	0.104545	0.0981001	0.0859224	0.0702996	0.0538852	0.0387893	0.026238	0.0167575	0.0101395	0.0058163	0.00318767	0.0016794	0.000849735	0.000418662	0.000202002	9.50368e-005	4.41891e-005	2.03519e-005	9.12401e-006	4.0427e-006	1.75637e-006	7.37389e-007	3.03529e-007	1.24115e-007	5.19946e-008	2.70424e-008	
N30	3.1346e-023	1.17315e-021	5.69746e-020	2.15194e-018	5.96649e-017	1.25784e-015	2.11107e-014	2.3016e-013	1.90207e-012	1.43585e-011	9.22741e-011	5.90538e-010	4.06158e-009	2.42096e-008	1.10441e-007	3.79516e-007	1.05072e-006	2.6855e-006	7.27828e-006	2.01069e-005	5.14614e-005	0.00011738	0.000248716	0.000550196	0.0013666	0.00361773	0.00919197	0.0209467	0.0416321	0.0714692	0.105702	0.13485	0.148773	0.142341	0.118636	0.0865248	0.0554212	0.0313619	0.0157614	0.00705842	0.00283768	0.00103077	0.000338826	0.000101953	2.82967e-005	7.23859e-006	1.73656e-006	3.95264e-007	8.4416e-008	1.7444e-008	3.50127e-009	6.70069e-010	1.25747e-010	2.32012e-011	4.04392e-012	6.92563e-013	1.14334e-013	1.78406e-014	2.67883e-015	3.90213e-016	5.50339e-017	9.74135e-018	
N31	9.58503e-027	7.09449e-025	6.31717e-023	4.12552e-021	1.90884e-019	6.47093e-018	1.66509e-016	2.679e-015	3.26846e-014	3.51224e-013	3.15576e-012	2.84423e-011	2.61409e-010	1.9718e-009	1.10255e-008	4.57037e-008	1.53482e-007	4.8448e-007	1.61266e-006	5.28974e-006	1.57122e-005	4.1887e-005	0.000107174	0.000296805	0.000917926	0.00289701	0.00841208	0.0212022	0.0452774	0.081189	0.12197	0.153709	0.162994	0.145994	0.111026	0.0720902	0.0401538	0.0193222	0.00809245	0.0029584	0.000955621	0.000276666	7.12374e-005	1.69381e-005	3.85369e-006	7.93834e-007	1.64931e-007	3.6389e-008	6.79888e-009	1.38552e-009	2.90529e-010	4.8661e-011	8.501e-012	1.57541e-012	2.14075e-013	3.36905e-014	5.04331e-015	7.0585e-016	1.06842e-016	2.0223e-017	3.60761e-018	9.0066e-019	
Eriophorum_angustifolium	0	0	0	0	0	0	0	0	0	0	0	0	0	0	0	0	0	0	0	0	0	0	0	0	0	0	0	0	1	0	0	0	0	0	0	0	0	0	0	0	0	0	0	0	0	0	0	0	0	0	0	0	0	0	0	0	0	0	0	0	0	0	
N32	1.21196e-028	1.049e-026	1.07155e-024	8.05276e-023	4.40622e-021	1.75359e-019	5.14314e-018	1.08399e-016	1.83484e-015	2.59178e-014	3.18863e-013	3.61497e-012	3.59535e-011	2.84183e-010	1.72922e-009	8.39313e-009	3.55512e-008	1.42192e-007	5.50226e-007	1.97715e-006	6.46968e-006	2.00635e-005	6.3759e-005	0.000221455	0.000815264	0.00289273	0.00909469	0.0241448	0.052972	0.0952831	0.140361	0.169726	0.169169	0.13969	0.0961334	0.0554983	0.0270413	0.011209	0.0039908	0.00122708	0.000331978	8.15858e-005	1.81168e-005	3.97385e-006	9.43355e-007	2.04971e-007	4.92242e-008	1.28494e-008	2.54346e-009	5.45765e-010	1.16952e-010	1.88301e-011	3.17002e-012	5.56756e-013	7.07786e-014	1.05376e-014	1.47744e-015	2.02092e-016	2.96643e-017	5.62113e-018	9.90554e-019	2.51858e-019	
N33	4.75705e-028	4.75959e-026	5.4721e-024	4.42456e-022	2.55388e-020	1.05628e-018	2.93147e-017	5.24801e-016	8.80165e-015	1.12401e-013	1.52081e-012	2.4341e-011	3.10353e-010	2.41879e-009	1.07419e-008	3.61274e-008	1.51279e-007	7.30472e-007	2.82349e-006	7.06378e-006	1.17107e-005	1.92736e-005	5.68723e-005	0.00029656	0.00181428	0.00933154	0.0352677	0.0940094	0.174935	0.227998	0.210701	0.140703	0.0694216	0.0258813	0.00746609	0.00170571	0.000314684	4.81309e-005	6.27734e-006	7.10606e-007	7.30152e-008	7.07752e-009	6.35997e-010	5.56086e-011	4.68732e-012	3.56086e-013	2.56373e-014	1.74102e-015	1.03629e-016	5.90797e-018	3.15638e-019	1.53236e-020	7.14321e-022	3.27835e-023	1.37846e-024	5.89035e-026	2.41386e-027	9.68022e-029	3.71729e-030	1.41879e-031	5.04434e-033	2.17303e-034	
Eriophorum_callitrix	0	0	0	0	0	0	0	0	0	0	0	0	0	0	0	0	0	0	0	0	0	0	0	0	0	0	0	0	0	1	0	0	0	0	0	0	0	0	0	0	0	0	0	0	0	0	0	0	0	0	0	0	0	0	0	0	0	0	0	0	0	0	
N34	6.35389e-035	4.18895e-032	2.42356e-029	7.96847e-027	1.7102e-024	2.40843e-022	1.72763e-020	2.83108e-019	1.16054e-017	1.36047e-016	2.37068e-015	1.27452e-013	4.65403e-012	6.70442e-011	1.65558e-010	2.25617e-010	1.76527e-009	2.31074e-008	1.27524e-007	1.9933e-007	1.23202e-007	8.60162e-008	5.31387e-007	1.63997e-005	0.000443068	0.00704014	0.0587783	0.228211	0.363684	0.244297	0.0807053	0.0149677	0.00171732	0.000130909	7.0032e-006	2.74997e-007	8.22693e-009	1.96082e-010	4.00314e-012	7.45441e-014	1.48018e-015	3.42806e-017	7.16663e-019	1.5174e-020	3.07255e-022	4.75388e-024	7.11966e-026	1.00935e-027	1.09682e-029	1.20044e-031	1.23976e-033	1.06393e-035	9.08841e-038	8.31176e-040	6.26769e-042	5.87068e-044	4.97637e-046	4.96858e-048	4.45143e-050	4.55107e-052	3.97265e-054	3.99772e-056	
Scirpus_hattorianus	0	0	0	0	0	0	0	0	0	0	0	0	0	0	0	0	0	0	0	0	0	0	0	0	0	0	0	1	0	0	0	0	0	0	0	0	0	0	0	0	0	0	0	0	0	0	0	0	0	0	0	0	0	0	0	0	0	0	0	0	0	0	
Eriophorum_vaginatum	0	0	0	0	0	0	0	0	0	0	0	0	0	0	0	0	0	0	0	0	0	0	0	0	0	0	0	0	1	0	0	0	0	0	0	0	0	0	0	0	0	0	0	0	0	0	0	0	0	0	0	0	0	0	0	0	0	0	0	0	0	0	
N35	2.59828e-030	3.2781e-028	4.79961e-026	5.00394e-024	3.68472e-022	1.94214e-020	7.16341e-019	1.62409e-017	3.08811e-016	4.81341e-015	6.73158e-014	9.88113e-013	1.27248e-011	1.19502e-010	7.88069e-010	3.94559e-009	1.81446e-008	8.52527e-008	3.85339e-007	1.49877e-006	5.01978e-006	1.64901e-005	6.1541e-005	0.00026526	0.00116334	0.00457916	0.0150359	0.039727	0.0832028	0.137544	0.17974	0.186539	0.154753	0.103386	0.0560912	0.0249433	0.00917157	0.00282328	0.000740236	0.000167576	3.42079e-005	6.74023e-006	1.27944e-006	2.57737e-007	5.50975e-008	1.03875e-008	1.94346e-009	3.50646e-010	5.1336e-011	7.38702e-012	1.00234e-012	1.1362e-013	1.25701e-014	1.38362e-015	1.2812e-016	1.29653e-017	1.27842e-018	1.30535e-019	1.32662e-020	1.43923e-021	1.43204e-022	1.85854e-023	
N36	1.84245e-029	1.3157e-027	1.18031e-025	8.28542e-024	4.45133e-022	1.82223e-020	5.77435e-019	1.43654e-017	2.93459e-016	5.00646e-015	7.38755e-014	9.4008e-013	9.85887e-012	8.24612e-011	5.61627e-010	3.29377e-009	1.75285e-008	8.44602e-008	3.61485e-007	1.38613e-006	5.08607e-006	1.99044e-005	8.79077e-005	0.000415132	0.00186293	0.00718619	0.0224918	0.0555947	0.107463	0.162261	0.192041	0.179235	0.132924	0.0790002	0.0379769	0.0149143	0.00483339	0.0013091	0.000302111	6.04829e-005	1.11434e-005	2.15526e-006	4.226e-007	9.96441e-008	2.79693e-008	5.94313e-009	1.36509e-009	3.22757e-010	5.22953e-011	9.28246e-012	1.64573e-012	2.08422e-013	2.84377e-014	4.13032e-015	4.19862e-016	5.50926e-017	6.49344e-018	8.82194e-019	1.18626e-019	2.31476e-020	3.95984e-021	1.00447e-021	
Eriophorum_brachyantherum	0	0	0	0	0	0	0	0	0	0	0	0	0	0	0	0	0	0	0	0	0	0	0	0	0	0	0	0	1	0	0	0	0	0	0	0	0	0	0	0	0	0	0	0	0	0	0	0	0	0	0	0	0	0	0	0	0	0	0	0	0	0	
Eriophorum_scheuchzeri	0	0	0	0	0	0	0	0	0	0	0	0	0	0	0	0	0	0	0	0	0	0	0	0	0	0	0	0	1	0	0	0	0	0	0	0	0	0	0	0	0	0	0	0	0	0	0	0	0	0	0	0	0	0	0	0	0	0	0	0	0	0	
Eriophorum_chamissonis	0	0	0	0	0	0	0	0	0	0	0	0	0	0	0	0	0	0	0	0	0	0	0	0	0	0	0	0	0	1	0	0	0	0	0	0	0	0	0	0	0	0	0	0	0	0	0	0	0	0	0	0	0	0	0	0	0	0	0	0	0	0	
Eriophorum_latifolium	0	0	0	0	0	0	0	0	0	0	0	0	0	0	0	0	0	0	0	0	0	0	0	0	0	0	1	0	0	0	0	0	0	0	0	0	0	0	0	0	0	0	0	0	0	0	0	0	0	0	0	0	0	0	0	0	0	0	0	0	0	0	
N37	2.65058e-018	2.48557e-017	3.79151e-016	5.28939e-015	6.25584e-014	6.208e-013	5.22565e-012	3.76323e-011	2.3677e-010	1.31785e-009	6.59547e-009	2.98147e-008	1.20971e-007	4.36137e-007	1.39902e-006	4.03892e-006	1.07002e-005	2.63389e-005	6.08571e-005	0.000133509	0.000283598	0.000599184	0.00128363	0.00279075	0.00602205	0.0124847	0.0241032	0.0423413	0.0667854	0.0939534	0.117556	0.130967	0.130202	0.115755	0.09245	0.0666182	0.0434139	0.0257571	0.0139835	0.00695989	0.00320529	0.00137607	0.000550069	0.000208063	7.50164e-005	2.5667e-005	8.49835e-006	2.74599e-006	8.4839e-007	2.57982e-007	7.6648e-008	2.18318e-008	6.07171e-009	1.65143e-009	4.25217e-010	1.07218e-010	2.60616e-011	6.05786e-012	1.36187e-012	3.0035e-013	6.58943e-014	1.9231e-014	
Eriophorum_virginicum	0	0	0	0	0	0	0	0	0	0	0	0	0	0	0	0	0	0	0	0	0	0	0	0	0	0	0	0	1	0	0	0	0	0	0	0	0	0	0	0	0	0	0	0	0	0	0	0	0	0	0	0	0	0	0	0	0	0	0	0	0	0	
Eriophorum_gracile	0	0	0	0	0	0	0	0	0	0	0	0	0	0	0	0	0	0	0	0	0	0	0	0	0	0	0	0	0	1	0	0	0	0	0	0	0	0	0	0	0	0	0	0	0	0	0	0	0	0	0	0	0	0	0	0	0	0	0	0	0	0	
N38	1.41608e-005	1.9214e-005	3.22836e-005	6.02112e-005	0.000116214	0.000222985	0.00041397	0.000740503	0.00126935	0.00207815	0.00326099	0.00491681	0.00710734	0.00991345	0.0133561	0.0173778	0.0219285	0.0269045	0.032016	0.0371647	0.0420927	0.0464649	0.0501693	0.0530823	0.054835	0.0556225	0.0553666	0.0539782	0.0517239	0.0487979	0.0450947	0.041093	0.0368712	0.0324927	0.0282307	0.0242288	0.0204002	0.016993	0.0139695	0.0113006	0.00903358	0.00715407	0.00556286	0.00429187	0.00327315	0.00245981	0.00182961	0.00135135	0.000980067	0.000707087	0.000504836	0.00035568	0.000248376	0.000172703	0.000117981	8.05025e-005	5.45614e-005	3.67558e-005	2.48673e-005	1.72201e-005	1.23182e-005	9.71607e-006	
N39	8.14139e-007	1.36872e-006	3.16617e-006	8.24266e-006	2.16714e-005	5.4768e-005	0.000129816	0.000288301	0.000599152	0.00116482	0.00213076	0.00368309	0.0060128	0.00933977	0.0138317	0.0195376	0.0264436	0.0343895	0.0428497	0.0514545	0.0595362	0.0662549	0.0711679	0.0739194	0.0738546	0.0714721	0.0669167	0.0604386	0.052903	0.0449994	0.0368987	0.0294812	0.022898	0.0172264	0.0126315	0.00906957	0.0062942	0.00429449	0.00286594	0.00186307	0.0011886	0.000749783	0.000458386	0.000278488	0.000166446	9.75507e-005	5.6433e-005	3.2556e-005	1.82328e-005	1.02211e-005	5.64481e-006	3.06902e-006	1.64698e-006	8.82746e-007	4.59056e-007	2.39044e-007	1.22488e-007	6.20612e-008	3.1256e-008	1.61265e-008	8.69093e-009	5.6412e-009	
Blysmus_compressus	0	0	0	0	0	0	0	0	0	0	0	0	0	0	0	0	0	0	0	0	0	1	0	0	0	0	0	0	0	0	0	0	0	0	0	0	0	0	0	0	0	0	0	0	0	0	0	0	0	0	0	0	0	0	0	0	0	0	0	0	0	0	
Blysmus_rufus	0	0	0	0	0	0	0	0	0	0	0	0	0	0	0	0	0	0	0	1	0	0	0	0	0	0	0	0	0	0	0	0	0	0	0	0	0	0	0	0	0	0	0	0	0	0	0	0	0	0	0	0	0	0	0	0	0	0	0	0	0	0	
Dulichium_arundinaceum	0	0	0	0	0	0	0	0	0	0	0	0	0	0	0	1	0	0	0	0	0	0	0	0	0	0	0	0	0	0	0	0	0	0	0	0	0	0	0	0	0	0	0	0	0	0	0	0	0	0	0	0	0	0	0	0	0	0	0	0	0	0	
