NODE	1	2	3	4	5	6	7	8	9	10	11	12	13	14	15	16	17	18	19	20	21	22	23	24	25	26	27	28	29	30	31	32	33	34	35	36	37	38	39	40	41	42	43	44	45	46	47	48	49	50	51	52	53	54	55	56	57	58	59	60	61	62	63	64	65	66	67	68	69	70	71	
N1	0.0881088	0.0874006	0.0859845	0.0838336	0.0809112	0.0771904	0.0726734	0.0674069	0.0614907	0.0550779	0.0483658	0.0415792	0.0349487	0.0286882	0.0229746	0.0179338	0.0136342	0.0100883	0.00726054	0.00507985	0.00345349	0.00228042	0.00146204	0.000909831	0.000549408	0.000321854	0.000182877	0.000100767	5.38351e-05	2.78832e-05	1.3999e-05	6.81214e-06	3.21268e-06	1.46831e-06	6.50294e-07	2.79076e-07	1.16048e-07	4.67575e-08	1.82537e-08	6.90454e-09	2.53048e-09	8.98581e-10	3.09177e-10	1.03076e-10	3.32989e-11	1.04239e-11	3.16218e-12	9.29647e-13	2.2917e-16	1.20433e-16	6.23123e-17	3.17445e-17	1.59244e-17	7.86683e-18	3.82767e-18	1.8346e-18	8.664e-19	4.03277e-19	1.8509e-19	8.38131e-20	3.74752e-20	1.65639e-20	7.24804e-21	3.14628e-21	1.35844e-21	5.85374e-22	2.52894e-22	1.10305e-22	4.93556e-23	2.386e-23	1.46281e-23	
N2	0.0101078	0.0110895	0.0125782	0.0146204	0.0172516	0.0204849	0.0242975	0.0286205	0.0333308	0.038251	0.0431547	0.0477815	0.0518571	0.0551189	0.0573423	0.0583645	0.0581024	0.0565619	0.0538369	0.0500982	0.045575	0.04053	0.0352343	0.0299426	0.0248743	0.0202001	0.0160363	0.0124454	0.00944228	0.00700354	0.00507859	0.0036005	0.00249569	0.00169137	0.00112078	0.000726183	0.000460081	0.000285036	0.000172685	0.00010231	5.92795e-05	3.35917e-05	1.86173e-05	1.0092e-05	5.35094e-06	2.77522e-06	1.40798e-06	6.98794e-07	3.39294e-07	1.61175e-07	7.49099e-08	3.40663e-08	1.51594e-08	6.60144e-09	2.81341e-09	1.17357e-09	4.79208e-10	1.91581e-10	7.50069e-11	2.87694e-11	1.08164e-11	3.98964e-12	1.44572e-12	5.1585e-13	1.8194e-13	6.38654e-14	2.2598e-14	8.2646e-15	3.28661e-15	1.56721e-15	1.04218e-15	
Chrysitrix_capensis	0	0	0	0	0	0	0	0	0	0	0	0	0	0	0	0	0	0	0	0	0	0	1	0	0	0	0	0	0	0	0	0	0	0	0	0	0	0	0	0	0	0	0	0	0	0	0	0	0	0	0	0	0	0	0	0	0	0	0	0	0	0	0	0	0	0	0	0	0	0	0	
Lepironia_articulata	0	0	0	0	0	0	0	0	0	0	0	0	0	0	0	0	1	0	0	0	0	0	0	0	0	0	0	0	0	0	0	0	0	0	0	0	0	0	0	0	0	0	0	0	0	0	0	0	0	0	0	0	0	0	0	0	0	0	0	0	0	0	0	0	0	0	0	0	0	0	0	
N3	0.061984	0.0651043	0.0680252	0.0705429	0.072394	0.0732981	0.0730069	0.0713505	0.0682708	0.0638384	0.0582481	0.0517954	0.0448391	0.037757	0.0309017	0.0245655	0.0189572	0.0141939	0.0103064	0.00725452	0.00494815	0.00326936	0.00209189	0.00129585	0.000776977	0.000450822	0.000253084	0.000137442	7.21941e-05	3.66743e-05	1.80158e-05	8.55725e-06	3.92982e-06	1.74478e-06	7.48888e-07	3.10729e-07	1.2463e-07	4.83204e-08	1.81093e-08	6.56043e-09	2.29735e-09	7.77659e-10	2.54466e-10	8.04933e-11	2.46148e-11	7.27708e-12	2.08001e-12	5.74842e-13	1.53616e-13	3.96973e-14	9.9212e-15	2.39822e-15	5.60771e-16	1.26857e-16	2.77681e-17	5.88253e-18	1.20636e-18	2.39565e-19	4.6087e-20	8.59355e-21	1.55422e-21	2.72894e-22	4.6573e-23	7.73739e-24	1.25378e-24	1.98663e-25	3.08948e-26	4.74811e-27	7.35511e-28	1.24503e-28	3.3201e-29	
N4	0.0602494	0.0634369	0.0665755	0.0694351	0.07171	0.0730691	0.0732124	0.0719248	0.0691158	0.0648398	0.059292	0.0527834	0.0456984	0.0384449	0.0314049	0.0248946	0.0191392	0.0142641	0.0103008	0.00720503	0.00487958	0.00319866	0.00202894	0.001245	0.000738866	0.000424001	0.000235229	0.000126144	6.53776e-05	3.27432e-05	1.58451e-05	7.4081e-06	3.34597e-06	1.45985e-06	6.15236e-07	2.50437e-07	9.84613e-08	3.73876e-08	1.37113e-08	4.85636e-09	1.66121e-09	5.4881e-10	1.75108e-10	5.3962e-11	1.60612e-11	4.61729e-12	1.28214e-12	3.43911e-13	8.91123e-14	2.23069e-14	5.39487e-15	1.26066e-15	2.84662e-16	6.21183e-17	1.31015e-17	2.67112e-18	5.26516e-19	1.00362e-19	1.85047e-20	3.30151e-21	5.70267e-22	9.54327e-23	1.54897e-23	2.44259e-24	3.75245e-25	5.64225e-26	8.37202e-27	1.24545e-27	1.92658e-28	3.46325e-29	1.05531e-29	
N5	0.0451778	0.0483124	0.0521604	0.056482	0.0609079	0.0649838	0.068229	0.0702009	0.0705591	0.069115	0.065861	0.0609722	0.0547801	0.0477233	0.0402856	0.0329323	0.0260571	0.0199464	0.014766	0.0105673	0.00730855	0.00488349	0.00315171	0.00196415	0.00118173	0.000686259	0.000384598	0.000207972	0.000108497	5.45994e-05	2.65013e-05	1.24054e-05	5.59992e-06	2.43752e-06	1.02301e-06	4.1396e-07	1.61497e-07	6.0741e-08	2.20244e-08	7.69881e-09	2.59441e-09	8.42847e-10	2.63973e-10	7.97035e-11	2.32013e-11	6.51148e-12	1.76195e-12	4.59701e-13	1.1565e-13	2.80567e-14	6.56412e-15	1.48117e-15	3.22378e-16	6.76888e-17	1.37128e-17	2.68091e-18	5.05939e-19	9.21987e-20	1.62316e-20	2.76236e-21	4.54829e-22	7.25387e-23	1.12235e-23	1.68825e-24	2.47573e-25	3.55213e-26	5.00936e-27	6.98968e-28	9.80363e-29	1.48801e-29	3.61046e-30	
Lagenocarpus_guianensis	0	0	0	0	0	0	0	0	0	0	0	0	0	0	0	0	1	0	0	0	0	0	0	0	0	0	0	0	0	0	0	0	0	0	0	0	0	0	0	0	0	0	0	0	0	0	0	0	0	0	0	0	0	0	0	0	0	0	0	0	0	0	0	0	0	0	0	0	0	0	0	
N6	0.0393956	0.0424104	0.0463443	0.0509868	0.055992	0.0609102	0.0652364	0.0684699	0.0701808	0.0700706	0.0680183	0.0641002	0.0585795	0.051867	0.0444605	0.0368744	0.0295741	0.0229263	0.0171718	0.0124222	0.00867658	0.00584972	0.00380581	0.00238881	0.00144626	0.00084442	0.000475381	0.000258004	0.000134975	6.80562e-05	3.30687e-05	1.54832e-05	6.9849e-06	3.03585e-06	1.27114e-06	5.12713e-07	1.99206e-07	7.45524e-08	2.68744e-08	9.33089e-09	3.1204e-09	1.00507e-09	3.11803e-10	9.31675e-11	2.68136e-11	7.43293e-12	1.98468e-12	5.10454e-13	1.26467e-13	3.01834e-14	6.93989e-15	1.53728e-15	3.28094e-16	6.74714e-17	1.33707e-17	2.55353e-18	4.70038e-19	8.34041e-20	1.42684e-20	2.35389e-21	3.74569e-22	5.75113e-23	8.52409e-24	1.22039e-24	1.68955e-25	2.26659e-26	2.96116e-27	3.81985e-28	5.07798e-29	7.98755e-30	2.25773e-30	
N7	0.0179572	0.0198346	0.0226942	0.0265041	0.0311612	0.0364863	0.0422238	0.0480489	0.053585	0.0584326	0.0622069	0.0645799	0.0653209	0.0643277	0.0616425	0.0574486	0.0520481	0.0458234	0.0391899	0.0325485	0.0262444	0.0205391	0.0155981	0.0114926	0.00821384	0.00569362	0.00382724	0.00249452	0.00157633	0.000965664	0.000573449	0.000330085	0.00018416	9.95836e-05	5.21902e-05	2.65088e-05	1.30493e-05	6.2255e-06	2.87843e-06	1.28984e-06	5.6017e-07	2.35787e-07	9.61938e-08	3.8038e-08	1.45798e-08	5.41709e-09	1.95114e-09	6.81313e-10	2.30659e-10	7.57175e-11	2.41027e-11	7.44088e-12	2.22808e-12	6.47223e-13	1.82421e-13	4.99e-14	1.32516e-14	3.41784e-15	8.56636e-16	2.08799e-16	4.95455e-17	1.14621e-17	2.59071e-18	5.73814e-19	1.2509e-19	2.70154e-20	5.83946e-21	1.28538e-21	2.97961e-22	7.89478e-23	3.11787e-23	
Oreobolus_pectinatus	0	0	0	0	0	0	0	0	0	0	0	0	0	0	0	0	0	0	1	0	0	0	0	0	0	0	0	0	0	0	0	0	0	0	0	0	0	0	0	0	0	0	0	0	0	0	0	0	0	0	0	0	0	0	0	0	0	0	0	0	0	0	0	0	0	0	0	0	0	0	0	
N8	0.0105597	0.0118132	0.0138277	0.0166371	0.0202459	0.0246176	0.0296615	0.0352213	0.0410706	0.0469174	0.0524189	0.0572091	0.0609341	0.0632921	0.0640715	0.0631799	0.0606593	0.0566826	0.051533	0.0455694	0.0391829	0.032753	0.02661	0.0210087	0.0161153	0.0120089	0.00869239	0.00611077	0.00417189	0.00276577	0.00178038	0.00111276	0.000675238	0.000397802	0.00022752	0.000126329	6.80951e-05	3.56332e-05	1.81017e-05	8.92726e-06	4.27421e-06	1.98675e-06	8.9659e-07	3.92847e-07	1.6713e-07	6.90408e-08	2.76954e-08	1.07892e-08	4.08215e-09	1.50019e-09	5.35565e-10	1.85756e-10	6.2605e-11	2.05065e-11	6.52968e-12	2.02178e-12	6.08946e-13	1.78496e-13	5.09509e-14	1.41747e-14	3.84785e-15	1.0209e-15	2.65379e-16	6.78313e-17	1.7142e-17	4.3192e-18	1.09904e-18	2.87948e-19	8.00991e-20	2.5247e-20	1.12731e-20	
N9	0.00429231	0.00481058	0.00566888	0.00692393	0.00864089	0.0108857	0.0137146	0.017162	0.0212271	0.0258616	0.0309604	0.0363574	0.0418282	0.0471019	0.0518801	0.0558633	0.0587808	0.06042	0.060652	0.0594467	0.0568779	0.0531155	0.0484057	0.0430443	0.0373447	0.0316079	0.0260964	0.0210159	0.0165072	0.0126455	0.00944736	0.00688312	0.00489043	0.00338834	0.00228927	0.00150827	0.000969005	0.000607079	0.000370887	0.000220964	0.00012838	7.27419e-05	4.01974e-05	2.16651e-05	1.13892e-05	5.8402e-06	2.92143e-06	1.42573e-06	6.78894e-07	3.15457e-07	1.43061e-07	6.33326e-08	2.7375e-08	1.15565e-08	4.7665e-09	1.92162e-09	7.57673e-10	2.92391e-10	1.10543e-10	4.09949e-11	1.49372e-11	5.35893e-12	1.89826e-12	6.66271e-13	2.32767e-13	8.13949e-14	2.86817e-14	1.02696e-14	3.78686e-15	1.50217e-15	7.78402e-16	
N10	0.000606591	0.000698059	0.000860432	0.00111	0.00146915	0.00196682	0.00263861	0.00352638	0.00467699	0.00614004	0.00796431	0.010193	0.0128579	0.0159724	0.0195254	0.0234746	0.0277426	0.0322156	0.0367454	0.0411557	0.0452519	0.0488353	0.0517185	0.0537415	0.0547864	0.0547888	0.0537442	0.0517086	0.0487935	0.0451558	0.0409828	0.0364769	0.0318388	0.0272531	0.0228769	0.0188323	0.0152035	0.0120372	0.00934683	0.00711828	0.00531714	0.00389579	0.00279997	0.00197416	0.00136557	0.000926807	0.000617231	0.000403401	0.000258766	0.000162936	0.000100722	6.1136e-05	3.64427e-05	2.13374e-05	1.22739e-05	6.9378e-06	3.85455e-06	2.10553e-06	1.13118e-06	5.97966e-07	3.112e-07	1.59578e-07	8.07229e-08	4.03564e-08	1.99989e-08	9.87196e-09	4.89513e-09	2.47614e-09	1.31729e-09	7.85173e-10	5.8778e-10	
Schoenus_brevifolius	0	0	0	0	0	0	0	0	0	0	0	0	0	0	0	0	0	0	0	0	0	0	0	0	0	0	0	0	0	0	0	0	0	0	0	0	0	0	0	0	0	0	0	0	0	0	0	0	0	0	0	0	0	0	0	0	0	0	0	0	1	0	0	0	0	0	0	0	0	0	0	
Schoenus_nigricans	0	0	0	0	0	0	0	0	0	0	0	0	0	0	0	0	0	0	0	0	0	1	0	0	0	0	0	0	0	0	0	0	0	0	0	0	0	0	0	0	0	0	0	0	0	0	0	0	0	0	0	0	0	0	0	0	0	0	0	0	0	0	0	0	0	0	0	0	0	0	0	
Gahnia_aspera	0	0	0	0	0	0	0	0	0	0	0	0	0	0	0	0	0	0	0	0	0	0	0	0	0	0	0	0	0	0	0	0	0	0	0	0	0	0	0	1	0	0	0	0	0	0	0	0	0	0	0	0	0	0	0	0	0	0	0	0	0	0	0	0	0	0	0	0	0	0	0	
N11	0.0157398	0.0170587	0.018911	0.0213008	0.0242051	0.0275696	0.0313062	0.0352918	0.0393708	0.04336	0.0470588	0.0502619	0.0527752	0.0544324	0.0551107	0.0547438	0.0533286	0.0509274	0.0476618	0.043702	0.0392502	0.0345228	0.0297316	0.0250677	0.020689	0.0167125	0.0132124	0.0102217	0.00773818	0.00573189	0.00415413	0.00294556	0.00204337	0.00138677	0.000920729	0.000598027	0.000379985	0.000236193	0.000143621	8.54326e-05	4.97144e-05	2.83007e-05	1.57607e-05	8.5865e-06	4.57646e-06	2.38628e-06	1.21731e-06	6.07537e-07	2.96654e-07	1.41723e-07	6.62455e-08	3.02976e-08	1.35584e-08	5.93703e-09	2.54392e-09	1.06666e-09	4.37681e-10	1.75758e-10	6.9076e-11	2.65729e-11	1.00076e-11	3.69111e-12	1.33424e-12	4.734e-13	1.65416e-13	5.73275e-14	2.00052e-14	7.25274e-15	2.90295e-15	1.4223e-15	9.74751e-16	
Tetraria_capillaris	0	0	0	0	0	0	0	0	0	1	0	0	0	0	0	0	0	0	0	0	0	0	0	0	0	0	0	0	0	0	0	0	0	0	0	0	0	0	0	0	0	0	0	0	0	0	0	0	0	0	0	0	0	0	0	0	0	0	0	0	0	0	0	0	0	0	0	0	0	0	0	
N12	0.000328624	0.000423045	0.000616516	0.000947181	0.00147277	0.00227324	0.0034518	0.0051325	0.00745272	0.0105489	0.0145355	0.0194777	0.025362	0.0320694	0.0393588	0.0468663	0.0541257	0.0606115	0.0657987	0.0692327	0.070594	0.0697478	0.0667651	0.0619132	0.0556156	0.0483902	0.0407794	0.0332832	0.0263083	0.0201386	0.0149288	0.0107169	0.00745013	0.00501536	0.00326954	0.00206407	0.00126188	0.000747102	0.000428372	0.00023788	0.000127939	6.66468e-05	3.36284e-05	1.64364e-05	7.78227e-06	3.56971e-06	1.58641e-06	6.83098e-07	2.85017e-07	1.15242e-07	4.51589e-08	1.71515e-08	6.31433e-09	2.25351e-09	7.79725e-10	2.61587e-10	8.51003e-11	2.68493e-11	8.21625e-12	2.43903e-12	7.0249e-13	1.96365e-13	5.32961e-14	1.40588e-14	3.6116e-15	9.07625e-16	2.25433e-16	5.66586e-17	1.52138e-17	4.93678e-18	2.48648e-18	
Machaerina_articulata	0	0	0	0	0	0	0	0	0	0	0	1	0	0	0	0	0	0	0	0	0	0	0	0	0	0	0	0	0	0	0	0	0	0	0	0	0	0	0	0	0	0	0	0	0	0	0	0	0	0	0	0	0	0	0	0	0	0	0	0	0	0	0	0	0	0	0	0	0	0	0	
Machaerina_mariscoides	0	0	0	0	0	0	0	0	0	0	0	0	0	0	0	0	0	0	0	0	0	0	0	0	0	0	0	0	0	0	0	0	0	0	0	0	0	0	1	0	0	0	0	0	0	0	0	0	0	0	0	0	0	0	0	0	0	0	0	0	0	0	0	0	0	0	0	0	0	0	0	
N13	0.0458942	0.0486026	0.0516037	0.0547807	0.0579457	0.0608518	0.0632155	0.0647492	0.0651991	0.0643828	0.0622198	0.0587482	0.0541236	0.048601	0.0425016	0.0361727	0.0299465	0.0241057	0.018861	0.0143405	0.0105933	0.00760126	0.00529751	0.0035854	0.00235636	0.00150366	0.000931602	0.000560349	0.000327201	0.000185472	0.000102055	5.45096e-05	2.82607e-05	1.42218e-05	6.94683e-06	3.29361e-06	1.5157e-06	6.77027e-07	2.93532e-07	1.23528e-07	5.04596e-08	2.00076e-08	7.70069e-09	2.87712e-09	1.0435e-09	3.67409e-10	1.25586e-10	4.16761e-11	1.34277e-11	4.20058e-12	1.27593e-12	3.76337e-13	1.07792e-13	2.99829e-14	8.09969e-15	2.12519e-15	5.41611e-16	1.34081e-16	3.22458e-17	7.5342e-18	1.71043e-18	3.77355e-19	8.09265e-20	1.68805e-20	3.42944e-21	6.80808e-22	1.33131e-22	2.61624e-23	5.43251e-24	1.35308e-24	5.50303e-25	
N14	0.00676152	0.00777518	0.00952705	0.0120939	0.0155416	0.0199055	0.0251658	0.0312229	0.0378789	0.0448292	0.0516728	0.057941	0.0631453	0.0668368	0.0686687	0.0684487	0.0661704	0.0620174	0.0563373	0.049592	0.0422938	0.03494	0.027957	0.0216637	0.0162558	0.011811	0.00830876	0.00565901	0.00373149	0.00238205	0.00147211	0.000880731	0.000510109	0.000286023	0.000155262	8.15944e-05	4.15146e-05	2.04503e-05	9.75379e-06	4.50442e-06	2.01427e-06	8.72228e-07	3.65764e-07	1.48544e-07	5.84281e-08	2.22602e-08	8.21496e-09	2.93687e-09	1.01718e-09	3.41338e-10	1.10988e-10	3.49713e-11	1.06789e-11	3.16057e-12	9.06701e-13	2.52155e-13	6.79862e-14	1.77734e-14	4.50579e-15	1.10786e-15	2.64244e-16	6.1159e-17	1.37429e-17	3.00114e-18	6.38187e-19	1.32699e-19	2.7224e-20	5.62242e-21	1.22484e-21	3.16236e-22	1.30286e-22	
N15	0.00107669	0.00134299	0.00188549	0.00281844	0.00430581	0.00655547	0.00980129	0.014269	0.0201249	0.0274125	0.0359885	0.0454772	0.0552621	0.0645303	0.0723728	0.0779265	0.0805293	0.079849	0.0759526	0.0692951	0.0606309	0.0508717	0.040928	0.0315723	0.0233522	0.0165609	0.0112611	0.00734247	0.00459077	0.0027526	0.00158289	0.00087307	0.000461942	0.000234486	0.000114208	5.33806e-05	2.39467e-05	1.03123e-05	4.26364e-06	1.69278e-06	6.45495e-07	2.36452e-07	8.3221e-08	2.81483e-08	9.15149e-09	2.8605e-09	8.59802e-10	2.48575e-10	6.91378e-11	1.85043e-11	4.76684e-12	1.1822e-12	2.82329e-13	6.49426e-14	1.43919e-14	3.07348e-15	6.32663e-16	1.25562e-16	2.40327e-17	4.43749e-18	7.907e-19	1.36025e-19	2.26069e-20	3.63354e-21	5.6582e-22	8.56599e-23	1.26924e-23	1.86693e-24	2.82241e-25	4.89447e-26	1.43253e-26	
Dulichium_arundinaceum	0	0	0	0	0	0	0	0	0	0	0	0	0	0	0	1	0	0	0	0	0	0	0	0	0	0	0	0	0	0	0	0	0	0	0	0	0	0	0	0	0	0	0	0	0	0	0	0	0	0	0	0	0	0	0	0	0	0	0	0	0	0	0	0	0	0	0	0	0	0	0	
N16	2.4725e-06	4.51017e-06	1.09708e-05	2.90532e-05	7.65282e-05	0.000193865	0.000466241	0.00105823	0.00225902	0.00452452	0.00848644	0.0148839	0.024378	0.0372494	0.0530529	0.070381	0.0869175	0.099876	0.106747	0.106091	0.0980248	0.0841953	0.0672229	0.0498931	0.0344273	0.0220891	0.0131816	0.00731806	0.00378107	0.00181885	0.000814956	0.000340283	0.000132478	4.8116e-05	1.63132e-05	5.16612e-06	1.52914e-06	4.23336e-07	1.09692e-07	2.6621e-08	6.05549e-09	1.29201e-09	2.58758e-10	4.86806e-11	8.60948e-12	1.43245e-12	2.24383e-13	3.31154e-14	4.60808e-15	6.05032e-16	7.50105e-17	8.78746e-18	9.73447e-19	1.02041e-19	1.01287e-20	9.52669e-22	8.49647e-23	7.19001e-24	5.77696e-25	4.40989e-26	3.20029e-27	2.2093e-28	1.45175e-29	9.08578e-31	5.41936e-32	3.08312e-33	1.67539e-34	8.73358e-36	4.44594e-37	2.42355e-38	2.42806e-39	
Blysmus_compressus	0	0	0	0	0	0	0	0	0	0	0	0	0	0	0	0	0	0	0	0	0	1	0	0	0	0	0	0	0	0	0	0	0	0	0	0	0	0	0	0	0	0	0	0	0	0	0	0	0	0	0	0	0	0	0	0	0	0	0	0	0	0	0	0	0	0	0	0	0	0	0	
Blysmus_rufus	0	0	0	0	0	0	0	0	0	0	0	0	0	0	0	0	0	0	0	1	0	0	0	0	0	0	0	0	0	0	0	0	0	0	0	0	0	0	0	0	0	0	0	0	0	0	0	0	0	0	0	0	0	0	0	0	0	0	0	0	0	0	0	0	0	0	0	0	0	0	0	
N17	0.00133935	0.0016072	0.00213004	0.00300557	0.0043757	0.00642423	0.00936425	0.0134113	0.01874	0.0254279	0.0333943	0.0423514	0.0517833	0.0609717	0.0690723	0.0752366	0.0787555	0.0791923	0.0764707	0.0708924	0.0630816	0.0538672	0.0441365	0.034695	0.0261628	0.0189239	0.0131285	0.00873514	0.00557381	0.00341072	0.00200142	0.00112621	0.000607698	0.00031444	0.000156017	7.42321e-05	3.38694e-05	1.48193e-05	6.21815e-06	2.50221e-06	9.65681e-07	3.57442e-07	1.269e-07	4.3214e-08	1.41162e-08	4.42349e-09	1.32983e-09	3.83567e-10	1.06152e-10	2.819e-11	7.18408e-12	1.75709e-12	4.1248e-13	9.29474e-14	2.01066e-14	4.17595e-15	8.32788e-16	1.5949e-16	2.93369e-17	5.18383e-18	8.80112e-19	1.43614e-19	2.25317e-20	3.40091e-21	4.94364e-22	6.93525e-23	9.43724e-24	1.26352e-24	1.74008e-25	2.84781e-26	8.43732e-27	
N18	0.00186026	0.00216913	0.00274006	0.00365198	0.00501217	0.00695098	0.00961063	0.0131266	0.0176012	0.0230724	0.0294804	0.0366419	0.0442372	0.0518199	0.0588513	0.0647592	0.069013	0.071201	0.0710957	0.0686918	0.0642089	0.0580567	0.0507727	0.0429427	0.035124	0.0277812	0.021248	0.0157142	0.0112375	0.00777053	0.00519558	0.00335914	0.00210009	0.00126963	0.000742256	0.00041965	0.000229453	0.000121336	6.20581e-05	3.07002e-05	1.46907e-05	6.80032e-06	3.04527e-06	1.31936e-06	5.53057e-07	2.24326e-07	8.80484e-08	3.34451e-08	1.22955e-08	4.37523e-09	1.50707e-09	5.02553e-10	1.62251e-10	5.07212e-11	1.53544e-11	4.50149e-12	1.27822e-12	3.51584e-13	9.3685e-14	2.41869e-14	6.0508e-15	1.46703e-15	3.44795e-16	7.85917e-17	1.73915e-17	3.74609e-18	7.91009e-19	1.66981e-19	3.72103e-20	1.00964e-20	4.52678e-21	
N19	7.37387e-07	1.29943e-06	2.89646e-06	6.90437e-06	1.65474e-05	3.8922e-05	8.88138e-05	0.000195326	0.000412384	0.000833599	0.00161034	0.00296879	0.0052175	0.00873327	0.0139122	0.0210783	0.0303566	0.0415375	0.053977	0.0665882	0.0779588	0.0865946	0.0912364	0.0911611	0.0863656	0.0775717	0.0660469	0.0533035	0.0407751	0.0295641	0.0203175	0.0132352	0.00817287	0.00478458	0.00265577	0.00139791	0.000697875	0.000330501	0.000148509	6.33318e-05	2.56381e-05	9.85513e-06	3.59811e-06	1.24811e-06	4.11467e-07	1.28962e-07	3.844e-08	1.09006e-08	2.94182e-09	7.55867e-10	1.8497e-10	4.31269e-11	9.5842e-12	2.03093e-12	4.10525e-13	7.91882e-14	1.45826e-14	2.5647e-15	4.30967e-16	6.92201e-17	1.06311e-17	1.56195e-18	2.19628e-19	2.95712e-20	3.81533e-21	4.72398e-22	5.63342e-23	6.54036e-24	7.6603e-25	1.02801e-25	2.47158e-26	
Scirpus_pendulus	0	0	0	0	0	0	0	0	0	0	0	0	0	0	0	0	0	0	0	1	0	0	0	0	0	0	0	0	0	0	0	0	0	0	0	0	0	0	0	0	0	0	0	0	0	0	0	0	0	0	0	0	0	0	0	0	0	0	0	0	0	0	0	0	0	0	0	0	0	0	0	
N20	4.54481e-21	5.40652e-20	8.3419e-19	1.29334e-17	1.91187e-16	2.64571e-15	3.3953e-14	4.01461e-13	4.3512e-12	4.30435e-11	3.87173e-10	3.15583e-09	2.32349e-08	1.54042e-07	9.16828e-07	4.88396e-06	2.32153e-05	9.81685e-05	0.000368159	0.00122078	0.00356828	0.00916652	0.0206355	0.0405965	0.0696153	0.103811	0.134342	0.150618	0.146108	0.122528	0.0887982	0.05562	0.0301289	0.0141298	0.00574576	0.00202978	0.000624334	0.000167628	3.93936e-05	8.12672e-06	1.47611e-06	2.36793e-07	3.36518e-08	4.24986e-09	4.784e-10	4.81456e-11	4.34451e-12	3.52515e-13	2.57907e-14	1.70589e-15	1.02273e-16	5.5713e-18	2.76424e-19	1.25201e-20	5.18803e-22	1.97094e-23	6.87857e-25	2.2096e-26	6.5453e-28	1.79109e-29	4.53545e-31	1.06452e-32	2.31953e-34	4.6992e-36	8.86474e-38	1.5595e-39	2.5633e-41	3.95224e-43	5.80427e-45	8.76439e-47	2.11014e-48	
N21	6.23363e-30	2.40315e-28	1.35415e-26	7.33791e-25	3.6101e-23	1.58689e-21	6.18725e-20	2.12918e-18	6.43957e-17	1.70502e-15	3.93736e-14	7.9012e-13	1.37285e-11	2.05795e-10	2.65196e-09	2.92727e-08	2.75781e-07	2.20967e-06	1.50043e-05	8.60457e-05	0.000415333	0.00168191	0.00569645	0.0160893	0.0377963	0.073673	0.118912	0.158661	0.174779	0.158823	0.119007	0.0735354	0.0374894	0.0157846	0.00549643	0.00158574	0.000379864	7.57444e-05	1.26067e-05	1.75666e-06	2.05586e-07	2.02756e-08	1.69095e-09	1.19672e-10	7.21297e-12	3.71579e-13	1.64195e-14	6.24566e-16	2.05226e-17	5.84544e-19	1.44811e-20	3.13053e-22	5.92469e-24	9.84704e-26	1.44165e-27	1.86471e-29	2.13699e-31	2.17589e-33	1.97369e-35	1.59903e-37	1.16e-39	7.55324e-42	4.42488e-44	2.33745e-46	1.11585e-48	4.82402e-51	1.89251e-53	6.75079e-56	2.19466e-58	6.5899e-61	2.68409e-63	
N22	1.56986e-31	6.31337e-30	3.86931e-28	2.21879e-26	1.14465e-24	5.28136e-23	2.17238e-21	7.94155e-20	2.57207e-18	7.35616e-17	1.85162e-15	4.08769e-14	7.88653e-13	1.32492e-11	1.93097e-10	2.43215e-09	2.63734e-08	2.45258e-07	1.94839e-06	1.31718e-05	7.54891e-05	0.00036541	0.00148862	0.00508661	0.0145328	0.0346183	0.0685834	0.112766	0.153628	0.173222	0.16155	0.124611	0.0795365	0.0420518	0.0184453	0.00672604	0.00204399	0.000519136	0.000110547	1.9805e-05	2.996e-06	3.84146e-07	4.19115e-08	3.90631e-09	3.12267e-10	2.14947e-11	1.27905e-12	6.60512e-14	2.97136e-15	1.16875e-16	4.03416e-18	1.22623e-19	3.29346e-21	7.842e-23	1.66064e-24	3.13714e-26	5.30254e-28	8.04201e-30	1.09741e-31	1.35096e-33	1.50416e-35	1.51839e-37	1.39294e-39	1.16393e-41	8.87787e-44	6.19432e-46	3.9615e-48	2.32694e-50	1.25925e-52	6.41646e-55	4.72699e-57	
N23	3.03261e-35	1.80717e-33	1.58907e-31	1.28839e-29	9.37514e-28	6.09652e-26	3.53153e-24	1.81632e-22	8.2658e-21	3.31657e-19	1.16894e-17	3.6051e-16	9.68992e-15	2.26044e-13	4.55686e-12	7.90319e-11	1.17385e-09	1.48613e-08	1.59603e-07	1.44695e-06	1.10191e-05	7.01431e-05	0.000371403	0.00162801	0.00588072	0.0174297	0.0422205	0.083296	0.133456	0.173264	0.182017	0.154628	0.106256	0.0591282	0.0266971	0.00980694	0.00294077	0.000722676	0.000146173	2.44487e-05	3.39812e-06	3.94458e-07	3.84377e-08	3.16026e-09	2.2034e-10	1.30928e-11	6.6626e-13	2.91733e-14	1.1042e-15	3.62866e-17	1.03977e-18	2.60852e-20	5.75216e-22	1.11914e-23	1.92807e-25	2.95155e-27	4.02815e-29	4.91664e-31	5.38339e-33	5.30308e-35	4.71297e-37	3.78888e-39	2.76238e-41	1.83094e-43	1.10585e-45	6.09996e-48	3.07964e-50	1.42599e-52	6.07036e-55	2.40924e-57	1.34001e-59	
Scirpus_expansus	0	0	0	0	0	0	0	0	0	0	0	0	0	0	0	0	0	0	0	0	0	0	0	0	0	0	0	0	0	0	0	1	0	0	0	0	0	0	0	0	0	0	0	0	0	0	0	0	0	0	0	0	0	0	0	0	0	0	0	0	0	0	0	0	0	0	0	0	0	0	0	
N24	3.18674e-42	3.79939e-40	6.26613e-38	9.45457e-36	1.28298e-33	1.55993e-31	1.69356e-29	1.63581e-27	1.40034e-25	1.05814e-23	7.02733e-22	4.08316e-20	2.06564e-18	9.05167e-17	3.41694e-15	1.1047e-13	3.0398e-12	7.07227e-11	1.38137e-09	2.24813e-08	3.02411e-07	3.3337e-06	2.9845e-05	0.000214926	0.00123269	0.00557327	0.0196599	0.0535675	0.111696	0.176832	0.211329	0.190073	0.128685	0.065802	0.025569	0.00761239	0.00175318	0.00031558	4.48698e-05	5.09218e-06	4.65969e-07	3.47153e-08	2.12509e-09	1.07814e-10	4.5702e-12	1.63097e-13	4.93501e-15	1.27451e-16	2.82686e-18	5.41618e-20	9.01309e-22	1.30937e-23	1.66853e-25	1.87349e-27	1.86145e-29	1.64311e-31	1.2934e-33	9.11164e-36	5.76388e-38	3.28452e-40	1.69113e-42	7.8899e-45	3.34454e-47	1.29149e-49	4.55414e-52	1.46992e-54	4.35238e-57	1.18475e-59	2.97117e-62	6.92166e-65	2.13338e-67	
Scirpus_sylvaticus	0	0	0	0	0	0	0	0	0	0	0	0	0	0	0	0	0	0	0	0	0	0	0	0	0	0	0	0	0	0	1	0	0	0	0	0	0	0	0	0	0	0	0	0	0	0	0	0	0	0	0	0	0	0	0	0	0	0	0	0	0	0	0	0	0	0	0	0	0	0	0	
Scirpus_microcarpus	0	0	0	0	0	0	0	0	0	0	0	0	0	0	0	0	0	0	0	0	0	0	0	0	0	0	0	0	0	0	0	1	0	0	0	0	0	0	0	0	0	0	0	0	0	0	0	0	0	0	0	0	0	0	0	0	0	0	0	0	0	0	0	0	0	0	0	0	0	0	0	
Scirpus_maximowiczii	0	0	0	0	0	0	0	0	0	0	0	0	0	0	0	0	0	0	0	0	0	0	0	0	0	0	0	0	0	0	0	1	0	0	0	0	0	0	0	0	0	0	0	0	0	0	0	0	0	0	0	0	0	0	0	0	0	0	0	0	0	0	0	0	0	0	0	0	0	0	0	
N25	1.79076e-31	8.90468e-30	6.56049e-28	4.41939e-26	2.6386e-24	1.38963e-22	6.43433e-21	2.61069e-19	9.2512e-18	2.85325e-16	7.63241e-15	1.76448e-13	3.51264e-12	5.99958e-11	8.75943e-10	1.08915e-08	1.14906e-07	1.02483e-06	7.69905e-06	4.8547e-05	0.000256061	0.00112606	0.00411611	0.0124706	0.0312361	0.0645394	0.109794	0.153558	0.17638	0.166282	0.128645	0.0817006	0.0426261	0.0182924	0.00646718	0.00188751	0.00045585	9.13446e-05	1.5232e-05	2.12045e-06	2.47267e-07	2.42382e-08	2.00453e-09	1.40382e-10	8.35658e-12	4.24427e-13	1.84616e-14	6.90324e-16	2.22719e-17	6.22248e-19	1.51085e-20	3.19925e-22	5.92822e-24	9.64474e-26	1.38213e-27	1.75009e-29	1.96401e-31	1.95919e-33	1.7422e-35	1.38483e-37	9.86588e-40	6.31578e-42	3.64209e-44	1.89647e-46	8.93757e-49	3.82068e-51	1.48472e-53	5.25586e-56	1.69888e-58	5.07997e-61	2.0627e-63	
N26	1.09304e-29	3.10071e-28	1.40986e-26	6.07195e-25	2.37509e-23	8.39356e-22	2.67227e-20	7.64294e-19	1.95805e-17	4.47987e-16	9.1249e-15	1.64935e-13	2.63676e-12	3.71549e-11	4.59851e-10	4.9809e-09	4.70424e-08	3.85959e-07	2.74047e-06	1.67763e-05	8.82117e-05	0.00039692	0.00152287	0.00496484	0.0137095	0.0319681	0.0627824	0.10361	0.143422	0.16631	0.161426	0.131128	0.0891777	0.0508247	0.0243113	0.00977997	0.00331696	0.000951181	0.000231365	4.79012e-05	8.47221e-06	1.28497e-06	1.67773e-07	1.89312e-08	1.85337e-09	1.58036e-10	1.1782e-11	7.70862e-13	4.44238e-14	2.26296e-15	1.02248e-16	4.11139e-18	1.47597e-19	4.7453e-21	1.37037e-22	3.56488e-24	8.37679e-26	1.78272e-27	3.44482e-29	6.05872e-31	9.72174e-33	1.42637e-34	1.91768e-36	2.36746e-38	2.68911e-40	2.8157e-42	2.72279e-44	2.43596e-46	2.02128e-48	1.58912e-50	1.91288e-52	
Scirpus_polystachyus	0	0	0	0	0	0	0	0	0	0	0	0	0	0	0	0	0	0	0	0	0	0	0	0	0	0	0	0	0	1	0	0	0	0	0	0	0	0	0	0	0	0	0	0	0	0	0	0	0	0	0	0	0	0	0	0	0	0	0	0	0	0	0	0	0	0	0	0	0	0	0	
Scirpus_cyperinus	0	0	0	0	0	0	0	0	0	0	0	0	0	0	0	0	0	0	0	0	0	0	0	0	0	0	0	0	0	0	0	0	1	0	0	0	0	0	0	0	0	0	0	0	0	0	0	0	0	0	0	0	0	0	0	0	0	0	0	0	0	0	0	0	0	0	0	0	0	0	0	
N27	1.48832e-29	5.08485e-28	2.70195e-26	1.34328e-24	6.00725e-23	2.4032e-21	8.57197e-20	2.71738e-18	7.63048e-17	1.89143e-15	4.12392e-14	7.87977e-13	1.31445e-11	1.9068e-10	2.39581e-09	2.59664e-08	2.41756e-07	1.92544e-06	1.30631e-05	7.51825e-05	0.000365568	0.00149582	0.00513121	0.0147049	0.0350939	0.0695538	0.114218	0.155133	0.174072	0.161278	0.123393	0.0780199	0.0408242	0.0177124	0.00638788	0.00192057	0.000482982	0.00010196	1.81383e-05	2.7301e-06	3.49115e-07	3.80878e-08	3.56009e-09	2.86295e-10	1.98904e-11	1.19872e-12	6.29176e-14	2.8873e-15	1.16283e-16	4.12507e-18	1.29353e-19	3.59773e-21	8.9047e-23	1.96754e-24	3.89279e-26	6.91682e-28	1.10683e-29	1.59939e-31	2.09246e-33	2.48468e-35	2.68431e-37	2.6445e-39	2.381e-41	1.96338e-43	1.4858e-45	1.03391e-47	6.62799e-50	3.92158e-52	2.14634e-54	1.10452e-56	8.25424e-59	
N28	1.83137e-36	1.40836e-34	1.55812e-32	1.58516e-30	1.44697e-28	1.17975e-26	8.55995e-25	5.50612e-23	3.12725e-21	1.56158e-19	6.82468e-18	2.59788e-16	8.56938e-15	2.43612e-13	5.93392e-12	1.23078e-10	2.15944e-09	3.18244e-08	3.90995e-07	3.97285e-06	3.31041e-05	0.000224204	0.00122281	0.00531978	0.0182851	0.0491973	0.102735	0.165304	0.20386	0.192154	0.138439	0.0764579	0.032546	0.0107565	0.00278417	0.000569688	9.30424e-05	1.2246e-05	1.31109e-06	1.15208e-07	8.37985e-09	5.08606e-10	2.59534e-11	1.12136e-12	4.1297e-14	1.30439e-15	3.55421e-17	8.40028e-19	1.73095e-20	3.12466e-22	4.9638e-24	6.969e-26	8.68185e-28	9.63357e-30	9.55539e-32	8.50095e-34	6.80512e-36	4.91671e-38	3.2154e-40	1.90857e-42	1.03093e-44	5.08004e-47	2.28904e-49	9.45298e-52	3.58545e-54	1.25162e-56	4.0291e-59	1.19831e-61	3.29923e-64	8.48844e-67	2.94077e-69	
Eriophorum_virginicum	0	0	0	0	0	0	0	0	0	0	0	0	0	0	0	0	0	0	0	0	0	0	0	0	0	0	0	0	1	0	0	0	0	0	0	0	0	0	0	0	0	0	0	0	0	0	0	0	0	0	0	0	0	0	0	0	0	0	0	0	0	0	0	0	0	0	0	0	0	0	0	
Eriophorum_gracile	0	0	0	0	0	0	0	0	0	0	0	0	0	0	0	0	0	0	0	0	0	0	0	0	0	0	0	0	0	1	0	0	0	0	0	0	0	0	0	0	0	0	0	0	0	0	0	0	0	0	0	0	0	0	0	0	0	0	0	0	0	0	0	0	0	0	0	0	0	0	0	
Eriophorum_angustifolium_subsp_angustifolium	0	0	0	0	0	0	0	0	0	0	0	0	0	0	0	0	0	0	0	0	0	0	0	0	0	0	0	0	1	0	0	0	0	0	0	0	0	0	0	0	0	0	0	0	0	0	0	0	0	0	0	0	0	0	0	0	0	0	0	0	0	0	0	0	0	0	0	0	0	0	0	
Scirpus_radicans	0	0	0	0	0	0	0	0	0	0	0	0	0	0	0	0	0	0	0	0	0	0	0	0	0	0	0	1	0	0	0	0	0	0	0	0	0	0	0	0	0	0	0	0	0	0	0	0	0	0	0	0	0	0	0	0	0	0	0	0	0	0	0	0	0	0	0	0	0	0	0	
Scirpus_divaricatus	0	0	0	0	0	0	0	0	0	0	0	0	0	1	0	0	0	0	0	0	0	0	0	0	0	0	0	0	0	0	0	0	0	0	0	0	0	0	0	0	0	0	0	0	0	0	0	0	0	0	0	0	0	0	0	0	0	0	0	0	0	0	0	0	0	0	0	0	0	0	0	
N29	0.00107535	0.00128246	0.00168889	0.00238022	0.00348479	0.00517514	0.00766125	0.0111705	0.0159107	0.022018	0.0294938	0.0381468	0.0475566	0.0570762	0.0658884	0.0731123	0.0779442	0.0798037	0.0784469	0.0740176	0.0670215	0.0582292	0.0485348	0.0388064	0.0297609	0.0218902	0.0154412	0.0104453	0.00677563	0.00421455	0.00251371	0.0014376	0.000788341	0.000414519	0.000208993	0.000101037	4.68386e-05	2.08213e-05	8.87582e-06	3.62844e-06	1.42253e-06	5.34877e-07	1.92894e-07	6.67232e-08	2.2139e-08	7.04676e-09	2.15179e-09	6.30406e-10	1.77209e-10	4.78001e-11	1.23734e-11	3.07402e-12	7.3303e-13	1.67796e-13	3.68757e-14	7.78131e-15	1.57686e-15	3.06935e-16	5.74026e-17	1.03183e-17	1.78362e-18	2.96731e-19	4.75668e-20	7.36076e-21	1.10266e-21	1.60592e-22	2.28907e-23	3.22881e-24	4.61793e-25	7.30067e-26	1.86966e-26	
N30	0.00136406	0.00164736	0.00220741	0.00315308	0.00463619	0.00684298	0.00997569	0.0142217	0.0197107	0.0264644	0.0343485	0.0430387	0.0520171	0.0606063	0.0680453	0.0735964	0.0766644	0.0769004	0.0742673	0.0690471	0.0617912	0.0532234	0.0441204	0.0351974	0.0270204	0.0199602	0.0141877	0.00970342	0.00638549	0.00404311	0.00246313	0.00144382	0.000814321	0.000441921	0.000230766	0.000115955	5.60678e-05	2.60895e-05	1.16834e-05	5.03552e-06	2.08892e-06	8.34122e-07	3.20627e-07	1.1865e-07	4.22734e-08	1.45024e-08	4.79097e-09	1.52427e-09	4.67089e-10	1.37874e-10	3.92067e-11	1.07419e-11	2.83594e-12	7.2154e-13	1.7694e-13	4.18265e-14	9.5322e-15	2.09465e-15	4.43879e-16	9.07236e-17	1.78874e-17	3.40273e-18	6.24706e-19	1.10735e-19	1.89694e-20	3.14743e-21	5.08752e-22	8.1394e-23	1.34818e-23	2.63645e-24	8.79541e-25	
N31	6.25067e-10	1.90606e-09	8.12805e-09	3.58345e-08	1.51693e-07	6.0501e-07	2.25951e-06	7.87832e-06	2.55935e-05	7.73342e-05	0.000217027	0.000564919	0.00136233	0.00304053	0.00627472	0.0119638	0.0210601	0.0342065	0.051236	0.0707397	0.0899916	0.105451	0.113786	0.113041	0.103377	0.0870189	0.0674196	0.0480783	0.0315595	0.0190713	0.0106113	0.00543737	0.00256655	0.0011163	0.000447545	0.000165454	5.64267e-05	1.77607e-05	5.162e-06	1.38607e-06	3.44032e-07	7.89794e-08	1.67801e-08	3.30152e-09	6.01942e-10	1.01767e-10	1.59652e-11	2.32572e-12	3.14823e-13	3.96295e-14	4.64231e-15	5.06447e-16	5.14926e-17	4.88308e-18	4.32224e-19	3.57371e-20	2.7622e-21	1.99731e-22	1.35212e-23	8.57625e-25	5.10051e-26	2.84639e-27	1.49166e-28	7.34672e-30	3.404e-31	1.48591e-32	6.12887e-34	2.40654e-35	9.18892e-37	3.67381e-38	2.43357e-39	
N32	4.84293e-10	1.43349e-09	6.18345e-09	2.8501e-08	1.28215e-07	5.46452e-07	2.17859e-06	8.07042e-06	2.76677e-05	8.75544e-05	0.000255286	0.000684927	0.00168918	0.00382609	0.00795359	0.0151645	0.0265036	0.0424411	0.0622426	0.0835702	0.102694	0.11547	0.118781	0.11177	0.096203	0.0757426	0.0545526	0.035948	0.0216774	0.0119654	0.00604747	0.00279969	0.00118775	0.000461981	0.000164831	5.39782e-05	1.62341e-05	4.48696e-06	1.14048e-06	2.66775e-07	5.74712e-08	1.14113e-08	2.09e-09	3.53374e-10	5.52023e-11	7.97408e-12	1.06604e-12	1.3201e-13	1.51551e-14	1.61439e-15	1.59709e-16	1.4686e-17	1.25635e-18	1.00076e-19	7.429e-21	5.14391e-22	3.32498e-23	2.0081e-24	1.13409e-25	5.99436e-27	2.96774e-28	1.37738e-29	5.99758e-31	2.45214e-32	9.42147e-34	3.4049e-35	1.15915e-36	3.73169e-38	1.15342e-39	3.69251e-41	2.02935e-42	
N33	1.5022e-11	5.23305e-11	2.93202e-10	1.79402e-09	1.05943e-08	5.81933e-08	2.93802e-07	1.35717e-06	5.72283e-06	2.19955e-05	7.69638e-05	0.000244915	0.000708135	0.00185871	0.00442547	0.00955081	0.0186709	0.0330424	0.0529091	0.0766197	0.100308	0.11868	0.126874	0.122532	0.106903	0.0842545	0.0599943	0.0386029	0.0224512	0.0118065	0.00561621	0.00241783	0.000942567	0.000332947	0.000106638	3.09916e-05	8.17931e-06	1.96197e-06	4.28104e-07	8.50518e-08	1.53994e-08	2.54349e-09	3.83611e-10	5.2884e-11	6.67071e-12	7.70697e-13	8.16414e-14	7.93792e-15	7.09135e-16	5.82683e-17	4.40831e-18	3.07399e-19	1.97777e-20	1.17528e-21	6.4572e-23	3.28344e-24	1.54679e-25	6.75752e-27	2.74047e-28	1.03269e-29	3.61941e-31	1.18098e-32	3.59084e-34	1.01834e-35	2.69611e-37	6.66982e-39	1.54322e-40	3.34373e-42	6.81857e-44	1.37353e-45	4.76188e-47	
N34	8.52247e-10	2.12577e-09	8.17692e-09	3.5483e-08	1.52614e-07	6.22347e-07	2.37083e-06	8.39313e-06	2.75523e-05	8.37719e-05	0.000235718	0.00061341	0.0014754	0.00327818	0.00672505	0.012732	0.0222358	0.0358097	0.0531613	0.0727305	0.0916781	0.106455	0.113857	0.112156	0.101753	0.0850255	0.065444	0.0464059	0.0303213	0.0182601	0.0101384	0.0051916	0.00245285	0.00106972	0.000430837	0.000160333	5.51631e-05	1.75569e-05	5.17239e-06	1.41146e-06	3.57007e-07	8.37573e-08	1.824e-08	3.68982e-09	6.93905e-10	1.21408e-10	1.97782e-11	3.00239e-12	4.25052e-13	5.61645e-14	6.93237e-15	7.99939e-16	8.63659e-17	8.7316e-18	8.27305e-19	7.35208e-20	6.13306e-21	4.80636e-22	3.54138e-23	2.45521e-24	1.60289e-25	9.86168e-27	5.72221e-28	3.13379e-29	1.62104e-30	7.92616e-32	3.66656e-33	1.60777e-34	6.75369e-36	2.94768e-37	2.40515e-38	
Carex_eburnea	0	0	0	0	0	0	0	0	0	0	0	0	0	0	0	0	0	0	0	0	0	0	0	0	0	0	1	0	0	0	0	0	0	0	0	0	0	0	0	0	0	0	0	0	0	0	0	0	0	0	0	0	0	0	0	0	0	0	0	0	0	0	0	0	0	0	0	0	0	0	0	
Carex_cruciata	0	0	0	0	0	0	0	0	0	0	0	0	0	0	0	0	0	0	0	0	1	0	0	0	0	0	0	0	0	0	0	0	0	0	0	0	0	0	0	0	0	0	0	0	0	0	0	0	0	0	0	0	0	0	0	0	0	0	0	0	0	0	0	0	0	0	0	0	0	0	0	
N35	5.81065e-18	6.50015e-17	1.13346e-15	1.95249e-14	3.06142e-13	4.28283e-12	5.30939e-11	5.81157e-10	5.60106e-09	4.74097e-08	3.51566e-07	2.27839e-06	1.28733e-05	6.32658e-05	0.000269825	0.000996507	0.00318031	0.00875421	0.0207473	0.0422696	0.0739326	0.110894	0.142521	0.156857	0.147796	0.119223	0.0823628	0.0487557	0.0247523	0.0107891	0.00404316	0.00130467	0.000363146	8.73569e-05	1.81987e-05	3.29042e-06	5.17503e-07	7.09641e-08	8.5048e-09	8.92975e-10	8.23425e-11	6.68469e-12	4.78928e-13	3.0356e-14	1.70627e-15	8.52538e-17	3.79538e-18	1.50895e-19	5.36966e-21	1.7141e-22	4.91906e-24	1.27175e-25	2.9682e-27	6.26658e-29	1.19913e-30	2.08369e-32	3.29411e-34	4.74646e-36	6.24446e-38	7.51379e-40	8.283e-42	8.37889e-44	7.79007e-46	6.66683e-48	5.25979e-50	3.83107e-52	2.57983e-54	1.60849e-56	9.31152e-59	5.13223e-61	4.19331e-63	
N36	1.69897e-20	3.07134e-19	8.75282e-18	2.34402e-16	5.53911e-15	1.14308e-13	2.05193e-12	3.19423e-11	4.2995e-10	4.9896e-09	4.97813e-08	4.25793e-07	3.11363e-06	1.9414e-05	0.000102951	0.000463194	0.00176409	0.00567543	0.015395	0.0351521	0.0674693	0.108732	0.147011	0.166669	0.158408	0.126231	0.0843713	0.0473344	0.0223124	0.00884831	0.00295653	0.000833834	0.000198888	4.02075e-05	6.90528e-06	1.00994e-06	1.26114e-07	1.34815e-08	1.23709e-09	9.77137e-11	6.66228e-12	3.93213e-13	2.01465e-14	8.98598e-16	3.49898e-17	1.19271e-18	3.56892e-20	9.39992e-22	2.18501e-23	4.49425e-25	8.20069e-27	1.33082e-28	1.92544e-30	2.48955e-32	2.88341e-34	2.9983e-36	2.80536e-38	2.36694e-40	1.80459e-42	1.24582e-44	7.80323e-47	4.44303e-49	2.304e-51	1.09013e-53	4.71445e-56	1.86678e-58	6.77936e-61	2.26173e-63	6.94778e-66	1.99662e-68	7.84739e-71	
N37	1.60814e-21	3.76258e-20	1.36559e-18	4.53326e-17	1.30805e-15	3.2554e-14	6.96248e-13	1.27565e-11	1.99616e-10	2.65993e-09	3.00954e-08	2.88314e-07	2.33235e-06	1.58911e-05	9.09654e-05	0.000436474	0.00175174	0.00586899	0.0163864	0.0380686	0.0734956	0.117793	0.156606	0.17263	0.157742	0.11949	0.0750614	0.0391264	0.0169386	0.00609723	0.00182743	0.000456779	9.53952e-05	1.66796e-05	2.44708e-06	3.01957e-07	3.14175e-08	2.76359e-09	2.06083e-10	1.3065e-11	7.06203e-13	3.26424e-14	1.29408e-15	4.41336e-17	1.29871e-18	3.30743e-20	7.31142e-22	1.40712e-23	2.36457e-25	3.47948e-27	4.49627e-29	5.11659e-31	5.14144e-33	4.57434e-35	3.61284e-37	2.53955e-39	1.5927e-41	8.9338e-44	4.49252e-46	2.03e-48	8.26087e-51	3.03406e-53	1.00788e-55	3.03437e-58	8.29606e-61	2.06375e-63	4.67995e-66	9.69202e-69	1.83649e-71	3.207e-74	7.15968e-77	
N38	3.33978e-17	3.8491e-16	6.82571e-15	1.20091e-13	1.91173e-12	2.69025e-11	3.32075e-10	3.58063e-09	3.36176e-08	2.74025e-07	1.93386e-06	1.17844e-05	6.18457e-05	0.000278832	0.00107737	0.00355945	0.0100337	0.0240841	0.0491362	0.0850689	0.124805	0.154983	0.16276	0.144467	0.108348	0.0686622	0.0367805	0.0166654	0.00639359	0.00207958	0.000574383	0.000134969	2.70391e-05	4.62898e-06	6.789e-07	8.55289e-08	9.28154e-09	8.70127e-10	7.06784e-11	4.98927e-12	3.07009e-13	1.65175e-14	7.79347e-16	3.23452e-17	1.18431e-18	3.83671e-20	1.10289e-21	2.82092e-23	6.43758e-25	1.31425e-26	2.40645e-28	3.96195e-30	5.87938e-32	7.88259e-34	9.57005e-36	1.05446e-37	1.05668e-39	9.65075e-42	8.04914e-44	6.14261e-46	4.2972e-48	2.76081e-50	1.6318e-52	8.88818e-55	4.46877e-57	2.07722e-59	8.94068e-62	3.56921e-64	1.32605e-66	4.69973e-69	2.35311e-71	
Carex_richardsonii	0	0	0	0	0	0	0	0	0	0	0	0	0	0	0	0	0	0	0	0	0	0	0	0	0	1	0	0	0	0	0	0	0	0	0	0	0	0	0	0	0	0	0	0	0	0	0	0	0	0	0	0	0	0	0	0	0	0	0	0	0	0	0	0	0	0	0	0	0	0	0	
N39	1.84426e-12	1.17129e-11	1.06281e-10	9.62108e-10	8.06816e-09	6.11058e-08	4.12901e-07	2.47188e-06	1.30516e-05	6.05805e-05	0.00024655	0.000877827	0.00272886	0.00739323	0.0174277	0.0356895	0.0634061	0.0976075	0.130058	0.149871	0.149254	0.128401	0.0953977	0.0612127	0.0339303	0.0162553	0.0067359	0.00241671	0.000751664	0.000202972	4.76644e-05	9.75249e-06	1.74217e-06	2.72318e-07	3.73316e-08	4.4993e-09	4.7793e-10	4.48582e-11	3.72992e-12	2.75464e-13	1.81163e-14	1.06374e-15	5.5908e-17	2.63683e-18	1.11877e-19	4.28059e-21	1.4805e-22	4.63936e-24	1.3202e-25	3.41904e-27	8.07571e-29	1.74329e-30	3.44621e-32	6.25091e-34	1.0423e-35	1.60057e-37	2.26759e-39	2.9689e-41	3.5982e-43	4.04322e-45	4.2188e-47	4.09372e-49	3.69948e-51	3.11789e-53	2.45394e-55	1.806e-57	1.24442e-59	8.03833e-62	4.87747e-64	2.83641e-66	2.4797e-68	
Carex_capillaris	0	0	0	0	0	0	0	0	1	0	0	0	0	0	0	0	0	0	0	0	0	0	0	0	0	0	0	0	0	0	0	0	0	0	0	0	0	0	0	0	0	0	0	0	0	0	0	0	0	0	0	0	0	0	0	0	0	0	0	0	0	0	0	0	0	0	0	0	0	0	0	
Carex_baccans	0	0	0	0	0	0	0	0	0	0	0	0	0	0	0	0	0	0	0	0	0	0	1	0	0	0	0	0	0	0	0	0	0	0	0	0	0	0	0	0	0	0	0	0	0	0	0	0	0	0	0	0	0	0	0	0	0	0	0	0	0	0	0	0	0	0	0	0	0	0	0	
N40	1.96789e-20	2.80604e-19	6.25389e-18	1.35952e-16	2.6856e-15	4.74049e-14	7.4307e-13	1.03054e-11	1.26071e-10	1.35655e-09	1.28028e-08	1.05686e-07	7.61011e-07	4.76727e-06	2.59145e-05	0.000121941	0.000495557	0.00173563	0.00522884	0.0135272	0.0300084	0.0570163	0.0927022	0.128901	0.153237	0.15574	0.135357	0.100655	0.0640911	0.0349796	0.016384	0.00659529	0.00228537	0.000682899	0.000176304	3.94058e-05	7.64152e-06	1.28852e-06	1.89367e-07	2.43135e-08	2.73389e-09	2.69883e-10	2.34486e-11	1.79761e-12	1.21902e-13	7.33075e-15	3.91923e-16	1.86743e-17	7.94963e-19	3.03082e-20	1.03734e-21	3.19478e-23	8.87405e-25	2.22811e-26	5.06799e-28	1.04653e-29	1.966e-31	3.36679e-33	5.26631e-35	7.53849e-37	9.89373e-39	1.19266e-40	1.32287e-42	1.35238e-44	1.27637e-46	1.11389e-48	9.00283e-51	6.74963e-53	4.70901e-55	3.14721e-57	3.19995e-59	
Carex_granularis	0	0	0	0	0	0	0	0	0	0	0	0	0	0	0	0	0	0	0	0	1	0	0	0	0	0	0	0	0	0	0	0	0	0	0	0	0	0	0	0	0	0	0	0	0	0	0	0	0	0	0	0	0	0	0	0	0	0	0	0	0	0	0	0	0	0	0	0	0	0	0	
N41	6.58204e-29	1.52298e-27	5.64556e-26	2.02528e-24	6.65414e-23	1.98487e-21	5.35838e-20	1.30598e-18	2.86695e-17	5.65509e-16	9.99838e-15	1.58054e-13	2.22823e-12	2.79426e-11	3.10871e-10	3.06011e-09	2.65804e-08	2.03173e-07	1.36286e-06	8.00039e-06	4.09865e-05	0.000182739	0.000707113	0.00236825	0.00684684	0.0170432	0.0364359	0.066744	0.104535	0.139712	0.159077	0.154097	0.126872	0.0887288	0.0527003	0.026591	0.0114064	0.00416451	0.00129624	0.000344661	7.84722e-05	1.53401e-05	2.58236e-06	3.75542e-07	4.73371e-08	5.18965e-09	4.96579e-10	4.16181e-11	3.06581e-12	1.99199e-13	1.14549e-14	5.84934e-16	2.66103e-17	1.0819e-18	3.94319e-20	1.29214e-21	3.81776e-23	1.01983e-24	2.46954e-26	5.43455e-28	1.0895e-29	1.99441e-31	3.34118e-33	5.13349e-35	7.2485e-37	9.42464e-39	1.13055e-40	1.25352e-42	1.28841e-44	1.26003e-46	1.9357e-48	
Carex_pseudocyperus	0	0	0	0	0	0	0	0	0	0	0	0	0	0	0	0	0	0	0	0	0	0	0	0	0	0	0	0	0	0	0	0	1	0	0	0	0	0	0	0	0	0	0	0	0	0	0	0	0	0	0	0	0	0	0	0	0	0	0	0	0	0	0	0	0	0	0	0	0	0	0	
Carex_oligosperma	0	0	0	0	0	0	0	0	0	0	0	0	0	0	0	0	0	0	0	0	0	0	0	0	0	0	0	0	0	0	0	0	0	0	0	0	0	1	0	0	0	0	0	0	0	0	0	0	0	0	0	0	0	0	0	0	0	0	0	0	0	0	0	0	0	0	0	0	0	0	0	
N42	1.28599e-16	8.97346e-16	1.06581e-14	1.29502e-13	1.45812e-12	1.49295e-11	1.38307e-10	1.1563e-09	8.70599e-09	5.89136e-08	3.5761e-07	1.94339e-06	9.43725e-06	4.08755e-05	0.000157631	0.000540312	0.00164351	0.00442976	0.010565	0.0222693	0.0414406	0.0680185	0.0983989	0.125393	0.140708	0.139011	0.120912	0.0926143	0.062495	0.0371728	0.0195052	0.00903689	0.00370088	0.00134134	0.000430835	0.000122818	3.11225e-05	7.02225e-06	1.41326e-06	2.54156e-07	4.09182e-08	5.90872e-09	7.66774e-10	8.95946e-11	9.44461e-12	8.99954e-13	7.76666e-14	6.08222e-15	4.33045e-16	2.80844e-17	1.66212e-18	8.99326e-20	4.45662e-21	2.02623e-22	8.46663e-24	3.25685e-25	1.1552e-26	3.78428e-28	1.1467e-29	3.21891e-31	8.38308e-33	2.02839e-34	4.56625e-36	9.5766e-38	1.87361e-39	3.42387e-41	5.85157e-43	9.3661e-45	1.40956e-46	2.07457e-48	5.09354e-50	
Carex_pallescens	0	0	0	0	0	0	0	0	0	0	0	0	0	0	0	0	0	0	0	0	0	0	0	0	0	0	0	0	0	0	0	1	0	0	0	0	0	0	0	0	0	0	0	0	0	0	0	0	0	0	0	0	0	0	0	0	0	0	0	0	0	0	0	0	0	0	0	0	0	0	0	
Carex_albursina	0	0	0	0	0	0	0	0	0	0	0	0	0	0	0	0	0	0	0	0	0	1	0	0	0	0	0	0	0	0	0	0	0	0	0	0	0	0	0	0	0	0	0	0	0	0	0	0	0	0	0	0	0	0	0	0	0	0	0	0	0	0	0	0	0	0	0	0	0	0	0	
N43	3.88995e-17	3.30535e-16	4.7246e-15	6.75118e-14	8.80908e-13	1.03247e-11	1.08207e-10	1.01156e-09	8.41776e-09	6.22316e-08	4.07943e-07	2.36673e-06	1.21301e-05	5.48254e-05	0.000218158	0.000763022	0.00234226	0.00630184	0.0148421	0.0305661	0.054991	0.0863598	0.118314	0.141344	0.147209	0.133654	0.105797	0.0730385	0.0439979	0.0231422	0.0106374	0.00427717	0.00150613	0.000465055	0.000126093	3.00657e-05	6.31452e-06	1.17011e-06	1.91643e-07	2.77919e-08	3.57528e-09	4.08779e-10	4.16185e-11	3.78043e-12	3.06972e-13	2.23256e-14	1.45712e-15	8.55097e-17	4.52059e-18	2.15703e-19	9.30713e-21	3.63809e-22	1.29068e-23	4.1632e-25	1.2231e-26	3.27848e-28	8.03134e-30	1.80105e-31	3.70326e-33	6.99279e-35	1.21449e-36	1.94296e-38	2.86749e-40	3.90955e-42	4.93111e-44	5.76167e-46	6.24501e-48	6.28956e-50	5.91323e-52	5.37806e-54	7.57811e-56	
Carex_pendula	0	0	0	0	0	0	0	0	0	0	0	0	0	0	0	0	0	0	0	0	0	0	0	0	0	0	0	0	1	0	0	0	0	0	0	0	0	0	0	0	0	0	0	0	0	0	0	0	0	0	0	0	0	0	0	0	0	0	0	0	0	0	0	0	0	0	0	0	0	0	0	
N44	2.53979e-16	1.90724e-15	2.33485e-14	2.91344e-13	3.36369e-12	3.51458e-11	3.30178e-10	2.78053e-09	2.09438e-08	1.40821e-07	8.43602e-07	4.49423e-06	2.12539e-05	8.9069e-05	0.000330216	0.00108134	0.00312308	0.00794441	0.0177772	0.034955	0.060338	0.0913625	0.121276	0.141066	0.143748	0.128318	0.100353	0.0687807	0.041334	0.0217943	0.010091	0.00410692	0.00147088	0.000464171	0.000129247	3.18025e-05	6.92623e-06	1.3374e-06	2.29358e-07	3.49984e-08	4.76067e-09	5.7836e-10	6.28743e-11	6.1282e-12	5.36563e-13	4.22844e-14	3.00505e-15	1.9296e-16	1.12165e-17	5.91339e-19	2.83276e-20	1.23529e-21	4.91242e-23	1.78464e-24	5.93315e-26	1.80814e-27	5.05947e-29	1.30199e-30	3.08617e-32	6.74856e-34	1.36343e-35	2.54867e-37	4.41444e-39	7.09446e-41	1.05932e-42	1.47155e-44	1.90424e-46	2.29882e-48	2.59942e-50	2.85965e-52	5.05624e-54	
Carex_hostiana	0	0	0	0	0	0	0	0	0	0	0	0	0	0	0	0	0	0	0	0	0	0	0	0	0	0	0	1	0	0	0	0	0	0	0	0	0	0	0	0	0	0	0	0	0	0	0	0	0	0	0	0	0	0	0	0	0	0	0	0	0	0	0	0	0	0	0	0	0	0	0	
Carex_echinochloe	0	0	0	0	0	0	0	0	0	0	0	0	0	0	0	0	0	0	0	0	1	0	0	0	0	0	0	0	0	0	0	0	0	0	0	0	0	0	0	0	0	0	0	0	0	0	0	0	0	0	0	0	0	0	0	0	0	0	0	0	0	0	0	0	0	0	0	0	0	0	0	
Carex_dissitiflora	0	0	0	0	0	0	0	0	0	0	0	0	0	0	0	0	0	0	1	0	0	0	0	0	0	0	0	0	0	0	0	0	0	0	0	0	0	0	0	0	0	0	0	0	0	0	0	0	0	0	0	0	0	0	0	0	0	0	0	0	0	0	0	0	0	0	0	0	0	0	0	
N45	2.75756e-11	8.28839e-11	3.94318e-10	2.0854e-09	1.08185e-08	5.29041e-08	2.40712e-07	1.01414e-06	3.94747e-06	1.41765e-05	4.69241e-05	0.000143023	0.000401103	0.00103425	0.00245033	0.00533081	0.0106437	0.0194943	0.032738	0.0503911	0.0710673	0.0918068	0.108609	0.117643	0.116657	0.105891	0.0879824	0.0669144	0.0465855	0.0296914	0.0173268	0.00925959	0.0045326	0.00203283	0.000835568	0.000314877	0.000108828	3.45116e-05	1.00463e-05	2.6858e-06	6.59764e-07	1.49e-07	3.0954e-08	5.91878e-09	1.04233e-09	1.69163e-10	2.53178e-11	3.49668e-12	4.4596e-13	5.25597e-14	5.72846e-15	5.77787e-16	5.39714e-17	4.6725e-18	3.7519e-19	2.7964e-20	1.93609e-21	1.24612e-22	7.46166e-24	4.15994e-25	2.16095e-26	1.04675e-27	4.73168e-29	1.9975e-30	7.88113e-32	2.90839e-33	1.00472e-34	3.25423e-36	9.96166e-38	3.08017e-39	1.70471e-40	
N46	4.45575e-14	1.74722e-13	1.13416e-12	8.01771e-12	5.46818e-11	3.48582e-10	2.0589e-09	1.12349e-08	5.65608e-08	2.62469e-07	1.12181e-06	4.4129e-06	1.5966e-05	5.30945e-05	0.000162187	0.000454818	0.00117024	0.0027612	0.00597174	0.0118329	0.021473	0.0356743	0.0542426	0.0754631	0.0960384	0.111789	0.118999	0.115839	0.103116	0.0839399	0.0624919	0.042555	0.0265113	0.0151136	0.0078865	0.00376811	0.00164911	0.000661365	0.000243165	8.20059e-05	2.53808e-05	7.2132e-06	1.88354e-06	4.52193e-07	9.98752e-08	2.03084e-08	3.80439e-09	6.57056e-10	1.04701e-10	1.54052e-11	2.09451e-12	2.63356e-13	3.06477e-14	3.30366e-15	3.30136e-16	3.06087e-17	2.63517e-18	2.10836e-19	1.56896e-20	1.08685e-21	7.0142e-23	4.22077e-24	2.3701e-25	1.24297e-26	6.09289e-28	2.79395e-29	1.19969e-30	4.83359e-32	1.84595e-33	7.20707e-35	5.12743e-36	
N47	2.29942e-19	1.87434e-18	2.56177e-17	3.57845e-16	4.66111e-15	5.55364e-14	6.02053e-13	5.92486e-12	5.28527e-11	4.26832e-10	3.11702e-09	2.05604e-08	1.22367e-07	6.56441e-07	3.171e-06	1.37805e-05	5.38299e-05	0.000188852	0.000594619	0.00167911	0.00424998	0.00963674	0.0195667	0.035562	0.0578382	0.0841613	0.109553	0.127566	0.132878	0.123833	0.103266	0.0770792	0.0515131	0.0308371	0.0165427	0.00795696	0.00343359	0.00133011	0.000462878	0.000144812	4.07609e-05	1.0331e-05	2.35979e-06	4.86218e-07	9.04518e-08	1.52073e-08	2.31292e-09	3.18557e-10	3.97722e-11	4.50604e-12	4.63768e-13	4.34077e-14	3.6989e-15	2.87275e-16	2.03577e-17	1.31782e-18	7.80132e-20	4.22822e-21	2.10046e-22	9.57491e-24	4.00965e-25	1.54426e-26	5.476e-28	1.7899e-29	5.39906e-31	1.50489e-32	3.88375e-34	9.32457e-36	2.11868e-37	4.91636e-39	1.8306e-40	
N48	1.1208e-44	4.21988e-43	2.28347e-41	1.24434e-39	6.48724e-38	3.1806e-36	1.45696e-34	6.21698e-33	2.46666e-31	9.08641e-30	3.10326e-28	9.81246e-27	2.86844e-25	7.74061e-24	1.92531e-22	4.40684e-21	9.26696e-20	1.78724e-18	3.15564e-17	5.09143e-16	7.49197e-15	1.0034e-13	1.22055e-12	1.34548e-11	1.341e-10	1.20549e-09	9.74924e-09	7.07459e-08	4.59353e-07	2.66099e-06	1.37112e-05	6.26428e-05	0.000252935	0.00089953	0.00280791	0.00766602	0.0182398	0.0376863	0.0673804	0.103897	0.137728	0.15651	0.152085	0.126124	0.0891354	0.0536412	0.0274843	0.0119963	0.00446597	0.00142066	0.000387092	9.06023e-05	1.82762e-05	3.18859e-06	4.82966e-07	6.37572e-08	7.36466e-09	7.47309e-10	6.68756e-11	5.29803e-12	3.72956e-13	2.3413e-14	1.31529e-15	6.63426e-17	3.01409e-18	1.2372e-19	4.60188e-21	1.55629e-22	4.82547e-24	1.45999e-25	7.71465e-27	
Uncinia_uncinata	0	0	0	0	0	0	0	0	0	0	0	0	0	0	0	0	0	0	0	0	0	0	0	0	0	0	0	0	0	0	0	0	0	0	0	0	0	0	0	0	0	0	0	1	0	0	0	0	0	0	0	0	0	0	0	0	0	0	0	0	0	0	0	0	0	0	0	0	0	0	0	
Uncinia_phleoides	0	0	0	0	0	0	0	0	0	0	0	0	0	0	0	0	0	0	0	0	0	0	0	0	0	0	0	0	0	0	0	0	0	0	0	0	0	0	0	0	0	0	0	0	0	0	0	1	0	0	0	0	0	0	0	0	0	0	0	0	0	0	0	0	0	0	0	0	0	0	0	
N49	1.53807e-18	1.27595e-17	1.70703e-16	2.34546e-15	3.01334e-14	3.53349e-13	3.75303e-12	3.59931e-11	3.11125e-10	2.42066e-09	1.69313e-08	1.06345e-07	5.99153e-07	3.0249e-06	1.36712e-05	5.52619e-05	0.000199612	0.000643775	0.00185244	0.00475245	0.010864	0.0221168	0.0400789	0.0646245	0.0926897	0.118227	0.134088	0.135212	0.121226	0.0966434	0.0685192	0.0432137	0.0242514	0.0121151	0.00538999	0.00213674	0.000755223	0.000238144	6.7043e-05	1.68637e-05	3.79306e-06	7.63563e-07	1.37693e-07	2.22644e-08	3.23125e-09	4.21348e-10	4.94177e-11	5.21881e-12	4.96814e-13	4.26822e-14	3.31309e-15	2.32631e-16	1.47935e-17	8.53024e-19	4.46552e-20	2.12487e-21	9.20182e-23	3.63105e-24	1.30719e-25	4.29864e-27	1.29282e-28	3.56029e-30	8.98886e-32	2.08313e-33	4.43649e-35	8.69345e-37	1.56934e-38	2.61438e-40	4.04314e-42	6.07722e-44	1.48285e-45	
N50	3.13677e-16	2.01503e-15	1.98233e-14	2.04338e-13	2.00461e-12	1.81556e-11	1.50211e-10	1.13041e-09	7.72006e-09	4.77699e-08	2.67449e-07	1.35311e-06	6.17879e-06	2.54363e-05	9.42987e-05	0.000314486	0.000942568	0.0025365	0.00612345	0.0132512	0.0256866	0.0445737	0.0692052	0.0960931	0.119285	0.132344	0.131214	0.116248	0.0920312	0.0651154	0.0411843	0.0232928	0.0117851	0.00533686	0.00216442	0.000786675	0.000256434	7.50319e-05	1.97242e-05	4.66292e-06	9.9236e-07	1.90329e-07	3.29351e-08	5.14805e-09	7.27758e-10	9.31613e-11	1.0813e-11	1.13941e-12	1.0915e-13	9.51808e-15	7.56569e-16	5.4892e-17	3.64019e-18	2.20944e-19	1.22906e-20	6.27464e-22	2.94379e-23	1.2709e-24	5.05557e-26	1.85547e-27	6.29105e-29	1.97301e-30	5.73084e-32	1.54357e-33	3.85992e-35	8.9722e-37	1.94096e-38	3.91419e-40	7.40237e-42	1.38233e-43	4.36767e-45	
Carex_pauciflora	0	0	0	0	0	0	0	0	0	0	0	0	0	0	0	0	0	0	1	0	0	0	0	0	0	0	0	0	0	0	0	0	0	0	0	0	0	0	0	0	0	0	0	0	0	0	0	0	0	0	0	0	0	0	0	0	0	0	0	0	0	0	0	0	0	0	0	0	0	0	0	
Carex_leptalea_subsp_leptalea	0	0	0	0	0	0	0	0	0	0	0	0	0	0	0	0	0	0	0	0	0	0	0	0	0	1	0	0	0	0	0	0	0	0	0	0	0	0	0	0	0	0	0	0	0	0	0	0	0	0	0	0	0	0	0	0	0	0	0	0	0	0	0	0	0	0	0	0	0	0	0	
Carex_capitata	0	0	0	0	0	0	0	0	0	0	0	0	0	0	0	0	0	0	0	0	0	0	0	0	1	0	0	0	0	0	0	0	0	0	0	0	0	0	0	0	0	0	0	0	0	0	0	0	0	0	0	0	0	0	0	0	0	0	0	0	0	0	0	0	0	0	0	0	0	0	0	
N51	1.5861e-14	5.51768e-14	3.20167e-13	2.06803e-12	1.30703e-11	7.80951e-11	4.37099e-10	2.28516e-09	1.11453e-08	5.06682e-08	2.14551e-07	8.45627e-07	3.10018e-06	1.05651e-05	3.34476e-05	9.83101e-05	0.000268113	0.000678086	0.00158953	0.00345186	0.00694124	0.0129192	0.0222473	0.0354333	0.0521796	0.0710282	0.0893519	0.103859	0.111529	0.110639	0.101387	0.0858257	0.0671181	0.0484949	0.0323783	0.0199803	0.0113985	0.00601334	0.00293465	0.00132535	0.000554143	0.000214599	7.7012e-05	2.56239e-05	7.90911e-06	2.266e-06	6.02988e-07	1.49124e-07	3.42977e-08	7.34096e-09	1.46323e-09	2.71802e-10	4.70854e-11	7.6126e-12	1.14951e-12	1.62239e-13	2.14183e-14	2.64687e-15	3.06427e-16	3.32585e-17	3.38678e-18	3.23826e-19	2.90942e-20	2.4581e-21	1.95444e-22	1.46363e-23	1.03359e-24	6.90689e-26	4.44504e-27	3.06093e-28	3.97637e-29	
Kobresia_myosuroides	0	0	0	0	0	0	0	0	0	0	0	0	0	0	0	0	0	0	0	0	0	0	0	0	0	0	0	0	1	0	0	0	0	0	0	0	0	0	0	0	0	0	0	0	0	0	0	0	0	0	0	0	0	0	0	0	0	0	0	0	0	0	0	0	0	0	0	0	0	0	0	
Kobresia_simpliciuscula	0	0	0	0	0	0	0	0	0	0	0	0	0	0	0	0	0	0	0	0	0	0	0	0	0	0	0	0	0	0	0	0	0	0	1	0	0	0	0	0	0	0	0	0	0	0	0	0	0	0	0	0	0	0	0	0	0	0	0	0	0	0	0	0	0	0	0	0	0	0	0	
N52	1.16598e-11	4.01677e-11	2.00084e-10	1.06763e-09	5.60032e-09	2.79439e-08	1.30667e-07	5.68356e-07	2.29028e-06	8.52907e-06	2.93047e-05	9.27773e-05	0.000270369	0.000724567	0.00178415	0.0040334	0.00836506	0.0159045	0.0277036	0.0441832	0.0644826	0.0860751	0.105045	0.117161	0.119391	0.111135	0.0944848	0.0733634	0.0520255	0.0336993	0.0199424	0.0107846	0.00533157	0.00241056	0.000997259	0.000377725	0.000131068	4.16939e-05	1.21683e-05	3.2607e-06	8.02942e-07	1.81857e-07	3.79177e-08	7.28501e-09	1.29095e-09	2.11206e-10	3.19337e-11	4.46659e-12	5.78529e-13	6.946e-14	7.73832e-15	8.00756e-16	7.70429e-17	6.89889e-18	5.75535e-19	4.47753e-20	3.25164e-21	2.20638e-22	1.4002e-23	8.31827e-25	4.63035e-26	2.41728e-27	1.18457e-28	5.45382e-30	2.36114e-31	9.62064e-33	3.69316e-34	1.33864e-35	4.63164e-37	1.65148e-38	1.06291e-39	
Carex_gibba	0	0	0	0	0	0	0	0	0	0	0	0	0	0	0	0	1	0	0	0	0	0	0	0	0	0	0	0	0	0	0	0	0	0	0	0	0	0	0	0	0	0	0	0	0	0	0	0	0	0	0	0	0	0	0	0	0	0	0	0	0	0	0	0	0	0	0	0	0	0	0	
N53	6.37172e-19	5.77693e-18	8.27716e-17	1.20701e-15	1.64893e-14	2.06301e-13	2.34397e-12	2.40857e-11	2.23226e-10	1.86187e-09	1.39476e-08	9.36588e-08	5.6269e-07	3.01888e-06	1.44367e-05	6.14253e-05	0.000232115	0.000777644	0.00230598	0.00604277	0.0139725	0.0284691	0.0510501	0.0804766	0.111428	0.135413	0.144355	0.134949	0.110619	0.0795165	0.0501413	0.0277507	0.0134899	0.005765	0.00216826	0.000718596	0.000210142	5.4305e-05	1.24209e-05	2.51872e-06	4.53596e-07	7.26768e-08	1.03789e-08	1.32353e-09	1.50994e-10	1.54396e-11	1.41766e-12	1.17107e-13	8.71902e-15	5.86166e-16	3.56473e-17	1.96455e-18	9.82851e-20	4.47149e-21	1.85307e-22	7.00695e-24	2.42141e-25	7.65952e-27	2.22129e-28	5.91483e-30	1.4483e-31	3.26574e-33	6.79098e-35	1.3041e-36	2.3158e-38	3.80785e-40	5.80515e-42	8.21795e-44	1.08505e-45	1.39218e-47	2.90048e-49	
N54	3.32497e-23	3.73743e-22	7.10832e-21	1.36132e-19	2.42557e-18	3.96723e-17	5.93436e-16	8.10105e-15	1.00732e-13	1.13876e-12	1.16818e-11	1.08533e-10	9.11457e-10	6.90522e-09	4.70997e-08	2.88662e-07	1.58644e-06	7.80288e-06	3.42789e-05	0.000134245	0.000467787	0.0014477	0.00397217	0.00964662	0.0207037	0.039213	0.0654591	0.0962027	0.12436	0.141297	0.141031	0.123622	0.0951562	0.0643276	0.0382063	0.0199481	0.00916307	0.00370673	0.00132211	0.000416358	0.000115946	2.85993e-05	6.25969e-06	1.21807e-06	2.11143e-07	3.26709e-08	4.52205e-09	5.61088e-10	6.25434e-11	6.27662e-12	5.68328e-13	4.65296e-14	3.45171e-15	2.32498e-16	1.42485e-17	7.96086e-19	4.06293e-20	1.89775e-21	8.12774e-23	3.19757e-24	1.1576e-25	3.86302e-27	1.19029e-28	3.39186e-30	8.95288e-32	2.19224e-33	4.98726e-35	1.05583e-36	2.08903e-38	4.03628e-40	1.33756e-41	
Carex_radiata	0	0	0	0	0	0	0	0	0	0	0	0	0	0	0	0	0	0	0	0	0	0	0	0	0	0	0	0	1	0	0	0	0	0	0	0	0	0	0	0	0	0	0	0	0	0	0	0	0	0	0	0	0	0	0	0	0	0	0	0	0	0	0	0	0	0	0	0	0	0	0	
Carex_macrocephala	0	0	0	0	0	0	0	0	0	0	0	0	0	0	0	0	0	0	0	0	0	0	0	0	0	0	0	0	0	0	0	0	0	0	0	0	1	0	0	0	0	0	0	0	0	0	0	0	0	0	0	0	0	0	0	0	0	0	0	0	0	0	0	0	0	0	0	0	0	0	0	
N55	1.46712e-23	5.04276e-23	5.26984e-22	1.44905e-20	4.75597e-19	1.43123e-17	3.7936e-16	8.78716e-15	1.77256e-13	3.10544e-12	4.71292e-11	6.18004e-10	6.98424e-09	6.78531e-08	5.65255e-07	4.02769e-06	2.44868e-05	0.000126713	0.000556804	0.00207294	0.00652423	0.0173238	0.0387351	0.072805	0.114855	0.151884	0.168186	0.155831	0.120755	0.0782485	0.0424083	0.0192332	0.00730538	0.00232662	0.000622198	0.000139958	2.65332e-05	4.24858e-06	5.75951e-07	6.62677e-08	6.48832e-09	5.42069e-10	3.87504e-11	2.37697e-12	1.25468e-13	5.71537e-15	2.25315e-16	7.70904e-18	2.29556e-19	5.96555e-21	1.35666e-22	2.70716e-24	4.75347e-26	7.37681e-28	1.03119e-29	1.4993e-31	4.34302e-33	3.25662e-34	3.08402e-35	2.86671e-36	2.54059e-37	2.14257e-38	1.72038e-39	1.3162e-40	9.60194e-42	6.68423e-43	4.44341e-44	2.82293e-45	1.7176e-46	1.02486e-47	8.57089e-49	
Carex_satsumensis	0	0	0	0	0	0	0	0	0	0	0	0	0	0	0	0	0	0	1	0	0	0	0	0	0	0	0	0	0	0	0	0	0	0	0	0	0	0	0	0	0	0	0	0	0	0	0	0	0	0	0	0	0	0	0	0	0	0	0	0	0	0	0	0	0	0	0	0	0	0	0	
N56	5.15079e-25	1.01012e-23	3.6962e-22	1.38554e-20	4.73127e-19	1.43031e-17	3.79325e-16	8.78699e-15	1.77255e-13	3.10542e-12	4.71289e-11	6.18001e-10	6.98421e-09	6.78528e-08	5.65253e-07	4.02768e-06	2.44867e-05	0.000126713	0.000556803	0.00207293	0.00652422	0.0173238	0.038735	0.0728049	0.114855	0.151884	0.168186	0.155831	0.120755	0.0782486	0.0424084	0.0192332	0.00730539	0.00232662	0.000622198	0.000139959	2.65332e-05	4.24858e-06	5.75952e-07	6.62678e-08	6.48832e-09	5.4207e-10	3.87505e-11	2.37698e-12	1.25468e-13	5.71537e-15	2.25316e-16	7.70911e-18	2.29566e-19	5.96721e-21	1.35911e-22	2.74113e-24	5.19164e-26	1.26511e-27	6.9657e-29	6.40126e-30	6.21773e-31	5.75876e-32	5.0245e-33	4.12918e-34	3.2e-35	2.34157e-36	1.61986e-37	1.06067e-38	6.58147e-40	3.87433e-41	2.16614e-42	1.15182e-43	5.84762e-45	2.9192e-46	1.98821e-47	
Carex_diandra	0	0	0	0	0	0	0	0	0	0	0	0	0	0	0	0	0	0	0	0	0	0	0	0	0	0	0	0	0	1	0	0	0	0	0	0	0	0	0	0	0	0	0	0	0	0	0	0	0	0	0	0	0	0	0	0	0	0	0	0	0	0	0	0	0	0	0	0	0	0	0	
N57	3.83498e-33	2.48951e-31	2.31988e-29	1.96648e-27	1.47267e-25	9.69346e-24	5.58735e-22	2.80985e-20	1.22817e-18	4.64755e-17	1.51642e-15	4.2485e-14	1.01769e-12	2.07518e-11	3.58608e-10	5.22807e-09	6.40076e-08	6.55079e-07	5.57875e-06	3.93545e-05	0.000228951	0.00109377	0.00427347	0.013604	0.0351643	0.0735841	0.124346	0.169359	0.185673	0.163746	0.116169	0.0663473	0.030547	0.0113605	0.00342167	0.000837202	0.000166997	2.72625e-05	3.65781e-06	4.05126e-07	3.72098e-08	2.84743e-09	1.82401e-10	9.82744e-12	4.47441e-13	1.72957e-14	5.70208e-16	1.61053e-17	3.91422e-19	8.22065e-21	1.4981e-22	2.3784e-24	3.30223e-26	4.02463e-28	4.3211e-30	4.10119e-32	3.45233e-34	2.58576e-36	1.72848e-38	1.03425e-40	5.55513e-43	2.68568e-45	1.17176e-47	4.62527e-50	1.65579e-52	5.38846e-55	1.59781e-57	4.32743e-60	1.07357e-62	2.46461e-65	7.49237e-68	
N58	4.43908e-36	3.50756e-34	3.94312e-32	4.02515e-30	3.6527e-28	2.93428e-26	2.07882e-24	1.29381e-22	7.04536e-21	3.34249e-19	1.37549e-17	4.88737e-16	1.49231e-14	3.89649e-13	8.65627e-12	1.62773e-10	2.5772e-09	3.41764e-08	3.77586e-07	3.45741e-06	2.61051e-05	0.000161748	0.00081871	0.00337154	0.0112561	0.0303759	0.0661102	0.115861	0.163375	0.185345	0.169269	0.124599	0.0740551	0.0356187	0.0139006	0.00441481	0.0011448	0.000243224	4.24949e-05	6.12912e-06	7.32699e-07	7.28975e-08	6.06173e-09	4.23112e-10	2.48996e-11	1.24088e-12	5.26008e-14	1.90505e-15	5.92077e-17	1.58595e-18	3.67694e-20	7.40932e-22	1.30294e-23	2.00739e-25	2.7199e-27	3.25304e-29	3.44649e-31	3.24562e-33	2.72569e-35	2.04776e-37	1.38044e-39	8.37438e-42	4.58446e-44	2.27081e-46	1.02032e-48	4.16891e-51	1.55258e-53	5.28259e-56	1.6475e-58	4.80217e-61	1.90872e-63	
Carex_foenea	0	0	0	0	0	0	0	0	0	0	0	0	0	0	0	0	0	0	0	0	0	0	0	0	0	0	0	0	0	0	0	0	0	0	0	0	0	0	0	0	1	0	0	0	0	0	0	0	0	0	0	0	0	0	0	0	0	0	0	0	0	0	0	0	0	0	0	0	0	0	0	
N59	6.2463e-34	4.35635e-32	4.38617e-30	4.03088e-28	3.29788e-26	2.39053e-24	1.52893e-22	8.59108e-21	4.2218e-19	1.80571e-17	6.68793e-16	2.13351e-14	5.82903e-13	1.35582e-11	2.66799e-10	4.41258e-09	6.09185e-08	6.97074e-07	6.56331e-06	5.04759e-05	0.000314757	0.00158013	0.00634312	0.0202369	0.0510434	0.101372	0.158083	0.193332	0.185475	0.139817	0.083063	0.0390445	0.0145915	0.0043589	0.00104692	0.000203397	3.21639e-05	4.16588e-06	4.44697e-07	3.93658e-08	2.90735e-09	1.80204e-10	9.42794e-12	4.18672e-13	1.58663e-14	5.1579e-16	1.44557e-17	3.50962e-19	7.41537e-21	1.36954e-22	2.22033e-24	3.17261e-26	4.01097e-28	4.50315e-30	4.50554e-32	4.0309e-34	3.23501e-36	2.33615e-38	1.52247e-40	8.97909e-43	4.80524e-45	2.33941e-47	1.03864e-49	4.21508e-52	1.56711e-54	5.34906e-57	1.67968e-59	4.86188e-62	1.29979e-64	3.2362e-67	1.07542e-69	
Carex_conferta	0	0	0	0	0	0	0	0	0	0	0	0	0	0	0	0	0	0	0	0	0	0	0	0	0	1	0	0	0	0	0	0	0	0	0	0	0	0	0	0	0	0	0	0	0	0	0	0	0	0	0	0	0	0	0	0	0	0	0	0	0	0	0	0	0	0	0	0	0	0	0	
Carex_arcta	0	0	0	0	0	0	0	0	0	0	0	0	0	0	0	0	0	0	0	0	0	0	0	0	0	0	1	0	0	0	0	0	0	0	0	0	0	0	0	0	0	0	0	0	0	0	0	0	0	0	0	0	0	0	0	0	0	0	0	0	0	0	0	0	0	0	0	0	0	0	0	
N60	1.33583e-35	1.09397e-33	1.26897e-31	1.34218e-29	1.25963e-27	1.04356e-25	7.60164e-24	4.8489e-22	2.69695e-20	1.30213e-18	5.43199e-17	1.94832e-15	5.97784e-14	1.56062e-12	3.44762e-11	6.40798e-10	9.96172e-09	1.28742e-07	1.37464e-06	1.20508e-05	8.61917e-05	0.000499845	0.00233608	0.00874776	0.0261044	0.0617758	0.115448	0.169809	0.196109	0.177593	0.12609	0.0702594	0.0307929	0.0106496	0.00291866	0.000637049	0.000111364	1.56869e-05	1.79192e-06	1.67081e-07	1.28004e-08	8.11048e-10	4.27755e-11	1.88971e-12	7.03539e-14	2.22037e-15	5.97384e-17	1.37759e-18	2.73696e-20	4.70799e-22	7.04473e-24	9.21079e-26	1.05677e-27	1.06827e-29	9.5515e-32	7.58132e-34	5.3607e-36	3.38802e-38	1.91998e-40	9.78554e-43	4.49846e-45	1.87037e-47	7.05206e-50	2.41723e-52	7.55051e-55	2.15419e-57	5.62596e-60	1.3478e-62	2.96838e-65	6.06552e-68	1.62637e-70	
N61	1.39215e-38	1.45915e-36	2.12079e-34	2.79475e-32	3.27938e-30	3.4121e-28	3.13562e-26	2.53456e-24	1.79419e-22	1.1072e-20	5.92753e-19	2.73904e-17	1.08659e-15	3.6798e-14	1.05753e-12	2.56314e-11	5.20512e-10	8.79674e-09	1.22852e-07	1.4075e-06	1.31302e-05	9.89801e-05	0.000598346	0.00287861	0.0109402	0.0326153	0.0757838	0.136475	0.189627	0.202657	0.166337	0.10488	0.0509073	0.0190932	0.00556244	0.00126685	0.00022721	3.2343e-05	3.6841e-06	3.38587e-07	2.53143e-08	1.55206e-09	7.86463e-11	3.31839e-12	1.17426e-13	3.50864e-15	8.90969e-17	1.93459e-18	3.6127e-20	5.83397e-22	8.18894e-24	1.00401e-25	1.08019e-27	1.02423e-29	8.59446e-32	6.40701e-34	4.25897e-36	2.53328e-38	1.35278e-40	6.50577e-43	2.82612e-45	1.11208e-47	3.97465e-50	1.29359e-52	3.84316e-55	1.04469e-57	2.60409e-60	5.96511e-63	1.25838e-65	2.46523e-68	6.31287e-71	
Carex_disticha	0	0	0	0	0	0	0	0	0	0	0	0	0	0	0	0	0	0	0	0	0	0	0	0	0	0	0	0	0	0	1	0	0	0	0	0	0	0	0	0	0	0	0	0	0	0	0	0	0	0	0	0	0	0	0	0	0	0	0	0	0	0	0	0	0	0	0	0	0	0	0	
Carex_chordorrhiza	0	0	0	0	0	0	0	0	0	0	0	0	0	0	0	0	0	0	0	0	0	0	0	0	0	0	0	0	0	0	1	0	0	0	0	0	0	0	0	0	0	0	0	0	0	0	0	0	0	0	0	0	0	0	0	0	0	0	0	0	0	0	0	0	0	0	0	0	0	0	0	
Carex_deweyana_var_deweyana	0	0	0	0	0	0	0	0	0	0	0	0	0	0	0	0	0	0	0	0	0	0	0	0	0	0	1	0	0	0	0	0	0	0	0	0	0	0	0	0	0	0	0	0	0	0	0	0	0	0	0	0	0	0	0	0	0	0	0	0	0	0	0	0	0	0	0	0	0	0	0	
N62	0.0233195	0.0371928	0.0679914	0.114679	0.161982	0.184764	0.168074	0.121665	0.0703211	0.0326746	0.0123134	0.00380085	0.000970856	0.000207295	3.73591e-05	5.73533e-06	7.56458e-07	8.63999e-08	8.60828e-09	7.53207e-10	5.82361e-11	4.00149e-12	2.45628e-13	1.3535e-14	6.72512e-16	3.02546e-17	1.23706e-18	4.61357e-20	1.57457e-21	4.93285e-23	1.42262e-24	3.78698e-26	9.32834e-28	2.13128e-29	4.52648e-31	8.95506e-33	1.65354e-34	2.85496e-36	4.61727e-38	7.00628e-40	9.99051e-42	1.3407e-43	1.69564e-45	2.02384e-47	2.28253e-49	2.43547e-51	2.46141e-53	2.35884e-55	2.14581e-57	1.85484e-59	1.52498e-61	1.19363e-63	8.90264e-66	6.33261e-68	4.29957e-70	2.78866e-72	1.72915e-74	1.02583e-76	5.82706e-79	3.17177e-81	1.65576e-83	8.29783e-86	3.99704e-88	1.85383e-90	8.30038e-93	3.60281e-95	1.52641e-97	6.3814e-100	2.67539e-102	1.14913e-104	5.90763e-107	
Carex_pachygyna	0	0	0	0	0	1	0	0	0	0	0	0	0	0	0	0	0	0	0	0	0	0	0	0	0	0	0	0	0	0	0	0	0	0	0	0	0	0	0	0	0	0	0	0	0	0	0	0	0	0	0	0	0	0	0	0	0	0	0	0	0	0	0	0	0	0	0	0	0	0	0	
Carex_siderosticta	0	0	0	0	0	1	0	0	0	0	0	0	0	0	0	0	0	0	0	0	0	0	0	0	0	0	0	0	0	0	0	0	0	0	0	0	0	0	0	0	0	0	0	0	0	0	0	0	0	0	0	0	0	0	0	0	0	0	0	0	0	0	0	0	0	0	0	0	0	0	0	
N63	2.34e-11	4.92465e-11	1.41181e-10	4.40838e-10	1.38643e-09	4.2791e-09	1.28423e-08	3.73414e-08	1.05017e-07	2.85376e-07	7.48788e-07	1.89593e-06	4.62992e-06	1.08992e-05	2.47224e-05	5.40094e-05	0.000113594	0.000229928	0.000447739	0.000838525	0.00150986	0.00261319	0.00434616	0.0069445	0.0106582	0.0157091	0.022231	0.0302023	0.0393846	0.04929	0.0591946	0.06821	0.0754075	0.0799727	0.0813576	0.0793879	0.0742999	0.0666931	0.0574141	0.0474016	0.0375318	0.0284995	0.0207545	0.0144955	0.00970986	0.00623835	0.00384437	0.00227251	0.00128868	0.000701085	0.000365954	0.000183296	8.81042e-05	4.06451e-05	1.79987e-05	7.65166e-06	3.12331e-06	1.22431e-06	4.60959e-07	1.66737e-07	5.79604e-08	1.93712e-08	6.2293e-09	1.93007e-09	5.77719e-10	1.67967e-10	4.79749e-11	1.3792e-11	4.20771e-12	1.52926e-12	8.30871e-13	
Trichophorum_cespitosum	0	0	0	0	0	0	0	0	0	0	0	0	0	0	0	0	0	0	0	0	0	0	0	0	0	0	0	0	0	0	0	0	0	0	0	0	0	0	0	0	0	0	0	0	0	0	0	0	0	0	0	1	0	0	0	0	0	0	0	0	0	0	0	0	0	0	0	0	0	0	0	
Trichophorum_alpinum	0	0	0	0	0	0	0	0	0	0	0	0	0	0	0	0	0	0	0	0	0	0	0	0	0	0	0	0	1	0	0	0	0	0	0	0	0	0	0	0	0	0	0	0	0	0	0	0	0	0	0	0	0	0	0	0	0	0	0	0	0	0	0	0	0	0	0	0	0	0	0	
N64	0.069617	0.0723037	0.0739972	0.0746426	0.0742139	0.0727179	0.070198	0.0667359	0.0624509	0.0574957	0.052049	0.0463054	0.040463	0.0347111	0.0292178	0.0241211	0.0195224	0.0154841	0.012031	0.00915461	0.00681987	0.00497276	0.00354817	0.00247689	0.00169131	0.00112951	0.000737631	0.000470998	0.000294024	0.000179428	0.000107029	6.24011e-05	3.55575e-05	1.98015e-05	1.07764e-05	5.73121e-06	2.97851e-06	1.5126e-06	7.5061e-07	3.63969e-07	1.72454e-07	7.9843e-08	3.61209e-08	1.59676e-08	6.89736e-09	2.91135e-09	1.20082e-09	4.84001e-10	1.90635e-10	7.33765e-11	2.76007e-11	1.01462e-11	3.64519e-12	1.27992e-12	4.39238e-13	1.4733e-13	4.83027e-14	1.54795e-14	4.84923e-15	1.48506e-15	4.44652e-16	1.30191e-16	3.72903e-17	1.04575e-17	2.87678e-18	7.79796e-19	2.10526e-19	5.80818e-20	1.73897e-20	6.42592e-21	3.63614e-21	
N65	0.0521668	0.0556898	0.0599364	0.0646165	0.0692651	0.07329	0.0760546	0.0769875	0.0756953	0.0720507	0.0662285	0.058679	0.0500449	0.0410435	0.0323464	0.0244842	0.0177939	0.012413	0.00831085	0.00533996	0.00329263	0.00194834	0.00110643	0.00060305	0.000315493	0.000158446	7.63977e-05	3.53712e-05	1.57273e-05	6.71675e-06	2.75576e-06	1.08637e-06	4.11573e-07	1.49877e-07	5.24714e-08	1.76646e-08	5.7196e-09	1.78157e-09	5.33965e-10	1.54024e-10	4.27691e-11	1.1435e-11	2.9445e-12	7.30391e-13	1.74571e-13	4.02131e-14	8.92988e-15	1.91211e-15	3.94889e-16	7.86756e-17	1.51257e-17	2.80678e-18	5.02836e-19	8.6992e-20	1.4537e-20	2.34706e-21	3.66216e-22	5.52372e-23	8.05614e-24	1.13648e-24	1.5513e-25	2.04997e-26	2.62442e-27	3.25882e-28	3.93282e-29	4.62953e-30	5.351e-31	6.15027e-32	7.22963e-33	9.52158e-34	2.106e-34	
Rhynchospora_albiceps	0	0	0	0	0	0	0	0	0	1	0	0	0	0	0	0	0	0	0	0	0	0	0	0	0	0	0	0	0	0	0	0	0	0	0	0	0	0	0	0	0	0	0	0	0	0	0	0	0	0	0	0	0	0	0	0	0	0	0	0	0	0	0	0	0	0	0	0	0	0	0	
N66	0.0192017	0.0227444	0.0291864	0.038765	0.0512679	0.0657271	0.0803278	0.0926609	0.100304	0.101544	0.0959455	0.0845058	0.0693278	0.0529524	0.0376451	0.0249072	0.0153371	0.00879046	0.00469045	0.00233063	0.00107879	0.000465357	0.000187163	7.02202e-05	2.45898e-05	8.04183e-06	2.45774e-06	7.02401e-07	1.87843e-07	4.70403e-08	1.10388e-08	2.42922e-09	5.01678e-10	9.73016e-11	1.77368e-11	3.04101e-12	4.90764e-13	7.46044e-14	1.0691e-14	1.44527e-15	1.84452e-16	2.22397e-17	2.53515e-18	2.73408e-19	2.79162e-20	2.70047e-21	2.47659e-22	2.15472e-23	1.77966e-24	1.39628e-25	1.0413e-26	7.38604e-28	4.986e-29	3.20522e-30	1.96328e-31	1.14652e-32	6.38705e-34	3.3961e-35	1.72449e-36	8.36709e-38	3.88105e-39	1.72191e-40	7.31098e-42	2.97211e-43	1.15745e-44	4.32054e-46	1.54741e-47	5.33323e-49	1.79232e-50	6.33357e-52	4.03167e-53	
Rhynchospora_rubra	0	0	0	0	0	0	0	0	0	1	0	0	0	0	0	0	0	0	0	0	0	0	0	0	0	0	0	0	0	0	0	0	0	0	0	0	0	0	0	0	0	0	0	0	0	0	0	0	0	0	0	0	0	0	0	0	0	0	0	0	0	0	0	0	0	0	0	0	0	0	0	
Rhynchospora_globosa	0	0	0	0	0	0	0	0	0	0	0	1	0	0	0	0	0	0	0	0	0	0	0	0	0	0	0	0	0	0	0	0	0	0	0	0	0	0	0	0	0	0	0	0	0	0	0	0	0	0	0	0	0	0	0	0	0	0	0	0	0	0	0	0	0	0	0	0	0	0	0	
N67	0.0590902	0.0620433	0.0647922	0.0671611	0.0689276	0.0698584	0.0697492	0.0684605	0.0659428	0.0622472	0.0575219	0.0519942	0.045943	0.039667	0.0334531	0.0275506	0.0221529	0.0173889	0.0133231	0.00996312	0.00727124	0.00517868	0.00359921	0.00244092	0.00161526	0.00104294	0.000657041	0.00040386	0.000242195	0.000141706	8.08891e-05	4.50472e-05	2.44746e-05	1.29727e-05	6.70826e-06	3.38417e-06	1.66555e-06	7.99699e-07	3.74594e-07	1.71185e-07	7.63205e-08	3.31967e-08	1.40875e-08	5.8326e-09	2.35608e-09	9.28596e-10	3.57092e-10	1.33987e-10	4.90552e-11	1.7525e-11	6.10941e-12	2.07835e-12	6.89976e-13	2.23542e-13	7.06821e-14	2.18124e-14	6.56993e-15	1.93152e-15	5.54294e-16	1.55278e-16	4.24668e-17	1.13401e-17	2.95757e-18	7.53836e-19	1.88056e-19	4.60852e-20	1.11974e-20	2.76149e-21	7.32862e-22	2.39576e-22	1.23917e-22	
N68	1.4089e-06	3.07993e-06	8.94246e-06	2.70592e-05	7.8877e-05	0.000216117	0.000551974	0.00130995	0.00288435	0.00588743	0.0111331	0.019494	0.0315937	0.0473761	0.0657134	0.0842924	0.0999754	0.10963	0.111143	0.104177	0.0902901	0.0723692	0.0536548	0.0368065	0.0233691	0.0137382	0.0074812	0.0037755	0.00176671	0.000766984	0.000309101	0.000115714	4.02652e-05	1.30329e-05	3.92682e-06	1.10219e-06	2.88422e-07	7.04219e-08	1.60565e-08	3.42157e-09	6.82025e-10	1.27277e-10	2.22565e-11	3.65005e-12	5.61902e-13	8.1269e-14	1.10529e-14	1.41479e-15	1.7059e-16	1.93928e-17	2.0803e-18	2.10754e-19	2.01817e-20	1.82823e-21	1.56802e-22	1.27429e-23	9.82038e-25	7.18235e-26	4.98907e-27	3.29396e-28	2.06869e-29	1.23679e-30	7.04536e-32	3.82814e-33	1.98719e-34	9.88203e-36	4.73292e-37	2.20775e-38	1.02844e-39	5.13692e-41	4.09585e-42	
Rhynchospora_chinensis	0	0	0	0	0	0	0	0	0	0	0	0	0	0	0	0	0	0	0	0	0	0	0	0	0	0	0	0	0	0	1	0	0	0	0	0	0	0	0	0	0	0	0	0	0	0	0	0	0	0	0	0	0	0	0	0	0	0	0	0	0	0	0	0	0	0	0	0	0	0	0	
N69	6.26889e-07	1.74958e-06	7.46014e-06	3.37727e-05	0.000142026	0.000532074	0.00175111	0.00503317	0.0125916	0.0273511	0.0514873	0.0838787	0.11815	0.14384	0.151369	0.137779	0.108591	0.0742238	0.0440819	0.0227988	0.0102938	0.00406822	0.00141128	0.000430975	0.000116194	2.7738e-05	5.88008e-06	1.11006e-06	1.87144e-07	2.82522e-08	3.82931e-09	4.67186e-10	5.14319e-11	5.1213e-12	4.62306e-13	3.79175e-14	2.83159e-15	1.92927e-16	1.20165e-17	6.85503e-19	3.58821e-20	1.72641e-21	7.64796e-23	3.12455e-24	1.17911e-25	4.11628e-27	1.3313e-28	3.99467e-30	1.11357e-31	2.88774e-33	6.97529e-35	1.57133e-36	3.30521e-38	6.49922e-40	1.19604e-41	2.06222e-43	3.33491e-45	5.06348e-47	7.22545e-49	9.69967e-51	1.22614e-52	1.46088e-54	1.64199e-56	1.74258e-58	1.74763e-60	1.65771e-62	1.48852e-64	1.26704e-66	1.0278e-68	8.25484e-71	1.02913e-72	
Rhynchospora_capillacea	0	0	0	0	0	0	0	0	0	0	0	0	1	0	0	0	0	0	0	0	0	0	0	0	0	0	0	0	0	0	0	0	0	0	0	0	0	0	0	0	0	0	0	0	0	0	0	0	0	0	0	0	0	0	0	0	0	0	0	0	0	0	0	0	0	0	0	0	0	0	0	
Rhynchospora_alba	0	0	0	0	0	0	0	0	0	0	0	0	1	0	0	0	0	0	0	0	0	0	0	0	0	0	0	0	0	0	0	0	0	0	0	0	0	0	0	0	0	0	0	0	0	0	0	0	0	0	0	0	0	0	0	0	0	0	0	0	0	0	0	0	0	0	0	0	0	0	0	
N70	0.112072	0.11434	0.113003	0.108275	0.10063	0.0907343	0.0793707	0.067347	0.0554139	0.0441975	0.034156	0.0255638	0.0185212	0.0129836	0.00880265	0.0057695	0.00365431	0.00223597	0.00132125	0.000753785	0.000415105	0.000220614	0.000113138	5.59802e-05	2.67223e-05	1.23056e-05	5.46655e-06	2.34261e-06	9.68438e-07	3.86231e-07	1.48612e-07	5.51721e-08	1.97645e-08	6.8328e-09	2.27985e-09	7.3428e-10	2.2831e-10	6.85421e-11	1.98712e-11	5.56408e-12	1.50499e-12	3.93297e-13	9.93178e-14	2.42398e-14	5.7188e-15	1.30447e-15	2.87735e-16	6.13858e-17	1.26689e-17	2.52979e-18	4.8887e-19	9.14421e-20	1.65588e-20	2.90349e-21	4.93073e-22	8.11114e-23	1.29276e-23	1.99667e-24	2.98903e-25	4.33789e-26	6.10446e-27	8.33191e-28	1.10335e-28	1.41833e-29	1.77159e-30	2.15462e-31	2.56385e-32	3.02106e-33	3.64741e-34	5.07036e-35	1.24964e-35	
Rhynchospora_nervosa	0	0	0	0	1	0	0	0	0	0	0	0	0	0	0	0	0	0	0	0	0	0	0	0	0	0	0	0	0	0	0	0	0	0	0	0	0	0	0	0	0	0	0	0	0	0	0	0	0	0	0	0	0	0	0	0	0	0	0	0	0	0	0	0	0	0	0	0	0	0	0	
Rhynchospora_robusta	0	0	0	0	1	0	0	0	0	0	0	0	0	0	0	0	0	0	0	0	0	0	0	0	0	0	0	0	0	0	0	0	0	0	0	0	0	0	0	0	0	0	0	0	0	0	0	0	0	0	0	0	0	0	0	0	0	0	0	0	0	0	0	0	0	0	0	0	0	0	0	
N71	0.068873	0.0714207	0.0728842	0.0732359	0.0724919	0.0707089	0.0679802	0.0644298	0.0602049	0.0554674	0.0503859	0.0451266	0.0398461	0.0346844	0.0297604	0.0251684	0.0209766	0.0172277	0.0139406	0.0111133	0.00872707	0.00674998	0.00514161	0.00385667	0.00284837	0.00207115	0.00148257	0.00104466	0.000724516	0.000494548	0.000332217	0.000219615	0.000142857	9.14363e-05	5.75821e-05	3.56771e-05	2.17474e-05	1.30414e-05	7.69345e-06	4.46466e-06	2.54867e-06	1.43115e-06	7.90491e-07	4.29474e-07	2.29509e-07	1.20637e-07	6.237e-08	3.17162e-08	1.58633e-08	7.80398e-09	3.77612e-09	1.79716e-09	8.4129e-10	3.87373e-10	1.7545e-10	7.81706e-11	3.42639e-11	1.47773e-11	6.27234e-12	2.62127e-12	1.07928e-12	4.38321e-13	1.75918e-13	6.99969e-14	2.77608e-14	1.10737e-14	4.51067e-15	1.92499e-15	8.99461e-16	4.96032e-16	3.6072e-16	
Calyptrocarya_glomerulata	0	0	0	0	0	0	0	0	0	1	0	0	0	0	0	0	0	0	0	0	0	0	0	0	0	0	0	0	0	0	0	0	0	0	0	0	0	0	0	0	0	0	0	0	0	0	0	0	0	0	0	0	0	0	0	0	0	0	0	0	0	0	0	0	0	0	0	0	0	0	0	
Scleria_foliosa	0	0	0	0	0	0	0	0	0	1	0	0	0	0	0	0	0	0	0	0	0	0	0	0	0	0	0	0	0	0	0	0	0	0	0	0	0	0	0	0	0	0	0	0	0	0	0	0	0	0	0	0	0	0	0	0	0	0	0	0	0	0	0	0	0	0	0	0	0	0	0	
N72	2.72792e-19	3.09182e-18	4.60387e-17	6.53287e-16	8.56731e-15	1.03272e-13	1.14076e-12	1.15139e-11	1.05868e-10	8.84063e-10	6.68345e-09	4.55962e-08	2.79826e-07	1.54004e-06	7.57855e-06	3.32566e-05	0.00012983	0.000449996	0.00138263	0.00376169	0.00905615	0.0192863	0.0363323	0.0605555	0.0893233	0.116648	0.134905	0.138205	0.125437	0.100864	0.0718467	0.0453253	0.0253168	0.0125161	0.00547522	0.00211902	0.000725588	0.000219896	5.90234e-05	1.40479e-05	2.96938e-06	5.58565e-07	9.37311e-08	1.40699e-08	1.89491e-09	2.29696e-10	2.51413e-11	2.49296e-12	2.2467e-13	1.84612e-14	1.38742e-15	9.56512e-17	6.0668e-18	3.54994e-19	1.92146e-20	9.64513e-22	4.50126e-23	1.95781e-24	7.95563e-26	3.02773e-27	1.08199e-28	3.6408e-30	1.15718e-31	3.48655e-33	1.00009e-34	2.74494e-36	7.25212e-38	1.85669e-39	4.63977e-41	1.14884e-42	3.73284e-44	
Cladium_mariscus	0	0	0	0	0	0	0	0	0	0	0	0	0	0	0	0	0	1	0	0	0	0	0	0	0	0	0	0	0	0	0	0	0	0	0	0	0	0	0	0	0	0	0	0	0	0	0	0	0	0	0	0	0	0	0	0	0	0	0	0	0	0	0	0	0	0	0	0	0	0	0	
Cladium_mariscoides	0	0	0	0	0	0	0	0	0	0	0	0	0	0	0	0	0	0	0	0	0	0	0	0	0	0	0	0	0	0	0	0	0	0	0	0	0	0	1	0	0	0	0	0	0	0	0	0	0	0	0	0	0	0	0	0	0	0	0	0	0	0	0	0	0	0	0	0	0	0	0	
