NODE	1	2	3	4	5	6	7	8	9	10	11	12	13	14	15	16	17	18	19	20	21	22	23	24	25	26	27	28	29	30	31	32	33	34	35	36	37	38	39	40	41	42	43	44	45	46	47	48	49	50	51	52	53	54	55	56	57	58	
N1	0.181837	0.175938	0.16309	0.14252	0.115757	0.086481	0.0590031	0.0365837	0.020545	0.0104262	0.00477356	0.00196945	0.000731604	0.000244553	7.35288e-05	1.98793e-05	4.83204e-06	1.05585e-06	2.07403e-07	3.66257e-08	5.81518e-09	8.30262e-10	1.06618e-10	1.23174e-11	1.28057e-12	1.07815e-16	3.12999e-17	8.62464e-18	2.25616e-18	5.60438e-19	1.32228e-19	2.96394e-20	6.31369e-21	1.27847e-21	2.46161e-22	4.50821e-23	7.85567e-24	1.30286e-24	2.0573e-25	3.09406e-26	4.4335e-27	6.0549e-28	7.8844e-29	9.79249e-30	1.1605e-30	1.31276e-31	1.41804e-32	1.46325e-33	1.44294e-34	1.36034e-35	1.22655e-36	1.05814e-37	8.73755e-39	6.90953e-40	5.23912e-41	3.83891e-42	2.90601e-43	3.7987e-44	
N2	0.0438939	0.0618005	0.0811953	0.0991906	0.112313	0.117675	0.114004	0.102188	0.0848117	0.0652057	0.0464919	0.0307684	0.0189042	0.010794	0.00573159	0.00282964	0.00130025	0.00055652	0.000221687	8.23242e-05	2.85335e-05	9.21405e-06	2.78106e-06	7.86479e-07	2.07564e-07	5.14853e-08	1.20698e-08	2.64818e-09	5.52953e-10	1.11232e-10	2.1009e-11	3.86837e-12	7.08181e-13	1.20894e-13	2.06755e-14	3.60234e-15	5.67037e-16	9.05421e-17	1.47746e-17	2.09891e-18	3.04237e-19	4.5066e-20	5.67421e-21	7.36593e-22	9.86972e-23	1.10729e-23	1.29693e-24	1.5842e-25	1.61836e-26	1.747e-27	1.97967e-28	1.86177e-29	1.88277e-30	2.0803e-31	1.95743e-32	2.27353e-33	3.95182e-34	1.39001e-34	
N3	0.0143659	0.0225309	0.0348854	0.0514235	0.0707621	0.0900748	0.105647	0.114078	0.113418	0.103833	0.0876089	0.0681724	0.0489287	0.0324193	0.0198426	0.0112164	0.00586164	0.00283403	0.0012668	0.000524338	0.00020118	7.1439e-05	2.35452e-05	7.2177e-06	2.0503e-06	5.43015e-07	1.34722e-07	3.10276e-08	6.73075e-09	1.39058e-09	2.67224e-10	4.94605e-11	9.00618e-12	1.51806e-12	2.54711e-13	4.35209e-14	6.6797e-15	1.04166e-15	1.66774e-16	2.29512e-17	3.22789e-18	4.64435e-19	5.5727e-20	6.88802e-21	8.76781e-22	9.1421e-23	9.93617e-24	1.12343e-24	1.0382e-25	1.01533e-26	1.04247e-27	8.65598e-29	7.74205e-30	7.52244e-31	5.8688e-32	5.44415e-33	7.54114e-34	2.47325e-34	
N4	0.00132121	0.00225286	0.00399802	0.00700634	0.0118054	0.0188947	0.0285703	0.0407352	0.0547204	0.0692129	0.0824319	0.0924378	0.0975666	0.0969435	0.090679	0.0798204	0.0661377	0.0515887	0.0378669	0.0261666	0.0170264	0.0104271	0.00601434	0.0032689	0.00167289	0.000807141	0.000367492	0.000157671	6.39047e-05	2.45131e-05	8.87372e-06	3.04681e-06	9.96124e-07	3.08137e-07	9.11618e-08	2.5999e-08	7.04056e-09	1.85096e-09	4.786e-10	1.17495e-10	2.85133e-11	6.93668e-12	1.58015e-12	3.59435e-13	8.25001e-14	1.72931e-14	3.62777e-15	7.67754e-16	1.45385e-16	2.7645e-17	5.31637e-18	9.04477e-19	1.56287e-19	2.79047e-20	4.59826e-21	9.07141e-22	2.80348e-22	1.897e-22	
Carex_eburnea	0	0	0	0	0	0	0	0	0	0	0	0	0	0	0	0	0	0	0	0	0	0	0	0	0	0	1	0	0	0	0	0	0	0	0	0	0	0	0	0	0	0	0	0	0	0	0	0	0	0	0	0	0	0	0	0	0	0	
Carex_cruciata	0	0	0	0	0	0	0	0	0	0	0	0	0	0	0	0	0	0	0	0	1	0	0	0	0	0	0	0	0	0	0	0	0	0	0	0	0	0	0	0	0	0	0	0	0	0	0	0	0	0	0	0	0	0	0	0	0	0	
N5	5.15432e-05	0.000138699	0.000424964	0.00123592	0.00325519	0.00768204	0.0162053	0.030555	0.0514931	0.0775339	0.104303	0.125329	0.134423	0.12868	0.109918	0.0837295	0.0568873	0.0344756	0.0186284	0.0089803	0.00386445	0.00148389	0.000509118	0.000156246	4.28668e-05	1.05388e-05	2.32624e-06	4.60363e-07	8.20355e-08	1.32089e-08	1.91471e-09	2.51981e-10	3.03069e-11	3.29988e-12	3.30965e-13	3.09505e-14	2.63424e-15	2.11135e-16	1.62071e-17	1.12824e-18	7.55147e-20	4.9307e-21	2.86004e-22	1.61003e-23	8.88373e-25	4.24811e-26	1.98108e-27	9.07936e-29	3.55348e-30	1.36715e-31	5.20334e-33	1.67869e-34	5.39544e-36	1.74725e-37	4.88378e-39	1.48605e-40	5.71428e-42	4.40309e-43	
N6	4.52834e-06	1.39289e-05	5.21315e-05	0.000190743	0.000637875	0.00190779	0.00506231	0.011881	0.0246252	0.045026	0.0725878	0.103121	0.129005	0.142068	0.137676	0.117338	0.0879474	0.0579691	0.0335871	0.0171143	0.00767323	0.00302577	0.00105083	0.000321881	8.68671e-05	2.07251e-05	4.38849e-06	8.21531e-07	1.37322e-07	2.07476e-08	2.79211e-09	3.45928e-10	4.09017e-11	4.34717e-12	4.54617e-13	4.90063e-14	4.54035e-15	4.27931e-16	4.14967e-17	3.18719e-18	2.4819e-19	1.95268e-20	1.17432e-21	7.23054e-23	4.52347e-24	2.1328e-25	1.04939e-26	5.32841e-28	2.04843e-29	8.46417e-31	3.6858e-32	1.20456e-33	4.38523e-35	1.7953e-36	5.2987e-38	1.87408e-39	9.59109e-41	1.03376e-41	
N7	6.16839e-07	2.14413e-06	9.46312e-06	4.12557e-05	0.000164386	0.000583701	0.00182951	0.00504115	0.0121858	0.0258039	0.0478248	0.0775286	0.10985	0.135981	0.146998	0.138693	0.114185	0.0820148	0.0513716	0.0280655	0.0133769	0.00556078	0.00201793	0.000639968	0.000177264	4.29979e-05	9.16583e-06	1.71276e-06	2.83064e-07	4.19137e-08	5.49796e-09	6.61121e-10	7.6098e-11	7.89785e-12	8.13901e-13	8.74333e-14	7.98171e-15	7.38659e-16	6.97656e-17	5.1147e-18	3.76949e-19	2.78089e-20	1.54301e-21	8.7187e-23	4.97008e-24	2.10473e-25	9.29344e-27	4.22257e-28	1.4367e-29	5.28474e-31	2.05503e-32	5.94082e-34	1.92631e-35	7.06696e-37	1.82848e-38	5.59854e-40	2.38162e-41	2.07787e-42	
N8	2.66221e-06	7.99872e-06	2.96418e-05	0.000109146	0.000371732	0.00114296	0.00314308	0.00769857	0.0167574	0.0323648	0.0554027	0.0839838	0.112647	0.133616	0.140086	0.129764	0.10618	0.0767408	0.0489854	0.0276225	0.0137649	0.00606312	0.0023625	0.000815133	0.000249132	6.75693e-05	1.63027e-05	3.4988e-06	6.71509e-07	1.163e-07	1.81195e-08	2.60071e-09	3.57959e-10	4.58813e-11	5.96027e-12	8.38814e-13	1.05956e-13	1.39962e-14	1.94826e-15	2.15591e-16	2.43488e-17	2.80528e-18	2.47112e-19	2.24386e-20	2.08366e-21	1.46013e-22	1.08018e-23	8.30894e-25	4.84602e-26	3.10707e-27	2.14279e-28	1.12358e-29	6.79693e-31	4.78646e-32	2.4658e-33	1.58468e-34	1.58231e-35	3.49543e-36	
Carex_richardsonii	0	0	0	0	0	0	0	0	0	0	0	0	0	0	0	0	0	0	0	0	0	0	0	0	0	1	0	0	0	0	0	0	0	0	0	0	0	0	0	0	0	0	0	0	0	0	0	0	0	0	0	0	0	0	0	0	0	0	
N9	2.43796e-05	6.24472e-05	0.000187235	0.000551531	0.00150807	0.00375972	0.00848806	0.0172962	0.0317449	0.0523956	0.0776844	0.103373	0.123363	0.131961	0.126477	0.108576	0.0834759	0.057475	0.0354394	0.0195749	0.00968905	0.00429893	0.00171097	0.000611347	0.000196206	5.66343e-05	1.47251e-05	3.45013e-06	7.30428e-07	1.4023e-07	2.44038e-08	3.88036e-09	5.70577e-10	7.7227e-11	9.90482e-12	1.25073e-12	1.49598e-13	1.8203e-14	2.33893e-15	2.7222e-16	3.23482e-17	3.95521e-18	4.04717e-19	4.16701e-20	4.34404e-21	3.67897e-22	3.16191e-23	2.76504e-24	1.94555e-25	1.41765e-26	1.06735e-27	6.44481e-29	4.16342e-30	2.89735e-31	1.64674e-32	1.12561e-33	1.14512e-34	2.85328e-35	
Carex_capillaris	0	0	0	0	0	0	0	0	1	0	0	0	0	0	0	0	0	0	0	0	0	0	0	0	0	0	0	0	0	0	0	0	0	0	0	0	0	0	0	0	0	0	0	0	0	0	0	0	0	0	0	0	0	0	0	0	0	0	
Carex_baccans	0	0	0	0	0	0	0	0	0	0	0	0	0	0	0	0	0	0	0	0	0	0	1	0	0	0	0	0	0	0	0	0	0	0	0	0	0	0	0	0	0	0	0	0	0	0	0	0	0	0	0	0	0	0	0	0	0	0	
N10	3.61662e-08	1.30002e-07	5.9192e-07	2.69608e-06	1.14693e-05	4.45403e-05	0.000156531	0.000495895	0.00141355	0.00361995	0.00832303	0.0171685	0.0317557	0.0526505	0.0782312	0.104122	0.124125	0.132519	0.126628	0.108319	0.0829725	0.056865	0.0349181	0.0192502	0.00951193	0.00423743	0.0017169	0.000628995	0.000213403	6.92527e-05	2.07959e-05	6.21089e-06	1.93149e-06	5.38924e-07	1.53977e-07	4.53252e-08	1.08861e-08	2.64402e-09	6.47193e-10	1.24068e-10	2.43663e-11	4.85169e-12	7.45838e-13	1.21166e-13	2.06337e-14	2.68958e-15	3.83203e-16	5.9015e-17	7.05458e-18	9.33042e-19	1.32163e-19	1.40353e-20	1.64671e-21	2.15094e-22	1.98985e-23	2.17394e-24	3.56929e-25	1.41003e-25	
Carex_granularis	0	0	0	0	0	0	0	0	0	0	0	0	0	0	0	0	0	0	0	0	1	0	0	0	0	0	0	0	0	0	0	0	0	0	0	0	0	0	0	0	0	0	0	0	0	0	0	0	0	0	0	0	0	0	0	0	0	0	
N11	1.09889e-13	5.16331e-13	3.19215e-12	1.97921e-11	1.16455e-10	6.41651e-10	3.29789e-09	1.57916e-08	7.04731e-08	2.93091e-07	1.13721e-06	4.11749e-06	1.39234e-05	4.39777e-05	0.000129843	0.000358136	0.0009228	0.00221805	0.00496139	0.0102922	0.0197075	0.034621	0.0554793	0.0806541	0.105763	0.124687	0.131832	0.124558	0.105218	0.0795565	0.0536514	0.0324617	0.017742	0.00869227	0.00388732	0.00161491	0.00060731	0.000215363	7.3659e-05	2.25495e-05	6.62701e-06	1.89315e-06	4.6464e-07	1.09291e-07	2.48537e-08	4.71276e-09	8.60942e-10	1.52788e-10	2.23529e-11	3.19742e-12	4.50142e-13	5.208e-14	6.02231e-15	7.04288e-16	6.94786e-17	7.71819e-18	1.21764e-18	4.51918e-19	
Carex_pseudocyperus	0	0	0	0	0	0	0	0	0	0	0	0	0	0	0	0	0	0	0	0	0	0	0	0	0	0	0	0	0	0	0	0	1	0	0	0	0	0	0	0	0	0	0	0	0	0	0	0	0	0	0	0	0	0	0	0	0	0	
Carex_oligosperma	0	0	0	0	0	0	0	0	0	0	0	0	0	0	0	0	0	0	0	0	0	0	0	0	0	0	0	0	0	0	0	0	0	0	0	0	0	1	0	0	0	0	0	0	0	0	0	0	0	0	0	0	0	0	0	0	0	0	
N12	2.79938e-07	7.71752e-07	2.63009e-06	9.17597e-06	3.06543e-05	9.57591e-05	0.000277082	0.000739532	0.00181644	0.00409884	0.00848851	0.016119	0.0280404	0.04466	0.065087	0.0867375	0.105658	0.117604	0.119539	0.110947	0.0940171	0.0727041	0.0513246	0.0330879	0.0194703	0.0104702	0.00515209	0.0023178	0.000956341	0.000363192	0.000126654	4.09079e-05	1.23558e-05	3.46108e-06	9.19708e-07	2.3663e-07	5.70679e-08	1.3508e-08	3.20374e-09	6.97924e-10	1.50784e-10	3.26366e-11	6.21183e-12	1.16911e-12	2.19353e-13	3.52016e-14	5.62282e-15	9.00558e-16	1.22001e-16	1.66981e-17	2.32028e-18	2.71615e-19	3.27921e-20	4.12741e-21	4.4993e-22	5.74823e-23	1.1009e-23	4.97969e-24	
Carex_pallescens	0	0	0	0	0	0	0	0	0	0	0	0	0	0	0	0	0	0	0	0	0	0	0	0	0	0	0	0	0	0	0	1	0	0	0	0	0	0	0	0	0	0	0	0	0	0	0	0	0	0	0	0	0	0	0	0	0	0	
Carex_albursina	0	0	0	0	0	0	0	0	0	0	0	0	0	0	0	0	0	0	0	0	0	1	0	0	0	0	0	0	0	0	0	0	0	0	0	0	0	0	0	0	0	0	0	0	0	0	0	0	0	0	0	0	0	0	0	0	0	0	
N13	2.58475e-06	6.87672e-06	2.21861e-05	7.22533e-05	0.000222494	0.00063298	0.0016484	0.00391424	0.0084582	0.0166103	0.0296256	0.047965	0.0704498	0.093849	0.113358	0.124088	0.123094	0.110646	0.090082	0.0664423	0.0444071	0.0268823	0.0147515	0.00734349	0.00331408	0.00135861	0.000507018	0.000171953	5.32799e-05	1.5173e-05	3.95077e-06	9.54809e-07	2.17595e-07	4.58833e-08	9.29605e-09	1.85837e-09	3.43258e-10	6.28233e-11	1.15827e-11	1.88906e-12	3.05294e-13	4.92406e-14	6.73582e-15	9.14287e-16	1.23878e-16	1.39449e-17	1.5768e-18	1.79847e-19	1.69459e-20	1.63473e-21	1.61516e-22	1.31482e-23	1.12025e-24	1.00859e-25	7.63567e-27	6.81336e-28	8.87569e-29	2.52559e-29	
Carex_pendula	0	0	0	0	0	0	0	0	0	0	0	0	0	0	0	0	0	0	0	0	0	0	0	0	0	0	0	0	1	0	0	0	0	0	0	0	0	0	0	0	0	0	0	0	0	0	0	0	0	0	0	0	0	0	0	0	0	0	
N14	1.06568e-06	2.80102e-06	9.11828e-06	3.05368e-05	9.76928e-05	0.000290502	0.000794572	0.00199055	0.00455788	0.00952618	0.0181594	0.0315523	0.0499376	0.0719639	0.0943885	0.112625	0.122224	0.120613	0.10819	0.0882134	0.0653806	0.0440371	0.0269653	0.0150176	0.00760466	0.0035052	0.0014725	0.000563312	0.000196822	6.30466e-05	1.84564e-05	4.98443e-06	1.25787e-06	2.92742e-07	6.49187e-08	1.4248e-08	2.91247e-09	6.0459e-10	1.33245e-10	2.59513e-11	5.24206e-12	1.11385e-12	1.9279e-13	3.44077e-14	6.35633e-15	9.23868e-16	1.39435e-16	2.17861e-17	2.65295e-18	3.40859e-19	4.57393e-20	4.75541e-21	5.35495e-22	6.54641e-23	6.24237e-24	7.29857e-25	1.38074e-25	6.67364e-26	
Carex_hostiana	0	0	0	0	0	0	0	0	0	0	0	0	0	0	0	0	0	0	0	0	0	0	0	0	0	0	0	1	0	0	0	0	0	0	0	0	0	0	0	0	0	0	0	0	0	0	0	0	0	0	0	0	0	0	0	0	0	0	
Carex_echinochloe	0	0	0	0	0	0	0	0	0	0	0	0	0	0	0	0	0	0	0	0	1	0	0	0	0	0	0	0	0	0	0	0	0	0	0	0	0	0	0	0	0	0	0	0	0	0	0	0	0	0	0	0	0	0	0	0	0	0	
Carex_dissitiflora	0	0	0	0	0	0	0	0	0	0	0	0	0	0	0	0	0	0	1	0	0	0	0	0	0	0	0	0	0	0	0	0	0	0	0	0	0	0	0	0	0	0	0	0	0	0	0	0	0	0	0	0	0	0	0	0	0	0	
N15	0.0543539	0.0764978	0.0994642	0.118316	0.128193	0.126496	0.113869	0.0937992	0.0708903	0.0492179	0.0314489	0.0185136	0.010035	0.00501542	0.00231348	0.000983007	0.000385942	0.000140371	4.7072e-05	1.46826e-05	4.29456e-06	1.16137e-06	2.98599e-07	7.47415e-08	1.73452e-08	4.04405e-09	9.82413e-10	2.14003e-10	4.94087e-11	1.21222e-11	2.45312e-12	5.34166e-13	1.21727e-13	2.16548e-14	4.22714e-15	8.77525e-16	1.37822e-16	2.43674e-17	4.67198e-18	6.81984e-19	1.14643e-19	2.07613e-20	2.78511e-21	4.3611e-22	7.7947e-23	9.44717e-24	1.32849e-24	2.10741e-25	2.37905e-26	3.11668e-27	4.33487e-28	4.22798e-29	4.95224e-30	6.85956e-31	6.02627e-32	6.91867e-33	1.30621e-33	6.18669e-34	
N16	0.00160237	0.00287128	0.00541139	0.00995722	0.0172975	0.0280117	0.0421096	0.0587435	0.076088	0.0915484	0.10243	0.106656	0.103377	0.0933538	0.0785918	0.0616717	0.0451513	0.0308602	0.0196793	0.011724	0.00653107	0.00339751	0.00165428	0.000755168	0.000322275	0.000129185	4.88117e-05	1.72718e-05	5.78412e-06	1.84745e-06	5.53959e-07	1.59676e-07	4.48905e-08	1.18398e-08	3.07328e-09	7.99255e-10	1.91835e-10	4.61394e-11	1.12553e-11	2.45266e-12	5.39054e-13	1.20168e-13	2.32432e-14	4.56112e-15	9.11596e-16	1.55197e-16	2.70474e-17	4.83522e-18	7.3199e-19	1.14705e-19	1.85755e-20	2.52905e-21	3.61558e-22	5.48992e-23	7.16379e-24	1.12454e-24	2.7443e-25	1.52742e-25	
N17	3.06175e-06	7.67431e-06	2.25341e-05	6.5949e-05	0.000182891	0.000473604	0.00113981	0.00254552	0.00527116	0.0101119	0.0179648	0.0295432	0.0449429	0.0632272	0.0822345	0.0988165	0.109697	0.112474	0.10645	0.0930049	0.0750028	0.0557938	0.0382936	0.02425	0.0141577	0.00762474	0.00378924	0.00173581	0.000733939	0.000286711	0.000103299	3.44234e-05	1.06334e-05	3.03437e-06	8.04725e-07	1.99264e-07	4.57214e-08	9.84456e-09	2.00703e-09	3.80585e-10	6.88165e-11	1.20256e-11	1.95166e-12	3.07091e-13	4.74731e-14	6.71276e-15	9.27437e-16	1.26472e-16	1.54449e-17	1.85042e-18	2.19815e-19	2.31951e-20	2.45256e-21	2.66905e-22	2.73605e-23	3.23989e-24	5.09237e-25	1.37832e-25	
N18	3.02032e-18	1.60947e-17	1.08805e-16	7.20363e-16	4.52214e-15	2.68559e-14	1.51067e-13	8.05256e-13	4.071e-12	1.94939e-11	8.84213e-11	3.7904e-10	1.53421e-09	5.84814e-09	2.09768e-08	7.06268e-08	2.22993e-07	6.58361e-07	1.81229e-06	4.63108e-06	1.09643e-05	2.40158e-05	4.89896e-05	9.40869e-05	0.000173247	0.000311788	0.000557796	0.00100532	0.0018483	0.00349012	0.00669194	0.0126878	0.0230345	0.0389574	0.0604281	0.0851947	0.108323	0.12415	0.12824	0.118702	0.0989215	0.0744629	0.0501647	0.0305929	0.0170105	0.00846804	0.00385706	0.00162371	0.000609948	0.000211834	6.87308e-05	1.97291e-05	5.30133e-06	1.36406e-06	3.25882e-07	8.62156e-08	3.21888e-08	2.32964e-08	
Uncinia_uncinata	0	0	0	0	0	0	0	0	0	0	0	0	0	0	0	0	0	0	0	0	0	0	0	0	0	0	0	0	0	0	0	0	0	0	0	0	0	0	0	0	0	0	0	1	0	0	0	0	0	0	0	0	0	0	0	0	0	0	
Uncinia_phleoides	0	0	0	0	0	0	0	0	0	0	0	0	0	0	0	0	0	0	0	0	0	0	0	0	0	0	0	0	0	0	0	0	0	0	0	0	0	0	0	0	0	0	0	0	0	0	0	1	0	0	0	0	0	0	0	0	0	0	
N19	2.93837e-06	7.00067e-06	2.01053e-05	5.95378e-05	0.000169882	0.000454778	0.00113029	0.00259725	0.00550722	0.010764	0.0193806	0.032129	0.0490173	0.0687966	0.088796	0.105355	0.114876	0.115077	0.105875	0.0894452	0.0693726	0.0493834	0.032262	0.0193411	0.0106385	0.00536923	0.00248663	0.0010567	0.000412163	0.000147606	4.85383e-05	1.46661e-05	4.0751e-06	1.04131e-06	2.45073e-07	5.32144e-08	1.06564e-08	1.97476e-09	3.39998e-10	5.42421e-11	8.08711e-12	1.13826e-12	1.49381e-13	1.8703e-14	2.28784e-15	2.60803e-16	2.93528e-17	3.39041e-18	3.53097e-19	3.74249e-20	4.18687e-21	3.96036e-22	3.86866e-23	4.02192e-24	3.46614e-25	3.46437e-26	5.06755e-27	1.59787e-27	
N20	3.98865e-06	9.26727e-06	2.56543e-05	7.31032e-05	0.000201245	0.000521673	0.00125993	0.00282245	0.00585192	0.0112156	0.0198566	0.0324573	0.048959	0.0681267	0.0874221	0.103415	0.112744	0.113253	0.104792	0.0893021	0.0700816	0.0506367	0.0336864	0.0206342	0.0116362	0.00604258	0.00289026	0.00127321	0.000516845	0.00019347	6.67551e-05	2.12615e-05	6.26207e-06	1.70295e-06	4.29425e-07	1.01008e-07	2.20358e-08	4.5279e-09	8.95802e-10	1.66534e-10	3.06735e-11	5.89795e-12	1.06231e-12	2.0071e-13	4.10382e-14	7.22423e-15	1.32014e-15	2.53201e-16	3.94495e-17	6.33502e-18	1.05562e-18	1.40457e-19	1.94157e-20	2.80543e-21	3.28434e-22	4.46156e-23	9.14907e-24	4.49321e-24	
Carex_pauciflora	0	0	0	0	0	0	0	0	0	0	0	0	0	0	0	0	0	0	1	0	0	0	0	0	0	0	0	0	0	0	0	0	0	0	0	0	0	0	0	0	0	0	0	0	0	0	0	0	0	0	0	0	0	0	0	0	0	0	
Carex_leptalea_subsp_leptalea	0	0	0	0	0	0	0	0	0	0	0	0	0	0	0	0	0	0	0	0	0	0	0	0	0	1	0	0	0	0	0	0	0	0	0	0	0	0	0	0	0	0	0	0	0	0	0	0	0	0	0	0	0	0	0	0	0	0	
Carex_capitata	0	0	0	0	0	0	0	0	0	0	0	0	0	0	0	0	0	0	0	0	0	0	0	0	1	0	0	0	0	0	0	0	0	0	0	0	0	0	0	0	0	0	0	0	0	0	0	0	0	0	0	0	0	0	0	0	0	0	
N21	9.68491e-06	2.01141e-05	4.70878e-05	0.000111409	0.000255195	0.000557521	0.00115564	0.00226926	0.00421844	0.00741899	0.0123424	0.0194179	0.0288767	0.0405896	0.0539176	0.0676566	0.0801984	0.0897966	0.0949292	0.0947639	0.0893266	0.0794691	0.0667456	0.0529301	0.039607	0.0279826	0.0186727	0.0117583	0.00699539	0.00393504	0.00208989	0.00105034	0.000500378	0.000225328	9.6362e-05	3.92745e-05	1.51655e-05	5.60222e-06	1.99371e-06	6.74415e-07	2.21083e-07	7.10304e-08	2.1701e-08	6.52439e-09	1.95455e-09	5.50841e-10	1.54095e-10	4.32147e-11	1.1171e-11	2.87222e-12	7.41141e-13	1.73696e-13	4.09968e-14	1.0005e-14	2.36811e-15	6.88926e-16	3.13499e-16	2.73189e-16	
Kobresia_myosuroides	0	0	0	0	0	0	0	0	0	0	0	0	0	0	0	0	0	0	0	0	0	0	0	0	0	0	0	0	1	0	0	0	0	0	0	0	0	0	0	0	0	0	0	0	0	0	0	0	0	0	0	0	0	0	0	0	0	0	
Kobresia_simpliciuscula	0	0	0	0	0	0	0	0	0	0	0	0	0	0	0	0	0	0	0	0	0	0	0	0	0	0	0	0	0	0	0	0	0	0	1	0	0	0	0	0	0	0	0	0	0	0	0	0	0	0	0	0	0	0	0	0	0	0	
N22	0.00185186	0.0033788	0.00635886	0.0114574	0.0193371	0.0304195	0.0445667	0.0608436	0.0774419	0.0919053	0.101748	0.105112	0.10131	0.0911334	0.0765235	0.0599611	0.0438588	0.0299517	0.0190893	0.0113601	0.00631434	0.0032764	0.00158838	0.000719829	0.000304708	0.00012065	4.47272e-05	1.55031e-05	5.0367e-06	1.53635e-06	4.3883e-07	1.17913e-07	2.99005e-08	7.11582e-09	1.60363e-09	3.44292e-10	6.95664e-11	1.34622e-11	2.52009e-12	4.44463e-13	7.62257e-14	1.28722e-14	2.03376e-15	3.16423e-16	4.90274e-17	6.9836e-18	9.85156e-19	1.38848e-19	1.76544e-20	2.23071e-21	2.82247e-22	3.18167e-23	3.5967e-24	4.14226e-25	4.39294e-26	5.33184e-27	9.24369e-28	3.52475e-28	
Carex_gibba	0	0	0	0	0	0	0	0	0	0	0	0	0	0	0	0	1	0	0	0	0	0	0	0	0	0	0	0	0	0	0	0	0	0	0	0	0	0	0	0	0	0	0	0	0	0	0	0	0	0	0	0	0	0	0	0	0	0	
N23	9.36369e-07	2.92058e-06	1.07488e-05	3.8003e-05	0.000123422	0.000365361	0.000985102	0.00242084	0.00542488	0.0110844	0.0206548	0.0350972	0.05435	0.0766917	0.0985713	0.115301	0.122723	0.118817	0.10454	0.0835973	0.0607538	0.0400865	0.0240303	0.0130927	0.0064755	0.00291202	0.00119203	0.000443287	0.00015026	4.65419e-05	1.31199e-05	3.38955e-06	8.06818e-07	1.75314e-07	3.53023e-08	6.65821e-09	1.1504e-09	1.87857e-10	2.94891e-11	4.23046e-12	5.86842e-13	8.00511e-14	9.78879e-15	1.17172e-15	1.38832e-16	1.43379e-17	1.4549e-18	1.46166e-19	1.2561e-20	1.06636e-21	8.9964e-23	6.4285e-24	4.59009e-25	3.31352e-26	2.06797e-27	1.43629e-28	1.36063e-29	2.8016e-30	
N24	3.72813e-11	1.34677e-10	6.24305e-10	2.94127e-09	1.3311e-08	5.70332e-08	2.30234e-07	8.73758e-07	3.11395e-06	1.0408e-05	3.26017e-05	9.55798e-05	0.0002619	0.000669624	0.00159484	0.00353057	0.00725104	0.0137873	0.0242147	0.0392053	0.0583965	0.0798443	0.100047	0.114711	0.120138	0.11484	0.100126	0.079522	0.057547	0.0379547	0.0227878	0.0124749	0.00623672	0.00284228	0.00118589	0.000454909	0.000159772	5.1917e-05	1.57586e-05	4.41514e-06	1.16792e-06	2.96325e-07	6.96853e-08	1.58075e-08	3.50894e-09	7.10135e-10	1.39448e-10	2.68256e-11	4.5806e-12	7.58547e-13	1.22926e-13	1.73824e-14	2.40152e-15	3.29224e-16	4.03584e-17	5.46016e-18	1.04004e-18	4.52814e-19	
Carex_radiata	0	0	0	0	0	0	0	0	0	0	0	0	0	0	0	0	0	0	0	0	0	0	0	0	0	0	0	0	1	0	0	0	0	0	0	0	0	0	0	0	0	0	0	0	0	0	0	0	0	0	0	0	0	0	0	0	0	0	
Carex_macrocephala	0	0	0	0	0	0	0	0	0	0	0	0	0	0	0	0	0	0	0	0	0	0	0	0	0	0	0	0	0	0	0	0	0	0	0	0	1	0	0	0	0	0	0	0	0	0	0	0	0	0	0	0	0	0	0	0	0	0	
N25	7.19693e-10	3.27803e-09	1.97358e-08	1.19512e-07	6.74577e-07	3.45543e-06	1.58899e-05	6.52739e-05	0.000238966	0.000778316	0.00225326	0.00579294	0.0132126	0.0267124	0.0478213	0.0757133	0.105896	0.13069	0.142129	0.136079	0.114602	0.0848079	0.0551235	0.0314582	0.0157515	0.00692141	0.00266971	0.000903427	0.000268519	7.01842e-05	1.61182e-05	3.262e-06	5.83602e-07	9.20817e-08	1.29094e-08	1.62145e-09	1.81009e-10	1.83235e-11	1.71609e-12	1.44542e-13	1.14739e-14	8.83848e-16	6.07079e-17	4.03786e-18	2.64596e-19	1.47828e-20	7.98483e-22	4.2103e-23	1.83287e-24	7.77679e-26	3.39247e-27	1.67313e-28	2.04738e-29	5.01636e-30	1.23365e-30	3.4862e-31	1.33537e-31	9.31589e-32	
Carex_satsumensis	0	0	0	0	0	0	0	0	0	0	0	0	0	0	0	0	0	0	1	0	0	0	0	0	0	0	0	0	0	0	0	0	0	0	0	0	0	0	0	0	0	0	0	0	0	0	0	0	0	0	0	0	0	0	0	0	0	0	
N26	7.1969e-10	3.27801e-09	1.97357e-08	1.19511e-07	6.74573e-07	3.45542e-06	1.58898e-05	6.52737e-05	0.000238966	0.000778314	0.00225325	0.00579293	0.0132126	0.0267124	0.0478212	0.0757132	0.105896	0.13069	0.142129	0.136079	0.114602	0.084808	0.0551235	0.0314582	0.0157516	0.00692142	0.00266972	0.000903429	0.00026852	7.01844e-05	1.61183e-05	3.26201e-06	5.83605e-07	9.20822e-08	1.29096e-08	1.6215e-09	1.81014e-10	1.83248e-11	1.71651e-12	1.44573e-13	1.14816e-14	8.85723e-16	6.0809e-17	4.05858e-18	2.68313e-19	1.49311e-20	8.23562e-22	4.54521e-23	1.93173e-24	9.12913e-26	4.6089e-27	1.40026e-28	7.57907e-30	4.43823e-31	1.15459e-32	9.42441e-34	8.19338e-35	7.11626e-36	
Carex_diandra	0	0	0	0	0	0	0	0	0	0	0	0	0	0	0	0	0	0	0	0	0	0	0	0	0	0	0	0	0	1	0	0	0	0	0	0	0	0	0	0	0	0	0	0	0	0	0	0	0	0	0	0	0	0	0	0	0	0	
N27	1.67035e-15	1.6867e-14	2.266e-13	2.89121e-12	3.32872e-11	3.4121e-10	3.09965e-09	2.48754e-08	1.76189e-07	1.09941e-06	6.04313e-06	2.92338e-05	0.000124432	0.000465706	0.00153139	0.00441819	0.0111633	0.0246456	0.0474062	0.0792254	0.114708	0.143463	0.154633	0.143351	0.114043	0.0777796	0.0454516	0.0227234	0.00973094	0.00357662	0.00112677	0.00030615	7.2366e-05	1.48217e-05	2.68687e-06	4.42494e-07	6.46726e-08	8.84461e-09	1.17187e-09	1.36309e-10	1.51937e-11	1.64252e-12	1.46628e-13	1.24229e-14	1.0075e-15	6.53631e-17	4.05323e-18	2.4213e-19	1.14706e-20	5.29671e-22	2.39596e-23	8.58321e-25	3.087e-26	1.12631e-27	3.32965e-29	1.09909e-30	4.71962e-32	4.1792e-33	
N28	1.15974e-17	1.29934e-16	2.06345e-15	3.12836e-14	4.28016e-13	5.23048e-12	5.68962e-11	5.49236e-10	4.69694e-09	3.55048e-08	2.36999e-07	1.39518e-06	7.23984e-06	3.30935e-05	0.000133245	0.000472392	0.00147571	0.00406429	0.00988531	0.0212594	0.0404653	0.0681027	0.101043	0.13153	0.1493	0.146928	0.124737	0.0909913	0.0569152	0.030511	0.0140069	0.00552134	0.0018792	0.000552399	0.000142446	3.31787e-05	6.93768e-06	1.38826e-06	2.84851e-07	5.31049e-08	9.95378e-09	1.89479e-09	2.89755e-10	4.27832e-11	6.15491e-12	6.80044e-13	7.27815e-14	7.59282e-15	6.02245e-16	4.72063e-17	3.65105e-18	2.13733e-19	1.27817e-20	7.82701e-22	3.72852e-23	2.10727e-24	1.7889e-25	3.40889e-26	
Carex_foenea	0	0	0	0	0	0	0	0	0	0	0	0	0	0	0	0	0	0	0	0	0	0	0	0	0	0	0	0	0	0	0	0	0	0	0	0	0	0	0	0	1	0	0	0	0	0	0	0	0	0	0	0	0	0	0	0	0	0	
N29	4.92345e-19	5.50282e-18	8.97133e-17	1.42743e-15	2.10054e-14	2.83495e-13	3.49787e-12	3.92884e-11	4.00126e-10	3.67522e-09	3.03075e-08	2.23227e-07	1.46184e-06	8.47119e-06	4.32331e-05	0.000193373	0.000754155	0.00255165	0.00745268	0.0187017	0.0401418	0.0733943	0.113877	0.149431	0.165355	0.153939	0.120369	0.0789744	0.0434697	0.0200844	0.00779904	0.00255036	0.0007042	0.000164699	3.27575e-05	5.56704e-06	8.12458e-07	1.02522e-07	1.12843e-08	1.09156e-09	9.41041e-11	7.37146e-12	5.27087e-13	3.54021e-14	2.31119e-15	1.4058e-16	8.3842e-18	5.0613e-19	2.70031e-20	1.41607e-21	7.47583e-23	3.27794e-24	1.41198e-25	6.10046e-27	2.16065e-28	8.04619e-30	3.66052e-31	3.38818e-32	
Carex_conferta	0	0	0	0	0	0	0	0	0	0	0	0	0	0	0	0	0	0	0	0	0	0	0	0	0	1	0	0	0	0	0	0	0	0	0	0	0	0	0	0	0	0	0	0	0	0	0	0	0	0	0	0	0	0	0	0	0	0	
Carex_arcta	0	0	0	0	0	0	0	0	0	0	0	0	0	0	0	0	0	0	0	0	0	0	0	0	0	0	1	0	0	0	0	0	0	0	0	0	0	0	0	0	0	0	0	0	0	0	0	0	0	0	0	0	0	0	0	0	0	0	
N30	1.78475e-19	2.44037e-18	4.69385e-17	8.72584e-16	1.48253e-14	2.27011e-13	3.11484e-12	3.80387e-11	4.12264e-10	3.9428e-09	3.32515e-08	2.46293e-07	1.60381e-06	9.16685e-06	4.60497e-05	0.000203048	0.000783817	0.00263615	0.00767442	0.0192143	0.0411259	0.0748813	0.115539	0.150614	0.165476	0.152952	0.118788	0.0774386	0.0423654	0.0194568	0.00750392	0.00243447	0.000666147	0.000153971	3.02312e-05	5.0864e-06	7.35052e-07	9.30819e-08	1.06576e-08	1.09591e-09	1.07123e-10	1.04403e-11	9.16152e-13	7.83196e-14	6.57733e-15	4.56578e-16	3.00525e-17	1.89735e-18	9.59423e-20	4.62686e-21	2.15266e-22	7.96052e-24	2.86266e-25	1.01137e-26	2.86913e-28	8.61704e-30	3.22221e-31	2.53473e-32	
N31	3.83265e-21	5.1106e-20	9.73322e-19	1.75983e-17	2.87995e-16	4.2448e-15	5.64215e-14	6.77579e-13	7.37971e-12	7.30887e-11	6.60846e-10	5.46028e-09	4.1282e-08	2.84848e-07	1.78859e-06	1.0155e-05	5.17188e-05	0.000233857	0.000927941	0.00319412	0.00943557	0.023705	0.0502808	0.0895332	0.133247	0.165177	0.170108	0.145242	0.10269	0.0600945	0.0291006	0.0116772	0.00389523	0.00108159	0.000252193	5.03137e-05	8.60578e-06	1.32865e-06	2.03022e-07	2.85377e-08	4.16273e-09	6.54444e-10	8.12169e-11	9.90537e-12	1.20259e-12	1.06703e-13	9.26654e-15	7.9524e-16	4.9554e-17	3.08558e-18	1.91189e-19	8.58582e-21	3.96578e-22	1.85861e-23	6.36162e-25	2.46084e-26	1.29499e-27	1.7027e-28	
Carex_disticha	0	0	0	0	0	0	0	0	0	0	0	0	0	0	0	0	0	0	0	0	0	0	0	0	0	0	0	0	0	0	1	0	0	0	0	0	0	0	0	0	0	0	0	0	0	0	0	0	0	0	0	0	0	0	0	0	0	0	
Carex_chordorrhiza	0	0	0	0	0	0	0	0	0	0	0	0	0	0	0	0	0	0	0	0	0	0	0	0	0	0	0	0	0	0	1	0	0	0	0	0	0	0	0	0	0	0	0	0	0	0	0	0	0	0	0	0	0	0	0	0	0	0	
Carex_deweyana_var_deweyana	0	0	0	0	0	0	0	0	0	0	0	0	0	0	0	0	0	0	0	0	0	0	0	0	0	0	1	0	0	0	0	0	0	0	0	0	0	0	0	0	0	0	0	0	0	0	0	0	0	0	0	0	0	0	0	0	0	0	
