NODE	1	2	3	4	5	6	7	8	9	10	11	12	13	14	15	16	17	18	19	20	21	22	23	24	25	26	27	28	29	30	31	32	33	34	35	36	37	38	39	40	41	42	43	44	45	46	47	48	49	50	51	52	53	54	55	56	57	58	59	60	61	62	
N1	7.42753e-021	1.09811e-020	2.12304e-020	4.5848e-020	1.02829e-019	2.33747e-019	5.33459e-019	1.21586e-018	2.75466e-018	6.15845e-018	1.34467e-017	2.83769e-017	5.74736e-017	1.11658e-016	2.88973e-013	9.77563e-013	3.26942e-012	1.09965e-011	3.71816e-011	1.2475e-010	4.07928e-010	1.27787e-009	3.78202e-009	1.04695e-008	2.69281e-008	6.41092e-008	1.41087e-007	2.87261e-007	5.42681e-007	9.55968e-007	1.58214e-006	2.49088e-006	3.80142e-006	5.71564e-006	8.59228e-006	1.30856e-005	2.04053e-005	3.28035e-005	5.44728e-005	9.31585e-005	0.000162929	0.000288679	0.000512928	0.000905214	0.00157354	0.00267588	0.00442784	0.00710032	0.0110004	0.0164299	0.0236214	0.0326601	0.0434095	0.0554657	0.0681667	0.0806682	0.0920824	0.101651	0.108906	0.113768	0.11654	0.117746	
N2	4.00486e-008	3.77021e-008	4.84356e-008	7.96962e-008	1.54505e-007	3.29912e-007	7.38712e-007	1.67947e-006	3.79514e-006	8.41678e-006	1.8174e-005	3.80491e-005	7.70449e-005	0.000150773	0.000285062	0.000520931	0.000920345	0.0015728	0.00259997	0.00415805	0.00643107	0.00961704	0.0138964	0.0193954	0.0261312	0.0339735	0.0426009	0.0515122	0.0600413	0.0674542	0.0730248	0.0761808	0.0765682	0.0741515	0.0691817	0.0621908	0.0538597	0.0449455	0.0361356	0.027997	0.0209002	0.0150375	0.0104259	0.00696812	0.0044884	0.00278761	0.00166887	0.000963622	0.000536461	0.000288167	0.000149289	7.4669e-005	3.60348e-005	1.68041e-005	7.56627e-006	3.29694e-006	1.38936e-006	5.68929e-007	2.27207e-007	9.04727e-008	3.78571e-008	1.95063e-008	
Blysmus_compressus	0	0	0	0	0	0	0	0	0	0	0	0	0	0	0	0	0	0	0	0	0	1	0	0	0	0	0	0	0	0	0	0	0	0	0	0	0	0	0	0	0	0	0	0	0	0	0	0	0	0	0	0	0	0	0	0	0	0	0	0	0	0	
Dulichium_arundinaceum	0	0	0	0	0	0	0	0	0	0	0	0	0	0	0	1	0	0	0	0	0	0	0	0	0	0	0	0	0	0	0	0	0	0	0	0	0	0	0	0	0	0	0	0	0	0	0	0	0	0	0	0	0	0	0	0	0	0	0	0	0	0	
N3	6.73275e-021	1.30224e-020	4.84233e-020	2.35887e-019	1.24816e-018	6.61893e-018	3.39695e-017	1.66227e-016	7.69986e-016	3.36031e-015	1.37683e-014	5.29296e-014	1.91568e-013	6.57821e-013	2.16451e-012	6.88486e-012	2.12646e-011	6.37301e-011	1.84518e-010	5.13096e-010	1.36273e-009	3.4421e-009	8.24783e-009	1.87367e-008	4.04114e-008	8.30578e-008	1.63671e-007	3.11879e-007	5.80737e-007	1.06865e-006	1.9631e-006	3.62642e-006	6.76321e-006	1.27397e-005	2.41877e-005	4.61113e-005	8.78348e-005	0.000166262	0.000310997	0.000571806	0.00102847	0.00180216	0.00306592	0.00504977	0.0080341	0.012324	0.0181992	0.0258386	0.0352284	0.046074	0.0577427	0.0692731	0.0794703	0.0870922	0.0910919	0.090861	0.0863923	0.0783077	0.0677206	0.055981	0.0443645	0.0338232	
N4	2.91263e-018	4.21765e-018	1.05739e-017	3.5631e-017	1.37864e-016	5.61699e-016	2.30098e-015	9.25903e-015	3.61662e-014	1.36346e-013	4.94915e-013	1.72969e-012	5.82764e-012	1.89568e-011	5.95824e-011	1.80906e-010	5.29968e-010	1.4952e-009	4.05345e-009	1.05364e-008	2.62194e-008	6.24303e-008	1.42377e-007	3.11874e-007	6.5927e-007	1.3534e-006	2.71696e-006	5.36693e-006	1.04731e-005	2.02098e-005	3.85005e-005	7.22019e-005	0.000132953	0.000239837	0.000423086	0.000728925	0.00122535	0.00200818	0.00320592	0.00498098	0.00752396	0.0110373	0.0157054	0.0216512	0.028883	0.0372425	0.0463672	0.0556858	0.0644562	0.071854	0.0770938	0.0795691	0.0789639	0.0753264	0.0690574	0.060851	0.0515593	0.0420671	0.0331451	0.0253778	0.0190947	0.0143905	
N5	2.80987e-014	3.37263e-014	6.68077e-014	1.83258e-013	5.91347e-013	2.02876e-012	7.00922e-012	2.37572e-011	7.80059e-011	2.46737e-010	7.49195e-010	2.17811e-009	6.04631e-009	1.60004e-008	4.03801e-008	9.75299e-008	2.26697e-007	5.10012e-007	1.11516e-006	2.37604e-006	4.93998e-006	1.00328e-005	1.99212e-005	3.86973e-005	7.34938e-005	0.000136174	0.00024519	0.000426993	0.000715745	0.00115055	0.00176975	0.00260614	0.00368658	0.00502737	0.00663485	0.00851462	0.0106824	0.0131829	0.0160971	0.0195487	0.023678	0.0286124	0.0343946	0.0409407	0.0479653	0.0550098	0.0614288	0.0665523	0.0697157	0.0705096	0.0687216	0.0645615	0.0584041	0.0509581	0.0428558	0.0348482	0.0273885	0.0209227	0.0155618	0.0114311	0.00842726	0.00653558	
Trichophorum_cespitosum	0	0	0	0	0	0	0	0	0	0	0	0	0	0	0	0	0	0	0	0	0	0	0	0	0	0	0	0	0	0	0	0	0	0	0	0	0	0	0	0	0	0	0	0	0	0	0	0	0	0	0	1	0	0	0	0	0	0	0	0	0	0	
N6	2.47423e-022	4.2943e-021	1.18801e-019	3.16265e-018	7.20874e-017	1.35371e-015	1.99837e-014	1.70974e-013	1.76992e-012	1.54521e-011	5.10005e-011	1.38749e-010	1.00511e-009	1.05986e-008	6.8522e-008	2.36852e-007	4.99212e-007	7.09023e-007	7.41525e-007	1.21644e-006	4.06285e-006	1.10042e-005	2.1623e-005	3.2174e-005	3.67292e-005	3.21562e-005	2.43053e-005	5.26155e-005	0.000386956	0.0024541	0.0111908	0.036945	0.0895299	0.160745	0.214413	0.211713	0.153185	0.0800152	0.0297023	0.0077964	0.00147466	0.000207141	2.22722e-005	1.88349e-006	1.28153e-007	7.15231e-009	3.32665e-010	1.30732e-011	4.39014e-013	1.27264e-014	3.21115e-016	7.10778e-018	1.38876e-019	2.41025e-021	3.73332e-023	5.1884e-025	6.49314e-027	7.35326e-029	7.55645e-031	7.08237e-033	6.07292e-035	5.42408e-037	
Trichophorum_pumilum	0	0	0	0	0	0	0	0	0	0	0	0	0	0	0	0	0	0	0	0	0	0	0	0	0	0	0	0	0	0	0	0	0	0	0	0	0	0	1	0	0	0	0	0	0	0	0	0	0	0	0	0	0	0	0	0	0	0	0	0	0	0	
Trichophorum_alpinum	0	0	0	0	0	0	0	0	0	0	0	0	0	0	0	0	0	0	0	0	0	0	0	0	0	0	0	0	1	0	0	0	0	0	0	0	0	0	0	0	0	0	0	0	0	0	0	0	0	0	0	0	0	0	0	0	0	0	0	0	0	0	
N7	1.72435e-021	1.3438e-020	1.52435e-019	1.87876e-018	2.10337e-017	2.28967e-016	2.65832e-015	2.54215e-014	1.65556e-013	5.90678e-013	1.13497e-012	2.60179e-012	1.67291e-011	1.31048e-010	8.8536e-010	4.90203e-009	2.16917e-008	7.52353e-008	2.01795e-007	4.15882e-007	6.59027e-007	8.10298e-007	7.9343e-007	6.86146e-007	7.97841e-007	2.02767e-006	7.40012e-006	2.69756e-005	9.12568e-005	0.000282999	0.000801237	0.00206582	0.00484077	0.0102941	0.0198432	0.0346444	0.0547508	0.0782975	0.101302	0.118587	0.125619	0.12046	0.104611	0.0823253	0.0587459	0.0380432	0.0223752	0.0119642	0.00582111	0.00258005	0.00104267	0.000384689	0.000129694	4.00127e-005	1.13073e-005	2.93226e-006	6.98782e-007	1.53571e-007	3.12724e-008	5.97699e-009	1.10541e-009	2.37223e-010	
Scirpus_radicans	0	0	0	0	0	0	0	0	0	0	0	0	0	0	0	0	0	0	0	0	0	0	0	0	0	0	0	1	0	0	0	0	0	0	0	0	0	0	0	0	0	0	0	0	0	0	0	0	0	0	0	0	0	0	0	0	0	0	0	0	0	0	
N8	4.87613e-026	5.2008e-025	9.78276e-024	2.11616e-022	4.14404e-021	8.09295e-020	1.51281e-018	2.13231e-017	1.83474e-016	8.2105e-016	2.59434e-015	1.68707e-014	1.83813e-013	1.84618e-012	1.51756e-011	9.85217e-011	4.93824e-010	1.88398e-009	5.43951e-009	1.19249e-008	2.01455e-008	2.73107e-008	3.42325e-008	6.07831e-008	2.06997e-007	9.24096e-007	4.11368e-006	1.70756e-005	6.49154e-005	0.00022407	0.000698231	0.00195629	0.00491394	0.0110442	0.02218	0.0397682	0.0636251	0.0908089	0.115617	0.131333	0.133143	0.120517	0.0974566	0.0704529	0.0455659	0.0263879	0.0136956	0.00637683	0.00266624	0.00100218	0.000338996	0.00010332	2.84029e-005	7.05336e-006	1.58395e-006	3.22483e-007	5.96418e-008	1.01052e-008	1.59422e-009	2.50318e-010	4.54622e-011	1.30099e-011	
N9	6.21712e-017	1.57824e-016	8.73208e-016	6.07535e-015	4.2485e-014	2.79355e-013	1.69043e-012	9.35893e-012	4.77107e-011	2.27166e-010	1.01637e-009	4.22342e-009	1.59145e-008	5.29928e-008	1.52637e-007	3.76376e-007	8.01776e-007	1.53219e-006	2.79934e-006	5.20823e-006	1.02499e-005	2.20402e-005	5.37285e-005	0.000147177	0.000422422	0.00117896	0.00305612	0.00719878	0.0152601	0.0289895	0.0492524	0.0747731	0.101391	0.122806	0.132887	0.128548	0.11123	0.0861885	0.0598617	0.0373275	0.020922	0.0105642	0.00481209	0.00198361	0.000741228	0.000252326	7.84466e-005	2.24689e-005	5.95416e-006	1.48295e-006	3.49094e-007	7.94931e-008	1.74936e-008	3.79977e-009	7.98534e-010	1.64502e-010	3.21403e-011	6.04215e-012	1.05808e-012	1.76782e-013	2.82378e-014	5.87549e-015	
Scirpus_mitsukurianus	0	0	0	0	0	0	0	0	0	0	0	0	0	0	0	0	0	0	0	0	0	0	0	0	0	0	0	0	0	0	0	0	0	1	0	0	0	0	0	0	0	0	0	0	0	0	0	0	0	0	0	0	0	0	0	0	0	0	0	0	0	0	
Scirpus_polystachyus	0	0	0	0	0	0	0	0	0	0	0	0	0	0	0	0	0	0	0	0	0	0	0	0	0	0	0	0	0	1	0	0	0	0	0	0	0	0	0	0	0	0	0	0	0	0	0	0	0	0	0	0	0	0	0	0	0	0	0	0	0	0	
N10	8.01208e-028	7.09362e-027	1.40128e-025	3.01655e-024	6.02726e-023	1.07587e-021	1.66041e-020	2.12103e-019	2.22562e-018	2.12423e-017	2.13151e-016	2.20726e-015	2.11633e-014	1.75362e-013	1.21202e-012	6.83092e-012	3.09399e-011	1.12069e-010	3.2733e-010	7.92678e-010	1.69299e-009	3.62901e-009	9.67641e-009	3.6642e-008	1.74196e-007	8.71562e-007	4.18386e-006	1.85341e-005	7.44234e-005	0.000268309	0.00086352	0.00247198	0.00627942	0.0141321	0.0281486	0.0495894	0.0772408	0.10636	0.129484	0.139399	0.132764	0.111917	0.0835566	0.0552895	0.0324515	0.0169098	0.00783012	0.00322521	0.00118295	0.000386783	0.000112864	2.9427e-005	6.86381e-006	1.43425e-006	2.68872e-007	4.53322e-008	6.89961e-009	9.62015e-010	1.29613e-010	2.10746e-011	5.82889e-012	2.94775e-012	
N11	9.35142e-024	6.94958e-023	1.17087e-021	2.10396e-020	3.47652e-019	5.1096e-018	6.54697e-017	7.31203e-016	7.36272e-015	6.93752e-014	6.08053e-013	4.75644e-012	3.18628e-011	1.77893e-010	8.16596e-010	3.08272e-009	9.7565e-009	2.71507e-008	7.21951e-008	2.03398e-007	6.51181e-007	2.34571e-006	8.88974e-006	3.30802e-005	0.000115551	0.000370086	0.00107477	0.00281547	0.0066359	0.0140528	0.0267165	0.0455759	0.069742	0.0957178	0.117819	0.130077	0.128831	0.114499	0.0913466	0.0654478	0.0421333	0.0243869	0.0126988	0.00595391	0.00251537	0.000958675	0.000329947	0.000102778	2.90397e-005	7.49346e-006	1.78127e-006	4.0024e-007	8.77571e-008	2.00261e-008	4.87147e-009	1.283e-009	3.40258e-010	8.89355e-011	2.15993e-011	4.94799e-012	1.07437e-012	2.99342e-013	
N12	1.85963e-019	5.92319e-019	3.72176e-018	2.8639e-017	2.26116e-016	1.717e-015	1.22692e-014	8.21035e-014	5.15544e-013	3.04317e-012	1.68174e-011	8.61035e-011	4.03366e-010	1.7139e-009	6.6052e-009	2.33865e-008	7.81455e-008	2.55575e-007	8.45991e-007	2.8778e-006	9.9622e-006	3.41554e-005	0.000112474	0.000346994	0.000986137	0.00255517	0.00600003	0.0127244	0.0243223	0.0418543	0.0647959	0.090212	0.112933	0.127123	0.128686	0.117182	0.096024	0.0708427	0.047082	0.0282069	0.0152445	0.00743897	0.00328036	0.0013087	0.00047278	0.000154941	4.61022e-005	1.2509e-005	3.09766e-006	7.12261e-007	1.5289e-007	3.33753e-008	7.65795e-009	2.31962e-009	7.99235e-010	3.35893e-010	1.3148e-010	5.20326e-011	1.81831e-011	6.07973e-012	1.88827e-012	7.50198e-013	
Eriophorum_brachyantherum	0	0	0	0	0	0	0	0	0	0	0	0	0	0	0	0	0	0	0	0	0	0	0	0	0	0	0	0	1	0	0	0	0	0	0	0	0	0	0	0	0	0	0	0	0	0	0	0	0	0	0	0	0	0	0	0	0	0	0	0	0	0	
Eriophorum_chamissonis	0	0	0	0	0	0	0	0	0	0	0	0	0	0	0	0	0	0	0	0	0	0	0	0	0	0	0	0	0	1	0	0	0	0	0	0	0	0	0	0	0	0	0	0	0	0	0	0	0	0	0	0	0	0	0	0	0	0	0	0	0	0	
N13	5.66806e-020	1.96999e-019	1.27395e-018	9.95524e-018	7.99148e-017	6.15502e-016	4.43409e-015	2.96933e-014	1.85287e-013	1.08202e-012	5.92054e-012	3.02693e-011	1.43989e-010	6.36114e-010	2.62024e-009	1.01865e-008	3.81284e-008	1.40572e-007	5.18954e-007	1.92239e-006	7.0528e-006	2.50774e-005	8.45264e-005	0.000265306	0.000765811	0.00201659	0.00482023	0.0104268	0.0203733	0.0359162	0.0570861	0.0817698	0.105531	0.122704	0.128545	0.121351	0.103261	0.0792307	0.0548421	0.0342636	0.0193338	0.00985994	0.00454813	0.00189927	0.000718636	0.000246694	7.6901e-005	2.18259e-005	5.64517e-006	1.34344e-006	2.94749e-007	6.2802e-008	1.32375e-008	3.51237e-009	1.1183e-009	5.19827e-010	2.38527e-010	1.18918e-010	5.20644e-011	2.20007e-011	8.55584e-012	4.17746e-012	
Eriophorum_angustifolium	0	0	0	0	0	0	0	0	0	0	0	0	0	0	0	0	0	0	0	0	0	0	0	0	0	0	0	0	1	0	0	0	0	0	0	0	0	0	0	0	0	0	0	0	0	0	0	0	0	0	0	0	0	0	0	0	0	0	0	0	0	0	
Eriophorum_vaginatum	0	0	0	0	0	0	0	0	0	0	0	0	0	0	0	0	0	0	0	0	0	0	0	0	0	0	0	0	1	0	0	0	0	0	0	0	0	0	0	0	0	0	0	0	0	0	0	0	0	0	0	0	0	0	0	0	0	0	0	0	0	0	
N14	1.0176e-029	2.02706e-028	6.89348e-027	2.2683e-025	6.49367e-024	1.59931e-022	3.06154e-021	4.05061e-020	3.79628e-019	3.92116e-018	5.44179e-017	7.48587e-016	8.8361e-015	8.56727e-014	6.62344e-013	3.98212e-012	1.83186e-011	6.45103e-011	1.80626e-010	4.61482e-010	1.45738e-009	6.80698e-009	3.87201e-008	2.24048e-007	1.23722e-006	6.34823e-006	2.96989e-005	0.000124796	0.00046577	0.0015319	0.00441603	0.0111167	0.0243773	0.0464874	0.0770122	0.110761	0.138257	0.149784	0.14087	0.115064	0.0816749	0.0504206	0.0270952	0.012688	0.00518342	0.00184971	0.00057735	0.00015785	3.7859e-005	7.97811e-006	1.47959e-006	2.41943e-007	3.49617e-008	4.48778e-009	5.18998e-010	5.7216e-011	7.00779e-012	1.18734e-012	2.60532e-013	6.00014e-014	1.30035e-014	3.1359e-015	
N15	8.78191e-018	2.33651e-017	1.25044e-016	8.3873e-016	5.81856e-015	3.88661e-014	2.43462e-013	1.41769e-012	7.67393e-012	3.87685e-011	1.83042e-010	8.03153e-010	3.23805e-009	1.18451e-008	3.89529e-008	1.14947e-007	3.07253e-007	7.61849e-007	1.8203e-006	4.38308e-006	1.10183e-005	2.91935e-005	8.00147e-005	0.000219351	0.000581912	0.00145764	0.00339398	0.00727829	0.0143003	0.0256678	0.0420184	0.0626753	0.0851393	0.105302	0.118572	0.121562	0.11349	0.0965148	0.0747909	0.0528401	0.0340506	0.0200313	0.010763	0.00528989	0.00237964	0.000983113	0.000373568	0.000131957	4.36539e-005	1.40434e-005	4.51105e-006	1.57183e-006	5.87964e-007	2.43055e-007	9.97729e-008	4.11018e-008	1.5678e-008	5.73938e-009	1.91787e-009	6.14458e-010	1.90625e-010	7.62937e-011	
Scirpus_sylvaticus	0	0	0	0	0	0	0	0	0	0	0	0	0	0	0	0	0	0	0	0	0	0	0	0	0	0	0	0	0	0	1	0	0	0	0	0	0	0	0	0	0	0	0	0	0	0	0	0	0	0	0	0	0	0	0	0	0	0	0	0	0	0	
Scirpus_microcarpus	0	0	0	0	0	0	0	0	0	0	0	0	0	0	0	0	0	0	0	0	0	0	0	0	0	0	0	0	0	0	0	1	0	0	0	0	0	0	0	0	0	0	0	0	0	0	0	0	0	0	0	0	0	0	0	0	0	0	0	0	0	0	
N16	2.13274e-033	2.47717e-032	7.57012e-031	3.60635e-029	2.13336e-027	1.26158e-025	5.3464e-024	1.44763e-022	3.37106e-021	7.83525e-020	1.6259e-018	2.83461e-017	3.99505e-016	4.42664e-015	3.84711e-014	2.74288e-013	1.77955e-012	1.17913e-011	8.25192e-011	5.85218e-010	4.0402e-009	2.66301e-008	1.65671e-007	9.61801e-007	5.14525e-006	2.50338e-005	0.000109403	0.000424734	0.00145151	0.00433519	0.0112544	0.0252949	0.0490802	0.0820519	0.118034	0.145981	0.155144	0.141655	0.111115	0.0748915	0.0433847	0.0216109	0.00926133	0.0034168	0.00108601	0.000297629	7.03949e-005	1.43836e-005	2.54165e-006	3.88866e-007	5.15784e-008	5.94017e-009	5.95218e-010	5.21255e-011	4.02913e-012	2.8621e-013	2.13422e-014	2.51871e-015	5.40477e-016	1.4416e-016	3.64831e-017	1.0834e-017	
Scirpus_expansus	0	0	0	0	0	0	0	0	0	0	0	0	0	0	0	0	0	0	0	0	0	0	0	0	0	0	0	0	0	0	0	1	0	0	0	0	0	0	0	0	0	0	0	0	0	0	0	0	0	0	0	0	0	0	0	0	0	0	0	0	0	0	
N17	2.05769e-031	2.58959e-031	1.29643e-030	3.13847e-029	1.16859e-027	4.30362e-026	1.44008e-024	4.25129e-023	1.09512e-021	2.45775e-020	4.80925e-019	8.19846e-018	1.21488e-016	1.56427e-015	1.75895e-014	1.74793e-013	1.56214e-012	1.28103e-011	9.82016e-011	7.12946e-010	4.9272e-009	3.23349e-008	1.99895e-007	1.15114e-006	6.09757e-006	2.93288e-005	0.000126556	0.000484711	0.00163325	0.00480789	0.0122995	0.0272365	0.0520636	0.0857408	0.121489	0.147979	0.154866	0.139216	0.107492	0.0712948	0.0406303	0.0199028	0.00838418	0.00303909	0.000948551	0.000255121	5.91793e-005	1.18506e-005	2.05065e-006	3.06981e-007	3.98032e-008	4.47666e-009	4.3759e-010	3.73317e-011	2.80574e-012	1.93144e-013	1.38528e-014	1.56393e-015	3.1112e-016	8.0145e-017	2.51673e-017	2.6458e-017	
N18	1.93974e-017	5.45471e-017	2.95993e-016	1.99591e-015	1.40387e-014	9.58947e-014	6.18851e-013	3.73843e-012	2.10763e-011	1.10551e-010	5.3681e-010	2.4025e-009	9.91209e-009	3.7988e-008	1.37325e-007	4.77477e-007	1.62407e-006	5.44361e-006	1.78922e-005	5.68724e-005	0.000171904	0.000486717	0.00127629	0.00307589	0.00677955	0.0136243	0.0249169	0.0414216	0.0625459	0.0857473	0.106706	0.120524	0.123563	0.115001	0.0971905	0.074611	0.0520497	0.0330142	0.0190496	0.0100066	0.00478832	0.00208927	0.00083181	0.000302635	0.000100693	3.07382e-005	8.62144e-006	2.24666e-006	5.48354e-007	1.31415e-007	3.20781e-008	8.97345e-009	2.80209e-009	1.00215e-009	3.52511e-010	1.24642e-010	4.03328e-011	1.25385e-011	3.53526e-012	9.53622e-013	2.45839e-013	8.26142e-014	
Scirpus_ancistrochaetus	0	0	0	0	0	0	0	0	0	0	0	0	0	0	0	0	0	0	0	0	0	0	0	0	0	0	1	0	0	0	0	0	0	0	0	0	0	0	0	0	0	0	0	0	0	0	0	0	0	0	0	0	0	0	0	0	0	0	0	0	0	0	
N19	4.4233e-038	1.75391e-034	6.73424e-031	2.38952e-028	7.8051e-025	1.72713e-021	1.53172e-019	6.25697e-022	2.73094e-022	1.3808e-019	3.48442e-016	5.17034e-013	3.50664e-010	8.8657e-010	4.51479e-012	1.08364e-014	1.53392e-017	1.51084e-020	1.02446e-021	8.16177e-020	3.45966e-016	1.02232e-012	1.9531e-009	2.17928e-006	0.00119068	0.216	0.676959	0.105032	0.000813693	2.37714e-006	3.63721e-009	3.39213e-012	2.10658e-015	9.23877e-019	2.98123e-022	7.30327e-026	1.38993e-029	2.09589e-033	2.53939e-037	2.50777e-041	2.03577e-045	1.37615e-049	7.7809e-054	3.74823e-058	1.31502e-059	1.3327e-058	3.48142e-059	2.73315e-061	2.11716e-063	1.72862e-065	1.39993e-067	1.1888e-069	9.69094e-072	8.01224e-074	6.19566e-076	4.74423e-078	4.92821e-080	1.82041e-079	9.76595e-079	1.70894e-078	2.38224e-080	1.33353e-082	
Scirpus_georgianus	0	0	0	0	0	0	0	0	0	0	0	0	0	0	0	0	0	0	0	0	0	0	0	0	0	1	0	0	0	0	0	0	0	0	0	0	0	0	0	0	0	0	0	0	0	0	0	0	0	0	0	0	0	0	0	0	0	0	0	0	0	0	
N20	1.06762e-054	2.0337e-049	2.54072e-044	1.0373e-040	6.00569e-036	1.47437e-031	2.7452e-028	5.92002e-031	6.94115e-032	6.7299e-028	4.09483e-023	1.10293e-018	8.57726e-015	6.38529e-014	2.10479e-017	2.2949e-021	1.18901e-025	8.88298e-030	1.38223e-031	7.69689e-030	8.0672e-025	9.63749e-020	6.52011e-015	2.19144e-010	2.94231e-006	0.0100604	0.817723	0.172091	0.000122747	2.17748e-008	1.53027e-012	5.31604e-017	1.04179e-021	1.25808e-026	9.96851e-032	5.51998e-037	2.7209e-042	2.95016e-045	2.98075e-049	9.31883e-052	6.39047e-056	1.29422e-058	6.07823e-063	8.20461e-066	2.60678e-070	2.39239e-073	4.92343e-078	3.11198e-081	3.76264e-086	1.6441e-089	9.20137e-095	2.71189e-098	1.98054e-104	1.40822e-108	6.67785e-115	2.24343e-119	7.46074e-126	1.4254e-130	3.36403e-137	3.96691e-142	8.77345e-149	3.53586e-153	
Scirpus_hattorianus	0	0	0	0	0	0	0	0	0	0	0	0	0	0	0	0	0	0	0	0	0	0	0	0	0	0	0	1	0	0	0	0	0	0	0	0	0	0	0	0	0	0	0	0	0	0	0	0	0	0	0	0	0	0	0	0	0	0	0	0	0	0	
Scirpus_flaccidifolius	0	0	0	0	0	0	0	0	0	0	0	0	0	0	0	0	0	0	0	0	0	0	0	0	0	0	1	0	0	0	0	0	0	0	0	0	0	0	0	0	0	0	0	0	0	0	0	0	0	0	0	0	0	0	0	0	0	0	0	0	0	0	
N21	4.8723e-027	2.60507e-027	1.88917e-027	1.60947e-027	4.2579e-027	1.04073e-025	3.17789e-024	8.68746e-023	2.0913e-021	4.4219e-020	8.20319e-019	1.33296e-017	1.89449e-016	2.35738e-015	2.58279e-014	2.52019e-013	2.22606e-012	1.81256e-011	1.38227e-010	9.97129e-010	6.8219e-009	4.41037e-008	2.67341e-007	1.50403e-006	7.76477e-006	3.63616e-005	0.00015275	0.000569945	0.00187307	0.00538557	0.0134778	0.0292441	0.0548625	0.0888101	0.12388	0.148759	0.153697	0.136584	0.104387	0.0686182	0.0388034	0.0188841	0.0079127	0.00285637	0.000888928	0.000238686	5.53458e-005	1.10934e-005	1.92412e-006	2.89131e-007	3.76883e-008	4.26814e-009	4.20746e-010	3.62868e-011	2.75305e-012	2.03668e-013	1.40374e-014	4.53899e-015	4.7204e-016	1.31446e-015	4.93361e-015	3.09425e-014	
N22	8.72981e-015	3.99412e-014	3.86616e-013	4.01227e-012	3.77399e-011	3.12796e-010	2.26465e-009	1.40906e-008	7.56234e-008	3.71028e-007	1.8428e-006	1.00321e-005	5.79481e-005	0.000316165	0.00148618	0.00575765	0.0180278	0.045186	0.0902066	0.143186	0.180907	0.182607	0.148105	0.0972304	0.0520917	0.0229754	0.00841512	0.00258169	0.00066885	0.000147479	2.78756e-005	4.54767e-006	6.4432e-007	7.97523e-008	8.66936e-009	8.31927e-010	7.07871e-011	5.36547e-012	3.63622e-013	2.21299e-014	1.21321e-015	6.01894e-017	2.70945e-018	1.11322e-019	4.18598e-021	1.45455e-022	4.68914e-024	1.42837e-025	4.13626e-027	1.17395e-028	3.26478e-030	9.17622e-032	2.53807e-033	7.03736e-035	1.86901e-036	4.84591e-038	1.17533e-039	2.7374e-041	5.90309e-043	1.21512e-044	2.3129e-046	4.95811e-048	
Scirpus_pendulus	0	0	0	0	0	0	0	0	0	0	0	0	0	0	0	0	0	0	0	1	0	0	0	0	0	0	0	0	0	0	0	0	0	0	0	0	0	0	0	0	0	0	0	0	0	0	0	0	0	0	0	0	0	0	0	0	0	0	0	0	0	0	
Scirpus_fontinalis	0	0	0	0	0	0	0	0	0	0	0	0	0	0	0	0	0	1	0	0	0	0	0	0	0	0	0	0	0	0	0	0	0	0	0	0	0	0	0	0	0	0	0	0	0	0	0	0	0	0	0	0	0	0	0	0	0	0	0	0	0	0	
N23	2.1424e-021	1.14141e-020	9.30711e-020	8.84955e-019	8.92056e-018	8.9828e-017	8.72457e-016	8.01106e-015	6.88055e-014	5.50314e-013	4.09418e-012	2.83057e-011	1.81311e-010	1.07041e-009	5.78887e-009	2.85195e-008	1.27513e-007	5.16859e-007	1.90411e-006	6.41891e-006	2.00205e-005	5.85716e-005	0.000162769	0.000432561	0.00109716	0.00263189	0.00589826	0.0122076	0.0231232	0.0398262	0.0621008	0.0874092	0.110838	0.126444	0.129652	0.119414	0.0987532	0.0733124	0.0488569	0.0292322	0.0157079	0.00758406	0.00329213	0.0012858	0.00045225	0.000143398	4.10342e-005	1.06136e-005	2.48477e-006	5.29252e-007	1.03088e-007	1.94459e-008	3.93853e-009	1.40114e-009	7.69919e-010	5.93122e-010	4.1314e-010	2.84724e-010	1.70698e-010	9.58151e-011	5.00361e-011	3.12803e-011	
Scirpus_orientalis	0	0	0	0	0	0	0	0	0	0	0	0	0	1	0	0	0	0	0	0	0	0	0	0	0	0	0	0	0	0	0	0	0	0	0	0	0	0	0	0	0	0	0	0	0	0	0	0	0	0	0	0	0	0	0	0	0	0	0	0	0	0	
N24	1.12525e-020	7.88041e-020	1.11347e-018	1.62302e-017	2.12445e-016	2.43962e-015	2.31115e-014	1.63729e-013	8.70618e-013	5.40366e-012	4.73544e-011	4.39342e-010	3.59206e-009	2.40702e-008	1.23501e-007	4.39329e-007	9.73147e-007	1.27137e-006	1.01485e-006	5.47578e-007	2.30753e-007	1.05758e-007	1.16764e-007	4.80164e-007	3.80719e-006	3.05182e-005	0.000206924	0.00114283	0.00505794	0.0177061	0.0484056	0.10224	0.165359	0.203948	0.19172	0.138148	0.0768986	0.0334971	0.0115471	0.00320237	0.000722159	0.000135064	2.11279e-005	2.84061e-006	3.29989e-007	3.45499e-008	3.24932e-009	2.90569e-010	2.3964e-011	1.92536e-012	1.41379e-013	9.97691e-015	6.30522e-016	3.76214e-017	1.9929e-018	9.88285e-020	4.35191e-021	1.78993e-022	6.55661e-024	2.24471e-025	6.89174e-027	2.42362e-028	
Scirpus_cyperinus	0	0	0	0	0	0	0	0	0	0	0	0	0	0	0	0	0	0	0	0	0	0	0	0	0	0	0	0	0	0	0	0	1	0	0	0	0	0	0	0	0	0	0	0	0	0	0	0	0	0	0	0	0	0	0	0	0	0	0	0	0	0	
Scirpus_atrocinctus	0	0	0	0	0	0	0	0	0	0	0	0	0	0	0	0	0	0	0	0	0	0	0	0	0	0	0	0	0	0	0	0	0	1	0	0	0	0	0	0	0	0	0	0	0	0	0	0	0	0	0	0	0	0	0	0	0	0	0	0	0	0	
N25	2.02553e-022	8.1496e-022	7.24763e-021	7.63466e-020	7.82992e-019	7.39933e-018	6.34098e-017	4.81804e-016	3.15841e-015	1.77494e-014	8.84915e-014	4.24455e-013	2.11974e-012	1.09733e-011	5.48625e-011	2.49086e-010	9.94096e-010	3.43834e-009	1.02662e-008	2.65854e-008	6.05309e-008	1.23914e-007	2.3436e-007	4.20363e-007	7.33046e-007	1.28993e-006	2.44401e-006	5.33162e-006	1.33965e-005	3.61802e-005	9.78292e-005	0.000254177	0.00062277	0.00142782	0.00305267	0.00607594	0.0112471	0.0193509	0.0309312	0.04592	0.063301	0.0810148	0.0962514	0.10615	0.108664	0.103254	0.0910733	0.0745715	0.0566841	0.0400055	0.0262157	0.0159542	0.00901713	0.0047344	0.0023093	0.00104694	0.000441287	0.000173228	6.35893e-005	2.21962e-005	7.81245e-006	3.36702e-006	
N26	1.9107e-023	8.16191e-023	7.66172e-022	8.31259e-021	8.68473e-020	8.35604e-019	7.309e-018	5.76545e-017	4.082e-016	2.61033e-015	1.53862e-014	8.58647e-014	4.61337e-013	2.37748e-012	1.15403e-011	5.17218e-011	2.10834e-010	7.74412e-010	2.55348e-009	7.57834e-009	2.04572e-008	5.11662e-008	1.21412e-007	2.79884e-007	6.40652e-007	1.49213e-006	3.63906e-006	9.46626e-006	2.59718e-005	7.24662e-005	0.000197762	0.000513428	0.001248	0.00281741	0.00588367	0.011343	0.0201659	0.0330401	0.0498687	0.0693209	0.0887312	0.104572	0.113465	0.113348	0.104252	0.088289	0.0688545	0.0494575	0.0327252	0.0199526	0.0112125	0.00581038	0.00277839	0.00122804	0.000503363	0.000193053	7.05518e-005	2.55638e-005	9.72192e-006	4.13937e-006	2.06156e-006	1.355e-006	
N27	1.12001e-020	3.66501e-020	2.41378e-019	1.8861e-018	1.49106e-017	1.12835e-016	7.98298e-016	5.24361e-015	3.2101e-014	1.84394e-013	9.94842e-013	5.01373e-012	2.34282e-011	1.00936e-010	4.00142e-010	1.46443e-009	4.99847e-009	1.61922e-008	5.0878e-008	1.5805e-007	4.89828e-007	1.5105e-006	4.58903e-006	1.35772e-005	3.87143e-005	0.000105477	0.000272622	0.000664541	0.00152042	0.00325276	0.0064882	0.01204	0.0207509	0.0331766	0.0491611	0.0674719	0.0857294	0.100808	0.109678	0.110393	0.102788	0.0885366	0.0705528	0.0520205	0.0354962	0.0224203	0.0131123	0.00710342	0.00356619	0.00166038	0.000717631	0.000288468	0.000108167	3.80702e-005	1.27086e-005	4.10501e-006	1.31916e-006	4.37661e-007	1.53338e-007	5.74592e-008	2.33377e-008	1.20569e-008	
N28	1.34824e-015	2.94995e-015	1.35977e-014	8.05361e-014	4.87371e-013	2.79546e-012	1.4838e-011	7.25748e-011	3.29305e-010	1.39752e-009	5.52682e-009	2.00377e-008	6.51241e-008	1.85818e-007	4.5927e-007	9.85448e-007	1.88654e-006	3.42877e-006	6.48936e-006	1.39487e-005	3.4939e-005	9.72201e-005	0.000278414	0.000771982	0.00199907	0.00474702	0.0102448	0.0200101	0.0352928	0.0561543	0.0805494	0.104161	0.12142	0.127651	0.121071	0.103691	0.0802378	0.0561745	0.0356087	0.0204752	0.010689	0.00507894	0.00219859	0.000870259	0.000315323	0.000105205	3.2372e-005	9.28133e-006	2.4854e-006	6.32362e-007	1.53087e-007	3.60786e-008	8.21467e-009	1.84493e-009	3.9898e-010	8.44392e-011	1.69124e-011	3.26534e-012	5.88062e-013	1.01488e-013	1.68224e-014	3.65627e-015	
Carex_pulicaris	0	0	0	0	0	0	0	0	0	0	0	0	0	0	0	0	0	0	0	0	0	0	0	0	0	0	0	0	0	1	0	0	0	0	0	0	0	0	0	0	0	0	0	0	0	0	0	0	0	0	0	0	0	0	0	0	0	0	0	0	0	0	
Carex_peregrina	0	0	0	0	0	0	0	0	0	0	0	0	0	0	0	0	0	0	0	0	0	0	0	0	0	0	0	0	0	0	1	0	0	0	0	0	0	0	0	0	0	0	0	0	0	0	0	0	0	0	0	0	0	0	0	0	0	0	0	0	0	0	
N29	1.93089e-019	6.69712e-019	4.41802e-018	3.37331e-017	2.62341e-016	1.98288e-015	1.42138e-014	9.54448e-014	5.97136e-013	3.4725e-012	1.87441e-011	9.39041e-011	4.37248e-010	1.89838e-009	7.72401e-009	2.96466e-008	1.08091e-007	3.76379e-007	1.25479e-006	4.00363e-006	1.21971e-005	3.5369e-005	9.73063e-005	0.000253189	0.000621163	0.00143254	0.00309624	0.00625326	0.0117677	0.0205805	0.0333722	0.0500737	0.0694071	0.0887537	0.104594	0.113511	0.113381	0.104202	0.0880988	0.0685188	0.0490266	0.0322788	0.0195605	0.0109137	0.00560879	0.00265632	0.00115995	0.000467342	0.000173851	5.97747e-005	1.90177e-005	5.61138e-006	1.54017e-006	3.96236e-007	9.67874e-008	2.31663e-008	5.69084e-009	1.53347e-009	4.60946e-010	1.52124e-010	5.32734e-011	2.35803e-011	
Carex_microglochin	0	0	0	0	0	0	0	0	0	0	0	0	0	0	0	0	0	0	0	0	0	0	0	0	0	0	0	1	0	0	0	0	0	0	0	0	0	0	0	0	0	0	0	0	0	0	0	0	0	0	0	0	0	0	0	0	0	0	0	0	0	0	
N30	1.17142e-018	6.27174e-018	6.22278e-017	6.70129e-016	7.00801e-015	6.80769e-014	5.98541e-013	4.68036e-012	3.24345e-011	2.01434e-010	1.14285e-009	6.03062e-009	2.97278e-008	1.35548e-007	5.647e-007	2.13757e-006	7.36015e-006	2.31331e-005	6.65468e-005	0.000175539	0.000425914	0.000956592	0.00200837	0.00398567	0.00754028	0.0136282	0.0234138	0.0378637	0.0570074	0.079154	0.100642	0.116628	0.122817	0.117332	0.101599	0.0797131	0.0566657	0.0365046	0.0213187	0.0112916	0.00542695	0.00236827	0.000938977	0.00033849	0.000111023	3.31619e-005	9.02719e-006	2.24213e-006	5.08522e-007	1.05529e-007	2.00609e-008	3.51347e-009	5.69961e-010	8.79129e-011	1.33496e-011	2.2022e-012	4.14435e-013	9.13036e-014	2.07646e-014	4.69616e-015	1.01233e-015	2.74076e-016	
Schoenoxiphium_ludwigii	0	0	0	0	0	0	0	0	0	0	0	0	0	0	0	0	1	0	0	0	0	0	0	0	0	0	0	0	0	0	0	0	0	0	0	0	0	0	0	0	0	0	0	0	0	0	0	0	0	0	0	0	0	0	0	0	0	0	0	0	0	0	
N31	2.86046e-018	1.30997e-017	1.24173e-016	1.37011e-015	1.47478e-014	1.46865e-013	1.33022e-012	1.08816e-011	8.02381e-011	5.35801e-010	3.27432e-009	1.84955e-008	9.67912e-008	4.66281e-007	2.04487e-006	8.06726e-006	2.83315e-005	8.78679e-005	0.000239558	0.000574067	0.0012166	0.00231444	0.00405691	0.00679015	0.0112225	0.0185576	0.0302694	0.0473366	0.0691381	0.0926701	0.112863	0.124268	0.123396	0.110395	0.0889535	0.0645621	0.0422184	0.0248849	0.013227	0.00634457	0.00274754	0.00107557	0.000380667	0.000122182	3.55237e-005	9.459e-006	2.29202e-006	5.3028e-007	1.1365e-007	2.73114e-008	6.18007e-009	1.99976e-009	5.14735e-010	1.93625e-010	4.91556e-011	1.79017e-011	4.55474e-012	1.67029e-012	4.9637e-013	1.84483e-013	5.99529e-014	2.57196e-014	
N32	3.99833e-018	1.50403e-017	1.25862e-016	1.22014e-015	1.13371e-014	9.68873e-014	7.44084e-013	4.9824e-012	2.88609e-011	1.55703e-010	8.72835e-010	5.06775e-009	2.81629e-008	1.40373e-007	5.99066e-007	2.09211e-006	5.69411e-006	1.15722e-005	1.71467e-005	1.86105e-005	1.53812e-005	1.06049e-005	7.50428e-006	7.95646e-006	1.67286e-005	5.85745e-005	0.000237049	0.000904074	0.00303116	0.00874738	0.0215395	0.0450817	0.0798863	0.119737	0.151389	0.16184	0.146038	0.112147	0.0731959	0.0414099	0.0202495	0.00892454	0.00349942	0.00131077	0.00044597	0.000150334	4.52135e-005	1.33806e-005	3.43396e-006	8.55323e-007	1.83042e-007	3.78427e-008	6.75273e-009	1.16368e-009	1.74586e-010	2.5266e-011	3.20805e-012	3.91547e-013	4.21546e-014	4.34662e-015	4.04159e-016	4.79383e-017	
Schoenoxiphium_burkei	0	0	0	0	0	0	0	0	0	0	0	0	0	0	0	0	0	0	0	0	0	0	0	0	0	0	0	0	0	0	0	0	0	0	1	0	0	0	0	0	0	0	0	0	0	0	0	0	0	0	0	0	0	0	0	0	0	0	0	0	0	0	
Schoenoxiphium_filiforme	0	0	0	0	0	0	0	0	0	0	0	0	0	0	0	0	0	0	0	0	0	0	0	0	0	0	0	0	0	0	0	0	0	0	0	1	0	0	0	0	0	0	0	0	0	0	0	0	0	0	0	0	0	0	0	0	0	0	0	0	0	0	
N33	1.32629e-013	3.61471e-013	1.95789e-012	1.3094e-011	8.93215e-011	5.78391e-010	3.46209e-009	1.89806e-008	9.51259e-008	4.3662e-007	1.84136e-006	7.15647e-006	2.56706e-005	8.49763e-005	0.000259231	0.000727302	0.00187221	0.00441082	0.00948568	0.0185718	0.0330182	0.05318	0.0774374	0.101778	0.120593	0.12871	0.123687	0.107007	0.0833552	0.0584857	0.0369825	0.0210899	0.0108549	0.00504714	0.002122	0.000807563	0.000278483	8.71176e-005	2.47506e-005	6.39405e-006	1.50379e-006	3.22421e-007	6.30981e-008	1.12913e-008	1.85002e-009	2.78374e-010	3.85292e-011	4.94235e-012	5.89377e-013	6.70444e-014	7.35955e-015	8.53277e-016	1.0615e-016	1.62424e-017	2.66751e-018	4.92429e-019	8.56869e-020	1.49273e-020	2.34847e-021	3.54745e-022	4.93408e-023	8.80237e-024	
Schoenoxiphium_ecklonii	0	0	0	0	0	0	0	0	0	0	0	0	0	0	0	0	0	1	0	0	0	0	0	0	0	0	0	0	0	0	0	0	0	0	0	0	0	0	0	0	0	0	0	0	0	0	0	0	0	0	0	0	0	0	0	0	0	0	0	0	0	0	
Schoenoxiphium_sparteum	0	0	0	0	0	0	0	0	0	0	0	0	0	0	0	0	0	1	0	0	0	0	0	0	0	0	0	0	0	0	0	0	0	0	0	0	0	0	0	0	0	0	0	0	0	0	0	0	0	0	0	0	0	0	0	0	0	0	0	0	0	0	
N34	3.9523e-023	2.55398e-022	2.9168e-021	3.60622e-020	4.32273e-019	4.90618e-018	5.35351e-017	5.15243e-016	3.97111e-015	2.25565e-014	9.57009e-014	3.98613e-013	2.28429e-012	1.57214e-011	1.03539e-010	6.02755e-010	3.02236e-009	1.28642e-008	4.59866e-008	1.37076e-007	3.39592e-007	7.00785e-007	1.21962e-006	1.85942e-006	2.75687e-006	4.8723e-006	1.17182e-005	3.39325e-005	0.000100693	0.000285101	0.000752841	0.00183951	0.00414338	0.00858189	0.016314	0.0284195	0.0453104	0.0660473	0.0879472	0.106911	0.118588	0.119992	0.110731	0.0931938	0.0715381	0.0501002	0.0320202	0.0186885	0.00996714	0.00486494	0.002177	0.000897232	0.000342751	0.000123265	4.26235e-005	1.47397e-005	5.24926e-006	1.97589e-006	7.67008e-007	3.04124e-007	1.2255e-007	6.01439e-008	
Kobresia_fragilis	0	0	0	0	0	0	0	0	0	0	0	0	0	0	0	0	0	0	0	0	0	0	0	0	0	0	0	0	1	0	0	0	0	0	0	0	0	0	0	0	0	0	0	0	0	0	0	0	0	0	0	0	0	0	0	0	0	0	0	0	0	0	
N35	8.49852e-024	4.55703e-023	4.56253e-022	5.04595e-021	5.55276e-020	5.84725e-019	5.73058e-018	5.04102e-017	3.86921e-016	2.62141e-015	1.69706e-014	1.13702e-013	7.73493e-013	5.00058e-012	2.93803e-011	1.53229e-010	6.98436e-010	2.74766e-009	9.2408e-009	2.64559e-008	6.47842e-008	1.38512e-007	2.71884e-007	5.40625e-007	1.23598e-006	3.40863e-006	1.05315e-005	3.32069e-005	0.000101284	0.000291645	0.000783468	0.00194956	0.00447026	0.00940704	0.0181079	0.0317975	0.0508211	0.0737933	0.0972004	0.116011	0.125357	0.122567	0.1084	0.0867117	0.062743	0.0410797	0.0243482	0.0130741	0.00636615	0.00281553	0.00113326	0.000416834	0.000140815	4.42156e-005	1.3074e-005	3.76873e-006	1.09476e-006	3.54879e-007	1.37169e-007	6.7701e-008	3.76189e-008	2.5391e-008	
Kobresia_simpliciuscula	0	0	0	0	0	0	0	0	0	0	0	0	0	0	0	0	0	0	0	0	0	0	0	0	0	0	0	0	0	0	0	0	0	0	1	0	0	0	0	0	0	0	0	0	0	0	0	0	0	0	0	0	0	0	0	0	0	0	0	0	0	0	
N36	6.56758e-029	1.47197e-027	5.93792e-026	2.34197e-024	7.67952e-023	2.08914e-021	5.25765e-020	1.0765e-018	1.62459e-017	1.64337e-016	1.15595e-015	7.9908e-015	6.72274e-014	6.03346e-013	4.99107e-012	3.64201e-011	2.33065e-010	1.28247e-009	5.8829e-009	2.20302e-008	6.7529e-008	1.75684e-007	4.20011e-007	1.03067e-006	2.81779e-006	8.58377e-006	2.74984e-005	8.69308e-005	0.0002598	0.000719561	0.00183856	0.00434199	0.00949031	0.0191382	0.0353279	0.0590676	0.0885124	0.11782	0.13839	0.142776	0.128999	0.10189	0.0702903	0.0423397	0.0222715	0.0102357	0.0041132	0.00144676	0.000445972	0.000120689	2.87315e-005	6.03799e-006	1.12565e-006	1.88398e-007	2.8926e-008	4.29569e-009	6.63644e-010	1.15097e-010	2.16999e-011	4.17248e-012	7.72251e-013	1.75922e-013	
N37	4.56965e-020	1.70447e-019	1.02788e-018	7.38742e-018	5.64521e-017	4.26722e-016	3.06471e-015	2.04943e-014	1.26471e-013	7.18526e-013	3.76375e-012	1.82366e-011	8.20713e-011	3.44853e-010	1.36245e-009	5.10581e-009	1.83154e-008	6.33559e-008	2.12287e-007	6.90522e-007	2.18338e-006	6.71656e-006	2.00852e-005	5.81543e-005	0.000161837	0.000428868	0.0010721	0.00250744	0.00545021	0.0109526	0.0202657	0.0344131	0.0534837	0.0759049	0.0981824	0.115561	0.123599	0.119999	0.105662	0.0843277	0.0609742	0.0399344	0.0236894	0.0127298	0.00619834	0.00273592	0.00109535	0.00039805	0.000131404	3.94457e-005	1.07798e-005	2.68762e-006	6.14384e-007	1.31893e-007	2.92306e-008	8.92537e-009	4.49598e-009	2.91078e-009	1.85202e-009	1.10128e-009	6.27368e-010	4.21832e-010	
Carex_pauciflora	0	0	0	0	0	0	0	0	0	0	0	0	0	0	0	0	0	0	1	0	0	0	0	0	0	0	0	0	0	0	0	0	0	0	0	0	0	0	0	0	0	0	0	0	0	0	0	0	0	0	0	0	0	0	0	0	0	0	0	0	0	0	
Carex_backii	0	0	0	0	0	0	0	0	0	0	0	0	0	0	0	0	0	0	0	0	0	0	0	0	0	0	0	0	0	0	0	0	1	0	0	0	0	0	0	0	0	0	0	0	0	0	0	0	0	0	0	0	0	0	0	0	0	0	0	0	0	0	
N38	7.62723e-031	2.07205e-029	9.77496e-028	4.38655e-026	1.68299e-024	5.37317e-023	1.4973e-021	3.54042e-020	6.7817e-019	9.80737e-018	1.01371e-016	8.40171e-016	7.13315e-015	6.45492e-014	5.67503e-013	4.74879e-012	3.80645e-011	2.8623e-010	1.93582e-009	1.12904e-008	5.50224e-008	2.20303e-007	7.27376e-007	2.05454e-006	5.40161e-006	1.47311e-005	4.33402e-005	0.000129569	0.000366595	0.000950669	0.00225613	0.00495905	0.0102233	0.0198414	0.0359504	0.0598186	0.0897945	0.119837	0.140732	0.144481	0.129164	0.100332	0.0676445	0.0395699	0.0200853	0.00885047	0.00338785	0.00112768	0.000326736	8.2574e-005	1.82218e-005	3.54053e-006	6.05162e-007	9.72667e-008	1.43176e-008	3.06877e-009	6.58713e-010	3.65671e-010	1.91975e-010	1.3884e-010	8.22151e-011	5.5668e-011	
N39	8.4376e-019	2.36861e-018	1.21324e-017	7.73497e-017	5.27363e-016	3.57536e-015	2.33429e-014	1.44936e-013	8.51763e-013	4.72571e-012	2.47058e-011	1.21693e-010	5.66474e-010	2.50804e-009	1.065e-008	4.37014e-008	1.73941e-007	6.70481e-007	2.48694e-006	8.79521e-006	2.93728e-005	9.1848e-005	0.00026711	0.00071881	0.00178336	0.00406793	0.00851356	0.0163204	0.0286174	0.0458468	0.0670398	0.0893992	0.108643	0.120251	0.121169	0.111114	0.0927116	0.0703786	0.048607	0.0305466	0.0174716	0.00909799	0.00431504	0.00186497	0.000734947	0.000264263	8.67623e-005	2.60343e-005	7.14705e-006	1.79844e-006	4.161e-007	8.93497e-008	1.81998e-008	3.74532e-009	8.65599e-010	2.50284e-010	8.55179e-011	3.11327e-011	1.09168e-011	3.64988e-012	1.18831e-012	4.93406e-013	
Carex_rupestris	0	0	0	0	0	0	0	0	0	0	0	0	0	0	0	0	0	0	0	0	0	0	0	0	1	0	0	0	0	0	0	0	0	0	0	0	0	0	0	0	0	0	0	0	0	0	0	0	0	0	0	0	0	0	0	0	0	0	0	0	0	0	
Carex_obtusata	0	0	0	0	0	0	0	0	0	0	0	0	0	0	0	0	0	0	0	0	0	0	0	0	0	1	0	0	0	0	0	0	0	0	0	0	0	0	0	0	0	0	0	0	0	0	0	0	0	0	0	0	0	0	0	0	0	0	0	0	0	0	
N40	8.46721e-030	1.71403e-028	5.39959e-027	1.6929e-025	4.86432e-024	1.19259e-022	2.45342e-021	4.6124e-020	8.46175e-019	1.37379e-017	1.84396e-016	2.05709e-015	1.90061e-014	1.42684e-013	8.98641e-013	5.34579e-012	3.43464e-011	2.36515e-010	1.55462e-009	9.00855e-009	4.53242e-008	2.02736e-007	8.3685e-007	3.27157e-006	1.21034e-005	4.14607e-005	0.000128152	0.000350866	0.000844176	0.00179002	0.00339465	0.00592312	0.00990011	0.0164724	0.0276049	0.0454775	0.0707128	0.100205	0.12655	0.140694	0.13684	0.116083	0.0857815	0.0552013	0.0309406	0.0151159	0.00644173	0.00239953	0.000782204	0.000225939	5.81245e-005	1.51111e-005	4.04089e-006	1.93631e-006	8.78819e-007	6.96144e-007	4.28248e-007	3.58124e-007	2.47016e-007	1.72855e-007	1.04177e-007	7.2089e-008	
Carex_nardina	0	0	0	0	0	0	0	0	0	0	0	0	0	0	0	0	0	0	0	0	0	0	0	0	0	0	0	0	0	0	0	0	0	1	0	0	0	0	0	0	0	0	0	0	0	0	0	0	0	0	0	0	0	0	0	0	0	0	0	0	0	0	
N41	1.73708e-028	2.08033e-027	4.8932e-026	1.23602e-024	2.91215e-023	6.17229e-022	1.16601e-020	1.96985e-019	2.98014e-018	3.9935e-017	4.62914e-016	4.52538e-015	3.72049e-014	2.68474e-013	1.83377e-012	1.24573e-011	8.38314e-011	5.49503e-010	3.49886e-009	2.16443e-008	1.28275e-007	7.07641e-007	3.51812e-006	1.53455e-005	5.76365e-005	0.000184291	0.000498946	0.00114363	0.0022316	0.00375922	0.00562341	0.0078207	0.0106733	0.0152929	0.0237566	0.0385312	0.0608791	0.0888102	0.116151	0.134304	0.136432	0.121427	0.0945865	0.0644712	0.0384637	0.0200984	0.00920623	0.00370185	0.001309	0.000409126	0.000113853	2.94188e-005	7.45562e-006	2.48939e-006	1.03244e-006	7.04401e-007	4.51232e-007	3.92912e-007	3.17104e-007	2.7332e-007	2.10435e-007	1.79567e-007	
N42	1.13183e-019	4.20879e-019	2.99651e-018	2.57258e-017	2.25007e-016	1.87588e-015	1.45435e-014	1.04047e-013	6.86003e-013	4.16369e-012	2.31635e-011	1.1737e-010	5.39399e-010	2.25191e-009	8.61651e-009	3.06784e-008	1.03589e-007	3.38497e-007	1.08912e-006	3.47755e-006	1.09489e-005	3.34216e-005	9.71253e-005	0.000265275	0.00067671	0.00160978	0.00357216	0.0073935	0.014246	0.0254535	0.0419472	0.0633965	0.0873998	0.10942	0.123971	0.126794	0.11687	0.0969815	0.0724133	0.0486439	0.029402	0.0159966	0.00783831	0.0034616	0.00137903	0.000496135	0.000161421	4.75946e-005	1.27593e-005	3.13018e-006	7.11771e-007	1.54059e-007	3.32535e-008	7.61602e-009	1.91644e-009	5.18071e-010	1.41381e-010	3.71065e-011	9.08692e-012	2.07123e-012	4.56278e-013	1.28716e-013	
Carex_capillacea	0	0	0	0	0	0	0	0	0	0	0	0	0	0	0	0	0	0	0	0	0	0	0	0	0	0	0	0	0	1	0	0	0	0	0	0	0	0	0	0	0	0	0	0	0	0	0	0	0	0	0	0	0	0	0	0	0	0	0	0	0	0	
Carex_leptalea	0	0	0	0	0	0	0	0	0	0	0	0	0	0	0	0	0	0	0	0	0	0	0	0	0	1	0	0	0	0	0	0	0	0	0	0	0	0	0	0	0	0	0	0	0	0	0	0	0	0	0	0	0	0	0	0	0	0	0	0	0	0	
N43	1.41807e-028	8.44348e-028	1.3917e-026	2.91029e-025	6.06558e-024	1.1575e-022	1.97284e-021	3.31557e-020	5.58932e-019	8.92331e-018	1.05145e-016	6.55595e-016	2.71291e-015	1.48373e-014	1.14071e-013	1.01042e-012	9.17922e-012	7.98579e-011	6.40936e-010	4.55269e-009	2.66423e-008	1.18013e-007	3.70235e-007	7.95127e-007	1.1694e-006	1.22015e-006	9.67442e-007	6.38984e-007	3.9188e-007	2.62183e-007	2.44946e-007	3.76459e-007	8.57872e-007	2.53142e-006	9.29942e-006	3.95546e-005	0.000170764	0.000677297	0.0023517	0.007008	0.0177727	0.0382199	0.0695387	0.10701	0.139151	0.153328	0.143204	0.114809	0.0795307	0.0501285	0.0295908	0.0184652	0.0116779	0.00780763	0.00471196	0.00266511	0.00127623	0.000548943	0.000199963	6.64793e-005	2.08502e-005	8.63458e-006	
Uncinia_phleoides	0	0	0	0	0	0	0	0	0	0	0	0	0	0	0	0	0	0	0	0	0	0	0	0	0	0	0	0	0	0	0	0	0	0	0	0	0	0	0	0	0	0	0	0	0	0	0	1	0	0	0	0	0	0	0	0	0	0	0	0	0	0	
N44	1.50922e-028	9.19786e-028	1.51158e-026	3.11874e-025	6.3058e-024	1.16709e-022	1.95079e-021	2.93117e-020	3.86346e-019	4.29061e-018	3.88e-017	2.90051e-016	1.98294e-015	1.42554e-014	1.16065e-013	1.03777e-012	9.33974e-012	7.79903e-011	5.70088e-010	3.49073e-009	1.72286e-008	6.62106e-008	1.92681e-007	4.17313e-007	6.70038e-007	8.06267e-007	7.46817e-007	5.58503e-007	3.68174e-007	2.53659e-007	2.37697e-007	3.62096e-007	8.23724e-007	2.45193e-006	9.11189e-006	3.90677e-005	0.000169391	0.000673535	0.00234272	0.00699062	0.0177478	0.0381976	0.0695427	0.107057	0.139255	0.15344	0.143335	0.11487	0.079626	0.0501293	0.0296334	0.018395	0.0116173	0.00768564	0.00461828	0.0025836	0.00123039	0.000523774	0.000189703	6.25611e-005	1.96483e-005	8.13751e-006	
Uncinia_filiformis	0	0	0	0	0	0	0	0	0	0	0	0	0	0	0	0	0	0	0	0	0	0	0	0	0	0	0	0	0	0	0	0	0	0	0	0	0	0	0	0	0	0	0	1	0	0	0	0	0	0	0	0	0	0	0	0	0	0	0	0	0	0	
Uncinia_uncinata	0	0	0	0	0	0	0	0	0	0	0	0	0	0	0	0	0	0	0	0	0	0	0	0	0	0	0	0	0	0	0	0	0	0	0	0	0	0	0	0	0	0	0	1	0	0	0	0	0	0	0	0	0	0	0	0	0	0	0	0	0	0	
N45	2.76962e-019	6.70111e-019	2.79314e-018	1.44242e-017	8.12676e-017	4.64277e-016	2.57837e-015	1.36061e-014	6.74292e-014	3.12046e-013	1.34449e-012	5.38141e-012	1.99656e-011	6.8555e-011	2.17933e-010	6.43872e-010	1.78329e-009	4.69696e-009	1.19999e-008	3.04353e-008	7.83421e-008	2.07687e-007	5.68508e-007	1.59216e-006	4.48925e-006	1.25246e-005	3.40521e-005	8.91417e-005	0.000222668	0.000527252	0.00117791	0.00247438	0.00487559	0.00899643	0.0155272	0.0250464	0.0377377	0.0530896	0.0697145	0.085434	0.0976959	0.104239	0.103771	0.0963869	0.0835368	0.0675594	0.05099	0.0359197	0.0236207	0.0145027	0.00831564	0.00445415	0.00222971	0.00104405	0.000458095	0.000189145	7.42078e-005	2.82745e-005	1.09152e-005	4.57437e-006	2.26917e-006	1.50289e-006	
N46	7.86252e-026	2.99894e-024	1.65761e-022	8.20125e-021	3.217e-019	1.06422e-017	2.28136e-016	2.64468e-015	1.54233e-014	6.09524e-014	7.01322e-013	1.33532e-011	1.91253e-010	1.80486e-009	1.04123e-008	3.45697e-008	6.63161e-008	8.69409e-008	1.06105e-007	1.27709e-007	1.3246e-007	1.52413e-007	5.97845e-007	4.82567e-006	3.58268e-005	0.000219858	0.00109997	0.00445796	0.0145573	0.0381396	0.0798855	0.133468	0.177605	0.188251	0.159073	0.107427	0.0581589	0.0253572	0.00894544	0.00256915	0.000604097	0.000117129	1.88384e-005	2.5333e-006	2.86514e-007	2.74935e-008	2.25106e-009	1.58862e-010	9.71399e-012	5.20991e-013	2.4612e-014	1.03916e-015	3.92651e-017	1.349e-018	4.19481e-020	1.199e-021	3.1124e-023	7.45031e-025	1.61555e-026	3.22837e-028	5.83498e-030	1.14239e-031	
N47	2.96918e-025	3.96832e-024	9.51078e-023	2.28444e-021	5.04139e-020	1.02405e-018	1.96436e-017	3.60881e-016	6.05643e-015	8.51903e-014	9.37633e-013	7.71514e-012	4.61917e-011	2.01316e-010	6.70426e-010	1.89183e-009	4.96646e-009	1.22111e-008	2.78613e-008	6.76408e-008	2.5532e-007	1.58651e-006	1.08933e-005	6.69899e-005	0.00034918	0.00151764	0.00545825	0.0161642	0.0392708	0.0780453	0.126599	0.167359	0.180152	0.157887	0.112732	0.0656663	0.0312717	0.0122091	0.00392108	0.00103993	0.000228734	4.19163e-005	6.43042e-006	8.29946e-007	9.05706e-008	8.40329e-009	6.66507e-010	4.61411e-011	2.86405e-012	2.44944e-013	2.72542e-014	9.09001e-015	1.459e-015	4.92389e-016	6.97817e-017	2.00051e-017	2.87769e-018	8.06591e-019	1.62897e-019	4.33068e-020	9.06512e-021	2.2436e-021	
Carex_maritima	0	0	0	0	0	0	0	0	0	0	0	0	0	0	0	0	0	0	0	0	0	0	0	0	0	0	0	0	0	1	0	0	0	0	0	0	0	0	0	0	0	0	0	0	0	0	0	0	0	0	0	0	0	0	0	0	0	0	0	0	0	0	
N48	4.23414e-022	2.64486e-021	3.1509e-020	4.1183e-019	5.01503e-018	5.4152e-017	5.11574e-016	4.21882e-015	3.026e-014	1.87207e-013	9.95631e-013	4.63972e-012	2.01265e-011	9.04678e-011	4.7173e-010	2.96781e-009	2.13088e-008	1.58799e-007	1.13033e-006	7.27425e-006	4.10288e-005	0.000199484	0.000828521	0.00292352	0.00873203	0.0220161	0.0467575	0.0835076	0.125262	0.157674	0.16648	0.147439	0.109569	0.0683833	0.0358874	0.0158633	0.00591834	0.00186818	0.000500326	0.000114032	2.21903e-005	3.69983e-006	5.30456e-007	6.56541e-008	7.04177e-009	6.59021e-010	5.4165e-011	4.15154e-012	3.14873e-013	4.08484e-014	5.96147e-015	1.64258e-015	2.76117e-016	7.17434e-017	1.15423e-017	2.75333e-018	4.78681e-019	1.08904e-019	2.00257e-020	3.87434e-021	6.24605e-022	1.24933e-022	
Carex_conferta	0	0	0	0	0	0	0	0	0	0	0	0	0	0	0	0	0	0	0	0	0	0	0	0	0	1	0	0	0	0	0	0	0	0	0	0	0	0	0	0	0	0	0	0	0	0	0	0	0	0	0	0	0	0	0	0	0	0	0	0	0	0	
Carex_cephalophora	0	0	0	0	0	0	0	0	0	0	0	0	0	0	0	0	0	0	0	0	0	0	0	1	0	0	0	0	0	0	0	0	0	0	0	0	0	0	0	0	0	0	0	0	0	0	0	0	0	0	0	0	0	0	0	0	0	0	0	0	0	0	
N49	8.30491e-034	1.25567e-031	2.55462e-029	4.03106e-027	4.24417e-025	4.38457e-023	3.12593e-021	1.21544e-019	2.02922e-018	1.22875e-017	1.06791e-016	3.39586e-015	8.704e-014	1.35044e-012	1.21379e-011	6.46264e-011	2.22985e-010	5.67546e-010	1.31942e-009	3.21187e-009	6.84206e-009	1.25845e-008	5.03219e-008	5.67018e-007	6.4594e-006	5.89345e-005	0.00041831	0.00228737	0.00958048	0.0306188	0.0744795	0.137688	0.193358	0.206374	0.167647	0.103894	0.0492721	0.0179519	0.00504754	0.00110086	0.000187267	2.50018e-005	2.63557e-006	2.21579e-007	1.49404e-008	8.52738e-010	4.12237e-011	2.67256e-012	1.54258e-013	1.98058e-014	1.17144e-015	1.36851e-016	6.2649e-018	5.56249e-019	1.94763e-020	1.32352e-021	3.66675e-023	2.01597e-024	5.5837e-026	3.01298e-027	1.16404e-028	6.10726e-030	
N50	1.83013e-027	2.59397e-026	6.85056e-025	1.88015e-023	4.69652e-022	1.02124e-020	1.88939e-019	2.98797e-018	4.16961e-017	5.13966e-016	5.3685e-015	4.55951e-014	3.06617e-013	1.61984e-012	6.87127e-012	2.5026e-011	8.85273e-011	3.55203e-010	1.8561e-009	1.37287e-008	1.2755e-007	1.18614e-006	9.69608e-006	6.64485e-005	0.000375241	0.00173141	0.00648961	0.0196644	0.047974	0.0939081	0.147098	0.18404	0.183742	0.146383	0.0931519	0.0474409	0.0193918	0.00638541	0.00170131	0.000368617	6.53039e-005	9.51461e-006	1.14693e-006	1.15099e-007	9.6759e-009	6.87445e-010	4.17202e-011	2.40809e-012	1.54281e-013	2.87503e-014	4.53102e-015	1.45447e-015	2.19772e-016	5.91223e-017	8.22831e-018	1.93304e-018	2.93308e-019	6.44063e-020	1.0864e-020	1.97377e-021	2.87345e-022	4.97728e-023	
Carex_echinata	0	0	0	0	0	0	0	0	0	0	0	0	0	0	0	0	0	0	0	0	0	0	0	0	0	1	0	0	0	0	0	0	0	0	0	0	0	0	0	0	0	0	0	0	0	0	0	0	0	0	0	0	0	0	0	0	0	0	0	0	0	0	
N51	2.83911e-034	1.52441e-032	1.87215e-030	2.24554e-028	2.4776e-026	2.78292e-024	2.2928e-022	5.07386e-021	1.2899e-019	5.95024e-018	2.638e-016	1.07512e-014	3.12194e-013	4.42049e-012	2.4376e-011	4.99838e-011	4.3295e-011	2.70277e-011	5.93669e-011	8.42013e-010	2.02014e-008	4.38322e-007	7.33704e-006	9.04184e-005	0.000803439	0.00507616	0.0225558	0.0699149	0.150419	0.224303	0.232327	0.168058	0.0855918	0.031003	0.00807827	0.00153263	0.000214353	2.23753e-005	1.76431e-006	1.0634e-007	4.95384e-009	1.80531e-010	5.19964e-012	1.20839e-013	2.2993e-015	3.94998e-017	6.37137e-019	1.34595e-020	2.7234e-022	7.05331e-024	1.32535e-025	2.82552e-027	4.42384e-029	1.30258e-030	1.80301e-031	5.08742e-032	1.13891e-032	2.5456e-033	4.61099e-034	8.16584e-035	1.22735e-035	1.91558e-036	
N52	1.72256e-030	5.11837e-029	2.63765e-027	1.2099e-025	4.67823e-024	1.47025e-022	3.60917e-021	8.08989e-020	2.13908e-018	5.77219e-017	1.41385e-015	2.90305e-014	4.31871e-013	3.78827e-012	1.6852e-011	3.91944e-011	5.7227e-011	8.12551e-011	3.59099e-010	6.79974e-009	1.70458e-007	3.48114e-006	5.27188e-005	0.000572934	0.00435189	0.0225132	0.0774349	0.173814	0.252388	0.237947	0.147678	0.0615379	0.0176028	0.00353491	0.000509243	5.37104e-005	4.22657e-006	2.52524e-007	1.16407e-008	4.20306e-010	1.20526e-011	2.80272e-013	5.42042e-015	1.11222e-016	2.84585e-018	1.93077e-019	8.59529e-021	6.42443e-022	2.43266e-023	1.41517e-024	4.39307e-026	1.99752e-027	5.1059e-029	1.84e-030	3.91006e-032	1.14185e-033	2.09797e-035	5.23256e-037	9.21238e-039	2.0742e-040	3.62013e-042	7.85377e-044	
Carex_pairae	0	0	0	0	0	0	0	0	0	0	0	0	0	0	0	0	0	0	0	0	0	0	0	0	0	0	0	1	0	0	0	0	0	0	0	0	0	0	0	0	0	0	0	0	0	0	0	0	0	0	0	0	0	0	0	0	0	0	0	0	0	0	
Carex_divulsa	0	0	0	0	0	0	0	0	0	0	0	0	0	0	0	0	0	0	0	0	0	0	0	0	0	0	0	1	0	0	0	0	0	0	0	0	0	0	0	0	0	0	0	0	0	0	0	0	0	0	0	0	0	0	0	0	0	0	0	0	0	0	
N53	9.63697e-031	4.32294e-030	3.44096e-029	5.35011e-028	2.72821e-026	1.68335e-024	8.43646e-023	3.80284e-021	1.79989e-019	7.8794e-018	2.71931e-016	6.63481e-015	1.02426e-013	8.86653e-013	3.92143e-012	8.78854e-012	1.16233e-011	1.56284e-011	6.38185e-011	9.49235e-010	2.19262e-008	4.66463e-007	7.71319e-006	9.41368e-005	0.000829516	0.00520259	0.0229686	0.0707875	0.151514	0.224868	0.23187	0.166994	0.0846786	0.0305361	0.00792055	0.00149577	0.000208224	2.16346e-005	1.69817e-006	1.01906e-007	4.72799e-009	1.71988e-010	4.93735e-012	1.66944e-013	3.43068e-015	4.15908e-015	7.2582e-017	1.84927e-016	2.36566e-018	4.91429e-018	4.65917e-020	7.89518e-020	5.6161e-022	7.80408e-022	4.21889e-024	4.82349e-024	2.00917e-026	1.89327e-026	6.16949e-029	4.80089e-029	2.59015e-031	2.92093e-031	
Carex_lamprocarpa	0	0	0	0	0	0	0	0	0	0	0	0	0	0	0	0	0	0	0	0	0	0	0	0	0	0	0	0	1	0	0	0	0	0	0	0	0	0	0	0	0	0	0	0	0	0	0	0	0	0	0	0	0	0	0	0	0	0	0	0	0	0	
Carex_otrubae	0	0	0	0	0	0	0	0	0	0	0	0	0	0	0	0	0	0	0	0	0	0	0	0	0	0	0	0	1	0	0	0	0	0	0	0	0	0	0	0	0	0	0	0	0	0	0	0	0	0	0	0	0	0	0	0	0	0	0	0	0	0	
N54	7.51927e-036	6.10237e-034	8.65638e-032	1.13668e-029	1.21384e-027	1.12803e-025	7.29153e-024	2.45339e-022	3.67875e-021	5.40751e-020	1.49294e-018	4.07959e-017	8.24028e-016	1.14012e-014	1.09785e-013	8.12572e-013	4.99624e-012	2.39058e-011	8.11846e-011	2.13614e-010	7.19446e-010	4.656e-009	4.29025e-008	4.58166e-007	4.82664e-006	4.36566e-005	0.000316215	0.00178379	0.00774623	0.0257468	0.0652858	0.126066	0.18526	0.207286	0.176842	0.115312	0.0576551	0.0221932	0.00660759	0.00152957	0.000276849	3.94233e-005	4.44517e-006	4.03212e-007	3.00448e-008	2.87385e-009	3.50172e-010	1.84391e-010	3.11124e-011	1.54796e-011	2.02135e-012	7.61266e-013	7.63544e-014	2.19687e-014	1.7029e-015	3.78858e-016	2.29828e-017	4.05068e-018	2.22391e-019	3.67681e-020	3.58902e-021	7.03075e-022	
N55	5.32116e-026	6.19027e-025	1.4874e-023	3.6512e-022	8.16532e-021	1.62992e-019	2.82353e-018	4.12106e-017	5.23343e-016	6.59737e-015	8.65981e-014	1.0864e-012	1.19853e-011	1.09972e-010	7.94633e-010	4.24711e-009	1.58518e-008	4.00598e-008	6.92935e-008	8.72852e-008	9.31167e-008	1.19476e-007	2.98306e-007	1.53777e-006	1.06814e-005	7.12009e-005	0.000403628	0.00187907	0.00709145	0.0215312	0.0522936	0.101141	0.155286	0.188957	0.182227	0.139504	0.0850425	0.041466	0.016259	0.00515942	0.00133373	0.000283201	4.97507e-005	7.35985e-006	9.28466e-007	1.09539e-007	1.26013e-008	1.95037e-009	3.05323e-010	6.25977e-011	9.90903e-012	1.7933e-012	2.47172e-013	3.73025e-014	4.48544e-015	5.66046e-016	5.89463e-017	6.13692e-018	5.36921e-019	4.51362e-020	3.25189e-021	2.84441e-022	
Carex_ovalis	0	0	0	0	0	0	0	0	0	0	0	0	0	0	0	0	0	0	0	0	0	0	0	0	0	0	0	0	0	0	0	0	1	0	0	0	0	0	0	0	0	0	0	0	0	0	0	0	0	0	0	0	0	0	0	0	0	0	0	0	0	0	
Carex_xerantica	0	0	0	0	0	0	0	0	0	0	0	0	0	0	0	0	0	0	0	0	0	0	0	0	0	0	0	0	0	0	0	0	0	1	0	0	0	0	0	0	0	0	0	0	0	0	0	0	0	0	0	0	0	0	0	0	0	0	0	0	0	0	
N56	3.27226e-032	7.19246e-031	2.76858e-029	1.09898e-027	3.93435e-026	1.22086e-024	3.22369e-023	7.24532e-022	1.42789e-020	2.55075e-019	4.13836e-018	5.99842e-017	7.60186e-016	8.16193e-015	7.13142e-014	4.90777e-013	2.6567e-012	1.19647e-011	5.16612e-011	2.68275e-010	1.99605e-009	1.98666e-008	2.14696e-007	2.15271e-006	1.84691e-005	0.000130466	0.000744201	0.00338941	0.0122322	0.0347857	0.0776211	0.135499	0.184707	0.196505	0.163262	0.106126	0.0541326	0.0217525	0.00691912	0.00175169	0.000355088	5.80055e-005	7.68788e-006	8.33217e-007	7.4719e-008	5.79077e-009	4.45478e-010	6.59133e-011	1.2979e-011	6.29214e-012	1.31339e-012	7.4609e-013	1.3264e-013	6.85523e-014	1.01845e-014	4.38871e-015	5.53951e-016	2.04402e-016	3.03355e-017	1.19415e-017	3.32748e-018	1.41449e-018	
Carex_chordorrhiza	0	0	0	0	0	0	0	0	0	0	0	0	0	0	0	0	0	0	0	0	0	0	0	0	0	0	0	0	0	0	1	0	0	0	0	0	0	0	0	0	0	0	0	0	0	0	0	0	0	0	0	0	0	0	0	0	0	0	0	0	0	0	
N57	9.93282e-033	8.21665e-031	1.2534e-028	1.59914e-026	1.62809e-024	1.68816e-022	1.07473e-020	1.60301e-019	5.89096e-019	1.37801e-017	6.94002e-016	3.12153e-014	9.58242e-013	1.60682e-011	1.22486e-010	3.82598e-010	4.97062e-010	3.12057e-010	1.54039e-010	2.53443e-010	2.05333e-009	3.36742e-008	5.95721e-007	8.67748e-006	9.62558e-005	0.000791197	0.00474269	0.0204755	0.0630453	0.137516	0.211833	0.230633	0.178288	0.0986232	0.0394413	0.0115399	0.00250192	0.000407238	5.04132e-005	4.80688e-006	3.57274e-007	2.09487e-008	9.79412e-010	3.70232e-011	1.14363e-012	2.99848e-014	6.83771e-016	1.63983e-017	4.08661e-019	1.4132e-020	4.26792e-022	1.51355e-023	4.12543e-025	1.21376e-026	2.82874e-028	6.74234e-030	1.31467e-031	2.48987e-033	3.92434e-035	5.79073e-037	7.19949e-039	9.48002e-041	
Carex_marina	0	0	0	0	0	0	0	0	0	0	0	0	0	0	0	0	0	0	0	0	0	0	0	0	0	0	0	0	0	0	1	0	0	0	0	0	0	0	0	0	0	0	0	0	0	0	0	0	0	0	0	0	0	0	0	0	0	0	0	0	0	0	
N58	1.8795e-032	7.65251e-031	5.48079e-029	3.70033e-027	2.16719e-025	1.07884e-023	4.45886e-022	1.55968e-020	5.1116e-019	1.60921e-017	4.32232e-016	8.84744e-015	1.25433e-013	1.11177e-012	5.61467e-012	1.55608e-011	2.57296e-011	3.49721e-011	6.62781e-011	2.44231e-010	2.14279e-009	3.64972e-008	6.77058e-007	1.02288e-005	0.000116125	0.000964121	0.0057616	0.0244803	0.073254	0.153417	0.224297	0.229217	0.164551	0.0836605	0.0304428	0.00802552	0.00155294	0.000223532	2.42549e-005	2.00987e-006	1.28779e-007	6.45708e-009	2.56255e-010	8.15413e-012	2.10505e-013	4.97498e-015	1.11606e-016	1.52176e-017	6.72434e-019	2.22208e-019	8.07247e-021	2.19328e-021	6.24692e-023	1.37587e-023	3.09474e-025	5.5758e-026	9.98443e-028	1.4854e-028	2.25619e-030	3.0377e-031	1.2835e-032	2.29e-033	
Carex_canescens	0	0	0	0	0	0	0	0	0	0	0	0	0	0	0	0	0	0	0	0	0	0	0	0	0	0	0	1	0	0	0	0	0	0	0	0	0	0	0	0	0	0	0	0	0	0	0	0	0	0	0	0	0	0	0	0	0	0	0	0	0	0	
Carex_lachenalii	0	0	0	0	0	0	0	0	0	0	0	0	0	0	0	0	0	0	0	0	0	0	0	0	0	0	0	0	0	0	1	0	0	0	0	0	0	0	0	0	0	0	0	0	0	0	0	0	0	0	0	0	0	0	0	0	0	0	0	0	0	0	
N59	2.15973e-019	2.16749e-018	3.57147e-017	6.19682e-016	9.70019e-015	1.38127e-013	1.55218e-012	1.10368e-011	4.7542e-011	1.80571e-010	1.11088e-009	9.69165e-009	7.52314e-008	4.44698e-007	1.88897e-006	5.72426e-006	1.31325e-005	2.50461e-005	4.15387e-005	5.96304e-005	7.74993e-005	0.000115773	0.000280011	0.000938785	0.00313428	0.00920829	0.0230801	0.0488717	0.0869805	0.129666	0.161514	0.167877	0.145557	0.10537	0.063808	0.0324187	0.0138709	0.00502053	0.00154471	0.000406148	9.1741e-005	1.79002e-005	3.03277e-006	4.48562e-007	5.82025e-008	6.65922e-009	6.74927e-010	6.09065e-011	4.91551e-012	3.56796e-013	2.3403e-014	1.39711e-015	7.63409e-017	3.85648e-018	1.81302e-019	8.03589e-021	3.37351e-022	1.35836e-023	5.22859e-025	1.94427e-026	7.02497e-028	3.00912e-029	
N60	1.36234e-011	3.21354e-011	1.56321e-010	9.62513e-010	6.05641e-009	3.60938e-008	1.98299e-007	9.94532e-007	4.53711e-006	1.8806e-005	7.07462e-005	0.000241103	0.000742321	0.00205835	0.00512507	0.0114314	0.022801	0.0406229	0.0646033	0.0916826	0.116109	0.131252	0.132493	0.119508	0.0963922	0.0695845	0.0450017	0.0261015	0.0135929	0.00636379	0.0026817	0.00101858	0.000349171	0.000108189	3.03394e-005	7.71307e-006	1.77988e-006	3.73572e-007	7.13927e-008	1.24607e-008	1.98788e-009	2.91694e-010	3.9393e-011	4.9835e-012	5.91731e-013	6.95698e-014	8.09802e-015	1.04186e-015	1.38003e-016	2.07863e-017	3.00647e-018	4.61203e-019	6.44443e-020	9.13048e-021	1.16718e-021	1.47923e-022	1.69423e-023	1.89708e-024	1.92386e-025	1.89205e-026	1.71774e-027	2.00803e-028	
Carex_livida	0	0	0	0	0	0	0	0	0	0	0	0	0	0	0	1	0	0	0	0	0	0	0	0	0	0	0	0	0	0	0	0	0	0	0	0	0	0	0	0	0	0	0	0	0	0	0	0	0	0	0	0	0	0	0	0	0	0	0	0	0	0	
Carex_panicea	0	0	0	0	0	0	0	0	0	0	0	0	0	0	0	1	0	0	0	0	0	0	0	0	0	0	0	0	0	0	0	0	0	0	0	0	0	0	0	0	0	0	0	0	0	0	0	0	0	0	0	0	0	0	0	0	0	0	0	0	0	0	
N61	6.37209e-026	2.50987e-024	1.88241e-022	1.31269e-020	6.98781e-019	3.57195e-017	1.39923e-015	3.29988e-014	2.98953e-013	1.08695e-012	7.18473e-012	1.42571e-010	2.81673e-009	4.31485e-008	4.71138e-007	3.38234e-006	1.50152e-005	4.05046e-005	6.90545e-005	8.13307e-005	7.46453e-005	6.51212e-005	9.50494e-005	0.000335436	0.00147194	0.00564886	0.0177279	0.0448046	0.0905839	0.145836	0.186298	0.188331	0.150392	0.0948005	0.0471842	0.0185717	0.00579432	0.0014384	0.000285224	4.54423e-005	5.84222e-006	6.11433e-007	5.21986e-008	3.69867e-009	2.15586e-010	1.08982e-011	4.51891e-013	1.87645e-014	6.06168e-016	2.80083e-017	7.9688e-019	4.42645e-020	1.08221e-021	5.59329e-023	1.10907e-024	4.72564e-026	7.61421e-028	2.69615e-029	4.2229e-031	1.51835e-032	3.86724e-034	1.50211e-035	
N62	7.79944e-021	6.94832e-020	1.08052e-018	1.96771e-017	3.71557e-016	6.78846e-015	1.13915e-013	1.68869e-012	2.15609e-011	2.33672e-010	2.13053e-009	1.62084e-008	1.01838e-007	5.21758e-007	2.14954e-006	7.02853e-006	1.80878e-005	3.68276e-005	6.21465e-005	0.000102807	0.000228697	0.000716715	0.00239408	0.00722159	0.018746	0.041305	0.0767836	0.119903	0.156695	0.170802	0.154835	0.116455	0.0725465	0.0373979	0.0159525	0.00563552	0.00165166	0.000402634	8.19104e-005	1.39606e-005	2.00216e-006	2.42752e-007	2.50048e-008	2.19964e-009	1.66129e-010	1.0918e-011	6.38575e-013	4.88756e-014	5.62834e-015	2.45468e-015	4.90286e-016	2.26382e-016	4.04062e-017	1.5659e-017	2.46759e-018	8.14829e-019	1.23703e-019	3.85762e-020	7.81056e-021	2.4749e-021	6.16294e-022	1.96575e-022	
Carex_fuliginosa	0	0	0	0	0	0	0	0	0	0	0	0	0	0	0	0	0	0	0	1	0	0	0	0	0	0	0	0	0	0	0	0	0	0	0	0	0	0	0	0	0	0	0	0	0	0	0	0	0	0	0	0	0	0	0	0	0	0	0	0	0	0	
N63	9.03721e-016	4.06904e-015	3.07123e-014	2.65963e-013	2.29592e-012	1.84229e-011	1.33005e-010	8.51668e-010	4.81129e-009	2.39804e-008	1.05957e-007	4.19746e-007	1.52281e-006	5.22989e-006	1.76512e-005	5.97694e-005	0.000200614	0.000644771	0.0019163	0.00514064	0.012273	0.0258748	0.0479562	0.0779066	0.11069	0.137294	0.148424	0.139653	0.114226	0.0811349	0.0500105	0.0267379	0.012398	0.00498686	0.00174105	0.000528105	0.000139355	3.20435e-005	6.43304e-006	1.13014e-006	1.74154e-007	2.36143e-008	2.82567e-009	3.01415e-010	2.89327e-011	2.8121e-012	2.98921e-013	6.30832e-014	1.26332e-014	4.24259e-015	8.70603e-016	2.6401e-016	4.87388e-017	1.28917e-017	2.17283e-018	5.16769e-019	8.61641e-020	1.96379e-020	3.54195e-021	7.58478e-022	1.3712e-022	3.33761e-023	
Carex_glacialis	0	0	0	0	0	0	0	0	0	0	0	0	0	0	0	0	1	0	0	0	0	0	0	0	0	0	0	0	0	0	0	0	0	0	0	0	0	0	0	0	0	0	0	0	0	0	0	0	0	0	0	0	0	0	0	0	0	0	0	0	0	0	
N64	5.7435e-011	1.52449e-010	7.11041e-010	3.94411e-009	2.25796e-008	1.24834e-007	6.44312e-007	3.05117e-006	1.31401e-005	5.1245e-005	0.000180588	0.000574154	0.00164381	0.00422814	0.0097462	0.0200862	0.0369407	0.0605394	0.0883222	0.114639	0.132335	0.135846	0.124014	0.100701	0.0727562	0.0467929	0.0268039	0.013684	0.0062308	0.0025326	0.00091977	0.000298773	8.68988e-005	2.26599e-005	5.3037e-006	1.11612e-006	2.11426e-007	3.61556e-008	5.58756e-009	7.86692e-010	1.01063e-010	1.22573e-011	1.41184e-012	1.76799e-013	2.3028e-014	3.8867e-015	6.17949e-016	1.1826e-016	1.85907e-017	3.31213e-018	4.74165e-019	7.57101e-020	9.81871e-021	1.41413e-021	1.69015e-022	2.23674e-023	2.5259e-024	3.11132e-025	3.34206e-026	3.78124e-027	3.83326e-028	5.2553e-029	
Carex_pilulifera	0	0	0	0	0	0	0	0	1	0	0	0	0	0	0	0	0	0	0	0	0	0	0	0	0	0	0	0	0	0	0	0	0	0	0	0	0	0	0	0	0	0	0	0	0	0	0	0	0	0	0	0	0	0	0	0	0	0	0	0	0	0	
Carex_humilis	0	0	0	0	0	0	0	0	0	0	0	0	0	0	0	0	0	1	0	0	0	0	0	0	0	0	0	0	0	0	0	0	0	0	0	0	0	0	0	0	0	0	0	0	0	0	0	0	0	0	0	0	0	0	0	0	0	0	0	0	0	0	
N65	3.61054e-028	3.40676e-026	3.71468e-024	3.46324e-022	1.5013e-020	1.21998e-018	8.81299e-017	3.95194e-015	5.31712e-014	1.3874e-013	3.58904e-013	7.86364e-012	2.908e-010	8.13887e-009	1.51623e-007	1.6966e-006	1.04488e-005	3.37604e-005	5.78786e-005	5.78804e-005	4.23363e-005	3.1948e-005	3.37331e-005	7.87173e-005	0.000368712	0.00181406	0.00740818	0.0239123	0.0601864	0.117378	0.176636	0.204507	0.181819	0.124035	0.0649307	0.0261415	0.00810553	0.00196392	0.000370455	6.32862e-005	8.87888e-006	2.58008e-006	4.12401e-007	1.82706e-007	2.34102e-008	8.03204e-009	7.48228e-010	1.88379e-010	1.29367e-011	2.4336e-012	1.25626e-013	1.80117e-014	7.11768e-016	7.92065e-017	2.43611e-018	2.13893e-019	5.20078e-021	3.66468e-022	7.35539e-024	4.49618e-025	1.21346e-026	1.03093e-027	
Carex_atrofusca	0	0	0	0	0	0	0	0	0	0	0	0	0	0	0	0	0	0	1	0	0	0	0	0	0	0	0	0	0	0	0	0	0	0	0	0	0	0	0	0	0	0	0	0	0	0	0	0	0	0	0	0	0	0	0	0	0	0	0	0	0	0	
N66	1.22179e-034	3.6117e-032	1.30968e-029	3.57603e-027	6.73274e-025	1.03183e-022	1.1884e-020	7.44499e-019	2.05469e-017	2.34964e-016	2.09635e-015	5.39993e-014	2.44115e-012	8.54066e-011	1.92423e-009	2.72791e-008	2.47443e-007	1.45926e-006	5.55598e-006	1.35063e-005	2.13896e-005	2.41524e-005	2.44356e-005	3.5097e-005	0.000119557	0.000654187	0.00329623	0.0130875	0.0396815	0.0911173	0.157929	0.206288	0.202935	0.150393	0.0840333	0.0355035	0.0113601	0.0028118	0.000534471	0.000104384	1.58846e-005	7.92095e-006	1.17293e-006	7.63943e-007	7.73607e-008	3.84059e-008	2.62541e-009	9.49984e-010	4.49549e-011	1.18204e-011	3.9586e-013	7.61068e-014	1.8387e-015	2.61267e-016	4.63335e-018	4.92734e-019	6.51883e-021	5.257e-022	5.31477e-024	3.36651e-025	4.17483e-027	3.51189e-028	
N67	2.24699e-031	1.5704e-029	1.66716e-027	1.7899e-025	1.70812e-023	1.49966e-021	1.10446e-019	5.62132e-018	1.65809e-016	2.96145e-015	5.16584e-014	1.34183e-012	3.66146e-011	7.73492e-010	1.14946e-008	1.14635e-007	7.44714e-007	3.11805e-006	8.50953e-006	1.56214e-005	2.03504e-005	2.12778e-005	2.52597e-005	5.84594e-005	0.000257344	0.00129169	0.00558399	0.0191869	0.0512945	0.105874	0.168008	0.204407	0.190361	0.135626	0.0739684	0.0309416	0.00996571	0.00249163	0.000492345	8.09965e-005	1.2348e-005	2.11623e-006	3.99661e-007	7.90607e-008	1.29971e-008	1.91777e-009	2.20347e-010	2.25371e-011	1.80581e-012	1.41022e-013	8.75426e-015	9.17653e-016	6.1272e-017	1.13588e-017	7.12879e-019	1.22489e-019	6.2086e-021	8.62124e-022	4.11627e-023	5.4466e-024	4.44758e-025	6.49278e-026	
N68	5.52359e-019	3.80345e-018	3.63793e-017	3.90795e-016	4.31956e-015	4.60705e-014	4.5518e-013	4.06402e-012	3.22799e-011	2.25642e-010	1.37704e-009	7.29217e-009	3.33517e-008	1.31299e-007	4.44421e-007	1.30025e-006	3.36821e-006	8.27695e-006	2.19443e-005	6.90065e-005	0.000241944	0.000835199	0.00263174	0.00733443	0.0178413	0.0376091	0.0683383	0.106544	0.14192	0.160882	0.154674	0.125754	0.0862773	0.0498896	0.02431	0.00999185	0.00347182	0.00102348	0.000257326	5.55878e-005	1.04267e-005	1.7241e-006	2.56646e-007	3.531e-008	4.60618e-009	5.8255e-010	7.15796e-011	9.87401e-012	1.53517e-012	6.13722e-013	1.79468e-013	1.11258e-013	3.27692e-014	1.80206e-014	5.01821e-015	2.46566e-015	7.36467e-016	3.4996e-016	1.25011e-016	5.39995e-017	1.9327e-017	9.04358e-018	
N69	2.9901e-016	3.49252e-014	5.1525e-012	5.91177e-010	5.15242e-008	3.29288e-006	3.85654e-005	0.000226058	0.00544887	0.0465862	0.184153	0.378897	0.34382	0.0387768	0.00198392	6.45628e-005	1.4885e-006	4.8523e-008	3.25439e-008	3.42024e-008	2.79905e-008	1.73257e-008	7.85882e-009	2.48168e-009	4.98513e-010	5.30365e-011	1.82119e-012	3.33316e-014	3.93038e-016	3.29026e-018	2.07275e-020	1.02222e-022	4.05808e-025	1.32546e-027	3.62018e-030	8.38966e-033	1.66697e-035	2.87309e-038	4.32505e-041	5.7556e-044	6.8008e-047	7.26033e-050	7.02133e-053	6.35033e-056	5.367e-059	4.47716e-062	3.60985e-065	2.99497e-068	2.3924e-071	1.94377e-074	1.47113e-077	1.09951e-080	7.50311e-084	4.96768e-087	2.98809e-090	1.72974e-093	9.10168e-097	4.59158e-100	2.10826e-103	9.2649e-107	3.70727e-110	1.45885e-113	
Carex_capillaris	0	0	0	0	0	0	0	0	1	0	0	0	0	0	0	0	0	0	0	0	0	0	0	0	0	0	0	0	0	0	0	0	0	0	0	0	0	0	0	0	0	0	0	0	0	0	0	0	0	0	0	0	0	0	0	0	0	0	0	0	0	0	
Carex_halleriana	0	0	0	0	0	0	0	0	0	0	0	0	0	0	0	0	0	0	0	0	0	0	0	0	0	1	0	0	0	0	0	0	0	0	0	0	0	0	0	0	0	0	0	0	0	0	0	0	0	0	0	0	0	0	0	0	0	0	0	0	0	0	
Carex_baccans	0	0	0	0	0	0	0	0	0	0	0	0	0	0	0	0	0	0	0	0	0	0	1	0	0	0	0	0	0	0	0	0	0	0	0	0	0	0	0	0	0	0	0	0	0	0	0	0	0	0	0	0	0	0	0	0	0	0	0	0	0	0	
N70	8.91247e-028	3.79662e-026	2.24087e-024	1.26624e-022	6.28529e-021	2.74751e-019	1.00306e-017	2.71143e-016	4.58958e-015	4.54827e-014	4.49139e-013	7.52211e-012	1.35187e-010	1.97076e-009	2.17764e-008	1.75184e-007	9.88585e-007	3.80456e-006	9.89621e-006	1.78114e-005	2.38479e-005	2.69992e-005	3.15351e-005	5.98312e-005	0.000237727	0.00112826	0.00463727	0.0154326	0.0409494	0.0860848	0.142823	0.186554	0.191614	0.154765	0.0984132	0.0493857	0.0196263	0.00620895	0.00157402	0.0003246	5.53677e-005	8.85533e-006	1.38271e-006	4.76995e-007	1.25758e-007	8.97693e-008	2.44939e-008	1.66859e-008	3.96169e-009	2.24026e-009	4.39503e-010	1.99076e-010	3.15927e-011	1.13922e-011	1.45449e-012	4.1948e-013	4.33023e-014	1.01606e-014	9.2144e-016	1.98111e-016	2.54638e-017	7.33886e-018	
Carex_echinochloe	0	0	0	0	0	0	0	0	0	0	0	0	0	0	0	0	0	0	0	0	1	0	0	0	0	0	0	0	0	0	0	0	0	0	0	0	0	0	0	0	0	0	0	0	0	0	0	0	0	0	0	0	0	0	0	0	0	0	0	0	0	0	
N71	1.22179e-030	4.9583e-029	3.83603e-027	2.84208e-025	1.80703e-023	9.76751e-022	4.01954e-020	1.05161e-018	1.60808e-017	1.88948e-016	2.99986e-015	6.62704e-014	1.35998e-012	2.12762e-011	2.36874e-010	1.81365e-009	9.41007e-009	3.33957e-008	8.49513e-008	1.72377e-007	3.28471e-007	6.72423e-007	1.68928e-006	6.58313e-006	3.65207e-005	0.000207297	0.00102176	0.0041555	0.0136954	0.0362752	0.0768761	0.130037	0.175372	0.188564	0.161776	0.110929	0.06093	0.0268987	0.00957806	0.00277883	0.000662843	0.000144184	3.07137e-005	1.21618e-005	4.32672e-006	2.6537e-006	8.64064e-007	4.25782e-007	1.08837e-007	4.0897e-008	8.15196e-009	2.3414e-009	3.6456e-010	8.06272e-011	9.85508e-012	1.69945e-012	1.66665e-013	2.32791e-014	2.03319e-015	2.53785e-016	2.36055e-017	3.44383e-018	
N72	2.47314e-025	2.45417e-024	4.19508e-023	8.3614e-022	1.66534e-020	3.09544e-019	5.20172e-018	7.77358e-017	1.02532e-015	1.18941e-014	1.2057e-013	1.05432e-012	7.82137e-012	4.84864e-011	2.48982e-010	1.06047e-009	3.80313e-009	1.18735e-008	3.42718e-008	1.01054e-007	3.46089e-007	1.47411e-006	7.29635e-006	3.69917e-005	0.000174943	0.000733205	0.0026524	0.00816476	0.0212054	0.0462099	0.0841697	0.127814	0.161551	0.169847	0.148558	0.10821	0.065758	0.0334225	0.014256	0.00512619	0.00156478	0.000411009	9.58048e-005	2.136e-005	5.17238e-006	1.5233e-006	5.02931e-007	1.81127e-007	5.8611e-008	2.52992e-008	8.41718e-009	5.65109e-009	1.98848e-009	1.47734e-009	4.75659e-010	3.12181e-010	9.19964e-011	5.49646e-011	1.93339e-011	1.20631e-011	5.95114e-012	4.28956e-012	
Carex_pendula	0	0	0	0	0	0	0	0	0	0	0	0	0	0	0	0	0	0	0	0	0	0	0	0	0	0	0	0	1	0	0	0	0	0	0	0	0	0	0	0	0	0	0	0	0	0	0	0	0	0	0	0	0	0	0	0	0	0	0	0	0	0	
N73	2.46818e-022	2.84193e-021	6.62772e-020	1.50187e-018	2.96589e-017	5.02939e-016	6.99773e-015	7.83763e-014	6.74283e-013	4.64424e-012	4.16968e-011	4.37427e-010	3.83351e-009	2.3832e-008	9.68229e-008	2.50998e-007	4.24648e-007	5.54804e-007	9.34655e-007	2.23722e-006	4.94973e-006	8.80323e-006	1.31409e-005	2.36316e-005	9.97834e-005	0.00061075	0.00320209	0.0129742	0.0398509	0.0921628	0.159994	0.208272	0.203271	0.148909	0.0820956	0.0342669	0.0109268	0.00269602	0.000521566	8.0377e-005	9.99462e-006	1.02116e-006	8.66537e-008	6.28044e-009	3.92648e-010	2.25067e-011	1.18791e-012	6.43655e-014	3.35478e-015	1.85149e-016	9.30093e-018	4.67787e-019	2.05404e-020	8.71701e-022	3.21646e-023	1.12951e-024	3.46849e-026	1.00544e-027	2.56325e-029	6.14181e-031	1.30247e-032	3.07469e-034	
Carex_hostiana	0	0	0	0	0	0	0	0	0	0	0	0	0	0	0	0	0	0	0	0	0	0	0	0	0	0	0	1	0	0	0	0	0	0	0	0	0	0	0	0	0	0	0	0	0	0	0	0	0	0	0	0	0	0	0	0	0	0	0	0	0	0	
Carex_viridula	0	0	0	0	0	0	0	0	0	0	0	0	0	0	0	0	0	0	0	0	0	0	0	0	0	0	0	0	0	0	0	0	0	0	1	0	0	0	0	0	0	0	0	0	0	0	0	0	0	0	0	0	0	0	0	0	0	0	0	0	0	0	
N74	8.69015e-030	2.98895e-028	1.76064e-026	9.01151e-025	3.76132e-023	1.27555e-021	3.43533e-020	7.0086e-019	1.09587e-017	1.40387e-016	1.67219e-015	2.19972e-014	3.07137e-013	3.84702e-012	3.94368e-011	3.20061e-010	2.0367e-009	1.02723e-008	4.26089e-008	1.54385e-007	5.17693e-007	1.6326e-006	4.74704e-006	1.29834e-005	3.82968e-005	0.000140863	0.000589502	0.00232998	0.00788793	0.0221064	0.0506881	0.0946374	0.143567	0.176825	0.176845	0.143749	0.0951161	0.0513435	0.0226721	0.00821893	0.0024572	0.000610868	0.000127937	2.36536e-005	4.11159e-006	8.90704e-007	2.13989e-007	8.22828e-008	2.26045e-008	9.04014e-009	2.13915e-009	7.17472e-010	1.39332e-010	3.74613e-011	5.98195e-012	1.30472e-012	1.8208e-013	3.43548e-014	4.7362e-015	7.94891e-016	1.06179e-016	1.88358e-017	
N75	3.65127e-024	2.37447e-023	3.06575e-022	4.57301e-021	6.70028e-020	9.18241e-019	1.15902e-017	1.33732e-016	1.4098e-015	1.37497e-014	1.26903e-013	1.12457e-012	9.4837e-012	7.40551e-011	5.1811e-010	3.14774e-009	1.61638e-008	6.87507e-008	2.40048e-007	6.94303e-007	1.72449e-006	3.93085e-006	8.87453e-006	2.08159e-005	5.18838e-005	0.000141525	0.000425286	0.001327	0.00394974	0.0105612	0.0246006	0.0492286	0.0841129	0.122379	0.151459	0.159425	0.142789	0.108925	0.0708677	0.0393966	0.0187522	0.00767012	0.0027046	0.000837827	0.000231934	6.96248e-005	2.36538e-005	1.47639e-005	7.64483e-006	5.67308e-006	2.70025e-006	1.69072e-006	6.89846e-007	3.60768e-007	1.29376e-007	5.85028e-008	1.96864e-008	8.01711e-009	2.62083e-009	9.38124e-010	2.89672e-010	1.19992e-010	
Carex_punctata	0	0	0	0	0	0	0	0	0	0	0	0	0	0	0	0	0	0	0	0	0	0	0	0	0	0	0	0	0	0	0	0	0	1	0	0	0	0	0	0	0	0	0	0	0	0	0	0	0	0	0	0	0	0	0	0	0	0	0	0	0	0	
Carex_hochstetteriana	0	0	0	0	0	0	0	0	0	0	0	0	0	0	0	0	0	0	0	0	0	0	0	0	0	0	0	0	0	0	0	0	0	0	0	0	0	1	0	0	0	0	0	0	0	0	0	0	0	0	0	0	0	0	0	0	0	0	0	0	0	0	
N76	4.98992e-027	9.24344e-026	3.38756e-024	1.34651e-022	4.93718e-021	1.67466e-019	4.71443e-018	9.22819e-017	1.07935e-015	9.40659e-015	1.0879e-013	1.57415e-012	2.12577e-011	2.3607e-010	2.02512e-009	1.29675e-008	6.1191e-008	2.14383e-007	5.74601e-007	1.2564e-006	2.58273e-006	6.45883e-006	2.28716e-005	9.75866e-005	0.000413947	0.00158786	0.0052764	0.0148688	0.0351392	0.0692257	0.113298	0.153745	0.172799	0.160791	0.123885	0.0790825	0.0418721	0.0184172	0.00674286	0.00205993	0.000526663	0.000113098	2.04934e-005	3.15409e-006	4.16578e-007	4.81532e-008	5.04175e-009	5.12826e-010	5.40161e-011	6.48425e-012	7.9323e-013	1.13373e-013	1.41096e-014	2.29729e-015	3.06443e-016	5.72013e-017	8.80458e-018	1.60656e-018	2.40116e-019	3.5089e-020	4.24468e-021	6.05081e-022	
Carex_comans	0	0	0	0	0	0	0	0	0	0	0	0	0	0	0	0	0	0	0	1	0	0	0	0	0	0	0	0	0	0	0	0	0	0	0	0	0	0	0	0	0	0	0	0	0	0	0	0	0	0	0	0	0	0	0	0	0	0	0	0	0	0	
N77	4.52593e-025	4.77186e-024	9.32615e-023	2.01728e-021	4.12932e-020	7.61608e-019	1.24341e-017	1.78452e-016	2.26002e-015	2.55921e-014	2.61771e-013	2.40447e-012	1.94505e-011	1.35587e-010	8.01758e-010	4.00341e-009	1.70921e-008	6.45867e-008	2.27323e-007	7.76978e-007	2.60815e-006	8.63446e-006	2.91475e-005	0.000104463	0.000390129	0.00140857	0.00458188	0.0128863	0.0307219	0.0615255	0.103057	0.144075	0.167946	0.163203	0.132256	0.0894557	0.0505688	0.0239339	0.0095045	0.00317579	0.00089533	0.000214588	4.38954e-005	8.3387e-006	1.50012e-006	5.48451e-007	1.6861e-007	1.30466e-007	4.04459e-008	2.79895e-008	7.30431e-009	4.19806e-009	9.17607e-010	4.39395e-010	8.07101e-011	3.24222e-011	5.06611e-012	1.7502e-012	2.66262e-013	9.27165e-014	2.25056e-014	1.08979e-014	
Carex_extensa	0	0	0	0	0	0	0	0	0	0	0	0	0	0	0	0	0	0	0	0	0	0	0	0	0	0	0	0	0	1	0	0	0	0	0	0	0	0	0	0	0	0	0	0	0	0	0	0	0	0	0	0	0	0	0	0	0	0	0	0	0	0	
Carex_distans	0	0	0	0	0	0	0	0	0	0	0	0	0	0	0	0	0	0	0	0	0	0	0	0	0	0	0	0	0	0	0	0	0	0	1	0	0	0	0	0	0	0	0	0	0	0	0	0	0	0	0	0	0	0	0	0	0	0	0	0	0	0	
N78	3.43925e-032	2.22222e-030	2.4158e-028	2.39784e-026	1.95332e-024	1.31692e-022	7.11056e-021	2.74283e-019	6.88238e-018	1.07198e-016	1.31822e-015	2.29047e-014	4.92155e-013	8.76654e-012	1.14646e-010	1.066e-009	7.01701e-009	3.35596e-008	1.24263e-007	3.88071e-007	1.08339e-006	2.70517e-006	6.03524e-006	1.39908e-005	4.80574e-005	0.000235619	0.001146	0.00469244	0.0155083	0.0408512	0.0853035	0.140841	0.183719	0.189457	0.154728	0.100357	0.0518815	0.0214807	0.00716337	0.00195153	0.000442784	0.000100936	2.62911e-005	1.78536e-005	8.40901e-006	7.71626e-006	3.18904e-006	2.36953e-006	7.91511e-007	4.56131e-007	1.21231e-007	5.36813e-008	1.1256e-008	3.83273e-009	6.31962e-010	1.6667e-010	2.18023e-011	4.57102e-012	5.16922e-013	9.56683e-014	1.2264e-014	2.84764e-015	
N79	2.61807e-022	1.67647e-021	1.77275e-020	2.19837e-019	2.77274e-018	3.30895e-017	3.61749e-016	3.57353e-015	3.17233e-014	2.5233e-013	1.79098e-012	1.12756e-011	6.26175e-011	3.06273e-010	1.32727e-009	5.17993e-009	1.87449e-008	6.56933e-008	2.34956e-007	8.94044e-007	3.63923e-006	1.53176e-005	6.33704e-005	0.000246219	0.000869529	0.00273239	0.00753852	0.0181047	0.0376331	0.0674345	0.10387	0.137257	0.155415	0.15071	0.125189	0.0891505	0.0545066	0.0286708	0.01301	0.00511146	0.00174826	0.000525798	0.000142102	3.63719e-005	9.73758e-006	3.10274e-006	1.15773e-006	4.88159e-007	1.93143e-007	8.5874e-008	3.23192e-008	1.6714e-008	6.46222e-009	3.81624e-009	1.50017e-009	8.80749e-010	3.62602e-010	2.05886e-010	9.19267e-011	4.746e-011	2.11015e-011	1.23461e-011	
Carex_scirpoidea	0	0	0	0	0	0	0	0	0	0	0	0	0	0	0	0	0	0	0	0	0	0	0	0	0	0	0	0	0	0	1	0	0	0	0	0	0	0	0	0	0	0	0	0	0	0	0	0	0	0	0	0	0	0	0	0	0	0	0	0	0	0	
Carex_debilis	0	0	0	0	0	0	0	0	0	0	0	0	0	0	0	0	0	0	0	0	0	0	0	0	0	0	1	0	0	0	0	0	0	0	0	0	0	0	0	0	0	0	0	0	0	0	0	0	0	0	0	0	0	0	0	0	0	0	0	0	0	0	
N80	6.50203e-028	1.03535e-026	3.0904e-025	9.3446e-024	2.53389e-022	6.00473e-021	1.22259e-019	2.09183e-018	3.01034e-017	3.86607e-016	4.81058e-015	5.89003e-014	6.80697e-013	7.11669e-012	6.51997e-011	5.08017e-010	3.26336e-009	1.6806e-008	6.8215e-008	2.18822e-007	5.74387e-007	1.34752e-006	3.31495e-006	1.01022e-005	3.87245e-005	0.000164251	0.000677824	0.00251416	0.0080303	0.021589	0.0482561	0.0890829	0.135355	0.169044	0.173531	0.14658	0.102073	0.0587495	0.0280371	0.0111408	0.00370666	0.00104732	0.00025827	6.4799e-005	1.89838e-005	1.06673e-005	5.14762e-006	4.02658e-006	1.77534e-006	1.24016e-006	4.58572e-007	2.66053e-007	8.15975e-008	3.84698e-008	9.7739e-009	3.75681e-009	8.15754e-010	2.68367e-010	5.74329e-011	1.78096e-011	4.33355e-012	1.61341e-012	
N81	3.25922e-022	2.95812e-021	5.446e-020	1.03561e-018	1.77248e-017	2.68115e-016	3.6319e-015	4.20168e-014	3.83913e-013	2.47795e-012	1.12145e-011	5.13346e-011	3.40347e-010	2.61154e-009	1.90219e-008	1.27821e-007	7.84769e-007	4.22068e-006	1.87271e-005	6.51749e-005	0.000172864	0.000346822	0.000531414	0.000636699	0.000626889	0.000597763	0.00085897	0.00216695	0.00619208	0.0159239	0.0351244	0.0658667	0.104757	0.141148	0.161004	0.155439	0.127012	0.0878901	0.0515429	0.0256599	0.01086	0.00392239	0.00121162	0.000323716	7.51491e-005	1.58701e-005	3.09206e-006	6.50565e-007	1.3933e-007	3.64542e-008	8.65786e-009	2.25876e-009	4.9168e-010	1.10201e-010	2.06941e-011	3.85495e-012	6.10065e-013	9.29485e-014	1.21407e-014	1.49684e-015	1.6221e-016	2.19695e-017	
Carex_grayi	0	0	0	0	0	0	0	0	0	0	0	0	0	0	0	0	0	0	0	0	0	0	0	0	0	1	0	0	0	0	0	0	0	0	0	0	0	0	0	0	0	0	0	0	0	0	0	0	0	0	0	0	0	0	0	0	0	0	0	0	0	0	
N82	2.3569e-024	2.16287e-023	4.17867e-022	8.26218e-021	1.4795e-019	2.37297e-018	3.40019e-017	4.18901e-016	4.1937e-015	3.36953e-014	2.56741e-013	2.33439e-012	2.47242e-011	2.59783e-010	2.43409e-009	1.92222e-008	1.22031e-007	5.90303e-007	2.06232e-006	5.01031e-006	8.38549e-006	9.88323e-006	8.61358e-006	6.01381e-006	3.98151e-006	3.63566e-006	6.86938e-006	2.61899e-005	0.000131349	0.000626801	0.00255316	0.0086236	0.0239166	0.0541729	0.0998126	0.149131	0.180268	0.176128	0.139041	0.0889583	0.0462082	0.0198255	0.00706556	0.00231645	0.000699527	0.000274657	9.68775e-005	4.58334e-005	1.47686e-005	5.80853e-006	1.48017e-006	4.52245e-007	9.08111e-008	2.18293e-008	3.54058e-009	6.92489e-010	9.64064e-011	1.63079e-011	2.13709e-012	3.2193e-013	4.00043e-014	6.76449e-015	
Carex_saxatilis	0	0	0	0	0	0	0	0	0	0	0	0	0	0	0	0	0	0	0	0	0	0	0	0	0	0	0	0	0	0	0	0	0	0	0	0	0	0	1	0	0	0	0	0	0	0	0	0	0	0	0	0	0	0	0	0	0	0	0	0	0	0	
N83	1.32595e-045	5.60629e-042	2.2994e-038	7.33501e-035	1.12489e-032	1.04365e-031	2.77794e-028	5.37584e-025	6.00739e-022	2.23851e-022	1.10328e-024	3.47082e-027	3.8892e-027	9.16831e-024	1.84799e-020	2.51222e-017	2.14783e-014	9.88521e-012	2.21833e-010	3.10092e-012	1.93458e-014	7.51729e-017	1.99792e-019	3.81828e-022	5.41573e-025	5.90895e-028	1.88543e-029	1.34091e-027	5.66495e-024	1.87724e-020	4.61633e-017	8.11768e-014	9.71824e-011	7.39291e-008	3.21833e-005	0.00669687	0.449016	0.532977	0.0112021	7.59202e-005	2.46263e-007	4.58141e-010	5.43427e-013	4.41292e-016	2.5833e-019	1.13753e-022	3.89916e-026	1.08208e-029	2.50221e-033	5.15924e-037	9.73164e-041	1.9708e-044	4.06916e-048	9.92781e-052	2.23718e-055	5.1166e-059	9.86325e-063	1.76285e-066	2.63174e-070	3.5343e-074	3.99448e-078	4.07765e-082	
Carex_membranacea	0	0	0	0	0	0	0	0	0	0	0	0	0	0	0	0	0	0	0	0	0	0	0	0	0	0	0	0	0	0	0	0	0	0	0	0	0	1	0	0	0	0	0	0	0	0	0	0	0	0	0	0	0	0	0	0	0	0	0	0	0	0	
Carex_rostrata	0	0	0	0	0	0	0	0	0	0	0	0	0	0	0	0	0	0	0	0	0	0	0	0	0	0	0	0	0	0	0	0	0	0	0	0	1	0	0	0	0	0	0	0	0	0	0	0	0	0	0	0	0	0	0	0	0	0	0	0	0	0	
N84	2.3169e-027	5.14344e-026	2.23698e-024	8.99883e-023	3.06049e-021	8.50974e-020	1.8543e-018	3.22656e-017	4.94678e-016	6.2413e-015	6.32498e-014	6.56669e-013	7.36749e-012	7.21129e-011	5.42566e-010	3.07328e-009	1.38788e-008	5.82937e-008	2.61835e-007	1.16594e-006	4.39902e-006	1.3029e-005	2.99367e-005	5.46872e-005	8.6572e-005	0.000153655	0.000418932	0.00148192	0.00500948	0.0144799	0.0348742	0.0695407	0.114552	0.155716	0.174588	0.161452	0.1232	0.0776469	0.0404728	0.0174825	0.00627232	0.00187633	0.000469694	9.94514e-005	1.7963e-005	2.90949e-006	4.34279e-007	7.25435e-008	1.23857e-008	2.69919e-009	4.95531e-010	1.04468e-010	1.70164e-011	3.05556e-012	4.34496e-013	6.55791e-014	8.09267e-015	1.00177e-015	1.02966e-016	1.00874e-017	8.3764e-019	8.36023e-020	
N85	3.64464e-024	3.17836e-023	5.37787e-022	1.03131e-020	1.9153e-019	3.27089e-018	5.03104e-017	6.91196e-016	8.44424e-015	9.07055e-014	8.39021e-013	6.53288e-012	4.22028e-011	2.26863e-010	1.04127e-009	4.2657e-009	1.63809e-008	6.14278e-008	2.29037e-007	8.32409e-007	2.83613e-006	8.9629e-006	2.76366e-005	9.07254e-005	0.000323845	0.00115945	0.0038004	0.0108355	0.0262951	0.0538461	0.0927018	0.13394	0.162269	0.164781	0.140271	0.100145	0.0600173	0.0302326	0.0128221	0.00458815	0.00138868	0.000356578	7.79598e-005	1.45792e-005	2.34652e-006	3.28051e-007	4.04241e-008	4.50018e-009	4.69724e-010	4.83411e-011	5.07413e-012	5.59136e-013	6.15076e-014	7.63455e-015	9.46021e-016	2.02617e-016	4.90372e-017	1.77713e-017	5.56008e-018	1.66693e-018	4.14478e-019	1.18784e-019	
Carex_rariflora	0	0	0	0	0	0	0	0	0	0	0	0	0	0	0	0	0	0	0	0	0	0	0	0	0	1	0	0	0	0	0	0	0	0	0	0	0	0	0	0	0	0	0	0	0	0	0	0	0	0	0	0	0	0	0	0	0	0	0	0	0	0	
Carex_magellanica	0	0	0	0	0	0	0	0	0	0	0	0	0	0	0	0	0	0	0	0	0	0	0	0	0	0	0	0	1	0	0	0	0	0	0	0	0	0	0	0	0	0	0	0	0	0	0	0	0	0	0	0	0	0	0	0	0	0	0	0	0	0	
N86	5.44135e-026	6.61357e-025	1.61901e-023	3.99859e-022	8.89456e-021	1.76357e-019	3.15709e-018	4.89547e-017	6.18063e-016	5.79165e-015	3.90593e-014	2.69076e-013	2.75447e-012	3.31406e-011	3.57772e-010	3.14738e-009	2.1538e-008	1.09913e-007	4.01583e-007	1.02673e-006	1.88434e-006	2.76705e-006	3.87319e-006	5.665e-006	8.10633e-006	1.06015e-005	1.43684e-005	3.47086e-005	0.000158316	0.000760967	0.00311382	0.0104578	0.0285804	0.0632607	0.112973	0.162262	0.186981	0.172612	0.12759	0.0755955	0.035968	0.0138271	0.00431604	0.00112846	0.000251961	5.86809e-005	1.39645e-005	4.91131e-006	1.39203e-006	4.94324e-007	1.17579e-007	3.2923e-008	6.24182e-009	1.37774e-009	2.15541e-010	3.9117e-011	5.38497e-012	8.36602e-013	1.04376e-013	1.35834e-014	1.46942e-015	2.02216e-016	
Carex_shimidzensis	0	0	0	0	0	0	0	0	0	0	0	0	0	0	0	0	0	0	0	0	0	0	0	0	0	0	0	0	0	0	0	0	0	1	0	0	0	0	0	0	0	0	0	0	0	0	0	0	0	0	0	0	0	0	0	0	0	0	0	0	0	0	
N87	1.27011e-038	4.57775e-036	1.97808e-033	6.5022e-031	1.11025e-028	1.82334e-027	4.39045e-025	8.49971e-023	9.25952e-021	1.86055e-019	9.26733e-020	1.12395e-020	2.0028e-020	1.7046e-018	2.05032e-016	2.15417e-014	1.61705e-012	6.71184e-011	1.10539e-009	5.1287e-009	5.94465e-009	2.13491e-009	3.27099e-010	2.86833e-011	1.90306e-012	1.55796e-013	5.11804e-014	3.34078e-013	1.90034e-011	1.04148e-009	4.27638e-008	1.26563e-006	2.63198e-005	0.000374812	0.0035557	0.021829	0.0842481	0.199126	0.282766	0.23955	0.121955	0.0380521	0.00747531	0.000954626	8.17649e-005	4.91782e-006	2.15731e-007	8.12997e-009	2.73188e-010	1.21992e-011	4.33525e-013	1.88077e-014	5.17719e-016	1.62874e-017	3.40747e-019	7.97436e-021	1.36475e-022	2.42724e-024	3.32523e-026	4.27654e-028	4.30763e-030	4.24782e-032	
N88	1.12233e-042	2.69462e-040	7.85648e-038	1.74133e-035	2.22189e-033	1.326e-031	2.55691e-029	4.52463e-027	5.48487e-025	1.43869e-023	2.57201e-023	1.99669e-023	1.43086e-022	1.79913e-020	2.31681e-018	2.05207e-016	1.1221e-014	3.21329e-013	3.31611e-012	7.22182e-012	3.73526e-012	6.51886e-013	5.19589e-014	2.8566e-015	2.92103e-016	5.81795e-017	5.81777e-017	9.65896e-016	2.57602e-014	2.12659e-012	2.18933e-010	1.66645e-008	8.61788e-007	2.89884e-005	0.00060504	0.00741985	0.050308	0.1777	0.314824	0.280782	0.130285	0.032881	0.00473485	0.000407949	2.19948e-005	7.73218e-007	1.83942e-008	3.06247e-010	3.68099e-012	3.29171e-014	2.25902e-016	1.25713e-018	6.86416e-021	1.98078e-022	1.46948e-023	1.45023e-024	1.09122e-025	6.83819e-027	3.28276e-028	1.21515e-029	3.37307e-031	7.93589e-033	
Carex_nigra	0	0	0	0	0	0	0	0	0	0	0	0	0	0	0	0	0	0	0	0	0	0	0	0	0	0	0	0	0	0	0	0	0	0	0	0	0	0	0	0	1	0	0	0	0	0	0	0	0	0	0	0	0	0	0	0	0	0	0	0	0	0	
N89	6.63443e-049	4.29153e-046	3.05035e-043	1.60733e-040	4.26948e-038	4.96667e-036	1.70735e-033	4.42529e-031	6.63511e-029	1.22561e-027	1.67314e-027	2.6374e-027	7.84678e-026	2.02751e-023	3.86962e-021	4.67898e-019	3.247e-017	1.0261e-015	8.62857e-015	9.79797e-015	2.35696e-015	2.00901e-016	8.44276e-018	2.48276e-019	1.02981e-020	1.11193e-021	5.20114e-021	1.52705e-018	5.91987e-016	1.72347e-013	3.50211e-011	4.76717e-009	4.15494e-007	2.19665e-005	0.000659797	0.010406	0.078684	0.260795	0.361837	0.217622	0.060815	0.00849676	0.000635511	2.70685e-005	6.93712e-007	1.12282e-008	1.19741e-010	8.72938e-013	4.49221e-015	1.67815e-017	4.66392e-020	9.85526e-023	1.61705e-025	2.4029e-028	3.93385e-030	4.01266e-031	3.41537e-032	2.26927e-033	1.15122e-034	4.36072e-036	1.19397e-037	2.50619e-039	
Carex_aquatilis_var_minor	0	0	0	0	0	0	0	0	0	0	0	0	0	0	0	0	0	0	0	0	0	0	0	0	0	0	0	0	0	0	0	0	0	0	0	0	0	1	0	0	0	0	0	0	0	0	0	0	0	0	0	0	0	0	0	0	0	0	0	0	0	0	
N90	1.08736e-052	7.58751e-050	6.13983e-047	3.91186e-044	1.48702e-041	5.16109e-039	2.20462e-036	6.69233e-034	1.05202e-031	1.64864e-030	2.7105e-030	6.737e-030	6.19372e-028	1.51585e-025	2.55131e-023	2.62751e-021	1.49455e-019	3.68931e-018	2.18172e-017	1.56753e-017	2.60775e-018	1.66959e-019	6.1138e-021	7.27624e-022	3.62873e-022	1.72889e-022	1.14033e-021	4.04636e-019	2.10222e-016	8.0612e-014	2.13608e-011	3.74503e-009	4.12448e-007	2.67523e-005	0.000942394	0.0162789	0.121726	0.345931	0.351198	0.138334	0.0235595	0.00191896	8.16679e-005	1.95969e-006	2.82864e-008	2.59391e-010	1.58241e-012	6.67687e-015	2.01399e-017	4.46708e-020	7.46472e-023	9.59903e-026	9.86954e-029	4.36339e-031	5.0213e-032	5.80168e-033	5.28498e-034	3.76395e-035	2.05453e-036	8.38581e-038	2.46816e-039	5.46621e-041	
Carex_aquatilis_var_aquatilis	0	0	0	0	0	0	0	0	0	0	0	0	0	0	0	0	0	0	0	0	0	0	0	0	0	0	0	0	0	0	0	0	0	0	0	0	0	1	0	0	0	0	0	0	0	0	0	0	0	0	0	0	0	0	0	0	0	0	0	0	0	0	
N91	5.55559e-061	4.23852e-057	2.88565e-053	1.49258e-049	3.69348e-046	3.09677e-045	7.99241e-042	1.66139e-038	1.56825e-035	2.00428e-034	2.12929e-035	6.02282e-036	2.93709e-035	2.9114e-032	2.54083e-029	1.47913e-026	4.65239e-024	4.89019e-022	4.70376e-021	8.77787e-022	8.12671e-023	1.05091e-023	1.04503e-024	8.45186e-026	6.33415e-027	1.99394e-027	1.70534e-026	4.21816e-023	1.07083e-019	1.84969e-016	2.07332e-013	1.42133e-010	5.5182e-008	1.09417e-005	0.000958574	0.0300407	0.251768	0.504005	0.192764	0.0197333	0.000708218	1.07549e-005	7.92818e-008	3.14865e-010	7.30525e-013	1.05584e-015	1.00114e-018	6.49753e-022	2.98976e-025	1.00464e-028	2.52827e-032	4.9245e-036	1.67616e-039	1.42717e-041	1.65893e-043	1.54283e-045	1.11971e-047	6.30786e-050	3.24978e-052	1.66306e-053	3.34803e-054	5.96159e-055	
Carex_paleacea	0	0	0	0	0	0	0	0	0	0	0	0	0	0	0	0	0	0	0	0	0	0	0	0	0	0	0	0	0	0	0	0	0	0	0	1	0	0	0	0	0	0	0	0	0	0	0	0	0	0	0	0	0	0	0	0	0	0	0	0	0	0	
N92	7.30741e-059	5.58653e-059	7.86154e-057	1.70735e-053	1.84921e-050	1.43578e-047	1.31355e-044	6.4083e-042	1.08851e-039	1.13115e-038	1.64704e-038	4.41508e-038	7.86962e-036	6.84779e-033	3.82413e-030	1.13807e-027	1.53396e-025	6.64664e-024	3.61794e-023	1.11365e-023	2.30416e-024	5.35221e-025	8.52986e-026	2.21639e-026	2.23638e-026	2.23876e-026	3.00207e-026	9.72442e-024	2.67591e-020	5.33724e-017	6.95643e-014	5.57853e-011	2.54697e-008	5.96449e-006	0.000619253	0.0231107	0.233107	0.524744	0.19882	0.0189724	0.000612694	8.21058e-006	5.29084e-008	1.83055e-010	3.70068e-013	4.67114e-016	3.88168e-019	2.21705e-022	9.01836e-026	2.69161e-029	6.0548e-033	5.31786e-036	3.45692e-038	9.35885e-039	9.98732e-041	2.69446e-041	4.78024e-042	1.08743e-042	1.86908e-043	2.3671e-044	2.07643e-045	1.22689e-046	
Carex_aquatilis	0	0	0	0	0	0	0	0	0	0	0	0	0	0	0	0	0	0	0	0	0	0	0	0	0	0	0	0	0	0	0	0	0	0	0	0	0	1	0	0	0	0	0	0	0	0	0	0	0	0	0	0	0	0	0	0	0	0	0	0	0	0	
Carex_recta	0	0	0	0	0	0	0	0	0	0	0	0	0	0	0	0	0	0	0	0	0	0	0	0	0	0	0	0	0	0	0	0	0	0	0	0	0	1	0	0	0	0	0	0	0	0	0	0	0	0	0	0	0	0	0	0	0	0	0	0	0	0	
N93	4.36224e-038	3.89517e-036	5.303e-034	6.08323e-032	5.36781e-030	3.56598e-028	1.73138e-026	5.38541e-025	8.61138e-024	5.45594e-023	2.20197e-022	3.4702e-021	1.71706e-019	1.03927e-017	5.17646e-016	1.85739e-014	4.37037e-013	5.95069e-012	4.0128e-011	1.16277e-010	1.36572e-010	7.10778e-011	1.94551e-011	3.32459e-012	4.5332e-013	9.81341e-014	1.01394e-013	9.62089e-013	3.00565e-011	1.39602e-009	5.40732e-008	1.53183e-006	3.05939e-005	0.000419192	0.00383348	0.0227543	0.0853575	0.197802	0.278803	0.237869	0.123741	0.0399606	0.00821402	0.0011062	0.000100551	6.36622e-006	2.8976e-007	9.9051e-009	2.68287e-010	6.37546e-012	1.43517e-013	3.33412e-015	7.07866e-017	1.79876e-018	4.90126e-020	1.87742e-020	8.97551e-021	7.05466e-021	4.25014e-021	1.97622e-021	6.59271e-022	1.84235e-022	
Carex_kiotensis	0	0	0	0	0	0	0	0	0	0	0	0	0	0	0	0	0	0	0	0	0	0	0	0	0	0	0	0	0	0	0	0	0	0	0	0	1	0	0	0	0	0	0	0	0	0	0	0	0	0	0	0	0	0	0	0	0	0	0	0	0	0	
Carex_heterolepis	0	0	0	0	0	0	0	0	0	0	0	0	0	0	0	0	0	0	0	0	0	0	0	0	0	0	0	0	0	0	0	0	0	0	0	0	0	0	0	1	0	0	0	0	0	0	0	0	0	0	0	0	0	0	0	0	0	0	0	0	0	0	
