NODE	1	2	3	4	5	6	7	8	9	10	11	12	13	14	15	16	17	18	19	20	21	22	23	24	25	26	27	28	29	30	31	32	33	34	35	36	37	38	39	40	41	42	43	44	45	46	47	48	49	50	51	52	53	54	55	56	57	58	59	60	61	62	
N1	1.11293e-06	3.71784e-06	1.93665e-05	0.000101023	0.000455553	0.00170847	0.00532296	0.0139115	0.0307784	0.0580115	0.0933936	0.128543	0.151306	0.152592	0.132369	0.0992956	0.0647485	0.0368312	0.0183051	0.00794516	0.00300543	0.000987009	0.000279894	6.80769e-05	1.40973e-05	2.46733e-06	3.62574e-07	4.44848e-08	4.53691e-09	3.83396e-10	2.67895e-11	1.54609e-12	9.76725e-17	1.93813e-17	3.49779e-18	5.74614e-19	8.60194e-20	1.17488e-20	1.46613e-21	1.67408e-22	1.75182e-23	1.68272e-24	1.48616e-25	1.20886e-26	9.07147e-28	6.29064e-29	4.03786e-30	2.40304e-31	1.32808e-32	6.82697e-34	3.26927e-35	1.46066e-36	6.09772e-38	2.38194e-39	8.71863e-41	2.99443e-42	9.66297e-44	2.9337e-45	8.39242e-47	2.26975e-48	5.94085e-50	2.02412e-51	
N2	1.77839e-06	6.67985e-06	3.35023e-05	0.000156909	0.000633582	0.00216951	0.00628502	0.015517	0.0328689	0.0599063	0.0939895	0.126855	0.146956	0.146905	0.127682	0.0972847	0.0655048	0.0393676	0.0209261	0.0100204	0.00431632	0.0016842	0.000591605	0.000223262	6.84279e-05	2.89129e-05	1.00689e-05	4.56881e-06	1.3006e-06	6.54801e-07	1.43415e-07	6.1412e-08	1.16961e-08	4.13022e-09	6.15788e-10	1.92891e-10	2.28644e-11	5.90663e-12	5.89233e-13	1.2513e-13	1.01201e-14	1.85108e-15	1.21926e-16	1.85731e-17	1.10352e-18	1.35018e-19	6.71724e-21	8.75126e-22	3.4613e-23	3.48671e-24	1.7314e-25	1.61881e-26	5.79287e-28	6.24552e-29	1.97915e-30	1.99875e-31	6.63258e-33	4.18365e-34	1.39756e-35	1.63657e-36	9.04069e-38	2.0713e-38	
N3	0.000411053	0.00118554	0.00441162	0.0149067	0.0408474	0.0881969	0.147921	0.193439	0.196044	0.153631	0.0930807	0.0438623	0.0161012	0.00466019	0.00107105	0.000197375	2.94552e-05	3.60834e-06	3.64154e-07	3.07824e-08	2.1931e-09	1.32939e-10	6.91112e-12	3.1363e-13	1.23327e-14	4.31959e-16	1.34458e-17	3.76888e-19	9.51195e-21	2.23987e-22	4.71277e-24	9.40995e-26	1.71593e-27	2.94382e-29	4.59445e-31	6.98298e-33	9.36552e-35	1.2347e-36	1.46614e-38	1.68453e-40	1.73476e-42	1.79045e-44	1.60887e-46	1.46321e-48	1.18301e-50	9.53002e-53	6.80372e-55	5.00989e-57	3.1784e-59	2.09806e-61	1.22354e-63	7.30141e-66	3.8553e-68	2.17174e-70	1.06628e-72	5.71818e-75	2.87133e-77	1.58501e-79	8.7211e-82	5.33383e-84	3.22794e-86	2.34604e-88	
N4	0.000128295	0.000918012	0.00743989	0.0416796	0.142289	0.275277	0.29034	0.170144	0.0579466	0.0120712	0.00161278	0.000144175	8.89599e-06	3.91554e-07	1.25971e-08	3.02617e-10	5.53969e-12	7.97251e-14	8.98434e-16	8.41216e-18	6.60732e-20	4.61356e-22	2.82146e-24	1.93188e-26	1.01138e-28	6.5294e-31	3.15179e-33	1.73908e-35	6.55926e-38	3.25593e-40	9.66616e-43	3.96877e-45	9.90776e-48	3.37203e-50	6.84563e-53	2.04081e-55	3.39355e-58	8.53682e-61	1.2443e-63	2.69065e-66	3.31472e-69	6.69356e-72	7.09631e-75	1.27613e-77	1.33957e-80	2.08067e-83	1.98091e-86	3.50466e-89	2.79456e-92	4.04116e-95	3.65587e-98	5.03718e-101	3.63489e-104	4.99581e-107	3.28827e-110	4.3127e-113	2.68322e-116	2.82788e-119	1.87147e-122	2.74074e-125	2.93672e-128	5.99452e-131	
Carex_lingii	0	0	0	0	0	1	0	0	0	0	0	0	0	0	0	0	0	0	0	0	0	0	0	0	0	0	0	0	0	0	0	0	0	0	0	0	0	0	0	0	0	0	0	0	0	0	0	0	0	0	0	0	0	0	0	0	0	0	0	0	0	0	
N5	2.76543e-05	0.000377415	0.00545241	0.0455117	0.190596	0.358943	0.284	0.0978393	0.0158731	0.00131848	6.04096e-05	1.66088e-06	2.79937e-08	3.35729e-10	2.86926e-12	2.43889e-14	1.40453e-16	1.6309e-18	6.24895e-21	6.28132e-23	1.7584e-25	1.24984e-27	2.31713e-30	1.29001e-32	1.65466e-35	6.75308e-38	7.01104e-41	2.15139e-43	1.61936e-46	4.55614e-49	2.79003e-52	7.33798e-55	4.84967e-58	7.64329e-61	4.7328e-64	1.61898e-66	5.32221e-70	7.79159e-73	4.64646e-76	1.08549e-78	2.75739e-82	3.48995e-85	1.14736e-88	2.63927e-91	5.20856e-95	4.26257e-98	1.1422e-101	2.25229e-104	3.0801e-108	2.05813e-111	4.29961e-115	6.3919e-118	7.11105e-122	4.38258e-125	6.32548e-129	7.77439e-132	7.19102e-136	3.05475e-139	4.19061e-143	4.97841e-146	7.33525e-150	1.03687e-152	
N6	2.35452e-05	0.000354252	0.00554528	0.0485102	0.20604	0.376174	0.271111	0.0806272	0.0108567	0.000730791	2.68181e-05	7.10011e-07	1.06748e-08	4.2763e-10	5.4161e-12	3.02235e-13	1.95004e-15	9.73529e-17	3.66524e-19	1.24377e-20	3.41337e-23	7.25534e-25	1.40906e-27	2.67048e-29	3.58897e-32	4.25461e-34	1.26286e-36	1.80737e-38	1.74953e-41	2.45575e-43	3.33327e-46	1.01399e-47	7.99395e-51	3.97297e-53	5.55478e-56	1.65027e-57	6.66977e-61	2.86635e-63	3.00925e-66	6.59463e-68	2.08402e-71	7.53403e-74	4.53361e-77	8.19516e-79	2.17097e-82	5.2966e-85	2.83623e-88	4.6446e-90	8.76605e-94	1.74775e-96	8.10901e-100	7.13466e-102	1.45862e-105	9.1582e-108	2.51016e-111	2.49295e-113	3.8533e-117	5.31763e-120	2.08005e-123	2.49433e-125	8.90344e-129	1.1505e-130	
Carex_grandiligulata	0	0	0	0	0	1	0	0	0	0	0	0	0	0	0	0	0	0	0	0	0	0	0	0	0	0	0	0	0	0	0	0	0	0	0	0	0	0	0	0	0	0	0	0	0	0	0	0	0	0	0	0	0	0	0	0	0	0	0	0	0	0	
Carex_pachygyna	0	0	0	0	0	1	0	0	0	0	0	0	0	0	0	0	0	0	0	0	0	0	0	0	0	0	0	0	0	0	0	0	0	0	0	0	0	0	0	0	0	0	0	0	0	0	0	0	0	0	0	0	0	0	0	0	0	0	0	0	0	0	
Carex_siderosticta	0	0	0	0	0	1	0	0	0	0	0	0	0	0	0	0	0	0	0	0	0	0	0	0	0	0	0	0	0	0	0	0	0	0	0	0	0	0	0	0	0	0	0	0	0	0	0	0	0	0	0	0	0	0	0	0	0	0	0	0	0	0	
Carex_scaposa	0	0	0	0	0	0	0	0	0	0	0	1	0	0	0	0	0	0	0	0	0	0	0	0	0	0	0	0	0	0	0	0	0	0	0	0	0	0	0	0	0	0	0	0	0	0	0	0	0	0	0	0	0	0	0	0	0	0	0	0	0	0	
N7	1.99111e-08	8.5078e-08	5.25794e-07	3.12201e-06	1.60276e-05	6.97046e-05	0.000255573	0.000803271	0.00220626	0.00540048	0.0118264	0.0230889	0.0396552	0.0600272	0.0793044	0.0913338	0.0924563	0.0858413	0.0738418	0.0635191	0.0544063	0.0479645	0.0417208	0.0403173	0.0354277	0.0352266	0.0309426	0.0281951	0.0206991	0.0162607	0.00924054	0.00565078	0.00252056	0.00118091	0.0003967	0.000148742	3.7748e-05	1.09595e-05	2.229e-06	5.09955e-07	8.0802e-08	1.55568e-08	1.95828e-09	3.06908e-10	3.35023e-11	4.26243e-12	3.8386e-13	4.49382e-14	3.29027e-15	3.12949e-16	2.1146e-17	1.71026e-18	9.42488e-20	6.90428e-21	3.21662e-22	2.0342e-23	8.68272e-25	4.78945e-26	2.10426e-27	1.37801e-28	8.42561e-30	9.31276e-31	
N8	2.61297e-18	1.2433e-16	6.23899e-15	1.67189e-13	4.40734e-12	1.11374e-10	6.66329e-10	3.62542e-09	1.48534e-08	5.26919e-08	5.54583e-07	4.8546e-06	2.05859e-05	2.80333e-05	4.03907e-05	0.000173602	0.000508459	0.000543787	0.000299268	0.000248367	0.000531702	0.00182656	0.00667223	0.0188703	0.0327355	0.0327219	0.0195781	0.0100701	0.0070345	0.00880742	0.0211825	0.0634359	0.143895	0.222697	0.210331	0.133091	0.0493458	0.0128737	0.00213794	0.000265836	2.44771e-05	2.65414e-06	3.63491e-07	6.12251e-08	7.96588e-09	8.7309e-10	6.73681e-11	4.54874e-12	2.11792e-13	8.85962e-15	2.6793e-16	7.25177e-18	1.44263e-19	2.73035e-21	3.76943e-23	5.13973e-25	5.5709e-27	6.1297e-29	5.96064e-31	6.22826e-33	5.96168e-35	6.77444e-37	
N9	6.32481e-22	4.40543e-20	3.65123e-18	2.01343e-16	7.59398e-15	2.16968e-13	3.11736e-12	3.44892e-11	3.04551e-10	1.80468e-09	1.53861e-08	1.49433e-07	7.87173e-07	1.73515e-06	4.15056e-06	1.7792e-05	5.77881e-05	9.40719e-05	9.9119e-05	0.000120293	0.000216077	0.000704777	0.00332537	0.0133414	0.031992	0.0393698	0.0254187	0.0117717	0.00648783	0.00687081	0.0173666	0.0590819	0.151902	0.242878	0.223321	0.120651	0.03705	0.00695961	0.000816475	6.949e-05	7.36203e-06	1.66309e-06	3.90352e-07	7.3029e-08	1.01374e-08	1.31712e-09	1.32887e-10	3.40831e-11	3.2124e-12	4.73038e-13	6.23497e-14	3.6451e-15	1.86496e-16	1.37869e-17	2.87809e-19	8.48024e-21	2.50476e-22	3.02676e-24	4.07372e-26	9.81336e-28	2.63287e-29	2.45368e-30	
N10	1.08081e-22	5.87079e-21	3.82922e-19	1.83482e-17	6.25492e-16	1.56897e-14	2.88411e-13	3.98365e-12	4.86784e-11	4.11905e-10	2.97381e-09	2.30241e-08	1.2512e-07	4.78964e-07	1.92192e-06	7.32269e-06	2.49798e-05	6.67406e-05	0.000118875	0.00015384	0.000184271	0.000366749	0.0015829	0.00772932	0.0243939	0.0403878	0.0342009	0.0175894	0.00858964	0.00807371	0.0210376	0.069789	0.164417	0.240041	0.21007	0.10983	0.0341274	0.00641005	0.000744853	5.65593e-05	3.44631e-06	2.63009e-07	2.53548e-08	2.24824e-09	1.5708e-10	9.60982e-12	5.68255e-13	3.67402e-14	1.79275e-15	8.26781e-17	3.01869e-18	7.25255e-20	1.40313e-21	2.43119e-23	2.66677e-25	2.37983e-27	1.87509e-29	1.10459e-31	5.55722e-34	5.05666e-36	1.53353e-37	8.32452e-39	
Trichophorum_alpinum	0	0	0	0	0	0	0	0	0	0	0	0	0	0	0	0	0	0	0	0	0	0	0	0	0	0	0	0	1	0	0	0	0	0	0	0	0	0	0	0	0	0	0	0	0	0	0	0	0	0	0	0	0	0	0	0	0	0	0	0	0	0	
Trichophorum_pumilum	0	0	0	0	0	0	0	0	0	0	0	0	0	0	0	0	0	0	0	0	0	0	0	0	0	0	0	0	0	0	0	0	0	0	0	0	0	0	1	0	0	0	0	0	0	0	0	0	0	0	0	0	0	0	0	0	0	0	0	0	0	0	
Trichophorum_cespitosum	0	0	0	0	0	0	0	0	0	0	0	0	0	0	0	0	0	0	0	0	0	0	0	0	0	0	0	0	0	0	0	0	0	0	0	0	0	0	0	0	0	0	0	0	0	0	0	0	0	0	0	1	0	0	0	0	0	0	0	0	0	0	
Trichophorum_uniflorum	0	0	0	0	0	0	0	0	0	0	0	0	0	0	0	0	0	0	0	0	0	0	0	0	0	0	0	0	0	0	0	0	0	0	0	0	1	0	0	0	0	0	0	0	0	0	0	0	0	0	0	0	0	0	0	0	0	0	0	0	0	0	
N11	1.00888e-09	4.9033e-09	3.56706e-08	2.49534e-07	1.51863e-06	7.83498e-06	3.35237e-05	0.000122582	0.000414409	0.00131756	0.00390282	0.0104108	0.0234127	0.0422497	0.060448	0.0715953	0.0763498	0.0773165	0.0736089	0.0672253	0.0625238	0.0624421	0.0650719	0.0674249	0.0643917	0.057245	0.0453549	0.0317498	0.0190298	0.00990115	0.00425314	0.00156407	0.000475609	0.000122843	2.6275e-05	4.87023e-06	7.44806e-07	1.00773e-07	1.14753e-08	1.17903e-09	1.02832e-10	8.79537e-12	6.22873e-13	4.63803e-14	3.05806e-15	2.04653e-16	1.18055e-17	7.82886e-19	3.83071e-20	2.13846e-21	9.97948e-23	4.65252e-24	1.78315e-25	8.02166e-27	2.57472e-28	1.0088e-29	3.14823e-31	1.17385e-32	3.94272e-34	1.80655e-35	7.93069e-37	5.27189e-38	
N12	1.26686e-15	3.87699e-14	1.30887e-12	3.28136e-11	4.86077e-10	5.6182e-09	8.14026e-08	1.01917e-06	6.4756e-06	1.20501e-05	1.35212e-05	2.30005e-05	5.32936e-05	0.000172383	0.000980665	0.00920157	0.0628284	0.227237	0.357262	0.251259	0.0772275	0.0124388	0.00120305	7.64935e-05	3.38594e-06	1.09222e-07	2.64849e-09	4.95112e-11	7.2837e-13	8.59158e-15	8.2202e-17	6.48179e-19	4.25535e-21	2.34922e-23	1.10185e-25	4.45866e-28	1.55765e-30	4.81819e-33	1.33689e-35	3.36715e-38	7.87712e-41	1.79648e-43	3.77058e-46	7.85809e-49	1.56163e-51	2.90128e-54	5.00311e-57	8.52486e-60	1.25326e-62	1.83354e-65	2.43615e-68	3.10404e-71	3.58623e-74	4.26097e-77	4.42929e-80	4.88194e-83	4.99732e-86	5.45361e-89	5.76719e-92	6.5674e-95	7.22441e-98	8.59747e-101	
Scirpus_lineatus	0	0	0	0	0	0	0	0	0	0	0	0	0	0	0	0	0	1	0	0	0	0	0	0	0	0	0	0	0	0	0	0	0	0	0	0	0	0	0	0	0	0	0	0	0	0	0	0	0	0	0	0	0	0	0	0	0	0	0	0	0	0	
Scirpus_pendulus	0	0	0	0	0	0	0	0	0	0	0	0	0	0	0	0	0	0	0	1	0	0	0	0	0	0	0	0	0	0	0	0	0	0	0	0	0	0	0	0	0	0	0	0	0	0	0	0	0	0	0	0	0	0	0	0	0	0	0	0	0	0	
N13	2.19795e-23	4.71576e-21	9.10733e-19	7.42449e-17	5.31059e-15	3.90095e-13	1.73942e-11	2.68177e-11	1.23538e-10	7.07883e-10	2.75439e-09	9.82548e-08	2.9455e-06	3.17452e-05	6.30776e-05	1.99504e-05	6.62786e-06	1.88842e-05	6.28199e-05	7.48499e-05	2.83028e-05	8.95773e-06	2.3508e-05	0.000240113	0.00242603	0.0173049	0.077049	0.202803	0.296951	0.256443	0.111666	0.0299571	0.00438259	0.000413217	2.24808e-05	9.39228e-07	2.25846e-08	4.59684e-10	5.90744e-12	6.61691e-14	4.83715e-16	3.39812e-18	1.53818e-20	7.03503e-23	2.17636e-25	6.84727e-28	1.47703e-30	3.47325e-33	5.44981e-36	9.58728e-39	1.18229e-41	1.60662e-44	1.5395e-47	1.74766e-50	1.33436e-53	1.2325e-56	8.45472e-60	6.98269e-63	5.25535e-66	6.43515e-69	1.08772e-71	3.49403e-74	
N14	2.98756e-28	6.33929e-26	1.60866e-23	2.53914e-21	2.61047e-19	1.67391e-17	4.35736e-16	4.15344e-15	5.61897e-14	1.25607e-12	3.87625e-11	1.27342e-09	2.44129e-08	1.7398e-07	3.6489e-07	2.94148e-07	2.05033e-07	2.89048e-07	6.19964e-07	1.13968e-06	1.5917e-06	2.15792e-06	7.8518e-06	8.73957e-05	0.0011719	0.0113289	0.0643827	0.198202	0.31874	0.2664	0.111912	0.0246883	0.00288045	0.000185115	6.72859e-06	1.49932e-07	2.22876e-09	3.62799e-11	1.25297e-12	2.95724e-14	5.54277e-16	1.39858e-17	1.13504e-19	1.00306e-21	9.64282e-24	3.67499e-26	5.88578e-28	6.08769e-29	3.06117e-30	3.90375e-31	2.631e-32	4.88934e-33	2.46648e-34	6.90945e-35	2.82145e-36	7.03986e-37	2.37263e-38	4.91363e-39	1.39461e-40	2.45124e-41	8.48685e-43	2.04911e-43	
N15	1.03382e-26	1.61696e-25	2.18312e-23	2.98195e-21	2.66675e-19	1.37503e-17	3.17093e-16	3.57275e-15	5.47329e-14	1.33736e-12	4.2945e-11	1.3278e-09	2.25593e-08	1.4539e-07	3.13515e-07	2.79959e-07	2.01338e-07	2.69918e-07	5.52551e-07	1.04677e-06	1.54858e-06	2.18935e-06	8.3093e-06	9.24826e-05	0.00121555	0.0115665	0.0650141	0.198675	0.318205	0.265444	0.11183	0.0248133	0.00292912	0.000191538	7.14609e-06	1.64054e-07	2.64402e-09	6.03039e-11	1.91335e-11	2.55639e-12	1.9971e-13	5.46894e-14	2.37818e-15	1.19748e-16	1.05539e-17	1.4507e-19	4.93899e-21	1.43665e-22	6.81552e-25	2.33865e-26	1.79517e-28	1.5702e-29	1.95841e-32	1.70453e-32	1.03454e-35	9.57532e-36	3.95332e-39	2.73975e-39	8.0312e-43	4.05174e-43	1.08938e-46	6.33493e-47	
Scirpus_maximowiczii	0	0	0	0	0	0	0	0	0	0	0	0	0	0	0	0	0	0	0	0	0	0	0	0	0	0	0	0	0	0	0	1	0	0	0	0	0	0	0	0	0	0	0	0	0	0	0	0	0	0	0	0	0	0	0	0	0	0	0	0	0	0	
N16	3.18429e-28	5.61853e-26	1.00663e-23	9.59442e-22	8.45543e-20	5.53165e-18	1.10614e-16	5.98508e-16	9.38188e-15	9.01397e-14	2.69654e-12	6.05822e-11	5.38468e-10	9.90775e-10	4.72441e-10	5.07812e-10	2.19278e-09	6.9871e-09	1.13844e-08	1.4201e-08	8.21705e-08	2.78032e-06	9.01401e-05	0.00182278	0.0205071	0.116335	0.302276	0.341759	0.171401	0.0405508	0.00491173	0.000329109	1.30373e-05	3.22924e-07	5.24588e-09	5.84108e-11	4.67051e-13	2.95611e-15	2.03966e-17	1.80932e-19	2.0121e-21	2.30816e-23	1.76821e-25	1.20118e-27	7.36684e-30	3.01668e-32	1.1112e-34	3.80138e-37	8.83652e-40	2.07893e-42	4.49507e-45	9.5609e-48	1.90204e-50	5.66745e-53	1.10546e-55	3.10833e-58	5.30239e-61	1.21113e-63	1.78984e-66	3.63985e-69	6.00151e-72	1.40288e-74	
N17	4.12288e-31	9.73953e-29	2.1855e-26	2.90633e-24	3.07445e-22	2.24445e-20	5.02187e-19	5.644e-18	1.13278e-16	2.40843e-15	6.82657e-14	1.71619e-12	1.64201e-11	3.08018e-11	2.5648e-11	3.71101e-11	1.29457e-10	6.60779e-10	2.44598e-09	1.05622e-08	1.03193e-07	1.1155e-06	3.19882e-05	0.00101133	0.0170111	0.124749	0.341577	0.353048	0.139716	0.0213661	0.00143899	4.83794e-05	8.96997e-07	9.93875e-09	7.18798e-11	5.40683e-13	7.66198e-15	1.61257e-16	4.85986e-18	5.49514e-20	5.83669e-22	7.20919e-24	3.30289e-26	1.72917e-28	9.21416e-31	2.06685e-33	5.88368e-36	2.14112e-38	3.6602e-41	2.73656e-43	5.46674e-46	4.48638e-48	6.67103e-51	4.27e-53	4.61156e-56	2.17107e-58	1.73395e-61	6.01221e-64	3.64316e-67	9.51176e-70	5.52108e-73	1.88885e-75	
Scirpus_polyphyllus	0	0	0	0	0	0	0	0	0	0	0	0	0	0	0	0	0	0	0	0	0	0	0	0	0	0	0	0	1	0	0	0	0	0	0	0	0	0	0	0	0	0	0	0	0	0	0	0	0	0	0	0	0	0	0	0	0	0	0	0	0	0	
N18	7.31672e-43	6.98415e-39	4.81203e-35	9.11999e-33	1.21714e-29	3.9071e-26	3.96665e-25	5.82214e-24	3.46345e-22	1.58868e-22	1.15152e-19	1.13669e-16	1.7002e-14	3.46798e-15	3.68692e-16	1.23983e-14	3.11415e-12	6.25606e-12	7.83787e-13	4.67765e-14	1.05192e-12	2.3974e-10	3.56978e-07	0.000247665	0.0525228	0.608523	0.320021	0.0185256	0.00015899	4.22077e-07	4.61567e-10	2.46126e-13	7.1825e-17	1.24906e-20	1.39498e-24	1.23457e-28	1.61708e-32	5.54633e-35	3.5997e-36	1.38422e-37	5.65123e-39	5.46827e-40	1.11122e-41	2.16206e-43	4.16527e-45	4.38249e-47	6.86954e-49	2.87582e-49	6.31576e-49	1.35189e-47	2.26032e-47	5.28111e-47	4.99354e-47	1.08868e-46	9.02986e-47	1.64682e-46	1.15069e-46	1.73281e-46	1.01103e-46	1.29527e-46	7.9872e-47	1.43231e-46	
N19	7.71064e-38	2.52668e-35	4.02122e-33	3.93274e-32	5.14191e-31	1.42209e-29	5.73115e-29	2.52733e-27	5.32302e-26	1.07893e-24	2.74651e-21	3.80071e-18	2.20474e-16	2.17415e-17	5.10642e-18	5.90498e-16	1.39704e-13	9.6538e-14	4.19625e-15	3.73256e-16	2.13942e-14	7.70942e-11	2.49139e-07	0.000306347	0.0905963	0.760875	0.145583	0.00263202	6.45463e-06	4.48006e-09	1.21758e-12	1.57146e-16	1.09606e-20	4.62574e-25	3.33015e-29	4.42253e-31	2.17328e-33	1.86742e-36	1.24392e-38	1.24597e-41	4.65602e-45	3.39094e-48	1.77039e-52	3.68063e-56	2.44264e-60	3.15171e-65	3.26927e-69	2.86728e-73	1.53911e-77	7.59776e-80	2.85608e-84	1.10552e-86	1.91197e-91	5.49949e-94	3.14828e-99	5.00474e-102	1.47269e-107	8.45467e-111	1.8528e-116	4.86273e-120	9.18307e-126	2.2463e-129	
Scirpus_atrovirens	0	0	0	0	0	0	0	0	0	0	0	0	0	0	0	0	0	0	0	0	0	0	0	0	1	0	0	0	0	0	0	0	0	0	0	0	0	0	0	0	0	0	0	0	0	0	0	0	0	0	0	0	0	0	0	0	0	0	0	0	0	0	
Scirpus_georgianus	0	0	0	0	0	0	0	0	0	0	0	0	0	0	0	0	0	0	0	0	0	0	0	0	0	1	0	0	0	0	0	0	0	0	0	0	0	0	0	0	0	0	0	0	0	0	0	0	0	0	0	0	0	0	0	0	0	0	0	0	0	0	
N20	1.15141e-53	1.9246e-52	1.64668e-53	3.91068e-50	4.73536e-46	6.85856e-40	2.06306e-34	1.12988e-35	1.02952e-29	1.76551e-33	1.8334e-33	2.46136e-27	2.63703e-22	9.33545e-20	5.43037e-24	1.43954e-25	1.29028e-21	9.76748e-16	8.1605e-15	1.08257e-18	3.00684e-23	6.50683e-29	1.45904e-25	3.48423e-16	4.88366e-10	7.19611e-05	0.814918	0.185009	1.03002e-06	1.07466e-12	2.23224e-19	6.51804e-29	8.04876e-35	2.97874e-34	8.59303e-34	5.49686e-33	1.29197e-32	1.77323e-32	3.76946e-32	1.29727e-32	7.58685e-33	3.10662e-33	5.11198e-34	2.24009e-34	8.96898e-35	4.85457e-34	5.05291e-34	4.03382e-33	3.65532e-33	2.11658e-32	9.10585e-33	3.54607e-32	7.84502e-33	1.22023e-32	2.04572e-33	2.26946e-33	3.27421e-34	3.30365e-34	7.09422e-35	5.62574e-35	6.41364e-35	5.48148e-34	
Scirpus_flaccidifolius	0	0	0	0	0	0	0	0	0	0	0	0	0	0	0	0	0	0	0	0	0	0	0	0	0	0	1	0	0	0	0	0	0	0	0	0	0	0	0	0	0	0	0	0	0	0	0	0	0	0	0	0	0	0	0	0	0	0	0	0	0	0	
Scirpus_pallidus	0	0	0	0	0	0	0	0	0	0	0	0	0	0	0	0	0	0	0	0	0	0	0	0	0	0	0	1	0	0	0	0	0	0	0	0	0	0	0	0	0	0	0	0	0	0	0	0	0	0	0	0	0	0	0	0	0	0	0	0	0	0	
Scirpus_ancistrochaetus	0	0	0	0	0	0	0	0	0	0	0	0	0	0	0	0	0	0	0	0	0	0	0	0	0	0	1	0	0	0	0	0	0	0	0	0	0	0	0	0	0	0	0	0	0	0	0	0	0	0	0	0	0	0	0	0	0	0	0	0	0	0	
N21	7.68796e-27	7.68547e-25	8.54296e-23	6.54784e-21	3.21278e-19	1.44245e-17	4.75057e-16	6.89027e-15	4.19533e-14	5.20385e-13	3.9507e-12	3.76934e-11	4.67613e-10	3.14042e-09	9.45658e-09	1.33073e-08	1.07764e-08	1.05701e-08	3.45042e-08	1.70159e-07	8.5607e-07	3.96071e-06	1.2153e-05	3.34776e-05	0.00031062	0.00366772	0.0272245	0.114931	0.26374	0.318514	0.197773	0.062522	0.010284	0.000931335	4.97613e-05	1.72474e-06	4.617e-08	1.51369e-09	8.6006e-11	3.66152e-12	1.36992e-13	4.63222e-15	9.03508e-17	1.55941e-18	2.43328e-20	2.30053e-22	2.00252e-24	1.69963e-26	9.17305e-29	6.81636e-31	4.2089e-33	3.98869e-35	2.34727e-37	2.23366e-39	1.05948e-41	7.71791e-44	2.82339e-46	1.55181e-48	4.44524e-51	2.00253e-53	6.10679e-56	3.73507e-58	
Scirpus_radicans	0	0	0	0	0	0	0	0	0	0	0	0	0	0	0	0	0	0	0	0	0	0	0	0	0	0	0	1	0	0	0	0	0	0	0	0	0	0	0	0	0	0	0	0	0	0	0	0	0	0	0	0	0	0	0	0	0	0	0	0	0	0	
N22	5.15012e-31	1.00029e-28	1.93765e-26	2.41923e-24	1.42162e-22	1.05079e-20	7.37996e-19	1.61641e-17	4.1687e-17	5.39473e-16	2.61101e-15	2.09262e-14	6.1227e-13	1.22003e-11	1.18584e-10	3.43073e-10	2.22184e-10	1.84794e-10	1.8271e-09	3.44758e-08	2.70744e-07	5.23331e-07	3.10689e-07	1.17479e-07	6.8393e-07	2.368e-05	0.000627334	0.00936401	0.0720326	0.260384	0.393326	0.217372	0.0431423	0.00357712	0.000145469	3.74017e-06	9.52953e-08	3.7946e-09	2.04108e-10	5.17949e-12	1.11832e-13	2.31848e-15	2.21601e-17	2.00585e-19	1.71304e-21	7.40617e-24	3.25093e-26	1.56468e-28	4.17057e-31	2.48455e-33	7.84353e-36	5.49215e-38	1.38257e-40	7.94141e-43	1.48145e-45	6.24523e-48	8.62357e-51	2.68169e-53	2.78609e-56	6.70286e-59	7.03731e-62	2.29288e-64	
N23	2.94776e-35	9.47475e-33	2.73804e-30	4.65588e-28	3.54464e-26	3.37359e-24	3.20166e-22	8.60621e-21	2.33312e-20	4.40625e-19	2.54468e-18	2.9829e-17	1.91595e-15	8.86882e-14	1.96275e-12	9.31614e-12	5.75763e-12	5.51192e-12	6.08916e-11	1.26621e-09	7.70906e-09	6.48013e-09	1.80289e-09	5.19569e-10	2.64952e-09	2.16156e-07	1.75398e-05	0.000786348	0.0171462	0.155735	0.465322	0.31141	0.0471179	0.00241148	5.35648e-05	6.0805e-07	3.99937e-09	1.83367e-11	1.56832e-13	2.56683e-15	4.33019e-17	8.90493e-19	7.48102e-21	5.58489e-23	4.638e-25	1.54278e-27	5.28564e-30	1.80084e-32	2.57066e-35	4.44233e-38	6.85595e-41	7.84414e-44	1.02963e-46	4.25915e-49	5.6147e-52	2.58057e-54	2.67076e-57	9.18883e-60	7.12897e-63	1.88111e-65	1.69431e-68	5.20796e-71	
Scirpus_sylvaticus	0	0	0	0	0	0	0	0	0	0	0	0	0	0	0	0	0	0	0	0	0	0	0	0	0	0	0	0	0	0	1	0	0	0	0	0	0	0	0	0	0	0	0	0	0	0	0	0	0	0	0	0	0	0	0	0	0	0	0	0	0	0	
Scirpus_microcarpus	0	0	0	0	0	0	0	0	0	0	0	0	0	0	0	0	0	0	0	0	0	0	0	0	0	0	0	0	0	0	0	1	0	0	0	0	0	0	0	0	0	0	0	0	0	0	0	0	0	0	0	0	0	0	0	0	0	0	0	0	0	0	
Scirpus_expansus	0	0	0	0	0	0	0	0	0	0	0	0	0	0	0	0	0	0	0	0	0	0	0	0	0	0	0	0	0	0	0	1	0	0	0	0	0	0	0	0	0	0	0	0	0	0	0	0	0	0	0	0	0	0	0	0	0	0	0	0	0	0	
N24	3.01852e-25	4.6639e-23	7.09463e-21	6.51835e-19	3.84649e-17	1.48551e-15	2.7122e-14	1.68498e-13	1.36997e-12	1.96949e-11	3.92601e-10	9.50527e-09	1.70909e-07	1.23709e-06	2.48048e-06	1.69307e-06	1.25203e-06	1.76742e-06	3.11822e-06	3.75014e-06	2.70828e-06	3.46247e-06	1.33328e-05	8.31048e-05	0.000837371	0.0079524	0.0476688	0.161315	0.295225	0.28983	0.148706	0.0413729	0.00637577	0.000566759	3.03778e-05	1.2384e-06	5.30909e-08	4.12495e-09	4.78569e-10	2.38236e-11	1.03817e-12	5.57703e-14	1.0447e-15	2.24361e-17	5.03351e-19	4.48167e-21	4.79755e-23	6.42496e-25	3.30074e-27	6.30726e-29	3.46666e-31	7.93327e-33	3.18263e-35	6.31082e-37	1.85714e-39	2.76044e-41	6.03095e-44	6.66505e-46	1.11515e-48	9.45007e-51	1.58632e-53	1.79193e-55	
N25	1.02132e-26	1.21206e-24	1.57471e-22	1.42532e-20	5.97444e-19	3.07483e-17	1.36952e-15	3.00706e-14	1.35575e-13	1.12522e-12	1.19207e-11	4.4756e-11	4.45859e-10	4.92527e-09	2.73236e-08	6.6643e-08	7.35418e-08	4.8165e-08	4.43047e-08	1.94023e-07	1.16648e-06	4.38474e-06	1.25917e-05	2.85698e-05	4.58936e-05	0.000169812	0.00199058	0.0168543	0.082621	0.22353	0.322164	0.24101	0.0918455	0.0177751	0.00182465	0.00011537	6.01957e-06	4.1501e-07	3.77996e-08	2.06764e-09	9.2998e-11	3.61989e-12	7.82845e-14	1.47242e-15	2.44342e-17	2.43922e-19	2.22412e-21	2.06888e-23	1.2382e-25	1.18417e-27	8.10229e-30	8.78327e-32	5.13799e-34	4.71297e-36	2.1065e-38	1.4307e-40	4.80618e-43	2.43335e-45	6.26488e-48	2.56418e-50	6.87826e-53	3.93855e-55	
Scirpus_polystachyus	0	0	0	0	0	0	0	0	0	0	0	0	0	0	0	0	0	0	0	0	0	0	0	0	0	0	0	0	0	1	0	0	0	0	0	0	0	0	0	0	0	0	0	0	0	0	0	0	0	0	0	0	0	0	0	0	0	0	0	0	0	0	
N26	1.01184e-30	1.92589e-28	3.66305e-26	4.6032e-24	2.49066e-22	1.72471e-20	1.19478e-18	4.34515e-17	1.99344e-16	1.61297e-15	1.9734e-14	5.80789e-14	6.4911e-13	1.45697e-11	1.9338e-10	1.15684e-09	2.12341e-09	1.13407e-09	8.57266e-10	5.60682e-09	9.08369e-08	7.45629e-07	1.85324e-06	1.45761e-06	6.48576e-07	7.84549e-07	1.37555e-05	0.000352405	0.00537433	0.0442287	0.183896	0.357998	0.297761	0.0970002	0.0125768	0.0007629	2.81454e-05	1.23027e-06	1.25702e-07	6.86794e-09	3.08159e-10	1.41397e-11	2.63574e-13	4.57786e-15	7.86975e-17	5.82915e-19	4.53542e-21	3.46734e-23	1.24517e-25	7.54731e-28	3.26883e-30	3.00882e-32	1.12578e-34	1.21674e-36	3.41351e-39	2.77639e-41	5.71669e-44	3.39657e-46	5.19814e-49	2.33902e-51	3.72864e-54	2.17835e-56	
Scirpus_longii	0	0	0	0	0	0	0	0	0	0	0	0	0	0	0	0	0	0	0	0	0	0	0	0	0	0	0	0	0	0	0	0	1	0	0	0	0	0	0	0	0	0	0	0	0	0	0	0	0	0	0	0	0	0	0	0	0	0	0	0	0	0	
N27	1.39453e-36	7.19015e-34	3.11025e-31	8.52579e-29	3.77855e-27	4.27466e-25	7.18313e-23	7.24222e-21	2.37299e-20	1.72872e-19	6.21634e-18	7.05338e-18	5.42912e-17	4.30462e-15	2.28169e-13	6.07648e-12	4.18351e-11	1.77428e-11	4.5518e-12	2.05282e-11	7.61987e-10	1.12767e-08	2.41448e-08	9.11204e-09	1.61003e-09	2.14271e-10	1.53566e-09	1.83044e-07	1.58001e-05	0.000731394	0.016281	0.151113	0.467845	0.321743	0.040645	0.00159831	2.64666e-05	2.2424e-07	1.29385e-09	1.00653e-11	1.55641e-13	3.43253e-15	3.41643e-17	2.84054e-19	2.44037e-21	9.17387e-24	3.22282e-26	1.1172e-28	1.7452e-31	2.86016e-34	4.33036e-37	3.49584e-40	3.22845e-43	4.90138e-46	4.44067e-49	1.32224e-51	1.24064e-54	3.10778e-57	2.34597e-60	4.77577e-63	4.8686e-66	1.06728e-68	
Scirpus_pedicellatus	0	0	0	0	0	0	0	0	0	0	0	0	0	0	0	0	0	0	0	0	0	0	0	0	0	0	0	0	0	0	0	0	0	1	0	0	0	0	0	0	0	0	0	0	0	0	0	0	0	0	0	0	0	0	0	0	0	0	0	0	0	0	
N28	3.73567e-44	8.11594e-41	1.19023e-37	1.14702e-34	4.43905e-33	7.14979e-31	3.5355e-28	1.1939e-25	2.40348e-25	4.63777e-24	7.82086e-22	3.96316e-22	1.87481e-21	7.03258e-19	1.80995e-16	2.03556e-14	1.65656e-13	1.28009e-14	1.74379e-15	1.54045e-14	2.047e-12	7.77121e-11	8.71932e-11	4.82759e-12	1.60603e-13	1.02513e-14	5.73059e-14	3.16806e-11	1.85389e-08	5.73295e-06	0.000810199	0.042065	0.534936	0.404128	0.0178593	0.000195014	8.03086e-07	1.56107e-09	1.65075e-12	1.05682e-15	5.22726e-19	1.41045e-21	6.98249e-24	2.61589e-26	1.39257e-28	2.82779e-31	4.55894e-34	9.5651e-37	6.89322e-40	4.86058e-43	3.52825e-46	8.54516e-50	2.6259e-53	6.67835e-57	7.1603e-61	1.42271e-64	2.48267e-68	2.01537e-71	7.95893e-75	1.24375e-77	1.15011e-80	1.29751e-83	
Scirpus_atrocinctus	0	0	0	0	0	0	0	0	0	0	0	0	0	0	0	0	0	0	0	0	0	0	0	0	0	0	0	0	0	0	0	0	0	1	0	0	0	0	0	0	0	0	0	0	0	0	0	0	0	0	0	0	0	0	0	0	0	0	0	0	0	0	
Scirpus_cyperinus	0	0	0	0	0	0	0	0	0	0	0	0	0	0	0	0	0	0	0	0	0	0	0	0	0	0	0	0	0	0	0	0	1	0	0	0	0	0	0	0	0	0	0	0	0	0	0	0	0	0	0	0	0	0	0	0	0	0	0	0	0	0	
N29	1.48003e-27	2.02561e-25	3.03126e-23	2.9615e-21	2.3973e-19	1.48036e-17	4.45421e-16	2.82497e-15	3.9259e-14	4.75827e-13	9.5144e-12	2.444e-10	3.6057e-09	1.92076e-08	2.27205e-08	1.04507e-08	1.14598e-08	3.0203e-08	5.84649e-08	5.29881e-08	3.21567e-08	7.28162e-08	1.41096e-06	4.06066e-05	0.000827622	0.0100806	0.0671718	0.225222	0.352087	0.248013	0.0817791	0.0135105	0.00120183	6.15315e-05	1.92375e-06	3.88331e-08	5.39007e-10	6.01158e-12	9.5479e-14	2.05459e-15	4.98672e-17	1.23356e-18	1.71597e-20	2.16292e-22	2.58668e-24	1.76846e-26	1.13854e-28	7.03598e-31	2.56096e-33	1.02255e-35	3.72821e-38	1.4366e-40	4.84488e-43	3.06317e-45	9.60088e-48	5.48104e-50	1.40986e-52	6.23904e-55	1.30701e-57	4.86047e-60	1.18631e-62	5.48464e-65	
N30	3.60344e-34	2.94331e-31	2.1365e-28	3.74794e-26	1.08444e-23	2.32232e-21	3.45658e-19	5.88292e-19	2.37752e-17	4.72666e-16	1.12629e-15	9.70532e-14	5.20532e-12	7.50416e-11	8.49192e-11	1.28406e-11	8.90646e-12	1.08094e-10	7.57511e-10	1.50115e-09	2.04646e-09	2.11101e-09	1.93055e-08	2.20768e-06	0.000147466	0.00480739	0.0662643	0.323128	0.453202	0.1399	0.0121382	0.000403721	6.24354e-06	5.10362e-08	2.41916e-10	7.19218e-13	1.4846e-15	2.99223e-18	1.4187e-20	6.59714e-23	2.89308e-25	1.29033e-27	2.87794e-30	5.92631e-33	1.19639e-35	1.23853e-38	1.26624e-41	1.26181e-44	6.787e-48	4.60244e-51	2.75974e-54	2.36712e-57	1.40766e-60	1.87192e-63	9.41771e-67	1.01555e-69	3.94722e-73	3.18197e-76	9.54631e-80	6.09089e-83	2.00741e-86	1.58177e-89	
N31	5.73484e-40	1.41114e-36	2.63097e-33	1.13073e-30	6.64367e-28	2.59298e-25	8.08614e-23	1.96012e-22	1.21713e-20	4.6234e-19	1.58835e-18	2.67156e-16	2.94949e-14	7.77608e-13	1.13456e-12	1.13034e-13	5.8941e-14	1.20163e-12	1.78826e-11	7.9005e-11	8.79893e-11	4.57933e-11	4.30582e-10	1.17747e-07	1.90189e-05	0.00135368	0.0357478	0.282993	0.515504	0.154373	0.00981509	0.000192701	1.49467e-06	5.42055e-09	1.06934e-11	4.37458e-14	6.00873e-16	5.30494e-18	1.12373e-19	4.96705e-22	1.78142e-24	1.00973e-26	1.14385e-29	2.00302e-32	3.25222e-35	1.26315e-38	1.14814e-41	1.00363e-44	2.72524e-48	1.64355e-50	4.80617e-54	3.23856e-56	5.90133e-60	2.91486e-62	3.36047e-66	1.1404e-68	8.86674e-73	2.00539e-75	1.12475e-79	1.67618e-82	7.84626e-87	1.12354e-89	
Eriophorum_angustifolium	0	0	0	0	0	0	0	0	0	0	0	0	0	0	0	0	0	0	0	0	0	0	0	0	0	0	0	0	1	0	0	0	0	0	0	0	0	0	0	0	0	0	0	0	0	0	0	0	0	0	0	0	0	0	0	0	0	0	0	0	0	0	
N32	1.37878e-43	3.72216e-40	7.34776e-37	5.18386e-34	3.52381e-31	1.7073e-28	5.74218e-26	3.32422e-25	2.25454e-23	1.11885e-21	1.08422e-20	2.34712e-18	3.19405e-16	1.02871e-14	1.81031e-14	1.68081e-15	8.26215e-16	2.32267e-14	6.452e-13	3.98313e-12	5.50284e-12	3.68622e-12	3.53677e-11	1.38092e-08	3.76366e-06	0.000450997	0.0194489	0.232722	0.557252	0.179597	0.0103586	0.000165525	9.8233e-07	2.63558e-09	3.73892e-12	1.29226e-14	3.40471e-16	4.37512e-18	1.55934e-19	1.21533e-21	5.50022e-24	4.78754e-26	7.13636e-29	1.45705e-31	2.5043e-34	9.03768e-38	8.48548e-41	4.51425e-44	9.72604e-48	5.55284e-50	2.80906e-53	2.6114e-55	7.87052e-59	5.33436e-61	8.9991e-65	4.16948e-67	4.13444e-71	1.19258e-73	7.74163e-78	1.26882e-80	6.3455e-85	8.25354e-88	
N33	6.29841e-45	1.8028e-41	3.80017e-38	2.0524e-35	1.4809e-32	7.07253e-30	3.59013e-27	6.26513e-27	3.34148e-25	4.57232e-24	1.40452e-23	2.26004e-21	4.67421e-19	4.8031e-17	2.94231e-16	1.02077e-16	3.37967e-16	3.88854e-14	5.93726e-12	3.80743e-11	1.34777e-11	1.53331e-12	4.15605e-12	2.44058e-10	1.19363e-07	3.31834e-05	0.00387733	0.136461	0.595945	0.255009	0.00859638	7.83672e-05	2.85223e-07	5.09922e-10	5.12087e-13	3.51955e-16	4.09646e-19	1.48579e-21	8.29732e-24	2.10078e-26	4.17571e-29	8.31456e-32	6.78412e-35	4.73669e-38	2.86899e-41	7.56018e-45	2.04853e-48	4.90251e-52	6.20226e-56	1.95966e-59	5.17519e-63	4.76944e-66	1.35223e-69	1.0115e-72	2.13344e-76	1.05425e-79	1.46702e-83	4.64848e-87	4.04326e-91	7.92866e-95	5.33747e-99	1.18228e-102	
Eriophorum_callitrix	0	0	0	0	0	0	0	0	0	0	0	0	0	0	0	0	0	0	0	0	0	0	0	0	0	0	0	0	0	1	0	0	0	0	0	0	0	0	0	0	0	0	0	0	0	0	0	0	0	0	0	0	0	0	0	0	0	0	0	0	0	0	
N34	5.69056e-54	1.08571e-49	1.32582e-45	8.52586e-43	2.99205e-39	9.23309e-36	2.50869e-32	4.42653e-33	2.07236e-30	1.05635e-29	5.76305e-29	1.88957e-25	4.75235e-22	5.09357e-19	4.31185e-19	2.27706e-20	4.08033e-19	5.46257e-16	1.14351e-13	1.2798e-14	1.67278e-16	1.95777e-18	2.20866e-17	1.38373e-13	6.77957e-10	1.5807e-06	0.00138867	0.286524	0.696009	0.016034	4.33148e-05	3.24872e-08	9.80591e-12	1.46159e-15	1.22456e-19	6.35205e-24	3.34712e-28	1.49478e-31	3.89706e-34	3.59781e-37	1.77966e-40	1.77716e-43	4.91615e-47	8.94008e-51	2.27784e-54	8.66482e-59	5.48091e-63	2.10228e-67	2.74031e-72	8.13156e-77	1.61784e-81	2.6312e-85	1.35139e-89	5.8994e-93	2.17901e-97	6.6802e-101	1.50929e-105	3.1893e-109	3.76297e-114	4.92912e-118	3.08526e-123	2.09107e-127	
Scirpus_hattorianus	0	0	0	0	0	0	0	0	0	0	0	0	0	0	0	0	0	0	0	0	0	0	0	0	0	0	0	1	0	0	0	0	0	0	0	0	0	0	0	0	0	0	0	0	0	0	0	0	0	0	0	0	0	0	0	0	0	0	0	0	0	0	
Eriophorum_vaginatum	0	0	0	0	0	0	0	0	0	0	0	0	0	0	0	0	0	0	0	0	0	0	0	0	0	0	0	0	1	0	0	0	0	0	0	0	0	0	0	0	0	0	0	0	0	0	0	0	0	0	0	0	0	0	0	0	0	0	0	0	0	0	
N35	1.83158e-47	8.09724e-44	2.76504e-40	1.7462e-37	2.09293e-34	2.09839e-31	1.87248e-28	5.46007e-28	6.19915e-26	2.44547e-24	7.05895e-24	2.23679e-21	5.66467e-19	3.9712e-17	7.57833e-17	4.64807e-18	5.65425e-18	6.44717e-16	9.37382e-14	1.32458e-12	1.82114e-12	5.74001e-13	2.99918e-12	7.6892e-10	3.31167e-07	7.12503e-05	0.00592435	0.141164	0.602113	0.237494	0.0130502	0.000181393	9.09553e-07	2.04873e-09	2.41098e-12	2.51414e-15	1.85441e-17	1.86835e-19	3.19306e-21	1.72676e-23	5.71974e-26	2.76374e-28	3.16217e-31	3.5859e-34	3.45706e-37	9.27628e-41	3.85582e-44	1.11129e-47	1.36282e-51	1.23188e-54	5.13147e-58	1.46015e-60	4.80503e-64	9.58116e-67	1.88915e-70	2.48454e-73	2.68265e-77	2.14533e-80	1.36136e-84	5.85059e-88	2.68138e-92	9.9726e-96	
N36	1.44036e-48	3.33676e-45	6.05484e-42	4.94327e-39	3.52962e-36	1.86707e-33	5.40348e-31	4.85888e-30	4.10319e-28	1.38836e-26	4.7466e-25	1.25159e-22	1.92893e-20	8.08749e-19	1.39426e-18	2.78099e-19	2.75842e-18	3.55101e-16	1.90484e-14	9.1147e-14	7.35731e-14	4.41349e-14	1.48603e-12	8.89686e-10	3.66866e-07	7.39457e-05	0.00599917	0.145305	0.630524	0.20788	0.0100845	0.000131904	6.58196e-07	1.54562e-09	1.96075e-12	1.561e-15	6.31124e-18	1.261e-19	9.96959e-21	2.13945e-22	1.71683e-24	4.22659e-26	1.80053e-28	5.91535e-31	2.37057e-33	1.33028e-36	1.98109e-39	1.32143e-42	2.47637e-46	2.23816e-49	1.1768e-52	1.59395e-54	1.25545e-57	1.89862e-59	8.56684e-63	9.48207e-65	2.12432e-68	1.61083e-70	1.82923e-74	7.70332e-77	5.74127e-81	1.40827e-83	
Eriophorum_brachyantherum	0	0	0	0	0	0	0	0	0	0	0	0	0	0	0	0	0	0	0	0	0	0	0	0	0	0	0	0	1	0	0	0	0	0	0	0	0	0	0	0	0	0	0	0	0	0	0	0	0	0	0	0	0	0	0	0	0	0	0	0	0	0	
Eriophorum_scheuchzeri	0	0	0	0	0	0	0	0	0	0	0	0	0	0	0	0	0	0	0	0	0	0	0	0	0	0	0	0	1	0	0	0	0	0	0	0	0	0	0	0	0	0	0	0	0	0	0	0	0	0	0	0	0	0	0	0	0	0	0	0	0	0	
Eriophorum_chamissonis	0	0	0	0	0	0	0	0	0	0	0	0	0	0	0	0	0	0	0	0	0	0	0	0	0	0	0	0	0	1	0	0	0	0	0	0	0	0	0	0	0	0	0	0	0	0	0	0	0	0	0	0	0	0	0	0	0	0	0	0	0	0	
Eriophorum_latifolium	0	0	0	0	0	0	0	0	0	0	0	0	0	0	0	0	0	0	0	0	0	0	0	0	0	0	1	0	0	0	0	0	0	0	0	0	0	0	0	0	0	0	0	0	0	0	0	0	0	0	0	0	0	0	0	0	0	0	0	0	0	0	
N37	8.32561e-30	1.42407e-27	2.5187e-25	2.73538e-23	2.31311e-21	1.51639e-19	5.8952e-18	3.25874e-17	3.62548e-16	3.52987e-15	2.89858e-14	7.18779e-13	1.38886e-11	1.19622e-10	2.28449e-10	8.64819e-11	7.28806e-11	5.34132e-10	6.66328e-09	3.07468e-08	3.65586e-08	2.31126e-08	6.74633e-08	1.79572e-06	7.15943e-05	0.00178024	0.0238627	0.152432	0.392079	0.328785	0.0903095	0.0101125	0.000548615	1.62987e-05	2.90764e-07	3.4403e-09	3.22734e-11	3.90393e-13	8.78955e-15	1.4953e-16	2.25923e-18	3.12933e-20	2.4943e-22	1.77164e-24	1.14825e-26	4.47493e-29	1.62414e-31	5.74503e-34	1.28966e-36	4.03143e-39	1.07502e-41	4.58145e-44	1.21041e-46	5.32993e-49	1.14659e-51	3.86218e-54	6.41246e-57	1.6225e-59	2.0974e-62	4.3115e-65	5.8682e-68	1.57969e-70	
Eriophorum_virginicum	0	0	0	0	0	0	0	0	0	0	0	0	0	0	0	0	0	0	0	0	0	0	0	0	0	0	0	0	1	0	0	0	0	0	0	0	0	0	0	0	0	0	0	0	0	0	0	0	0	0	0	0	0	0	0	0	0	0	0	0	0	0	
Eriophorum_gracile	0	0	0	0	0	0	0	0	0	0	0	0	0	0	0	0	0	0	0	0	0	0	0	0	0	0	0	0	0	1	0	0	0	0	0	0	0	0	0	0	0	0	0	0	0	0	0	0	0	0	0	0	0	0	0	0	0	0	0	0	0	0	
N38	1.25977e-08	5.80021e-08	3.59941e-07	2.10363e-06	1.06198e-05	4.6548e-05	0.00017917	0.00059465	0.00164342	0.00372948	0.00727157	0.0135401	0.0255634	0.0479318	0.0833757	0.12749	0.164124	0.174449	0.149117	0.103456	0.0577746	0.0261759	0.00962425	0.00296342	0.000742749	0.000160357	2.91351e-05	4.60644e-06	6.18761e-07	7.58199e-08	7.72103e-09	7.30266e-10	5.88375e-11	4.35469e-12	2.74225e-13	1.65553e-14	8.2702e-16	4.02531e-17	1.66505e-18	6.64297e-20	2.25111e-21	7.67434e-23	2.163e-24	6.2273e-26	1.52346e-27	3.74592e-29	7.83039e-31	1.72053e-32	3.10464e-34	5.94472e-36	9.71338e-38	1.6395e-39	2.36472e-41	3.70491e-43	4.83869e-45	7.00279e-47	9.16215e-49	1.32355e-50	1.86535e-52	2.96333e-54	4.6053e-56	9.246e-58	
N39	1.32324e-11	1.07079e-10	1.25925e-09	1.31352e-08	1.10511e-07	7.62379e-07	4.62353e-06	2.38321e-05	9.46057e-05	0.000259808	0.000505623	0.000858993	0.00161626	0.00366066	0.00950426	0.0261619	0.066772	0.137882	0.209745	0.227939	0.173818	0.0929724	0.0352814	0.0102717	0.00216213	0.000397593	5.88605e-05	7.87698e-06	8.07769e-07	8.81057e-08	6.20619e-09	4.89792e-10	2.61105e-11	1.51301e-12	5.81125e-14	2.69027e-15	7.69191e-17	2.75858e-18	6.26373e-20	1.77682e-21	3.15927e-23	7.45858e-25	1.05731e-26	2.05121e-28	2.47856e-30	3.98586e-32	4.01034e-34	5.96758e-36	5.03611e-38	6.36617e-40	5.262e-42	5.87765e-44	4.17791e-46	4.74166e-48	2.94916e-50	2.95276e-52	1.86935e-54	1.62573e-56	1.08805e-58	1.31417e-60	1.39509e-62	2.42478e-64	
Blysmus_compressus	0	0	0	0	0	0	0	0	0	0	0	0	0	0	0	0	0	0	0	0	0	1	0	0	0	0	0	0	0	0	0	0	0	0	0	0	0	0	0	0	0	0	0	0	0	0	0	0	0	0	0	0	0	0	0	0	0	0	0	0	0	0	
Blysmus_rufus	0	0	0	0	0	0	0	0	0	0	0	0	0	0	0	0	0	0	0	1	0	0	0	0	0	0	0	0	0	0	0	0	0	0	0	0	0	0	0	0	0	0	0	0	0	0	0	0	0	0	0	0	0	0	0	0	0	0	0	0	0	0	
Dulichium_arundinaceum	0	0	0	0	0	0	0	0	0	0	0	0	0	0	0	1	0	0	0	0	0	0	0	0	0	0	0	0	0	0	0	0	0	0	0	0	0	0	0	0	0	0	0	0	0	0	0	0	0	0	0	0	0	0	0	0	0	0	0	0	0	0	
