NODE	1	2	3	4	5	6	7	8	9	10	11	12	13	14	15	16	17	18	19	20	21	22	23	24	25	26	27	28	29	30	31	32	33	34	35	36	37	38	39	40	41	42	43	44	45	46	47	48	49	50	51	52	53	54	55	56	57	58	59	60	61	62	
N1	4.84945e-21	7.18877e-21	1.39344e-20	3.01488e-20	6.77562e-20	1.54469e-19	3.54101e-19	8.11387e-19	1.84817e-18	4.15525e-18	9.15147e-18	1.96015e-17	4.06611e-17	8.16819e-17	1.59694e-16	6.0122e-13	2.15179e-12	7.54474e-12	2.58681e-11	8.61474e-11	2.76289e-10	8.45781e-10	2.45097e-09	6.67651e-09	1.70109e-08	4.04242e-08	8.95717e-08	1.85436e-07	3.60328e-07	6.61583e-07	1.15848e-06	1.95932e-06	3.25281e-06	5.36392e-06	8.86259e-06	1.47577e-05	2.48497e-05	4.23583e-05	7.30228e-05	0.000126981	0.000221836	0.000387487	0.000673249	0.00115703	0.0019558	0.00323503	0.00521302	0.00815428	0.0123461	0.0180542	0.0254604	0.0345897	0.0452485	0.0569933	0.0691541	0.0809184	0.0914682	0.10014	0.106564	0.110744	0.113034	0.113983	
N2	4.94533e-08	4.6517e-08	5.93865e-08	9.68665e-08	1.86093e-07	3.93656e-07	8.73217e-07	1.96732e-06	4.40822e-06	9.69926e-06	2.07944e-05	4.32529e-05	8.70551e-05	0.000169389	0.000318459	0.000578499	0.00101556	0.00172341	0.00282702	0.00448357	0.00687375	0.0101851	0.0145823	0.0201696	0.0269386	0.034739	0.0432387	0.0519332	0.0601806	0.0672777	0.0725367	0.0754312	0.0756445	0.0731488	0.0682071	0.0613308	0.0531685	0.0444495	0.0358321	0.0278535	0.0208794	0.0150965	0.0105254	0.00707949	0.00459325	0.00287499	0.00173621	0.00101207	0.000569167	0.000309096	0.000162058	8.20534e-05	4.01292e-05	1.89768e-05	8.66764e-06	3.83295e-06	1.64084e-06	6.81793e-07	2.76556e-07	1.11814e-07	4.74545e-08	2.4688e-08	
Blysmus_compressus	0	0	0	0	0	0	0	0	0	0	0	0	0	0	0	0	0	0	0	0	0	1	0	0	0	0	0	0	0	0	0	0	0	0	0	0	0	0	0	0	0	0	0	0	0	0	0	0	0	0	0	0	0	0	0	0	0	0	0	0	0	0	
Dulichium_arundinaceum	0	0	0	0	0	0	0	0	0	0	0	0	0	0	0	1	0	0	0	0	0	0	0	0	0	0	0	0	0	0	0	0	0	0	0	0	0	0	0	0	0	0	0	0	0	0	0	0	0	0	0	0	0	0	0	0	0	0	0	0	0	0	
N3	3.0979e-21	6.03576e-21	2.26235e-20	1.11045e-19	5.92146e-19	3.1682e-18	1.6442e-17	8.15611e-17	3.84161e-16	1.71165e-15	7.20269e-15	2.86264e-14	1.07748e-13	3.85884e-13	1.32265e-12	4.35887e-12	1.38458e-11	4.23827e-11	1.24796e-10	3.52575e-10	9.53444e-10	2.46309e-09	6.07354e-09	1.43004e-08	3.22191e-08	6.97224e-08	1.45723e-07	2.96152e-07	5.89677e-07	1.15865e-06	2.26003e-06	4.39339e-06	8.52695e-06	1.65161e-05	3.18643e-05	6.10569e-05	0.000115803	0.000216631	0.000398285	0.000717273	0.00126135	0.00215979	0.0035918	0.00578833	0.00902133	0.0135741	0.0196894	0.0274954	0.0369208	0.0476202	0.0589331	0.0699061	0.0794015	0.086275	0.0895983	0.0888818	0.0841989	0.0761882	0.0659305	0.0546925	0.0436422	0.0336545	
N4	1.89723e-18	2.80956e-18	7.21734e-18	2.48308e-17	9.78587e-17	4.05605e-16	1.6898e-15	6.91591e-15	2.74888e-14	1.05496e-13	3.89955e-13	1.38722e-12	4.75071e-12	1.56703e-11	4.98036e-11	1.52478e-10	4.49465e-10	1.27443e-09	3.4727e-09	9.08795e-09	2.2842e-08	5.51884e-08	1.28437e-07	2.88769e-07	6.29638e-07	1.33689e-06	2.77481e-06	5.64605e-06	1.12801e-05	2.21318e-05	4.26111e-05	8.04182e-05	0.000148629	0.000268697	0.00047457	0.000817889	0.00137381	0.00224653	0.00357254	0.0055191	0.00827492	0.0120302	0.0169448	0.0231049	0.0304735	0.0388444	0.0478188	0.0568106	0.0650905	0.0718852	0.0764863	0.078371	0.0773132	0.0734209	0.0671096	0.0590657	0.0500935	0.040995	0.0324864	0.025093	0.0190975	0.0146011	
N5	2.46167e-14	2.94784e-14	5.7975e-14	1.57795e-13	5.05962e-13	1.72783e-12	5.95478e-12	2.01774e-11	6.63709e-11	2.10616e-10	6.42652e-10	1.88127e-09	5.27454e-09	1.41565e-08	3.64094e-08	8.99718e-08	2.1444e-07	4.94719e-07	1.10788e-06	2.41354e-06	5.12173e-06	1.05917e-05	2.13344e-05	4.17925e-05	7.94283e-05	0.000146077	0.000259265	0.000443089	0.000728157	0.00115021	0.00174756	0.0025603	0.00363199	0.00500507	0.00671984	0.00881401	0.0113221	0.0142836	0.0177403	0.0217387	0.0263222	0.0315162	0.0372828	0.0435051	0.0499129	0.0560949	0.0615323	0.0656818	0.0679946	0.0681768	0.0660877	0.0618784	0.0559399	0.0488709	0.0412016	0.0336216	0.0265555	0.020355	0.015201	0.0111942	0.00825087	0.00637075	
Trichophorum_cespitosum	0	0	0	0	0	0	0	0	0	0	0	0	0	0	0	0	0	0	0	0	0	0	0	0	0	0	0	0	0	0	0	0	0	0	0	0	0	0	0	0	0	0	0	0	0	0	0	0	0	0	0	1	0	0	0	0	0	0	0	0	0	0	
N6	4.31582e-23	7.62406e-22	2.14645e-20	5.85445e-19	1.39023e-17	2.74027e-16	4.25917e-15	4.62627e-14	5.41317e-13	4.56753e-12	2.14645e-11	1.37901e-10	9.67991e-10	5.39356e-09	2.759e-08	1.00885e-07	3.17733e-07	1.19949e-06	3.99708e-06	7.12721e-06	7.34183e-06	9.71271e-06	2.65256e-05	0.000144952	0.000880615	0.00364159	0.00878594	0.0124276	0.0109573	0.00810105	0.0130252	0.0364507	0.0865135	0.154171	0.204574	0.201267	0.145392	0.0760402	0.0283756	0.00752225	0.00144279	0.000206115	2.25859e-05	1.94963e-06	1.35577e-07	7.74012e-09	3.68597e-10	1.48422e-11	5.11014e-13	1.51981e-14	3.93743e-16	8.95232e-18	1.7982e-19	3.21066e-21	5.11902e-23	7.32861e-25	9.45808e-27	1.10471e-28	1.17218e-30	1.13503e-32	1.00531e-34	9.29143e-37	
Trichophorum_pumilum	0	0	0	0	0	0	0	0	0	0	0	0	0	0	0	0	0	0	0	0	0	0	0	0	0	0	0	0	0	0	0	0	0	0	0	0	0	0	1	0	0	0	0	0	0	0	0	0	0	0	0	0	0	0	0	0	0	0	0	0	0	0	
Trichophorum_alpinum	0	0	0	0	0	0	0	0	0	0	0	0	0	0	0	0	0	0	0	0	0	0	0	0	0	0	0	0	1	0	0	0	0	0	0	0	0	0	0	0	0	0	0	0	0	0	0	0	0	0	0	0	0	0	0	0	0	0	0	0	0	0	
N7	7.44066e-22	5.93325e-21	6.91183e-20	8.80354e-19	1.05686e-17	1.21055e-16	1.35705e-15	1.27028e-14	8.28968e-14	3.18518e-13	8.60932e-13	3.20634e-12	1.82224e-11	1.17355e-10	7.28651e-10	3.89256e-09	1.68707e-08	5.77482e-08	1.54117e-07	3.20098e-07	5.26537e-07	7.2594e-07	9.70887e-07	1.53412e-06	3.03161e-06	6.80992e-06	1.66922e-05	4.49273e-05	0.000127795	0.0003613	0.000968382	0.0024019	0.0054556	0.011296	0.0212752	0.0364051	0.0565476	0.0796971	0.101884	0.118129	0.124231	0.118534	0.102637	0.0807021	0.0576531	0.0374461	0.022131	0.0119128	0.00584465	0.00261677	0.00107014	0.000400147	0.000136969	4.29779e-05	1.2371e-05	3.27354e-06	7.97607e-07	1.79442e-07	3.74862e-08	7.36343e-09	1.40099e-09	3.09773e-10	
Scirpus_radicans	0	0	0	0	0	0	0	0	0	0	0	0	0	0	0	0	0	0	0	0	0	0	0	0	0	0	0	1	0	0	0	0	0	0	0	0	0	0	0	0	0	0	0	0	0	0	0	0	0	0	0	0	0	0	0	0	0	0	0	0	0	0	
N8	1.75945e-26	1.93242e-25	3.75636e-24	8.42658e-23	1.77288e-21	3.55502e-20	6.46873e-19	9.04914e-18	8.03171e-17	4.22905e-16	2.08348e-15	1.59562e-14	1.49301e-13	1.36246e-12	1.0788e-11	6.91365e-11	3.46757e-10	1.34069e-09	3.99079e-09	9.28694e-09	1.78377e-08	3.21005e-08	6.67795e-08	1.77531e-07	5.59155e-07	1.93031e-06	6.98854e-06	2.54121e-05	8.86959e-05	0.00028806	0.000855382	0.00230121	0.00558143	0.0121697	0.0238107	0.0417529	0.0655625	0.0921424	0.115873	0.130375	0.131269	0.118309	0.0954841	0.0690499	0.0447719	0.0260473	0.0136091	0.00639181	0.00270077	0.00102792	0.000352791	0.000109273	3.05929e-05	7.7552e-06	1.78017e-06	3.71452e-07	7.06961e-08	1.23249e-08	2.01186e-09	3.27992e-10	6.06941e-11	1.73629e-11	
N9	3.7548e-17	9.59676e-17	5.3238e-16	3.70303e-15	2.58885e-14	1.70416e-13	1.03614e-12	5.7874e-12	2.97876e-11	1.4227e-10	6.32588e-10	2.60064e-09	9.74597e-09	3.27532e-08	9.74431e-08	2.55893e-07	6.02171e-07	1.31354e-06	2.77994e-06	5.94635e-06	1.32408e-05	3.12703e-05	7.86291e-05	0.000206715	0.000548641	0.00141695	0.00345546	0.00779164	0.0160257	0.0298151	0.0499188	0.07501	0.101002	0.121788	0.131499	0.127198	0.110265	0.0857702	0.0599264	0.0376567	0.0213179	0.0108967	0.00503514	0.00211107	0.000805048	0.000280231	8.94512e-05	2.63893e-05	7.21437e-06	1.85464e-06	4.50997e-07	1.04906e-07	2.34704e-08	5.11625e-09	1.06804e-09	2.16709e-10	4.18385e-11	7.70582e-12	1.33403e-12	2.20457e-13	3.49981e-14	7.26584e-15	
Scirpus_mitsukurianus	0	0	0	0	0	0	0	0	0	0	0	0	0	0	0	0	0	0	0	0	0	0	0	0	0	0	0	0	0	0	0	0	0	1	0	0	0	0	0	0	0	0	0	0	0	0	0	0	0	0	0	0	0	0	0	0	0	0	0	0	0	0	
Scirpus_polystachyus	0	0	0	0	0	0	0	0	0	0	0	0	0	0	0	0	0	0	0	0	0	0	0	0	0	0	0	0	0	1	0	0	0	0	0	0	0	0	0	0	0	0	0	0	0	0	0	0	0	0	0	0	0	0	0	0	0	0	0	0	0	0	
N10	2.80094e-28	2.56369e-27	5.20594e-26	1.15093e-24	2.37289e-23	4.38101e-22	7.07026e-21	9.72474e-20	1.14773e-18	1.24464e-17	1.3265e-16	1.3583e-15	1.26644e-14	1.0333e-13	7.1662e-13	4.13414e-12	1.96149e-11	7.66512e-11	2.5189e-10	7.2923e-10	2.02189e-09	5.98293e-09	2.05085e-08	8.12663e-08	3.50524e-07	1.54574e-06	6.64461e-06	2.69444e-05	0.000100797	0.000342894	0.00105113	0.00288699	0.00707826	0.0154541	0.0299972	0.0517081	0.0790978	0.107329	0.129165	0.137866	0.130541	0.109692	0.0818372	0.0542426	0.0319636	0.0167585	0.00782477	0.00325675	0.00120943	0.000401207	0.000119035	3.16151e-05	7.52962e-06	1.61158e-06	3.10021e-07	5.3901e-08	8.54885e-09	1.24358e-09	1.77933e-10	3.08705e-11	8.25236e-12	4.03546e-12	
N11	6.44183e-24	4.8092e-23	8.12757e-22	1.46638e-20	2.44097e-19	3.63108e-18	4.76266e-17	5.49905e-16	5.68893e-15	5.35767e-14	4.57114e-13	3.45196e-12	2.25352e-11	1.25056e-10	5.86471e-10	2.34218e-09	8.19499e-09	2.63988e-08	8.3635e-08	2.75675e-07	9.64887e-07	3.51155e-06	1.27679e-05	4.47162e-05	0.000147028	0.000446782	0.00124253	0.0031431	0.00720215	0.0149075	0.0278198	0.0467469	0.070671	0.0960703	0.117405	0.128973	0.127362	0.113087	0.0903119	0.0648923	0.0419767	0.0244617	0.0128488	0.00609037	0.00260822	0.00101025	0.000354805	0.00011342	3.3086e-05	8.90741e-06	2.24342e-06	5.38102e-07	1.2714e-07	3.07921e-08	7.58723e-09	1.94247e-09	4.94985e-10	1.21891e-10	2.84308e-11	6.30704e-12	1.33561e-12	3.66671e-13	
N12	1.22337e-19	3.96186e-19	2.53256e-18	1.98533e-17	1.60132e-16	1.24574e-15	9.14306e-15	6.28922e-14	4.0521e-13	2.44448e-12	1.37684e-11	7.19717e-11	3.47032e-10	1.5388e-09	6.30046e-09	2.41152e-08	8.80437e-08	3.13346e-07	1.10442e-06	3.86686e-06	1.33199e-05	4.43729e-05	0.000140363	0.000415141	0.00113468	0.00284268	0.00649057	0.0134534	0.025246	0.042811	0.0655189	0.0904213	0.112476	0.126076	0.127346	0.115929	0.0951406	0.0704238	0.0470439	0.0283775	0.0154716	0.0076326	0.00340974	0.00138233	0.000509818	0.000171356	5.28425e-05	1.51318e-05	4.03596e-06	1.04198e-06	2.69038e-07	7.02831e-08	1.94613e-08	5.9854e-09	1.79399e-09	5.94626e-10	1.96696e-10	6.50686e-11	2.07403e-11	6.54171e-12	1.96444e-12	7.71332e-13	
Eriophorum_brachyantherum	0	0	0	0	0	0	0	0	0	0	0	0	0	0	0	0	0	0	0	0	0	0	0	0	0	0	0	0	1	0	0	0	0	0	0	0	0	0	0	0	0	0	0	0	0	0	0	0	0	0	0	0	0	0	0	0	0	0	0	0	0	0	
Eriophorum_chamissonis	0	0	0	0	0	0	0	0	0	0	0	0	0	0	0	0	0	0	0	0	0	0	0	0	0	0	0	0	0	1	0	0	0	0	0	0	0	0	0	0	0	0	0	0	0	0	0	0	0	0	0	0	0	0	0	0	0	0	0	0	0	0	
N13	3.61154e-20	1.25985e-19	8.21245e-19	6.49762e-18	5.31132e-17	4.1944e-16	3.12191e-15	2.17454e-14	1.41783e-13	8.66775e-13	4.97062e-12	2.66924e-11	1.33997e-10	6.28992e-10	2.7745e-09	1.16109e-08	4.67079e-08	1.82763e-07	6.99887e-07	2.61645e-06	9.45513e-06	3.25862e-05	0.000105665	0.000318733	0.000886568	0.00225958	0.00525271	0.011101	0.0212788	0.0369323	0.0579728	0.0822328	0.105352	0.121866	0.12727	0.120003	0.102177	0.0785883	0.0546253	0.0343295	0.0195204	0.0100516	0.0046903	0.00198638	0.000765001	0.000268252	8.60891e-05	2.55239e-05	7.00946e-06	1.84246e-06	4.81577e-07	1.26116e-07	3.54146e-08	1.12774e-08	3.45701e-09	1.21435e-09	4.41658e-10	1.64886e-10	6.22661e-11	2.40229e-11	8.85653e-12	4.23837e-12	
Eriophorum_angustifolium	0	0	0	0	0	0	0	0	0	0	0	0	0	0	0	0	0	0	0	0	0	0	0	0	0	0	0	0	1	0	0	0	0	0	0	0	0	0	0	0	0	0	0	0	0	0	0	0	0	0	0	0	0	0	0	0	0	0	0	0	0	0	
Eriophorum_vaginatum	0	0	0	0	0	0	0	0	0	0	0	0	0	0	0	0	0	0	0	0	0	0	0	0	0	0	0	0	1	0	0	0	0	0	0	0	0	0	0	0	0	0	0	0	0	0	0	0	0	0	0	0	0	0	0	0	0	0	0	0	0	0	
N14	3.89905e-30	7.88441e-29	2.72917e-27	9.20646e-26	2.72634e-24	6.88572e-23	1.38197e-21	2.04363e-20	2.42784e-19	3.12089e-18	4.46991e-17	6.02223e-16	7.02502e-15	6.77818e-14	5.23602e-13	3.17215e-12	1.50227e-11	5.70044e-11	1.88989e-10	6.47618e-10	2.69628e-09	1.3409e-08	7.16336e-08	3.83262e-07	1.97259e-06	9.49606e-06	4.18398e-05	0.000166151	0.000588499	0.00184599	0.00510266	0.0123846	0.0263224	0.0488956	0.0792672	0.112038	0.137979	0.148014	0.138301	0.112582	0.0798761	0.0494232	0.0266894	0.0125905	0.00519405	0.00187593	0.000593964	0.000165116	4.03559e-05	8.69067e-06	1.65364e-06	2.78612e-07	4.18775e-08	5.70229e-09	7.14969e-10	8.92646e-11	1.26112e-11	2.12808e-12	4.31822e-13	9.23208e-14	1.87285e-14	4.38126e-15	
N15	6.74703e-18	1.77276e-17	9.36918e-17	6.21493e-16	4.27103e-15	2.83314e-14	1.76886e-13	1.0305e-12	5.5942e-12	2.83311e-11	1.3389e-10	5.884e-10	2.38946e-09	8.90583e-09	3.03539e-08	9.48236e-08	2.74661e-07	7.52908e-07	2.00646e-06	5.33019e-06	1.43253e-05	3.89197e-05	0.000105433	0.000279273	0.000709587	0.00170315	0.00381831	0.00793321	0.0151929	0.0267199	0.043045	0.0634121	0.0853285	0.104802	0.117449	0.120085	0.112012	0.0953535	0.0741102	0.0526091	0.0341418	0.0202821	0.011035	0.00551546	0.00253943	0.00108054	0.000428246	0.00016037	5.70755e-05	2.00209e-05	7.05255e-06	2.54019e-06	9.4178e-07	3.63361e-07	1.36346e-07	5.13269e-08	1.83935e-08	6.32182e-09	2.03814e-09	6.36372e-10	1.94502e-10	7.73127e-11	
Scirpus_sylvaticus	0	0	0	0	0	0	0	0	0	0	0	0	0	0	0	0	0	0	0	0	0	0	0	0	0	0	0	0	0	0	1	0	0	0	0	0	0	0	0	0	0	0	0	0	0	0	0	0	0	0	0	0	0	0	0	0	0	0	0	0	0	0	
Scirpus_microcarpus	0	0	0	0	0	0	0	0	0	0	0	0	0	0	0	0	0	0	0	0	0	0	0	0	0	0	0	0	0	0	0	1	0	0	0	0	0	0	0	0	0	0	0	0	0	0	0	0	0	0	0	0	0	0	0	0	0	0	0	0	0	0	
N16	1.13695e-33	1.35302e-32	4.1147e-31	1.88013e-29	1.09035e-27	6.38697e-26	2.76733e-24	8.2914e-23	2.24332e-21	5.72915e-20	1.25462e-18	2.2508e-17	3.22964e-16	3.65264e-15	3.31844e-14	2.57297e-13	1.89753e-12	1.43934e-11	1.11841e-10	8.48295e-10	6.08861e-09	4.07939e-08	2.52978e-07	1.44017e-06	7.45864e-06	3.48284e-05	0.000145399	0.000538606	0.00175892	0.00503672	0.0125915	0.0273856	0.0516774	0.0844319	0.119249	0.145428	0.153015	0.138831	0.108588	0.0732137	0.0425559	0.0213305	0.00922327	0.00344229	0.00110962	0.000309165	7.4525e-05	1.55597e-05	2.81685e-06	4.43032e-07	6.07361e-08	7.27394e-09	7.69874e-10	7.411e-11	6.56493e-12	5.99322e-13	6.5607e-14	7.80957e-15	1.28659e-15	2.68472e-16	5.70249e-17	1.61535e-17	
Scirpus_expansus	0	0	0	0	0	0	0	0	0	0	0	0	0	0	0	0	0	0	0	0	0	0	0	0	0	0	0	0	0	0	0	1	0	0	0	0	0	0	0	0	0	0	0	0	0	0	0	0	0	0	0	0	0	0	0	0	0	0	0	0	0	0	
N17	1.48559e-31	1.86248e-31	8.35826e-31	1.8837e-29	7.09123e-28	2.67558e-26	9.22581e-25	2.82213e-23	7.57377e-22	1.77477e-20	3.63073e-19	6.48219e-18	1.0119e-16	1.38584e-15	1.67807e-14	1.81552e-13	1.77785e-12	1.59512e-11	1.32432e-10	1.02306e-09	7.36086e-09	4.91721e-08	3.03146e-07	1.71157e-06	8.77561e-06	4.05147e-05	0.00016707	0.000610924	0.00196853	0.00556006	0.0137068	0.0293918	0.0546734	0.0880414	0.122539	0.147244	0.152621	0.136385	0.10504	0.0697167	0.0398781	0.0196627	0.00836011	0.00306656	0.000971015	0.000265605	6.28148e-05	1.28579e-05	2.2804e-06	3.5108e-07	4.70791e-08	5.51068e-09	5.69717e-10	5.39706e-11	4.69675e-12	4.27995e-13	5.27557e-14	5.99521e-15	9.48297e-16	2.10198e-16	4.37196e-17	3.79661e-17	
N18	1.70166e-17	4.74323e-17	2.56357e-16	1.72769e-15	1.21807e-14	8.36954e-14	5.45565e-13	3.34078e-12	1.91501e-11	1.02481e-10	5.10717e-10	2.36627e-09	1.0212e-08	4.12954e-08	1.58049e-07	5.78601e-07	2.04198e-06	6.95808e-06	2.27835e-05	7.10451e-05	0.000208804	0.000573008	0.00145717	0.00341467	0.00734329	0.0144502	0.0259652	0.0425387	0.0634742	0.0862016	0.106494	0.119654	0.122258	0.113603	0.09602	0.0738465	0.0516935	0.0329572	0.0191495	0.0101468	0.00490861	0.00217116	0.000878818	0.000326632	0.000111881	3.54581e-05	1.05082e-05	2.96778e-06	8.05222e-07	2.20059e-07	6.1894e-08	1.80931e-08	5.51272e-09	1.76421e-09	5.4518e-10	1.70553e-10	5.0865e-11	1.46183e-11	3.94729e-12	1.03402e-12	2.62304e-13	8.77222e-14	
Scirpus_ancistrochaetus	0	0	0	0	0	0	0	0	0	0	0	0	0	0	0	0	0	0	0	0	0	0	0	0	0	0	1	0	0	0	0	0	0	0	0	0	0	0	0	0	0	0	0	0	0	0	0	0	0	0	0	0	0	0	0	0	0	0	0	0	0	0	
N19	6.92153e-39	2.75604e-35	1.07424e-31	6.98014e-29	1.93849e-25	4.0158e-22	3.67279e-20	5.10201e-21	8.46268e-19	4.94583e-19	1.86639e-16	2.60197e-13	1.67211e-10	4.17475e-10	2.75234e-12	7.49652e-13	1.553e-10	1.0794e-09	1.01459e-10	4.4655e-13	1.16815e-13	1.30143e-12	2.2012e-09	2.36238e-06	0.00124209	0.217027	0.675422	0.105466	0.000837793	2.51219e-06	3.94754e-09	3.78322e-12	2.41619e-15	1.09024e-18	3.6232e-22	9.15039e-26	1.79694e-29	2.79995e-33	3.51364e-37	3.59773e-41	3.03931e-45	2.14522e-49	1.27063e-53	6.43108e-58	9.466e-60	9.37887e-59	2.49796e-59	2.01491e-61	1.5776e-63	1.26289e-65	1.99274e-67	2.19095e-69	1.70406e-71	1.33602e-73	9.90639e-76	7.31331e-78	7.18854e-80	2.31005e-79	1.18784e-78	1.99963e-78	2.78725e-80	1.57067e-82	
Scirpus_georgianus	0	0	0	0	0	0	0	0	0	0	0	0	0	0	0	0	0	0	0	0	0	0	0	0	0	1	0	0	0	0	0	0	0	0	0	0	0	0	0	0	0	0	0	0	0	0	0	0	0	0	0	0	0	0	0	0	0	0	0	0	0	0	
N20	9.81373e-56	1.85144e-50	2.27275e-45	2.87695e-41	7.6025e-37	1.70544e-32	3.91741e-29	7.67897e-30	3.09227e-26	6.128e-27	1.55759e-23	3.83992e-19	2.76915e-15	2.04527e-14	1.24095e-17	1.86026e-18	3.54661e-16	6.1327e-14	7.88859e-15	7.04712e-18	1.63565e-19	6.46328e-19	7.81085e-15	2.48659e-10	3.16791e-06	0.0102867	0.81645	0.173132	0.000128338	2.36727e-08	1.73048e-12	6.25766e-17	1.46276e-21	5.17249e-25	3.01449e-28	8.89087e-31	6.1137e-34	1.1827e-37	8.4235e-41	1.33007e-45	8.19152e-50	1.54188e-54	6.33507e-60	1.83798e-64	1.43852e-69	2.64371e-73	5.54864e-78	3.52555e-81	4.35814e-86	1.92524e-89	1.10287e-94	3.28417e-98	2.50823e-104	1.81523e-108	8.99605e-115	3.08091e-119	1.07309e-125	2.09528e-130	5.76909e-137	6.32217e-142	2.05259e-148	1.06349e-152	
Scirpus_hattorianus	0	0	0	0	0	0	0	0	0	0	0	0	0	0	0	0	0	0	0	0	0	0	0	0	0	0	0	1	0	0	0	0	0	0	0	0	0	0	0	0	0	0	0	0	0	0	0	0	0	0	0	0	0	0	0	0	0	0	0	0	0	0	
Scirpus_flaccidifolius	0	0	0	0	0	0	0	0	0	0	0	0	0	0	0	0	0	0	0	0	0	0	0	0	0	0	1	0	0	0	0	0	0	0	0	0	0	0	0	0	0	0	0	0	0	0	0	0	0	0	0	0	0	0	0	0	0	0	0	0	0	0	
N21	4.32596e-27	2.36064e-27	1.76116e-27	1.55458e-27	3.28486e-27	6.8834e-26	2.14701e-24	6.07232e-23	1.51813e-21	3.3411e-20	6.46677e-19	1.1007e-17	1.65003e-16	2.18623e-15	2.57744e-14	2.72945e-13	2.6257e-12	2.31926e-11	1.89637e-10	1.4412e-09	1.01793e-08	6.65866e-08	4.01084e-07	2.20902e-06	1.1039e-05	4.96636e-05	0.000199654	0.000712319	0.00224194	0.00619322	0.0149532	0.0314488	0.0574597	0.0910128	0.124774	0.147879	0.151382	0.133773	0.102009	0.0671157	0.0381014	0.0186672	0.0078956	0.00288452	0.000910783	0.000248727	5.88018e-05	1.20486e-05	2.14209e-06	3.31173e-07	4.49433e-08	5.36429e-09	5.90128e-10	8.9618e-11	1.30609e-11	3.17629e-12	1.77952e-12	2.93986e-13	7.93316e-14	3.80315e-14	1.01444e-14	3.56688e-14	
N22	5.78979e-15	2.63629e-14	2.54477e-13	2.66282e-12	2.56147e-11	2.20023e-10	1.6789e-09	1.13073e-08	6.79021e-08	3.79765e-07	2.11782e-06	1.21898e-05	6.9564e-05	0.000363747	0.00163835	0.00613626	0.0187362	0.046104	0.0908327	0.142922	0.179706	0.181158	0.147215	0.0971131	0.0524122	0.0233396	0.00864831	0.00268873	0.000707021	0.000158454	3.04783e-05	5.06593e-06	7.32103e-07	9.25146e-08	1.02784e-08	1.00915e-09	8.79352e-11	6.83386e-12	4.75553e-13	2.97489e-14	1.67976e-15	8.60182e-17	4.00502e-18	1.70714e-19	6.68965e-21	2.42602e-22	8.20418e-24	2.62448e-25	7.9576e-27	2.34296e-28	6.70683e-30	1.88786e-31	5.19341e-33	1.41181e-34	3.66621e-36	9.28224e-38	2.22341e-39	5.09347e-41	1.0941e-42	2.24801e-44	4.29378e-46	9.28395e-48	
Scirpus_pendulus	0	0	0	0	0	0	0	0	0	0	0	0	0	0	0	0	0	0	0	1	0	0	0	0	0	0	0	0	0	0	0	0	0	0	0	0	0	0	0	0	0	0	0	0	0	0	0	0	0	0	0	0	0	0	0	0	0	0	0	0	0	0	
Scirpus_fontinalis	0	0	0	0	0	0	0	0	0	0	0	0	0	0	0	0	0	1	0	0	0	0	0	0	0	0	0	0	0	0	0	0	0	0	0	0	0	0	0	0	0	0	0	0	0	0	0	0	0	0	0	0	0	0	0	0	0	0	0	0	0	0	
N23	2.82621e-21	1.49216e-20	1.20279e-19	1.12661e-18	1.11629e-17	1.10408e-16	1.05369e-15	9.51656e-15	8.0488e-14	6.34074e-13	4.64177e-12	3.15203e-11	1.98074e-10	1.14798e-09	6.11401e-09	2.98275e-08	1.33066e-07	5.43053e-07	2.03389e-06	7.031e-06	2.26077e-05	6.81308e-05	0.000193464	0.00051825	0.00130559	0.00307423	0.0067168	0.0135232	0.0249418	0.0419452	0.0640867	0.0887112	0.111016	0.125394	0.127678	0.117089	0.096648	0.071777	0.0479538	0.0288217	0.0155877	0.00758947	0.00332861	0.00131644	0.000470344	0.000152107	4.48221e-05	1.22363e-05	3.15429e-06	8.29466e-07	2.50621e-07	8.40807e-08	3.32752e-08	1.46516e-08	5.7153e-09	2.42511e-09	1.0701e-09	4.65478e-10	2.17126e-10	1.05535e-10	5.04457e-11	3.04386e-11	
Scirpus_orientalis	0	0	0	0	0	0	0	0	0	0	0	0	0	1	0	0	0	0	0	0	0	0	0	0	0	0	0	0	0	0	0	0	0	0	0	0	0	0	0	0	0	0	0	0	0	0	0	0	0	0	0	0	0	0	0	0	0	0	0	0	0	0	
N24	3.6859e-21	2.58794e-20	3.67505e-19	5.44686e-18	7.3508e-17	8.76526e-16	8.9008e-15	7.27617e-14	4.94555e-13	3.61686e-12	3.01616e-11	2.48501e-10	1.8664e-09	1.19451e-08	5.98102e-08	2.1134e-07	4.80261e-07	6.93987e-07	7.35426e-07	7.57075e-07	9.5798e-07	1.43534e-06	2.23298e-06	3.93956e-06	1.04092e-05	4.5013e-05	0.000243049	0.00124175	0.00530892	0.0181843	0.0489182	0.102137	0.164084	0.201929	0.190405	0.138313	0.0779677	0.0345554	0.0121855	0.00346785	0.000807433	0.000156631	2.55168e-05	3.58077e-06	4.36743e-07	4.73662e-08	4.60805e-09	4.16258e-10	3.41278e-11	2.65795e-12	1.90028e-13	1.27887e-14	7.84555e-16	4.54417e-17	2.36034e-18	1.15374e-19	5.07713e-21	2.08468e-22	7.71369e-24	2.67498e-25	8.36653e-27	3.01547e-28	
Scirpus_cyperinus	0	0	0	0	0	0	0	0	0	0	0	0	0	0	0	0	0	0	0	0	0	0	0	0	0	0	0	0	0	0	0	0	1	0	0	0	0	0	0	0	0	0	0	0	0	0	0	0	0	0	0	0	0	0	0	0	0	0	0	0	0	0	
Scirpus_atrocinctus	0	0	0	0	0	0	0	0	0	0	0	0	0	0	0	0	0	0	0	0	0	0	0	0	0	0	0	0	0	0	0	0	0	1	0	0	0	0	0	0	0	0	0	0	0	0	0	0	0	0	0	0	0	0	0	0	0	0	0	0	0	0	
N25	1.07855e-22	4.35124e-22	3.87599e-21	4.10044e-20	4.25098e-19	4.08286e-18	3.56774e-17	2.79156e-16	1.92933e-15	1.17619e-14	6.50201e-14	3.4184e-13	1.76877e-12	8.91111e-12	4.22659e-11	1.83202e-10	7.1196e-10	2.45379e-09	7.48043e-09	2.02757e-08	4.95212e-08	1.11038e-07	2.33835e-07	4.74241e-07	9.55179e-07	1.97805e-06	4.33381e-06	1.01034e-05	2.46032e-05	6.08463e-05	0.000148993	0.000354615	0.000809437	0.00175531	0.00359188	0.00690248	0.0124151	0.0208545	0.0326668	0.0476679	0.0647564	0.0818632	0.0962687	0.105296	0.107106	0.101306	0.0891027	0.0728786	0.0554279	0.0392077	0.0257962	0.0157871	0.00898905	0.00476345	0.00234898	0.00107874	0.000461586	0.000184271	6.89734e-05	2.46233e-05	8.88839e-06	3.92967e-06	
N26	1.03067e-23	4.45975e-23	4.24804e-22	4.67676e-21	4.97177e-20	4.88723e-19	4.39221e-18	3.59027e-17	2.66624e-16	1.80586e-15	1.12875e-14	6.60124e-14	3.64504e-13	1.89748e-12	9.23403e-12	4.1579e-11	1.71802e-10	6.48109e-10	2.23179e-09	7.05042e-09	2.0654e-08	5.69087e-08	1.49866e-07	3.83185e-07	9.66894e-07	2.44636e-06	6.28063e-06	1.63909e-05	4.30477e-05	0.000111845	0.000282347	0.00068231	0.0015607	0.00335264	0.00672619	0.0125533	0.0217344	0.0348414	0.0516444	0.070718	0.0894041	0.104312	0.112292	0.11152	0.102171	0.0863511	0.0673341	0.0484514	0.0321744	0.0197261	0.0111712	0.00584524	0.00282996	0.00127098	0.000531025	0.000208837	7.8925e-05	2.96197e-05	1.16789e-05	5.10196e-06	2.54591e-06	1.65806e-06	
N27	9.62015e-21	3.18017e-20	2.1193e-19	1.67971e-18	1.35155e-17	1.04507e-16	7.5934e-16	5.14161e-15	3.24399e-14	1.9094e-13	1.04811e-12	5.34998e-12	2.53328e-11	1.11189e-10	4.5369e-10	1.73253e-09	6.26206e-09	2.17042e-08	7.30042e-08	2.39871e-07	7.70184e-07	2.40581e-06	7.26429e-06	2.10664e-05	5.83341e-05	0.000153461	0.000381836	0.000895107	0.00197035	0.00406136	0.00782104	0.0140448	0.0234843	0.0365201	0.0527689	0.0707942	0.0881333	0.10177	0.108966	0.108159	0.0995116	0.0848605	0.0670735	0.0491428	0.0333811	0.0210255	0.0122845	0.00666101	0.00335322	0.00156891	0.000683221	0.000277409	0.000105481	3.78381e-05	1.29269e-05	4.29665e-06	1.42569e-06	4.83196e-07	1.71024e-07	6.37822e-08	2.53584e-08	1.2765e-08	
N28	9.45146e-16	2.05945e-15	9.39118e-15	5.49942e-14	3.29871e-13	1.88153e-12	9.97638e-12	4.89152e-11	2.22414e-10	9.41245e-10	3.69918e-09	1.3369e-08	4.38126e-08	1.28528e-07	3.35833e-07	7.89385e-07	1.72338e-06	3.6801e-06	8.14897e-06	1.94449e-05	5.00215e-05	0.000134438	0.000362068	0.000943091	0.0023162	0.005277	0.0110361	0.0210467	0.0364507	0.0571886	0.0811463	0.104074	0.120607	0.126295	0.119555	0.102393	0.0793706	0.0557704	0.0355559	0.0205953	0.010856	0.00522006	0.00229131	0.000922013	0.000340771	0.000116131	3.66391e-05	1.07938e-05	2.97104e-06	7.76055e-07	1.92835e-07	4.60825e-08	1.06025e-08	2.37996e-09	5.10813e-10	1.06646e-10	2.11697e-11	4.02188e-12	7.19098e-13	1.23278e-13	2.03979e-14	4.44125e-15	
Carex_pulicaris	0	0	0	0	0	0	0	0	0	0	0	0	0	0	0	0	0	0	0	0	0	0	0	0	0	0	0	0	0	1	0	0	0	0	0	0	0	0	0	0	0	0	0	0	0	0	0	0	0	0	0	0	0	0	0	0	0	0	0	0	0	0	
Carex_peregrina	0	0	0	0	0	0	0	0	0	0	0	0	0	0	0	0	0	0	0	0	0	0	0	0	0	0	0	0	0	0	1	0	0	0	0	0	0	0	0	0	0	0	0	0	0	0	0	0	0	0	0	0	0	0	0	0	0	0	0	0	0	0	
N29	2.17628e-19	7.58443e-19	5.04467e-18	3.89855e-17	3.07557e-16	2.36103e-15	1.72131e-14	1.17643e-13	7.49214e-13	4.43225e-12	2.43416e-11	1.24203e-10	5.90474e-10	2.6256e-09	1.09739e-08	4.3313e-08	1.62053e-07	5.75806e-07	1.94308e-06	6.21897e-06	1.8841e-05	5.39192e-05	0.000145459	0.000369181	0.000879752	0.00196439	0.00410156	0.00799177	0.0145032	0.0244691	0.0383163	0.0556055	0.0746909	0.0927606	0.106421	0.112709	0.110136	0.0992616	0.0824932	0.0632103	0.0446581	0.0290942	0.0174812	0.0096904	0.00495773	0.00234184	0.00102202	0.000412426	0.000153979	5.32763e-05	1.71158e-05	5.11492e-06	1.42976e-06	3.77415e-07	9.5022e-08	2.35819e-08	6.005e-09	1.62297e-09	4.78452e-10	1.52303e-10	5.09601e-11	2.17415e-11	
Carex_microglochin	0	0	0	0	0	0	0	0	0	0	0	0	0	0	0	0	0	0	0	0	0	0	0	0	0	0	0	1	0	0	0	0	0	0	0	0	0	0	0	0	0	0	0	0	0	0	0	0	0	0	0	0	0	0	0	0	0	0	0	0	0	0	
N30	2.25176e-18	1.12707e-17	1.05542e-16	1.0848e-15	1.09328e-14	1.03207e-13	8.89896e-13	6.90704e-12	4.81067e-11	3.01973e-10	1.72579e-09	9.05678e-09	4.37891e-08	1.9455e-07	7.91862e-07	2.94963e-06	1.00654e-05	3.15065e-05	9.05719e-05	0.000239508	0.000584468	0.00132294	0.0027949	0.00554298	0.0103546	0.0182183	0.0300893	0.0463952	0.0663807	0.0876304	0.106237	0.117854	0.119325	0.110064	0.0923785	0.0705001	0.0489018	0.0308275	0.0176631	0.00920035	0.00435847	0.00187882	0.000737326	0.000263647	8.59681e-05	2.55792e-05	6.95467e-06	1.73086e-06	3.9451e-07	8.26966e-08	1.60085e-08	2.87197e-09	4.84393e-10	7.89566e-11	1.26217e-11	2.13902e-12	3.96247e-13	7.92992e-14	1.65834e-14	3.49874e-15	7.13028e-16	1.86093e-16	
Schoenoxiphium_ludwigii	0	0	0	0	0	0	0	0	0	0	0	0	0	0	0	0	1	0	0	0	0	0	0	0	0	0	0	0	0	0	0	0	0	0	0	0	0	0	0	0	0	0	0	0	0	0	0	0	0	0	0	0	0	0	0	0	0	0	0	0	0	0	
N31	7.27088e-18	3.19478e-17	2.88676e-16	3.0505e-15	3.15817e-14	3.03399e-13	2.65921e-12	2.11313e-11	1.52041e-10	9.92621e-10	5.91231e-09	3.22753e-08	1.61609e-07	7.39446e-07	3.07177e-06	1.15003e-05	3.85425e-05	0.000115074	0.000305657	0.000724625	0.00154762	0.00302394	0.00551681	0.00958748	0.016078	0.026043	0.0403657	0.0590484	0.080449	0.101034	0.116101	0.121473	0.11534	0.0991799	0.0771432	0.0542431	0.0344665	0.0197963	0.0102822	0.00483027	0.00205491	0.000793335	0.000277671	8.87052e-05	2.60086e-05	7.01149e-06	1.77363e-06	4.44838e-07	1.04718e-07	2.72398e-08	7.31694e-09	2.02385e-09	5.35522e-10	1.68025e-10	3.91679e-11	1.15259e-11	2.82153e-12	8.33717e-13	2.28157e-13	7.81318e-14	2.42518e-14	1.01549e-14	
N32	2.11716e-18	8.08084e-18	6.86309e-17	6.78592e-16	6.47374e-15	5.69853e-14	4.54379e-13	3.22252e-12	2.02717e-11	1.17819e-10	6.6824e-10	3.67868e-09	1.89771e-08	8.87978e-08	3.62923e-07	1.23682e-06	3.35344e-06	6.99934e-06	1.12351e-05	1.4513e-05	1.66296e-05	1.90975e-05	2.43317e-05	3.62935e-05	6.56429e-05	0.000147942	0.00040284	0.00120491	0.00355213	0.00957379	0.0226398	0.0461213	0.0801783	0.118466	0.148516	0.158375	0.143353	0.11129	0.0742563	0.0431313	0.0219514	0.0101073	0.00413396	0.00158804	0.000553899	0.000182118	5.39071e-05	1.52859e-05	3.77901e-06	8.97378e-07	1.87041e-07	3.7083e-08	6.47817e-09	1.09205e-09	1.61511e-10	2.31398e-11	2.93955e-12	3.59158e-13	3.9079e-14	4.09061e-15	3.88531e-16	4.74524e-17	
Schoenoxiphium_burkei	0	0	0	0	0	0	0	0	0	0	0	0	0	0	0	0	0	0	0	0	0	0	0	0	0	0	0	0	0	0	0	0	0	0	1	0	0	0	0	0	0	0	0	0	0	0	0	0	0	0	0	0	0	0	0	0	0	0	0	0	0	0	
Schoenoxiphium_filiforme	0	0	0	0	0	0	0	0	0	0	0	0	0	0	0	0	0	0	0	0	0	0	0	0	0	0	0	0	0	0	0	0	0	0	0	1	0	0	0	0	0	0	0	0	0	0	0	0	0	0	0	0	0	0	0	0	0	0	0	0	0	0	
N33	5.36635e-13	1.45601e-12	7.77484e-12	5.08297e-11	3.37054e-10	2.11406e-09	1.22336e-08	6.477e-08	3.13148e-07	1.3834e-06	5.59298e-06	2.07207e-05	7.03807e-05	0.000219124	0.000624742	0.00162898	0.00387854	0.0084189	0.0166323	0.0298576	0.0486296	0.0717611	0.0958332	0.115713	0.126238	0.124384	0.110668	0.0889142	0.0645225	0.0423066	0.0250771	0.0134464	0.00652702	0.00287047	0.00114478	0.000414432	0.000136323	4.0793e-05	1.11179e-05	2.76303e-06	6.2711e-07	1.30221e-07	2.47716e-08	4.3306e-09	6.98078e-10	1.04075e-10	1.44646e-11	1.89919e-12	2.36297e-13	2.88548e-14	3.52849e-15	4.37624e-16	5.65211e-17	7.91716e-18	1.0982e-18	1.64438e-19	2.44299e-20	3.62189e-21	5.14477e-22	7.17835e-23	9.38596e-24	1.60033e-24	
Schoenoxiphium_ecklonii	0	0	0	0	0	0	0	0	0	0	0	0	0	0	0	0	0	1	0	0	0	0	0	0	0	0	0	0	0	0	0	0	0	0	0	0	0	0	0	0	0	0	0	0	0	0	0	0	0	0	0	0	0	0	0	0	0	0	0	0	0	0	
Schoenoxiphium_sparteum	0	0	0	0	0	0	0	0	0	0	0	0	0	0	0	1	0	0	0	0	0	0	0	0	0	0	0	0	0	0	0	0	0	0	0	0	0	0	0	0	0	0	0	0	0	0	0	0	0	0	0	0	0	0	0	0	0	0	0	0	0	0	
N34	2.33515e-23	1.54904e-22	1.81001e-21	2.28887e-20	2.82326e-19	3.27775e-18	3.56662e-17	3.42972e-16	2.71036e-15	1.65657e-14	8.22462e-14	4.10799e-13	2.41509e-12	1.53073e-11	9.39512e-11	5.26957e-10	2.6013e-09	1.103e-08	3.96223e-08	1.19797e-07	3.05284e-07	6.6363e-07	1.27246e-06	2.29781e-06	4.31525e-06	9.0883e-06	2.14124e-05	5.36795e-05	0.000137099	0.000346986	0.000850559	0.00198207	0.00432899	0.00877863	0.0164344	0.0283057	0.0447578	0.0648874	0.0861671	0.104737	0.116478	0.118476	0.110187	0.093704	0.0728708	0.0518259	0.0337284	0.0201039	0.0109795	0.00550843	0.0025463	0.00108873	0.0004349	0.000165075	6.04529e-05	2.21688e-05	8.31492e-06	3.19879e-06	1.25394e-06	4.97275e-07	1.99167e-07	9.74069e-08	
Kobresia_fragilis	0	0	0	0	0	0	0	0	0	0	0	0	0	0	0	0	0	0	0	0	0	0	0	0	0	0	0	0	1	0	0	0	0	0	0	0	0	0	0	0	0	0	0	0	0	0	0	0	0	0	0	0	0	0	0	0	0	0	0	0	0	0	
N35	4.49371e-24	2.44307e-23	2.47708e-22	2.77737e-21	3.10853e-20	3.33472e-19	3.33988e-18	3.03973e-17	2.46772e-16	1.80375e-15	1.2511e-14	8.59592e-14	5.78233e-13	3.67079e-12	2.13707e-11	1.1174e-10	5.15895e-10	2.07605e-09	7.23002e-09	2.17961e-08	5.75862e-08	1.37305e-07	3.1163e-07	7.21338e-07	1.79962e-06	4.87606e-06	1.39196e-05	4.03477e-05	0.000115213	0.000316875	0.000824996	0.00200767	0.00452614	0.00939594	0.0178882	0.0311442	0.0494837	0.0716366	0.0943731	0.113022	0.122955	0.12144	0.108846	0.0885215	0.065326	0.0437489	0.0266057	0.0147076	0.00739506	0.00339146	0.00142373	0.000548581	0.00019602	6.60355e-05	2.10369e-05	6.62132e-06	2.12862e-06	7.12534e-07	2.73134e-07	1.27428e-07	6.60123e-08	4.3404e-08	
Kobresia_simpliciuscula	0	0	0	0	0	0	0	0	0	0	0	0	0	0	0	0	0	0	0	0	0	0	0	0	0	0	0	0	0	0	0	0	0	0	1	0	0	0	0	0	0	0	0	0	0	0	0	0	0	0	0	0	0	0	0	0	0	0	0	0	0	0	
N36	3.65971e-30	9.12827e-29	4.15553e-27	1.83548e-25	6.84985e-24	2.14912e-22	5.82145e-21	1.24112e-19	1.93023e-18	2.1165e-17	1.87131e-16	1.74708e-15	1.78066e-14	1.74071e-13	1.50691e-12	1.11702e-11	7.00535e-11	3.69414e-10	1.63344e-09	6.06597e-09	1.92821e-08	5.51594e-08	1.55615e-07	4.72228e-07	1.57083e-06	5.47409e-06	1.8999e-05	6.34691e-05	0.000199596	0.000583188	0.00156995	0.00387294	0.00871952	0.0178468	0.0330749	0.055261	0.0828589	0.110992	0.132252	0.139638	0.130223	0.10699	0.0772897	0.0490341	0.0273013	0.0133372	0.00571917	0.00215474	0.0007139	0.00020853	5.3877e-05	1.23515e-05	2.5358e-06	4.73735e-07	8.1807e-08	1.37629e-08	2.38255e-09	4.34335e-10	8.37873e-11	1.63765e-11	3.08488e-12	7.27276e-13	
N37	3.23156e-21	1.2112e-20	7.48551e-20	5.56123e-19	4.40406e-18	3.45669e-17	2.58769e-16	1.81424e-15	1.18268e-14	7.1584e-14	4.03286e-13	2.12454e-12	1.05314e-11	4.94685e-11	2.21774e-10	9.54525e-10	3.9588e-09	1.58377e-08	6.10824e-08	2.2683e-07	8.10126e-07	2.77857e-06	9.12842e-06	2.86072e-05	8.50476e-05	0.000238389	0.000626218	0.00153336	0.00348381	0.00731679	0.0141608	0.0251899	0.0410935	0.0613627	0.0837342	0.104266	0.118328	0.122256	0.114897	0.0981487	0.0761668	0.0536772	0.0343451	0.0199518	0.0105249	0.00504303	0.00219631	0.000870365	0.000314183	0.000103673	3.15077e-05	8.8969e-06	2.42192e-06	6.90145e-07	2.18177e-07	8.87755e-08	4.54209e-08	2.4486e-08	1.3966e-08	7.96555e-09	4.45847e-09	3.04373e-09	
Carex_pauciflora	0	0	0	0	0	0	0	0	0	0	0	0	0	0	0	0	0	0	0	0	0	0	1	0	0	0	0	0	0	0	0	0	0	0	0	0	0	0	0	0	0	0	0	0	0	0	0	0	0	0	0	0	0	0	0	0	0	0	0	0	0	0	
Carex_backii	0	0	0	0	0	0	0	0	0	0	0	0	0	0	0	0	0	0	0	0	0	0	0	0	0	0	0	0	0	0	0	0	1	0	0	0	0	0	0	0	0	0	0	0	0	0	0	0	0	0	0	0	0	0	0	0	0	0	0	0	0	0	
N38	6.84959e-32	2.0001e-30	1.0014e-28	4.7678e-27	1.9563e-25	6.74731e-24	1.98215e-22	4.8253e-21	9.44686e-20	1.43461e-18	1.69826e-17	1.77506e-16	1.87881e-15	1.94546e-14	1.85973e-13	1.63135e-12	1.31853e-11	9.73364e-11	6.43084e-10	3.70155e-09	1.81234e-08	7.46366e-08	2.62397e-07	8.30453e-07	2.58662e-06	8.45937e-06	2.85705e-05	9.36752e-05	0.000285598	0.000797726	0.00203831	0.00477553	0.0102649	0.0202086	0.0363039	0.0592035	0.0871057	0.114857	0.134843	0.140108	0.1282	0.102898	0.0722409	0.0442805	0.0236735	0.0110333	0.00448477	0.00159228	0.000493958	0.000134656	3.26879e-05	7.05646e-06	1.4308e-06	3.07895e-07	6.21499e-08	1.54338e-08	4.64154e-09	1.11817e-09	3.59112e-10	1.6311e-10	7.54096e-11	4.78773e-11	
N39	2.52691e-19	7.48459e-19	4.08766e-18	2.79375e-17	2.05206e-16	1.50655e-15	1.07056e-14	7.26261e-14	4.67484e-13	2.84442e-12	1.63229e-11	8.82555e-11	4.50185e-10	2.1728e-09	9.96236e-09	4.35262e-08	1.8139e-07	7.19658e-07	2.70656e-06	9.59497e-06	3.18744e-05	9.86985e-05	0.000283605	0.000753567	0.00184639	0.00416262	0.0086197	0.0163711	0.0284847	0.0453589	0.0660496	0.0878881	0.106805	0.118481	0.119932	0.110748	0.0932735	0.0716417	0.0501826	0.0320589	0.0186824	0.00993388	0.00482111	0.00213666	0.000865261	0.000320365	0.000108569	3.37291e-05	9.61906e-06	2.52938e-06	6.1797e-07	1.41759e-07	3.15227e-08	7.1992e-09	1.7704e-09	5.02656e-10	1.5982e-10	5.21717e-11	1.69485e-11	5.35962e-12	1.66351e-12	6.68988e-13	
Carex_rupestris	0	0	0	0	0	0	0	0	0	0	0	0	0	0	0	0	0	0	0	0	0	0	0	0	1	0	0	0	0	0	0	0	0	0	0	0	0	0	0	0	0	0	0	0	0	0	0	0	0	0	0	0	0	0	0	0	0	0	0	0	0	0	
Carex_obtusata	0	0	0	0	0	0	0	0	0	0	0	0	0	0	0	0	0	0	0	0	0	0	0	0	0	1	0	0	0	0	0	0	0	0	0	0	0	0	0	0	0	0	0	0	0	0	0	0	0	0	0	0	0	0	0	0	0	0	0	0	0	0	
N40	9.69079e-31	2.0574e-29	6.81165e-28	2.26204e-26	6.94676e-25	1.86592e-23	4.2998e-22	8.71898e-21	1.60637e-19	2.61913e-18	3.66611e-17	4.40018e-16	4.53145e-15	3.98694e-14	3.08285e-13	2.19852e-12	1.49971e-11	9.84866e-11	6.11833e-10	3.49215e-09	1.80074e-08	8.44261e-08	3.67839e-07	1.51407e-06	5.87561e-06	2.11387e-05	6.93028e-05	0.000205085	0.000547513	0.00132638	0.00294001	0.00601024	0.0114002	0.0201565	0.0333316	0.0515903	0.0744535	0.0992826	0.120821	0.132475	0.129459	0.11186	0.085001	0.0566423	0.0330738	0.0169179	0.00761617	0.00305799	0.00110439	0.000382944	0.000143344	5.54169e-05	2.52022e-05	1.31309e-05	5.4087e-06	2.45569e-06	1.11994e-06	4.76331e-07	2.36159e-07	1.34141e-07	7.28467e-08	4.88299e-08	
Carex_nardina	0	0	0	0	0	0	0	0	0	0	0	0	0	0	0	0	0	0	0	0	0	0	0	0	0	0	0	0	0	0	0	0	0	1	0	0	0	0	0	0	0	0	0	0	0	0	0	0	0	0	0	0	0	0	0	0	0	0	0	0	0	0	
N41	2.6975e-29	3.33147e-28	8.04979e-27	2.08764e-25	5.06339e-24	1.10974e-22	2.17884e-21	3.82883e-20	6.02107e-19	8.41673e-18	1.03244e-16	1.09753e-15	1.01744e-14	8.48318e-14	6.6205e-13	4.93973e-12	3.54256e-11	2.44955e-10	1.63585e-09	1.04673e-08	6.29503e-08	3.46985e-07	1.71154e-06	7.41554e-06	2.78833e-05	9.05176e-05	0.00025425	0.000624102	0.0013638	0.00271806	0.00506082	0.00891171	0.0147969	0.0231653	0.0344248	0.0490979	0.0675208	0.0887768	0.109381	0.123488	0.125454	0.113323	0.0903842	0.0634485	0.0391722	0.0212809	0.0102094	0.00436386	0.00167832	0.000604008	0.000220164	8.19843e-05	3.49897e-05	1.75041e-05	7.48601e-06	3.51352e-06	1.71401e-06	7.34645e-07	3.86085e-07	2.49468e-07	1.62559e-07	1.31501e-07	
N42	3.50754e-20	1.30839e-19	9.37352e-19	8.11767e-18	7.18748e-17	6.09469e-16	4.8333e-15	3.55582e-14	2.42189e-13	1.52517e-12	8.86196e-12	4.73791e-11	2.32901e-10	1.05552e-09	4.44427e-09	1.75824e-08	6.62691e-08	2.41067e-07	8.53931e-07	2.94914e-06	9.86411e-06	3.15922e-05	9.57412e-05	0.000271916	0.00071878	0.00176036	0.00398204	0.00830079	0.0159148	0.0280117	0.0451737	0.0666135	0.0896329	0.109828	0.122312	0.123591	0.113144	0.093736	0.0702172	0.0475349	0.0290757	0.0160713	0.00803081	0.00363097	0.00148727	0.000552869	0.000187019	5.77929e-05	1.64025e-05	4.31375e-06	1.0651e-06	2.51289e-07	5.81302e-08	1.35559e-08	3.23025e-09	7.91622e-10	1.96059e-10	4.76336e-11	1.11848e-11	2.51997e-12	5.58544e-13	1.6138e-13	
Carex_capillacea	0	0	0	0	0	0	0	0	0	0	0	0	0	0	0	0	0	0	0	0	0	0	0	0	0	0	0	0	0	1	0	0	0	0	0	0	0	0	0	0	0	0	0	0	0	0	0	0	0	0	0	0	0	0	0	0	0	0	0	0	0	0	
Carex_leptalea	0	0	0	0	0	0	0	0	0	0	0	0	0	0	0	0	0	0	0	0	0	0	0	0	0	1	0	0	0	0	0	0	0	0	0	0	0	0	0	0	0	0	0	0	0	0	0	0	0	0	0	0	0	0	0	0	0	0	0	0	0	0	
N43	1.90792e-29	1.15694e-28	1.95319e-27	4.18991e-26	8.98403e-25	1.79016e-23	3.2441e-22	5.64089e-21	9.58865e-20	1.56499e-18	1.99673e-17	1.48384e-16	8.46517e-16	5.83181e-15	4.60285e-14	3.73744e-13	3.02618e-12	2.40429e-11	1.84344e-10	1.30142e-09	7.71069e-09	3.47241e-08	1.11203e-07	2.47474e-07	3.93513e-07	4.90555e-07	5.67396e-07	7.0524e-07	9.8153e-07	1.44207e-06	2.17098e-06	3.437e-06	6.07623e-06	1.28841e-05	3.22022e-05	8.96052e-05	0.000265923	0.00081078	0.00241152	0.00662636	0.0161661	0.0342209	0.062075	0.0961544	0.127146	0.143725	0.14003	0.119547	0.0899064	0.0622768	0.0405714	0.0252477	0.0151299	0.00887437	0.00467667	0.00233184	0.00103187	0.000411189	0.000144272	4.6856e-05	1.45792e-05	6.0406e-06	
Uncinia_phleoides	0	0	0	0	0	0	0	0	0	0	0	0	0	0	0	0	0	0	0	0	0	0	0	0	0	0	0	0	0	0	0	0	0	0	0	0	0	0	0	0	0	0	0	0	0	0	0	1	0	0	0	0	0	0	0	0	0	0	0	0	0	0	
N44	2.04591e-29	1.26099e-28	2.11673e-27	4.48373e-26	9.36617e-25	1.80332e-23	3.14705e-22	4.94106e-21	6.88557e-20	8.33375e-19	8.62003e-18	7.73258e-17	6.40489e-16	5.25063e-15	4.38617e-14	3.67088e-13	2.97456e-12	2.25197e-11	1.53261e-10	8.98882e-10	4.3572e-09	1.68475e-08	5.07882e-08	1.18784e-07	2.1959e-07	3.35182e-07	4.51445e-07	5.77444e-07	7.48565e-07	1.02941e-06	1.55325e-06	2.65225e-06	5.23753e-06	1.20061e-05	3.10754e-05	8.76959e-05	0.000262379	0.000804501	0.00240128	0.00661188	0.0161515	0.0342175	0.0621094	0.0962499	0.127299	0.143927	0.140252	0.119648	0.0899985	0.0622458	0.0404533	0.0250924	0.0149857	0.00871735	0.00457766	0.00226245	0.000994719	0.000393057	0.000137054	4.41685e-05	1.37629e-05	5.72271e-06	
Uncinia_filiformis	0	0	0	0	0	0	0	0	0	0	0	0	0	0	0	0	0	0	0	0	0	0	0	0	0	0	0	0	0	0	0	0	0	0	0	0	0	0	0	0	0	0	0	1	0	0	0	0	0	0	0	0	0	0	0	0	0	0	0	0	0	0	
Uncinia_uncinata	0	0	0	0	0	0	0	0	0	0	0	0	0	0	0	0	0	0	0	0	0	0	0	0	0	0	0	0	0	0	0	0	0	0	0	0	0	0	0	0	0	0	0	1	0	0	0	0	0	0	0	0	0	0	0	0	0	0	0	0	0	0	
N45	1.92583e-19	4.67609e-19	1.95473e-18	1.01129e-17	5.70316e-17	3.26205e-16	1.81706e-15	9.64673e-15	4.82811e-14	2.26542e-13	9.94024e-13	4.07362e-12	1.55907e-11	5.57889e-11	1.8726e-10	5.93036e-10	1.78809e-09	5.19355e-09	1.47283e-08	4.13058e-08	1.15666e-07	3.2474e-07	9.12522e-07	2.55008e-06	7.0243e-06	1.88939e-05	4.91963e-05	0.000123089	0.000294121	0.000667952	0.00143614	0.00291449	0.00556927	0.0100024	0.0168601	0.0266434	0.0394379	0.0546445	0.0708374	0.0858801	0.0973447	0.103141	0.102137	0.094523	0.0817482	0.066071	0.0499074	0.0352361	0.0232555	0.0143507	0.00828218	0.00447152	0.00225994	0.00107053	0.000476195	0.000200041	8.03077e-05	3.15086e-05	1.26445e-05	5.54049e-06	2.84038e-06	1.91143e-06	
N46	2.41806e-26	9.21281e-25	5.07324e-23	2.53272e-21	1.02255e-19	3.34179e-18	7.53926e-17	1.02294e-15	7.57287e-15	5.09694e-14	6.15407e-13	8.43033e-12	1.04742e-10	9.46769e-10	5.4575e-09	1.91305e-08	4.28852e-08	7.28297e-08	1.14335e-07	2.04085e-07	5.46327e-07	1.80162e-06	5.46046e-06	1.60441e-05	5.87354e-05	0.000271962	0.00123823	0.0048066	0.0152636	0.0391674	0.0807671	0.133466	0.176432	0.186511	0.157815	0.107124	0.0584932	0.0258096	0.00924531	0.00270344	0.000649181	0.000128892	2.12776e-05	2.94399e-06	3.43527e-07	3.40536e-08	2.88791e-09	2.11426e-10	1.34223e-11	7.47641e-13	3.67254e-14	1.60551e-15	6.27998e-17	2.22337e-18	7.09386e-20	2.06934e-21	5.48249e-23	1.32814e-24	2.92327e-26	5.9118e-28	1.082e-29	2.14955e-31	
N47	9.31783e-26	1.30019e-24	3.29095e-23	8.49332e-22	2.0421e-20	4.5119e-19	9.17804e-18	1.70686e-16	2.79829e-15	3.81899e-14	4.1346e-13	3.43115e-12	2.15157e-11	1.03486e-10	4.04034e-10	1.38431e-09	4.41032e-09	1.35029e-08	4.23266e-08	1.49788e-07	6.3221e-07	3.10186e-06	1.64422e-05	8.59332e-05	0.000408905	0.00168419	0.00584653	0.0168785	0.0402309	0.0788259	0.12659	0.166311	0.178555	0.156616	0.11229	0.0658929	0.0317097	0.0125476	0.00409597	0.00110715	0.000248867	4.6757e-05	7.38354e-06	9.90909e-07	1.17074e-07	1.28014e-08	1.60165e-09	3.06942e-10	5.60713e-11	1.20127e-11	2.7031e-12	3.99288e-13	6.29944e-14	1.02794e-14	1.06663e-15	1.31732e-16	1.55409e-17	1.72503e-18	2.41344e-19	5.10718e-20	9.92299e-21	2.45793e-21	
Carex_maritima	0	0	0	0	0	0	0	0	0	0	0	0	0	0	0	0	0	0	0	0	0	0	0	0	0	0	0	0	0	1	0	0	0	0	0	0	0	0	0	0	0	0	0	0	0	0	0	0	0	0	0	0	0	0	0	0	0	0	0	0	0	0	
N48	1.61186e-22	1.00486e-21	1.1995e-20	1.57963e-19	1.95414e-18	2.16573e-17	2.12486e-16	1.84313e-15	1.41492e-14	9.63004e-14	5.87326e-13	3.30544e-12	1.81363e-11	1.0374e-10	6.48821e-10	4.43607e-09	3.18046e-08	2.258e-07	1.50794e-06	9.12629e-06	4.88401e-05	0.000227517	0.000913091	0.00313465	0.00915863	0.0226886	0.0475226	0.0839843	0.125039	0.156676	0.165134	0.146387	0.109182	0.0685674	0.036301	0.0162275	0.00613728	0.00196846	0.000536905	0.000124912	2.48811e-05	4.26535e-06	6.33054e-07	8.27181e-08	9.95798e-09	1.16599e-09	1.5696e-10	2.76275e-11	4.74007e-12	8.92774e-13	1.6705e-13	2.47897e-14	3.64433e-15	5.46085e-16	6.24052e-17	8.29894e-18	1.07441e-18	1.58322e-19	2.46563e-20	4.38761e-21	6.88667e-22	1.38802e-22	
Carex_conferta	0	0	0	0	0	0	0	0	0	0	0	0	0	0	0	0	0	0	0	0	0	0	0	0	0	1	0	0	0	0	0	0	0	0	0	0	0	0	0	0	0	0	0	0	0	0	0	0	0	0	0	0	0	0	0	0	0	0	0	0	0	0	
Carex_cephalophora	0	0	0	0	0	0	0	0	0	0	0	0	0	0	0	0	0	0	0	0	0	0	0	1	0	0	0	0	0	0	0	0	0	0	0	0	0	0	0	0	0	0	0	0	0	0	0	0	0	0	0	0	0	0	0	0	0	0	0	0	0	0	
N49	1.52989e-34	2.43933e-32	5.23633e-30	8.80586e-28	1.0461e-25	1.07636e-23	7.84681e-22	3.33743e-20	6.21831e-19	5.70255e-18	8.83795e-17	1.84783e-15	3.79858e-14	5.89467e-13	5.83964e-12	3.69329e-11	1.60587e-10	5.38808e-10	1.58966e-09	4.53515e-09	1.61748e-08	8.46741e-08	4.76699e-07	2.45032e-06	1.30877e-05	8.09519e-05	0.0004936	0.00252502	0.0101725	0.0316487	0.0755256	0.137824	0.192093	0.204488	0.166452	0.103823	0.0497658	0.0184022	0.0052743	0.00117729	0.000206164	2.86733e-05	3.18512e-06	2.94826e-07	2.50694e-08	1.92157e-09	1.64296e-10	1.74631e-11	1.24355e-12	1.04632e-13	7.7843e-15	4.33706e-16	2.11148e-17	1.28243e-18	4.08724e-20	2.065e-21	6.09743e-23	2.66215e-24	7.38421e-26	3.81818e-27	1.48105e-28	7.9544e-30	
N50	6.6104e-28	9.78853e-27	2.67733e-25	7.58094e-24	1.95514e-22	4.40886e-21	8.54374e-20	1.42195e-18	2.06523e-17	2.61401e-16	2.82339e-15	2.54745e-14	1.89484e-13	1.16427e-12	6.08291e-12	2.86913e-11	1.33396e-10	6.73743e-10	4.0035e-09	2.82886e-08	2.21072e-07	1.72933e-06	1.24891e-05	7.89637e-05	0.000422906	0.0018806	0.00685852	0.0203488	0.0488409	0.0944476	0.146714	0.182713	0.182238	0.145564	0.0931978	0.0479178	0.0198389	0.00663766	0.00180247	0.000399236	7.25523e-05	1.09057e-05	1.3712e-06	1.4922e-07	1.58946e-08	1.92075e-09	3.33139e-10	7.5713e-11	1.35714e-11	2.49117e-12	4.40904e-13	5.60702e-14	7.14552e-15	9.03674e-16	8.11163e-17	8.40104e-18	8.52125e-19	9.92243e-20	1.33844e-20	2.20615e-21	3.13582e-22	5.4987e-23	
Carex_echinata	0	0	0	0	0	0	0	0	0	0	0	0	0	0	0	0	0	0	0	0	0	0	0	0	0	1	0	0	0	0	0	0	0	0	0	0	0	0	0	0	0	0	0	0	0	0	0	0	0	0	0	0	0	0	0	0	0	0	0	0	0	0	
N51	9.70891e-35	5.4022e-33	6.7736e-31	8.21573e-29	9.07261e-27	1.00738e-24	9.02911e-23	2.50673e-21	7.57722e-20	3.18152e-18	1.31758e-16	5.43946e-15	1.60166e-13	2.28026e-12	1.30687e-11	3.13209e-11	4.59929e-11	9.99179e-11	5.10778e-10	3.97155e-09	4.46325e-08	6.51644e-07	9.18656e-06	0.000104139	0.000880365	0.00537249	0.0232662	0.0707739	0.150374	0.222788	0.230599	0.167612	0.0862178	0.0316902	0.00841547	0.00163377	0.000234684	2.52589e-05	2.06342e-06	1.29546e-07	6.35432e-09	2.49291e-10	7.99689e-12	2.23546e-13	5.88483e-15	1.48168e-16	3.73211e-18	9.36822e-20	1.92963e-21	3.81326e-23	6.4943e-25	9.74832e-27	1.30532e-28	2.66739e-30	2.57536e-31	6.01082e-32	1.24214e-32	2.57421e-33	4.55342e-34	7.9836e-35	1.20327e-35	1.89909e-36	
N52	4.3816e-31	1.35955e-29	7.43062e-28	3.68549e-26	1.57137e-24	5.62741e-23	1.66673e-21	4.5094e-20	1.27832e-18	3.49007e-17	8.60028e-16	1.75781e-14	2.5791e-13	2.27637e-12	1.11226e-11	3.6059e-11	1.18037e-10	5.07439e-10	2.76637e-09	2.16192e-08	2.76956e-07	4.36871e-06	6.03474e-05	0.000626277	0.00460446	0.0232141	0.0783006	0.17352	0.250525	0.236455	0.147822	0.0623785	0.0181521	0.00372277	0.00054958	5.95887e-05	4.83598e-06	2.99546e-07	1.45337e-08	5.72875e-10	2.05163e-11	8.61499e-13	4.1388e-14	2.36675e-15	1.36229e-16	5.7932e-18	2.33981e-19	9.0005e-21	2.4502e-22	7.12819e-24	1.82451e-25	4.45809e-27	9.57351e-29	2.6885e-30	5.18715e-32	1.41058e-33	2.59451e-35	6.4306e-37	1.1566e-38	2.65247e-40	4.74823e-42	1.0571e-43	
Carex_pairae	0	0	0	0	0	0	0	0	0	0	0	0	0	0	0	0	0	0	0	0	0	0	0	0	0	0	0	1	0	0	0	0	0	0	0	0	0	0	0	0	0	0	0	0	0	0	0	0	0	0	0	0	0	0	0	0	0	0	0	0	0	0	
Carex_divulsa	0	0	0	0	0	0	0	0	0	0	0	0	0	0	0	0	0	0	0	0	0	0	0	0	0	0	0	1	0	0	0	0	0	0	0	0	0	0	0	0	0	0	0	0	0	0	0	0	0	0	0	0	0	0	0	0	0	0	0	0	0	0	
N53	4.20322e-31	1.96888e-30	1.59834e-29	2.27563e-28	1.10479e-26	7.2751e-25	4.07159e-23	1.99555e-21	9.20215e-20	3.70289e-18	1.18607e-16	2.76728e-15	4.22352e-14	3.7948e-13	1.91743e-12	5.99676e-12	1.58829e-11	5.44509e-11	3.13953e-10	3.07563e-09	4.33503e-08	6.8207e-07	9.65189e-06	0.000108428	0.000908623	0.00550402	0.023684	0.0716408	0.151449	0.223338	0.230151	0.166568	0.0853129	0.0312212	0.00825405	0.00159518	0.0002281	2.44407e-05	1.9952e-06	1.26466e-07	6.65712e-09	6.10806e-10	5.74206e-11	8.93069e-12	2.7723e-12	1.9455e-13	2.36669e-14	4.19191e-15	1.53213e-16	1.83369e-17	1.35906e-18	1.03495e-19	2.50809e-21	8.78095e-22	5.70255e-24	5.0084e-24	2.38337e-26	2.01872e-26	6.90256e-29	5.34704e-29	3.01305e-31	3.45024e-31	
Carex_lamprocarpa	0	0	0	0	0	0	0	0	0	0	0	0	0	0	0	0	0	0	0	0	0	0	0	0	0	0	0	0	1	0	0	0	0	0	0	0	0	0	0	0	0	0	0	0	0	0	0	0	0	0	0	0	0	0	0	0	0	0	0	0	0	0	
Carex_otrubae	0	0	0	0	0	0	0	0	0	0	0	0	0	0	0	0	0	0	0	0	0	0	0	0	0	0	0	0	1	0	0	0	0	0	0	0	0	0	0	0	0	0	0	0	0	0	0	0	0	0	0	0	0	0	0	0	0	0	0	0	0	0	
N54	1.38273e-36	1.13195e-34	1.62322e-32	2.18137e-30	2.42667e-28	2.24435e-26	1.47155e-24	5.35301e-23	1.04832e-21	2.17471e-20	5.97283e-19	1.55074e-17	3.23993e-16	5.04582e-15	5.85433e-14	5.22474e-13	3.59116e-12	1.85723e-11	7.73482e-11	3.28156e-10	1.79597e-09	1.23814e-08	9.94182e-08	8.69721e-07	7.50415e-06	5.82029e-05	0.000379683	0.00199949	0.0082957	0.026732	0.0663618	0.126354	0.184154	0.205387	0.175476	0.11509	0.0581243	0.0226929	0.00688572	0.00163383	0.000307593	4.90376e-05	7.15838e-06	1.36983e-06	4.65475e-07	1.0541e-07	2.76425e-08	7.91925e-09	1.10967e-09	1.91636e-10	3.22132e-11	3.21682e-12	3.34736e-13	4.76806e-14	3.02378e-15	4.51218e-16	2.85666e-17	4.15207e-18	2.33202e-19	3.80558e-20	3.7981e-21	7.61381e-22	
N55	2.51834e-26	2.9695e-25	7.28793e-24	1.83487e-22	4.232e-21	8.74533e-20	1.59108e-18	2.50339e-17	3.47677e-16	4.56126e-15	5.76519e-14	6.73116e-13	6.96935e-12	6.13147e-11	4.33488e-10	2.31787e-09	8.96851e-09	2.51026e-08	5.44732e-08	1.0496e-07	2.10143e-07	4.82432e-07	1.32896e-06	4.58305e-06	1.9788e-05	9.74699e-05	0.000475171	0.00205818	0.007477	0.0221734	0.0529867	0.101326	0.154455	0.187328	0.180761	0.139005	0.0854459	0.0421894	0.0168415	0.00547544	0.00146818	0.00033156	6.44625e-05	1.14965e-05	2.02512e-06	3.5599e-07	6.42696e-08	1.1734e-08	1.83403e-09	2.78995e-10	3.78816e-11	4.6835e-12	5.26863e-13	6.11133e-14	6.13673e-15	6.65251e-16	6.46096e-17	6.35315e-18	5.48759e-19	4.61683e-20	3.36948e-21	3.0167e-22	
Carex_ovalis	0	0	0	0	0	0	0	0	0	0	0	0	0	0	0	0	0	0	0	0	0	0	0	0	0	0	0	0	0	0	0	0	1	0	0	0	0	0	0	0	0	0	0	0	0	0	0	0	0	0	0	0	0	0	0	0	0	0	0	0	0	0	
Carex_xerantica	0	0	0	0	0	0	0	0	0	0	0	0	0	0	0	0	0	0	0	0	0	0	0	0	0	0	0	0	0	0	0	0	0	1	0	0	0	0	0	0	0	0	0	0	0	0	0	0	0	0	0	0	0	0	0	0	0	0	0	0	0	0	
N56	7.77605e-33	1.78356e-31	7.16575e-30	2.96844e-28	1.1142e-26	3.6574e-25	1.03827e-23	2.55363e-22	5.55244e-21	1.08914e-19	1.93165e-18	3.05637e-17	4.21373e-16	4.90851e-15	4.70182e-14	3.671e-13	2.39986e-12	1.41211e-11	8.39682e-11	5.65461e-10	4.5027e-09	4.0296e-08	3.69202e-07	3.1839e-06	2.43081e-05	0.000157714	0.000846273	0.00368749	0.0128844	0.0357823	0.0784973	0.135461	0.183433	0.194722	0.162106	0.106009	0.0546075	0.0222438	0.00720063	0.00186425	0.000389943	6.74576e-05	1.01532e-05	1.5696e-06	3.56076e-07	9.0075e-08	2.77183e-08	1.03215e-08	2.24647e-09	5.66006e-10	1.56545e-10	2.32294e-11	4.12159e-12	8.10487e-13	8.12908e-14	1.29224e-14	1.63375e-15	2.63812e-16	3.52651e-17	1.20281e-17	3.27457e-18	1.408e-18	
Carex_chordorrhiza	0	0	0	0	0	0	0	0	0	0	0	0	0	0	0	0	0	0	0	0	0	0	0	0	0	0	0	0	0	0	1	0	0	0	0	0	0	0	0	0	0	0	0	0	0	0	0	0	0	0	0	0	0	0	0	0	0	0	0	0	0	0	
N57	3.4587e-33	2.90454e-31	4.51728e-29	6.11531e-27	6.74685e-25	6.81994e-23	4.40733e-21	7.26804e-20	5.77482e-19	1.4263e-17	4.66446e-16	1.84489e-14	5.375e-13	8.7209e-12	6.57816e-11	2.12737e-10	3.32068e-10	4.65653e-10	1.36903e-09	5.07281e-09	1.9162e-08	1.07329e-07	1.0182e-06	1.13814e-05	0.000112435	0.00087085	0.00503133	0.0211634	0.0639395	0.137673	0.210544	0.22884	0.177537	0.0990482	0.0401323	0.0119464	0.00264504	0.000441303	5.62211e-05	5.53979e-06	4.28424e-07	2.64656e-08	1.32831e-09	5.62655e-11	2.12367e-12	7.4389e-14	2.59892e-15	9.33137e-17	2.98578e-18	9.28444e-20	2.58434e-21	6.35102e-23	1.40735e-24	3.09611e-26	5.836e-28	1.15217e-29	2.04712e-31	3.58552e-33	5.53336e-35	8.15021e-37	1.02705e-38	1.38783e-40	
Carex_marina	0	0	0	0	0	0	0	0	0	0	0	0	0	0	0	0	0	0	0	0	0	0	0	0	0	0	0	0	0	0	1	0	0	0	0	0	0	0	0	0	0	0	0	0	0	0	0	0	0	0	0	0	0	0	0	0	0	0	0	0	0	0	
N58	6.02441e-33	2.59832e-31	1.97312e-29	1.41287e-27	8.7803e-26	4.6371e-24	2.04891e-22	7.6347e-21	2.53788e-19	7.55792e-18	1.88636e-16	3.6702e-15	5.11621e-14	4.65895e-13	2.61106e-12	9.29411e-12	2.49951e-11	6.73287e-11	2.39437e-10	1.27163e-09	9.62224e-09	9.52622e-08	1.11929e-06	1.32813e-05	0.000134725	0.00105575	0.00608771	0.0252222	0.0741151	0.153352	0.222791	0.227518	0.164096	0.0842408	0.0310957	0.008351	0.00165248	0.000244132	2.72936e-05	2.34009e-06	1.56251e-07	8.4144e-09	3.79666e-10	1.77574e-11	1.74392e-12	1.27052e-13	1.26322e-14	1.74931e-15	8.63882e-17	6.24782e-18	5.20949e-19	1.775e-20	8.23508e-22	5.4755e-23	1.11572e-24	8.65997e-26	2.04727e-27	1.7581e-28	2.87866e-30	3.56384e-31	1.52849e-32	2.76351e-33	
Carex_canescens	0	0	0	0	0	0	0	0	0	0	0	0	0	0	0	0	0	0	0	0	0	0	0	0	0	0	0	1	0	0	0	0	0	0	0	0	0	0	0	0	0	0	0	0	0	0	0	0	0	0	0	0	0	0	0	0	0	0	0	0	0	0	
Carex_lachenalii	0	0	0	0	0	0	0	0	0	0	0	0	0	0	0	0	0	0	0	0	0	0	0	0	0	0	0	0	0	0	1	0	0	0	0	0	0	0	0	0	0	0	0	0	0	0	0	0	0	0	0	0	0	0	0	0	0	0	0	0	0	0	
N59	1.59898e-19	1.58709e-18	2.5654e-17	4.39292e-16	6.83987e-15	9.31715e-14	1.01876e-12	7.7112e-12	4.29093e-11	2.38821e-10	1.50696e-09	1.01974e-08	6.6444e-08	3.6062e-07	1.46871e-06	4.39734e-06	1.03776e-05	2.18092e-05	4.48096e-05	9.30771e-05	0.000196645	0.000417815	0.000895222	0.00200841	0.00479266	0.0115571	0.026064	0.0520191	0.0892794	0.129968	0.159378	0.164082	0.141618	0.102485	0.0622764	0.0318576	0.0137652	0.00504506	0.00157567	0.000421417	9.70216e-05	1.93297e-05	3.34918e-06	5.07383e-07	6.75395e-08	7.9374e-09	8.27675e-10	7.69714e-11	6.41047e-12	4.81072e-13	3.26994e-14	2.02483e-15	1.15038e-16	6.05022e-18	2.95868e-19	1.36201e-20	5.92846e-22	2.45228e-23	9.66078e-25	3.65056e-26	1.33179e-27	5.7438e-29	
N60	1.95883e-11	4.65368e-11	2.26066e-10	1.37601e-09	8.50166e-09	4.95582e-08	2.65842e-07	1.3007e-06	5.78573e-06	2.33644e-05	8.55681e-05	0.000283783	0.000850508	0.0022984	0.00558809	0.0122004	0.0238848	0.0418829	0.065735	0.0923073	0.115956	0.130318	0.131073	0.11804	0.0952395	0.0689026	0.0447374	0.0260942	0.0136881	0.00646537	0.00275285	0.00105811	0.000367649	0.000115628	3.29715e-05	8.54019e-06	2.01177e-06	4.32259e-07	8.49196e-08	1.52958e-08	2.53874e-09	3.91875e-10	5.63859e-11	7.74309e-12	1.02715e-12	1.34328e-13	1.75633e-14	2.3876e-15	3.16882e-16	4.38604e-17	5.89321e-18	7.92972e-19	1.01808e-19	1.32363e-20	1.59107e-21	1.92136e-22	2.15296e-23	2.36427e-24	2.39631e-25	2.37034e-26	2.18271e-27	2.60989e-28	
Carex_livida	0	0	0	0	0	0	0	0	0	0	0	0	0	0	0	1	0	0	0	0	0	0	0	0	0	0	0	0	0	0	0	0	0	0	0	0	0	0	0	0	0	0	0	0	0	0	0	0	0	0	0	0	0	0	0	0	0	0	0	0	0	0	
Carex_panicea	0	0	0	0	0	0	0	0	0	0	0	0	0	0	0	1	0	0	0	0	0	0	0	0	0	0	0	0	0	0	0	0	0	0	0	0	0	0	0	0	0	0	0	0	0	0	0	0	0	0	0	0	0	0	0	0	0	0	0	0	0	0	
N61	4.40103e-26	1.68316e-24	1.22448e-22	8.38665e-21	4.5719e-19	2.18445e-17	8.04732e-16	1.85675e-14	1.86928e-13	1.21381e-12	1.2769e-11	1.70498e-10	2.62131e-09	3.6464e-08	3.74966e-07	2.57245e-06	1.10865e-05	2.98099e-05	5.46956e-05	8.89732e-05	0.000180798	0.00041946	0.000869976	0.00161473	0.00325117	0.00804224	0.0209191	0.0484638	0.093368	0.145951	0.183107	0.18329	0.145887	0.0921641	0.0462073	0.0184067	0.00583556	0.00147809	0.000300354	4.91604e-05	6.52287e-06	7.0841e-07	6.284e-08	4.65764e-09	2.90477e-10	1.53893e-11	7.03325e-13	3.22822e-14	1.15162e-15	5.09953e-17	1.85211e-18	7.58517e-20	2.14121e-21	9.5089e-23	1.94935e-24	7.19916e-26	1.32545e-27	4.00281e-29	6.61062e-31	2.28385e-32	5.83932e-34	2.31263e-35	
N62	6.86638e-21	6.36915e-20	1.02233e-18	1.89863e-17	3.58541e-16	6.43113e-15	1.04889e-13	1.50875e-12	1.87561e-11	1.9876e-10	1.77778e-09	1.32976e-08	8.23861e-08	4.18821e-07	1.73547e-06	5.87165e-06	1.65477e-05	4.08786e-05	9.58963e-05	0.000228829	0.000565901	0.00143663	0.00368525	0.00922744	0.0214582	0.044376	0.0793701	0.120875	0.15535	0.167539	0.151007	0.113417	0.0708377	0.0367499	0.0158325	0.00566818	0.00168894	0.00041987	8.73645e-05	1.52734e-05	2.25469e-06	2.83702e-07	3.0911e-08	3.13525e-09	3.94391e-10	6.55728e-11	1.6168e-11	4.86014e-12	9.6445e-13	2.10801e-13	4.71717e-14	6.84368e-15	1.08582e-15	1.83854e-16	1.95332e-17	2.79484e-18	3.56509e-19	5.64826e-20	9.57288e-21	2.7264e-21	6.65227e-22	2.14993e-22	
Carex_fuliginosa	0	0	0	0	0	0	0	0	0	0	0	0	0	0	0	0	0	0	0	1	0	0	0	0	0	0	0	0	0	0	0	0	0	0	0	0	0	0	0	0	0	0	0	0	0	0	0	0	0	0	0	0	0	0	0	0	0	0	0	0	0	0	
N63	8.8679e-16	3.9459e-15	2.94242e-14	2.52201e-13	2.16358e-12	1.73525e-11	1.2617e-10	8.21487e-10	4.77603e-09	2.48633e-08	1.16748e-07	5.00154e-07	1.98404e-06	7.40308e-06	2.62917e-05	8.91575e-05	0.00028677	0.000863359	0.00239669	0.00605269	0.0137568	0.0279086	0.0502225	0.0797856	0.111482	0.136604	0.146446	0.137093	0.111896	0.0795328	0.0491852	0.0264509	0.0123673	0.00502815	0.00177856	0.00054785	0.00014714	3.45207e-05	7.0938e-06	1.28071e-06	2.04743e-07	2.95789e-08	3.96024e-09	5.45593e-10	9.09884e-11	1.68761e-11	3.68126e-12	8.78068e-13	1.66052e-13	3.35504e-14	6.39073e-15	1.05671e-15	1.66829e-16	2.99577e-17	4.0897e-18	7.40058e-19	1.13036e-19	2.23784e-20	3.90567e-21	8.23926e-22	1.49992e-22	3.72072e-23	
Carex_glacialis	0	0	0	0	0	0	0	0	0	0	0	0	0	0	0	0	1	0	0	0	0	0	0	0	0	0	0	0	0	0	0	0	0	0	0	0	0	0	0	0	0	0	0	0	0	0	0	0	0	0	0	0	0	0	0	0	0	0	0	0	0	0	
N64	8.1803e-11	2.16087e-10	9.98974e-10	5.45509e-09	3.05876e-08	1.65203e-07	8.32322e-07	3.84774e-06	1.61842e-05	6.16647e-05	0.000212334	0.000659634	0.00184568	0.00464292	0.0104805	0.0211912	0.0383222	0.0619066	0.0892507	0.114761	0.131551	0.134405	0.122384	0.099329	0.0718715	0.0463804	0.0267067	0.0137298	0.00630638	0.00259022	0.000952124	0.000313581	9.26459e-05	2.45823e-05	5.86841e-06	1.26352e-06	2.45694e-07	4.34035e-08	7.01264e-09	1.04453e-09	1.4646e-10	2.02081e-11	2.73382e-12	3.98768e-13	6.08031e-14	9.59655e-15	1.48621e-15	2.45237e-16	3.49268e-17	5.36525e-18	7.29191e-19	1.03055e-19	1.28265e-20	1.74623e-21	2.0269e-22	2.61264e-23	2.94877e-24	3.61237e-25	3.92578e-26	4.50392e-27	4.66393e-28	6.56861e-29	
Carex_pilulifera	0	0	0	0	0	0	0	0	1	0	0	0	0	0	0	0	0	0	0	0	0	0	0	0	0	0	0	0	0	0	0	0	0	0	0	0	0	0	0	0	0	0	0	0	0	0	0	0	0	0	0	0	0	0	0	0	0	0	0	0	0	0	
Carex_humilis	0	0	0	0	0	0	0	0	0	0	0	0	0	0	0	0	0	1	0	0	0	0	0	0	0	0	0	0	0	0	0	0	0	0	0	0	0	0	0	0	0	0	0	0	0	0	0	0	0	0	0	0	0	0	0	0	0	0	0	0	0	0	
N65	1.78685e-28	1.68425e-26	1.86505e-24	1.79458e-22	1.02529e-20	7.9016e-19	5.26045e-17	2.26632e-15	3.07716e-14	1.26954e-13	1.28449e-12	1.61113e-11	3.0644e-10	7.08577e-09	1.20738e-07	1.27568e-06	7.56134e-06	2.39392e-05	4.1694e-05	5.05869e-05	8.69893e-05	0.00022813	0.000526721	0.000946354	0.00158794	0.00355547	0.0100894	0.0276374	0.0639713	0.119105	0.174571	0.199307	0.176352	0.120577	0.0637746	0.0262922	0.00842787	0.00219248	0.000509254	0.000104313	2.31052e-05	7.30706e-06	1.24282e-06	3.2628e-07	5.63326e-08	1.01669e-08	1.07146e-09	2.11527e-10	1.4411e-11	2.37646e-12	1.32236e-13	1.73431e-14	7.1691e-16	7.92845e-17	2.52247e-18	2.2429e-19	5.68512e-21	4.07788e-22	8.53836e-24	5.35328e-25	1.51357e-26	1.32575e-27	
Carex_atrofusca	0	0	0	0	0	0	0	0	0	0	0	0	0	0	0	0	0	0	1	0	0	0	0	0	0	0	0	0	0	0	0	0	0	0	0	0	0	0	0	0	0	0	0	0	0	0	0	0	0	0	0	0	0	0	0	0	0	0	0	0	0	0	
N66	4.08337e-35	1.21012e-32	4.41188e-30	1.22396e-27	2.41831e-25	3.62049e-23	3.92185e-21	2.50904e-19	8.06692e-18	1.37583e-16	2.27477e-15	5.97902e-14	1.88765e-12	5.2849e-11	1.08052e-09	1.47383e-08	1.33062e-07	8.06789e-07	3.31474e-06	9.42147e-06	2.0063e-05	3.80031e-05	8.08357e-05	0.000208298	0.000594781	0.00178537	0.00553328	0.0166442	0.0438989	0.0940283	0.157174	0.201513	0.19688	0.146161	0.0826476	0.0360581	0.0121078	0.00336423	0.000927945	0.000226146	6.23888e-05	2.56872e-05	4.21603e-06	1.29088e-06	2.21252e-07	4.45461e-08	3.92419e-09	1.01106e-09	4.96735e-11	1.1222e-11	4.21116e-13	7.3246e-14	1.88466e-15	2.67064e-16	4.96544e-18	5.38228e-19	7.50797e-21	6.19966e-22	6.61103e-24	4.313e-25	5.67735e-27	4.96543e-28	
N67	9.3836e-32	6.84465e-30	7.57604e-28	8.43051e-26	8.32933e-24	7.18062e-22	5.06753e-20	2.55834e-18	8.1362e-17	1.81438e-15	3.98424e-14	9.55446e-13	2.19826e-11	4.20883e-10	5.98278e-09	5.87249e-08	3.84785e-07	1.6835e-06	5.12525e-06	1.18765e-05	2.41153e-05	4.97999e-05	0.000114451	0.000295016	0.00083789	0.00256399	0.00792453	0.0225602	0.0546578	0.107205	0.165746	0.199349	0.185396	0.133063	0.0738093	0.0318043	0.0107643	0.00294556	0.000686721	0.000145038	3.02722e-05	6.40685e-06	1.19909e-06	2.05349e-07	3.21832e-08	4.2161e-09	5.11216e-10	6.8347e-11	6.38554e-12	6.95572e-13	7.76702e-14	5.73455e-15	4.4028e-16	4.5156e-17	2.20988e-18	2.40492e-19	1.23862e-20	1.36657e-21	6.56724e-23	8.48591e-24	7.02898e-25	1.0588e-25	
N68	3.11531e-19	2.13154e-18	2.03827e-17	2.18862e-16	2.41608e-15	2.57522e-14	2.54827e-13	2.28618e-12	1.83285e-11	1.30082e-10	8.12431e-10	4.44983e-09	2.13616e-08	9.01632e-08	3.37757e-07	1.14511e-06	3.6349e-06	1.13075e-05	3.58261e-05	0.000116275	0.000375621	0.00116045	0.0033165	0.00856789	0.0196945	0.0398229	0.0702101	0.107155	0.140718	0.158197	0.151615	0.123473	0.0852587	0.049868	0.0247175	0.0104034	0.00373311	0.00114926	0.000306286	7.15168e-05	1.48626e-05	2.80898e-06	4.94696e-07	8.59563e-08	1.70449e-08	3.92964e-09	1.19842e-09	4.4532e-10	1.29606e-10	4.02029e-11	1.24142e-11	2.81216e-12	6.616e-13	1.6246e-13	2.86606e-14	6.53311e-15	1.43932e-15	4.24659e-16	1.33128e-16	5.43275e-17	1.93339e-17	9.16584e-18	
N69	2.13147e-16	2.52142e-14	3.77538e-12	4.49407e-10	3.99946e-08	2.48469e-06	3.42823e-05	0.000409663	0.00678571	0.0478852	0.18552	0.377314	0.339082	0.0394075	0.00269375	0.000606921	0.000232464	2.4467e-05	1.02885e-06	7.96845e-08	4.80162e-08	2.93383e-08	1.32295e-08	4.1576e-09	8.32452e-10	8.86196e-11	3.10567e-12	5.82317e-14	7.04717e-16	6.06175e-18	3.92721e-20	1.99383e-22	8.15841e-25	2.74886e-27	7.75802e-30	1.86111e-32	3.83487e-35	6.87259e-38	1.08046e-40	1.50477e-43	1.87333e-46	2.11662e-49	2.17499e-52	2.08718e-55	1.8771e-58	1.61699e-61	1.33407e-64	1.08938e-67	8.43514e-71	6.49148e-74	4.72452e-77	3.3448e-80	2.21383e-83	1.42583e-86	8.44058e-90	4.83914e-93	2.55624e-96	1.29446e-99	6.03337e-103	2.69948e-106	1.10586e-109	4.47093e-113	
Carex_capillaris	0	0	0	0	0	0	0	0	1	0	0	0	0	0	0	0	0	0	0	0	0	0	0	0	0	0	0	0	0	0	0	0	0	0	0	0	0	0	0	0	0	0	0	0	0	0	0	0	0	0	0	0	0	0	0	0	0	0	0	0	0	0	
Carex_halleriana	0	0	0	0	0	0	0	0	0	0	0	0	0	0	0	0	0	0	0	0	0	0	0	0	0	1	0	0	0	0	0	0	0	0	0	0	0	0	0	0	0	0	0	0	0	0	0	0	0	0	0	0	0	0	0	0	0	0	0	0	0	0	
Carex_baccans	0	0	0	0	0	0	0	0	0	0	0	0	0	0	0	0	0	0	0	0	0	0	1	0	0	0	0	0	0	0	0	0	0	0	0	0	0	0	0	0	0	0	0	0	0	0	0	0	0	0	0	0	0	0	0	0	0	0	0	0	0	0	
N70	3.85574e-28	1.62483e-26	9.53976e-25	5.37848e-23	2.68186e-21	1.15784e-19	4.1556e-18	1.13444e-16	2.06739e-15	2.55159e-14	3.26434e-13	5.14432e-12	8.0736e-11	1.10668e-09	1.21314e-08	1.00042e-07	5.98292e-07	2.55162e-06	7.82435e-06	1.8013e-05	3.4428e-05	6.469e-05	0.00014003	0.000342929	0.000875864	0.00233853	0.00654493	0.0178666	0.0431552	0.0866879	0.140674	0.182125	0.187158	0.152426	0.0984733	0.050633	0.0208351	0.00694918	0.00194649	0.000481581	0.000128603	5.33242e-05	2.01587e-05	9.50582e-06	4.66181e-06	1.40351e-06	4.40051e-07	1.54193e-07	2.87032e-08	7.8588e-09	1.56089e-09	3.70094e-10	5.56778e-11	1.64028e-11	1.98973e-12	5.43283e-13	5.6659e-14	1.31643e-14	1.21865e-15	2.65297e-16	3.49446e-17	1.036e-17	
Carex_echinochloe	0	0	0	0	0	0	0	0	0	0	0	0	0	0	0	0	0	0	0	0	1	0	0	0	0	0	0	0	0	0	0	0	0	0	0	0	0	0	0	0	0	0	0	0	0	0	0	0	0	0	0	0	0	0	0	0	0	0	0	0	0	0	
N71	2.91567e-31	1.16231e-29	8.83672e-28	6.49667e-26	4.17321e-24	2.27067e-22	9.63582e-21	2.8001e-19	5.3682e-18	8.72729e-17	1.69371e-15	3.6446e-14	7.10975e-13	1.11954e-11	1.31776e-10	1.1012e-09	6.3777e-09	2.57507e-08	7.66468e-08	1.89692e-07	4.67704e-07	1.34352e-06	4.7188e-06	1.88537e-05	7.88868e-05	0.000329981	0.00131203	0.00468253	0.0142994	0.036257	0.0750762	0.125839	0.169964	0.18459	0.161191	0.113415	0.0644957	0.0300016	0.0117986	0.00408809	0.00145029	0.00064044	0.000264882	0.000122453	5.28349e-05	1.7594e-05	5.31917e-06	1.69871e-06	3.56194e-07	9.29268e-08	1.769e-08	3.92054e-09	5.9283e-10	1.22274e-10	1.48301e-11	2.53882e-12	2.55771e-13	3.63348e-14	3.284e-15	4.23464e-16	4.10567e-17	6.29434e-18	
N72	9.7342e-26	1.01617e-24	1.80519e-23	3.70747e-22	7.55776e-21	1.43191e-19	2.45145e-18	3.73956e-17	5.04781e-16	6.0022e-15	6.25199e-14	5.65131e-13	4.38326e-12	2.88783e-11	1.60944e-10	7.63347e-10	3.14956e-09	1.17775e-08	4.23858e-08	1.5679e-07	6.23636e-07	2.67028e-06	1.18673e-05	5.21199e-05	0.000216381	0.000820004	0.0027625	0.00811348	0.0204825	0.044	0.0798642	0.121896	0.155971	0.16704	0.149702	0.112404	0.0709207	0.0378219	0.017237	0.00685046	0.00246857	0.000859963	0.000305323	0.000115529	4.78007e-05	1.87786e-05	7.89233e-06	3.8067e-06	1.40514e-06	5.93835e-07	2.6184e-07	8.07907e-08	2.66995e-08	1.01979e-08	2.41191e-09	9.024e-10	2.48699e-10	1.05679e-10	3.50703e-11	2.10109e-11	1.04341e-11	7.73721e-12	
Carex_pendula	0	0	0	0	0	0	0	0	0	0	0	0	0	0	0	0	0	0	0	0	0	0	0	0	0	0	0	0	0	1	0	0	0	0	0	0	0	0	0	0	0	0	0	0	0	0	0	0	0	0	0	0	0	0	0	0	0	0	0	0	0	0	
N73	8.11575e-23	9.4069e-22	2.22156e-20	5.15535e-19	1.05357e-17	1.85699e-16	2.7429e-15	3.32803e-14	3.20976e-13	2.70768e-12	2.56466e-11	2.39661e-10	1.90231e-09	1.14603e-08	4.83717e-08	1.46622e-07	3.57168e-07	7.53341e-07	1.41948e-06	2.82397e-06	7.45591e-06	2.60788e-05	9.34782e-05	0.000274646	0.000635067	0.00141322	0.00407842	0.0136601	0.040005	0.0912674	0.157801	0.205623	0.201762	0.149212	0.0834291	0.0354858	0.0115834	0.00294052	0.000588796	9.43957e-05	1.23187e-05	1.3344e-06	1.2142e-07	9.56375e-09	6.64025e-10	4.17092e-11	2.4172e-12	1.35039e-13	6.9375e-15	3.50085e-16	1.63406e-17	7.2776e-19	2.96298e-20	1.16651e-21	4.08983e-23	1.38123e-24	4.18423e-26	1.198e-27	3.07291e-29	7.44634e-31	1.60954e-32	3.90023e-34	
Carex_hostiana	0	0	0	0	0	0	0	0	0	0	0	0	0	0	0	0	0	0	0	0	0	0	0	0	0	0	0	1	0	0	0	0	0	0	0	0	0	0	0	0	0	0	0	0	0	0	0	0	0	0	0	0	0	0	0	0	0	0	0	0	0	0	
Carex_viridula	0	0	0	0	0	0	0	0	0	0	0	0	0	0	0	0	0	0	0	0	0	0	0	0	0	0	0	0	0	0	0	0	0	0	1	0	0	0	0	0	0	0	0	0	0	0	0	0	0	0	0	0	0	0	0	0	0	0	0	0	0	0	
N74	2.26842e-30	8.0346e-29	4.89306e-27	2.61836e-25	1.15997e-23	4.21434e-22	1.2394e-20	2.88274e-19	5.35197e-18	8.27548e-17	1.17839e-15	1.67491e-14	2.27448e-13	2.70812e-12	2.68079e-11	2.14948e-10	1.39476e-09	7.49912e-09	3.4773e-08	1.43763e-07	5.40157e-07	1.87543e-06	6.24144e-06	2.10061e-05	7.39609e-05	0.000267132	0.00094278	0.00310751	0.0091992	0.0236714	0.0516113	0.0937353	0.140382	0.172449	0.173387	0.142687	0.0962748	0.0534744	0.0246384	0.00953073	0.00317816	0.000962396	0.000276402	8.26575e-05	2.68722e-05	8.10211e-06	2.44892e-06	7.43201e-07	1.72136e-07	4.13623e-08	8.93655e-09	1.66761e-09	2.78986e-10	5.35264e-11	7.23988e-12	1.29852e-12	1.74291e-13	3.0334e-14	4.1978e-15	7.09165e-16	9.71102e-17	1.77163e-17	
N75	1.83292e-24	1.23745e-23	1.66604e-22	2.58269e-21	3.92822e-20	5.58935e-19	7.33369e-18	8.81613e-17	9.69896e-16	9.81559e-15	9.24096e-14	8.14356e-13	6.68141e-12	5.02515e-11	3.39465e-10	2.01479e-09	1.02995e-08	4.47613e-08	1.65414e-07	5.28847e-07	1.51703e-06	4.09373e-06	1.08678e-05	2.92163e-05	8.05352e-05	0.000227337	0.000647564	0.00181291	0.0048245	0.0118134	0.0259077	0.0499103	0.0833952	0.119933	0.147825	0.15586	0.140505	0.108408	0.0717812	0.0409315	0.020319	0.00901775	0.00368418	0.0015423	0.000742976	0.000374084	0.000203731	0.000114982	5.18394e-05	2.40637e-05	1.01112e-05	3.80903e-06	1.30976e-06	4.99806e-07	1.49307e-07	5.5366e-08	1.73516e-08	6.47048e-09	2.07766e-09	7.39273e-10	2.30746e-10	9.7246e-11	
Carex_punctata	0	0	0	0	0	0	0	0	0	0	0	0	0	0	0	0	0	0	0	0	0	0	0	0	0	0	0	0	0	0	0	0	0	1	0	0	0	0	0	0	0	0	0	0	0	0	0	0	0	0	0	0	0	0	0	0	0	0	0	0	0	0	
Carex_hochstetteriana	0	0	0	0	0	0	0	0	0	0	0	0	0	0	0	0	0	0	0	0	0	0	0	0	0	0	0	0	0	0	0	0	0	0	0	0	0	1	0	0	0	0	0	0	0	0	0	0	0	0	0	0	0	0	0	0	0	0	0	0	0	0	
N76	2.24356e-27	4.11474e-26	1.50399e-24	6.00026e-23	2.24014e-21	7.54119e-20	2.10244e-18	4.22462e-17	5.60193e-16	6.25928e-15	8.2054e-14	1.13884e-12	1.46201e-11	1.59362e-10	1.38101e-09	9.15722e-09	4.58401e-08	1.74818e-07	5.30935e-07	1.42052e-06	3.9618e-06	1.28213e-05	4.61222e-05	0.000169753	0.000607406	0.00203468	0.00614153	0.0162077	0.036648	0.070125	0.112708	0.15147	0.169755	0.158431	0.123089	0.0796504	0.0429892	0.0193984	0.00734443	0.002345	0.000636153	0.000148241	3.01134e-05	5.45165e-06	9.05506e-07	1.40934e-07	2.12072e-08	3.16673e-09	4.46343e-10	6.27888e-11	8.83416e-12	1.09951e-12	1.35306e-13	1.68978e-14	1.71033e-15	1.9124e-16	2.12409e-17	2.51615e-18	3.1309e-19	4.16895e-20	4.88108e-21	7.00803e-22	
Carex_comans	0	0	0	0	0	0	0	0	0	0	0	0	0	0	0	0	0	0	0	1	0	0	0	0	0	0	0	0	0	0	0	0	0	0	0	0	0	0	0	0	0	0	0	0	0	0	0	0	0	0	0	0	0	0	0	0	0	0	0	0	0	0	
N77	2.1392e-25	2.29117e-24	4.55377e-23	9.98826e-22	2.07373e-20	3.8893e-19	6.49253e-18	9.59475e-17	1.25793e-15	1.47316e-14	1.54997e-13	1.46039e-12	1.21909e-11	8.89908e-11	5.62499e-10	3.0732e-09	1.46921e-08	6.30825e-08	2.51394e-07	9.54227e-07	3.50667e-06	1.26429e-05	4.52807e-05	0.000161141	0.000558506	0.00182318	0.00541254	0.0142027	0.032269	0.0626117	0.10284	0.142223	0.16511	0.160668	0.131013	0.0895838	0.0514298	0.0248555	0.0101643	0.00353156	0.00106372	0.000296989	7.78509e-05	2.45208e-05	1.06669e-05	3.83572e-06	1.55051e-06	7.28828e-07	1.96755e-07	7.22635e-08	2.17267e-08	6.27531e-09	1.39243e-09	4.99509e-10	8.5275e-11	2.94778e-11	4.71696e-12	1.50124e-12	2.32219e-13	8.04097e-14	1.9899e-14	9.79095e-15	
Carex_extensa	0	0	0	0	0	0	0	0	0	0	0	0	0	0	0	0	0	0	0	0	0	0	0	0	0	0	0	0	0	1	0	0	0	0	0	0	0	0	0	0	0	0	0	0	0	0	0	0	0	0	0	0	0	0	0	0	0	0	0	0	0	0	
Carex_distans	0	0	0	0	0	0	0	0	0	0	0	0	0	0	0	0	0	0	0	0	0	0	0	0	0	0	0	0	0	0	0	0	0	0	1	0	0	0	0	0	0	0	0	0	0	0	0	0	0	0	0	0	0	0	0	0	0	0	0	0	0	0	
N78	1.14874e-32	7.28403e-31	7.77843e-29	7.62763e-27	6.24363e-25	4.20756e-23	2.26957e-21	9.07479e-20	2.48534e-18	4.66054e-17	7.85599e-16	1.5285e-14	2.98247e-13	4.97699e-12	6.55127e-11	6.49773e-10	4.8028e-09	2.69531e-08	1.19698e-07	4.39939e-07	1.39698e-06	4.07732e-06	1.2244e-05	4.11869e-05	0.00015049	0.000554201	0.00196099	0.00641022	0.0184191	0.0445594	0.0882294	0.140819	0.179892	0.183473	0.149476	0.0976098	0.0513851	0.0222067	0.00838571	0.00303734	0.00138042	0.000919221	0.000503789	0.000299423	0.000167873	6.48662e-05	2.41909e-05	9.48327e-06	2.31557e-06	7.50754e-07	1.79705e-07	5.32975e-08	1.04228e-08	3.17873e-09	5.08431e-10	1.30858e-10	1.72793e-11	3.63277e-12	4.19903e-13	7.91141e-14	1.04507e-14	2.49587e-15	
N79	1.48451e-22	9.56861e-22	1.02237e-20	1.28393e-19	1.6449e-18	2.0024e-17	2.2452e-16	2.28761e-15	2.10595e-14	1.746e-13	1.30034e-12	8.67626e-12	5.1823e-11	2.77889e-10	1.35007e-09	6.03924e-09	2.54592e-08	1.03858e-07	4.19615e-07	1.6983e-06	6.853e-06	2.70787e-05	0.000102287	0.000360787	0.00116479	0.0033882	0.00877179	0.0200205	0.0399854	0.069482	0.104592	0.135962	0.152323	0.146936	0.122061	0.0874496	0.0542101	0.0292612	0.0139188	0.00596245	0.00239016	0.00094735	0.000386443	0.000164905	7.22496e-05	3.02148e-05	1.23889e-05	5.11322e-06	1.87571e-06	7.16437e-07	2.75733e-07	9.21847e-08	3.0861e-08	1.14089e-08	3.29053e-09	1.25762e-09	4.34321e-10	1.96278e-10	8.17052e-11	4.07989e-11	1.80647e-11	1.06703e-11	
Carex_scirpoidea	0	0	0	0	0	0	0	0	0	0	0	0	0	0	0	0	0	0	0	0	0	0	0	0	0	0	0	0	0	0	1	0	0	0	0	0	0	0	0	0	0	0	0	0	0	0	0	0	0	0	0	0	0	0	0	0	0	0	0	0	0	0	
Carex_debilis	0	0	0	0	0	0	0	0	0	0	0	0	0	0	0	0	0	0	0	0	0	0	0	0	0	0	1	0	0	0	0	0	0	0	0	0	0	0	0	0	0	0	0	0	0	0	0	0	0	0	0	0	0	0	0	0	0	0	0	0	0	0	
N80	2.34237e-28	3.88509e-27	1.21514e-25	3.86564e-24	1.11121e-22	2.81214e-21	6.19614e-20	1.17613e-18	1.93291e-17	2.83979e-16	3.87721e-15	4.9397e-14	5.75951e-13	6.00129e-12	5.44789e-11	4.19312e-10	2.67199e-09	1.39017e-08	5.93338e-08	2.14033e-07	6.93456e-07	2.18528e-06	7.17064e-06	2.50254e-05	9.07566e-05	0.000328145	0.0011329	0.00359492	0.0101536	0.0248997	0.0520658	0.0916864	0.134892	0.165029	0.167536	0.141142	0.0988781	0.0579407	0.0288028	0.0124595	0.00502775	0.0021686	0.00100894	0.00054308	0.000315341	0.000148732	6.95858e-05	3.29353e-05	1.10786e-05	4.16361e-06	1.38486e-06	4.28961e-07	1.14671e-07	4.05452e-08	9.14594e-09	3.11012e-09	6.65405e-10	2.09685e-10	4.5137e-11	1.40537e-11	3.47886e-12	1.32115e-12	
N81	1.75542e-22	1.59751e-21	2.93452e-20	5.56443e-19	9.53974e-18	1.44296e-16	1.9306e-15	2.21816e-14	2.06426e-13	1.44477e-12	8.09221e-12	4.74002e-11	3.22075e-10	2.29415e-09	1.61508e-08	1.08033e-07	6.54881e-07	3.41456e-06	1.45745e-05	4.91118e-05	0.00012882	0.000267555	0.000469398	0.000778253	0.00134284	0.00236843	0.00400002	0.0064906	0.0109076	0.0199896	0.0376319	0.066178	0.102553	0.136656	0.155271	0.15005	0.123258	0.0861681	0.0513698	0.0261804	0.0114714	0.00436264	0.00144973	0.000431929	0.00011829	3.03749e-05	7.55055e-06	1.88623e-06	4.35029e-07	1.00418e-07	2.14551e-08	4.33947e-09	8.06677e-10	1.505e-10	2.4754e-11	4.12881e-12	6.17858e-13	8.96638e-14	1.15492e-14	1.42108e-15	1.55597e-16	2.15309e-17	
Carex_grayi	0	0	0	0	0	0	0	0	0	0	0	0	0	0	0	0	0	0	0	0	0	0	0	0	0	1	0	0	0	0	0	0	0	0	0	0	0	0	0	0	0	0	0	0	0	0	0	0	0	0	0	0	0	0	0	0	0	0	0	0	0	0	
N82	8.19359e-25	7.65696e-24	1.51376e-22	3.08452e-21	5.74459e-20	9.62377e-19	1.44371e-17	1.89786e-16	2.12102e-15	2.02105e-14	1.83088e-13	1.74674e-12	1.70739e-11	1.59809e-10	1.36433e-09	1.01272e-08	6.18092e-08	2.92595e-07	1.02258e-06	2.57914e-06	4.81053e-06	7.21345e-06	9.94836e-06	1.42325e-05	2.19786e-05	3.56724e-05	6.12213e-05	0.000121148	0.000299599	0.000907437	0.0029625	0.00909094	0.0241563	0.0535436	0.0974866	0.144846	0.175008	0.172057	0.138114	0.0908414	0.0498549	0.0237895	0.00992667	0.00408487	0.00169755	0.000669708	0.000249698	9.58004e-05	2.73374e-05	8.36069e-06	2.04496e-06	4.96956e-07	9.52183e-08	2.06164e-08	3.19216e-09	5.89289e-10	8.17499e-11	1.34613e-11	1.77637e-12	2.69397e-13	3.40654e-14	5.89581e-15	
Carex_saxatilis	0	0	0	0	0	0	0	0	0	0	0	0	0	0	0	0	0	0	0	0	0	0	0	0	0	0	0	0	0	0	0	0	0	0	0	0	0	0	1	0	0	0	0	0	0	0	0	0	0	0	0	0	0	0	0	0	0	0	0	0	0	0	
N83	1.46901e-46	5.92775e-43	2.3958e-39	6.77423e-36	1.96104e-33	2.09575e-31	5.32192e-29	9.62178e-26	1.0462e-22	4.11286e-23	8.76073e-24	3.02409e-21	1.83264e-20	2.44816e-22	1.09766e-20	1.44855e-17	1.24329e-14	5.87688e-12	1.36303e-10	2.02292e-12	1.32728e-14	9.03554e-16	1.12952e-13	3.90962e-11	2.76379e-09	1.59364e-10	1.75962e-12	7.78104e-15	2.13662e-17	4.71555e-19	5.78249e-17	9.62365e-14	1.10686e-10	8.11266e-08	3.41158e-05	0.00687555	0.447824	0.533548	0.0116361	8.21848e-05	2.79247e-07	5.47761e-10	6.90407e-13	6.02313e-16	3.8468e-19	1.87872e-22	7.33924e-26	2.40596e-29	6.74238e-33	1.72236e-36	4.09187e-40	8.8765e-44	1.81346e-47	3.61924e-51	6.35368e-55	1.11777e-58	1.81696e-62	2.77559e-66	3.83749e-70	4.93596e-74	5.46936e-78	5.58309e-82	
Carex_membranacea	0	0	0	0	0	0	0	0	0	0	0	0	0	0	0	0	0	0	0	0	0	0	0	0	0	0	0	0	0	0	0	0	0	0	0	0	0	1	0	0	0	0	0	0	0	0	0	0	0	0	0	0	0	0	0	0	0	0	0	0	0	0	
Carex_rostrata	0	0	0	0	0	0	0	0	0	0	0	0	0	0	0	0	0	0	0	0	0	0	0	0	0	0	0	0	0	0	0	0	0	0	0	0	1	0	0	0	0	0	0	0	0	0	0	0	0	0	0	0	0	0	0	0	0	0	0	0	0	0	
N84	9.58252e-28	2.12921e-26	9.32567e-25	3.82074e-23	1.34056e-21	3.90227e-20	9.19775e-19	1.78743e-17	2.99793e-16	4.14952e-15	4.90555e-14	5.58021e-13	5.94371e-12	5.368e-11	3.92245e-10	2.32503e-09	1.19243e-08	5.8166e-08	2.76146e-07	1.18441e-06	4.2858e-06	1.2957e-05	3.43789e-05	8.68598e-05	0.000220132	0.000549571	0.00131772	0.00310133	0.0073709	0.0172903	0.0374902	0.0710246	0.113982	0.152828	0.170292	0.157443	0.120793	0.077042	0.0409767	0.0182505	0.00686302	0.00220848	0.000615943	0.000153936	3.57059e-05	7.77932e-06	1.64355e-06	3.43985e-07	6.40008e-08	1.16472e-08	1.92411e-09	2.90113e-10	3.96276e-11	5.50218e-12	6.50744e-13	8.23666e-14	9.31083e-15	1.06289e-15	1.06528e-16	1.03667e-17	8.68989e-19	8.87978e-20	
N85	2.09484e-24	1.87619e-23	3.21936e-22	6.19944e-21	1.1475e-19	1.94455e-18	2.96555e-17	4.03993e-16	4.89456e-15	5.22903e-14	4.86143e-13	3.87934e-12	2.63989e-11	1.54164e-10	7.90319e-10	3.67511e-09	1.60533e-08	6.7612e-08	2.77294e-07	1.10021e-06	4.18044e-06	1.51873e-05	5.30437e-05	0.000178733	0.00057785	0.00176589	0.00499172	0.0127386	0.0286929	0.0560284	0.0936599	0.132962	0.159552	0.161446	0.137628	0.0988596	0.0598958	0.030663	0.0132983	0.00490297	0.00154396	0.000417832	9.79551e-05	2.0105e-05	3.66193e-06	6.00814e-07	9.0489e-08	1.28178e-08	1.7202e-09	2.28922e-10	3.24272e-11	4.47748e-12	6.90367e-13	1.2101e-13	1.68756e-14	2.61696e-15	4.21568e-16	5.93299e-17	1.06456e-17	2.33853e-18	4.96066e-19	1.37092e-19	
Carex_rariflora	0	0	0	0	0	0	0	0	0	0	0	0	0	0	0	0	0	0	0	0	0	0	0	0	0	1	0	0	0	0	0	0	0	0	0	0	0	0	0	0	0	0	0	0	0	0	0	0	0	0	0	0	0	0	0	0	0	0	0	0	0	0	
Carex_magellanica	0	0	0	0	0	0	0	0	0	0	0	0	0	0	0	0	0	0	0	0	0	0	0	0	0	0	0	0	1	0	0	0	0	0	0	0	0	0	0	0	0	0	0	0	0	0	0	0	0	0	0	0	0	0	0	0	0	0	0	0	0	0	
N86	2.11164e-26	2.66505e-25	6.78047e-24	1.73936e-22	4.03109e-21	8.30064e-20	1.52312e-18	2.42751e-17	3.20706e-16	3.27681e-15	2.68767e-14	2.31793e-13	2.31335e-12	2.3533e-11	2.24052e-10	1.85376e-09	1.24193e-08	6.40684e-08	2.46786e-07	7.06494e-07	1.5608e-06	2.89496e-06	5.14439e-06	1.03014e-05	2.53552e-05	6.86925e-05	0.000173074	0.000374434	0.000723355	0.00150853	0.00394228	0.0112673	0.0291992	0.0632274	0.111599	0.159299	0.183271	0.169819	0.126918	0.0766937	0.0378879	0.0156909	0.00555478	0.00183486	0.000611813	0.00019773	6.37876e-05	2.06249e-05	5.23163e-06	1.32981e-06	2.87964e-07	5.69787e-08	9.63234e-09	1.74191e-09	2.42971e-10	3.90024e-11	5.14767e-12	7.55759e-13	9.34562e-14	1.21649e-14	1.33344e-15	1.87729e-16	
Carex_shimidzensis	0	0	0	0	0	0	0	0	0	0	0	0	0	0	0	0	0	0	0	0	0	0	0	0	0	0	0	0	0	0	0	0	0	1	0	0	0	0	0	0	0	0	0	0	0	0	0	0	0	0	0	0	0	0	0	0	0	0	0	0	0	0	
N87	1.48905e-39	5.44543e-37	2.42493e-34	8.21537e-32	1.56836e-29	5.71722e-28	1.01642e-25	1.79334e-23	1.95176e-21	4.01505e-20	3.21943e-20	1.22636e-19	1.85115e-18	7.51337e-18	1.474e-16	1.32033e-14	9.56419e-13	3.77756e-11	5.89299e-10	2.62375e-09	2.99656e-09	1.14972e-09	4.34845e-10	1.45035e-09	1.19878e-08	5.14795e-08	9.08237e-08	7.14624e-08	3.01637e-08	1.71832e-08	7.79357e-08	1.55085e-06	2.97762e-05	0.00040617	0.00372811	0.0222933	0.0843832	0.197175	0.279426	0.2387	0.124054	0.0401547	0.00834714	0.00117158	0.000119016	9.25467e-06	6.164e-07	3.81181e-08	1.87405e-09	8.34269e-11	3.08447e-12	8.83042e-14	2.1122e-15	4.70935e-17	7.78903e-19	1.35478e-20	2.01158e-22	3.03387e-24	3.94339e-26	4.96916e-28	5.03205e-30	5.07903e-32	
N88	1.07162e-43	2.65634e-41	8.18743e-39	1.97883e-36	3.10484e-34	3.05948e-32	5.44198e-30	9.4929e-28	1.12563e-25	3.00477e-24	1.04758e-23	1.77906e-22	3.55519e-21	2.52616e-20	1.14327e-18	8.47432e-17	4.32478e-15	1.19181e-13	1.22683e-12	2.94461e-12	2.10692e-12	8.99112e-13	1.37155e-12	6.81022e-12	3.12637e-11	8.99367e-11	1.30236e-10	1.17165e-10	8.38753e-11	1.17312e-10	1.45079e-09	3.18132e-08	1.08483e-06	3.28803e-05	0.00065391	0.00773529	0.0510089	0.177002	0.311786	0.279802	0.13209	0.0342712	0.00512538	0.000463628	2.65817e-05	1.01008e-06	2.66326e-08	5.29585e-10	9.83895e-12	3.00138e-13	1.77966e-14	7.18376e-16	2.76894e-17	1.03428e-18	2.14243e-20	4.39349e-22	8.69851e-24	1.01118e-25	1.4282e-27	2.52065e-29	4.57186e-31	9.88433e-33	
Carex_nigra	0	0	0	0	0	0	0	0	0	0	0	0	0	0	0	0	0	0	0	0	0	0	0	0	0	0	0	0	0	0	0	0	0	0	0	0	0	0	0	0	1	0	0	0	0	0	0	0	0	0	0	0	0	0	0	0	0	0	0	0	0	0	
N89	6.49229e-50	4.31785e-47	3.20364e-44	1.78122e-41	5.59352e-39	1.02051e-36	2.92751e-34	7.4793e-32	1.10959e-29	2.24609e-28	8.86427e-28	3.8335e-26	1.2663e-24	1.30846e-23	1.17885e-21	1.3463e-19	9.21614e-18	2.976e-16	2.73097e-15	3.89947e-15	1.49532e-15	4.14699e-16	1.09308e-15	1.06784e-14	7.71709e-14	2.27364e-13	2.55192e-13	1.41671e-13	7.79862e-14	4.62171e-13	5.16771e-11	6.1215e-09	4.96906e-07	2.49104e-05	0.000714906	0.0108455	0.079587	0.259261	0.358996	0.218412	0.0624244	0.00900176	0.000700345	3.12431e-05	8.43963e-07	1.44878e-08	1.64993e-10	1.29839e-12	7.42408e-15	3.5584e-17	3.35855e-19	7.06356e-21	1.84947e-22	6.39588e-24	1.00499e-25	1.53338e-27	2.7745e-29	2.18723e-31	1.98418e-33	2.31069e-35	2.33411e-37	3.91958e-39	
Carex_aquatilis_var_minor	0	0	0	0	0	0	0	0	0	0	0	0	0	0	0	0	0	0	0	0	0	0	0	0	0	0	0	0	0	0	0	0	0	0	0	0	0	1	0	0	0	0	0	0	0	0	0	0	0	0	0	0	0	0	0	0	0	0	0	0	0	0	
N90	1.03424e-53	7.53645e-51	6.37178e-48	4.23948e-45	1.86074e-42	7.00594e-40	2.5347e-37	7.19442e-35	1.09098e-32	1.95563e-31	1.36669e-30	6.03292e-29	1.71003e-27	4.8841e-26	5.91334e-24	5.91728e-22	3.39173e-20	8.73735e-19	5.77202e-18	5.41932e-18	1.62283e-18	5.96956e-19	2.65133e-18	3.5474e-17	3.12546e-16	1.35803e-15	3.64698e-15	5.68813e-15	7.73303e-15	1.53421e-13	2.8651e-11	4.67886e-09	4.89097e-07	3.0223e-05	0.00101811	0.0169138	0.12274	0.343368	0.349415	0.139891	0.0244669	0.00206249	9.13714e-05	2.29218e-06	3.47008e-08	3.34559e-10	2.15009e-12	9.6102e-15	3.32952e-17	2.16613e-19	1.07816e-20	3.3982e-22	9.03336e-24	3.1917e-25	4.67657e-27	6.43751e-29	1.09644e-30	7.22471e-33	5.5229e-35	5.25557e-37	4.37498e-39	7.61231e-41	
Carex_aquatilis_var_aquatilis	0	0	0	0	0	0	0	0	0	0	0	0	0	0	0	0	0	0	0	0	0	0	0	0	0	0	0	0	0	0	0	0	0	0	0	0	0	1	0	0	0	0	0	0	0	0	0	0	0	0	0	0	0	0	0	0	0	0	0	0	0	0	
N91	3.55778e-62	2.66486e-58	1.81258e-54	8.84437e-51	2.2399e-47	1.58631e-45	7.13144e-43	1.3283e-39	1.23449e-36	2.0874e-35	1.33124e-35	2.18302e-33	1.35032e-31	1.79738e-31	4.90233e-30	2.84163e-27	9.1752e-25	1.03096e-22	1.21363e-21	4.19689e-22	8.51704e-23	7.21669e-23	1.08105e-20	2.5457e-18	1.41376e-16	7.06571e-16	5.36351e-16	1.42265e-16	1.70504e-16	5.42221e-16	2.80109e-13	1.80819e-10	6.63201e-08	1.24458e-05	0.00103548	0.0310398	0.252841	0.499706	0.194114	0.0204755	0.000763475	1.21084e-05	9.3534e-08	3.90092e-10	9.51764e-13	1.44794e-15	1.44734e-18	1.01984e-21	7.63216e-25	2.19663e-27	1.69498e-29	6.84247e-32	2.38109e-34	8.94587e-37	1.6218e-39	2.73139e-42	4.67602e-45	3.72938e-48	3.42365e-51	1.54839e-53	2.46678e-54	1.06367e-54	
Carex_paleacea	0	0	0	0	0	0	0	0	0	0	0	0	0	0	0	0	0	0	0	0	0	0	0	0	0	0	0	0	0	0	0	0	0	0	0	1	0	0	0	0	0	0	0	0	0	0	0	0	0	0	0	0	0	0	0	0	0	0	0	0	0	0	
N92	3.09405e-58	6.21805e-57	8.79796e-56	1.57966e-54	7.93326e-52	7.12311e-49	5.68022e-46	2.83279e-43	5.87034e-41	1.1955e-39	7.44305e-39	5.51788e-37	3.38712e-35	1.61373e-33	5.56955e-31	1.59103e-28	2.14403e-26	9.72894e-25	6.70661e-24	6.02232e-24	1.00168e-23	2.19603e-23	3.86569e-22	3.14748e-20	9.46717e-19	4.36136e-18	8.29488e-18	1.92094e-17	3.456e-17	2.05917e-16	9.72e-14	7.16131e-11	3.08671e-08	6.83756e-06	0.000673495	0.0240014	0.234504	0.520107	0.200316	0.0197185	0.000662228	9.27338e-06	6.26254e-08	2.27473e-10	4.83318e-13	6.4701e-16	8.81813e-19	8.71993e-20	6.64824e-21	1.61731e-22	1.7282e-23	4.28808e-25	4.659e-27	1.61913e-28	8.84006e-31	5.19721e-33	4.12806e-35	5.45913e-38	2.00899e-40	4.68916e-43	2.59746e-45	1.44288e-46	
Carex_aquatilis	0	0	0	0	0	0	0	0	0	0	0	0	0	0	0	0	0	0	0	0	0	0	0	0	0	0	0	0	0	0	0	0	0	0	0	0	0	1	0	0	0	0	0	0	0	0	0	0	0	0	0	0	0	0	0	0	0	0	0	0	0	0	
Carex_recta	0	0	0	0	0	0	0	0	0	0	0	0	0	0	0	0	0	0	0	0	0	0	0	0	0	0	0	0	0	0	0	0	0	0	0	0	0	1	0	0	0	0	0	0	0	0	0	0	0	0	0	0	0	0	0	0	0	0	0	0	0	0	
N93	5.58687e-39	5.01779e-37	6.83642e-35	7.85846e-33	7.01403e-31	4.73153e-29	2.34111e-27	7.79514e-26	1.52305e-24	1.6502e-23	1.71178e-22	3.59285e-21	1.28994e-19	5.60639e-18	2.32293e-16	7.60843e-15	1.69247e-13	2.21188e-12	1.45879e-11	4.32242e-11	5.9065e-11	5.24225e-11	6.2912e-11	1.54624e-10	4.92416e-10	1.27143e-09	2.22791e-09	3.16089e-09	4.72124e-09	1.15228e-08	1.04628e-07	1.95495e-06	3.48328e-05	0.000454328	0.00401795	0.0232386	0.0855394	0.196044	0.275738	0.237054	0.125611	0.0418337	0.008997	0.00129474	0.000130136	9.55116e-06	5.41458e-07	2.55843e-08	1.12139e-09	7.1357e-11	1.80544e-11	2.8473e-12	4.28796e-13	9.91851e-14	8.00063e-15	7.09692e-16	8.46227e-17	3.38661e-18	1.86196e-19	1.3145e-20	9.14646e-22	2.05104e-22	
Carex_kiotensis	0	0	0	0	0	0	0	0	0	0	0	0	0	0	0	0	0	0	0	0	0	0	0	0	0	0	0	0	0	0	0	0	0	0	0	0	1	0	0	0	0	0	0	0	0	0	0	0	0	0	0	0	0	0	0	0	0	0	0	0	0	0	
Carex_heterolepis	0	0	0	0	0	0	0	0	0	0	0	0	0	0	0	0	0	0	0	0	0	0	0	0	0	0	0	0	0	0	0	0	0	0	0	0	0	0	0	1	0	0	0	0	0	0	0	0	0	0	0	0	0	0	0	0	0	0	0	0	0	0	
