NODE	1	2	3	4	5	6	7	8	9	10	11	12	13	14	15	16	17	18	19	20	21	22	23	24	25	26	27	28	29	30	31	32	33	34	35	36	37	38	39	40	41	42	43	44	45	46	47	48	49	50	51	52	53	54	55	56	57	58	59	60	61	62	63	64	65	66	67	68	69	70	
N1	0.119117	0.12069	0.122244	0.121486	0.116307	0.105662	0.0900539	0.0714065	0.0523504	0.0353115	0.0218254	0.0123175	0.00632696	0.00294872	0.00124285	0.000475008	0.000164347	5.14066e-05	1.45218e-05	3.70181e-06	8.51033e-07	1.76372e-07	3.29412e-08	5.54368e-09	8.40569e-10	1.14834e-10	1.41361e-11	1.56829e-12	1.39321e-16	4.18438e-17	1.19404e-17	3.24086e-18	8.3558e-19	2.04698e-19	4.76602e-20	1.05498e-20	2.22086e-21	4.44759e-22	8.47639e-23	1.53794e-23	2.6575e-24	4.37507e-25	6.8651e-26	1.02716e-26	1.46602e-27	1.9968e-28	2.59663e-29	3.22519e-30	3.82798e-31	4.34405e-32	4.71917e-33	4.90504e-34	4.88003e-35	4.64942e-36	4.24395e-37	3.71304e-38	3.11512e-39	2.50725e-40	1.93685e-41	1.43669e-42	1.02373e-43	7.01072e-45	4.61615e-46	2.92368e-47	1.782e-48	1.04576e-49	5.91437e-51	3.23661e-52	1.77202e-53	1.38592e-54	
N2	0.0498511	0.0566571	0.0647307	0.0740215	0.0822033	0.0888564	0.0914084	0.0904856	0.0845538	0.075875	0.0640557	0.0520541	0.0396976	0.0293023	0.020244	0.0137261	0.00872969	0.00554886	0.00331478	0.00203424	0.00116332	0.000687907	0.000374188	0.000211113	0.000107599	5.66964e-05	2.6611e-05	1.28872e-05	5.49365e-06	2.42281e-06	9.37141e-07	3.7961e-07	1.34516e-07	5.08231e-08	1.7151e-08	6.36973e-09	2.18656e-09	8.3426e-10	3.02572e-10	1.0808e-10	3.41682e-11	1.04957e-11	2.90433e-12	7.77826e-13	1.88922e-13	4.44238e-14	9.53318e-15	1.98827e-15	3.78227e-16	7.04272e-17	1.19988e-17	2.02311e-18	3.0971e-19	4.77492e-20	6.68548e-21	9.67883e-22	1.25978e-22	1.7423e-23	2.16314e-24	2.92754e-25	3.51908e-26	4.73003e-27	5.87946e-28	8.51593e-29	1.21874e-29	2.02296e-30	3.41511e-31	6.19895e-32	1.19372e-32	3.45311e-33	
N3	0.000444806	0.000625636	0.00102715	0.00183425	0.00330108	0.00583755	0.00979442	0.0155918	0.0231617	0.0327438	0.043949	0.0573072	0.0715398	0.0861085	0.0971061	0.103616	0.10184	0.0935952	0.0785505	0.0615651	0.0438847	0.0292399	0.017701	0.0100584	0.00519011	0.00252681	0.00111685	0.000468412	0.000178256	6.47478e-05	2.13473e-05	6.76705e-06	1.94306e-06	5.3801e-07	1.35097e-07	3.2922e-08	7.29115e-09	1.57763e-09	3.11741e-10	6.00401e-11	1.04971e-11	1.79015e-12	2.77615e-13	4.20192e-14	5.78879e-15	7.7881e-16	9.55677e-17	1.14647e-17	1.25576e-18	1.3471e-19	1.32388e-20	1.27592e-21	1.1253e-22	9.76796e-24	7.78257e-25	6.13684e-26	4.45515e-27	3.22758e-28	2.17219e-29	1.47811e-30	9.48743e-32	6.26506e-33	4.00151e-34	2.6599e-35	1.73904e-36	1.17109e-37	7.75186e-39	5.15647e-40	3.41671e-41	3.27381e-42	
Dulichium_arundinaceum	0	0	0	0	0	0	0	0	0	0	0	0	0	0	0	1	0	0	0	0	0	0	0	0	0	0	0	0	0	0	0	0	0	0	0	0	0	0	0	0	0	0	0	0	0	0	0	0	0	0	0	0	0	0	0	0	0	0	0	0	0	0	0	0	0	0	0	0	0	0	
N4	1.73062e-05	2.22086e-05	3.28761e-05	5.66587e-05	0.000109063	0.000226682	0.000479448	0.000976142	0.00179708	0.00298821	0.00465619	0.00738618	0.0124875	0.0224938	0.0401848	0.0674618	0.100631	0.132001	0.148523	0.145141	0.120573	0.0872635	0.0535978	0.0290567	0.0133874	0.0055709	0.00197593	0.000653633	0.000184304	5.01489e-05	1.15573e-05	2.64121e-06	5.03234e-07	9.62292e-08	1.51482e-08	2.41739e-09	3.15216e-10	4.2137e-11	4.61834e-12	5.22022e-13	4.82573e-14	4.64658e-15	3.69456e-16	3.0823e-17	2.14123e-18	1.56148e-19	9.59771e-21	6.15432e-22	3.35004e-23	1.88217e-24	9.08e-26	4.47181e-27	1.8943e-28	8.13795e-30	3.03016e-31	1.14418e-32	3.73665e-34	1.24462e-35	3.6021e-37	1.08165e-38	2.81257e-40	7.85496e-42	1.97593e-43	5.7639e-45	1.64786e-46	5.67309e-48	1.98095e-49	7.38015e-51	2.65392e-52	1.24168e-53	
Blysmus_compressus	0	0	0	0	0	0	0	0	0	0	0	0	0	0	0	0	0	0	0	0	0	1	0	0	0	0	0	0	0	0	0	0	0	0	0	0	0	0	0	0	0	0	0	0	0	0	0	0	0	0	0	0	0	0	0	0	0	0	0	0	0	0	0	0	0	0	0	0	0	0	
Blysmus_rufus	0	0	0	0	0	0	0	0	0	0	0	0	0	0	0	0	0	0	0	1	0	0	0	0	0	0	0	0	0	0	0	0	0	0	0	0	0	0	0	0	0	0	0	0	0	0	0	0	0	0	0	0	0	0	0	0	0	0	0	0	0	0	0	0	0	0	0	0	0	0	
N5	0.0326951	0.038233	0.0459135	0.0558969	0.0665409	0.0772108	0.0852901	0.0903815	0.0903053	0.0862323	0.0774354	0.0665813	0.0538386	0.041901	0.0306749	0.0218585	0.0146948	0.00971083	0.00603837	0.00374453	0.00216465	0.00125967	0.000675275	0.000369322	0.000182908	9.35475e-05	4.25218e-05	2.01952e-05	8.35158e-06	3.65378e-06	1.37049e-06	5.53029e-07	1.87796e-07	6.96628e-08	2.16366e-08	7.55106e-09	2.23204e-09	7.69038e-10	2.36889e-10	7.84271e-11	2.19546e-11	6.46431e-12	1.65283e-12	4.38564e-13	1.0203e-13	2.43648e-14	5.15249e-15	1.111e-15	2.11554e-16	4.09796e-17	7.04028e-18	1.23476e-18	1.89646e-19	3.00169e-20	4.15596e-21	6.04714e-22	7.54961e-23	1.01261e-23	1.16034e-24	1.46984e-25	1.54279e-26	1.84198e-27	1.8618e-28	2.2865e-29	2.58029e-30	3.82613e-31	5.91084e-32	1.05076e-32	1.96184e-33	6.04386e-34	
N6	0.0114299	0.0139681	0.0180548	0.0240576	0.0316663	0.0409483	0.0508256	0.0610214	0.0696822	0.0765553	0.0796395	0.0797397	0.0757553	0.0698602	0.0615038	0.0532861	0.044275	0.0363728	0.0284689	0.0221322	0.0162096	0.0118451	0.0080822	0.00556741	0.00354495	0.002306	0.00137022	0.000838917	0.000462372	0.000263932	0.000134108	7.10012e-05	3.30534e-05	1.60962e-05	6.88743e-06	3.12456e-06	1.25538e-06	5.44562e-07	2.148e-07	8.85674e-08	3.23153e-08	1.21563e-08	4.08871e-09	1.40128e-09	4.31032e-10	1.33785e-10	3.74856e-11	1.05331e-11	2.67048e-12	6.77404e-13	1.55724e-13	3.58531e-14	7.43259e-15	1.55352e-15	2.92716e-16	5.63622e-17	9.70492e-18	1.73771e-18	2.78433e-19	4.75745e-20	7.23602e-21	1.21466e-21	1.88486e-22	3.3973e-23	6.01385e-24	1.24027e-24	2.585e-25	5.81109e-26	1.39138e-26	5.3712e-27	
N7	8.26888e-05	0.000132303	0.000252928	0.00050862	0.000995297	0.00186406	0.00325286	0.00541786	0.00878034	0.0142152	0.0222411	0.0329419	0.0439211	0.052039	0.0531161	0.0483489	0.0408096	0.0367969	0.0385384	0.0471046	0.058428	0.0706186	0.077317	0.0794212	0.07245	0.0622329	0.0471629	0.0339437	0.0214038	0.0129209	0.00679148	0.00344596	0.00150893	0.000640414	0.000234136	8.37657e-05	2.58764e-05	7.91671e-06	2.11575e-06	5.55861e-07	1.26205e-07	2.81604e-08	5.46683e-09	1.04238e-09	1.73668e-10	2.83872e-11	4.07901e-12	5.74725e-13	7.13688e-14	8.69414e-15	9.38882e-16	9.95821e-17	9.34863e-18	8.65834e-19	7.12312e-20	5.82764e-21	4.23075e-22	3.08845e-23	2.01181e-24	1.34178e-25	8.05465e-27	5.09714e-28	3.0169e-29	1.95414e-30	1.23829e-31	8.55903e-33	5.84922e-34	4.11688e-35	2.86546e-36	2.8633e-37	
Scirpus_pendulus	0	0	0	0	0	0	0	0	0	0	0	0	0	0	0	0	0	0	0	1	0	0	0	0	0	0	0	0	0	0	0	0	0	0	0	0	0	0	0	0	0	0	0	0	0	0	0	0	0	0	0	0	0	0	0	0	0	0	0	0	0	0	0	0	0	0	0	0	0	0	
N8	1.70974e-10	5.06501e-10	3.8813e-09	2.73984e-08	1.52075e-07	7.22782e-07	3.00566e-06	9.19884e-06	2.33884e-05	5.26161e-05	9.89435e-05	0.000183632	0.000432215	0.000995163	0.00137751	0.000968561	0.0003959	0.000123084	3.37219e-05	1.6357e-05	6.78353e-05	0.000416554	0.00209761	0.00852927	0.0269496	0.0674745	0.127338	0.188801	0.205105	0.176553	0.109233	0.0552259	0.0198449	0.00604938	0.00131116	0.00025061	3.42877e-05	4.27933e-06	3.88157e-07	3.30133e-08	2.06843e-09	1.24845e-10	5.65626e-12	2.52834e-13	8.62565e-15	2.9568e-16	7.88269e-18	2.13529e-19	4.56967e-21	9.96531e-23	1.74965e-24	3.11708e-26	4.51827e-28	6.60449e-30	7.96691e-32	9.65064e-34	9.69882e-36	9.78427e-38	8.26665e-40	7.07406e-42	5.0792e-44	3.78706e-46	2.45707e-48	1.78128e-50	1.23832e-52	1.03406e-54	8.79203e-57	7.97556e-59	6.89346e-61	6.94619e-63	
N9	7.29763e-15	2.36818e-14	2.53408e-13	3.81974e-12	4.64204e-11	4.48447e-10	3.28183e-09	1.46222e-08	4.71931e-08	1.34564e-07	3.56781e-07	1.1942e-06	5.45188e-06	1.95063e-05	3.27249e-05	2.14122e-05	5.95706e-06	9.12461e-07	1.33479e-07	1.09462e-07	6.11461e-07	8.16046e-06	9.8383e-05	0.000878782	0.00559981	0.0251323	0.0779315	0.166049	0.239252	0.234353	0.15425	0.0697217	0.0212884	0.00459009	0.000677123	7.59245e-05	5.81686e-06	4.21226e-07	1.94833e-08	1.34761e-09	4.45439e-11	2.90768e-12	6.60654e-14	3.17098e-15	4.76038e-17	1.61605e-18	1.64918e-20	4.11172e-22	2.97807e-24	5.58203e-26	2.99428e-28	4.28004e-30	1.73479e-32	1.91308e-34	6.08363e-37	5.33645e-39	1.40896e-41	9.85596e-44	2.33013e-46	1.28606e-48	2.76936e-51	1.16356e-53	2.215e-56	7.13073e-59	1.13329e-61	2.85134e-64	4.00776e-67	1.17322e-69	4.69181e-72	3.1083e-74	
N10	5.67069e-17	1.23927e-16	1.10762e-15	1.80349e-14	2.50039e-13	2.75373e-12	2.31623e-11	1.32528e-10	5.85792e-10	2.64471e-09	1.14926e-08	4.7863e-08	1.93225e-07	6.36679e-07	1.25094e-06	1.16016e-06	4.92543e-07	1.30144e-07	4.0903e-08	2.05237e-08	3.83733e-08	4.25181e-07	6.51468e-06	8.2509e-05	0.000773133	0.00517156	0.0241773	0.0776537	0.168836	0.245671	0.237526	0.152414	0.0649551	0.0185751	0.00361565	0.000487809	4.64873e-05	3.21365e-06	1.67029e-07	8.47276e-09	6.45029e-10	1.09832e-10	1.38474e-11	1.8215e-12	1.46496e-13	1.18962e-14	5.93095e-16	3.29149e-17	1.09364e-18	4.8617e-20	1.21528e-21	4.66465e-23	9.2463e-25	2.8896e-26	4.48928e-28	1.09324e-29	1.32178e-31	2.50711e-33	2.37497e-35	3.57047e-37	2.71317e-39	3.33705e-41	2.17751e-43	2.28088e-45	1.39882e-47	1.23431e-49	7.39495e-52	6.31158e-54	5.95779e-56	9.42433e-58	
N11	8.69264e-20	2.69079e-19	3.98097e-18	8.78211e-17	1.61565e-15	2.39017e-14	2.71156e-13	2.05945e-12	1.17955e-11	6.77296e-11	3.55281e-10	1.68457e-09	7.49618e-09	2.74953e-08	6.14341e-08	6.42648e-08	3.07032e-08	9.61468e-09	3.39845e-09	1.56195e-09	1.92193e-09	1.95524e-08	4.24742e-07	8.23259e-06	0.000117851	0.0011892	0.00823186	0.0381337	0.115437	0.223514	0.272297	0.207063	0.0981592	0.0293867	0.0056715	0.000723436	6.26249e-05	3.77791e-06	1.62971e-07	5.21356e-09	1.35566e-10	5.06941e-12	3.82695e-13	4.19863e-14	3.20075e-15	2.25097e-16	1.04166e-17	4.59932e-19	1.30768e-20	4.17762e-22	8.06793e-24	2.33647e-25	3.56357e-27	9.83581e-29	1.22996e-30	2.83852e-32	2.82709e-34	5.14428e-36	4.05133e-38	5.8141e-40	3.65081e-42	4.19922e-44	2.16129e-46	2.04481e-48	9.21486e-51	7.3177e-53	3.1611e-55	2.2725e-57	1.41561e-59	1.73189e-61	
Scirpus_expansus	0	0	0	0	0	0	0	0	0	0	0	0	0	0	0	0	0	0	0	0	0	0	0	0	0	0	0	0	0	0	0	1	0	0	0	0	0	0	0	0	0	0	0	0	0	0	0	0	0	0	0	0	0	0	0	0	0	0	0	0	0	0	0	0	0	0	0	0	0	0	
N12	4.87184e-23	3.247e-22	9.50709e-21	3.1178e-19	7.87373e-18	1.54002e-16	2.2408e-15	2.08646e-14	1.34365e-13	9.80378e-13	6.07153e-12	2.98776e-11	1.36674e-10	5.93642e-10	1.7288e-09	2.12123e-09	1.06872e-09	4.17072e-10	1.73357e-10	6.65414e-11	3.92223e-11	1.83171e-10	5.6485e-09	2.16342e-07	6.13578e-06	0.000120514	0.00157764	0.0131943	0.0671317	0.196685	0.313831	0.261951	0.114213	0.027201	0.00375287	0.000317554	1.73288e-05	6.36623e-07	1.63321e-08	3.02172e-10	4.17284e-12	4.82263e-14	7.58516e-16	3.02479e-17	1.32892e-18	5.26665e-20	1.49578e-21	3.6426e-23	6.30888e-25	1.00904e-26	1.12828e-28	1.44271e-30	1.22955e-32	1.60656e-34	1.20731e-36	1.49695e-38	9.47724e-41	9.59376e-43	4.89975e-45	3.92322e-47	1.60667e-49	1.02637e-51	3.40332e-54	1.77053e-56	4.91769e-59	2.15372e-61	5.50065e-64	2.24803e-66	7.59415e-69	4.5754e-71	
Scirpus_sylvaticus	0	0	0	0	0	0	0	0	0	0	0	0	0	0	0	0	0	0	0	0	0	0	0	0	0	0	0	0	0	0	1	0	0	0	0	0	0	0	0	0	0	0	0	0	0	0	0	0	0	0	0	0	0	0	0	0	0	0	0	0	0	0	0	0	0	0	0	0	0	0	
Scirpus_microcarpus	0	0	0	0	0	0	0	0	0	0	0	0	0	0	0	0	0	0	0	0	0	0	0	0	0	0	0	0	0	0	0	1	0	0	0	0	0	0	0	0	0	0	0	0	0	0	0	0	0	0	0	0	0	0	0	0	0	0	0	0	0	0	0	0	0	0	0	0	0	0	
Scirpus_maximowiczii	0	0	0	0	0	0	0	0	0	0	0	0	0	0	0	0	0	0	0	0	0	0	0	0	0	0	0	0	0	0	0	1	0	0	0	0	0	0	0	0	0	0	0	0	0	0	0	0	0	0	0	0	0	0	0	0	0	0	0	0	0	0	0	0	0	0	0	0	0	0	
N13	3.14609e-17	1.79384e-16	2.78603e-15	4.96853e-14	7.06206e-13	7.49746e-12	5.47766e-11	2.60179e-10	1.01003e-09	4.18997e-09	2.0778e-08	1.16941e-07	5.72549e-07	1.74809e-06	2.57729e-06	1.65259e-06	4.88262e-07	9.04275e-08	2.65303e-08	2.99826e-08	1.99175e-07	3.15451e-06	4.59122e-05	0.000490871	0.0036808	0.0189851	0.066317	0.155071	0.24043	0.246265	0.166433	0.0747147	0.0223478	0.00451813	0.000624785	6.04343e-05	4.1517e-06	2.10447e-07	8.00909e-09	2.56148e-10	7.61564e-12	5.18561e-13	4.62602e-14	5.90483e-15	4.23862e-16	3.3255e-17	1.40645e-18	7.25339e-20	1.79433e-21	7.62687e-23	1.1995e-24	5.24089e-26	5.98786e-28	2.48261e-29	2.1764e-31	7.36607e-33	4.99462e-35	1.32351e-36	7.02949e-39	1.4627e-40	6.21022e-43	1.02471e-44	3.71705e-47	4.90973e-49	1.73506e-51	1.74957e-53	6.34007e-56	4.83716e-58	2.78314e-60	4.77586e-62	
N14	1.22792e-17	4.91824e-17	3.54841e-16	3.90158e-15	4.60063e-14	4.74887e-13	3.80866e-12	2.21637e-11	1.03145e-10	4.80356e-10	2.24519e-09	9.58455e-09	3.38941e-08	8.75654e-08	1.44473e-07	1.46237e-07	1.12202e-07	9.19113e-08	8.43172e-08	1.11475e-07	2.71154e-07	1.13943e-06	9.85783e-06	0.000102308	0.000857279	0.00529635	0.0234689	0.0732305	0.158433	0.234789	0.236566	0.161828	0.075202	0.0239675	0.0053121	0.00083293	9.41545e-05	7.83436e-06	4.9119e-07	2.50424e-08	1.29993e-09	1.35423e-10	1.77592e-11	2.59716e-12	2.59348e-13	2.47466e-14	1.60179e-15	1.04422e-16	4.6174e-18	2.34746e-19	7.9641e-21	3.54627e-22	9.98913e-24	3.8093e-25	8.80411e-27	2.70643e-28	5.01511e-30	1.22365e-31	1.81154e-33	3.54717e-35	4.24402e-37	6.83891e-39	6.86081e-41	9.45725e-43	8.51693e-45	1.03815e-46	9.27327e-49	1.14567e-50	1.44057e-52	2.90745e-54	
Scirpus_polystachyus	0	0	0	0	0	0	0	0	0	0	0	0	0	0	0	0	0	0	0	0	0	0	0	0	0	0	0	0	0	1	0	0	0	0	0	0	0	0	0	0	0	0	0	0	0	0	0	0	0	0	0	0	0	0	0	0	0	0	0	0	0	0	0	0	0	0	0	0	0	0	
Scirpus_cyperinus	0	0	0	0	0	0	0	0	0	0	0	0	0	0	0	0	0	0	0	0	0	0	0	0	0	0	0	0	0	0	0	0	1	0	0	0	0	0	0	0	0	0	0	0	0	0	0	0	0	0	0	0	0	0	0	0	0	0	0	0	0	0	0	0	0	0	0	0	0	0	
N15	9.89927e-19	1.46617e-17	2.95761e-16	4.791e-15	6.02521e-14	5.96761e-13	4.42039e-12	2.34791e-11	1.05906e-10	4.60892e-10	2.10517e-09	9.93334e-09	3.82948e-08	8.82215e-08	9.77313e-08	5.01082e-08	1.39544e-08	3.4445e-09	2.68827e-09	1.96095e-08	3.68701e-07	6.42654e-06	8.4973e-05	0.000815867	0.00555218	0.0262064	0.0840561	0.17995	0.253689	0.233902	0.141213	0.0563614	0.0150451	0.00273685	0.000346326	3.11374e-05	2.03068e-06	9.80054e-08	3.56738e-09	1.00349e-10	2.30652e-12	6.22662e-14	3.34464e-15	3.0756e-16	2.2245e-17	1.47558e-18	6.87742e-20	2.97317e-21	8.95265e-23	2.81177e-24	6.00719e-26	1.67253e-27	2.95107e-29	7.904e-31	1.19856e-32	2.75724e-34	3.43414e-36	6.33856e-38	6.35985e-40	9.37268e-42	7.58773e-44	9.06191e-46	6.0297e-48	5.99555e-50	3.4462e-52	2.95486e-54	1.62124e-56	1.33734e-58	1.00454e-60	1.31962e-62	
N16	1.06043e-21	2.69891e-20	9.69893e-19	2.63342e-17	5.20174e-16	7.97178e-15	8.95454e-14	6.07776e-13	3.00601e-12	1.14282e-11	3.83587e-11	1.54115e-10	6.96719e-10	2.20969e-09	3.31316e-09	2.61086e-09	1.56313e-09	7.40982e-10	3.36603e-10	5.37814e-10	7.21421e-09	2.2532e-07	5.86559e-06	0.000108414	0.00136303	0.011196	0.0573731	0.174178	0.297334	0.274798	0.137587	0.0388324	0.00649604	0.000678742	4.64055e-05	2.16086e-06	7.09125e-08	1.68976e-09	3.00344e-11	4.16489e-13	5.06095e-15	9.42134e-17	2.87575e-18	1.16651e-19	3.38076e-21	9.41144e-23	1.79173e-24	3.39715e-26	4.37962e-28	6.38488e-30	6.18137e-32	7.98114e-34	6.42784e-36	7.41849e-38	5.0064e-40	4.79826e-42	2.64193e-44	2.0385e-46	9.08431e-49	5.66745e-51	2.0593e-53	1.05867e-55	3.22367e-58	1.40738e-60	3.79681e-63	1.45022e-65	3.80685e-68	1.4383e-70	5.2597e-73	3.00708e-75	
Eriophorum_virginicum	0	0	0	0	0	0	0	0	0	0	0	0	0	0	0	0	0	0	0	0	0	0	0	0	0	0	0	0	1	0	0	0	0	0	0	0	0	0	0	0	0	0	0	0	0	0	0	0	0	0	0	0	0	0	0	0	0	0	0	0	0	0	0	0	0	0	0	0	0	0	
Eriophorum_gracile	0	0	0	0	0	0	0	0	0	0	0	0	0	0	0	0	0	0	0	0	0	0	0	0	0	0	0	0	0	1	0	0	0	0	0	0	0	0	0	0	0	0	0	0	0	0	0	0	0	0	0	0	0	0	0	0	0	0	0	0	0	0	0	0	0	0	0	0	0	0	
Eriophorum_angustifolium_subsp_angustifolium	0	0	0	0	0	0	0	0	0	0	0	0	0	0	0	0	0	0	0	0	0	0	0	0	0	0	0	0	1	0	0	0	0	0	0	0	0	0	0	0	0	0	0	0	0	0	0	0	0	0	0	0	0	0	0	0	0	0	0	0	0	0	0	0	0	0	0	0	0	0	
Scirpus_radicans	0	0	0	0	0	0	0	0	0	0	0	0	0	0	0	0	0	0	0	0	0	0	0	0	0	0	0	1	0	0	0	0	0	0	0	0	0	0	0	0	0	0	0	0	0	0	0	0	0	0	0	0	0	0	0	0	0	0	0	0	0	0	0	0	0	0	0	0	0	0	
Scirpus_divaricatus	0	0	0	0	0	0	0	0	0	0	0	0	0	1	0	0	0	0	0	0	0	0	0	0	0	0	0	0	0	0	0	0	0	0	0	0	0	0	0	0	0	0	0	0	0	0	0	0	0	0	0	0	0	0	0	0	0	0	0	0	0	0	0	0	0	0	0	0	0	0	
N17	0.0323183	0.0377	0.0451399	0.054785	0.0651583	0.0755615	0.0836804	0.0888967	0.0893685	0.0857996	0.0777321	0.0673136	0.0550168	0.0432004	0.0320515	0.023117	0.0158037	0.0106132	0.00672171	0.00424955	0.00249837	0.00149679	0.000814236	0.000468861	0.000235258	0.000132684	6.12013e-05	3.47029e-05	1.46372e-05	8.53181e-06	3.29774e-06	2.01753e-06	7.12635e-07	4.50816e-07	1.4671e-07	9.56881e-08	2.90241e-08	1.96056e-08	7.01023e-09	4.63915e-09	1.59735e-09	9.57375e-10	3.48398e-10	1.96818e-10	7.31461e-11	3.73602e-11	1.38444e-11	6.46489e-12	2.25953e-12	9.42742e-13	3.10193e-13	1.19142e-13	3.54344e-14	1.22391e-14	3.36124e-15	1.104e-15	2.69624e-16	8.12232e-17	1.85572e-17	5.69873e-18	1.12997e-18	3.21075e-19	6.14298e-20	1.9981e-20	3.20251e-21	1.03633e-21	3.47906e-22	3.59147e-22	4.32617e-22	7.15239e-22	
N18	0.00182531	0.00774834	0.0340965	0.108383	0.226264	0.288359	0.210728	0.0920408	0.0252275	0.00466018	0.000604045	5.79322e-05	4.20681e-06	2.40482e-07	1.09437e-08	4.09617e-10	1.26673e-11	3.32223e-13	7.38693e-15	1.42593e-16	2.37811e-18	3.50522e-20	4.5321e-22	5.25857e-24	5.41747e-26	5.07476e-28	4.26318e-30	3.29465e-32	2.30218e-34	1.49564e-36	8.84747e-39	4.91491e-41	2.49694e-43	1.19972e-45	5.29554e-48	2.22783e-50	8.64061e-53	3.2166e-55	1.10761e-57	3.67665e-60	1.12901e-62	3.35712e-65	9.24934e-68	2.47725e-70	6.15427e-73	1.49129e-75	3.35667e-78	7.39201e-81	1.51372e-83	3.04143e-86	5.69369e-89	1.04752e-91	1.79588e-94	3.03522e-97	4.79472e-100	7.49922e-103	1.10134e-105	1.61186e-108	2.23552e-111	3.11921e-114	4.18125e-117	5.69789e-120	7.58114e-123	1.0297e-125	1.37731e-128	1.86509e-131	2.48273e-134	3.29325e-137	4.26492e-140	5.80648e-143	
Carex_pachygyna	0	0	0	0	0	1	0	0	0	0	0	0	0	0	0	0	0	0	0	0	0	0	0	0	0	0	0	0	0	0	0	0	0	0	0	0	0	0	0	0	0	0	0	0	0	0	0	0	0	0	0	0	0	0	0	0	0	0	0	0	0	0	0	0	0	0	0	0	0	0	
Carex_siderosticta	0	0	0	0	0	1	0	0	0	0	0	0	0	0	0	0	0	0	0	0	0	0	0	0	0	0	0	0	0	0	0	0	0	0	0	0	0	0	0	0	0	0	0	0	0	0	0	0	0	0	0	0	0	0	0	0	0	0	0	0	0	0	0	0	0	0	0	0	0	0	
N19	0.000137169	0.000200267	0.000336775	0.000592764	0.00101567	0.00167284	0.0025989	0.00388873	0.00557006	0.00770521	0.00997089	0.0119941	0.0130506	0.0132212	0.0127642	0.0127683	0.0137497	0.0168166	0.0225091	0.0324052	0.0461715	0.0644388	0.0824993	0.0987824	0.104793	0.10266	0.0884017	0.0710994	0.0509677	0.035222	0.022397	0.0143638	0.00881663	0.00577115	0.00386643	0.00297339	0.00242015	0.00220428	0.00197497	0.001809	0.00151889	0.00125481	0.00093317	0.000674391	0.000436424	0.000273145	0.000153069	8.28119e-05	4.00942e-05	1.87437e-05	7.86028e-06	3.18109e-06	1.15135e-06	4.03699e-07	1.26905e-07	3.8891e-08	1.07014e-08	2.89753e-09	7.1014e-10	1.7386e-10	3.90981e-11	8.97344e-12	1.9493e-12	4.39817e-13	9.6173e-14	2.16599e-14	4.76434e-15	1.06957e-15	2.54283e-16	9.0954e-17	
Trichophorum_cespitosum	0	0	0	0	0	0	0	0	0	0	0	0	0	0	0	0	0	0	0	0	0	0	0	0	0	0	0	0	0	0	0	0	0	0	0	0	0	0	0	0	0	0	0	0	0	0	0	0	0	0	0	1	0	0	0	0	0	0	0	0	0	0	0	0	0	0	0	0	0	0	
Trichophorum_alpinum	0	0	0	0	0	0	0	0	0	0	0	0	0	0	0	0	0	0	0	0	0	0	0	0	0	0	0	0	1	0	0	0	0	0	0	0	0	0	0	0	0	0	0	0	0	0	0	0	0	0	0	0	0	0	0	0	0	0	0	0	0	0	0	0	0	0	0	0	0	0	
N20	0.0848254	0.095705	0.106603	0.115567	0.117866	0.11345	0.100962	0.0841796	0.0645371	0.0463321	0.0304457	0.0187624	0.0105135	0.00555586	0.00264826	0.00121433	0.000500876	0.000206689	7.68517e-05	3.07228e-05	1.0871e-05	4.22769e-06	1.4093e-06	5.18229e-07	1.57842e-07	5.24975e-08	1.42229e-08	4.1817e-09	9.87355e-10	2.53225e-10	5.1933e-11	1.17589e-11	2.10108e-12	4.27572e-13	7.09442e-14	1.45721e-14	2.70402e-15	6.42519e-16	1.47143e-16	3.02315e-17	5.15997e-18	8.27838e-19	1.1723e-19	1.57924e-20	1.90323e-21	2.18922e-22	2.26932e-23	2.25321e-24	2.00136e-25	1.71438e-26	1.31416e-27	9.89209e-29	6.54057e-30	4.38157e-31	2.56918e-32	1.62372e-33	8.681e-35	5.34865e-36	2.75518e-37	1.71759e-38	8.34764e-40	4.95984e-41	2.35532e-42	1.43076e-43	7.61978e-45	5.66875e-46	4.49252e-47	4.12326e-48	3.72807e-49	4.78015e-50	
N21	0.111561	0.119555	0.123003	0.122373	0.115512	0.104036	0.0879489	0.0703406	0.0524758	0.0369114	0.0241333	0.0148748	0.00849664	0.00458673	0.00228608	0.00108847	0.000479041	0.0002051	8.11442e-05	3.23693e-05	1.18762e-05	4.57815e-06	1.60232e-06	6.13914e-07	2.07382e-07	7.82995e-08	2.52227e-08	9.12686e-09	2.74013e-09	9.24868e-10	2.55396e-10	7.98637e-11	2.01127e-11	5.79658e-12	1.34476e-12	3.68351e-13	8.27039e-14	2.31085e-14	5.79737e-15	1.63725e-15	3.92185e-16	1.0152e-16	2.3191e-17	5.51597e-18	1.16624e-18	2.49313e-19	4.78791e-20	9.1484e-21	1.56285e-21	2.64251e-22	4.01846e-23	6.08383e-24	8.16407e-25	1.10877e-25	1.33526e-26	1.68976e-27	1.84272e-28	2.21491e-29	2.27905e-30	2.75688e-31	2.68575e-32	3.22087e-33	3.16187e-34	4.10357e-35	4.67335e-36	7.54697e-37	1.27144e-37	2.52392e-38	5.17938e-39	1.64062e-39	
N22	0.156157	0.159986	0.151774	0.135839	0.113635	0.0902288	0.0672337	0.047664	0.0317305	0.0201101	0.011956	0.00677028	0.00358878	0.00181387	0.000855447	0.000387252	0.000163884	6.71605e-05	2.57358e-05	9.70495e-06	3.41486e-06	1.20179e-06	3.93582e-07	1.31612e-07	4.0618e-08	1.30073e-08	3.79357e-09	1.15788e-09	3.16398e-10	9.07914e-11	2.30335e-11	6.16915e-12	1.44352e-12	3.58343e-13	7.77032e-14	1.81607e-14	3.74515e-15	8.51466e-16	1.76601e-16	3.88507e-17	7.55803e-18	1.53316e-18	2.78695e-19	5.20528e-20	8.75246e-21	1.49351e-21	2.30936e-22	3.59465e-23	5.0643e-24	7.15651e-25	9.19109e-26	1.18543e-26	1.37942e-27	1.62421e-28	1.72686e-29	1.88792e-30	1.84469e-31	1.89284e-32	1.73504e-33	1.72027e-34	1.50687e-35	1.4809e-36	1.33238e-37	1.42137e-38	1.48152e-39	1.84473e-40	2.3305e-41	3.18916e-42	4.48694e-43	9.84695e-44	
N23	0.182005	0.182748	0.166842	0.141459	0.110502	0.0809962	0.055088	0.0353626	0.0211176	0.0119418	0.00628154	0.00313688	0.00145441	0.000642121	0.000262317	0.000102924	3.74244e-05	1.32193e-05	4.33041e-06	1.40402e-06	4.20172e-07	1.25754e-07	3.45503e-08	9.61622e-09	2.43244e-09	6.28568e-10	1.46043e-10	3.48545e-11	7.39129e-12	1.61786e-12	3.12667e-13	6.29529e-14	1.11253e-14	2.06966e-15	3.41006e-16	6.04039e-17	9.67914e-18	1.69833e-18	2.78743e-19	4.64858e-20	6.8868e-21	1.01828e-21	1.3552e-22	1.78554e-23	2.12954e-24	2.50724e-25	2.68997e-26	2.85266e-27	2.75645e-28	2.64371e-29	2.31862e-30	2.03301e-31	1.61879e-32	1.30373e-33	9.53583e-35	7.1837e-36	4.8682e-37	3.46779e-38	2.22107e-39	1.53284e-40	9.44685e-42	6.47017e-43	4.11425e-44	3.04544e-45	2.22589e-46	1.89102e-47	1.62669e-48	1.49104e-49	1.38916e-50	1.92003e-51	
N24	0.192561	0.192148	0.173183	0.143915	0.109213	0.0770384	0.0498212	0.0300501	0.0165967	0.0085602	0.00402846	0.00177487	0.000710269	0.00026764	9.10999e-05	2.96343e-05	8.70589e-06	2.50221e-06	6.50787e-07	1.72083e-07	4.07141e-08	9.88297e-09	2.11578e-09	4.68958e-10	8.99691e-11	1.79191e-11	3.05005e-12	5.41096e-13	8.10273e-14	1.27401e-14	1.68434e-15	2.37806e-16	2.80953e-17	3.63446e-18	4.04703e-19	5.17356e-20	6.02989e-21	8.17661e-22	1.05477e-22	1.28736e-23	1.34554e-24	1.34126e-25	1.18695e-26	1.00733e-27	7.68303e-29	5.65125e-30	3.77062e-31	2.44547e-32	1.43678e-33	8.28844e-35	4.34308e-36	2.26992e-37	1.06505e-38	5.09582e-40	2.18453e-41	9.88875e-43	3.93326e-44	1.71077e-45	6.49908e-47	2.78181e-48	1.00783e-49	4.20961e-51	1.54141e-52	6.89233e-54	2.9663e-55	1.61113e-56	9.05934e-58	5.56605e-59	3.37562e-60	2.84116e-61	
N25	0.175239	0.179597	0.169272	0.148168	0.118016	0.0863286	0.0567469	0.0339589	0.0180692	0.008725	0.00372134	0.00144707	0.00049519	0.000156501	4.33864e-05	1.14081e-05	2.63823e-06	6.02959e-07	1.22186e-07	2.59166e-08	4.7861e-09	9.17082e-10	1.49957e-10	2.52845e-11	3.57661e-12	5.19125e-13	6.28905e-14	7.84835e-15	8.11721e-16	8.74905e-17	7.82538e-18	7.49373e-19	5.96062e-20	5.30887e-21	4.15635e-22	3.89971e-23	3.46196e-24	3.55324e-25	3.46373e-26	2.98707e-27	2.18378e-28	1.47863e-29	8.88662e-31	5.02569e-32	2.5581e-33	1.23799e-34	5.44084e-36	2.29963e-37	8.81326e-39	3.29439e-40	1.11875e-41	3.78954e-43	1.15155e-44	3.60375e-46	1.0095e-47	3.05869e-49	8.11754e-51	2.43048e-52	6.31671e-54	1.8859e-55	4.70493e-57	1.35645e-58	3.40027e-60	1.04026e-61	3.09605e-63	1.17823e-64	4.71799e-66	2.05924e-67	8.80883e-69	4.95562e-70	
Fimbristylis_autumnalis	0	0	0	0	1	0	0	0	0	0	0	0	0	0	0	0	0	0	0	0	0	0	0	0	0	0	0	0	0	0	0	0	0	0	0	0	0	0	0	0	0	0	0	0	0	0	0	0	0	0	0	0	0	0	0	0	0	0	0	0	0	0	0	0	0	0	0	0	0	0	
Fimbristylis_complanata	0	0	0	0	1	0	0	0	0	0	0	0	0	0	0	0	0	0	0	0	0	0	0	0	0	0	0	0	0	0	0	0	0	0	0	0	0	0	0	0	0	0	0	0	0	0	0	0	0	0	0	0	0	0	0	0	0	0	0	0	0	0	0	0	0	0	0	0	0	0	
N26	0.0486339	0.0842651	0.149276	0.212723	0.219594	0.161447	0.0830461	0.0307847	0.00826217	0.0016755	0.000257542	3.13901e-05	3.01542e-06	2.39591e-07	1.54581e-08	8.58286e-10	3.97359e-11	1.64488e-12	5.8044e-14	1.90568e-15	5.37756e-17	1.43634e-18	3.30764e-20	7.31182e-22	1.38984e-23	2.55734e-25	4.04094e-27	6.23281e-29	8.24519e-31	1.07649e-32	1.21099e-34	1.36832e-36	1.34126e-38	1.34998e-40	1.20678e-42	1.1375e-44	9.79495e-47	8.94574e-49	7.62541e-51	6.29884e-53	4.59461e-55	3.2132e-57	2.01295e-59	1.20693e-61	6.52879e-64	3.38866e-66	1.59815e-68	7.27474e-71	3.0142e-73	1.21583e-75	4.48191e-78	1.62776e-80	5.38381e-83	1.78339e-85	5.38942e-88	1.6676e-90	4.67947e-93	1.37468e-95	3.66917e-98	1.04857e-100	2.72456e-103	7.7833e-106	2.10945e-108	6.48667e-111	1.98578e-113	6.76821e-116	2.31155e-118	8.16851e-121	2.81299e-123	1.05535e-125	
Fimbristylis_aestivalis	0	0	0	0	1	0	0	0	0	0	0	0	0	0	0	0	0	0	0	0	0	0	0	0	0	0	0	0	0	0	0	0	0	0	0	0	0	0	0	0	0	0	0	0	0	0	0	0	0	0	0	0	0	0	0	0	0	0	0	0	0	0	0	0	0	0	0	0	0	0	
Fimbristylis_squarrosa	0	0	0	0	1	0	0	0	0	0	0	0	0	0	0	0	0	0	0	0	0	0	0	0	0	0	0	0	0	0	0	0	0	0	0	0	0	0	0	0	0	0	0	0	0	0	0	0	0	0	0	0	0	0	0	0	0	0	0	0	0	0	0	0	0	0	0	0	0	0	
Fimbristylis_ovata	0	0	0	0	1	0	0	0	0	0	0	0	0	0	0	0	0	0	0	0	0	0	0	0	0	0	0	0	0	0	0	0	0	0	0	0	0	0	0	0	0	0	0	0	0	0	0	0	0	0	0	0	0	0	0	0	0	0	0	0	0	0	0	0	0	0	0	0	0	0	
N27	0.120299	0.126033	0.124891	0.119284	0.108683	0.0959027	0.0807737	0.0657756	0.0508793	0.0378863	0.0265972	0.0178656	0.0112002	0.00667651	0.00367591	0.00192544	0.000928396	0.000427327	0.000180607	7.3595e-05	2.7419e-05	9.90568e-06	3.26523e-06	1.05356e-06	3.09189e-07	8.95543e-08	2.35302e-08	6.14879e-09	1.45357e-09	3.44637e-10	7.4046e-11	1.6166e-11	3.20824e-12	6.55549e-13	1.23336e-13	2.43347e-14	4.48848e-15	8.78167e-16	1.63032e-16	3.08155e-17	5.33206e-18	9.20192e-19	1.44873e-19	2.24244e-20	3.15382e-21	4.32695e-22	5.39538e-23	6.54952e-24	7.21746e-25	7.76005e-26	7.59677e-27	7.29086e-28	6.34861e-29	5.46703e-30	4.2795e-31	3.3549e-32	2.38569e-33	1.72455e-34	1.13684e-35	7.77146e-37	4.89101e-38	3.27858e-39	2.09861e-40	1.46699e-41	1.01227e-42	7.51055e-44	5.51626e-45	4.14231e-46	3.09417e-47	3.36636e-48	
Bulbostylis_barbata	0	0	0	0	1	0	0	0	0	0	0	0	0	0	0	0	0	0	0	0	0	0	0	0	0	0	0	0	0	0	0	0	0	0	0	0	0	0	0	0	0	0	0	0	0	0	0	0	0	0	0	0	0	0	0	0	0	0	0	0	0	0	0	0	0	0	0	0	0	0	
N28	0.105049	0.0981068	0.0876325	0.0811729	0.0779876	0.0775329	0.0768733	0.0753505	0.0688281	0.0599136	0.0504305	0.0418111	0.0327879	0.0252443	0.0177957	0.011669	0.00639404	0.0031454	0.00130571	0.000561727	0.000230681	0.000105508	4.30736e-05	1.8131e-05	6.43731e-06	2.44199e-06	8.58575e-07	3.70377e-07	1.55733e-07	7.52439e-08	3.07188e-08	1.31159e-08	4.42137e-09	1.55987e-09	4.4435e-10	1.39468e-10	3.7779e-11	1.13411e-11	3.05041e-12	7.11896e-13	1.32641e-13	2.19231e-14	3.0207e-15	3.73211e-16	3.90229e-17	3.69208e-18	2.99093e-19	2.21719e-20	1.40836e-21	8.29968e-23	4.21319e-24	2.02581e-25	8.30734e-27	3.31932e-28	1.13171e-29	3.92884e-31	1.14176e-32	3.52903e-34	9.0902e-36	2.57527e-37	5.86756e-39	1.50141e-40	3.20378e-42	8.14219e-44	1.91072e-45	5.59552e-47	1.65913e-48	5.25867e-50	1.58154e-51	5.84313e-53	
N29	0.0207063	0.0255362	0.0332325	0.0429849	0.0517004	0.0576333	0.0585776	0.0567034	0.0520994	0.0474137	0.0406803	0.0363856	0.0316257	0.0303529	0.0238338	0.0216388	0.0126681	0.0120415	0.00643151	0.010532	0.00862542	0.0124819	0.0102248	0.0119735	0.00819855	0.00760859	0.00489049	0.00502249	0.00407912	0.00525697	0.00448603	0.00584198	0.00371199	0.00395098	0.00218265	0.0035894	0.00593972	0.022228	0.0646191	0.0577122	0.037777	0.020957	0.00985516	0.00404227	0.00140137	0.000425588	0.000109341	2.49882e-05	4.7376e-06	8.23284e-07	1.17303e-07	1.68312e-08	1.78177e-09	2.29321e-10	1.92947e-11	3.07798e-12	2.22725e-13	4.4834e-14	4.05131e-15	6.64839e-16	4.95495e-17	5.92253e-18	4.06413e-19	4.30672e-20	2.28104e-21	1.88507e-22	1.55037e-23	4.71002e-24	1.92197e-24	1.08252e-24	
Bulbostylis_juncoides	0	0	0	0	0	0	0	0	0	0	0	0	0	0	0	0	0	0	0	0	0	0	0	0	0	0	0	0	0	0	0	0	0	0	0	0	0	0	0	0	0	1	0	0	0	0	0	0	0	0	0	0	0	0	0	0	0	0	0	0	0	0	0	0	0	0	0	0	0	0	
Bulbostylis_densa	0	0	0	0	0	0	0	0	0	0	0	0	0	0	0	0	0	0	0	0	0	0	0	0	0	0	0	0	0	0	0	1	0	0	0	0	0	0	0	0	0	0	0	0	0	0	0	0	0	0	0	0	0	0	0	0	0	0	0	0	0	0	0	0	0	0	0	0	0	0	
Bulbostylis_hispidula	0	0	0	0	1	0	0	0	0	0	0	0	0	0	0	0	0	0	0	0	0	0	0	0	0	0	0	0	0	0	0	0	0	0	0	0	0	0	0	0	0	0	0	0	0	0	0	0	0	0	0	0	0	0	0	0	0	0	0	0	0	0	0	0	0	0	0	0	0	0	
N30	0.0380881	0.0432693	0.049634	0.0575279	0.0655891	0.0737363	0.0798675	0.0839976	0.0841334	0.0814329	0.0748115	0.0663894	0.0555833	0.0447455	0.0336292	0.024327	0.0164005	0.0107352	0.00658936	0.00402129	0.00232711	0.00137029	0.000774015	0.000452917	0.000253021	0.000146321	7.93197e-05	4.40893e-05	2.25186e-05	1.1719e-05	5.54121e-06	2.67483e-06	1.16412e-06	5.19658e-07	2.1035e-07	8.8503e-08	3.4176e-08	1.38668e-08	5.25949e-09	2.01092e-09	6.95733e-10	2.39099e-10	7.47091e-11	2.29922e-11	6.44595e-12	1.77309e-12	4.4602e-13	1.10093e-13	2.48603e-14	5.52647e-15	1.12781e-15	2.27601e-16	4.19715e-17	7.72294e-18	1.30023e-18	2.21324e-19	3.43508e-20	5.47473e-21	7.98796e-22	1.22153e-22	1.7223e-23	2.61569e-24	3.80144e-25	6.11909e-26	9.78848e-27	1.71428e-27	3.02761e-28	5.69323e-29	1.14899e-29	3.33354e-30	
Eleocharis_dulcis	0	0	0	0	0	0	0	0	0	0	0	0	0	0	0	0	0	0	0	0	0	0	0	0	0	0	0	0	0	0	0	0	0	0	0	0	0	1	0	0	0	0	0	0	0	0	0	0	0	0	0	0	0	0	0	0	0	0	0	0	0	0	0	0	0	0	0	0	0	0	
N31	0.0228617	0.0281451	0.0366851	0.0488986	0.0634683	0.0793374	0.0931606	0.103109	0.105877	0.101633	0.0900098	0.0742085	0.0562342	0.0395538	0.0254763	0.0152566	0.00837787	0.00427945	0.00200327	0.00087509	0.00035047	0.000131588	4.54021e-05	1.47813e-05	4.4306e-06	1.25946e-06	3.29577e-07	8.19462e-08	1.8708e-08	4.05637e-09	8.05528e-10	1.52011e-10	2.61849e-11	4.27814e-12	6.38223e-13	9.05256e-14	1.17392e-14	1.45248e-15	1.64651e-16	1.7831e-17	1.76542e-18	1.67382e-19	1.45022e-20	1.20701e-21	9.16929e-23	6.72464e-24	4.49997e-25	2.93016e-26	1.73954e-27	1.01599e-28	5.4146e-30	2.87384e-31	1.38544e-32	6.74414e-34	2.97265e-35	1.34064e-36	5.43833e-38	2.28284e-39	8.58923e-41	3.38448e-42	1.1978e-43	4.52166e-45	1.57463e-46	6.00769e-48	2.21042e-49	8.90501e-51	3.52071e-52	1.44294e-53	5.76111e-55	3.10004e-56	
N32	0.0067344	0.0088482	0.0128152	0.0194188	0.0290612	0.0423869	0.0587386	0.0774159	0.094197	0.105436	0.106313	0.0988696	0.0852381	0.0711119	0.0567412	0.0441624	0.0318946	0.021814	0.0133955	0.0078103	0.0040376	0.00202489	0.000895654	0.000396077	0.000152509	5.98188e-05	2.0032e-05	6.86735e-06	1.96926e-06	5.78217e-07	1.40492e-07	3.51449e-08	7.20998e-09	1.53582e-09	2.69489e-10	5.02842e-11	7.86918e-12	1.35697e-12	2.06906e-13	3.30601e-14	4.50578e-15	6.29082e-16	7.65859e-17	9.36182e-18	1.00564e-18	1.06722e-19	1.00476e-20	9.25702e-22	7.56177e-23	6.02659e-24	4.2827e-25	2.98167e-26	1.83721e-27	1.12255e-28	6.08182e-30	3.34861e-31	1.61329e-32	8.15625e-34	3.60439e-35	1.74476e-36	7.21927e-38	3.41453e-39	1.42475e-40	7.21585e-42	3.45986e-43	2.04344e-44	1.21643e-45	7.87263e-47	5.00191e-48	4.47172e-49	
Eleocharis_uniglumis	0	0	0	0	0	0	0	0	0	0	0	0	0	0	0	0	0	0	0	0	0	0	0	1	0	0	0	0	0	0	0	0	0	0	0	0	0	0	0	0	0	0	0	0	0	0	0	0	0	0	0	0	0	0	0	0	0	0	0	0	0	0	0	0	0	0	0	0	0	0	
Eleocharis_acicularis	0	0	0	0	0	0	0	0	0	1	0	0	0	0	0	0	0	0	0	0	0	0	0	0	0	0	0	0	0	0	0	0	0	0	0	0	0	0	0	0	0	0	0	0	0	0	0	0	0	0	0	0	0	0	0	0	0	0	0	0	0	0	0	0	0	0	0	0	0	0	
N33	0.0216845	0.0272887	0.0369255	0.0513524	0.0693465	0.0891372	0.10614	0.116864	0.117201	0.107416	0.0889163	0.0668453	0.0451533	0.0276194	0.0151242	0.00752447	0.00335885	0.00136718	0.000499181	0.000167463	5.03655e-05	1.40915e-05	3.53218e-06	8.41971e-07	1.79366e-07	3.76215e-08	7.00583e-09	1.34477e-09	2.2524e-10	4.06042e-11	6.20687e-12	1.05021e-12	1.45477e-13	2.25178e-14	2.78773e-15	3.89046e-16	4.28427e-17	5.3862e-18	5.37721e-19	6.12991e-20	5.50758e-21	5.68278e-22	4.70144e-23	4.4583e-24	3.43774e-25	2.98777e-26	2.15826e-27	1.71201e-28	1.14128e-29	8.12935e-31	4.95748e-32	3.16479e-33	1.73156e-34	9.81004e-36	4.81469e-37	2.45011e-38	1.07e-39	4.89099e-41	1.92516e-42	8.15211e-44	2.89486e-45	1.15301e-46	3.94036e-48	1.6757e-49	6.7004e-51	3.74357e-52	2.21299e-53	1.48496e-54	9.60894e-56	8.54522e-57	
N34	0.00231159	0.00488382	0.0124826	0.030038	0.0618638	0.107726	0.1547	0.18231	0.17241	0.131268	0.0795252	0.0388406	0.0151975	0.00485599	0.00125854	0.000271925	4.85419e-05	7.38905e-06	9.44292e-07	1.0578e-07	1.00937e-08	8.71565e-10	6.49962e-11	4.55905e-12	2.78497e-13	1.65896e-14	8.58773e-16	4.43284e-17	1.96287e-18	8.73937e-20	3.29754e-21	1.25739e-22	4.02531e-24	1.30886e-25	3.57042e-27	1.00235e-28	2.37011e-30	5.88948e-32	1.25834e-33	2.83237e-35	5.46001e-37	1.1129e-38	1.97657e-40	3.68262e-42	6.0246e-44	1.01494e-45	1.51426e-47	2.28277e-49	3.04968e-51	4.06296e-53	4.82689e-55	5.68802e-57	5.95685e-59	6.20785e-61	5.77047e-63	5.40777e-65	4.48839e-67	3.83435e-69	2.90759e-71	2.34705e-73	1.66942e-75	1.32172e-77	9.57136e-80	8.19472e-82	6.81496e-84	6.71462e-86	6.62848e-88	6.99161e-90	7.14562e-92	8.53459e-94	
Eleocharis_mamillata_subsp_mamillata	0	0	0	0	0	0	0	1	0	0	0	0	0	0	0	0	0	0	0	0	0	0	0	0	0	0	0	0	0	0	0	0	0	0	0	0	0	0	0	0	0	0	0	0	0	0	0	0	0	0	0	0	0	0	0	0	0	0	0	0	0	0	0	0	0	0	0	0	0	0	
Eleocharis_compressa_var_compressa	0	0	0	0	0	0	0	0	1	0	0	0	0	0	0	0	0	0	0	0	0	0	0	0	0	0	0	0	0	0	0	0	0	0	0	0	0	0	0	0	0	0	0	0	0	0	0	0	0	0	0	0	0	0	0	0	0	0	0	0	0	0	0	0	0	0	0	0	0	0	
Eleocharis_flavescens_var_olivacea	0	0	0	0	0	0	0	0	0	1	0	0	0	0	0	0	0	0	0	0	0	0	0	0	0	0	0	0	0	0	0	0	0	0	0	0	0	0	0	0	0	0	0	0	0	0	0	0	0	0	0	0	0	0	0	0	0	0	0	0	0	0	0	0	0	0	0	0	0	0	
N35	0.0223049	0.0282342	0.0378901	0.0512393	0.066189	0.0814127	0.0930838	0.100579	0.100624	0.0955376	0.0837328	0.0701046	0.053861	0.0400532	0.0271617	0.0183794	0.011326	0.00729796	0.00430242	0.00282573	0.00164517	0.00103615	0.00056181	0.000323196	0.000156798	7.97337e-05	3.39822e-05	1.51885e-05	5.63209e-06	2.2129e-06	7.2059e-07	2.56053e-07	7.51447e-08	2.53832e-08	7.60932e-09	2.8502e-09	1.02861e-09	4.32096e-10	1.71876e-10	5.82788e-11	1.6597e-11	4.32881e-12	9.99975e-13	2.15891e-13	4.18735e-14	7.67762e-15	1.27499e-15	2.02577e-16	2.90691e-17	4.05255e-18	5.10748e-19	6.41228e-20	7.16321e-21	8.27981e-22	8.48751e-23	9.55613e-24	9.30046e-25	1.04267e-25	9.98519e-27	1.11194e-27	1.01027e-28	1.06216e-29	9.48863e-31	1.03674e-31	1.09315e-32	1.52398e-33	2.30449e-34	3.97515e-35	7.25914e-36	1.73297e-36	
N36	0.0112571	0.0150723	0.0219938	0.0325839	0.0462016	0.0622701	0.0780274	0.0920269	0.100582	0.103659	0.0988129	0.0889717	0.0737588	0.0580181	0.0418516	0.0291089	0.0186133	0.011751	0.00683751	0.00405927	0.00219419	0.00121559	0.000600295	0.00030334	0.00013335	5.98462e-05	2.29775e-05	9.0598e-06	3.00791e-06	1.0415e-06	3.00419e-07	9.31033e-08	2.36099e-08	6.68128e-09	1.55024e-09	4.25267e-10	9.83691e-11	2.83157e-11	7.47996e-12	1.99204e-12	4.31696e-13	9.43077e-14	1.75724e-14	3.31115e-15	5.37004e-16	8.82675e-17	1.2575e-17	1.82913e-18	2.27814e-19	2.93456e-20	3.23044e-21	3.76982e-22	3.65852e-23	3.89156e-24	3.41545e-25	3.44659e-26	2.75784e-27	2.63257e-28	1.97752e-29	1.81843e-30	1.2509e-31	1.06073e-32	6.82205e-34	5.59281e-35	3.57865e-36	3.35707e-37	3.45281e-38	5.03749e-39	7.89871e-40	1.67321e-40	
N37	0.00516881	0.00724543	0.0114208	0.0185843	0.0291549	0.0434958	0.0601717	0.0778789	0.092963	0.103985	0.107288	0.103912	0.0924112	0.0772014	0.0588447	0.0425448	0.0280354	0.0177901	0.0102585	0.00585139	0.00299781	0.00154706	0.000703655	0.000328903	0.000131788	5.5298e-05	1.93477e-05	7.25851e-06	2.2028e-06	7.38407e-07	1.95124e-07	5.92244e-08	1.36632e-08	3.76054e-09	7.69337e-10	1.98126e-10	3.80675e-11	9.93023e-12	2.19877e-12	5.3596e-13	9.98641e-14	2.00456e-14	3.29305e-15	5.70762e-16	8.21896e-17	1.22198e-17	1.53479e-18	1.96853e-19	2.11999e-20	2.3282e-21	2.16537e-22	2.0798e-23	1.65677e-24	1.39274e-25	9.72567e-27	7.47117e-28	4.57731e-29	3.20904e-30	1.78891e-31	1.1979e-32	5.93146e-34	3.63045e-35	1.66329e-36	1.00435e-37	4.53508e-39	3.2101e-40	2.5255e-41	2.75707e-42	3.0366e-43	4.54798e-44	
N38	0.00391767	0.00551489	0.008809	0.014665	0.0237037	0.0365586	0.0523899	0.0702235	0.0867862	0.10035	0.106959	0.106944	0.0981493	0.0846705	0.0665013	0.0496611	0.0335532	0.0220134	0.012889	0.00767779	0.00395095	0.00219213	0.00099269	0.000532118	0.000212071	0.000112406	3.95019e-05	2.09527e-05	6.46547e-06	3.36302e-06	9.1527e-07	4.62598e-07	1.09456e-07	5.19726e-08	1.0802e-08	4.94146e-09	9.32347e-10	4.5072e-10	1.49622e-10	6.11635e-11	1.54524e-11	4.93089e-12	1.18964e-12	3.31214e-13	7.24448e-14	1.70504e-14	3.32359e-15	6.72836e-16	1.12219e-16	1.91409e-17	2.76788e-18	4.13422e-19	5.02816e-20	6.43954e-21	6.8503e-22	8.24067e-23	7.36174e-24	7.96856e-25	6.55061e-26	7.68969e-27	5.13114e-28	5.43126e-29	3.55008e-30	4.74538e-31	2.37195e-32	2.85236e-33	3.32399e-34	1.24305e-34	4.76262e-35	2.45037e-35	
N39	0.000872978	0.00109131	0.00147094	0.00208313	0.00298896	0.00434754	0.00629841	0.00911589	0.0129314	0.018105	0.024851	0.0339736	0.0456536	0.0602307	0.0757043	0.0905187	0.100061	0.102787	0.0959981	0.083011	0.0653237	0.0484289	0.0335467	0.023014	0.0155943	0.011165	0.00814871	0.00630622	0.00478083	0.00369808	0.00268389	0.00194686	0.00129235	0.00084987	0.000506594	0.000299499	0.000159787	8.49653e-05	4.08313e-05	1.95721e-05	8.43754e-06	3.64167e-06	1.41698e-06	5.53318e-07	1.95003e-07	6.89465e-08	2.20456e-08	7.05531e-09	2.04194e-09	5.89818e-10	1.54526e-10	4.02489e-11	9.48138e-12	2.22119e-12	4.71912e-13	1.00107e-13	1.92844e-14	3.7399e-15	6.63805e-16	1.20488e-16	2.02993e-17	3.58623e-18	6.08245e-19	1.10957e-19	2.00373e-20	3.86605e-21	7.44149e-22	1.49705e-22	3.23104e-23	1.08963e-23	
N40	8.30301e-06	6.28454e-06	3.46809e-06	1.66844e-06	1.07936e-06	1.58657e-06	4.52207e-06	1.43381e-05	3.54749e-05	4.52515e-05	3.32611e-05	4.75454e-05	0.000231876	0.00143789	0.00750226	0.0303808	0.0901975	0.187572	0.257469	0.227807	0.129777	0.0501351	0.0137987	0.00288887	0.000485421	7.93313e-05	1.96406e-05	8.25322e-06	3.72328e-06	1.49122e-06	5.02127e-07	1.43715e-07	3.42431e-08	6.89644e-09	1.15173e-09	1.61815e-10	1.87722e-11	1.82683e-12	1.4666e-13	9.89502e-15	5.53108e-16	2.62057e-17	1.03895e-18	3.53874e-20	1.02146e-21	2.57392e-23	5.56961e-25	1.07019e-26	1.78789e-28	2.70038e-30	3.58963e-32	4.39038e-34	4.764e-36	4.84915e-38	4.41637e-40	3.8484e-42	3.02163e-44	2.31591e-46	1.61497e-48	1.12393e-50	7.24131e-53	4.76271e-55	2.97121e-57	1.90438e-59	1.16925e-61	7.20562e-64	4.21751e-66	2.40038e-68	1.28953e-70	7.82011e-73	
Schoenoplectus_pungens	0	0	0	0	0	0	0	0	0	0	0	0	0	0	0	0	0	0	0	0	0	0	0	0	0	0	0	0	0	0	0	0	0	0	0	0	0	0	1	0	0	0	0	0	0	0	0	0	0	0	0	0	0	0	0	0	0	0	0	0	0	0	0	0	0	0	0	0	0	0	
N41	4.39514e-08	3.27953e-08	1.91706e-08	1.20446e-08	1.1506e-08	2.4879e-08	1.20217e-07	5.78202e-07	1.80191e-06	3.0182e-06	3.36008e-06	6.07967e-06	3.95821e-05	0.000402978	0.00335111	0.0195933	0.0756893	0.185074	0.276938	0.248994	0.13451	0.0445639	0.00937029	0.00131272	0.000132194	1.16851e-05	1.29677e-06	1.92602e-07	2.7464e-08	3.22028e-09	2.97733e-10	2.17848e-11	1.26027e-12	5.80648e-14	2.1349e-15	6.2971e-17	1.49299e-18	2.85946e-20	4.4355e-22	5.60423e-24	5.78873e-26	4.92246e-28	3.46172e-30	2.02987e-32	9.96994e-35	4.14145e-37	1.45947e-39	4.42512e-42	1.15646e-44	2.7342e-47	6.31463e-50	1.98019e-52	9.27401e-55	5.46037e-57	2.94158e-59	1.44948e-61	5.91112e-64	2.21058e-66	6.63531e-69	2.03147e-71	4.64766e-74	1.4801e-76	2.89681e-79	1.24288e-81	2.33777e-84	1.2076e-86	3.13006e-89	2.23736e-91	1.33159e-93	9.41953e-96	
Schoenoplectus_acutus_var_acutus	0	0	0	0	0	0	0	0	0	0	0	0	0	0	0	0	0	0	1	0	0	0	0	0	0	0	0	0	0	0	0	0	0	0	0	0	0	0	0	0	0	0	0	0	0	0	0	0	0	0	0	0	0	0	0	0	0	0	0	0	0	0	0	0	0	0	0	0	0	0	
N42	5.81377e-10	4.43388e-10	2.8239e-10	2.4022e-10	3.90926e-10	1.28502e-09	7.33075e-09	4.30964e-08	1.82243e-07	5.08273e-07	1.08727e-06	2.91257e-06	1.43164e-05	0.00013458	0.00140322	0.0106706	0.0521846	0.155834	0.274124	0.277659	0.161157	0.0543446	0.0109695	0.00137985	0.000113158	6.46629e-06	2.7961e-07	1.29394e-08	5.90327e-10	5.61974e-11	2.57126e-12	2.63072e-13	8.91932e-15	6.879e-16	1.71603e-17	9.22055e-19	1.68139e-20	6.18764e-22	7.97412e-24	2.08191e-25	1.89452e-27	3.77409e-29	2.52953e-31	4.0186e-33	2.05866e-35	2.63288e-37	1.05236e-39	1.09754e-41	3.54402e-44	3.2002e-46	1.20443e-48	1.37685e-50	1.34429e-52	1.59611e-54	1.51831e-56	1.19445e-58	7.34722e-61	3.58416e-63	1.37413e-65	4.2462e-68	1.04028e-70	2.17681e-73	3.82513e-76	9.19483e-79	1.46072e-81	9.12019e-84	9.30239e-86	1.48907e-87	1.87191e-89	2.18454e-91	
Schoenoplectus_lacustris	0	0	0	0	0	0	0	0	0	0	0	0	0	0	0	0	0	0	0	0	1	0	0	0	0	0	0	0	0	0	0	0	0	0	0	0	0	0	0	0	0	0	0	0	0	0	0	0	0	0	0	0	0	0	0	0	0	0	0	0	0	0	0	0	0	0	0	0	0	0	
Schoenoplectus_heterochaetus	0	0	0	0	0	0	0	0	0	0	0	0	0	0	0	0	0	0	1	0	0	0	0	0	0	0	0	0	0	0	0	0	0	0	0	0	0	0	0	0	0	0	0	0	0	0	0	0	0	0	0	0	0	0	0	0	0	0	0	0	0	0	0	0	0	0	0	0	0	0	
Actinoscirpus_grossus	0	0	0	0	0	0	0	0	0	0	0	0	0	0	0	0	0	0	0	0	0	0	0	0	0	0	0	0	0	0	0	0	0	0	0	0	0	0	0	0	1	0	0	0	0	0	0	0	0	0	0	0	0	0	0	0	0	0	0	0	0	0	0	0	0	0	0	0	0	0	
N43	0.000594629	0.000931961	0.00176417	0.00355532	0.00696283	0.0129146	0.0221013	0.0350943	0.0512141	0.0696001	0.0873407	0.102408	0.110601	0.111225	0.102157	0.0874128	0.0680498	0.0495217	0.0326478	0.0203992	0.0115001	0.0062785	0.00307822	0.00150879	0.000656531	0.000294669	0.000114995	4.72286e-05	1.63983e-05	6.04177e-06	1.84032e-06	5.98667e-07	1.57889e-07	4.46818e-08	1.01787e-08	2.52764e-09	5.05452e-10	1.13137e-10	2.10903e-11	4.32261e-12	7.26603e-13	1.32775e-13	2.04397e-14	3.34404e-15	4.65923e-16	6.69494e-17	8.30546e-18	1.03679e-18	1.11823e-19	1.19605e-20	1.11583e-21	1.02859e-22	8.21308e-24	6.52114e-25	4.50418e-26	3.15574e-27	1.89343e-28	1.18491e-29	6.34276e-31	3.70075e-32	1.78881e-33	9.89006e-35	4.64626e-36	2.71257e-37	1.4547e-38	1.0213e-39	7.25907e-41	5.71328e-42	4.34886e-43	4.66234e-44	
N44	0.000287549	0.000448885	0.000854759	0.00176221	0.00359797	0.00703981	0.0128539	0.0218719	0.0343926	0.050277	0.0679788	0.0855783	0.0996664	0.108076	0.108144	0.101029	0.0870407	0.0700033	0.0516767	0.0357855	0.022651	0.0136432	0.00748909	0.00403649	0.00197391	0.000997278	0.000450784	0.000222343	9.47222e-05	4.54161e-05	1.79883e-05	8.08187e-06	2.88682e-06	1.16574e-06	3.67065e-07	1.31221e-07	3.61134e-08	1.142e-08	2.78333e-09	7.88204e-10	1.71174e-10	4.38319e-11	8.78574e-12	2.08081e-12	3.94083e-13	8.58041e-14	1.54141e-14	3.03643e-15	5.00251e-16	8.63495e-17	1.27356e-17	1.90947e-18	2.44391e-19	3.13897e-20	3.47916e-21	3.88954e-22	3.70298e-23	3.61909e-24	3.02058e-25	2.70561e-26	1.99379e-27	1.67602e-28	1.1828e-29	1.07702e-30	8.90203e-32	1.05764e-32	1.30261e-33	1.83568e-34	2.57251e-35	5.12553e-36	
N45	0.000183759	0.0002911	0.000566843	0.00119844	0.00251602	0.0050728	0.00958053	0.0169134	0.0276918	0.0421656	0.0593414	0.0774491	0.0932927	0.10433	0.10785	0.104202	0.0933982	0.0782984	0.0606726	0.044042	0.0294296	0.0185774	0.0107713	0.00603185	0.00309521	0.00159983	0.000750297	0.000376496	0.000166014	8.3075e-05	3.45088e-05	1.69479e-05	6.46976e-06	2.98591e-06	1.02091e-06	4.31498e-07	1.30312e-07	4.9801e-08	1.33244e-08	4.60674e-09	1.09209e-09	3.41919e-10	7.36675e-11	2.12217e-11	4.27081e-12	1.13099e-12	2.18702e-13	5.30299e-14	9.73384e-15	2.09712e-15	3.58545e-16	6.79751e-17	1.03812e-17	1.69643e-18	2.2913e-19	3.27378e-20	3.82916e-21	4.75931e-22	4.88779e-23	5.52444e-24	4.93202e-25	5.09346e-26	4.17588e-27	4.42673e-28	3.73309e-29	5.11156e-30	7.94784e-31	1.66581e-31	3.49134e-32	1.05694e-32	
Scirpus_ficinioides	0	0	0	0	0	0	0	0	0	0	0	0	0	0	0	0	0	0	0	0	0	0	0	0	0	1	0	0	0	0	0	0	0	0	0	0	0	0	0	0	0	0	0	0	0	0	0	0	0	0	0	0	0	0	0	0	0	0	0	0	0	0	0	0	0	0	0	0	0	0	
N46	1.51189e-05	3.03689e-05	8.2312e-05	0.000241657	0.00068094	0.00177371	0.00418478	0.00901419	0.0177358	0.0320309	0.0525089	0.0777446	0.102708	0.121054	0.126651	0.119089	0.100936	0.0785068	0.0565222	0.0385065	0.0248951	0.0155056	0.00918124	0.00520834	0.00275534	0.00137742	0.00062847	0.000270144	0.00010455	3.86118e-05	1.27318e-05	4.09789e-06	1.16048e-06	3.25796e-07	7.89602e-08	1.91949e-08	3.94727e-09	8.20946e-10	1.42302e-10	2.514e-11	3.66129e-12	5.48687e-13	6.7488e-14	8.63097e-15	9.04477e-16	9.94328e-17	8.98751e-18	8.56495e-19	6.7392e-20	5.5836e-21	3.85418e-22	2.77895e-23	1.67524e-24	1.04465e-25	5.49097e-27	2.96151e-28	1.35001e-29	6.28766e-31	2.49078e-32	1.01221e-33	3.50865e-35	1.2715e-36	4.05977e-38	1.4356e-39	4.86168e-41	1.93212e-42	7.78793e-44	3.36458e-45	1.40788e-46	7.77876e-48	
N47	1.10585e-05	2.18488e-05	5.87477e-05	0.000173371	0.000497824	0.00133107	0.00324211	0.00720332	0.0146516	0.027451	0.0470061	0.072758	0.100068	0.12119	0.128287	0.120055	0.100561	0.0778736	0.0573435	0.0414632	0.0292456	0.0200897	0.0129212	0.00788275	0.0043527	0.00230527	0.00108204	0.000512543	0.000209343	9.39386e-05	3.45835e-05	1.51809e-05	5.06333e-06	2.08642e-06	6.12573e-07	2.24943e-07	5.66893e-08	1.80646e-08	3.88247e-09	1.07316e-09	1.97415e-10	4.77139e-11	7.65093e-12	1.64581e-12	2.36224e-13	4.58389e-14	6.155e-15	1.09257e-15	1.40241e-16	2.23028e-17	2.71246e-18	3.77316e-19	4.11999e-20	4.84843e-21	4.62991e-22	4.63712e-23	3.77751e-24	3.21492e-25	2.2644e-26	1.71073e-27	1.03542e-28	6.99992e-30	3.82924e-31	2.61162e-32	1.4667e-33	1.33923e-34	1.43801e-35	2.00396e-36	2.67939e-37	5.00261e-38	
Isolepis_crassiuscula	0	0	0	0	0	0	0	0	0	0	0	0	0	0	0	0	0	0	0	0	0	0	0	0	0	0	0	0	0	0	0	1	0	0	0	0	0	0	0	0	0	0	0	0	0	0	0	0	0	0	0	0	0	0	0	0	0	0	0	0	0	0	0	0	0	0	0	0	0	0	
N48	6.58237e-07	1.77165e-06	6.98634e-06	2.91622e-05	0.000112735	0.000388982	0.00118731	0.00329727	0.00848131	0.0201228	0.0425798	0.0780448	0.120854	0.15668	0.168613	0.151491	0.113371	0.0711863	0.0375273	0.0167899	0.0063804	0.00208599	0.000585992	0.000143474	3.04725e-05	5.70806e-06	9.34872e-07	1.36679e-07	1.76008e-08	2.05105e-09	2.12047e-10	2.01633e-11	1.70798e-12	1.34867e-13	9.50737e-15	6.34688e-16	3.77811e-17	2.16633e-18	1.10415e-19	5.52833e-21	2.44918e-22	1.08945e-23	4.26632e-25	1.71293e-26	6.01433e-28	2.19906e-29	6.98772e-31	2.3314e-32	6.72189e-34	2.03835e-35	5.33326e-37	1.46288e-38	3.45281e-40	8.52e-42	1.81294e-43	4.02964e-45	7.73635e-47	1.55408e-48	2.70862e-50	4.96452e-52	7.93949e-54	1.35072e-55	2.05215e-57	3.4127e-59	5.35649e-61	9.50645e-63	1.68591e-64	3.25156e-66	6.19198e-68	1.49082e-69	
Ficinia_spiralis	0	0	0	0	0	0	0	0	0	0	0	0	0	0	1	0	0	0	0	0	0	0	0	0	0	0	0	0	0	0	0	0	0	0	0	0	0	0	0	0	0	0	0	0	0	0	0	0	0	0	0	0	0	0	0	0	0	0	0	0	0	0	0	0	0	0	0	0	0	0	
Ficinia_nodosa	0	0	0	0	0	0	0	0	0	0	0	0	0	0	1	0	0	0	0	0	0	0	0	0	0	0	0	0	0	0	0	0	0	0	0	0	0	0	0	0	0	0	0	0	0	0	0	0	0	0	0	0	0	0	0	0	0	0	0	0	0	0	0	0	0	0	0	0	0	0	
N49	1.68584e-05	3.0327e-05	7.32372e-05	0.000199353	0.000542369	0.0013984	0.00330827	0.00715401	0.014216	0.0263101	0.0451587	0.0710099	0.100045	0.124387	0.134352	0.126312	0.103583	0.076094	0.0520369	0.0353748	0.0248107	0.0181241	0.0130827	0.00913131	0.00586149	0.00355006	0.00193441	0.00102009	0.00048113	0.00023123	9.81548e-05	4.45393e-05	1.72008e-05	7.19461e-06	2.4604e-06	9.10439e-07	2.68331e-07	8.56634e-08	2.15354e-08	5.90751e-09	1.26808e-09	3.00709e-10	5.57581e-11	1.15921e-11	1.88907e-12	3.49433e-13	5.13375e-14	8.57843e-15	1.15623e-15	1.74218e-16	2.163e-17	2.9053e-18	3.24379e-19	3.79828e-20	3.75232e-21	3.81625e-22	3.28572e-23	2.8965e-24	2.18232e-25	1.70245e-26	1.12715e-27	7.96235e-29	4.92186e-30	3.57236e-31	2.52941e-32	2.35446e-33	2.31286e-34	2.50464e-35	2.6546e-36	4.08735e-37	
Isolepis_prolifera	0	0	0	0	0	0	0	0	0	0	0	0	0	0	0	0	0	0	0	0	0	0	0	0	0	0	0	0	0	0	0	0	1	0	0	0	0	0	0	0	0	0	0	0	0	0	0	0	0	0	0	0	0	0	0	0	0	0	0	0	0	0	0	0	0	0	0	0	0	0	
Isolepis_setacea	0	0	0	0	0	0	0	0	0	0	0	0	0	1	0	0	0	0	0	0	0	0	0	0	0	0	0	0	0	0	0	0	0	0	0	0	0	0	0	0	0	0	0	0	0	0	0	0	0	0	0	0	0	0	0	0	0	0	0	0	0	0	0	0	0	0	0	0	0	0	
Scirpoides_holoschoenus	0	0	0	0	0	0	0	0	0	0	0	0	0	0	0	0	0	0	0	0	1	0	0	0	0	0	0	0	0	0	0	0	0	0	0	0	0	0	0	0	0	0	0	0	0	0	0	0	0	0	0	0	0	0	0	0	0	0	0	0	0	0	0	0	0	0	0	0	0	0	
N50	4.88217e-05	8.61221e-05	0.000194107	0.000474541	0.00113566	0.00257428	0.00538309	0.0104032	0.0184551	0.0303543	0.0461227	0.065303	0.0854949	0.103949	0.115806	0.118985	0.110928	0.0945005	0.0723635	0.0505762	0.0316386	0.0181873	0.00935573	0.0044939	0.00193519	0.000797735	0.000295057	0.000107464	3.48836e-05	1.13818e-05	3.25943e-06	9.46947e-07	2.36461e-07	5.98199e-08	1.28321e-08	2.79617e-09	5.12385e-10	9.60423e-11	1.51369e-11	2.45692e-12	3.34255e-13	4.73302e-14	5.65664e-15	7.09154e-16	7.55292e-17	8.42409e-18	8.05935e-19	7.97981e-20	6.80198e-21	5.8997e-22	4.43956e-23	3.34763e-24	2.18748e-25	1.42119e-26	8.04486e-28	4.53241e-29	2.2188e-30	1.09067e-31	4.67957e-33	2.06096e-34	7.92535e-36	3.25779e-37	1.22007e-38	5.23133e-40	2.18607e-41	1.05692e-42	5.06948e-44	2.54328e-45	1.2377e-46	8.15699e-48	
N51	3.96287e-05	5.87046e-05	0.000105606	0.000211808	0.000437895	0.000900697	0.00178828	0.00339331	0.00605983	0.0101817	0.0160666	0.0241086	0.034566	0.0478162	0.0633629	0.080448	0.0959988	0.107147	0.109837	0.103931	0.0892916	0.0708934	0.0509725	0.0343995	0.0210935	0.0125464	0.00682252	0.00376658	0.0018932	0.000998041	0.000467102	0.000230386	9.74831e-05	4.29985e-05	1.59568e-05	6.15459e-06	1.97777e-06	6.63382e-07	1.84816e-07	5.42581e-08	1.31884e-08	3.42931e-09	7.41201e-10	1.74305e-10	3.43299e-11	7.43031e-12	1.36836e-12	2.75087e-13	4.75449e-14	8.75057e-15	1.40203e-15	2.3205e-16	3.34369e-17	4.87275e-18	6.22694e-19	7.9849e-20	8.95508e-21	1.01223e-21	1.00564e-22	1.03028e-23	9.24958e-25	8.98953e-26	8.01244e-27	8.48493e-28	8.92033e-29	1.13519e-29	1.45292e-30	1.9781e-31	2.68862e-32	5.61373e-33	
Cyperus_fuscus	0	0	0	0	0	0	0	0	0	0	0	0	0	0	0	0	0	0	0	0	0	0	0	1	0	0	0	0	0	0	0	0	0	0	0	0	0	0	0	0	0	0	0	0	0	0	0	0	0	0	0	0	0	0	0	0	0	0	0	0	0	0	0	0	0	0	0	0	0	0	
Cyperus_eragrostis	0	0	0	0	0	0	0	0	0	0	0	0	0	0	0	0	0	0	0	0	1	0	0	0	0	0	0	0	0	0	0	0	0	0	0	0	0	0	0	0	0	0	0	0	0	0	0	0	0	0	0	0	0	0	0	0	0	0	0	0	0	0	0	0	0	0	0	0	0	0	
N52	2.4031e-05	4.41755e-05	0.000107101	0.000284599	0.000740134	0.00180649	0.00403727	0.00825668	0.0154527	0.0267166	0.0427013	0.0632303	0.0860964	0.10744	0.121707	0.125336	0.11635	0.0974308	0.0730943	0.0493653	0.0298133	0.0162662	0.00794738	0.00354367	0.00141964	0.000529394	0.000177869	5.76398e-05	1.67732e-05	4.99051e-06	1.3071e-06	3.78245e-07	9.14968e-08	2.60401e-08	5.77142e-09	1.55911e-09	3.07928e-10	7.52387e-11	1.29397e-11	2.78154e-12	4.11424e-13	7.7125e-14	9.85504e-15	1.62183e-15	1.81287e-16	2.63935e-17	2.64197e-18	3.43971e-19	3.14559e-20	3.65777e-21	3.11153e-22	3.22585e-23	2.52456e-24	2.29012e-25	1.62757e-26	1.28555e-27	8.06854e-29	5.47724e-30	3.0128e-31	1.78633e-32	8.48666e-34	4.41274e-35	1.8612e-36	9.20889e-38	3.86622e-39	2.40096e-40	1.76534e-41	1.71631e-42	1.64144e-43	2.15057e-44	
N53	5.98329e-06	1.03589e-05	2.25294e-05	5.49642e-05	0.000144208	0.000403078	0.00116033	0.00319505	0.00772409	0.0157699	0.0275668	0.0440203	0.0666127	0.0942746	0.120209	0.136299	0.13554	0.118576	0.090966	0.0620046	0.037431	0.0203997	0.00997335	0.00453586	0.00189413	0.00076758	0.000285371	0.000105165	3.40161e-05	1.1133e-05	3.02269e-06	8.42972e-07	1.83163e-07	4.0512e-08	6.71688e-09	1.12996e-09	1.40751e-10	1.79589e-11	1.70533e-12	1.69666e-13	1.27469e-14	1.04313e-15	6.64984e-17	4.85636e-18	2.85655e-19	1.98589e-20	1.13072e-21	7.51852e-23	4.09045e-24	2.49957e-25	1.26333e-26	6.8412e-28	3.07071e-29	1.41363e-30	5.43174e-32	2.07535e-33	6.571e-35	2.03792e-36	5.24981e-38	1.33575e-39	2.78593e-41	5.94858e-43	1.07591e-44	2.23755e-46	4.42212e-48	1.12715e-49	2.90681e-51	7.89179e-53	1.95543e-54	5.6907e-56	
N54	2.1514e-06	3.80983e-06	8.59771e-06	2.16037e-05	5.71036e-05	0.000156368	0.000434704	0.0011697	0.00285731	0.00611966	0.0115974	0.0204841	0.0348792	0.0566801	0.0845054	0.113231	0.133256	0.138004	0.122926	0.0969862	0.0648659	0.0413466	0.02222	0.0143595	0.00755978	0.00686145	0.00412207	0.00486368	0.00291026	0.0032093	0.00164673	0.00144935	0.000592323	0.000398183	0.00012547	6.55988e-05	1.58013e-05	6.61491e-06	1.24777e-06	4.37594e-07	6.66266e-08	1.99297e-08	2.85073e-09	7.97327e-10	1.29319e-10	3.19876e-11	5.84465e-12	1.17822e-12	1.8279e-13	2.69288e-14	3.24848e-15	3.55164e-16	3.12735e-17	2.49512e-18	1.66276e-19	1.055e-20	5.2407e-22	2.64809e-23	1.08231e-24	5.7636e-26	1.77391e-27	8.9321e-29	2.72397e-30	2.03188e-31	4.90904e-33	3.48963e-34	2.45954e-35	3.45918e-36	4.1585e-37	6.23348e-38	
N55	3.55286e-06	6.35936e-06	1.37798e-05	3.08384e-05	6.76264e-05	0.000145932	0.000314944	0.000682813	0.00144561	0.0029062	0.00554275	0.0101872	0.0180035	0.0303373	0.048454	0.0732076	0.101938	0.126811	0.135972	0.124288	0.0956189	0.0640204	0.0376577	0.0219691	0.0130499	0.0100365	0.00826569	0.00922692	0.00852328	0.0102955	0.00852798	0.00956326	0.00664385	0.00648116	0.00369889	0.00304052	0.00140431	0.000957045	0.000355958	0.000202412	6.09484e-05	2.92827e-05	7.35712e-06	3.07447e-06	6.83795e-07	2.54875e-07	5.70106e-08	1.95168e-08	4.53048e-09	1.32267e-09	2.9322e-10	6.99286e-11	1.3039e-11	2.43009e-12	3.67961e-13	5.47553e-14	6.48241e-15	7.66586e-16	7.32855e-17	7.6406e-18	5.85577e-19	5.52109e-20	3.85654e-21	4.1955e-22	2.71474e-23	3.60301e-24	5.45847e-25	1.33335e-25	3.00287e-26	9.49171e-27	
N56	1.48622e-07	1.29294e-07	3.50576e-08	4.22449e-09	2.78062e-10	1.14415e-11	8.42485e-13	7.41754e-12	2.56612e-10	2.51406e-09	2.38225e-10	8.69085e-12	4.52568e-13	3.14507e-12	2.15819e-10	1.19871e-08	4.65715e-07	1.17405e-05	0.000149569	0.000332119	5.1423e-05	3.67999e-06	1.68492e-07	5.17964e-09	1.09042e-10	1.6472e-12	1.83888e-14	3.28265e-16	3.6386e-16	2.43832e-14	2.51222e-12	2.16425e-10	1.43702e-08	7.60306e-07	2.84503e-05	0.000770242	0.0124567	0.115307	0.417316	0.374124	0.0729254	0.006248	0.000266384	7.51918e-06	1.33104e-07	1.82703e-09	1.74844e-11	1.41257e-13	8.4541e-16	4.50326e-18	1.85168e-20	7.00254e-23	2.09972e-25	5.91151e-28	1.34869e-30	2.92452e-33	5.21821e-36	8.92286e-39	1.27489e-41	1.76509e-44	2.08022e-47	2.43229e-50	2.52704e-53	2.72548e-56	2.78769e-59	3.03107e-62	3.2059e-65	3.42144e-68	3.45211e-71	3.5176e-74	
Cyperus_houghtonii	0	0	0	0	0	0	0	0	0	0	0	0	0	0	0	0	0	0	0	0	0	0	0	0	0	0	0	0	0	0	0	0	0	0	0	0	0	0	1	0	0	0	0	0	0	0	0	0	0	0	0	0	0	0	0	0	0	0	0	0	0	0	0	0	0	0	0	0	0	0	
Cyperus_schweinitzii	0	0	0	0	0	0	0	0	0	0	0	0	0	0	0	0	0	0	0	0	0	0	0	0	0	0	0	0	0	0	0	0	0	0	0	0	0	0	0	1	0	0	0	0	0	0	0	0	0	0	0	0	0	0	0	0	0	0	0	0	0	0	0	0	0	0	0	0	0	0	
Lipocarpha_micrantha	0	0	0	0	0	0	0	0	0	0	0	0	0	0	0	0	0	0	0	0	0	0	0	0	0	1	0	0	0	0	0	0	0	0	0	0	0	0	0	0	0	0	0	0	0	0	0	0	0	0	0	0	0	0	0	0	0	0	0	0	0	0	0	0	0	0	0	0	0	0	
Lipocarpha_microcephala	0	0	0	0	0	0	0	0	0	0	0	0	0	0	0	0	0	0	0	0	0	0	1	0	0	0	0	0	0	0	0	0	0	0	0	0	0	0	0	0	0	0	0	0	0	0	0	0	0	0	0	0	0	0	0	0	0	0	0	0	0	0	0	0	0	0	0	0	0	0	
N57	5.3972e-06	1.16803e-05	3.39843e-05	0.000107948	0.000337532	0.000990391	0.00263931	0.00639695	0.0142982	0.0294352	0.0547536	0.0894818	0.123554	0.139586	0.132562	0.112969	0.0899078	0.0685104	0.0503976	0.0353187	0.0229182	0.0134712	0.00708001	0.00329728	0.00132692	0.00044968	0.000124428	2.84062e-05	5.3661e-06	9.09277e-07	1.38745e-07	2.21499e-08	3.426e-09	6.60325e-10	1.26942e-10	3.44965e-11	8.529e-12	2.91273e-12	7.8151e-13	2.71026e-13	6.76869e-14	2.16758e-14	4.97793e-15	1.54383e-15	3.48458e-16	1.0835e-16	2.33817e-17	6.72825e-18	1.27387e-18	3.15732e-19	5.11699e-20	1.07358e-20	1.51847e-21	2.67659e-22	3.3414e-23	4.79516e-24	5.0384e-25	5.60972e-26	4.69108e-27	3.98193e-28	2.56676e-29	1.67621e-30	8.46108e-32	4.55418e-33	2.01387e-34	1.1771e-35	7.88953e-37	7.02461e-38	6.34859e-39	7.88603e-40	
N58	0.00016065	0.000401321	0.00135256	0.0044863	0.0129933	0.0318245	0.0649494	0.109747	0.152515	0.17415	0.163489	0.126828	0.0817459	0.044106	0.020033	0.00773293	0.00254714	0.000718789	0.000174111	3.62812e-05	6.50905e-06	1.00713e-06	1.34489e-07	1.5532e-08	1.5528e-09	1.34766e-10	1.01666e-11	6.69432e-13	3.85353e-14	1.95292e-15	8.73194e-17	3.49808e-18	1.25808e-19	4.21487e-21	1.32753e-22	4.29062e-24	1.40454e-25	5.139e-27	1.86806e-28	7.23011e-30	2.60053e-31	9.42919e-33	3.12155e-34	1.01608e-35	3.02362e-37	8.70235e-39	2.29342e-40	5.76827e-42	1.32897e-43	2.89513e-45	5.78295e-47	1.08503e-48	1.86519e-50	3.00384e-52	4.43423e-54	6.12515e-56	7.75372e-58	9.18786e-60	9.97508e-62	1.01717e-63	9.52094e-66	8.47509e-68	7.04995e-70	5.9171e-72	5.21094e-74	5.61635e-76	7.34018e-78	1.09464e-79	1.65091e-81	2.92455e-83	
Kyllinga_brevifolia	0	0	0	0	0	0	0	0	1	0	0	0	0	0	0	0	0	0	0	0	0	0	0	0	0	0	0	0	0	0	0	0	0	0	0	0	0	0	0	0	0	0	0	0	0	0	0	0	0	0	0	0	0	0	0	0	0	0	0	0	0	0	0	0	0	0	0	0	0	0	
Kyllinga_bulbosa	0	0	0	0	0	0	1	0	0	0	0	0	0	0	0	0	0	0	0	0	0	0	0	0	0	0	0	0	0	0	0	0	0	0	0	0	0	0	0	0	0	0	0	0	0	0	0	0	0	0	0	0	0	0	0	0	0	0	0	0	0	0	0	0	0	0	0	0	0	0	
N59	1.72844e-06	3.76474e-06	1.14084e-05	3.80809e-05	0.000124399	0.000377556	0.00103259	0.00252711	0.00556627	0.0110853	0.0197304	0.0308135	0.0413107	0.0475284	0.0482838	0.0460562	0.0437798	0.0425101	0.0402847	0.0367075	0.0298822	0.0243352	0.0164811	0.0159232	0.0101589	0.015396	0.0091875	0.0139408	0.0068421	0.00815364	0.00334865	0.00325758	0.00125073	0.00122072	0.000573829	0.000765074	0.000478115	0.000790393	0.000516223	0.000883451	0.000526703	0.000869753	0.000577064	0.001096	0.0012674	0.00283271	0.00542293	0.0119287	0.0215438	0.0365872	0.052277	0.0658838	0.0666699	0.0586456	0.0422958	0.0273618	0.0132732	0.00608521	0.00216833	0.0010815	0.000246065	0.000120597	2.99235e-05	2.88586e-05	4.58459e-06	2.98167e-06	1.59287e-06	2.48858e-06	3.54144e-06	6.36117e-06	
Cyperus_papyrus	0	0	0	0	0	0	0	0	0	0	0	0	0	0	0	0	0	0	0	0	0	0	0	0	0	0	0	0	0	0	0	0	0	0	0	0	0	0	0	0	0	0	0	0	0	0	0	0	0	1	0	0	0	0	0	0	0	0	0	0	0	0	0	0	0	0	0	0	0	0	
Cyperus_longus	0	0	0	0	0	0	0	0	0	0	0	0	0	0	0	0	0	0	0	0	0	0	0	0	0	0	0	0	0	0	0	0	0	0	0	0	0	0	0	0	0	0	0	0	0	0	0	0	0	0	0	0	0	0	0	0	0	0	0	1	0	0	0	0	0	0	0	0	0	0	
N60	2.12325e-11	5.24826e-11	7.3106e-10	1.01294e-08	1.10461e-07	1.47053e-06	1.22779e-05	3.6071e-05	1.62559e-05	8.62682e-06	6.10891e-05	0.000929391	0.0102313	0.0686626	0.245036	0.389575	0.221281	0.0559643	0.00753378	0.000616486	3.31934e-05	1.2622e-06	3.51846e-08	7.53757e-10	1.2621e-11	1.71743e-13	1.9068e-15	1.79526e-17	1.4232e-19	9.91733e-22	5.9599e-24	3.24764e-26	1.54922e-28	6.84859e-31	2.67139e-33	9.80163e-36	3.17889e-38	9.78575e-41	2.66298e-43	6.92209e-46	1.59048e-48	3.51482e-51	6.88094e-54	1.3057e-56	2.20135e-59	3.62696e-62	5.33059e-65	7.71648e-68	9.99937e-71	1.28436e-73	1.4827e-76	1.70154e-79	1.7565e-82	1.80593e-85	1.67477e-88	1.54918e-91	1.29586e-94	1.08493e-97	8.27854e-101	6.38372e-104	4.56002e-107	3.35558e-110	2.36213e-113	1.74843e-116	1.27365e-119	9.69065e-123	7.26574e-126	5.49795e-129	4.03658e-132	3.05168e-135	
Cyperus_involucratus	0	0	0	0	0	0	0	0	0	0	0	0	0	0	0	1	0	0	0	0	0	0	0	0	0	0	0	0	0	0	0	0	0	0	0	0	0	0	0	0	0	0	0	0	0	0	0	0	0	0	0	0	0	0	0	0	0	0	0	0	0	0	0	0	0	0	0	0	0	0	
Cyperus_alternifolius	0	0	0	0	0	0	0	0	0	0	0	0	0	0	0	1	0	0	0	0	0	0	0	0	0	0	0	0	0	0	0	0	0	0	0	0	0	0	0	0	0	0	0	0	0	0	0	0	0	0	0	0	0	0	0	0	0	0	0	0	0	0	0	0	0	0	0	0	0	0	
N61	0.00043485	0.000700945	0.00138744	0.00292753	0.00596913	0.0114511	0.0200872	0.0324793	0.0482941	0.0674376	0.0878348	0.107097	0.119588	0.122176	0.11198	0.0929113	0.0686994	0.0457423	0.0270406	0.0144025	0.00680587	0.00290731	0.00110384	0.000381321	0.000117413	3.317e-05	8.38083e-06	1.96145e-06	4.11753e-07	8.08437e-08	1.42711e-08	2.3798e-09	3.56489e-10	5.06854e-11	6.47405e-12	7.89928e-13	8.65916e-14	9.12565e-15	8.65666e-16	7.92232e-17	6.51518e-18	5.19535e-19	3.7311e-20	2.61068e-21	1.64814e-22	1.01763e-23	5.68323e-25	3.11278e-26	1.5442e-27	7.52622e-29	3.33209e-30	1.44956e-31	5.72327e-33	2.22423e-34	7.86695e-36	2.74839e-37	8.76563e-39	2.77948e-40	8.11751e-42	2.38558e-43	6.55947e-45	1.84768e-46	5.00096e-48	1.40632e-49	3.87602e-51	1.10061e-52	3.06472e-54	8.56194e-56	2.34527e-57	8.36869e-59	
Schoenoplectus_hallii	0	0	0	0	0	0	0	0	0	0	1	0	0	0	0	0	0	0	0	0	0	0	0	0	0	0	0	0	0	0	0	0	0	0	0	0	0	0	0	0	0	0	0	0	0	0	0	0	0	0	0	0	0	0	0	0	0	0	0	0	0	0	0	0	0	0	0	0	0	0	
N62	0.000136519	0.000215031	0.000422328	0.000925893	0.00205797	0.00444338	0.00894076	0.0165702	0.0279001	0.0433932	0.0626919	0.0854951	0.108118	0.125911	0.130706	0.121657	0.0986811	0.0713522	0.0444516	0.0250785	0.0120757	0.00547711	0.00209123	0.000815182	0.000259598	9.42999e-05	2.63389e-05	9.08859e-06	2.22425e-06	6.86581e-07	1.43112e-07	3.76847e-08	6.53472e-09	1.43395e-09	2.06149e-10	3.82101e-11	4.60898e-12	7.44489e-13	8.28357e-14	1.20781e-14	1.21239e-15	1.56385e-16	1.51305e-17	1.77103e-18	1.62863e-19	1.66166e-20	1.40637e-21	1.23596e-22	9.11734e-24	6.72222e-25	4.2783e-26	2.68463e-27	1.43637e-28	7.5841e-30	3.46213e-31	1.60372e-32	6.15822e-34	2.49892e-35	8.43151e-37	3.34201e-38	9.74124e-40	3.72224e-41	1.05081e-42	4.65811e-44	1.39637e-45	8.0108e-47	4.95822e-48	4.07821e-49	3.07302e-50	3.03076e-51	
Schoenoplectus_articulatus	0	0	0	0	0	0	0	0	0	0	0	0	0	0	1	0	0	0	0	0	0	0	0	0	0	0	0	0	0	0	0	0	0	0	0	0	0	0	0	0	0	0	0	0	0	0	0	0	0	0	0	0	0	0	0	0	0	0	0	0	0	0	0	0	0	0	0	0	0	0	
N63	4.44161e-07	3.86805e-07	2.55117e-07	1.78159e-07	1.97485e-07	3.78843e-07	2.32418e-06	1.87613e-05	8.97382e-05	0.000178041	0.000132153	7.56165e-05	7.35598e-05	0.000283376	0.00217758	0.0133394	0.0558728	0.154016	0.262567	0.27155	0.163689	0.0601471	0.0134924	0.00206144	0.000213154	1.70894e-05	1.00181e-06	5.00162e-08	1.89148e-09	6.4088e-11	1.66542e-12	3.98457e-14	7.36268e-16	1.27611e-17	1.72666e-19	2.2383e-21	2.28777e-23	2.29534e-25	1.84189e-27	1.48535e-29	9.663e-32	6.48272e-34	3.58112e-36	2.07589e-38	1.00837e-40	5.11926e-43	2.21527e-45	9.79924e-48	3.71527e-50	1.40437e-52	4.59404e-55	1.4737e-57	4.09316e-60	1.10989e-62	2.62434e-65	6.10369e-68	1.23398e-70	2.4978e-73	4.41871e-76	8.10038e-79	1.29445e-81	2.25789e-84	3.57986e-87	6.65304e-90	1.19413e-92	2.51353e-95	5.22406e-98	1.14305e-100	2.38462e-103	5.26636e-106	
N64	1.20663e-09	1.37038e-09	1.00122e-09	5.52154e-10	4.83565e-10	6.54223e-10	4.15163e-09	7.5736e-08	9.77913e-07	5.27218e-06	6.41827e-06	2.10548e-06	5.82943e-07	7.37429e-07	4.52595e-06	0.000110609	0.00214141	0.0238902	0.137418	0.353531	0.339211	0.125043	0.0174648	0.00112949	3.92648e-05	8.76566e-07	1.35168e-08	2.8312e-10	4.37731e-12	1.35992e-13	1.64756e-15	3.61465e-17	2.96758e-19	4.29675e-21	2.47225e-23	2.40664e-25	9.75368e-28	6.51166e-30	1.84647e-32	8.88754e-35	1.79826e-37	6.65684e-40	1.00263e-42	2.98263e-45	3.47892e-48	8.47425e-51	8.03642e-54	1.63719e-56	1.42322e-59	2.78639e-62	3.99323e-65	9.68622e-68	1.99323e-70	3.86116e-73	6.08813e-76	7.98172e-79	8.38739e-82	7.24255e-85	5.07275e-88	3.03537e-91	1.44511e-94	6.56843e-98	2.54108e-101	1.8276e-104	7.00443e-108	1.00941e-110	1.73583e-113	4.44928e-116	9.08122e-119	1.67159e-121	
Schoenoplectus_smithii_var_smithii	0	0	0	0	0	0	0	0	0	0	0	0	0	0	0	0	0	0	0	1	0	0	0	0	0	0	0	0	0	0	0	0	0	0	0	0	0	0	0	0	0	0	0	0	0	0	0	0	0	0	0	0	0	0	0	0	0	0	0	0	0	0	0	0	0	0	0	0	0	0	
Schoenoplectiella_hotarui	0	0	0	0	0	0	0	0	0	0	0	0	0	0	0	0	0	0	0	0	0	1	0	0	0	0	0	0	0	0	0	0	0	0	0	0	0	0	0	0	0	0	0	0	0	0	0	0	0	0	0	0	0	0	0	0	0	0	0	0	0	0	0	0	0	0	0	0	0	0	
Schoenoplectus_purshianus_var_purshianus	0	0	0	0	0	0	0	0	0	0	0	0	0	0	0	0	0	0	1	0	0	0	0	0	0	0	0	0	0	0	0	0	0	0	0	0	0	0	0	0	0	0	0	0	0	0	0	0	0	0	0	0	0	0	0	0	0	0	0	0	0	0	0	0	0	0	0	0	0	0	
Fuirena_ciliaris	0	0	0	0	0	0	0	0	0	0	0	0	0	0	0	0	0	0	1	0	0	0	0	0	0	0	0	0	0	0	0	0	0	0	0	0	0	0	0	0	0	0	0	0	0	0	0	0	0	0	0	0	0	0	0	0	0	0	0	0	0	0	0	0	0	0	0	0	0	0	
N65	1.10389e-07	5.7897e-07	3.41723e-06	1.6329e-05	6.12305e-05	0.000182937	0.00040633	0.000663564	0.000870913	0.00105019	0.00126488	0.00140626	0.00112738	0.000603716	0.000214982	7.81086e-05	6.11347e-05	8.34369e-05	0.000236178	0.00135676	0.00770427	0.0337382	0.0982691	0.177441	0.199358	0.168216	0.125542	0.0897837	0.0537585	0.0251397	0.00857581	0.00222344	0.000431613	7.10083e-05	1.58608e-05	1.0765e-05	1.0217e-05	8.90116e-06	6.42413e-06	3.98977e-06	2.02215e-06	8.73765e-07	3.0382e-07	8.85854e-08	2.03528e-08	3.83979e-09	5.60079e-10	6.64299e-11	6.11468e-12	4.6677e-13	2.84618e-14	1.48311e-15	6.3465e-17	2.38926e-18	7.58357e-20	2.17083e-21	5.35744e-23	1.21939e-24	2.44876e-26	4.63571e-28	7.93412e-30	1.30591e-31	1.99158e-33	2.95322e-35	4.11715e-37	5.56282e-39	7.08853e-41	8.65538e-43	9.96766e-45	1.31944e-46	
Bolboschoenus_planiculmis	0	0	0	0	0	0	0	0	0	0	0	0	0	0	0	0	0	0	0	0	0	0	0	0	0	0	0	1	0	0	0	0	0	0	0	0	0	0	0	0	0	0	0	0	0	0	0	0	0	0	0	0	0	0	0	0	0	0	0	0	0	0	0	0	0	0	0	0	0	0	
Bolboschoenus_fluviatilis	0	0	0	0	0	0	0	0	0	0	0	0	0	0	0	0	0	0	0	0	0	0	0	0	0	0	0	0	0	0	0	0	0	0	0	0	0	0	0	0	0	0	0	0	0	0	1	0	0	0	0	0	0	0	0	0	0	0	0	0	0	0	0	0	0	0	0	0	0	0	
