NODE	1	2	3	4	5	6	7	8	9	10	11	12	13	14	15	16	17	18	19	20	21	22	23	24	25	26	27	28	29	30	31	32	33	34	35	36	37	38	39	40	41	42	43	44	45	46	47	48	49	50	51	52	53	54	55	56	57	58	59	60	61	62	
N1	0.000181018	0.000209032	0.000274229	0.000397742	0.000618455	0.00100182	0.00165106	0.00271865	0.00441362	0.00699825	0.0107661	0.0159955	0.0228767	0.0314235	0.0413874	0.0522051	0.0630094	0.0727197	0.0802094	0.0845174	0.085049	0.0817103	0.0749325	0.0655794	0.0547644	0.0436321	0.033162	0.0240414	0.0166239	0.010963	0.00689485	0.0041353	0.00236516	0.00128997	0.000670905	0.000332739	0.000157366	7.09726e-005	3.05249e-005	1.25203e-005	4.89768e-006	1.82725e-006	6.50222e-007	2.20702e-007	7.14594e-008	2.20724e-008	6.5045e-009	1.82889e-009	4.90695e-010	1.25644e-010	3.07074e-011	7.16501e-012	1.59672e-012	3.40077e-013	1.28524e-016	5.68428e-017	2.46994e-017	1.06116e-017	4.57266e-018	2.04266e-018	1.02008e-018	6.61184e-019	
N2	0.000478105	0.000545138	0.000693018	0.00095076	0.00136482	0.00200175	0.00295014	0.00432052	0.00624125	0.00884896	0.0122721	0.0166078	0.0218936	0.0280787	0.035	0.0423703	0.049785	0.0567511	0.0627369	0.0672374	0.0698441	0.0703058	0.0685683	0.064784	0.0592894	0.052555	0.0451178	0.0375108	0.030201	0.0235467	0.0177777	0.0129972	0.00920143	0.00630802	0.00418761	0.00269205	0.00167592	0.00101038	0.000589928	0.000333583	0.000182693	9.691e-005	4.97932e-005	2.47828e-005	1.19492e-005	5.5817e-006	2.52625e-006	1.10794e-006	4.70928e-007	1.94034e-007	7.75207e-008	3.00443e-008	1.13033e-008	4.13247e-009	1.47073e-009	5.11055e-010	1.74305e-010	5.89454e-011	2.01796e-011	7.31876e-012	3.10351e-012	1.84009e-012	
N3	0.00104963	0.00120157	0.00153304	0.00210073	0.00299206	0.00432553	0.00624709	0.00891978	0.0125041	0.0171287	0.0228525	0.0296252	0.0372533	0.045383	0.0535102	0.0610218	0.0672674	0.0716501	0.07372	0.0732501	0.070276	0.0650918	0.0582002	0.0502312	0.0418463	0.0336486	0.0261157	0.0195644	0.0141473	0.00987499	0.00665393	0.00432834	0.00271828	0.00164826	0.000965053	0.000545642	0.000297943	0.000157134	8.00507e-005	3.9397e-005	1.87333e-005	8.60739e-006	3.822e-006	1.64034e-006	6.80554e-007	2.72993e-007	1.05896e-007	3.97326e-008	1.44233e-008	5.06731e-009	1.72377e-009	5.6811e-010	1.81552e-010	5.6326e-011	1.69955e-011	5.00083e-012	1.44109e-012	4.09754e-013	1.16736e-013	3.4602e-014	1.18117e-014	5.89927e-015	
Dulichium_arundinaceum	0	0	0	0	0	0	0	0	0	0	0	0	0	0	0	1	0	0	0	0	0	0	0	0	0	0	0	0	0	0	0	0	0	0	0	0	0	0	0	0	0	0	0	0	0	0	0	0	0	0	0	0	0	0	0	0	0	0	0	0	0	0	
N4	6.99711e-006	1.0638e-005	2.11042e-005	4.68673e-005	0.000106691	0.000239024	0.000517507	0.00107337	0.00212243	0.00398861	0.00710795	0.0119914	0.0191258	0.0288095	0.0409493	0.054885	0.0693297	0.0824995	0.0924485	0.0975325	0.0968534	0.0905188	0.0796138	0.0658949	0.0513263	0.0376254	0.0259611	0.0168628	0.0103129	0.0059398	0.00322264	0.00164748	0.000793843	0.00036066	0.000154549	6.24895e-005	2.38502e-005	8.59612e-006	2.92705e-006	9.42036e-007	2.86693e-007	8.25441e-008	2.24948e-008	5.80524e-009	1.41944e-009	3.28997e-010	7.23214e-011	1.50856e-011	2.98748e-012	5.61976e-013	1.00468e-013	1.70791e-014	2.76228e-015	4.25298e-016	6.23804e-017	8.72526e-018	1.16596e-018	1.49459e-019	1.85727e-020	2.30977e-021	3.22145e-022	7.7046e-023	
Blysmus_compressus	0	0	0	0	0	0	0	0	0	0	0	0	0	0	0	0	0	0	0	0	0	1	0	0	0	0	0	0	0	0	0	0	0	0	0	0	0	0	0	0	0	0	0	0	0	0	0	0	0	0	0	0	0	0	0	0	0	0	0	0	0	0	
Blysmus_rufus	0	0	0	0	0	0	0	0	0	0	0	0	0	0	0	0	0	0	0	1	0	0	0	0	0	0	0	0	0	0	0	0	0	0	0	0	0	0	0	0	0	0	0	0	0	0	0	0	0	0	0	0	0	0	0	0	0	0	0	0	0	0	
N5	0.000137896	0.000158589	0.000205764	0.000292462	0.000441881	0.000691814	0.00110036	0.00175216	0.00276366	0.00428484	0.00649442	0.00958498	0.0137361	0.0190753	0.0256315	0.0332893	0.0417553	0.0505519	0.0590449	0.066511	0.0722357	0.0756246	0.0763045	0.0741911	0.0695053	0.0627347	0.0545491	0.0456909	0.0368647	0.0286493	0.021445	0.015461	0.0107359	0.00718012	0.00462499	0.00286934	0.00171454	0.000986782	0.000547031	0.000292103	0.00015025	7.44511e-005	3.55416e-005	1.63474e-005	7.24516e-006	3.09451e-006	1.27394e-006	5.05586e-007	1.9348e-007	7.14165e-008	2.54358e-008	8.74565e-009	2.90493e-009	9.33063e-010	2.90277e-010	8.77125e-011	2.58836e-011	7.54501e-012	2.22788e-012	7.04723e-013	2.68463e-013	1.50232e-013	
N6	0.000691738	0.000772341	0.000948047	0.00124868	0.00172041	0.00242672	0.00344835	0.00488127	0.00683151	0.00940588	0.0126983	0.0167718	0.0216386	0.0272404	0.0334328	0.0399795	0.0465582	0.0527814	0.0582309	0.0625035	0.0652593	0.066266	0.0654316	0.0628177	0.0586316	0.0531989	0.0469209	0.0402254	0.0335189	0.0271469	0.0213689	0.0163482	0.0121557	0.00878442	0.0061698	0.00421169	0.00279432	0.00180192	0.0011294	0.000688046	0.000407438	0.000234526	0.000131226	7.13781e-005	3.77436e-005	1.94032e-005	9.69787e-006	4.71279e-006	2.22694e-006	1.02332e-006	4.57349e-007	1.98852e-007	8.41492e-008	3.46883e-008	1.39529e-008	5.49514e-009	2.13364e-009	8.28235e-010	3.30432e-010	1.42748e-010	7.29466e-011	4.96711e-011	
N7	1.16515e-006	1.76524e-006	3.36565e-006	7.0146e-006	1.50133e-005	3.21154e-005	6.77034e-005	0.000139463	0.000279128	0.000540668	0.0010107	0.00181967	0.00315047	0.00523925	0.00836158	0.0127976	0.0187737	0.0263847	0.0355125	0.0457615	0.056442	0.0666184	0.0752316	0.0812747	0.0839863	0.0830074	0.0784598	0.0709211	0.0613036	0.0506721	0.0400519	0.030273	0.0218815	0.0151254	0.00999941	0.00632278	0.00382426	0.00221277	0.00122496	0.000648882	0.000328945	0.000159611	7.414e-005	3.29739e-005	1.40441e-005	5.72942e-006	2.23927e-006	8.38646e-007	3.01041e-007	1.03599e-007	3.41896e-008	1.08239e-008	3.28869e-009	9.59601e-010	2.69188e-010	7.27394e-011	1.90078e-011	4.8436e-012	1.22676e-012	3.23514e-013	9.98319e-014	4.68107e-014	
Scirpus_pendulus	0	0	0	0	0	0	0	0	0	0	0	0	0	0	0	0	0	0	0	1	0	0	0	0	0	0	0	0	0	0	0	0	0	0	0	0	0	0	0	0	0	0	0	0	0	0	0	0	0	0	0	0	0	0	0	0	0	0	0	0	0	0	
N8	1.85027e-019	1.55432e-018	1.73627e-017	1.99854e-016	2.23497e-015	2.3731e-014	2.3651e-013	2.19627e-012	1.8901e-011	1.501e-010	1.09605e-009	7.33642e-009	4.48894e-008	2.50436e-007	1.27085e-006	5.85223e-006	2.44004e-005	9.19084e-005	0.000312071	0.000953165	0.00261336	0.00641916	0.0140986	0.0276381	0.0482787	0.0750346	0.103623	0.127015	0.138065	0.133007	0.11352	0.0858318	0.057503	0.0341514	0.017994	0.00841931	0.00350257	0.00129741	0.000428588	0.000126484	3.34094e-005	7.91399e-006	1.68459e-006	3.22901e-007	5.58508e-008	8.73564e-009	1.23817e-009	1.59365e-010	1.8665e-011	1.99328e-012	1.9448e-013	1.73699e-014	1.42285e-015	1.07098e-016	7.42137e-018	4.7443e-019	2.80543e-020	1.54153e-021	7.95466e-023	3.97153e-024	2.10346e-025	1.69934e-026	
N9	2.86028e-027	6.51855e-026	2.30858e-024	8.10737e-023	2.63469e-021	7.76503e-020	2.05779e-018	4.87848e-017	1.03063e-015	1.93372e-014	3.21238e-013	4.71135e-012	6.08337e-011	6.89695e-010	6.84771e-009	5.93876e-008	4.48765e-007	2.94749e-006	1.67866e-005	8.27077e-005	0.00035176	0.00128869	0.0040588	0.0109698	0.0253998	0.0503097	0.0851354	0.122956	0.15143	0.158949	0.142149	0.108307	0.0703198	0.0389241	0.0183819	0.00741333	0.00255625	0.000754692	0.000191076	4.15604e-005	7.78081e-006	1.25641e-006	1.75365e-007	2.12048e-008	2.22647e-009	2.03482e-010	1.6226e-011	1.1317e-012	6.9208e-014	3.72005e-015	1.76186e-016	7.37017e-018	2.72966e-019	8.97209e-021	2.6233e-022	6.83874e-024	1.59324e-025	3.32513e-027	6.235e-029	1.05774e-030	1.69943e-032	4.29053e-034	
N10	2.23843e-028	5.24485e-027	2.01448e-025	7.44935e-024	2.50704e-022	7.61589e-021	2.08194e-019	5.10888e-018	1.12261e-016	2.20338e-015	3.85306e-014	5.98759e-013	8.24683e-012	1.00405e-010	1.07769e-009	1.01702e-008	8.41574e-008	6.09009e-007	3.84391e-006	2.11064e-005	0.000100566	0.000414788	0.00147755	0.00453579	0.0119756	0.027145	0.0527414	0.0877216	0.124766	0.151633	0.157397	0.139523	0.105636	0.0683463	0.0378178	0.0179156	0.00727631	0.00253771	0.000761423	0.000196947	4.40129e-005	8.5181e-006	1.43125e-006	2.09324e-007	2.67178e-008	2.98421e-009	2.92473e-010	2.52207e-011	1.91878e-012	1.29143e-013	7.70999e-015	4.09381e-016	1.9383e-017	8.20437e-019	3.11232e-020	1.06072e-021	3.25563e-023	9.02083e-025	2.26335e-026	5.18356e-028	1.14148e-029	4.04863e-031	
N11	1.4758e-031	4.97614e-030	2.6866e-028	1.36762e-026	6.30088e-025	2.61362e-023	9.73372e-022	3.24595e-020	9.66563e-019	2.56276e-017	6.03257e-016	1.25689e-014	2.31075e-013	3.73666e-012	5.29761e-011	6.56305e-010	7.08109e-009	6.63114e-008	5.37138e-007	3.75067e-006	2.25002e-005	0.000115577	0.000506703	0.0018901	0.00598117	0.0160133	0.0361828	0.0688542	0.110154	0.147955	0.166696	0.157473	0.124739	0.0828998	0.0462706	0.0217219	0.00859317	0.0028711	0.000812265	0.000195134	3.99283e-005	6.98126e-006	1.04651e-006	1.34956e-007	1.5024e-008	1.4489e-009	1.21466e-010	8.88245e-012	5.6852e-013	3.19554e-014	1.58251e-015	6.92683e-017	2.68819e-018	9.2775e-020	2.85574e-021	7.86238e-023	1.94146e-024	4.31125e-026	8.63336e-028	1.56706e-029	2.68155e-031	7.28947e-033	
Scirpus_expansus	0	0	0	0	0	0	0	0	0	0	0	0	0	0	0	0	0	0	0	0	0	0	0	0	0	0	0	0	0	0	0	1	0	0	0	0	0	0	0	0	0	0	0	0	0	0	0	0	0	0	0	0	0	0	0	0	0	0	0	0	0	0	
N12	6.15009e-038	4.15584e-036	4.20018e-034	3.93805e-032	3.33803e-030	2.54768e-028	1.74543e-026	1.06999e-024	5.84943e-023	2.84168e-021	1.22222e-019	4.63592e-018	1.54432e-016	4.49847e-015	1.14056e-013	2.50493e-012	4.74097e-011	7.69118e-010	1.06342e-008	1.24569e-007	1.22853e-006	1.01345e-005	6.94571e-005	0.000392745	0.00181937	0.00685641	0.0208772	0.0510355	0.0995923	0.154423	0.189623	0.184087	0.141294	0.0858977	0.041502	0.0160121	0.00496164	0.00124282	0.000253393	4.23509e-005	5.84386e-006	6.70424e-007	6.43826e-008	5.20965e-009	3.57439e-010	2.09195e-011	1.05034e-012	4.54876e-014	1.7079e-015	5.58659e-017	1.59935e-018	4.02481e-020	8.94008e-022	1.75966e-023	3.08048e-025	4.81324e-027	6.73497e-029	8.46627e-031	9.59047e-033	9.82796e-035	9.33802e-037	1.32246e-038	
Scirpus_sylvaticus	0	0	0	0	0	0	0	0	0	0	0	0	0	0	0	0	0	0	0	0	0	0	0	0	0	0	0	0	0	0	1	0	0	0	0	0	0	0	0	0	0	0	0	0	0	0	0	0	0	0	0	0	0	0	0	0	0	0	0	0	0	0	
Scirpus_microcarpus	0	0	0	0	0	0	0	0	0	0	0	0	0	0	0	0	0	0	0	0	0	0	0	0	0	0	0	0	0	0	0	1	0	0	0	0	0	0	0	0	0	0	0	0	0	0	0	0	0	0	0	0	0	0	0	0	0	0	0	0	0	0	
Scirpus_maximowiczii	0	0	0	0	0	0	0	0	0	0	0	0	0	0	0	0	0	0	0	0	0	0	0	0	0	0	0	0	0	0	0	1	0	0	0	0	0	0	0	0	0	0	0	0	0	0	0	0	0	0	0	0	0	0	0	0	0	0	0	0	0	0	
N13	1.79586e-028	5.05646e-027	2.29354e-025	9.79049e-024	3.75152e-022	1.2825e-020	3.9006e-019	1.05274e-017	2.51487e-016	5.30404e-015	9.85079e-014	1.60688e-012	2.29624e-011	2.86714e-010	3.12002e-009	2.95145e-008	2.42098e-007	1.71772e-006	1.05168e-005	5.54346e-005	0.000251006	0.000974296	0.00323561	0.00917711	0.0221946	0.0457058	0.0800506	0.119128	0.150525	0.16142	0.146884	0.11342	0.0743439	0.0413907	0.0195896	0.00789017	0.00270801	0.000793186	0.000198611	4.25945e-005	7.83981e-006	1.24108e-006	1.69366e-007	1.99717e-008	2.03998e-009	1.80945e-010	1.39727e-011	9.4178e-013	5.55486e-014	2.87459e-015	1.30852e-016	5.2529e-018	1.86438e-019	5.86513e-021	1.63946e-022	4.08188e-024	9.07389e-026	1.80519e-027	3.22213e-029	5.18594e-031	7.82276e-033	1.83333e-034	
N14	1.61418e-026	2.72352e-025	7.9278e-024	2.25236e-022	5.87105e-021	1.39344e-019	3.00327e-018	5.86477e-017	1.03529e-015	1.64817e-014	2.36066e-013	3.03448e-012	3.49196e-011	3.5882e-010	3.28388e-009	2.66972e-008	1.92296e-007	1.22394e-006	6.86597e-006	3.38589e-005	0.000146412	0.000553794	0.00182797	0.0052538	0.0131211	0.0284216	0.0533078	0.0864555	0.121106	0.146405	0.152667	0.137294	0.106501	0.0712951	0.0412217	0.0206082	0.00892097	0.00334941	0.00109278	0.000310465	7.69828e-005	1.67e-005	3.17739e-006	5.3159e-007	7.84118e-008	1.02245e-008	1.18175e-009	1.21393e-010	1.11123e-011	9.08847e-013	6.6586e-014	4.3811e-015	2.5952e-016	1.3874e-017	6.70966e-019	2.9422e-020	1.17243e-021	4.25509e-023	1.41001e-024	4.2948e-026	1.27194e-027	6.43173e-029	
Scirpus_polystachyus	0	0	0	0	0	0	0	0	0	0	0	0	0	0	0	0	0	0	0	0	0	0	0	0	0	0	0	0	0	1	0	0	0	0	0	0	0	0	0	0	0	0	0	0	0	0	0	0	0	0	0	0	0	0	0	0	0	0	0	0	0	0	
Scirpus_cyperinus	0	0	0	0	0	0	0	0	0	0	0	0	0	0	0	0	0	0	0	0	0	0	0	0	0	0	0	0	0	0	0	0	1	0	0	0	0	0	0	0	0	0	0	0	0	0	0	0	0	0	0	0	0	0	0	0	0	0	0	0	0	0	
N15	1.92866e-026	3.84925e-025	1.28845e-023	4.15503e-022	1.21853e-020	3.22476e-019	7.67813e-018	1.64055e-016	3.13745e-015	5.35628e-014	8.14095e-013	1.09853e-011	1.31237e-010	1.3841e-009	1.28499e-008	1.04714e-007	7.46834e-007	4.64855e-006	2.51804e-005	0.000118376	0.00048169	0.0016923	0.00512113	0.0133194	0.0297156	0.0567718	0.0927508	0.12944	0.154191	0.156718	0.135906	0.100591	0.0635885	0.0343675	0.015902	0.00630961	0.00215093	0.000631317	0.000159911	3.50427e-005	6.66106e-006	1.10128e-006	1.58807e-007	2.00306e-008	2.21623e-009	2.15715e-010	1.8524e-011	1.40738e-012	9.48692e-014	5.68957e-015	3.04405e-016	1.45677e-017	6.25212e-019	2.41243e-020	8.38966e-022	2.63592e-023	7.49944e-025	1.93652e-026	4.54956e-028	9.77609e-030	2.00794e-031	6.75117e-033	
N16	1.09033e-032	4.82897e-031	3.32349e-029	2.14287e-027	1.24816e-025	6.5325e-024	3.06177e-022	1.28087e-020	4.76612e-019	1.57166e-017	4.57518e-016	1.17096e-014	2.62357e-013	5.1226e-012	8.67478e-011	1.26767e-009	1.59013e-008	1.7026e-007	1.5471e-006	1.18578e-005	7.61804e-005	0.000407597	0.0018044	0.0065665	0.0195212	0.0471304	0.0919315	0.144261	0.181567	0.182996	0.147692	0.0956013	0.0497814	0.0209413	0.00715356	0.001996	0.000457762	8.68494e-005	1.37205e-005	1.81655e-006	2.02826e-007	1.92147e-008	1.5535e-009	1.07787e-010	6.45215e-012	3.34898e-013	1.51449e-014	5.99425e-016	2.08538e-017	6.40303e-019	1.74188e-020	4.21379e-022	9.09634e-024	1.75807e-025	3.05173e-027	4.77199e-029	6.74117e-031	8.62652e-033	1.00269e-034	1.06273e-036	1.05553e-038	1.58182e-040	
Eriophorum_virginicum	0	0	0	0	0	0	0	0	0	0	0	0	0	0	0	0	0	0	0	0	0	0	0	0	0	0	0	0	1	0	0	0	0	0	0	0	0	0	0	0	0	0	0	0	0	0	0	0	0	0	0	0	0	0	0	0	0	0	0	0	0	0	
Eriophorum_gracile	0	0	0	0	0	0	0	0	0	0	0	0	0	0	0	0	0	0	0	0	0	0	0	0	0	0	0	0	0	1	0	0	0	0	0	0	0	0	0	0	0	0	0	0	0	0	0	0	0	0	0	0	0	0	0	0	0	0	0	0	0	0	
Eriophorum_angustifolium_subsp_angustifolium	0	0	0	0	0	0	0	0	0	0	0	0	0	0	0	0	0	0	0	0	0	0	0	0	0	0	0	0	1	0	0	0	0	0	0	0	0	0	0	0	0	0	0	0	0	0	0	0	0	0	0	0	0	0	0	0	0	0	0	0	0	0	
Scirpus_radicans	0	0	0	0	0	0	0	0	0	0	0	0	0	0	0	0	0	0	0	0	0	0	0	0	0	0	0	1	0	0	0	0	0	0	0	0	0	0	0	0	0	0	0	0	0	0	0	0	0	0	0	0	0	0	0	0	0	0	0	0	0	0	
Scirpus_divaricatus	0	0	0	0	0	0	0	0	0	0	0	0	0	1	0	0	0	0	0	0	0	0	0	0	0	0	0	0	0	0	0	0	0	0	0	0	0	0	0	0	0	0	0	0	0	0	0	0	0	0	0	0	0	0	0	0	0	0	0	0	0	0	
N17	0.000121078	0.000138471	0.000178348	0.000252257	0.00038094	0.000598553	0.000958177	0.00153802	0.00244697	0.00382726	0.00585123	0.00870901	0.0125845	0.0176194	0.0238683	0.0312529	0.039525	0.0482534	0.0568431	0.0645927	0.0707841	0.0747911	0.0761829	0.0748002	0.0707849	0.0645557	0.0567354	0.0480479	0.0392081	0.0308279	0.0233543	0.0170465	0.011988	0.00812263	0.00530261	0.00333525	0.00202127	0.00118028	0.000664095	0.000360064	0.000188131	9.47335e-005	4.59783e-005	2.15109e-005	9.70257e-006	4.22005e-006	1.77032e-006	7.16503e-007	2.79884e-007	1.0557e-007	3.84734e-008	1.35574e-008	4.62391e-009	1.5283e-009	4.90343e-010	1.53072e-010	4.66623e-011	1.39817e-011	4.17779e-012	1.29164e-012	4.56419e-013	2.32745e-013	
N18	0.000244131	0.000288657	0.000390445	0.000576652	0.000891807	0.00140148	0.00219556	0.00338948	0.0051215	0.00754386	0.0108062	0.0150312	0.0202832	0.0265354	0.0336409	0.0413163	0.0491451	0.0566053	0.0631226	0.0681404	0.071198	0.072	0.0704632	0.0667308	0.0611501	0.054219	0.0465123	0.0386038	0.0309972	0.0240788	0.018095	0.0131548	0.00925148	0.00629411	0.00414244	0.00263741	0.00162445	0.000967934	0.000557965	0.000311173	0.000167897	8.76492e-005	4.42724e-005	2.16381e-005	1.02337e-005	4.68376e-006	2.07462e-006	8.894e-007	3.69074e-007	1.48265e-007	5.76691e-008	2.17238e-008	7.92849e-009	2.80559e-009	9.63904e-010	3.22406e-010	1.05571e-010	3.42344e-011	1.1264e-011	3.95673e-012	1.64459e-012	9.66315e-013	
N19	4.82688e-010	1.20363e-009	4.30144e-009	1.65456e-008	6.28562e-008	2.29751e-007	8.00134e-007	2.64191e-006	8.24378e-006	2.42512e-005	6.71285e-005	0.00017457	0.000425963	0.000974237	0.0020868	0.00418326	0.00784357	0.0137489	0.0225214	0.0344629	0.0492502	0.0657146	0.0818514	0.095155	0.103234	0.104512	0.0987256	0.0870173	0.071564	0.0549174	0.039326	0.0262809	0.0163925	0.00954449	0.00518847	0.00263383	0.0012488	0.000553174	0.000228985	8.86043e-005	3.20582e-005	1.08493e-005	3.43553e-006	1.0183e-006	2.82625e-007	7.34808e-008	1.79039e-008	4.08994e-009	8.76351e-010	1.76212e-010	3.32663e-011	5.89963e-012	9.8349e-013	1.54236e-013	2.27804e-014	3.17441e-015	4.18626e-016	5.25441e-017	6.34817e-018	7.57758e-019	9.7581e-020	2.03455e-020	
N20	7.19851e-010	1.7604e-009	6.33169e-009	2.49633e-008	9.79033e-008	3.69829e-007	1.3276e-006	4.49667e-006	1.43072e-005	4.26363e-005	0.000118765	0.000308778	0.000748496	0.00169029	0.00355368	0.00695203	0.0126494	0.0213988	0.0336459	0.0491564	0.0667168	0.0841035	0.0984585	0.10703	0.108028	0.101235	0.0880826	0.0711591	0.0533807	0.0371876	0.0240622	0.0144634	0.00807796	0.00419305	0.00202338	0.000907977	0.000379025	0.000147235	5.32448e-005	1.79325e-005	5.62715e-006	1.64596e-006	4.48994e-007	1.14278e-007	2.71522e-008	6.02555e-009	1.2496e-009	2.42304e-010	4.39555e-011	7.46403e-012	1.18711e-012	1.76938e-013	2.47301e-014	3.24322e-015	3.99375e-016	4.62206e-017	5.03506e-018	5.18033e-019	5.08065e-020	4.89067e-021	5.13478e-022	9.10379e-023	
N21	3.83048e-011	1.04834e-010	4.62111e-010	2.31265e-009	1.15032e-008	5.43483e-008	2.40053e-007	9.85182e-007	3.7463e-006	1.31793e-005	4.28475e-005	0.000128631	0.000356326	0.000910248	0.0021431	0.00464808	0.00928235	0.0170614	0.0288528	0.0448783	0.0641862	0.0843925	0.101987	0.113268	0.115598	0.108407	0.0934197	0.07398	0.0538434	0.0360212	0.0221554	0.0125315	0.00652002	0.00312151	0.00137565	0.000558285	0.000208737	7.19361e-005	2.28621e-005	6.70408e-006	1.81493e-006	4.53872e-007	1.04911e-007	2.24284e-008	4.43753e-009	8.13089e-010	1.38064e-010	2.17402e-011	3.17682e-012	4.31091e-013	5.43628e-014	6.37531e-015	6.95792e-016	7.07212e-017	6.69927e-018	5.91885e-019	4.88137e-020	3.76275e-021	2.7212e-022	1.87937e-023	1.37016e-024	1.79876e-025	
N22	4.61758e-009	9.19431e-009	2.74695e-008	9.55173e-008	3.39753e-007	1.17217e-006	3.84223e-006	1.18689e-005	3.44363e-005	9.36952e-005	0.000238861	0.000570238	0.00127426	0.00266436	0.00521093	0.0095301	0.0162938	0.0260368	0.0388777	0.0542355	0.0706756	0.0860214	0.097781	0.103798	0.102895	0.0952521	0.0823462	0.066486	0.050139	0.0353212	0.0232476	0.0142982	0.00821948	0.00441741	0.00222008	0.00104371	0.000459128	0.000189054	7.28939e-005	2.63282e-005	8.91148e-006	2.82791e-006	8.41702e-007	2.35088e-007	6.16434e-008	1.51824e-008	3.51404e-009	7.64735e-010	1.56559e-010	3.01676e-011	5.47432e-012	9.3602e-013	1.50884e-013	2.2943e-014	3.29271e-015	4.463e-016	5.71809e-017	6.93848e-018	8.02814e-019	9.11885e-020	1.15566e-020	2.62884e-021	
Carex_eburnea	0	0	0	0	0	0	0	0	0	0	0	0	0	0	0	0	0	0	0	0	0	0	0	0	0	0	1	0	0	0	0	0	0	0	0	0	0	0	0	0	0	0	0	0	0	0	0	0	0	0	0	0	0	0	0	0	0	0	0	0	0	0	
Carex_cruciata	0	0	0	0	0	0	0	0	0	0	0	0	0	0	0	0	0	0	0	0	1	0	0	0	0	0	0	0	0	0	0	0	0	0	0	0	0	0	0	0	0	0	0	0	0	0	0	0	0	0	0	0	0	0	0	0	0	0	0	0	0	0	
N23	7.79536e-017	5.93953e-016	7.38532e-015	9.4359e-014	1.12319e-012	1.21442e-011	1.18299e-010	1.03453e-009	8.10326e-009	5.67448e-008	3.54642e-007	1.97482e-006	9.78224e-006	4.30373e-005	0.000167917	0.000580186	0.00177287	0.00478501	0.0113942	0.0239134	0.0441936	0.0718645	0.102765	0.129168	0.142667	0.138452	0.11806	0.0884781	0.0582988	0.0337918	0.0172422	0.00775109	0.00307288	0.00107551	0.000332725	9.11015e-005	2.21072e-005	4.76146e-006	9.116e-007	1.55384e-007	2.36183e-008	3.20656e-009	3.89497e-010	4.24005e-011	4.14356e-012	3.64123e-013	2.88221e-014	2.05844e-015	1.32864e-016	7.76349e-018	4.11332e-019	1.97933e-020	8.66414e-022	3.45537e-023	1.25747e-024	4.18207e-026	1.27302e-027	3.55257e-029	9.11242e-031	2.16865e-032	5.08967e-034	1.94573e-035	
N24	4.89486e-019	5.62349e-018	1.08237e-016	2.04336e-015	3.48208e-014	5.27684e-013	7.08075e-012	8.39241e-011	8.76775e-010	8.05784e-009	6.50183e-008	4.59745e-007	2.84359e-006	1.53574e-005	7.23004e-005	0.000296238	0.00105481	0.00325948	0.00873018	0.0202453	0.0406106	0.0704099	0.105448	0.136355	0.152201	0.146638	0.121959	0.0875884	0.0543437	0.0291477	0.0135259	0.00543562	0.00189383	0.000572769	0.000150577	3.44606e-005	6.87628e-006	1.19832e-006	1.82697e-007	2.44125e-008	2.86428e-009	2.9564e-010	2.68962e-011	2.16093e-012	1.53626e-013	9.68325e-015	5.42205e-016	2.70238e-017	1.20121e-018	4.77124e-020	1.69674e-021	5.41257e-023	1.55172e-024	4.00543e-026	9.32633e-028	1.96236e-029	3.73788e-031	6.45703e-033	1.0138e-034	1.45522e-036	1.99116e-038	4.20355e-040	
N25	7.65545e-020	1.07991e-018	2.55488e-017	5.7824e-016	1.16414e-014	2.06134e-013	3.19854e-012	4.33851e-011	5.13297e-010	5.28619e-009	4.7294e-008	3.66887e-007	2.4634e-006	1.42909e-005	7.15154e-005	0.00030824	0.00114265	0.00363839	0.00993967	0.0232732	0.0466636	0.0800616	0.117475	0.147355	0.157971	0.144727	0.113324	0.0758591	0.0434302	0.0212779	0.00892772	0.00321083	0.000990852	0.00026268	5.99018e-005	1.1767e-005	1.9942e-006	2.92054e-007	3.7025e-008	4.07052e-009	3.88815e-010	3.23306e-011	2.34491e-012	1.48648e-013	8.25299e-015	4.02148e-016	1.72345e-017	6.50974e-019	2.17172e-020	6.41261e-022	1.67947e-023	3.90954e-025	8.10578e-027	1.49994e-028	2.48224e-030	3.68109e-032	4.90149e-034	5.87142e-036	6.33989e-038	6.18953e-040	5.59742e-042	7.47658e-044	
N26	8.56824e-016	6.55271e-015	7.88669e-014	9.85321e-013	1.14924e-011	1.2119e-010	1.14293e-009	9.59364e-009	7.1461e-008	4.71258e-007	2.74565e-006	1.41054e-005	6.378e-005	0.000253388	0.000883025	0.00269509	0.00719374	0.0167701	0.0341023	0.0604261	0.0932062	0.125054	0.145848	0.147793	0.130085	0.0994444	0.0660306	0.0380926	0.0191016	0.00833139	0.00316333	0.00104662	0.000302111	7.61817e-005	1.68067e-005	3.24906e-006	5.51342e-007	8.22731e-008	1.08166e-008	1.25538e-009	1.28881e-010	1.1728e-011	9.47957e-013	6.82028e-014	4.37707e-015	2.51103e-016	1.29041e-017	5.95271e-019	2.47012e-020	9.23904e-022	3.12117e-023	9.54223e-025	2.64528e-026	6.66212e-028	1.52716e-029	3.19212e-031	6.09525e-033	1.06527e-034	1.70888e-036	2.53789e-038	3.66164e-040	8.12874e-042	
Carex_richardsonii	0	0	0	0	0	0	0	0	0	0	0	0	0	0	0	0	0	0	0	0	0	0	0	0	0	1	0	0	0	0	0	0	0	0	0	0	0	0	0	0	0	0	0	0	0	0	0	0	0	0	0	0	0	0	0	0	0	0	0	0	0	0	
N27	2.26472e-011	1.02985e-010	6.81363e-010	4.63493e-009	2.99167e-008	1.78209e-007	9.66739e-007	4.73955e-006	2.08984e-005	8.26039e-005	0.000291976	0.000921137	0.00258969	0.00647925	0.0144091	0.0284526	0.0498392	0.0773794	0.106409	0.129532	0.139515	0.132915	0.111983	0.0834332	0.0549769	0.0320469	0.0165322	0.00755186	0.00305673	0.00109725	0.000349639	9.90102e-005	2.49468e-005	5.60014e-006	1.12164e-006	2.0074e-007	3.21538e-008	4.61703e-009	5.95341e-010	6.90556e-011	7.21826e-012	6.81158e-013	5.81339e-014	4.49537e-015	3.15531e-016	2.01392e-017	1.17096e-018	6.21312e-020	3.01371e-021	1.33865e-022	5.45425e-024	2.04187e-025	7.0348e-027	2.23406e-028	6.54985e-030	1.7755e-031	4.45664e-033	1.03737e-034	2.24315e-036	4.52908e-038	8.93618e-040	2.92805e-041	
Carex_capillaris	0	0	0	0	0	0	0	0	1	0	0	0	0	0	0	0	0	0	0	0	0	0	0	0	0	0	0	0	0	0	0	0	0	0	0	0	0	0	0	0	0	0	0	0	0	0	0	0	0	0	0	0	0	0	0	0	0	0	0	0	0	0	
Carex_baccans	0	0	0	0	0	0	0	0	0	0	0	0	0	0	0	0	0	0	0	0	0	0	1	0	0	0	0	0	0	0	0	0	0	0	0	0	0	0	0	0	0	0	0	0	0	0	0	0	0	0	0	0	0	0	0	0	0	0	0	0	0	0	
N28	1.25302e-018	1.1508e-017	1.72446e-016	2.61458e-015	3.68395e-014	4.7185e-013	5.45048e-012	5.65641e-011	5.2603e-010	4.37435e-009	3.24628e-008	2.14584e-007	1.26107e-006	6.57711e-006	3.03902e-005	0.0001242	0.000448256	0.00142668	0.00399902	0.0098604	0.021365	0.0406445	0.0678396	0.0992926	0.127393	0.14325	0.141176	0.121961	0.092389	0.061402	0.0358258	0.0183658	0.0082802	0.00328665	0.00114992	0.000355096	9.69161e-005	2.34132e-005	5.01437e-006	9.536e-007	1.61301e-007	2.43097e-008	3.27007e-009	3.93319e-010	4.23771e-011	4.09741e-012	3.56186e-013	2.78889e-014	1.97046e-015	1.25859e-016	7.28052e-018	3.82109e-019	1.82276e-020	7.91685e-022	3.13622e-023	1.13509e-024	3.75978e-026	1.14176e-027	3.18746e-029	8.2616e-031	2.12242e-032	8.98281e-034	
Carex_granularis	0	0	0	0	0	0	0	0	0	0	0	0	0	0	0	0	0	0	0	0	1	0	0	0	0	0	0	0	0	0	0	0	0	0	0	0	0	0	0	0	0	0	0	0	0	0	0	0	0	0	0	0	0	0	0	0	0	0	0	0	0	0	
N29	5.01487e-026	7.1804e-025	1.75203e-023	4.27089e-022	9.6621e-021	2.00338e-019	3.79335e-018	6.54507e-017	1.02709e-015	1.46311e-014	1.88837e-013	2.2039e-012	2.32131e-011	2.2021e-010	1.87769e-009	1.43616e-008	9.83283e-008	6.01382e-007	3.27883e-006	1.59032e-005	6.84784e-005	0.000261243	0.000881238	0.00262333	0.00687874	0.0158592	0.0320949	0.0569234	0.088355	0.119871	0.141996	0.146741	0.132214	0.103824	0.0710513	0.0423813	0.0220446	0.0100062	0.00396741	0.00137579	0.00041787	0.000111354	2.60832e-005	5.38123e-006	9.79959e-007	1.57879e-007	2.25553e-008	2.86435e-009	3.24129e-010	3.27634e-011	2.96557e-012	2.40954e-013	1.76165e-014	1.16171e-015	6.92608e-017	3.74179e-018	1.83591e-019	8.19946e-021	3.34296e-022	1.25535e-023	4.6418e-025	2.96879e-026	
Carex_pseudocyperus	0	0	0	0	0	0	0	0	0	0	0	0	0	0	0	0	0	0	0	0	0	0	0	0	0	0	0	0	0	0	0	0	1	0	0	0	0	0	0	0	0	0	0	0	0	0	0	0	0	0	0	0	0	0	0	0	0	0	0	0	0	0	
Carex_oligosperma	0	0	0	0	0	0	0	0	0	0	0	0	0	0	0	0	0	0	0	0	0	0	0	0	0	0	0	0	0	0	0	0	0	0	0	0	0	1	0	0	0	0	0	0	0	0	0	0	0	0	0	0	0	0	0	0	0	0	0	0	0	0	
N30	5.26983e-015	2.49766e-014	2.05948e-013	1.82183e-012	1.53096e-011	1.18846e-010	8.45986e-010	5.50659e-009	3.2719e-008	1.77211e-007	8.73729e-007	3.91645e-006	1.59403e-005	5.88383e-005	0.000196736	0.000595233	0.00162788	0.00402039	0.00895868	0.017997	0.0325712	0.0530738	0.0778251	0.102656	0.121771	0.129878	0.124545	0.107386	0.0832672	0.0580807	0.0364582	0.0206054	0.010492	0.00481643	0.00199495	0.00074621	0.000252305	7.71919e-005	2.13931e-005	5.3769e-006	1.22705e-006	2.5457e-007	4.80749e-008	8.27487e-009	1.29991e-009	1.8662e-010	2.45181e-011	2.95181e-012	3.26107e-013	3.31049e-014	3.09228e-015	2.66138e-016	2.11328e-017	1.55028e-018	1.05204e-019	6.61297e-021	3.85542e-022	2.08795e-023	1.05344e-024	5.01383e-026	2.44223e-027	2.1094e-028	
Carex_pallescens	0	0	0	0	0	0	0	0	0	0	0	0	0	0	0	0	0	0	0	0	0	0	0	0	0	0	0	0	0	0	0	1	0	0	0	0	0	0	0	0	0	0	0	0	0	0	0	0	0	0	0	0	0	0	0	0	0	0	0	0	0	0	
Carex_albursina	0	0	0	0	0	0	0	0	0	0	0	0	0	0	0	0	0	0	0	0	0	1	0	0	0	0	0	0	0	0	0	0	0	0	0	0	0	0	0	0	0	0	0	0	0	0	0	0	0	0	0	0	0	0	0	0	0	0	0	0	0	0	
N31	1.25544e-015	7.06627e-015	6.93408e-014	7.15049e-013	6.90993e-012	6.1041e-011	4.89724e-010	3.55918e-009	2.33944e-008	1.3888e-007	7.43668e-007	3.5875e-006	1.55728e-005	6.07593e-005	0.000212843	0.000668759	0.00188291	0.00474637	0.0107034	0.0215775	0.0388631	0.0625031	0.089725	0.114931	0.131335	0.133876	0.121731	0.0987492	0.0714813	0.0461871	0.0266506	0.0137397	0.00633297	0.00261157	0.000964293	0.000319086	9.47126e-005	2.52435e-005	6.04781e-006	1.30389e-006	2.53273e-007	4.43778e-008	7.02285e-009	1.00505e-009	1.30242e-010	1.5303e-011	1.63247e-012	1.58321e-013	1.3978e-014	1.125e-015	8.26501e-017	5.55018e-018	3.41134e-019	1.92166e-020	9.93429e-022	4.71935e-023	2.06308e-024	8.3136e-026	3.09883e-027	1.08191e-028	3.79129e-030	2.22686e-031	
Carex_pendula	0	0	0	0	0	0	0	0	0	0	0	0	0	0	0	0	0	0	0	0	0	0	0	0	0	0	0	0	1	0	0	0	0	0	0	0	0	0	0	0	0	0	0	0	0	0	0	0	0	0	0	0	0	0	0	0	0	0	0	0	0	0	
N32	9.05576e-015	4.60057e-014	3.87982e-013	3.48811e-012	2.98319e-011	2.35271e-010	1.69464e-009	1.11072e-008	6.61124e-008	3.56833e-007	1.74415e-006	7.71094e-006	3.07982e-005	0.000111007	0.000360683	0.00105538	0.00277843	0.00657539	0.0139777	0.0266708	0.0456526	0.0700646	0.0963737	0.118771	0.131119	0.129654	0.114834	0.0911125	0.0647743	0.0412753	0.0235846	0.0120907	0.00556449	0.00230073	0.000855301	0.000286132	8.62226e-005	2.34274e-005	5.74569e-006	1.2734e-006	2.55332e-007	4.63753e-008	7.63933e-009	1.14278e-009	1.55446e-010	1.92519e-011	2.17382e-012	2.24085e-013	2.11167e-014	1.82157e-015	1.44032e-016	1.0453e-017	6.97229e-019	4.27988e-020	2.4209e-021	1.26351e-022	6.09258e-024	2.71833e-025	1.1254e-026	4.37483e-028	1.7226e-029	1.16939e-030	
Carex_hostiana	0	0	0	0	0	0	0	0	0	0	0	0	0	0	0	0	0	0	0	0	0	0	0	0	0	0	0	1	0	0	0	0	0	0	0	0	0	0	0	0	0	0	0	0	0	0	0	0	0	0	0	0	0	0	0	0	0	0	0	0	0	0	
Carex_echinochloe	0	0	0	0	0	0	0	0	0	0	0	0	0	0	0	0	0	0	0	0	1	0	0	0	0	0	0	0	0	0	0	0	0	0	0	0	0	0	0	0	0	0	0	0	0	0	0	0	0	0	0	0	0	0	0	0	0	0	0	0	0	0	
Carex_dissitiflora	0	0	0	0	0	0	0	0	0	0	0	0	0	0	0	0	0	0	1	0	0	0	0	0	0	0	0	0	0	0	0	0	0	0	0	0	0	0	0	0	0	0	0	0	0	0	0	0	0	0	0	0	0	0	0	0	0	0	0	0	0	0	
N33	3.18469e-011	7.77177e-011	3.01478e-010	1.35301e-009	6.1401e-009	2.68286e-008	1.10886e-007	4.30552e-007	1.56568e-006	5.32326e-006	1.6903e-005	5.00834e-005	0.000138376	0.000356287	0.000854455	0.00190777	0.003964	0.00766229	0.0137741	0.0230212	0.0357641	0.0516337	0.0692643	0.0863203	0.0999297	0.107453	0.107313	0.0995392	0.0857501	0.0686099	0.0509883	0.0351981	0.0225724	0.0134493	0.00744642	0.00383178	0.00183292	0.00081521	0.000337199	0.00012975	4.64573e-005	1.54832e-005	4.8047e-006	1.38873e-006	3.74002e-007	9.38849e-008	2.19762e-008	4.79867e-009	9.77874e-010	1.86049e-010	3.30634e-011	5.49088e-012	8.52544e-013	1.23818e-013	1.68293e-014	2.14199e-015	2.55507e-016	2.86179e-017	3.02914e-018	3.11347e-019	3.50797e-020	7.03217e-021	
N34	2.01601e-013	6.04903e-013	3.02624e-012	1.7203e-011	9.69095e-011	5.19059e-010	2.6108e-009	1.22828e-008	5.39657e-008	2.21247e-007	8.45912e-007	3.01469e-006	1.00099e-005	3.09525e-005	8.90971e-005	0.000238651	0.000594615	0.00137762	0.00296692	0.00593795	0.0110409	0.0190678	0.0305796	0.0455321	0.0629342	0.0807389	0.0961304	0.106216	0.108906	0.103619	0.0914873	0.0749616	0.057004	0.0402354	0.0263637	0.0160388	0.00906127	0.00475503	0.00231831	0.00105043	0.000442447	0.000173301	6.31445e-005	2.14103e-005	6.75822e-006	1.98674e-006	5.4417e-007	1.38933e-007	3.3079e-008	7.34826e-009	1.52374e-009	2.9509e-010	5.33993e-011	9.03419e-012	1.42976e-012	2.11813e-013	2.94045e-014	3.83444e-015	4.73412e-016	5.70526e-017	7.60825e-018	1.77901e-018	
N35	7.0328e-018	3.84456e-017	3.6763e-016	3.76705e-015	3.68699e-014	3.3549e-013	2.81687e-012	2.17654e-011	1.54556e-010	1.00763e-009	6.02643e-009	3.30393e-008	1.65922e-007	7.62759e-007	3.20774e-006	1.23333e-005	4.33285e-005	0.000139014	0.000407113	0.00108781	0.00265088	0.00588948	0.0119254	0.0220021	0.0369792	0.0566077	0.0789164	0.100185	0.115816	0.121921	0.116886	0.102064	0.0811855	0.0588401	0.0388656	0.0234037	0.0128521	0.00643865	0.00294394	0.00122905	0.000468729	0.000163385	5.20805e-005	1.519e-005	4.05622e-006	9.92282e-007	2.22526e-007	4.57772e-008	8.64453e-009	1.49957e-009	2.3914e-010	3.50859e-011	4.74003e-012	5.90229e-013	6.78249e-014	7.20554e-015	7.09849e-016	6.52224e-017	5.6584e-018	4.77202e-019	4.24952e-020	5.71925e-021	
N36	1.4323e-040	3.4714e-039	1.26473e-037	4.71539e-036	1.70107e-034	5.8196e-033	1.87251e-031	5.64507e-030	1.59114e-028	4.18685e-027	1.02714e-025	2.3463e-024	4.98414e-023	9.83285e-022	1.79912e-020	3.04878e-019	4.77799e-018	6.91455e-017	9.2258e-016	1.13309e-014	1.27884e-013	1.32404e-012	1.25526e-011	1.08769e-010	8.59742e-010	6.18653e-009	4.04424e-008	2.39663e-007	1.28461e-006	6.21373e-006	2.70596e-005	0.000105836	0.000370867	0.00116144	0.00324255	0.0080501	0.0177285	0.0345507	0.0594507	0.0901228	0.120124	0.140533	0.144091	0.129328	0.101528	0.0696816	0.0418077	0.0219353	0.0100714	0.004051	0.00142951	0.000443316	0.000121064	2.91779e-005	6.22135e-006	1.1766e-006	1.97947e-007	2.97397e-008	4.0241e-009	5.05273e-010	6.69135e-011	1.5196e-011	
Uncinia_uncinata	0	0	0	0	0	0	0	0	0	0	0	0	0	0	0	0	0	0	0	0	0	0	0	0	0	0	0	0	0	0	0	0	0	0	0	0	0	0	0	0	0	0	0	1	0	0	0	0	0	0	0	0	0	0	0	0	0	0	0	0	0	0	
Uncinia_phleoides	0	0	0	0	0	0	0	0	0	0	0	0	0	0	0	0	0	0	0	0	0	0	0	0	0	0	0	0	0	0	0	0	0	0	0	0	0	0	0	0	0	0	0	0	0	0	0	1	0	0	0	0	0	0	0	0	0	0	0	0	0	0	
N37	5.16985e-017	2.88289e-016	2.64796e-015	2.61243e-014	2.48316e-013	2.19995e-012	1.79576e-011	1.34435e-010	9.20969e-010	5.76611e-009	3.29618e-008	1.71901e-007	8.1728e-007	3.53991e-006	1.39594e-005	5.0088e-005	0.000163436	0.000484712	0.00130596	0.00319514	0.00709567	0.0142983	0.0261351	0.0433211	0.0651048	0.0886928	0.109515	0.122554	0.124292	0.114243	0.0951715	0.071867	0.0491998	0.030542	0.0171964	0.00878443	0.00407256	0.0017142	0.000655356	0.000227672	7.1907e-005	2.0658e-005	5.40138e-006	1.2861e-006	2.79039e-007	5.52024e-008	9.96427e-009	1.64222e-009	2.47301e-010	3.40531e-011	4.29094e-012	4.95174e-013	5.23753e-014	5.08195e-015	4.52756e-016	3.70744e-017	2.79402e-018	1.94214e-019	1.25216e-020	7.64664e-022	4.88418e-023	5.45675e-024	
N38	8.03834e-015	3.6573e-014	2.55599e-013	1.93395e-012	1.43228e-011	1.00014e-010	6.48816e-010	3.88611e-009	2.14276e-008	1.08587e-007	5.05167e-007	2.15545e-006	8.42813e-006	3.01773e-005	9.88721e-005	0.000296222	0.000811023	0.00202798	0.00462878	0.00963881	0.0183035	0.0316827	0.0499726	0.0718009	0.0939526	0.11194	0.121422	0.119898	0.107776	0.0881939	0.0657061	0.0445747	0.0275408	0.0155019	0.00795154	0.00371823	0.00158571	0.000617049	0.000219203	7.113e-005	2.1096e-005	5.72227e-006	1.42055e-006	3.22983e-007	6.73073e-008	1.2866e-008	2.25778e-009	3.64026e-010	5.39723e-011	7.3651e-012	9.25857e-013	1.07315e-013	1.14797e-014	1.13438e-015	1.03647e-016	8.76475e-018	6.86703e-019	4.99211e-020	3.3802e-021	2.16879e-022	1.45262e-023	1.72984e-024	
Carex_pauciflora	0	0	0	0	0	0	0	0	0	0	0	0	0	0	0	0	0	0	1	0	0	0	0	0	0	0	0	0	0	0	0	0	0	0	0	0	0	0	0	0	0	0	0	0	0	0	0	0	0	0	0	0	0	0	0	0	0	0	0	0	0	0	
Carex_leptalea_subsp_leptalea	0	0	0	0	0	0	0	0	0	0	0	0	0	0	0	0	0	0	0	0	0	0	0	0	0	1	0	0	0	0	0	0	0	0	0	0	0	0	0	0	0	0	0	0	0	0	0	0	0	0	0	0	0	0	0	0	0	0	0	0	0	0	
Carex_capitata	0	0	0	0	0	0	0	0	0	0	0	0	0	0	0	0	0	0	0	0	0	0	0	0	1	0	0	0	0	0	0	0	0	0	0	0	0	0	0	0	0	0	0	0	0	0	0	0	0	0	0	0	0	0	0	0	0	0	0	0	0	0	
N39	2.93249e-013	7.64938e-013	3.28427e-012	1.63701e-011	8.22007e-011	3.97048e-010	1.81865e-009	7.86333e-009	3.20389e-008	1.22914e-007	4.43749e-007	1.50686e-006	4.8108e-006	1.44341e-005	4.06829e-005	0.000107675	0.000267512	0.000623647	0.00136382	0.00279683	0.00537692	0.00968827	0.0163567	0.0258694	0.0383204	0.0531563	0.0690392	0.0839464	0.0955505	0.101803	0.101525	0.0947675	0.0828008	0.0677201	0.0518492	0.0371665	0.0249463	0.0156809	0.0092327	0.00509295	0.00263267	0.00127562	0.000579515	0.000246924	9.87086e-005	3.70332e-005	1.30446e-005	4.3156e-006	1.34151e-006	3.91986e-007	1.07711e-007	2.78454e-008	6.77569e-009	1.55266e-009	3.35252e-010	6.82617e-011	1.31264e-011	2.39325e-012	4.18871e-013	7.33857e-014	1.47848e-014	5.01359e-015	
Kobresia_myosuroides	0	0	0	0	0	0	0	0	0	0	0	0	0	0	0	0	0	0	0	0	0	0	0	0	0	0	0	0	1	0	0	0	0	0	0	0	0	0	0	0	0	0	0	0	0	0	0	0	0	0	0	0	0	0	0	0	0	0	0	0	0	0	
Kobresia_simpliciuscula	0	0	0	0	0	0	0	0	0	0	0	0	0	0	0	0	0	0	0	0	0	0	0	0	0	0	0	0	0	0	0	0	0	0	1	0	0	0	0	0	0	0	0	0	0	0	0	0	0	0	0	0	0	0	0	0	0	0	0	0	0	0	
N40	4.80552e-011	1.31012e-010	5.20949e-010	2.27012e-009	9.9111e-009	4.18692e-008	1.68373e-007	6.39036e-007	2.27795e-006	7.60412e-006	2.37252e-005	6.9096e-005	0.000187649	0.000474834	0.0011188	0.00245313	0.00500283	0.00948482	0.0167097	0.0273436	0.0415465	0.0585952	0.0766851	0.0931056	0.104849	0.1095	0.106039	0.0952126	0.0792664	0.0611873	0.0437969	0.0290728	0.0179005	0.0102252	0.00542019	0.00266705	0.00121861	0.000517235	0.000204022	7.48229e-005	2.55252e-005	8.10415e-006	2.39599e-006	6.6001e-007	1.69496e-007	4.06052e-008	9.08e-009	1.89651e-009	3.70232e-010	6.75978e-011	1.15512e-011	1.84863e-012	2.77273e-013	3.90031e-014	5.14919e-015	6.38516e-016	7.44518e-017	8.18199e-018	8.53761e-019	8.70495e-020	9.76631e-021	1.92281e-021	
Carex_gibba	0	0	0	0	0	0	0	0	0	0	0	0	0	0	0	0	1	0	0	0	0	0	0	0	0	0	0	0	0	0	0	0	0	0	0	0	0	0	0	0	0	0	0	0	0	0	0	0	0	0	0	0	0	0	0	0	0	0	0	0	0	0	
N41	1.72073e-017	1.06964e-016	1.0929e-015	1.1792e-014	1.21739e-013	1.16912e-012	1.03379e-011	8.3782e-011	6.20685e-010	4.19545e-009	2.58337e-008	1.447e-007	7.36264e-007	3.39864e-006	1.42143e-005	5.37972e-005	0.000184028	0.000568323	0.00158278	0.00397108	0.00896682	0.0182064	0.0332139	0.0544021	0.0799562	0.105393	0.124548	0.131919	0.12522	0.106518	0.0812113	0.0555075	0.0340242	0.0187124	0.00923922	0.00409827	0.00163444	0.000586562	0.000189605	5.52609e-005	1.45374e-005	3.45576e-006	7.43192e-007	1.44771e-007	2.55757e-008	4.10284e-009	5.98421e-010	7.94616e-011	9.61829e-012	1.06266e-012	1.07303e-013	9.91541e-015	8.39561e-016	6.52217e-017	4.65459e-018	3.05543e-019	1.8473e-020	1.03042e-021	5.32301e-023	2.58774e-024	1.29197e-025	1.10694e-026	
N42	7.87799e-021	5.75372e-020	7.42934e-019	1.00536e-017	1.28745e-016	1.5296e-015	1.67767e-014	1.69515e-013	1.57546e-012	1.34489e-011	1.05301e-010	7.55148e-010	4.95295e-009	2.96697e-008	1.62094e-007	8.06511e-007	3.64956e-006	1.4999e-005	5.59103e-005	0.000188782	0.000576662	0.00159165	0.00396496	0.00890491	0.0180129	0.0327876	0.0536603	0.0789057	0.104189	0.123477	0.131297	0.125239	0.107152	0.0822371	0.0566271	0.0349956	0.0194194	0.00968152	0.00433957	0.00175026	0.00063579	0.000208222	6.15498e-005	1.64412e-005	3.97369e-006	8.70131e-007	1.72863e-007	3.12005e-008	5.12377e-009	7.66701e-010	1.04693e-010	1.3065e-011	1.4923e-012	1.56246e-013	1.5018e-014	1.32713e-015	1.07986e-016	8.1048e-018	5.63072e-019	3.67761e-020	2.4863e-021	3.02721e-022	
Carex_radiata	0	0	0	0	0	0	0	0	0	0	0	0	0	0	0	0	0	0	0	0	0	0	0	0	0	0	0	0	1	0	0	0	0	0	0	0	0	0	0	0	0	0	0	0	0	0	0	0	0	0	0	0	0	0	0	0	0	0	0	0	0	0	
Carex_macrocephala	0	0	0	0	0	0	0	0	0	0	0	0	0	0	0	0	0	0	0	0	0	0	0	0	0	0	0	0	0	0	0	0	0	0	0	0	1	0	0	0	0	0	0	0	0	0	0	0	0	0	0	0	0	0	0	0	0	0	0	0	0	0	
N43	1.65591e-022	1.20825e-021	2.39015e-020	5.71906e-019	1.30948e-017	2.71996e-016	5.04952e-015	8.33078e-014	1.21767e-012	1.57325e-011	1.79326e-010	1.79992e-009	1.58799e-008	1.22927e-007	8.33486e-007	4.94142e-006	2.55729e-005	0.000115338	0.000452635	0.0015433	0.00456523	0.0117004	0.0259498	0.049748	0.0823567	0.117636	0.144877	0.153764	0.140591	0.110724	0.0751144	0.0439034	0.0221181	0.0096103	0.00360417	0.0011678	0.000327272	7.94292e-005	1.67181e-005	3.05623e-006	4.86051e-007	6.73618e-008	8.14994e-009	8.62389e-010	7.9961e-011	6.509e-012	4.66076e-013	2.94142e-014	1.63934e-015	8.08444e-017	3.53468e-018	1.37283e-019	4.7456e-021	1.46287e-022	4.02899e-024	9.9352e-026	2.20126e-027	4.44519e-029	8.97945e-031	2.84796e-032	2.35593e-033	4.42883e-034	
Carex_satsumensis	0	0	0	0	0	0	0	0	0	0	0	0	0	0	0	0	0	0	1	0	0	0	0	0	0	0	0	0	0	0	0	0	0	0	0	0	0	0	0	0	0	0	0	0	0	0	0	0	0	0	0	0	0	0	0	0	0	0	0	0	0	0	
N44	8.73383e-023	1.02927e-021	2.33399e-020	5.70031e-019	1.30885e-017	2.71975e-016	5.04942e-015	8.3307e-014	1.21766e-012	1.57324e-011	1.79325e-010	1.79991e-009	1.58798e-008	1.22927e-007	8.33483e-007	4.94141e-006	2.55728e-005	0.000115338	0.000452634	0.0015433	0.00456522	0.0117004	0.0259498	0.049748	0.0823566	0.117636	0.144877	0.153764	0.140591	0.110724	0.0751145	0.0439034	0.0221182	0.00961031	0.00360417	0.0011678	0.000327273	7.94293e-005	1.67181e-005	3.05623e-006	4.86051e-007	6.73618e-008	8.14995e-009	8.6239e-010	7.99611e-011	6.50901e-012	4.66076e-013	2.94142e-014	1.63934e-015	8.08445e-017	3.53471e-018	1.37288e-019	4.74649e-021	1.4644e-022	4.05359e-024	1.03072e-025	2.73127e-027	1.15687e-028	9.95803e-030	1.13078e-030	1.37723e-031	2.38525e-032	
Carex_diandra	0	0	0	0	0	0	0	0	0	0	0	0	0	0	0	0	0	0	0	0	0	0	0	0	0	0	0	0	0	1	0	0	0	0	0	0	0	0	0	0	0	0	0	0	0	0	0	0	0	0	0	0	0	0	0	0	0	0	0	0	0	0	
N45	4.83301e-030	1.78261e-028	1.0235e-026	5.47742e-025	2.61953e-023	1.11272e-021	4.18503e-020	1.38963e-018	4.06161e-017	1.0418e-015	2.33789e-014	4.57563e-013	7.78542e-012	1.14794e-010	1.46203e-009	1.60315e-008	1.50857e-007	1.21432e-006	8.33478e-006	4.86304e-005	0.000240477	0.00100497	0.0035398	0.0104828	0.026042	0.0541658	0.0941706	0.136672	0.165431	0.166913	0.140359	0.0983974	0.057545	0.0281042	0.0114786	0.00392758	0.00112818	0.000272691	5.56058e-005	9.59265e-006	1.40413e-006	1.74932e-007	1.86082e-008	1.69563e-009	1.32795e-010	8.9681e-012	5.24001e-013	2.65775e-014	1.174e-015	4.53109e-017	1.53284e-018	4.55941e-020	1.19608e-021	2.77555e-023	5.71394e-025	1.04652e-026	1.70992e-028	2.49908e-030	3.2757e-032	3.86444e-034	4.20998e-036	6.89945e-038	
N46	1.69164e-032	7.45306e-031	5.08825e-029	3.21633e-027	1.82235e-025	9.21372e-024	4.14403e-022	1.65285e-020	5.8273e-019	1.81e-017	4.93607e-016	1.17776e-014	2.44988e-013	4.42657e-012	6.92179e-011	9.33218e-010	1.0808e-008	1.07127e-007	9.05457e-007	6.50301e-006	3.95518e-005	0.000203063	0.00087744	0.00318242	0.00966548	0.0245328	0.0519553	0.0916974	0.134771	0.164895	0.167969	0.142519	0.100813	0.0595237	0.0293804	0.0121453	0.00421351	0.00122958	0.000302575	6.2954e-005	1.11058e-005	1.66606e-006	2.1319e-007	2.3342e-008	2.1938e-009	1.77565e-010	1.24178e-011	7.5283e-013	3.96961e-014	1.82653e-015	7.35785e-017	2.60327e-018	8.11542e-020	2.23602e-021	5.46184e-023	1.18629e-024	2.29777e-026	3.98092e-028	6.19256e-030	8.72908e-032	1.16875e-033	2.33606e-035	
Carex_foenea	0	0	0	0	0	0	0	0	0	0	0	0	0	0	0	0	0	0	0	0	0	0	0	0	0	0	0	0	0	0	0	0	0	0	0	0	0	0	0	0	1	0	0	0	0	0	0	0	0	0	0	0	0	0	0	0	0	0	0	0	0	0	
N47	2.23341e-030	8.84444e-029	5.48123e-027	3.16256e-025	1.63643e-023	7.55227e-022	3.09752e-020	1.12495e-018	3.6041e-017	1.01458e-015	2.49926e-014	5.36422e-013	9.98696e-012	1.6054e-010	2.21759e-009	2.61938e-008	2.63247e-007	2.23964e-006	1.60488e-005	9.63794e-005	0.00048272	0.00200712	0.00689879	0.0195277	0.0453758	0.0863406	0.134303	0.170632	0.177067	0.150198	0.10431	0.0594417	0.0278734	0.0107907	0.00346146	0.0009237	0.000205904	3.85052e-005	6.0672e-006	8.09059e-007	9.17071e-008	8.87464e-009	7.36368e-010	5.26109e-011	3.2501e-012	1.74308e-013	8.14799e-015	3.33247e-016	1.19695e-017	3.78923e-019	1.06096e-020	2.63622e-022	5.83188e-024	1.15223e-025	2.0393e-027	3.24261e-029	4.64505e-031	6.01085e-033	7.04476e-035	7.50311e-037	7.43708e-039	1.11004e-040	
Carex_conferta	0	0	0	0	0	0	0	0	0	0	0	0	0	0	0	0	0	0	0	0	0	0	0	0	0	1	0	0	0	0	0	0	0	0	0	0	0	0	0	0	0	0	0	0	0	0	0	0	0	0	0	0	0	0	0	0	0	0	0	0	0	0	
Carex_arcta	0	0	0	0	0	0	0	0	0	0	0	0	0	0	0	0	0	0	0	0	0	0	0	0	0	0	1	0	0	0	0	0	0	0	0	0	0	0	0	0	0	0	0	0	0	0	0	0	0	0	0	0	0	0	0	0	0	0	0	0	0	0	
N48	5.55298e-032	2.5532e-030	1.7958e-028	1.17661e-026	6.90047e-025	3.60032e-023	1.66534e-021	6.80615e-020	2.44922e-018	7.73252e-017	2.13385e-015	5.12728e-014	1.06849e-012	1.92329e-011	2.97782e-010	3.94894e-009	4.46593e-008	4.28841e-007	3.4812e-006	2.37858e-005	0.000136207	0.000650967	0.00258619	0.00850881	0.023104	0.0516157	0.0946273	0.142064	0.174392	0.174892	0.143259	0.095894	0.0525137	0.023569	0.00869019	0.00263994	0.000662967	0.000138146	2.39812e-005	3.48282e-006	4.25028e-007	4.37793e-008	3.8233e-009	2.84366e-010	1.80933e-011	9.89156e-013	4.66636e-014	1.90755e-015	6.78458e-017	2.1078e-018	5.74181e-020	1.37651e-021	2.91443e-023	5.46836e-025	9.12245e-027	1.35733e-028	1.80673e-030	2.15773e-032	2.31868e-034	2.25056e-036	2.02418e-038	2.69307e-040	
N49	1.3214e-034	7.7253e-033	6.79938e-031	5.51027e-029	4.00103e-027	2.59171e-025	1.49259e-023	7.61569e-022	3.43008e-020	1.35852e-018	4.71266e-017	1.42592e-015	3.74692e-014	8.51238e-013	1.66418e-011	2.78628e-010	3.97524e-009	4.80836e-008	4.90521e-007	4.19799e-006	2.99796e-005	0.000177702	0.000869663	0.00349609	0.0114886	0.0307212	0.0665791	0.116537	0.164298	0.186222	0.169531	0.123972	0.0728988	0.034541	0.0132266	0.00410844	0.00103972	0.000215416	3.67304e-005	5.18236e-006	6.08423e-007	5.97727e-008	4.94136e-009	3.45643e-010	2.05678e-011	1.04663e-012	4.5777e-014	1.72927e-015	5.66863e-017	1.61973e-018	4.05154e-020	8.90843e-022	1.72858e-023	2.97106e-025	4.53967e-027	6.18743e-029	7.54718e-031	8.26418e-033	8.14821e-035	7.26081e-037	5.98273e-039	7.22927e-041	
Carex_disticha	0	0	0	0	0	0	0	0	0	0	0	0	0	0	0	0	0	0	0	0	0	0	0	0	0	0	0	0	0	0	1	0	0	0	0	0	0	0	0	0	0	0	0	0	0	0	0	0	0	0	0	0	0	0	0	0	0	0	0	0	0	0	
Carex_chordorrhiza	0	0	0	0	0	0	0	0	0	0	0	0	0	0	0	0	0	0	0	0	0	0	0	0	0	0	0	0	0	0	1	0	0	0	0	0	0	0	0	0	0	0	0	0	0	0	0	0	0	0	0	0	0	0	0	0	0	0	0	0	0	0	
Carex_deweyana_var_deweyana	0	0	0	0	0	0	0	0	0	0	0	0	0	0	0	0	0	0	0	0	0	0	0	0	0	0	1	0	0	0	0	0	0	0	0	0	0	0	0	0	0	0	0	0	0	0	0	0	0	0	0	0	0	0	0	0	0	0	0	0	0	0	
N50	0.0342271	0.0461802	0.0713269	0.107195	0.143033	0.162604	0.154845	0.122784	0.0810242	0.0446054	0.020576	0.00799735	0.0026355	0.000741275	0.000179143	3.74446e-005	6.81283e-006	1.08561e-006	1.52389e-007	1.8947e-008	2.09735e-009	2.077e-010	1.84841e-011	1.48449e-012	1.08016e-013	7.14705e-015	4.31501e-016	2.3848e-017	1.21016e-018	5.65438e-020	2.43907e-021	9.73742e-023	3.60629e-024	1.24175e-025	3.9835e-027	1.19292e-028	3.341e-030	8.76655e-032	2.1587e-033	4.99642e-035	1.08864e-036	2.2361e-038	4.33593e-040	7.94755e-042	1.3788e-043	2.26685e-045	3.53615e-047	5.24023e-049	7.38612e-051	9.91468e-053	1.26918e-054	1.55167e-056	1.81483e-058	2.0347e-060	2.19195e-062	2.27566e-064	2.28502e-066	2.22878e-068	2.1224e-070	1.98404e-072	1.83361e-074	2.00874e-076	
Carex_pachygyna	0	0	0	0	0	1	0	0	0	0	0	0	0	0	0	0	0	0	0	0	0	0	0	0	0	0	0	0	0	0	0	0	0	0	0	0	0	0	0	0	0	0	0	0	0	0	0	0	0	0	0	0	0	0	0	0	0	0	0	0	0	0	
Carex_siderosticta	0	0	0	0	0	1	0	0	0	0	0	0	0	0	0	0	0	0	0	0	0	0	0	0	0	0	0	0	0	0	0	0	0	0	0	0	0	0	0	0	0	0	0	0	0	0	0	0	0	0	0	0	0	0	0	0	0	0	0	0	0	0	
N51	1.21192e-010	2.08559e-010	4.83402e-010	1.2551e-009	3.36573e-009	9.02318e-009	2.38527e-008	6.1775e-008	1.56202e-007	3.84796e-007	9.22127e-007	2.14717e-006	4.85344e-006	1.06415e-005	2.26173e-005	4.65717e-005	9.28629e-005	0.000179236	0.000334749	0.00060478	0.00105669	0.00178512	0.00291527	0.00460153	0.00701894	0.010345	0.0147306	0.0202629	0.0269234	0.0345514	0.0428232	0.0512554	0.059241	0.0661159	0.071248	0.0741325	0.0744737	0.0722354	0.067647	0.0611647	0.053397	0.0450103	0.0366362	0.0287969	0.0218609	0.0160302	0.0113566	0.00777527	0.00514632	0.00329469	0.00204158	0.00122568	0.00071389	0.000404188	0.000223091	0.000120563	6.42305e-005	3.41125e-005	1.84094e-005	1.04421e-005	6.59758e-006	5.05202e-006	
Trichophorum_cespitosum	0	0	0	0	0	0	0	0	0	0	0	0	0	0	0	0	0	0	0	0	0	0	0	0	0	0	0	0	0	0	0	0	0	0	0	0	0	0	0	0	0	0	0	0	0	0	0	0	0	0	0	1	0	0	0	0	0	0	0	0	0	0	
Trichophorum_alpinum	0	0	0	0	0	0	0	0	0	0	0	0	0	0	0	0	0	0	0	0	0	0	0	0	0	0	0	0	1	0	0	0	0	0	0	0	0	0	0	0	0	0	0	0	0	0	0	0	0	0	0	0	0	0	0	0	0	0	0	0	0	0	
N52	0.000334349	0.000394502	0.000532565	0.000786762	0.00122061	0.001929	0.00304349	0.00473396	0.0072025	0.0106654	0.0153204	0.0212987	0.0286084	0.0370789	0.0463244	0.0557421	0.0645582	0.0719231	0.077042	0.0793152	0.0784526	0.0745342	0.0679981	0.0595583	0.0500745	0.040407	0.0312904	0.0232508	0.0165768	0.011339	0.00744108	0.00468462	0.0028293	0.00163926	0.000911129	0.000485827	0.000248521	0.000121965	5.74275e-005	2.59438e-005	1.12461e-005	4.67789e-006	1.86728e-006	7.15345e-007	2.63027e-007	9.28339e-008	3.14539e-008	1.02317e-008	3.19579e-009	9.58551e-010	2.76132e-010	7.64095e-011	2.03137e-011	5.18992e-012	1.27488e-012	3.01415e-013	6.87568e-014	1.52311e-014	3.33483e-015	7.57922e-016	2.03961e-016	8.74911e-017	
N53	0.0026361	0.0029822	0.0037063	0.00487088	0.0065643	0.00889251	0.0119655	0.0158776	0.0206828	0.0263666	0.0328196	0.039819	0.0470251	0.0539966	0.0602286	0.0652097	0.0684894	0.0697442	0.0688299	0.0658069	0.0609337	0.0546289	0.0474102	0.0398223	0.0323684	0.0254566	0.0193695	0.0142573	0.0101516	0.0069916	0.00465751	0.0030009	0.00187009	0.00112716	0.000657078	0.000370479	0.000202038	0.00010657	5.43724e-005	2.68339e-005	1.28105e-005	5.91623e-006	2.64328e-006	1.14258e-006	4.77859e-007	1.93381e-007	7.57286e-008	2.86998e-008	1.05272e-008	3.7379e-009	1.28499e-009	4.27808e-010	1.37997e-010	4.31599e-011	1.31055e-011	3.87285e-012	1.11898e-012	3.19073e-013	9.1614e-014	2.77346e-014	9.86132e-015	5.14425e-015	
N54	0.0209519	0.0218954	0.0237641	0.026519	0.0300865	0.0343447	0.0391121	0.0441434	0.0491348	0.0537423	0.0576101	0.0604076	0.0618688	0.0618262	0.0602342	0.0571766	0.0528563	0.0475688	0.0416654	0.0355111	0.0294454	0.023751	0.0186343	0.0142193	0.0105524	0.00761589	0.00534524	0.00364823	0.00242138	0.0015628	0.000980854	0.000598643	0.000355302	0.000205068	0.0001151	6.28259e-005	3.335e-005	1.7217e-005	8.64435e-006	4.22119e-006	2.00483e-006	9.26135e-007	4.1614e-007	1.81882e-007	7.73284e-008	3.19821e-008	1.28681e-008	5.03707e-009	1.91835e-009	7.10874e-010	2.56342e-010	8.9966e-011	3.07394e-011	1.02308e-011	3.32046e-012	1.05333e-012	3.28213e-013	1.01552e-013	3.19602e-014	1.07855e-014	4.35114e-015	2.52209e-015	
N55	0.0789779	0.0789885	0.0788916	0.0784916	0.077546	0.0758155	0.0731123	0.0693399	0.0645148	0.058768	0.0523281	0.0454882	0.0385672	0.0318692	0.0256515	0.0201029	0.0153341	0.0113815	0.00821854	0.00577259	0.00394339	0.00261966	0.00169223	0.00106287	0.000649049	0.000385332	0.000222398	0.000124782	6.80592e-005	3.60848e-005	1.85977e-005	9.31721e-006	4.53734e-006	2.14786e-006	9.88326e-007	4.42066e-007	1.92208e-007	8.12382e-008	3.3378e-008	1.33315e-008	5.17646e-009	1.95402e-009	7.17107e-010	2.55865e-010	8.8762e-011	2.99399e-011	9.81975e-012	3.13182e-012	9.71328e-013	2.92978e-013	8.59491e-014	2.45268e-014	6.8097e-015	1.84029e-015	4.84492e-016	1.24491e-016	3.1348e-017	7.80721e-018	1.96364e-018	5.23378e-019	1.65354e-019	7.89677e-020	
N56	0.119897	0.117435	0.112618	0.105688	0.0969916	0.0869686	0.0761187	0.0649654	0.0540128	0.0437031	0.0343818	0.0262773	0.0194955	0.0140311	0.00979024	0.00661918	0.00433433	0.00274771	0.00168576	0.00100061	0.000574459	0.00031892	0.000171178	8.88142e-005	4.45372e-005	2.15833e-005	1.0107e-005	4.57299e-006	1.99906e-006	8.44254e-007	3.44453e-007	1.35764e-007	5.16933e-008	1.90141e-008	6.75642e-009	2.31934e-009	7.69186e-010	2.46453e-010	7.62946e-011	2.28209e-011	6.59592e-012	1.84227e-012	4.97275e-013	1.2973e-013	3.27129e-014	7.97397e-015	1.87908e-015	4.2813e-016	9.43209e-017	2.00951e-017	4.14069e-018	8.25291e-019	1.5913e-019	2.96885e-020	5.36096e-021	9.37518e-022	1.59028e-022	2.628e-023	4.2874e-024	7.19937e-025	1.41957e-025	4.73894e-026	
N57	0.141489	0.137264	0.129146	0.117791	0.104088	0.0890451	0.0736835	0.0589208	0.0454856	0.0338649	0.0242923	0.0167732	0.011138	0.00710697	0.00435436	0.00255998	0.00144334	0.000780015	0.00040388	0.000200291	9.51059e-005	4.32305e-005	1.88077e-005	7.83059e-006	3.11984e-006	1.18943e-006	4.33921e-007	1.51485e-007	5.06111e-008	1.61837e-008	4.95356e-009	1.45153e-009	4.07256e-010	1.09426e-010	2.81623e-011	6.94373e-012	1.64054e-012	3.7149e-013	8.0644e-014	1.67866e-014	3.35141e-015	6.41907e-016	1.17979e-016	2.08133e-017	3.52524e-018	5.73411e-019	8.95955e-020	1.34514e-020	1.94099e-021	2.6926e-022	3.59198e-023	4.60918e-024	5.69065e-025	6.76191e-026	7.73528e-027	8.52206e-028	9.04822e-029	9.27503e-030	9.23934e-031	9.19172e-032	1.03016e-032	2.09907e-033	
Fimbristylis_autumnalis	0	0	0	0	1	0	0	0	0	0	0	0	0	0	0	0	0	0	0	0	0	0	0	0	0	0	0	0	0	0	0	0	0	0	0	0	0	0	0	0	0	0	0	0	0	0	0	0	0	0	0	0	0	0	0	0	0	0	0	0	0	0	
Fimbristylis_complanata	0	0	0	0	1	0	0	0	0	0	0	0	0	0	0	0	0	0	0	0	0	0	0	0	0	0	0	0	0	0	0	0	0	0	0	0	0	0	0	0	0	0	0	0	0	0	0	0	0	0	0	0	0	0	0	0	0	0	0	0	0	0	
N58	0.135005	0.137764	0.140499	0.138773	0.128709	0.109416	0.0838735	0.0574055	0.0348954	0.0187972	0.00897021	0.0037959	0.0014269	0.000477553	0.000142663	3.81474e-005	9.15622e-006	1.97842e-006	3.85939e-007	6.81628e-008	1.09297e-008	1.5954e-009	2.12553e-010	2.59112e-011	2.89723e-012	2.97826e-013	2.82094e-014	2.46717e-015	1.99649e-016	1.49776e-017	1.04361e-018	6.7659e-020	4.08835e-021	2.30629e-022	1.21647e-023	6.00835e-025	2.78292e-026	1.21041e-027	4.95016e-029	1.90594e-030	6.9171e-032	2.36903e-033	7.66532e-035	2.34568e-036	6.79569e-038	1.86575e-039	4.85897e-041	1.20144e-042	2.82303e-044	6.30889e-046	1.34207e-047	2.71977e-049	5.25499e-051	9.68831e-053	1.70591e-054	2.87221e-056	4.63306e-058	7.18769e-060	1.08175e-061	1.61088e-063	2.48636e-065	5.45278e-067	
Fimbristylis_aestivalis	0	0	0	0	1	0	0	0	0	0	0	0	0	0	0	0	0	0	0	0	0	0	0	0	0	0	0	0	0	0	0	0	0	0	0	0	0	0	0	0	0	0	0	0	0	0	0	0	0	0	0	0	0	0	0	0	0	0	0	0	0	0	
Fimbristylis_squarrosa	0	0	0	0	1	0	0	0	0	0	0	0	0	0	0	0	0	0	0	0	0	0	0	0	0	0	0	0	0	0	0	0	0	0	0	0	0	0	0	0	0	0	0	0	0	0	0	0	0	0	0	0	0	0	0	0	0	0	0	0	0	0	
Fimbristylis_ovata	0	0	0	0	1	0	0	0	0	0	0	0	0	0	0	0	0	0	0	0	0	0	0	0	0	0	0	0	0	0	0	0	0	0	0	0	0	0	0	0	0	0	0	0	0	0	0	0	0	0	0	0	0	0	0	0	0	0	0	0	0	0	
N59	0.00391952	0.00459097	0.00597256	0.00813459	0.011163	0.0151363	0.0200967	0.0260187	0.0327787	0.0401348	0.047721	0.0550641	0.0616231	0.0668508	0.0702666	0.0715284	0.0704888	0.0672225	0.0620184	0.0553362	0.0477384	0.0398103	0.0320852	0.0249874	0.0188008	0.0136652	0.00959394	0.00650547	0.00426021	0.00269421	0.00164538	0.000970336	0.000552582	0.000303873	0.000161366	8.27502e-005	4.09805e-005	1.96e-005	9.05374e-006	4.03943e-006	1.74085e-006	7.24741e-007	2.91489e-007	1.13271e-007	4.25316e-008	1.54328e-008	5.41212e-009	1.83455e-009	6.0115e-010	1.90455e-010	5.8349e-011	1.72902e-011	4.95715e-012	1.3758e-012	3.69974e-013	9.65723e-014	2.45582e-014	6.13364e-015	1.53348e-015	4.02419e-016	1.2493e-016	5.94262e-017	
Bulbostylis_barbata	0	0	0	0	1	0	0	0	0	0	0	0	0	0	0	0	0	0	0	0	0	0	0	0	0	0	0	0	0	0	0	0	0	0	0	0	0	0	0	0	0	0	0	0	0	0	0	0	0	0	0	0	0	0	0	0	0	0	0	0	0	0	
N60	5.18606e-007	1.19937e-006	3.3137e-006	9.00525e-006	2.34387e-005	5.81875e-005	0.000137596	0.000309648	0.000662607	0.00134716	0.00260023	0.00476104	0.00826363	0.0135867	0.0211468	0.0311383	0.0433531	0.0570413	0.0708919	0.0831861	0.0921258	0.0962573	0.0948575	0.0881401	0.0772026	0.0637317	0.0495753	0.0363326	0.0250839	0.0163125	0.00999172	0.00576419	0.00313187	0.00160266	0.000772428	0.000350653	0.000149944	6.04021e-005	2.29241e-005	8.19799e-006	2.76287e-006	8.7765e-007	2.62828e-007	7.42155e-008	1.97645e-008	4.96529e-009	1.177e-009	2.63326e-010	5.56182e-011	1.10936e-011	2.0902e-012	3.72146e-013	6.26329e-014	9.96877e-015	1.50132e-015	2.1413e-016	2.89735e-017	3.73445e-018	4.63929e-019	5.77158e-020	8.22938e-021	2.08788e-021	
N61	2.95921e-008	6.03998e-008	1.72473e-007	5.33601e-007	1.63024e-006	4.78269e-006	1.33604e-005	3.54361e-005	8.9122e-005	0.000212354	0.000479024	0.0010223	0.00206275	0.00393265	0.00708011	0.01203	0.0192813	0.0291362	0.0414917	0.0556591	0.0703055	0.0835928	0.0935269	0.0984392	0.0974435	0.0906973	0.0793612	0.0652714	0.0504521	0.0366462	0.0250113	0.0160389	0.00966343	0.00547018	0.00290932	0.00145384	0.00068266	0.000301223	0.000124915	4.86893e-005	1.78406e-005	6.14628e-006	1.99122e-006	6.06763e-007	1.73942e-007	4.69218e-008	1.19135e-008	2.84784e-009	6.41099e-010	1.35956e-010	2.71694e-011	5.11828e-012	9.09323e-013	1.52443e-013	2.41357e-014	3.61438e-015	5.13518e-016	6.96862e-017	9.17426e-018	1.21604e-018	1.78387e-019	4.02392e-020	
Bulbostylis_juncoides	0	0	0	0	0	0	0	0	0	0	0	0	0	0	0	0	0	0	0	0	0	0	0	0	0	0	0	0	0	0	0	0	0	0	0	0	0	0	0	0	0	1	0	0	0	0	0	0	0	0	0	0	0	0	0	0	0	0	0	0	0	0	
Bulbostylis_densa	0	0	0	0	0	0	0	0	0	0	0	0	0	0	0	0	0	0	0	0	0	0	0	0	0	0	0	0	0	0	0	1	0	0	0	0	0	0	0	0	0	0	0	0	0	0	0	0	0	0	0	0	0	0	0	0	0	0	0	0	0	0	
Bulbostylis_hispidula	0	0	0	0	1	0	0	0	0	0	0	0	0	0	0	0	0	0	0	0	0	0	0	0	0	0	0	0	0	0	0	0	0	0	0	0	0	0	0	0	0	0	0	0	0	0	0	0	0	0	0	0	0	0	0	0	0	0	0	0	0	0	
N62	0.00351524	0.00377073	0.00430085	0.00514378	0.0063543	0.00799995	0.0101546	0.012889	0.0162582	0.0202864	0.0249509	0.030168	0.0357832	0.04157	0.0472384	0.0524551	0.0568738	0.060172	0.062089	0.0624595	0.0612357	0.0584954	0.0544324	0.0493332	0.043542	0.0374211	0.0313131	0.0255098	0.0202318	0.0156204	0.0117399	0.00858893	0.00611666	0.00424018	0.00286121	0.00187937	0.00120165	0.000747916	0.000453156	0.000267286	0.000153481	8.58033e-005	4.67037e-005	2.4753e-005	1.27755e-005	6.42179e-006	3.14435e-006	1.50003e-006	6.97404e-007	3.16127e-007	1.39787e-007	6.03434e-008	2.54579e-008	1.05129e-008	4.2592e-009	1.69891e-009	6.70961e-010	2.64902e-010	1.0643e-010	4.5108e-011	2.17744e-011	1.38857e-011	
Eleocharis_dulcis	0	0	0	0	0	0	0	0	0	0	0	0	0	0	0	0	0	0	0	0	0	0	0	0	0	0	0	0	0	0	0	0	0	0	0	0	0	1	0	0	0	0	0	0	0	0	0	0	0	0	0	0	0	0	0	0	0	0	0	0	0	0	
N63	0.0093626	0.0100524	0.0114844	0.0137544	0.0169778	0.0212563	0.0266355	0.0330595	0.0403301	0.0480846	0.0558006	0.0628381	0.068516	0.072214	0.0734779	0.0721054	0.0681895	0.0621062	0.0544509	0.0459361	0.0372769	0.0290904	0.0218269	0.0157433	0.0109145	0.00727237	0.00465673	0.0028655	0.00169443	0.000962821	0.000525744	0.000275879	0.000139122	6.74263e-005	3.14083e-005	1.40627e-005	6.05261e-006	2.50438e-006	9.96288e-007	3.81101e-007	1.40189e-007	4.95971e-008	1.6878e-008	5.52541e-009	1.74038e-009	5.27502e-010	1.53876e-010	4.32072e-011	1.16805e-011	3.04074e-012	7.62474e-013	1.84225e-013	4.29108e-014	9.64283e-015	2.09313e-015	4.39801e-016	8.97866e-017	1.79367e-017	3.55828e-018	7.26453e-019	1.69447e-019	6.19192e-020	
N64	0.00247443	0.00289117	0.00379029	0.00530247	0.00761744	0.0109674	0.0155928	0.0216855	0.0293138	0.0383398	0.0483545	0.058658	0.0683094	0.0762524	0.081499	0.0833298	0.0814532	0.0760773	0.0678694	0.0578146	0.0470168	0.0364966	0.027039	0.0191178	0.0128998	0.00830658	0.00510466	0.00299388	0.00167593	0.000895493	0.000456771	0.000222441	0.000103434	4.59308e-005	1.94807e-005	7.89283e-006	3.05538e-006	1.13026e-006	3.99632e-007	1.3508e-007	4.36581e-008	1.3495e-008	3.99035e-009	1.12896e-009	3.05688e-010	7.92344e-011	1.96648e-011	4.67428e-012	1.06438e-012	2.32249e-013	4.85729e-014	9.73942e-015	1.8728e-015	3.45457e-016	6.11495e-017	1.03926e-017	1.69783e-018	2.6755e-019	4.11365e-020	6.42243e-021	1.16692e-021	3.65603e-022	
Eleocharis_uniglumis	0	0	0	0	0	0	0	0	0	0	0	0	0	0	0	0	0	0	0	0	0	0	0	1	0	0	0	0	0	0	0	0	0	0	0	0	0	0	0	0	0	0	0	0	0	0	0	0	0	0	0	0	0	0	0	0	0	0	0	0	0	0	
Eleocharis_acicularis	0	0	0	0	0	0	0	0	0	1	0	0	0	0	0	0	0	0	0	0	0	0	0	0	0	0	0	0	0	0	0	0	0	0	0	0	0	0	0	0	0	0	0	0	0	0	0	0	0	0	0	0	0	0	0	0	0	0	0	0	0	0	
N65	0.0222319	0.0235452	0.0261723	0.0300992	0.0352589	0.0414859	0.0484736	0.0557514	0.0626953	0.0685842	0.0726983	0.0744438	0.0734727	0.0697639	0.0636406	0.0557139	0.0467684	0.0376201	0.0289837	0.0213791	0.0150942	0.0101983	0.00659304	0.00407801	0.00241321	0.00136623	0.000740013	0.000383499	0.000190162	9.02306e-005	4.09727e-005	1.7807e-005	7.40794e-006	2.95031e-006	1.12503e-006	4.10813e-007	1.43675e-007	4.81325e-008	1.54487e-008	4.75134e-009	1.40051e-009	3.95714e-010	1.07197e-010	2.78467e-011	6.93803e-012	1.65828e-012	3.80301e-013	8.37012e-014	1.76832e-014	3.5868e-015	6.98653e-016	1.30713e-016	2.34951e-017	4.05825e-018	6.73792e-019	1.07579e-019	1.65337e-020	2.45329e-021	3.55123e-022	5.20958e-023	8.87674e-024	2.64362e-024	
N66	0.0273989	0.0307293	0.0375615	0.0479729	0.061501	0.0767373	0.0912366	0.10195	0.106137	0.102377	0.0911788	0.0748204	0.0564987	0.0392346	0.0250504	0.0147068	0.00794173	0.00394665	0.00180609	0.000761684	0.000296281	0.000106396	3.53074e-005	1.08383e-005	3.08088e-006	8.11836e-007	1.98526e-007	4.51027e-008	9.53016e-009	1.87496e-009	3.43838e-010	5.88385e-011	9.40548e-012	1.40597e-012	1.96745e-013	2.57996e-014	3.17352e-015	3.66541e-016	3.97905e-017	4.06376e-018	3.90816e-019	3.54248e-020	3.02917e-021	2.44566e-022	1.86592e-023	1.34641e-024	9.19602e-026	5.94979e-027	3.64937e-028	2.12361e-029	1.17325e-030	6.15847e-032	3.07349e-033	1.45939e-034	6.59792e-036	2.84259e-037	1.16856e-038	4.59559e-040	1.74046e-041	6.47042e-043	2.5279e-044	1.61905e-045	
Eleocharis_mamillata_subsp_mamillata	0	0	0	0	0	0	0	1	0	0	0	0	0	0	0	0	0	0	0	0	0	0	0	0	0	0	0	0	0	0	0	0	0	0	0	0	0	0	0	0	0	0	0	0	0	0	0	0	0	0	0	0	0	0	0	0	0	0	0	0	0	0	
Eleocharis_compressa_var_compressa	0	0	0	0	0	0	0	0	1	0	0	0	0	0	0	0	0	0	0	0	0	0	0	0	0	0	0	0	0	0	0	0	0	0	0	0	0	0	0	0	0	0	0	0	0	0	0	0	0	0	0	0	0	0	0	0	0	0	0	0	0	0	
Eleocharis_flavescens_var_olivacea	0	0	0	0	0	0	0	0	0	1	0	0	0	0	0	0	0	0	0	0	0	0	0	0	0	0	0	0	0	0	0	0	0	0	0	0	0	0	0	0	0	0	0	0	0	0	0	0	0	0	0	0	0	0	0	0	0	0	0	0	0	0	
N67	0.000124099	0.000145775	0.000195476	0.000287396	0.000446487	0.000712809	0.00114694	0.00183558	0.00289591	0.00447616	0.00674969	0.00989956	0.0140919	0.0194388	0.0259546	0.0335143	0.0418242	0.0504177	0.0586842	0.0659325	0.0714831	0.074772	0.0754446	0.0734188	0.0689006	0.0623494	0.0544001	0.0457611	0.037111	0.0290137	0.0218668	0.0158872	0.0111273	0.00751305	0.00489033	0.00306882	0.00185668	0.00108308	0.000609227	0.000330468	0.000172886	8.72429e-005	4.24724e-005	1.99513e-005	9.04519e-006	3.95879e-006	1.67317e-006	6.83144e-007	2.69569e-007	1.02858e-007	3.79741e-008	1.35747e-008	4.70261e-009	1.5803e-009	5.15739e-010	1.63689e-010	5.06229e-011	1.53102e-011	4.57091e-012	1.388e-012	4.72008e-013	2.31302e-013	
N68	7.04547e-005	8.59439e-005	0.000122142	0.000190825	0.000313046	0.00052333	0.00087523	0.00144771	0.00235109	0.00373042	0.00576308	0.00864713	0.0125774	0.0177081	0.0241051	0.0316952	0.0402245	0.0492411	0.058113	0.0660904	0.0724041	0.0763862	0.0775858	0.0758529	0.0713687	0.0646137	0.0562823	0.0471635	0.0380186	0.0294791	0.0219858	0.0157714	0.0108815	0.00722106	0.00460899	0.00282953	0.00167085	0.000949057	0.000518562	0.000272576	0.000137843	6.70697e-005	3.14018e-005	1.41487e-005	6.13583e-006	2.56147e-006	1.02956e-006	3.98527e-007	1.48609e-007	5.34054e-008	1.85056e-008	6.18744e-009	1.99819e-009	6.24147e-010	1.88938e-010	5.55894e-011	1.59672e-011	4.51103e-012	1.2724e-012	3.7164e-013	1.24228e-013	6.07251e-014	
N69	2.96645e-005	3.68798e-005	5.42005e-005	8.84272e-005	0.000152462	0.000268963	0.000475709	0.000832708	0.00143044	0.00239763	0.00390571	0.00616552	0.00941162	0.01387	0.0197083	0.0269741	0.0355313	0.0450144	0.0548185	0.0641415	0.0720809	0.0777734	0.0805482	0.0800565	0.0763435	0.0698418	0.0612874	0.0515814	0.0416337	0.0322254	0.0239184	0.0170227	0.0116166	0.00760116	0.004769	0.00286896	0.00165494	0.000915391	0.000485529	0.000246959	0.000120464	5.63554e-005	2.52866e-005	1.08832e-005	4.49334e-006	1.77983e-006	6.7645e-007	2.46724e-007	8.6376e-008	2.9033e-008	9.37277e-009	2.90767e-009	8.67476e-010	2.49189e-010	6.90558e-011	1.85222e-011	4.83652e-012	1.24309e-012	3.21688e-013	8.81887e-014	2.88394e-014	1.43234e-014	
N70	2.19777e-005	2.68654e-005	3.87169e-005	6.25144e-005	0.000107965	0.000192629	0.000346688	0.000619562	0.00108809	0.00186513	0.00310615	0.00500991	0.00780836	0.011741	0.0170111	0.0237266	0.031834	0.041062	0.0508946	0.0605916	0.0692655	0.076009	0.0800489	0.0808915	0.0784218	0.0729286	0.0650486	0.0556439	0.0456462	0.0359066	0.0270837	0.0195881	0.0135838	0.00903214	0.00575839	0.00352012	0.00206333	0.0011597	0.00062504	0.000323051	0.000160124	7.61194e-005	3.47068e-005	1.51792e-005	6.3686e-006	2.56359e-006	9.90203e-007	3.67072e-007	1.30626e-007	4.46379e-008	1.46542e-008	4.62466e-009	1.40429e-009	4.10852e-010	1.16051e-010	3.1748e-011	8.45412e-012	2.21036e-012	5.77104e-013	1.56486e-013	4.88735e-014	2.27284e-014	
N71	9.97576e-007	1.28345e-006	2.00474e-006	3.53153e-006	6.6198e-006	1.27218e-005	2.45226e-005	4.6815e-005	8.78541e-005	0.000161334	0.00028909	0.000504514	0.000856453	0.00141302	0.00226435	0.0035229	0.00531962	0.00779436	0.0110796	0.0152774	0.020432	0.0265018	0.0333357	0.0406624	0.0480955	0.0551607	0.0613419	0.0661418	0.0691479	0.0700908	0.0688841	0.0656373	0.0606396	0.0543172	0.0471734	0.0397229	0.0324321	0.0256749	0.0197083	0.0146693	0.0105878	0.00741053	0.00502992	0.00331103	0.00211389	0.00130903	0.000786338	0.000458268	0.000259155	0.000142247	7.58141e-005	3.92597e-005	1.97726e-005	9.70069e-006	4.64861e-006	2.18574e-006	1.01633e-006	4.73811e-007	2.2691e-007	1.16438e-007	6.85407e-008	5.06713e-008	
N72	2.71316e-017	2.15549e-016	2.50285e-015	2.88697e-014	3.15203e-013	3.2084e-012	3.01401e-011	2.59335e-010	2.03198e-009	1.44326e-008	9.25811e-008	5.34667e-007	2.77221e-006	1.28729e-005	5.34162e-005	0.000197673	0.000651244	0.00190724	0.00495898	0.0114363	0.0233766	0.0423356	0.0679205	0.0965431	0.121627	0.135888	0.134746	0.118698	0.0929906	0.0648665	0.0403411	0.0223982	0.0111182	0.00494132	0.00196921	0.000704769	0.000226871	6.57915e-005	1.72152e-005	4.07102e-006	8.71461e-007	1.69144e-007	2.98159e-008	4.78127e-009	6.98665e-010	9.31876e-011	1.13644e-011	1.26936e-012	1.30084e-013	1.2253e-014	1.0628e-015	8.50551e-017	6.2942e-018	4.31768e-019	2.75379e-020	1.63913e-021	9.15025e-023	4.8227e-024	2.42335e-025	1.18206e-026	5.89977e-028	3.97194e-029	
Schoenoplectus_pungens	0	0	0	0	0	0	0	0	0	0	0	0	0	0	0	0	0	0	0	0	0	0	0	0	0	0	0	0	0	0	0	0	0	0	0	0	0	0	1	0	0	0	0	0	0	0	0	0	0	0	0	0	0	0	0	0	0	0	0	0	0	0	
N73	1.10772e-018	1.41274e-017	3.01072e-016	6.22704e-015	1.15507e-013	1.89325e-012	2.72698e-011	3.43808e-010	3.78036e-009	3.61251e-008	2.9899e-007	2.13613e-006	1.31322e-005	6.92576e-005	0.000312464	0.0012029	0.00394271	0.0109821	0.0259582	0.0520143	0.0883058	0.127009	0.154818	0.160064	0.14053	0.104934	0.0667641	0.0362709	0.0168642	0.0067272	0.00230827	0.000683085	0.000174815	3.87953e-005	7.48631e-006	1.25958e-006	1.85276e-007	2.38894e-008	2.70722e-009	2.70328e-010	2.38455e-011	1.86272e-012	1.29172e-013	7.97089e-015	4.38708e-016	2.15858e-017	9.51617e-019	3.76715e-020	1.34203e-021	4.31154e-023	1.25182e-024	3.29155e-026	7.8544e-028	1.7045e-029	3.37129e-031	6.09102e-033	1.00775e-034	1.53135e-036	2.14704e-038	2.81122e-040	3.6322e-042	7.19344e-044	
Schoenoplectus_acutus_var_acutus	0	0	0	0	0	0	0	0	0	0	0	0	0	0	0	0	0	0	1	0	0	0	0	0	0	0	0	0	0	0	0	0	0	0	0	0	0	0	0	0	0	0	0	0	0	0	0	0	0	0	0	0	0	0	0	0	0	0	0	0	0	0	
N74	1.25056e-018	1.94422e-017	4.99455e-016	1.20982e-014	2.58048e-013	4.79314e-012	7.71422e-011	1.07095e-009	1.27674e-008	1.30109e-007	1.1282e-006	8.28606e-006	5.13131e-005	0.000266762	0.00115939	0.00419641	0.0126062	0.0313392	0.0643285	0.108853	0.151717	0.174164	0.164783	0.128677	0.0831026	0.0445017	0.0198204	0.00736719	0.00229373	0.000600503	0.000132724	2.48659e-005	3.96501e-006	5.40285e-007	6.3165e-008	6.36075e-009	5.53844e-010	4.18544e-011	2.75519e-012	1.58547e-013	8.00293e-015	3.55527e-016	1.39452e-017	4.84462e-019	1.49515e-020	4.11113e-022	1.00998e-023	2.2229e-025	4.39462e-027	7.82381e-029	1.2574e-030	1.82859e-032	2.41178e-034	2.89133e-036	3.15735e-038	3.14708e-040	2.86893e-042	2.39661e-044	1.83804e-046	1.29715e-048	8.56772e-051	8.24303e-053	
Schoenoplectus_lacustris	0	0	0	0	0	0	0	0	0	0	0	0	0	0	0	0	0	0	0	0	1	0	0	0	0	0	0	0	0	0	0	0	0	0	0	0	0	0	0	0	0	0	0	0	0	0	0	0	0	0	0	0	0	0	0	0	0	0	0	0	0	0	
Schoenoplectus_heterochaetus	0	0	0	0	0	0	0	0	0	0	0	0	0	0	0	0	0	0	1	0	0	0	0	0	0	0	0	0	0	0	0	0	0	0	0	0	0	0	0	0	0	0	0	0	0	0	0	0	0	0	0	0	0	0	0	0	0	0	0	0	0	0	
Actinoscirpus_grossus	0	0	0	0	0	0	0	0	0	0	0	0	0	0	0	0	0	0	0	0	0	0	0	0	0	0	0	0	0	0	0	0	0	0	0	0	0	0	0	0	1	0	0	0	0	0	0	0	0	0	0	0	0	0	0	0	0	0	0	0	0	0	
N75	6.58462e-006	8.58731e-006	1.36684e-005	2.4508e-005	4.66038e-005	9.04827e-005	0.000175329	0.000334447	0.000622737	0.00112576	0.00196886	0.00332338	0.00540541	0.00846161	0.0127375	0.0184268	0.025606	0.0341662	0.0437612	0.0537918	0.0634448	0.0717894	0.0779208	0.0811205	0.0809942	0.0775522	0.0712076	0.062695	0.0529297	0.0428466	0.0332568	0.0247508	0.0176622	0.0120852	0.00792914	0.00498852	0.00300958	0.00174119	0.000966087	0.000514086	0.000262381	0.00012845	6.03213e-005	2.71755e-005	1.1746e-005	4.87128e-006	1.93857e-006	7.40366e-007	2.71385e-007	9.54877e-008	3.22543e-008	1.04609e-008	3.2582e-009	9.7485e-010	2.80342e-010	7.75816e-011	2.07232e-011	5.38504e-012	1.38995e-012	3.76274e-013	1.21776e-013	6.05361e-014	
N76	1.1525e-006	1.62548e-006	2.87528e-006	5.69043e-006	1.17838e-005	2.46612e-005	5.11962e-005	0.0001043	0.000207133	0.000399235	0.000744574	0.00134077	0.00232753	0.00389067	0.00625702	0.00967475	0.0143755	0.0205185	0.0281242	0.0370103	0.0467513	0.0566801	0.0659454	0.0736236	0.0788677	0.0810605	0.0799341	0.0756238	0.068641	0.0597733	0.0499383	0.0400285	0.0307842	0.0227155	0.0160833	0.0109271	0.00712423	0.00445764	0.00267695	0.00154304	0.000853811	0.00045356	0.000231339	0.000113306	5.32982e-005	2.40817e-005	1.04532e-005	4.35996e-006	1.74773e-006	6.73494e-007	2.49572e-007	8.89685e-008	3.05288e-008	1.00927e-008	3.21932e-009	9.93376e-010	2.97963e-010	8.772e-011	2.58715e-011	8.00752e-012	2.89705e-012	1.52735e-012	
N77	2.32301e-007	3.1965e-007	5.62751e-007	1.15277e-006	2.54471e-006	5.76128e-006	1.3e-005	2.87751e-005	6.19367e-005	0.000129006	0.000259282	0.000501981	0.000935135	0.00167498	0.00288312	0.00476719	0.00756968	0.01154	0.0168874	0.0237186	0.0319688	0.0413462	0.0513077	0.0610861	0.0697744	0.0764594	0.0803785	0.0810626	0.0784288	0.0727967	0.0648248	0.0553836	0.0453996	0.0357092	0.0269523	0.0195226	0.013572	0.0090566	0.00580171	0.00356844	0.00210766	0.00119565	0.00065159	0.000341201	0.00017172	8.30868e-005	3.86613e-005	1.73064e-005	7.45564e-006	3.09241e-006	1.23549e-006	4.75692e-007	1.766e-007	6.32528e-008	2.18713e-008	7.30659e-009	2.36124e-009	7.40255e-010	2.27054e-010	7.01162e-011	2.39632e-011	1.16907e-011	
Scirpus_ficinioides	0	0	0	0	0	0	0	0	0	0	0	0	0	0	0	0	0	0	0	0	0	0	0	0	0	0	0	0	0	0	0	0	0	0	0	0	0	0	0	0	0	0	0	0	0	0	0	0	0	0	0	1	0	0	0	0	0	0	0	0	0	0	
N78	2.15931e-007	3.24308e-007	6.54839e-007	1.55369e-006	3.92636e-006	9.98942e-006	2.48581e-005	5.96493e-005	0.000137067	0.000300564	0.000627811	0.00124788	0.00235887	0.00423895	0.00723966	0.011749	0.0181149	0.0265325	0.0369134	0.0487776	0.0612158	0.0729614	0.082584	0.0887692	0.0906128	0.087837	0.0808597	0.0706907	0.0586925	0.0462817	0.0346629	0.024659	0.0166637	0.0106976	0.00652458	0.00378109	0.0020822	0.00108972	0.000542065	0.00025632	0.00011523	4.92571e-005	2.00241e-005	7.7426e-006	2.84802e-006	9.96773e-007	3.3199e-007	1.05247e-007	3.17641e-008	9.12839e-009	2.4985e-009	6.51477e-010	1.61876e-010	3.83446e-011	8.66454e-012	1.86995e-012	3.86434e-013	7.69306e-014	1.49822e-014	2.97784e-015	6.83507e-016	2.52913e-016	
N79	4.93344e-007	7.51379e-007	1.51683e-006	3.51336e-006	8.53584e-006	2.07569e-005	4.93377e-005	0.00011323	0.000249247	0.00052429	0.00105158	0.00200851	0.00365013	0.00630838	0.0103645	0.0161842	0.0240142	0.0338551	0.0453434	0.057691	0.0697236	0.080041	0.0872759	0.0903898	0.0889174	0.0830807	0.0737341	0.062159	0.0497766	0.0378663	0.0273662	0.0187906	0.0122593	0.0076002	0.00447781	0.00250745	0.00133468	0.000675386	0.00032495	0.000148673	6.46938e-005	2.6778e-005	1.05451e-005	3.9514e-006	1.40917e-006	4.7837e-007	1.54611e-007	4.75861e-008	1.395e-008	3.89598e-009	1.03685e-009	2.63015e-010	6.36149e-011	1.46771e-011	3.23247e-012	6.80453e-013	1.3727e-013	2.66961e-014	5.07923e-015	9.8456e-016	2.19742e-016	7.95123e-017	
Isolepis_crassiuscula	0	0	0	0	0	0	0	0	0	0	0	0	0	0	0	0	0	0	0	0	0	0	0	0	0	0	0	0	0	0	0	1	0	0	0	0	0	0	0	0	0	0	0	0	0	0	0	0	0	0	0	0	0	0	0	0	0	0	0	0	0	0	
N80	2.18493e-005	3.26512e-005	6.46567e-005	0.000147	0.000346617	0.00080115	0.00176526	0.00365955	0.00709418	0.012822	0.0215751	0.0337715	0.0491539	0.0665054	0.0836336	0.0977457	0.106171	0.107183	0.100579	0.0877461	0.0711834	0.0537131	0.0377112	0.0246439	0.014996	0.00850084	0.00449141	0.00221291	0.00101729	0.000436591	0.000175033	6.55916e-005	2.29901e-005	7.54195e-006	2.31722e-006	6.67251e-007	1.80197e-007	4.56717e-008	1.08715e-008	2.43208e-009	5.11707e-010	1.01326e-010	1.88966e-011	3.32131e-012	5.50552e-013	8.61288e-014	1.27249e-014	1.77668e-015	2.34586e-016	2.93102e-017	3.46772e-018	3.88741e-019	4.13195e-020	4.16711e-021	3.99073e-022	3.63325e-023	3.15058e-024	2.6124e-025	2.09036e-026	1.65417e-027	1.41263e-028	2.03694e-029	
Ficinia_spiralis	0	0	0	0	0	0	0	0	0	0	0	0	0	0	1	0	0	0	0	0	0	0	0	0	0	0	0	0	0	0	0	0	0	0	0	0	0	0	0	0	0	0	0	0	0	0	0	0	0	0	0	0	0	0	0	0	0	0	0	0	0	0	
Ficinia_nodosa	0	0	0	0	0	0	0	0	0	0	0	0	0	0	1	0	0	0	0	0	0	0	0	0	0	0	0	0	0	0	0	0	0	0	0	0	0	0	0	0	0	0	0	0	0	0	0	0	0	0	0	0	0	0	0	0	0	0	0	0	0	0	
N81	7.40037e-007	1.10767e-006	2.17711e-006	4.88591e-006	1.14677e-005	2.6912e-005	6.17721e-005	0.00013714	0.00029271	0.000598541	0.00117005	0.00218359	0.00388693	0.00659534	0.010663	0.0164208	0.0240815	0.0336261	0.0447009	0.0565664	0.0681354	0.078115	0.0852367	0.0885195	0.0874916	0.0823019	0.0736844	0.0627876	0.0509237	0.0393128	0.0288897	0.0202103	0.0134605	0.0085358	0.00515425	0.00296396	0.00162336	0.000846932	0.000420953	0.000199357	8.99729e-005	3.87028e-005	1.58708e-005	6.20524e-006	2.31367e-006	8.22835e-007	2.79177e-007	9.03839e-008	2.79281e-008	8.23811e-009	2.32033e-009	6.2419e-010	1.60416e-010	3.94001e-011	9.25311e-012	2.0799e-012	4.48453e-013	9.32778e-014	1.90161e-014	3.97959e-015	9.76658e-016	3.88714e-016	
Isolepis_prolifera	0	0	0	0	0	0	0	0	0	0	0	0	0	0	0	0	0	0	0	0	0	0	0	0	0	0	0	0	0	0	0	0	1	0	0	0	0	0	0	0	0	0	0	0	0	0	0	0	0	0	0	0	0	0	0	0	0	0	0	0	0	0	
Isolepis_setacea	0	0	0	0	0	0	0	0	0	0	0	0	0	1	0	0	0	0	0	0	0	0	0	0	0	0	0	0	0	0	0	0	0	0	0	0	0	0	0	0	0	0	0	0	0	0	0	0	0	0	0	0	0	0	0	0	0	0	0	0	0	0	
Scirpoides_holoschoenus	0	0	0	0	0	0	0	0	0	0	0	0	0	0	0	0	0	0	0	0	1	0	0	0	0	0	0	0	0	0	0	0	0	0	0	0	0	0	0	0	0	0	0	0	0	0	0	0	0	0	0	0	0	0	0	0	0	0	0	0	0	0	
N82	0.000187524	0.000220131	0.000294865	0.000432487	0.000668225	0.00105621	0.00167433	0.00262814	0.0040518	0.00610356	0.0089532	0.0127597	0.0176395	0.0236283	0.0306427	0.0384516	0.0466665	0.0547587	0.0621085	0.0680794	0.0721082	0.0737924	0.0729557	0.0696791	0.0642869	0.0572936	0.0493226	0.0410145	0.0329444	0.0255611	0.0191575	0.0138696	0.00969994	0.00655335	0.00427722	0.00269698	0.00164298	0.000967032	0.000549953	0.00030221	0.000160477	8.23495e-005	4.08397e-005	1.9575e-005	9.06883e-006	4.06124e-006	1.75815e-006	7.35829e-007	2.97754e-007	1.16503e-007	4.40819e-008	1.61322e-008	5.71123e-009	1.95681e-009	6.49411e-010	2.09157e-010	6.56651e-011	2.03087e-011	6.3427e-012	2.11626e-012	8.46957e-013	4.90577e-013	
N83	0.000102207	0.00012099	0.000165217	0.000250095	0.000403092	0.000669358	0.0011183	0.00185014	0.00300035	0.00473897	0.00726139	0.0107674	0.0154274	0.0213374	0.0284701	0.0366317	0.0454386	0.0543262	0.0625967	0.0695038	0.0743616	0.0766567	0.0761368	0.0728571	0.0671698	0.0596622	0.051056	0.0420941	0.0334371	0.0255905	0.0188705	0.0134079	0.00917957	0.00605609	0.00385027	0.00235909	0.00139309	0.000792906	0.000435016	0.000230071	0.000117308	5.76684e-005	2.73358e-005	1.24954e-005	5.50852e-006	2.34224e-006	9.60689e-007	3.80136e-007	1.45127e-007	5.3464e-008	1.90081e-008	6.5229e-009	2.16102e-009	6.91404e-010	2.13767e-010	6.39625e-011	1.85893e-011	5.29606e-012	1.51393e-012	4.59605e-013	1.67891e-013	9.14202e-014	
Cyperus_fuscus	0	0	0	0	0	0	0	0	0	0	0	0	0	0	0	0	0	0	0	0	0	0	0	1	0	0	0	0	0	0	0	0	0	0	0	0	0	0	0	0	0	0	0	0	0	0	0	0	0	0	0	0	0	0	0	0	0	0	0	0	0	0	
Cyperus_eragrostis	0	0	0	0	0	0	0	0	0	0	0	0	0	0	0	0	0	0	0	0	1	0	0	0	0	0	0	0	0	0	0	0	0	0	0	0	0	0	0	0	0	0	0	0	0	0	0	0	0	0	0	0	0	0	0	0	0	0	0	0	0	0	
N84	1.45309e-013	2.1903e-012	4.15808e-011	7.12317e-010	1.07238e-008	1.40007e-007	1.56353e-006	1.47164e-005	0.000114902	0.000731528	0.00372771	0.0149037	0.0457784	0.105772	0.180326	0.223627	0.200611	0.130846	0.0629097	0.022716	0.00628714	0.00136083	0.00023471	3.28135e-005	3.77575e-006	3.62485e-007	2.93877e-008	2.03373e-009	1.21292e-010	6.28768e-012	2.85498e-013	1.14331e-014	4.06335e-016	1.28888e-017	3.66764e-019	9.40682e-021	2.18399e-022	4.60814e-024	8.86853e-026	1.56203e-027	2.52579e-029	3.7604e-031	5.1686e-033	6.57522e-035	7.76023e-037	8.51592e-039	8.70747e-041	8.3123e-043	7.42243e-045	6.2111e-047	4.87954e-049	3.60564e-051	2.51092e-053	1.65156e-055	1.02877e-057	6.08969e-060	3.44133e-062	1.8685e-064	9.83325e-067	5.07314e-069	2.60185e-071	1.54112e-073	
Cyperus_involucratus	0	0	0	0	0	0	0	0	0	0	0	0	0	0	0	1	0	0	0	0	0	0	0	0	0	0	0	0	0	0	0	0	0	0	0	0	0	0	0	0	0	0	0	0	0	0	0	0	0	0	0	0	0	0	0	0	0	0	0	0	0	0	
Cyperus_alternifolius	0	0	0	0	0	0	0	0	0	0	0	0	0	0	0	1	0	0	0	0	0	0	0	0	0	0	0	0	0	0	0	0	0	0	0	0	0	0	0	0	0	0	0	0	0	0	0	0	0	0	0	0	0	0	0	0	0	0	0	0	0	0	
N85	0.00185296	0.00216578	0.00284818	0.00401581	0.00584341	0.00855771	0.0124152	0.017658	0.0244464	0.0327751	0.0423925	0.0527516	0.06302	0.0721678	0.0791283	0.0829995	0.083235	0.079768	0.0730308	0.0638622	0.053331	0.0425282	0.0323833	0.0235457	0.0163478	0.010839	0.00686337	0.00415088	0.00239798	0.00132345	0.000697888	0.000351676	0.000169374	7.79778e-005	3.43236e-005	1.44475e-005	5.81637e-006	2.24006e-006	8.25484e-007	2.91131e-007	9.82876e-008	3.17714e-008	9.83571e-009	2.91683e-009	8.28827e-010	2.25724e-010	5.89354e-011	1.47567e-011	3.54458e-012	8.17093e-013	1.80849e-013	3.84562e-014	7.8628e-015	1.54759e-015	2.93722e-016	5.38927e-017	9.59687e-018	1.66896e-018	2.86644e-019	4.99011e-020	9.59308e-021	2.84549e-021	
Schoenoplectus_hallii	0	0	0	0	0	0	0	0	0	0	1	0	0	0	0	0	0	0	0	0	0	0	0	0	0	0	0	0	0	0	0	0	0	0	0	0	0	0	0	0	0	0	0	0	0	0	0	0	0	0	0	0	0	0	0	0	0	0	0	0	0	0	
N86	0.000741056	0.000895933	0.00125438	0.00192155	0.00307118	0.00495578	0.0079039	0.0122909	0.0184718	0.0266724	0.0368561	0.0486002	0.0610357	0.0728992	0.0827169	0.0890962	0.0910468	0.0882316	0.0810588	0.0705822	0.0582429	0.0455409	0.0337405	0.0236859	0.0157553	0.00993095	0.00593218	0.0033585	0.00180235	0.000916974	0.000442356	0.000202377	8.78231e-005	3.6158e-005	1.41268e-005	5.23876e-006	1.84443e-006	6.16675e-007	1.9585e-007	5.90993e-008	1.69494e-008	4.62129e-009	1.19822e-009	2.95535e-010	6.93602e-011	1.54945e-011	3.2957e-012	6.67672e-013	1.28875e-013	2.37086e-014	4.1584e-015	6.95635e-016	1.11027e-016	1.69135e-017	2.4602e-018	3.41867e-019	4.54197e-020	5.78141e-021	7.10468e-022	8.70478e-023	1.21643e-023	3.06772e-024	
Schoenoplectus_articulatus	0	0	0	0	0	0	0	0	0	0	0	0	0	0	1	0	0	0	0	0	0	0	0	0	0	0	0	0	0	0	0	0	0	0	0	0	0	0	0	0	0	0	0	0	0	0	0	0	0	0	0	0	0	0	0	0	0	0	0	0	0	0	
N87	4.10138e-014	3.96768e-013	5.18488e-012	6.39961e-011	7.1899e-010	7.27338e-009	6.56783e-008	5.25009e-007	3.68529e-006	2.25397e-005	0.000119206	0.000541109	0.00209286	0.00684795	0.0188257	0.0431991	0.0822497	0.129263	0.166991	0.176827	0.153266	0.108764	0.0633079	0.0303236	0.012006	0.0039506	0.00108691	0.000251635	4.93453e-005	8.25003e-006	1.18353e-006	1.46588e-007	1.5768e-008	1.48132e-009	1.22185e-010	8.8929e-012	5.73808e-013	3.29682e-014	1.69364e-015	7.80957e-017	3.24404e-018	1.21809e-019	4.14762e-021	1.28455e-022	3.62879e-024	9.37551e-026	2.22097e-027	4.83546e-029	9.69742e-031	1.79524e-032	3.07407e-034	4.87821e-036	7.18713e-038	9.84811e-040	1.25714e-041	1.49754e-043	1.66785e-045	1.74155e-047	1.71521e-049	1.62035e-051	1.54758e-053	2.08567e-055	
N88	3.6971e-024	1.91525e-022	1.41734e-020	9.56976e-019	5.60152e-017	2.80266e-015	1.18788e-013	4.22777e-012	1.25182e-010	3.05245e-009	6.06165e-008	9.68325e-007	1.22747e-005	0.00012161	0.000925935	0.00531817	0.0225797	0.0693684	0.150959	0.228365	0.236997	0.167975	0.0817269	0.0276751	0.00665041	0.00115904	0.000149733	1.46372e-005	1.10339e-006	6.52428e-008	3.07257e-009	1.16836e-010	3.63143e-012	9.32788e-014	1.99987e-015	3.61102e-017	5.53616e-019	7.2605e-021	8.20081e-023	8.02769e-025	6.84963e-027	5.12146e-029	3.37218e-031	1.96429e-033	1.01655e-035	4.69255e-038	1.93939e-040	7.20134e-043	2.41035e-045	7.29466e-048	2.00196e-050	4.996e-053	1.13668e-055	2.36361e-058	4.50243e-061	7.8744e-064	1.26708e-066	1.87968e-069	2.57565e-072	3.26634e-075	3.85999e-078	5.67855e-081	
Schoenoplectus_smithii_var_smithii	0	0	0	0	0	0	0	0	0	0	0	0	0	0	0	0	0	0	0	1	0	0	0	0	0	0	0	0	0	0	0	0	0	0	0	0	0	0	0	0	0	0	0	0	0	0	0	0	0	0	0	0	0	0	0	0	0	0	0	0	0	0	
Schoenoplectiella_hotarui	0	0	0	0	0	0	0	0	0	0	0	0	0	0	0	0	0	0	0	0	0	1	0	0	0	0	0	0	0	0	0	0	0	0	0	0	0	0	0	0	0	0	0	0	0	0	0	0	0	0	0	0	0	0	0	0	0	0	0	0	0	0	
Schoenoplectus_purshianus_var_purshianus	0	0	0	0	0	0	0	0	0	0	0	0	0	0	0	0	0	0	1	0	0	0	0	0	0	0	0	0	0	0	0	0	0	0	0	0	0	0	0	0	0	0	0	0	0	0	0	0	0	0	0	0	0	0	0	0	0	0	0	0	0	0	
Fuirena_ciliaris	0	0	0	0	0	0	0	0	0	0	0	0	0	0	0	0	0	0	1	0	0	0	0	0	0	0	0	0	0	0	0	0	0	0	0	0	0	0	0	0	0	0	0	0	0	0	0	0	0	0	0	0	0	0	0	0	0	0	0	0	0	0	
N89	1.95904e-029	3.07796e-028	6.45384e-027	1.30905e-025	2.51806e-024	4.58022e-023	7.86217e-022	1.27098e-020	1.93081e-019	2.75024e-018	3.66463e-017	4.557e-016	5.27538e-015	5.67106e-014	5.64673e-013	5.19416e-012	4.40213e-011	3.42821e-010	2.44651e-009	1.59555e-008	9.48361e-008	5.12352e-007	2.5093e-006	1.11129e-005	4.43978e-005	0.000159658	0.000515764	0.00149412	0.00387568	0.00899104	0.0186362	0.0344885	0.0569558	0.0839064	0.110242	0.129163	0.134938	0.125697	0.104401	0.0773191	0.0510627	0.0300756	0.0158022	0.00740928	0.00310188	0.00116038	0.000388282	0.000116372	3.12915e-005	7.56397e-006	1.64758e-006	3.24274e-007	5.78509e-008	9.38848e-009	1.39166e-009	1.89289e-010	2.37485e-011	2.76472e-012	3.0087e-013	3.10209e-014	3.19252e-015	4.6413e-016	
Bolboschoenus_planiculmis	0	0	0	0	0	0	0	0	0	0	0	0	0	0	0	0	0	0	0	0	0	0	0	0	0	0	0	1	0	0	0	0	0	0	0	0	0	0	0	0	0	0	0	0	0	0	0	0	0	0	0	0	0	0	0	0	0	0	0	0	0	0	
Bolboschoenus_fluviatilis	0	0	0	0	0	0	0	0	0	0	0	0	0	0	0	0	0	0	0	0	0	0	0	0	0	0	0	0	0	0	0	0	0	0	0	0	0	0	0	0	0	0	0	0	0	0	1	0	0	0	0	0	0	0	0	0	0	0	0	0	0	0	
