NODE	1	2	3	4	5	6	7	8	9	10	11	12	13	14	15	16	17	18	19	20	21	22	23	24	25	26	27	28	29	30	31	32	33	34	35	36	37	38	39	40	41	42	43	44	45	46	47	48	49	50	51	52	53	54	55	56	57	58	
N1	2.69682e-038	1.17481e-037	9.13878e-037	7.84052e-036	6.65356e-035	5.46841e-034	4.33401e-033	3.30877e-032	2.43219e-031	1.72091e-030	1.17176e-029	7.67585e-029	4.83641e-028	2.93041e-027	1.70703e-026	9.55792e-026	5.14283e-025	2.65866e-024	1.32024e-023	6.29629e-023	2.88317e-022	1.26743e-021	5.34763e-021	2.16524e-020	8.41163e-020	3.13478e-019	1.12052e-018	3.84099e-018	1.26246e-017	3.97815e-017	1.44357e-013	1.20997e-012	9.31458e-012	6.58431e-011	4.27301e-010	2.54542e-009	1.39163e-008	6.98193e-008	3.21422e-007	1.35768e-006	5.26178e-006	1.87108e-005	6.10534e-005	0.00018283	0.00050258	0.00126861	0.00294189	0.00627176	0.0123033	0.022237	0.0370944	0.0572456	0.0819874	0.109424	0.136795	0.161136	0.179848	0.190675	
N2	9.36136e-041	6.98061e-040	1.2691e-038	2.77487e-037	6.12151e-036	1.30415e-034	2.6492e-033	5.10741e-032	9.32533e-031	1.61064e-029	2.6296e-028	4.05606e-027	5.90827e-026	8.12443e-025	1.05426e-023	1.29052e-022	1.48966e-021	1.62089e-020	1.66185e-019	1.60483e-018	1.45911e-017	1.24849e-016	1.00494e-015	7.60615e-015	5.411e-014	3.61656e-013	2.27007e-012	1.33762e-011	7.39613e-011	3.83609e-010	1.86563e-009	8.5048e-009	3.63294e-008	1.4537e-007	5.44735e-007	1.91109e-006	6.27561e-006	1.92852e-005	5.54505e-005	0.000149155	0.000375289	0.000883155	0.00194357	0.00399937	0.0076934	0.0138308	0.0232265	0.0364126	0.0532454	0.0725456	0.0919794	0.108372	0.118493	0.120081	0.112677	0.0978137	0.0784266	0.0577676	
N3	5.15016e-027	1.81265e-026	1.32474e-025	1.19155e-024	1.13152e-023	1.07173e-022	9.86987e-022	8.73376e-021	7.38516e-020	5.95169e-019	4.56517e-018	3.33024e-017	2.30927e-016	1.52153e-015	9.52241e-015	5.65897e-014	3.19244e-013	1.70914e-012	8.68114e-012	4.18217e-011	1.91045e-010	8.27298e-010	3.39521e-009	1.3202e-008	4.86267e-008	1.69614e-007	5.60141e-007	1.75097e-006	5.17975e-006	1.44973e-005	3.83808e-005	9.60947e-005	0.000227482	0.000509056	0.00107662	0.00215153	0.00406191	0.00724299	0.012196	0.0193883	0.0290926	0.0411953	0.0550336	0.0693442	0.0823895	0.0922737	0.0973819	0.0968072	0.0906112	0.0798182	0.0661405	0.051536	0.0377566	0.0260279	0.0169328	0.0104835	0.00630781	0.00385683	
N4	7.22106e-020	1.99904e-019	1.25696e-018	1.01171e-017	8.40377e-017	6.7582e-016	5.16414e-015	3.72723e-014	2.53511e-013	1.62292e-012	9.77011e-012	5.52669e-011	2.93542e-010	1.46285e-009	6.83512e-009	2.99233e-008	1.22659e-007	4.70468e-007	1.68746e-006	5.65648e-006	1.77103e-005	5.17657e-005	0.000141182	0.000359126	0.000851656	0.00188226	0.00387579	0.00743356	0.0132771	0.0220809	0.0341903	0.049289	0.0661564	0.0826812	0.0962318	0.104326	0.105376	0.0991948	0.0870542	0.0712542	0.0544169	0.0387932	0.0258276	0.0160668	0.00934345	0.00508194	0.00258641	0.00123224	0.000549762	0.000229747	8.99432e-005	3.29837e-005	1.13273e-005	3.64206e-006	1.09773e-006	3.13182e-007	8.88338e-008	3.04678e-008	
Carex_pulicaris	0	0	0	0	0	0	0	0	0	0	0	0	0	0	0	0	0	0	0	0	0	0	0	0	0	0	0	0	0	1	0	0	0	0	0	0	0	0	0	0	0	0	0	0	0	0	0	0	0	0	0	0	0	0	0	0	0	0	
Carex_peregrina	0	0	0	0	0	0	0	0	0	0	0	0	0	0	0	0	0	0	0	0	0	0	0	0	0	0	0	0	0	0	1	0	0	0	0	0	0	0	0	0	0	0	0	0	0	0	0	0	0	0	0	0	0	0	0	0	0	0	
N5	1.78055e-023	5.82066e-023	3.76954e-022	2.93726e-021	2.41575e-020	1.99821e-019	1.61895e-018	1.2652e-017	9.45477e-017	6.72426e-016	4.53931e-015	2.90418e-014	1.7593e-013	1.00845e-012	5.46717e-012	2.80214e-011	1.35732e-010	6.21153e-010	2.68478e-009	1.09569e-008	4.22099e-008	1.53452e-007	5.26327e-007	1.70277e-006	5.19486e-006	1.49422e-005	4.05121e-005	0.000103515	0.000249223	0.000565283	0.00120772	0.00243008	0.00460442	0.00821431	0.0137962	0.0218121	0.0324593	0.0454624	0.0599243	0.0743299	0.0867579	0.0952836	0.0984632	0.0957328	0.0875722	0.0753669	0.061023	0.0464831	0.0333101	0.0224557	0.0142411	0.00849685	0.00477109	0.0025241	0.0012625	0.000603451	0.000284876	0.000145766	
Carex_microglochin	0	0	0	0	0	0	0	0	0	0	0	0	0	0	0	0	0	0	0	0	0	0	0	0	0	0	0	1	0	0	0	0	0	0	0	0	0	0	0	0	0	0	0	0	0	0	0	0	0	0	0	0	0	0	0	0	0	0	
N6	1.60851e-021	6.2412e-021	4.54846e-020	3.71314e-019	3.09769e-018	2.57561e-017	2.09709e-016	1.64804e-015	1.23668e-014	8.79591e-014	5.90124e-013	3.72301e-012	2.20422e-011	1.22304e-010	6.35392e-010	3.08855e-009	1.40393e-008	5.96518e-008	2.36821e-007	8.78199e-007	3.04096e-006	9.83001e-006	2.96563e-005	8.34833e-005	0.000219237	0.000537008	0.00122667	0.00261274	0.00518836	0.00960476	0.0165741	0.0266586	0.0399658	0.0558441	0.0727284	0.0882832	0.0998893	0.105354	0.103589	0.0949618	0.0811723	0.064707	0.0481116	0.0333718	0.0215989	0.0130468	0.00735707	0.00387404	0.00190556	0.000875874	0.000376359	0.000151259	5.68967e-005	2.00564e-005	6.6497e-006	2.10076e-006	6.64327e-007	2.49812e-007	
Schoenoxiphium_ludwigii	0	0	0	0	0	0	0	0	0	0	0	0	0	0	0	0	1	0	0	0	0	0	0	0	0	0	0	0	0	0	0	0	0	0	0	0	0	0	0	0	0	0	0	0	0	0	0	0	0	0	0	0	0	0	0	0	0	0	
N7	1.93589e-021	6.94775e-021	5.44737e-020	5.28017e-019	5.23395e-018	4.99546e-017	4.50217e-016	3.80591e-015	3.00988e-014	2.22408e-013	1.53437e-012	9.87727e-012	5.93009e-011	3.31904e-010	1.73108e-009	8.41022e-009	3.80481e-008	1.60232e-007	6.27946e-007	2.28942e-006	7.76325e-006	2.44775e-005	7.17464e-005	0.000195457	0.000494817	0.00116388	0.00254319	0.00516192	0.00973109	0.0170372	0.0277015	0.0418274	0.0586505	0.0763737	0.0923621	0.103741	0.10823	0.10489	0.0944412	0.0790129	0.061435	0.0444015	0.0298356	0.0186436	0.0108366	0.0058606	0.00294994	0.00138245	0.000603415	0.000245422	9.30705e-005	3.29406e-005	1.09006e-005	3.38525e-006	9.95118e-007	2.8285e-007	8.24796e-008	2.95167e-008	
N8	7.06635e-031	7.26887e-030	1.58261e-028	3.81314e-027	8.96723e-026	1.99113e-024	4.13145e-023	7.97871e-022	1.43101e-020	2.37955e-019	3.66265e-018	5.21017e-017	6.8384e-016	8.2675e-015	9.19093e-014	9.37866e-013	8.76851e-012	7.49732e-011	5.85131e-010	4.16032e-009	2.6895e-008	1.57771e-007	8.38161e-007	4.02445e-006	1.74305e-005	6.79671e-005	0.000238153	0.000748517	0.00210669	0.00530121	0.01191	0.0238606	0.0425836	0.0676483	0.0956076	0.12018	0.134361	0.133639	0.118317	0.0933141	0.0656261	0.0412063	0.0231324	0.0116285	0.00524338	0.00212454	0.000775	0.00025502	7.58505e-005	2.04345e-005	4.99741e-006	1.11213e-006	2.25855e-007	4.20168e-008	7.20529e-009	1.15589e-009	1.83553e-010	3.81182e-011	
Schoenoxiphium_burkei	0	0	0	0	0	0	0	0	0	0	0	0	0	0	0	0	0	0	0	0	0	0	0	0	0	0	0	0	0	0	0	0	0	0	1	0	0	0	0	0	0	0	0	0	0	0	0	0	0	0	0	0	0	0	0	0	0	0	
Schoenoxiphium_filiforme	0	0	0	0	0	0	0	0	0	0	0	0	0	0	0	0	0	0	0	0	0	0	0	0	0	0	0	0	0	0	0	0	0	0	0	1	0	0	0	0	0	0	0	0	0	0	0	0	0	0	0	0	0	0	0	0	0	0	
N9	1.31957e-013	2.83097e-013	1.1462e-012	5.95141e-012	3.33202e-011	1.85209e-010	9.84752e-010	4.92899e-009	2.30665e-008	1.00616e-007	4.08462e-007	1.54193e-006	5.40939e-006	1.76281e-005	5.33426e-005	0.000149836	0.000390581	0.000944625	0.00211924	0.0044097	0.00850944	0.0152275	0.0252686	0.0388836	0.0554896	0.0734442	0.0901702	0.102707	0.108558	0.1065	0.0970025	0.0820521	0.0644783	0.0470879	0.0319699	0.0201877	0.0118612	0.00648721	0.0033043	0.0015682	0.000693806	0.000286294	0.000110243	3.96363e-005	1.3313e-005	4.17978e-006	1.22739e-006	3.37318e-007	8.68208e-008	2.09446e-008	4.7401e-009	1.00761e-009	2.0152e-010	3.80201e-011	6.8004e-012	1.16854e-012	2.03672e-013	4.66927e-014	
Schoenoxiphium_ecklonii	0	0	0	0	0	0	0	0	0	0	0	0	0	0	0	0	0	1	0	0	0	0	0	0	0	0	0	0	0	0	0	0	0	0	0	0	0	0	0	0	0	0	0	0	0	0	0	0	0	0	0	0	0	0	0	0	0	0	
Schoenoxiphium_sparteum	0	0	0	0	0	0	0	0	0	0	0	0	0	0	0	0	0	1	0	0	0	0	0	0	0	0	0	0	0	0	0	0	0	0	0	0	0	0	0	0	0	0	0	0	0	0	0	0	0	0	0	0	0	0	0	0	0	0	
N10	1.53003e-033	1.00002e-032	1.18878e-031	1.57556e-030	2.16663e-029	3.00563e-028	4.11569e-027	5.47446e-026	6.99892e-025	8.54409e-024	9.92015e-023	1.09277e-021	1.14027e-020	1.12588e-019	1.05105e-018	9.27056e-018	7.72125e-017	6.06918e-016	4.49997e-015	3.14563e-014	2.07209e-013	1.2856e-012	7.50909e-012	4.12716e-011	2.13352e-010	1.03687e-009	4.73517e-009	2.03116e-008	8.18008e-008	3.09169e-007	1.09617e-006	3.64445e-006	1.13577e-005	3.31655e-005	9.07129e-005	0.00023232	0.000556922	0.00124927	0.00262148	0.00514445	0.00943885	0.0161874	0.0259422	0.038843	0.0543246	0.0709521	0.0865222	0.0984901	0.104635	0.10373	0.0959516	0.0828283	0.066768	0.0503486	0.0356637	0.0239418	0.0155044	0.00998331	
Kobresia_fragilis	0	0	0	0	0	0	0	0	0	0	0	0	0	0	0	0	0	0	0	0	0	0	0	0	0	0	0	0	1	0	0	0	0	0	0	0	0	0	0	0	0	0	0	0	0	0	0	0	0	0	0	0	0	0	0	0	0	0	
N11	4.12558e-035	3.19376e-034	4.72244e-033	7.89065e-032	1.36322e-030	2.33807e-029	3.88579e-028	6.17523e-027	9.31869e-026	1.33044e-024	1.79344e-023	2.27971e-022	2.73015e-021	3.07816e-020	3.26526e-019	3.2569e-018	3.0528e-017	2.68751e-016	2.22084e-015	1.72168e-014	1.25146e-013	8.52458e-013	5.43852e-012	3.24794e-011	1.81478e-010	9.4821e-010	4.63047e-009	2.11237e-008	8.99763e-008	3.5768e-007	1.32639e-006	4.58634e-006	1.47808e-005	4.43804e-005	0.000124102	0.000323079	0.000782762	0.00176444	0.00369925	0.00721162	0.0130695	0.0220136	0.0344546	0.0501012	0.0676746	0.0849034	0.0989246	0.107038	0.107556	0.100377	0.0870281	0.0701357	0.0525935	0.036774	0.0240812	0.0149165	0.00894256	0.00544418	
Kobresia_simpliciuscula	0	0	0	0	0	0	0	0	0	0	0	0	0	0	0	0	0	0	0	0	0	0	0	0	0	0	0	0	0	0	0	0	0	0	1	0	0	0	0	0	0	0	0	0	0	0	0	0	0	0	0	0	0	0	0	0	0	0	
N12	1.68902e-041	3.09459e-040	1.13401e-038	4.54025e-037	1.76348e-035	6.44125e-034	2.19172e-032	6.92261e-031	2.02598e-029	5.487e-028	1.3738e-026	3.17682e-025	6.779e-024	1.33375e-022	2.41745e-021	4.03338e-020	6.18954e-019	8.72946e-018	1.13062e-016	1.34375e-015	1.46441e-014	1.46229e-013	1.33693e-012	1.11838e-011	8.55399e-011	5.97804e-010	3.81485e-009	2.22152e-008	1.17982e-007	5.71117e-007	2.51848e-006	1.01119e-005	3.69485e-005	0.00012281	0.000371161	0.00101958	0.00254482	0.00576958	0.0118788	0.0222047	0.0376787	0.0580326	0.0811233	0.102923	0.118519	0.123885	0.117564	0.10131	0.0793016	0.0564056	0.0364741	0.0214571	0.0114974	0.00562572	0.00252993	0.00106459	0.00044114	0.000205401	
N13	8.6043e-025	3.57247e-024	2.37804e-023	1.90392e-022	1.66939e-021	1.51043e-020	1.35943e-019	1.19086e-018	1.00256e-017	8.05276e-017	6.14482e-016	4.44317e-015	3.03936e-014	1.96466e-013	1.19904e-012	6.90432e-012	3.74866e-011	1.91802e-010	9.24303e-010	4.19306e-009	1.78969e-008	7.18342e-008	2.71003e-007	9.60488e-007	3.19646e-006	9.98386e-006	2.92531e-005	8.03689e-005	0.000206942	0.000499189	0.00112758	0.00238407	0.00471635	0.00872659	0.0150966	0.0244099	0.0368779	0.0520425	0.0685851	0.0843881	0.0969229	0.103895	0.103928	0.0970056	0.0844832	0.0686518	0.0520554	0.0368357	0.0243313	0.0150084	0.00865162	0.00466686	0.00236157	0.00112656	0.000511745	0.00022615	0.000101864	5.15202e-005	
Carex_pauciflora	0	0	0	0	0	0	0	0	0	0	0	0	0	0	0	0	0	0	1	0	0	0	0	0	0	0	0	0	0	0	0	0	0	0	0	0	0	0	0	0	0	0	0	0	0	0	0	0	0	0	0	0	0	0	0	0	0	0	
Carex_backii	0	0	0	0	0	0	0	0	0	0	0	0	0	0	0	0	0	0	0	0	0	0	0	0	0	0	0	0	0	0	0	0	1	0	0	0	0	0	0	0	0	0	0	0	0	0	0	0	0	0	0	0	0	0	0	0	0	0	
N14	1.0005e-042	2.35586e-041	1.03229e-039	4.81167e-038	2.16154e-036	9.08336e-035	3.53682e-033	1.27173e-031	4.21613e-030	1.28739e-028	3.61742e-027	9.34571e-026	2.21816e-024	4.83269e-023	9.65713e-022	1.76858e-020	2.96605e-019	4.55165e-018	6.38652e-017	8.18721e-016	9.58217e-015	1.02313e-013	9.95943e-013	8.83222e-012	7.13097e-011	5.23827e-010	3.49878e-009	2.1236e-008	1.1706e-007	5.85711e-007	2.65872e-006	1.09437e-005	4.08284e-005	0.000138001	0.000422429	0.00117065	0.00293609	0.00666282	0.0136772	0.0253923	0.04263	0.0647132	0.0888209	0.110226	0.123687	0.125511	0.115195	0.0956496	0.0718735	0.0488973	0.0301387	0.0168492	0.00856268	0.00397464	0.0017041	0.000693085	0.000284527	0.000134224	
N15	1.11357e-020	3.29814e-020	1.86609e-019	1.34667e-018	1.0521e-017	8.22409e-017	6.21334e-016	4.47265e-015	3.04964e-014	1.96454e-013	1.19411e-012	6.8432e-012	3.69533e-011	1.87937e-010	8.99772e-010	4.05347e-009	1.71755e-008	6.84233e-008	2.56175e-007	9.01036e-007	2.97619e-006	9.22862e-006	2.68551e-005	7.33142e-005	0.000187711	0.000450619	0.00101398	0.00213815	0.00422417	0.00781711	0.0135479	0.0219859	0.0334044	0.0475112	0.0632527	0.0788171	0.0919176	0.100324	0.102479	0.0979721	0.0876666	0.0734285	0.0575765	0.0422709	0.0290626	0.0187166	0.011294	0.00638784	0.00338801	0.00168609	0.000787967	0.000346193	0.000143244	5.59984e-005	2.08316e-005	7.5145e-006	2.77299e-006	1.20498e-006	
Carex_rupestris	0	0	0	0	0	0	0	0	0	0	0	0	0	0	0	0	0	0	0	0	0	0	0	0	1	0	0	0	0	0	0	0	0	0	0	0	0	0	0	0	0	0	0	0	0	0	0	0	0	0	0	0	0	0	0	0	0	0	
Carex_obtusata	0	0	0	0	0	0	0	0	0	0	0	0	0	0	0	0	0	0	0	0	0	0	0	0	0	1	0	0	0	0	0	0	0	0	0	0	0	0	0	0	0	0	0	0	0	0	0	0	0	0	0	0	0	0	0	0	0	0	
N16	4.20491e-041	8.02335e-040	2.72799e-038	1.00854e-036	3.70527e-035	1.30018e-033	4.28251e-032	1.3143e-030	3.74566e-029	9.89477e-028	2.41985e-026	5.47304e-025	1.14372e-023	2.20629e-022	3.92526e-021	6.43504e-020	9.71238e-019	1.34838e-017	1.72041e-016	2.01563e-015	2.16662e-014	2.13493e-013	1.9269e-012	1.59169e-011	1.20239e-010	8.30007e-010	5.23182e-009	3.00918e-008	1.57822e-007	7.54278e-007	3.28296e-006	1.30052e-005	4.68649e-005	0.000153544	0.000457164	0.00123646	0.0030366	0.00676948	0.0136949	0.0251362	0.0418503	0.0631983	0.086555	0.107513	0.121125	0.123787	0.114781	0.0965956	0.0738104	0.0512407	0.0323478	0.0185974	0.00976361	0.00470595	0.00210654	0.000898649	0.000387022	0.00018917	
Carex_nardina	0	0	0	0	0	0	0	0	0	0	0	0	0	0	0	0	0	0	0	0	0	0	0	0	0	0	0	0	0	0	0	0	0	1	0	0	0	0	0	0	0	0	0	0	0	0	0	0	0	0	0	0	0	0	0	0	0	0	
N17	1.90128e-039	2.85191e-038	8.96692e-037	3.057e-035	1.00143e-033	3.07676e-032	8.81656e-031	2.35202e-029	5.83526e-028	1.34515e-026	2.87876e-025	5.71467e-024	1.05138e-022	1.79121e-021	2.82346e-020	4.11432e-019	5.53774e-018	6.87894e-017	7.87963e-016	8.31628e-015	8.08053e-014	7.22255e-013	5.9339e-012	4.47769e-011	3.10102e-010	1.96958e-009	1.14644e-008	6.11136e-008	2.98157e-007	1.33044e-006	5.4266e-006	2.02205e-005	6.87942e-005	0.000213595	0.000604935	0.00156214	0.00367675	0.00788488	0.0154025	0.0274	0.044381	0.0654454	0.0878558	0.107368	0.119461	0.12103	0.111684	0.0939022	0.0719738	0.0503261	0.0321336	0.0187624	0.0100402	0.00494325	0.00225751	0.000975067	0.000418705	0.000201533	
N18	6.03499e-024	2.50386e-023	2.22738e-022	2.44025e-021	2.73692e-020	2.96042e-019	3.03119e-018	2.92026e-017	2.64116e-016	2.23994e-015	1.77992e-014	1.3243e-013	9.21971e-013	6.00227e-012	3.65188e-011	2.07521e-010	1.10077e-009	5.44727e-009	2.51346e-008	1.0808e-007	4.32901e-007	1.61431e-006	5.60209e-006	1.80838e-005	5.42793e-005	0.000151434	0.000392567	0.000945297	0.00211383	0.00438846	0.00845683	0.0151245	0.0250998	0.0386486	0.0552131	0.0731783	0.0899822	0.102656	0.108667	0.106747	0.0973231	0.08237	0.0647317	0.0472477	0.0320407	0.0201952	0.0118362	0.00645385	0.00327596	0.00154915	0.000683087	0.000281183	0.000108223	3.90469e-005	1.32814e-005	4.32919e-006	1.42736e-006	5.62215e-007	
Carex_capillacea	0	0	0	0	0	0	0	0	0	0	0	0	0	0	0	0	0	0	0	0	0	0	0	0	0	0	0	0	0	1	0	0	0	0	0	0	0	0	0	0	0	0	0	0	0	0	0	0	0	0	0	0	0	0	0	0	0	0	
Carex_leptalea	0	0	0	0	0	0	0	0	0	0	0	0	0	0	0	0	0	0	0	0	0	0	0	0	0	1	0	0	0	0	0	0	0	0	0	0	0	0	0	0	0	0	0	0	0	0	0	0	0	0	0	0	0	0	0	0	0	0	
N19	9.46961e-038	3.56631e-037	2.38388e-036	1.70321e-035	1.1913e-034	8.05e-034	5.24288e-033	3.28866e-032	1.98572e-031	1.1536e-030	6.44486e-030	3.46076e-029	1.78544e-028	8.85587e-028	4.26363e-027	2.13611e-026	1.53355e-025	2.33172e-024	5.2611e-023	1.21036e-021	2.58318e-020	5.02921e-019	8.89858e-018	1.4285e-016	2.07771e-015	2.73448e-014	3.25231e-013	3.49129e-012	3.37846e-011	2.94346e-010	2.30616e-009	1.62296e-008	1.02478e-007	5.79952e-007	2.93868e-006	1.33197e-005	5.39549e-005	0.000195167	0.000629935	0.00181307	0.00465067	0.0106265	0.021621	0.0391612	0.0631335	0.0905884	0.115701	0.131575	0.133289	0.12038	0.0970624	0.0700318	0.0454035	0.0266532	0.0143727	0.00731718	0.00369938	0.0020233	
Uncinia_phleoides	0	0	0	0	0	0	0	0	0	0	0	0	0	0	0	0	0	0	0	0	0	0	0	0	0	0	0	0	0	0	0	0	0	0	0	0	0	0	0	0	0	0	0	0	0	0	0	1	0	0	0	0	0	0	0	0	0	0	
N20	1.48915e-046	1.00449e-045	1.19239e-044	1.47681e-043	1.77528e-042	2.05525e-041	2.29886e-040	2.55197e-039	3.2145e-038	6.51322e-037	2.33645e-035	1.0246e-033	4.41731e-032	1.77258e-030	6.54317e-029	2.21457e-027	6.86111e-026	1.9432e-024	5.0246e-023	1.18463e-021	2.54335e-020	4.96598e-019	8.80675e-018	1.41669e-016	2.06451e-015	2.72198e-014	3.24281e-013	3.48641e-012	3.37843e-011	2.94713e-010	2.31162e-009	1.6284e-008	1.02909e-007	5.82803e-007	2.95482e-006	1.33987e-005	5.42916e-005	0.000196418	0.000634001	0.00182461	0.00467925	0.0106881	0.0217363	0.0393467	0.0633877	0.0908782	0.115963	0.131735	0.133297	0.120236	0.0968149	0.0697518	0.0451519	0.0264623	0.0142461	0.00724188	0.00365784	0.00200029	
Uncinia_filiformis	0	0	0	0	0	0	0	0	0	0	0	0	0	0	0	0	0	0	0	0	0	0	0	0	0	0	0	0	0	0	0	0	0	0	0	0	0	0	0	0	0	0	0	1	0	0	0	0	0	0	0	0	0	0	0	0	0	0	
Uncinia_uncinata	0	0	0	0	0	0	0	0	0	0	0	0	0	0	0	0	0	0	0	0	0	0	0	0	0	0	0	0	0	0	0	0	0	0	0	0	0	0	0	0	0	0	0	1	0	0	0	0	0	0	0	0	0	0	0	0	0	0	
N21	5.91937e-033	2.80699e-032	2.30803e-031	2.37703e-030	2.70157e-029	3.14705e-028	3.61761e-027	4.03045e-026	4.31604e-025	4.42521e-024	4.33586e-023	4.05573e-022	3.61944e-021	3.08029e-020	2.49891e-019	1.93179e-018	1.42254e-017	9.97486e-017	6.65782e-016	4.22845e-015	2.55443e-014	1.46727e-013	8.01068e-013	4.15539e-012	2.04729e-011	9.57662e-011	4.25166e-010	1.79087e-009	7.15453e-009	2.70997e-008	9.72916e-008	3.30961e-007	1.06645e-006	3.25421e-006	9.40096e-006	2.57048e-005	6.65072e-005	0.000162795	0.000376909	0.000825217	0.00170821	0.00334232	0.0061797	0.0107929	0.017797	0.0276898	0.0406156	0.0561052	0.0728912	0.0889259	0.101693	0.108807	0.108728	0.101331	0.0880266	0.0713408	0.0540834	0.0384711	
N22	3.37306e-040	1.29583e-038	8.14314e-037	5.43955e-035	3.52929e-033	2.13745e-031	1.18793e-029	6.01232e-028	2.75959e-026	1.14531e-024	4.28716e-023	1.44388e-021	4.36465e-020	1.18126e-018	2.85511e-017	6.147e-016	1.17578e-014	1.99275e-013	2.98447e-012	3.93901e-011	4.56897e-010	4.64478e-009	4.12706e-008	3.19646e-007	2.15228e-006	1.25665e-005	6.34661e-005	0.000276612	0.00103816	0.00334867	0.00926724	0.0219722	0.0445809	0.0773436	0.114684	0.145325	0.157418	0.145854	0.115705	0.0786888	0.0459504	0.023082	0.00999425	0.00373834	0.0012108	0.000340388	8.32618e-005	1.7764e-005	3.31349e-006	5.41573e-007	7.77235e-008	9.81207e-009	1.09123e-009	1.07012e-010	9.25635e-012	7.06308e-013	4.81625e-014	3.75639e-015	
N23	8.65752e-035	2.02849e-033	9.14631e-032	4.33544e-030	1.92922e-028	7.86097e-027	2.91332e-025	9.79191e-024	2.97864e-022	8.18496e-021	2.02792e-019	4.52164e-018	9.05581e-017	1.62595e-015	2.61212e-014	3.74748e-013	4.79177e-012	5.45022e-011	5.5036e-010	4.92439e-009	3.8967e-008	2.72182e-007	1.67507e-006	9.06635e-006	4.3082e-005	0.000179429	0.000653928	0.00208235	0.00578582	0.0140093	0.0295274	0.0541233	0.0862114	0.119267	0.143252	0.149364	0.135208	0.106296	0.0726149	0.0431396	0.0223101	0.010056	0.00395591	0.00136031	0.000409577	0.000108174	2.51087e-005	5.13221e-006	9.25639e-007	1.47616e-007	2.08586e-008	2.61703e-009	2.92172e-010	2.9097e-011	2.59515e-012	2.09744e-013	1.62893e-014	1.75629e-015	
Carex_maritima	0	0	0	0	0	0	0	0	0	0	0	0	0	0	0	0	0	0	0	0	0	0	0	0	0	0	0	0	0	1	0	0	0	0	0	0	0	0	0	0	0	0	0	0	0	0	0	0	0	0	0	0	0	0	0	0	0	0	
N24	2.74149e-026	2.70028e-025	5.51913e-024	1.26041e-022	2.76176e-021	5.59681e-020	1.03918e-018	1.76191e-017	2.72241e-016	3.82691e-015	4.88593e-014	5.65631e-013	5.9278e-012	5.6146e-011	4.79851e-010	3.69456e-009	2.55864e-008	1.5914e-007	8.87619e-007	4.43332e-006	1.9801e-005	7.8983e-005	0.000281015	0.000890787	0.00251307	0.0063038	0.0140472	0.0277869	0.0487615	0.0758707	0.104631	0.127859	0.138427	0.132783	0.112866	0.085037	0.0568154	0.0336811	0.0177288	0.00829291	0.00345058	0.00127852	0.000422349	0.000124552	3.28357e-005	7.74997e-006	1.64014e-006	3.11737e-007	5.3301e-008	8.21218e-009	1.1421e-009	1.43624e-010	1.63607e-011	1.69152e-012	1.59219e-013	1.37966e-014	1.17495e-015	1.44948e-016	
Carex_conferta	0	0	0	0	0	0	0	0	0	0	0	0	0	0	0	0	0	0	0	0	0	0	0	0	0	1	0	0	0	0	0	0	0	0	0	0	0	0	0	0	0	0	0	0	0	0	0	0	0	0	0	0	0	0	0	0	0	0	
Carex_cephalophora	0	0	0	0	0	0	0	0	0	0	0	0	0	0	0	0	0	0	0	0	0	0	0	1	0	0	0	0	0	0	0	0	0	0	0	0	0	0	0	0	0	0	0	0	0	0	0	0	0	0	0	0	0	0	0	0	0	0	
N25	3.28121e-049	5.02718e-047	1.19919e-044	2.60468e-042	5.02583e-040	8.58371e-038	1.29411e-035	1.71755e-033	2.00117e-031	2.0411e-029	1.81718e-027	1.40805e-025	9.46743e-024	5.50731e-022	2.7633e-020	1.19228e-018	4.4103e-017	1.3944e-015	3.75686e-014	8.59998e-013	1.66779e-011	2.73231e-010	3.77116e-009	4.37363e-008	4.25165e-007	3.45635e-006	2.34477e-005	0.000132487	0.000622446	0.00242805	0.00785468	0.0210533	0.0467266	0.0858455	0.130546	0.164369	0.171443	0.148259	0.106415	0.0634808	0.0315227	0.0130533	0.00451633	0.00130842	0.00031812	6.5066e-005	1.12231e-005	1.63673e-006	2.02334e-007	2.1258e-008	1.90314e-009	1.45558e-010	9.53496e-012	5.36308e-013	2.59758e-014	1.0905e-015	4.13731e-017	2.10937e-018	
N26	2.42601e-035	6.42669e-034	3.24386e-032	1.69829e-030	8.3247e-029	3.73536e-027	1.52434e-025	5.63983e-024	1.88732e-022	5.69942e-021	1.5496e-019	3.78438e-018	8.28165e-017	1.62005e-015	2.82588e-014	4.38431e-013	6.03482e-012	7.35073e-011	7.90278e-010	7.47987e-009	6.21666e-008	4.5255e-007	2.87831e-006	1.59554e-005	7.69053e-005	0.000321586	0.00116413	0.00364086	0.00981991	0.0228036	0.0455274	0.0780547	0.11481	0.144786	0.156488	0.144947	0.115084	0.0783669	0.0458061	0.0230079	0.00994501	0.00370535	0.00119227	0.00033201	8.01963e-005	1.68439e-005	3.08409e-006	4.93587e-007	6.92368e-008	8.53595e-009	9.27523e-010	8.90791e-011	7.58278e-012	5.73776e-013	3.87339e-014	2.35422e-015	1.35893e-016	1.10962e-017	
Carex_echinata	0	0	0	0	0	0	0	0	0	0	0	0	0	0	0	0	0	0	0	0	0	0	0	0	0	1	0	0	0	0	0	0	0	0	0	0	0	0	0	0	0	0	0	0	0	0	0	0	0	0	0	0	0	0	0	0	0	0	
N27	1.19069e-038	8.91251e-038	9.20798e-037	8.41366e-036	6.73595e-035	8.21025e-034	7.22617e-032	1.09157e-029	1.46969e-027	1.70199e-025	1.68582e-023	1.42121e-021	1.01462e-019	6.10168e-018	3.07414e-016	1.29023e-014	4.4848e-013	1.28338e-011	3.00512e-010	5.72265e-009	8.80851e-008	1.08934e-006	1.0761e-005	8.44472e-005	0.000523824	0.00255702	0.00978693	0.0292901	0.0684204	0.12466	0.177216	0.196839	0.171229	0.117027	0.0630878	0.0269466	0.00916456	0.00249489	0.000546636	9.69347e-005	1.39906e-005	1.65274e-006	1.60688e-007	1.29282e-008	8.65312e-010	4.84312e-011	2.27809e-012	9.04921e-014	3.04983e-015	8.76041e-017	2.15398e-018	4.55249e-020	8.30443e-022	1.3128e-023	1.80723e-025	2.18754e-027	2.42869e-029	3.6276e-031	
N28	4.50006e-043	6.25725e-041	1.36674e-038	2.72038e-036	4.83664e-034	7.64816e-032	1.07122e-029	1.32313e-027	1.43452e-025	1.35838e-023	1.11746e-021	7.94054e-020	4.84415e-018	2.52045e-016	1.11062e-014	4.1132e-013	1.26995e-011	3.24036e-010	6.7692e-009	1.1463e-007	1.55704e-006	1.67787e-005	0.000141823	0.000929653	0.00467404	0.0178439	0.0512948	0.110376	0.177282	0.212657	0.191214	0.12969	0.0668896	0.0264783	0.00812406	0.00195147	0.000370656	5.62085e-005	6.86917e-006	6.82575e-007	5.56191e-008	3.74649e-009	2.10214e-010	9.89627e-012	3.93561e-013	1.33071e-014	3.84877e-016	9.57693e-018	2.06135e-019	3.85765e-021	6.30732e-023	9.05115e-025	1.14494e-026	1.28191e-028	1.27535e-030	1.13215e-032	9.10985e-035	9.28375e-037	
Carex_pairae	0	0	0	0	0	0	0	0	0	0	0	0	0	0	0	0	0	0	0	0	0	0	0	0	0	0	0	1	0	0	0	0	0	0	0	0	0	0	0	0	0	0	0	0	0	0	0	0	0	0	0	0	0	0	0	0	0	0	
Carex_divulsa	0	0	0	0	0	0	0	0	0	0	0	0	0	0	0	0	0	0	0	0	0	0	0	0	0	0	0	1	0	0	0	0	0	0	0	0	0	0	0	0	0	0	0	0	0	0	0	0	0	0	0	0	0	0	0	0	0	0	
N29	9.58741e-040	6.47402e-039	6.39267e-038	5.72918e-037	7.0497e-036	6.03166e-034	1.01154e-031	1.5354e-029	2.01672e-027	2.27908e-025	2.20551e-023	1.81875e-021	1.27156e-019	7.49706e-018	3.70722e-016	1.52873e-014	5.22629e-013	1.47238e-011	3.39747e-010	6.38143e-009	9.69691e-008	1.18487e-006	1.15741e-005	8.98832e-005	0.000552137	0.00267087	0.0101364	0.0300961	0.0697794	0.126238	0.178246	0.19669	0.170008	0.115463	0.0618565	0.026256	0.00887378	0.00240051	0.000522624	9.20856e-005	1.32057e-005	1.55005e-006	1.49747e-007	1.19723e-008	7.96389e-010	4.43058e-011	2.07194e-012	8.18462e-014	2.74395e-015	7.8431e-017	1.91974e-018	4.04089e-020	7.34465e-022	1.1574e-023	1.58838e-025	1.91387e-027	2.11628e-029	3.65514e-031	
Carex_lamprocarpa	0	0	0	0	0	0	0	0	0	0	0	0	0	0	0	0	0	0	0	0	0	0	0	0	0	0	0	0	1	0	0	0	0	0	0	0	0	0	0	0	0	0	0	0	0	0	0	0	0	0	0	0	0	0	0	0	0	0	
Carex_otrubae	0	0	0	0	0	0	0	0	0	0	0	0	0	0	0	0	0	0	0	0	0	0	0	0	0	0	0	0	1	0	0	0	0	0	0	0	0	0	0	0	0	0	0	0	0	0	0	0	0	0	0	0	0	0	0	0	0	0	
N30	4.79901e-048	5.85191e-046	1.15735e-043	2.14264e-041	3.55559e-039	5.25503e-037	6.89664e-035	8.01531e-033	8.22685e-031	7.43636e-029	5.90278e-027	4.10255e-025	2.4892e-023	1.3145e-021	6.02318e-020	2.38733e-018	8.15957e-017	2.39735e-015	6.03605e-014	1.29832e-012	2.37844e-011	3.69981e-010	4.87275e-009	5.41816e-008	5.07275e-007	3.98883e-006	2.62804e-005	0.000144766	0.000665437	0.00254814	0.00811712	0.0214859	0.0472195	0.0861154	0.130301	0.163595	0.170505	0.147629	0.106296	0.0637288	0.0318648	0.0133113	0.00465521	0.00136591	0.00033705	7.01213e-005	1.23319e-005	1.83829e-006	2.32929e-007	2.51593e-008	2.32327e-009	1.83949e-010	1.25253e-011	7.35808e-013	3.7452e-014	1.66835e-015	6.82073e-017	3.72002e-018	
N31	7.34204e-037	2.00188e-035	1.11415e-033	6.09332e-032	3.0777e-030	1.42671e-028	6.05555e-027	2.34827e-025	8.30152e-024	2.66922e-022	7.78747e-021	2.05645e-019	4.90275e-018	1.05246e-016	2.02876e-015	3.50172e-014	5.3962e-013	7.40199e-012	9.00997e-011	9.70168e-010	9.21146e-009	7.68708e-008	5.61994e-007	3.58781e-006	1.99372e-005	9.61346e-005	0.000401027	0.00144318	0.00446884	0.0118794	0.027056	0.0527137	0.0877565	0.124751	0.151407	0.156936	0.139033	0.105408	0.0685028	0.0382378	0.0183752	0.00762145	0.00273595	0.000852526	0.000231282	5.47955e-005	1.13728e-005	2.07427e-006	3.33489e-007	4.74075e-008	5.97685e-009	6.70264e-010	6.70573e-011	6.00358e-012	4.83006e-013	3.53135e-014	2.4887e-015	2.48364e-016	
Carex_ovalis	0	0	0	0	0	0	0	0	0	0	0	0	0	0	0	0	0	0	0	0	0	0	0	0	0	0	0	0	0	0	0	0	1	0	0	0	0	0	0	0	0	0	0	0	0	0	0	0	0	0	0	0	0	0	0	0	0	0	
Carex_xerantica	0	0	0	0	0	0	0	0	0	0	0	0	0	0	0	0	0	0	0	0	0	0	0	0	0	0	0	0	0	0	0	0	0	1	0	0	0	0	0	0	0	0	0	0	0	0	0	0	0	0	0	0	0	0	0	0	0	0	
N32	3.48419e-041	1.54941e-039	1.27295e-037	1.07333e-035	8.40018e-034	5.98835e-032	3.86885e-030	2.25891e-028	1.18903e-026	5.62862e-025	2.39023e-023	9.0822e-022	3.07969e-020	9.29421e-019	2.48944e-017	5.90125e-016	1.23448e-014	2.27219e-013	3.66886e-012	5.18126e-011	6.38034e-010	6.8303e-009	6.33744e-008	5.08125e-007	3.51028e-006	2.0835e-005	0.00010596	0.000460536	0.00170653	0.00537938	0.0143969	0.0326578	0.0627027	0.10179	0.139614	0.161739	0.158259	0.130847	0.0914821	0.0541463	0.0271703	0.0115792	0.00419958	0.00129919	0.000343689	7.79561e-005	1.52039e-005	2.55714e-006	3.7202e-007	4.696e-008	5.15936e-009	4.94916e-010	4.15838e-011	3.07093e-012	2.00294e-013	1.16792e-014	6.43292e-016	4.76976e-017	
Carex_chordorrhiza	0	0	0	0	0	0	0	0	0	0	0	0	0	0	0	0	0	0	0	0	0	0	0	0	0	0	0	0	0	0	1	0	0	0	0	0	0	0	0	0	0	0	0	0	0	0	0	0	0	0	0	0	0	0	0	0	0	0	
N33	3.40005e-045	4.16965e-043	8.47838e-041	1.6188e-038	2.77313e-036	4.23446e-034	5.74204e-032	6.88963e-030	7.28676e-028	6.76619e-026	5.49283e-024	3.88121e-022	2.37593e-020	1.25392e-018	5.676e-017	2.19189e-015	7.18047e-014	1.98383e-012	4.59446e-011	8.86396e-010	1.41549e-008	1.85893e-007	1.99474e-006	1.73787e-005	0.000122182	0.00068926	0.00310398	0.0111101	0.0314986	0.0705684	0.124784	0.174162	0.192098	0.167838	0.11655	0.0645944	0.0287108	0.0102891	0.00298985	0.000708614	0.000137798	2.21171e-005	2.94728e-006	3.27961e-007	3.06453e-008	2.41769e-009	1.61885e-010	9.24618e-012	4.52657e-013	1.90825e-014	6.95808e-016	2.20385e-017	6.0885e-019	1.4734e-020	3.13987e-022	5.95582e-024	1.04688e-025	2.30304e-027	
Carex_marina	0	0	0	0	0	0	0	0	0	0	0	0	0	0	0	0	0	0	0	0	0	0	0	0	0	0	0	0	0	0	1	0	0	0	0	0	0	0	0	0	0	0	0	0	0	0	0	0	0	0	0	0	0	0	0	0	0	0	
N34	4.98068e-046	7.55162e-044	1.81699e-041	4.01512e-039	7.90813e-037	1.38167e-034	2.13345e-032	2.90039e-030	3.45768e-028	3.59945e-026	3.25751e-024	2.551e-022	1.72022e-020	9.93739e-019	4.89144e-017	2.03999e-015	7.16623e-014	2.10752e-012	5.15611e-011	1.04261e-009	1.73098e-008	2.34385e-007	2.57131e-006	2.27062e-005	0.000160403	0.00090129	0.00400763	0.0140418	0.0386393	0.0833221	0.140664	0.185953	0.192772	0.157112	0.101025	0.0514747	0.0208868	0.00678647	0.00177596	0.000376578	6.50969e-005	9.23005e-006	1.07997e-006	1.04898e-007	8.50697e-009	5.79266e-010	3.3299e-011	1.62443e-012	6.75882e-014	2.41009e-015	7.39935e-017	1.96462e-018	4.5304e-020	9.11087e-022	1.60462e-023	2.48893e-025	3.48877e-027	6.50026e-029	
Carex_canescens	0	0	0	0	0	0	0	0	0	0	0	0	0	0	0	0	0	0	0	0	0	0	0	0	0	0	0	1	0	0	0	0	0	0	0	0	0	0	0	0	0	0	0	0	0	0	0	0	0	0	0	0	0	0	0	0	0	0	
Carex_lachenalii	0	0	0	0	0	0	0	0	0	0	0	0	0	0	0	0	0	0	0	0	0	0	0	0	0	0	0	0	0	0	1	0	0	0	0	0	0	0	0	0	0	0	0	0	0	0	0	0	0	0	0	0	0	0	0	0	0	0	
N35	2.39462e-032	3.00105e-031	6.10445e-030	1.45714e-028	3.62293e-027	8.85459e-026	2.06596e-024	4.53288e-023	9.27745e-022	1.76306e-020	3.10143e-019	5.03861e-018	7.54473e-017	1.03931e-015	1.31462e-014	1.52405e-013	1.61622e-012	1.56472e-011	1.38013e-010	1.10671e-009	8.0506e-009	5.30077e-008	3.15191e-007	1.68859e-006	8.13154e-006	3.51149e-005	0.000135662	0.000467807	0.00143658	0.00392017	0.0094864	0.0203189	0.0384565	0.064222	0.0945229	0.122506	0.13974	0.140266	0.123918	0.096404	0.0661014	0.039993	0.0213812	0.0101173	0.00424492	0.00158226	0.000524988	0.000155364	4.10889e-005	9.72898e-006	2.06585e-006	3.93943e-007	6.754e-008	1.04203e-008	1.44889e-009	1.82591e-010	2.14257e-011	2.84126e-012	
N36	9.31285e-011	1.58394e-010	5.02949e-010	2.09367e-009	9.46158e-009	4.24592e-008	1.81866e-007	7.31022e-007	2.73736e-006	9.51744e-006	3.06752e-005	9.15658e-005	0.000252987	0.000646681	0.00152885	0.00334197	0.00675333	0.0126138	0.0217746	0.0347386	0.0512205	0.0698032	0.0879348	0.102418	0.110311	0.109902	0.101314	0.0864502	0.068307	0.0499978	0.0339175	0.0213352	0.0124507	0.00674452	0.00339324	0.0015865	0.000689747	0.000279019	0.000105087	3.68734e-005	1.20619e-005	3.68087e-006	1.04859e-006	2.79052e-007	6.94197e-008	1.61549e-008	3.51929e-009	7.18203e-010	1.37405e-010	2.46642e-011	4.15742e-012	6.58802e-013	9.8296e-014	1.38444e-014	1.84977e-015	2.37492e-016	3.08817e-017	5.42682e-018	
Carex_livida	0	0	0	0	0	0	0	0	0	0	0	0	0	0	0	1	0	0	0	0	0	0	0	0	0	0	0	0	0	0	0	0	0	0	0	0	0	0	0	0	0	0	0	0	0	0	0	0	0	0	0	0	0	0	0	0	0	0	
Carex_panicea	0	0	0	0	0	0	0	0	0	0	0	0	0	0	0	1	0	0	0	0	0	0	0	0	0	0	0	0	0	0	0	0	0	0	0	0	0	0	0	0	0	0	0	0	0	0	0	0	0	0	0	0	0	0	0	0	0	0	
N37	6.83873e-042	2.38494e-040	1.7336e-038	1.43391e-036	1.15171e-034	8.57948e-033	5.82671e-031	3.57738e-029	1.97549e-027	9.77698e-026	4.32461e-024	1.70556e-022	5.9844e-021	1.86425e-019	5.14557e-018	1.25581e-016	2.70446e-015	5.12861e-014	8.54586e-013	1.24856e-011	1.59587e-010	1.78052e-009	1.73005e-008	1.46059e-007	1.0689e-006	6.76491e-006	3.69386e-005	0.000173611	0.000700745	0.00242359	0.00716724	0.018087	0.0388777	0.0710629	0.1103	0.145212	0.162013	0.153104	0.122525	0.0830479	0.0476993	0.0232344	0.00960902	0.00337889	0.00101191	0.000258583	5.64985e-005	1.05778e-005	1.70076e-006	2.35378e-007	2.81019e-008	2.9008e-009	2.59473e-010	2.01666e-011	1.36808e-012	8.19465e-014	4.53135e-015	3.18802e-016	
N38	6.60321e-029	7.10208e-028	1.16728e-026	2.29497e-025	4.82962e-024	1.01741e-022	2.06388e-021	3.94253e-020	7.00113e-019	1.14697e-017	1.72528e-016	2.37521e-015	2.98566e-014	3.41996e-013	3.5636e-012	3.37232e-011	2.89366e-010	2.24776e-009	1.57812e-008	9.99788e-008	5.70596e-007	2.92864e-006	1.34948e-005	5.57269e-005	0.000205864	0.000679085	0.00199664	0.00522285	0.0121326	0.0249835	0.045524	0.0732783	0.104031	0.130063	0.143011	0.138135	0.117097	0.0870523	0.0567301	0.0324017	0.0162214	0.00712116	0.00274317	0.000928138	0.000276157	7.23623e-005	1.67261e-005	3.41659e-006	6.17954e-007	9.91713e-008	1.41523e-008	1.79999e-009	2.04554e-010	2.08357e-011	1.91226e-012	1.60257e-013	1.29566e-014	1.41938e-015	
Carex_fuliginosa	0	0	0	0	0	0	0	0	0	0	0	0	0	0	0	0	0	0	0	1	0	0	0	0	0	0	0	0	0	0	0	0	0	0	0	0	0	0	0	0	0	0	0	0	0	0	0	0	0	0	0	0	0	0	0	0	0	0	
N39	8.87959e-019	3.83933e-018	2.51781e-017	1.9562e-016	1.65631e-015	1.4326e-014	1.21265e-013	9.79233e-013	7.43477e-012	5.26375e-011	3.45831e-010	2.10211e-009	1.17971e-008	6.10299e-008	2.90677e-007	1.27319e-006	5.12319e-006	1.89205e-005	6.407e-005	0.000198751	0.000564285	0.00146499	0.00347485	0.00752359	0.014857	0.026736	0.0438094	0.0653145	0.0885321	0.109028	0.121911	0.123697	0.11383	0.0949621	0.0717923	0.0491729	0.0305086	0.0171452	0.00872795	0.00402536	0.00168247	0.000637556	0.000219154	6.8378e-005	1.93797e-005	4.99354e-006	1.17088e-006	2.50093e-007	4.87139e-008	8.66309e-009	1.40828e-009	2.09538e-010	2.85764e-011	3.57881e-012	4.13197e-013	4.46105e-014	4.82824e-015	7.44437e-016	
Carex_glacialis	0	0	0	0	0	0	0	0	0	0	0	0	0	0	0	0	1	0	0	0	0	0	0	0	0	0	0	0	0	0	0	0	0	0	0	0	0	0	0	0	0	0	0	0	0	0	0	0	0	0	0	0	0	0	0	0	0	0	
N40	1.80487e-010	3.54743e-010	1.15122e-009	4.45173e-009	1.83149e-008	7.58396e-008	3.0607e-007	1.18011e-006	4.29243e-006	1.461e-005	4.62929e-005	0.000136096	0.000370417	0.000931993	0.00216557	0.00464365	0.00918437	0.0167485	0.0281527	0.0436105	0.0622485	0.0818648	0.0991928	0.110734	0.113901	0.107958	0.0943027	0.0759293	0.056364	0.0385842	0.0243643	0.0141962	0.00763521	0.00379196	0.00173974	0.000737691	0.000289231	0.00010491	3.52224e-005	1.09522e-005	3.15585e-006	8.43203e-007	2.09038e-007	4.81149e-008	1.02894e-008	2.0458e-009	3.78444e-010	6.51817e-011	1.04606e-011	1.56539e-012	2.18605e-013	2.85116e-014	3.4763e-015	3.96803e-016	4.25571e-017	4.34892e-018	4.53118e-019	6.79285e-020	
Carex_pilulifera	0	0	0	0	0	0	0	0	1	0	0	0	0	0	0	0	0	0	0	0	0	0	0	0	0	0	0	0	0	0	0	0	0	0	0	0	0	0	0	0	0	0	0	0	0	0	0	0	0	0	0	0	0	0	0	0	0	0	
Carex_humilis	0	0	0	0	0	0	0	0	0	0	0	0	0	0	0	0	0	1	0	0	0	0	0	0	0	0	0	0	0	0	0	0	0	0	0	0	0	0	0	0	0	0	0	0	0	0	0	0	0	0	0	0	0	0	0	0	0	0	
N41	1.11157e-047	1.1214e-045	1.4296e-043	1.81553e-041	2.24496e-039	2.63805e-037	2.88046e-035	2.87274e-033	2.58588e-031	2.08389e-029	1.49488e-027	9.50406e-026	5.33617e-024	2.63745e-022	1.14413e-020	4.34357e-019	1.43896e-017	4.14791e-016	1.03736e-014	2.24431e-013	4.18796e-012	6.7205e-011	9.24666e-010	1.08758e-008	1.09029e-007	9.28888e-007	6.70621e-006	4.09142e-005	0.000210372	0.000909318	0.00329623	0.00999868	0.0253298	0.053498	0.0940659	0.137536	0.167084	0.168567	0.14121	0.0982431	0.0567964	0.0273091	0.0109342	0.00365103	0.00101853	0.000237878	4.66169e-005	7.68445e-006	1.06833e-006	1.25611e-007	1.25265e-008	1.06273e-009	7.6953e-011	4.77479e-012	2.55412e-013	1.19355e-014	5.09772e-016	2.73787e-017	
Carex_atrofusca	0	0	0	0	0	0	0	0	0	0	0	0	0	0	0	0	0	0	1	0	0	0	0	0	0	0	0	0	0	0	0	0	0	0	0	0	0	0	0	0	0	0	0	0	0	0	0	0	0	0	0	0	0	0	0	0	0	0	
N42	4.67266e-055	1.22499e-052	4.71883e-050	1.65086e-047	5.14315e-045	1.41623e-042	3.42709e-040	7.25399e-038	1.33771e-035	2.14162e-033	2.96691e-031	3.54571e-029	3.64448e-027	3.21236e-025	2.42106e-023	1.55573e-021	8.49899e-020	3.93625e-018	1.54123e-016	5.08775e-015	1.41217e-013	3.28707e-012	6.39993e-011	1.03971e-009	1.406e-008	1.57911e-007	1.46984e-006	1.13159e-005	7.19242e-005	0.000376792	0.00162453	0.00575695	0.0167506	0.0399821	0.0782392	0.125467	0.164859	0.177503	0.156653	0.113385	0.067358	0.032876	0.0131993	0.00436539	0.00119122	0.000268681	5.0188e-005	7.78021e-006	1.00317e-006	1.07838e-007	9.68814e-009	7.29281e-010	4.61226e-011	2.45823e-012	1.10871e-013	4.2715e-015	1.4726e-016	6.79148e-018	
N43	2.69604e-048	2.33294e-046	3.20798e-044	4.72331e-042	6.73118e-040	8.87336e-038	1.06069e-035	1.13853e-033	1.09108e-031	9.29733e-030	7.02119e-028	4.68521e-026	2.75482e-024	1.42332e-022	6.44414e-021	2.54958e-019	8.78998e-018	2.63317e-016	6.83407e-015	1.53218e-013	2.95852e-012	4.90538e-011	6.96303e-010	8.43621e-009	8.69812e-008	7.60954e-007	5.6325e-006	3.5176e-005	0.000184858	0.000815429	0.00301212	0.00929753	0.0239357	0.0513088	0.0914568	0.135413	0.16642	0.1697	0.143572	0.100808	0.0587812	0.0284919	0.0114949	0.00386622	0.00108611	0.000255381	5.03798e-005	8.35954e-006	1.1699e-006	1.38482e-007	1.39064e-008	1.18837e-009	8.66965e-011	5.41862e-012	2.91478e-013	1.36355e-014	5.83252e-016	3.34822e-017	
N44	4.33262e-026	3.3039e-025	3.56149e-024	4.54273e-023	6.34133e-022	9.06992e-021	1.27258e-019	1.70779e-018	2.16158e-017	2.56048e-016	2.82558e-015	2.89637e-014	2.7519e-013	2.41923e-012	1.96468e-011	1.47166e-010	1.0152e-009	6.43948e-009	3.74976e-008	2.00121e-007	9.77184e-007	4.35802e-006	1.77192e-005	6.55587e-005	0.000220301	0.000671052	0.00184921	0.00460085	0.0103143	0.0207937	0.0376237	0.0609842	0.0883943	0.114384	0.131948	0.135514	0.123784	0.100489	0.0724695	0.0464214	0.0264178	0.0133636	0.00601408	0.00241061	0.00086181	0.000275255	7.86859e-005	2.01726e-005	4.64784e-006	9.64547e-007	1.80706e-007	3.06365e-008	4.71274e-009	6.60126e-010	8.47727e-011	1.01684e-011	1.21593e-012	1.94095e-013	
N45	3.27387e-025	6.56275e-023	1.71523e-020	4.15904e-018	8.38869e-016	1.31597e-013	1.50983e-011	1.16775e-009	5.34729e-008	1.18463e-006	1.54297e-005	0.000133497	0.000823887	0.00378931	0.0133552	0.036713	0.0795506	0.136536	0.18561	0.198847	0.166099	0.106268	0.0506364	0.0171979	0.00387648	0.000513167	3.28236e-005	1.24085e-006	3.15316e-008	5.82344e-010	8.22575e-012	9.20927e-014	8.38974e-016	6.34623e-018	4.05025e-020	2.20957e-022	1.04159e-024	4.28176e-027	1.54704e-029	4.94641e-032	1.40796e-034	3.58677e-037	8.2165e-040	1.69976e-042	3.18773e-045	5.4387e-048	8.46898e-051	1.20722e-053	1.57973e-056	1.90274e-059	2.11503e-062	2.17552e-065	2.07683e-068	1.84645e-071	1.53573e-074	1.20217e-077	8.93217e-081	6.64914e-084	
Carex_capillaris	0	0	0	0	0	0	0	0	1	0	0	0	0	0	0	0	0	0	0	0	0	0	0	0	0	0	0	0	0	0	0	0	0	0	0	0	0	0	0	0	0	0	0	0	0	0	0	0	0	0	0	0	0	0	0	0	0	0	
Carex_halleriana	0	0	0	0	0	0	0	0	0	0	0	0	0	0	0	0	0	0	0	0	0	0	0	0	0	1	0	0	0	0	0	0	0	0	0	0	0	0	0	0	0	0	0	0	0	0	0	0	0	0	0	0	0	0	0	0	0	0	
Carex_baccans	0	0	0	0	0	0	0	0	0	0	0	0	0	0	0	0	0	0	0	0	0	0	1	0	0	0	0	0	0	0	0	0	0	0	0	0	0	0	0	0	0	0	0	0	0	0	0	0	0	0	0	0	0	0	0	0	0	0	
N46	9.96865e-043	5.01552e-041	3.55566e-039	2.60965e-037	1.89742e-035	1.31907e-033	8.55712e-032	5.10461e-030	2.77592e-028	1.36867e-026	6.09507e-025	2.44406e-023	8.80061e-022	2.83823e-020	8.17694e-019	2.09899e-017	4.78794e-016	9.67899e-015	1.72922e-013	2.72257e-012	3.76678e-011	4.56622e-010	4.83568e-009	4.46052e-008	3.57318e-007	2.47847e-006	1.48427e-005	7.65264e-005	0.000338756	0.00128412	0.00415814	0.0114761	0.0269406	0.0537009	0.0907578	0.129906	0.157357	0.161242	0.139768	0.102525	0.0636902	0.033544	0.0149998	0.00570491	0.00184921	0.000512025	0.000121406	2.47169e-005	4.33276e-006	6.55871e-007	8.59918e-008	9.79549e-009	9.72635e-010	8.45078e-011	6.46264e-012	4.41118e-013	2.83557e-014	2.38591e-015	
Carex_echinochloe	0	0	0	0	0	0	0	0	0	0	0	0	0	0	0	0	0	0	0	0	1	0	0	0	0	0	0	0	0	0	0	0	0	0	0	0	0	0	0	0	0	0	0	0	0	0	0	0	0	0	0	0	0	0	0	0	0	0	
N47	7.55688e-044	4.28036e-042	4.43817e-040	4.3935e-038	3.95898e-036	3.22726e-034	2.3738e-032	1.57223e-030	9.3581e-029	4.9957e-027	2.38711e-025	1.01889e-023	3.87672e-022	1.3121e-020	3.94189e-019	1.04891e-017	2.46673e-016	5.11552e-015	9.33429e-014	1.4953e-012	2.09827e-011	2.57346e-010	2.75261e-009	2.56212e-008	2.07091e-007	1.45055e-006	8.78722e-006	4.59507e-005	0.000207051	0.000802576	0.00267216	0.00763166	0.0186747	0.0391155	0.0700785	0.107334	0.140505	0.157194	0.150337	0.122966	0.0860801	0.0516205	0.0265487	0.011726	0.00445456	0.00145794	0.00041186	0.000100619	2.13021e-005	3.91656e-006	6.26752e-007	8.74994e-008	1.06838e-008	1.14441e-009	1.08075e-010	9.12449e-012	7.35173e-013	8.25734e-014	
N48	1.42772e-033	2.02535e-032	5.26557e-031	1.60545e-029	4.89582e-028	1.4142e-026	3.80256e-025	9.45901e-024	2.17061e-022	4.58627e-021	8.90772e-020	1.58785e-018	2.59351e-017	3.8752e-016	5.28808e-015	6.57895e-014	7.44919e-013	7.66265e-012	7.14785e-011	6.03523e-010	4.60381e-009	3.16678e-008	1.96049e-007	1.09023e-006	5.43555e-006	2.42498e-005	9.66259e-005	0.000343239	0.00108503	0.00304708	0.00758974	0.0167426	0.0326652	0.0562998	0.0856359	0.114867	0.135795	0.141445	0.129801	0.104963	0.074826	0.0470566	0.0261298	0.0128258	0.00557236	0.00214608	0.000733862	0.00022321	6.04998e-005	1.46416e-005	3.1704e-006	6.15594e-007	1.07465e-007	1.69314e-008	2.4259e-009	3.22385e-010	4.22857e-011	7.15312e-012	
Carex_pendula	0	0	0	0	0	0	0	0	0	0	0	0	0	0	0	0	0	0	0	0	0	0	0	0	0	0	0	0	1	0	0	0	0	0	0	0	0	0	0	0	0	0	0	0	0	0	0	0	0	0	0	0	0	0	0	0	0	0	
N49	1.30891e-038	5.24175e-037	3.8222e-035	2.8506e-033	1.99603e-031	1.2862e-029	7.57866e-028	4.06905e-026	1.98464e-024	8.76628e-023	3.4952e-021	1.25354e-019	4.02908e-018	1.15596e-016	2.94784e-015	6.65138e-014	1.32144e-012	2.29957e-011	3.48573e-010	4.57525e-009	5.1676e-008	4.98952e-007	4.09035e-006	2.82727e-005	0.000163629	0.000787606	0.00313327	0.0102453	0.0274098	0.0597917	0.106104	0.152992	0.179237	0.17079	0.132654	0.0842654	0.0439727	0.0189528	0.0067887	0.00203425	0.000513448	0.000109912	2.00898e-005	3.1557e-006	4.28637e-007	5.06396e-008	5.23217e-009	4.75226e-010	3.8128e-011	2.71451e-012	1.7224e-013	9.78201e-015	4.99467e-016	2.30465e-017	9.67636e-019	3.73763e-020	1.36441e-021	6.10922e-023	
Carex_hostiana	0	0	0	0	0	0	0	0	0	0	0	0	0	0	0	0	0	0	0	0	0	0	0	0	0	0	0	1	0	0	0	0	0	0	0	0	0	0	0	0	0	0	0	0	0	0	0	0	0	0	0	0	0	0	0	0	0	0	
Carex_viridula	0	0	0	0	0	0	0	0	0	0	0	0	0	0	0	0	0	0	0	0	0	0	0	0	0	0	0	0	0	0	0	0	0	0	1	0	0	0	0	0	0	0	0	0	0	0	0	0	0	0	0	0	0	0	0	0	0	0	
N50	7.84818e-041	3.13893e-039	2.39623e-037	1.75973e-035	1.18044e-033	7.19572e-032	3.97803e-030	1.99085e-028	9.00319e-027	3.67227e-025	1.34846e-023	4.44916e-022	1.31649e-020	3.48669e-019	8.24921e-018	1.74003e-016	3.26581e-015	5.44317e-014	8.04054e-013	1.05061e-011	1.21193e-010	1.23187e-009	1.10127e-008	8.64314e-008	5.94482e-007	3.57734e-006	1.88035e-005	8.6203e-005	0.000344191	0.00119541	0.00360726	0.00944813	0.0214613	0.0422488	0.0720451	0.106387	0.136021	0.150587	0.14439	0.119964	0.0864158	0.0540149	0.0293245	0.0138431	0.00568945	0.0020387	0.000637884	0.000174559	4.18505e-005	8.80642e-006	1.62951e-006	2.65659e-007	3.82418e-008	4.87363e-009	5.52458e-010	5.64885e-011	5.55894e-012	7.52408e-013	
N51	1.644e-032	1.96544e-031	5.17293e-030	1.46748e-028	3.96114e-027	9.96106e-026	2.32311e-024	5.01546e-023	1.00093e-021	1.84394e-020	3.13135e-019	4.89491e-018	7.03334e-017	9.27582e-016	1.12119e-014	1.24024e-013	1.25366e-012	1.15628e-011	9.71643e-011	7.42796e-010	5.15839e-009	3.24947e-008	1.85415e-007	9.56996e-007	4.4619e-006	1.87676e-005	7.11281e-005	0.000242607	0.000743909	0.00204857	0.00506174	0.0112128	0.0222529	0.039543	0.0628878	0.0894824	0.113895	0.129672	0.132069	0.120358	0.0981809	0.0717251	0.0469549	0.0275664	0.0145258	0.00687668	0.00292788	0.00112243	0.000387905	0.000121007	3.41206e-005	8.70968e-006	2.01644e-006	4.24688e-007	8.19292e-008	1.47829e-008	2.6885e-009	6.50526e-010	
Carex_punctata	0	0	0	0	0	0	0	0	0	0	0	0	0	0	0	0	0	0	0	0	0	0	0	0	0	0	0	0	0	0	0	0	0	1	0	0	0	0	0	0	0	0	0	0	0	0	0	0	0	0	0	0	0	0	0	0	0	0	
Carex_hochstetteriana	0	0	0	0	0	0	0	0	0	0	0	0	0	0	0	0	0	0	0	0	0	0	0	0	0	0	0	0	0	0	0	0	0	0	0	0	0	1	0	0	0	0	0	0	0	0	0	0	0	0	0	0	0	0	0	0	0	0	
N52	2.32436e-033	4.85676e-032	1.80375e-030	7.09347e-029	2.68517e-027	9.43301e-026	3.03126e-024	8.85629e-023	2.3452e-021	5.61679e-020	1.21453e-018	2.36716e-017	4.15184e-016	6.54269e-015	9.24885e-014	1.17099e-012	1.3258e-011	1.34029e-010	1.20798e-009	9.69205e-009	6.91268e-008	4.37666e-007	2.45651e-006	1.22071e-005	5.36399e-005	0.00020818	0.00071284	0.00215135	0.00571736	0.0133688	0.0274845	0.0496502	0.0787736	0.109726	0.134153	0.14395	0.135568	0.112075	0.081358	0.0518831	0.0290829	0.0143398	0.00622456	0.00238096	0.000803414	0.000239434	6.31025e-005	1.47271e-005	3.0481e-006	5.60325e-007	9.16303e-008	1.33519e-008	1.73666e-009	2.02054e-010	2.11072e-011	2.00591e-012	1.8594e-013	2.4644e-014	
Carex_comans	0	0	0	0	0	0	0	0	0	0	0	0	0	0	0	0	0	0	0	1	0	0	0	0	0	0	0	0	0	0	0	0	0	0	0	0	0	0	0	0	0	0	0	0	0	0	0	0	0	0	0	0	0	0	0	0	0	0	
N53	7.13608e-032	1.10999e-030	3.56664e-029	1.22394e-027	3.95785e-026	1.17765e-024	3.20656e-023	7.97145e-022	1.80618e-020	3.72389e-019	6.97483e-018	1.18484e-016	1.82243e-015	2.53394e-014	3.17958e-013	3.59465e-012	3.65547e-011	3.33828e-010	2.73338e-009	2.00351e-008	1.31259e-007	7.67474e-007	3.99919e-006	1.85461e-005	7.64433e-005	0.000279703	0.000907459	0.00260781	0.00663185	0.0149122	0.0296271	0.0519785	0.0804914	0.109985	0.132586	0.141005	0.132312	0.109573	0.0801172	0.0517498	0.0295495	0.0149282	0.00667868	0.00264887	0.000932447	0.000291697	8.12034e-005	2.01453e-005	4.46048e-006	8.82835e-007	1.56449e-007	2.48655e-008	3.5511e-009	4.56817e-010	5.31958e-011	5.69705e-012	6.00508e-013	8.70782e-014	
Carex_extensa	0	0	0	0	0	0	0	0	0	0	0	0	0	0	0	0	0	0	0	0	0	0	0	0	0	0	0	0	0	1	0	0	0	0	0	0	0	0	0	0	0	0	0	0	0	0	0	0	0	0	0	0	0	0	0	0	0	0	
Carex_distans	0	0	0	0	0	0	0	0	0	0	0	0	0	0	0	0	0	0	0	0	0	0	0	0	0	0	0	0	0	0	0	0	0	0	1	0	0	0	0	0	0	0	0	0	0	0	0	0	0	0	0	0	0	0	0	0	0	0	
N54	8.04922e-046	5.12437e-044	5.78488e-042	6.38801e-040	6.47106e-038	5.9506e-036	4.95094e-034	3.71868e-032	2.51633e-030	1.53082e-028	8.35498e-027	4.08215e-025	1.78153e-023	6.929e-022	2.39611e-020	7.34962e-019	1.99472e-017	4.77832e-016	1.00772e-014	1.86615e-013	3.02663e-012	4.28771e-011	5.29156e-010	5.67382e-009	5.27162e-008	4.23302e-007	2.93005e-006	1.74397e-005	8.9044e-005	0.000389136	0.00145254	0.00462254	0.0125214	0.0288307	0.0563683	0.0935134	0.131583	0.157035	0.158998	0.136666	0.0998213	0.0620335	0.0328501	0.01485	0.00574203	0.00190323	0.000542017	0.00013295	2.81588e-005	5.16325e-006	8.21811e-007	1.13857e-007	1.37716e-008	1.4596e-009	1.364e-010	1.14272e-011	9.14587e-013	9.71261e-014	
N55	3.68677e-028	2.81506e-027	3.8772e-026	6.51912e-025	1.14164e-023	1.94242e-022	3.1265e-021	4.71301e-020	6.62573e-019	8.66771e-018	1.05352e-016	1.18817e-015	1.24181e-014	1.20124e-013	1.07409e-012	8.86596e-012	6.74687e-011	4.72696e-010	3.04484e-009	1.8007e-008	9.76317e-008	4.84605e-007	2.19887e-006	9.10729e-006	3.43811e-005	0.000118129	0.00036887	0.00104532	0.00268466	0.00624037	0.0131119	0.0248737	0.0425568	0.0656045	0.0910491	0.113686	0.127646	0.128837	0.116882	0.0953147	0.0698858	0.0460925	0.0273629	0.0146331	0.00705627	0.00307157	0.00120845	0.0004303	0.00013887	4.06829e-005	1.08365e-005	2.62929e-006	5.82459e-007	1.1824e-007	2.21673e-008	3.91817e-009	6.97669e-010	1.61633e-010	
Carex_scirpoidea	0	0	0	0	0	0	0	0	0	0	0	0	0	0	0	0	0	0	0	0	0	0	0	0	0	0	0	0	0	0	1	0	0	0	0	0	0	0	0	0	0	0	0	0	0	0	0	0	0	0	0	0	0	0	0	0	0	0	
Carex_debilis	0	0	0	0	0	0	0	0	0	0	0	0	0	0	0	0	0	0	0	0	0	0	0	0	0	0	1	0	0	0	0	0	0	0	0	0	0	0	0	0	0	0	0	0	0	0	0	0	0	0	0	0	0	0	0	0	0	0	
N56	1.51152e-039	4.12387e-038	2.24588e-036	1.24685e-034	6.45761e-033	3.07923e-031	1.34754e-029	5.40225e-028	1.98063e-026	6.6297e-025	2.0225e-023	5.61334e-022	1.41482e-020	3.23241e-019	6.68152e-018	1.24713e-016	2.09792e-015	3.17425e-014	4.31118e-013	5.24531e-012	5.70529e-011	5.53635e-010	4.78318e-009	3.67172e-008	2.49922e-007	1.50543e-006	8.00934e-006	3.75665e-005	0.00015506	0.000562291	0.00178859	0.00498353	0.0121478	0.0258782	0.0481364	0.078134	0.110626	0.136599	0.147112	0.138227	0.113376	0.0812391	0.0509039	0.0279247	0.0134295	0.00567049	0.0021056	0.000688786	0.000198859	5.07679e-005	1.14838e-005	2.30653e-006	4.1233e-007	6.58242e-008	9.44485e-009	1.24057e-009	1.59504e-010	2.71526e-011	
N57	2.34379e-032	3.16168e-031	9.1232e-030	2.81278e-028	8.21772e-027	2.22618e-025	5.56393e-024	1.28027e-022	2.70791e-021	5.25686e-020	9.35245e-019	1.52256e-017	2.26472e-016	3.07309e-015	3.79834e-014	4.26971e-013	4.35838e-012	4.03376e-011	3.37985e-010	2.56e-009	1.75025e-008	1.07859e-007	5.9828e-007	2.98304e-006	1.33524e-005	5.35878e-005	0.000192609	0.000619326	0.00177974	0.00456656	0.0104536	0.0213343	0.0387942	0.0628236	0.0905724	0.116222	0.13273	0.134913	0.122075	0.0983644	0.0706135	0.0451898	0.0257997	0.0131518	0.00599199	0.00244257	0.000891911	0.00029211	8.59221e-005	2.27308e-005	5.41664e-006	1.16456e-006	2.26334e-007	3.98772e-008	6.40688e-009	9.55613e-010	1.42088e-010	2.86631e-011	
Carex_grayi	0	0	0	0	0	0	0	0	0	0	0	0	0	0	0	0	0	0	0	0	0	0	0	0	0	1	0	0	0	0	0	0	0	0	0	0	0	0	0	0	0	0	0	0	0	0	0	0	0	0	0	0	0	0	0	0	0	0	
N58	7.59469e-041	2.35828e-039	1.47156e-037	9.00104e-036	5.09819e-034	2.65952e-032	1.2753e-030	5.6117e-029	2.26191e-027	8.33617e-026	2.80384e-024	8.59006e-023	2.39241e-021	6.04481e-020	1.38271e-018	2.8572e-017	5.32177e-016	8.91446e-015	1.33984e-013	1.80261e-012	2.16569e-011	2.31779e-010	2.20422e-009	1.85802e-008	1.38473e-007	9.10133e-007	5.26232e-006	2.66998e-005	0.00011859	0.000460024	0.00155504	0.00457121	0.0116633	0.0257858	0.0493279	0.0815565	0.116445	0.143505	0.152631	0.140137	0.111136	0.0762002	0.0452285	0.0232756	0.0104044	0.00404814	0.001374	0.000407803	0.000106105	2.42641e-005	4.88978e-006	8.7071e-007	1.37376e-007	1.92626e-008	2.41177e-009	2.73641e-010	3.0267e-011	4.71445e-012	
Carex_saxatilis	0	0	0	0	0	0	0	0	0	0	0	0	0	0	0	0	0	0	0	0	0	0	0	0	0	0	0	0	0	0	0	0	0	0	0	0	0	0	1	0	0	0	0	0	0	0	0	0	0	0	0	0	0	0	0	0	0	0	
N59	9.6774e-140	5.32347e-135	3.65762e-130	2.37737e-125	1.41261e-120	7.63385e-116	3.74338e-111	1.66211e-106	6.66748e-102	2.41063e-097	7.83531e-093	2.28323e-088	5.94748e-084	1.38046e-079	2.84533e-075	5.18849e-071	8.33666e-067	1.17507e-062	1.44592e-058	1.54495e-054	1.42495e-050	1.12701e-046	7.5871e-043	4.31125e-039	2.04811e-035	8.04523e-032	2.57975e-028	6.65088e-025	1.35374e-021	2.12751e-018	2.5106e-015	2.14605e-012	1.26634e-009	4.81968e-007	0.000106716	0.0115192	0.413681	0.547546	0.0267095	0.000433406	3.42766e-006	1.5765e-008	4.67477e-011	9.56407e-014	1.41649e-016	1.57417e-019	1.34969e-022	9.12856e-026	4.95949e-029	2.19738e-032	8.04218e-036	2.45832e-039	6.3378e-043	1.39072e-046	2.62348e-050	4.31895e-054	6.4082e-058	9.44452e-062	
Carex_membranacea	0	0	0	0	0	0	0	0	0	0	0	0	0	0	0	0	0	0	0	0	0	0	0	0	0	0	0	0	0	0	0	0	0	0	0	0	0	1	0	0	0	0	0	0	0	0	0	0	0	0	0	0	0	0	0	0	0	0	
Carex_rostrata	0	0	0	0	0	0	0	0	0	0	0	0	0	0	0	0	0	0	0	0	0	0	0	0	0	0	0	0	0	0	0	0	0	0	0	0	1	0	0	0	0	0	0	0	0	0	0	0	0	0	0	0	0	0	0	0	0	0	
N60	6.24696e-038	1.76303e-036	1.00277e-034	5.56638e-033	2.83689e-031	1.31959e-029	5.59129e-028	2.15445e-026	7.5367e-025	2.38953e-023	6.85462e-022	1.776e-020	4.14893e-019	8.72367e-018	1.64805e-016	2.79244e-015	4.23624e-014	5.74383e-013	6.94858e-012	7.48726e-011	7.17389e-010	6.10209e-009	4.60045e-008	3.06937e-007	1.80959e-006	9.41406e-006	4.31578e-005	0.000174134	0.000617651	0.0019239	0.00525765	0.0125954	0.0264329	0.0485672	0.0780958	0.10987	0.135221	0.145593	0.137165	0.113111	0.0816851	0.0516932	0.0286893	0.0139768	0.00598345	0.00225356	0.000747683	0.000218828	5.65809e-005	1.29448e-005	2.62481e-006	4.72526e-007	7.56685e-008	1.0806e-008	1.38308e-009	1.61208e-010	1.83336e-011	2.84829e-012	
N61	3.35397e-031	4.67438e-030	1.32526e-028	4.12683e-027	1.22645e-025	3.37139e-024	8.50726e-023	1.96506e-021	4.14736e-020	7.98483e-019	1.40008e-017	2.23219e-016	3.23069e-015	4.23779e-014	5.02989e-013	5.39327e-012	5.21585e-011	4.54246e-010	3.55693e-009	2.50045e-008	1.57571e-007	8.88843e-007	4.48196e-006	2.01758e-005	8.09794e-005	0.00028946	0.00092045	0.00260122	0.00652725	0.0145315	0.0286829	0.0501667	0.0777128	0.106588	0.129414	0.139082	0.132314	0.111447	0.0831373	0.0549525	0.0322029	0.0167428	0.00772934	0.00317141	0.00115775	0.000376475	0.000109183	2.82784e-005	6.55015e-006	1.3589e-006	2.52891e-007	4.22856e-008	6.36373e-009	8.63785e-010	1.06172e-010	1.19901e-011	1.33929e-012	2.13079e-013	
Carex_rariflora	0	0	0	0	0	0	0	0	0	0	0	0	0	0	0	0	0	0	0	0	0	0	0	0	0	1	0	0	0	0	0	0	0	0	0	0	0	0	0	0	0	0	0	0	0	0	0	0	0	0	0	0	0	0	0	0	0	0	
Carex_magellanica	0	0	0	0	0	0	0	0	0	0	0	0	0	0	0	0	0	0	0	0	0	0	0	0	0	0	0	0	1	0	0	0	0	0	0	0	0	0	0	0	0	0	0	0	0	0	0	0	0	0	0	0	0	0	0	0	0	0	
N62	1.46488e-042	5.39672e-041	3.87805e-039	2.74337e-037	1.79732e-035	1.08307e-033	5.98961e-032	3.03426e-030	1.40542e-028	5.9405e-027	2.28691e-025	8.00201e-024	2.53961e-022	7.29494e-021	1.89236e-019	4.4232e-018	9.29419e-017	1.75147e-015	2.95299e-014	4.44343e-013	5.95231e-012	7.08043e-011	7.45975e-010	6.94311e-009	5.694e-008	4.10377e-007	2.59253e-006	1.43194e-005	6.89756e-005	0.000289046	0.00105126	0.00331099	0.00901136	0.0211532	0.0427541	0.0742956	0.110874	0.141975	0.155922	0.14685	0.118642	0.0822823	0.0490397	0.0251531	0.0111228	0.00424922	0.0014057	0.000403695	0.000100916	2.20201e-005	4.20616e-006	7.05381e-007	1.04167e-007	1.35897e-008	1.57369e-009	1.64026e-010	1.65041e-011	2.33163e-012	
Carex_shimidzensis	0	0	0	0	0	0	0	0	0	0	0	0	0	0	0	0	0	0	0	0	0	0	0	0	0	0	0	0	0	0	0	0	0	1	0	0	0	0	0	0	0	0	0	0	0	0	0	0	0	0	0	0	0	0	0	0	0	0	
N63	7.30534e-081	8.8792e-078	1.43635e-074	2.14936e-071	2.91273e-068	3.56115e-065	3.91709e-062	3.86527e-059	3.41143e-056	2.68452e-053	1.87729e-050	1.16255e-047	6.35201e-045	3.05025e-042	1.28203e-039	4.69576e-037	1.49194e-034	4.09167e-032	9.63574e-030	1.93771e-027	3.30777e-025	4.76287e-023	5.74571e-021	5.76507e-019	4.77385e-017	3.23523e-015	1.77836e-013	7.85294e-012	2.7572e-010	7.61277e-009	1.63368e-007	2.69132e-006	3.35977e-005	0.000313623	0.00215985	0.0108313	0.039078	0.100403	0.182353	0.233258	0.210263	0.134203	0.0611568	0.0201171	0.00483718	0.000861698	0.000115284	1.17398e-005	9.218e-007	5.6498e-008	2.7345e-009	1.05653e-010	3.29199e-012	8.35208e-014	1.74241e-015	3.02976e-017	4.56114e-019	8.13096e-021	
N64	1.7848e-093	5.44865e-090	1.97939e-086	6.58136e-083	1.99299e-079	5.48199e-076	1.36584e-072	3.07328e-069	6.22571e-066	1.13167e-062	1.83935e-059	2.66319e-056	3.42137e-053	3.88344e-050	3.87685e-047	3.38752e-044	2.57729e-041	1.69783e-038	9.6263e-036	4.66701e-033	1.92123e-030	6.66455e-028	1.93206e-025	4.6388e-023	9.13369e-021	1.45898e-018	1.86838e-016	1.89325e-014	1.49628e-012	9.07678e-011	4.15214e-009	1.40444e-007	3.43714e-006	5.94295e-005	0.000707544	0.0056467	0.029426	0.0978968	0.20488	0.268716	0.222466	0.118045	0.0409594	0.00950306	0.00150837	0.000167505	1.32967e-005	7.69866e-007	3.31279e-008	1.07799e-009	2.69533e-011	5.25483e-013	8.0966e-015	9.98184e-017	9.95935e-019	8.13272e-021	5.56867e-023	4.40717e-025	
Carex_nigra	0	0	0	0	0	0	0	0	0	0	0	0	0	0	0	0	0	0	0	0	0	0	0	0	0	0	0	0	0	0	0	0	0	0	0	0	0	0	0	0	1	0	0	0	0	0	0	0	0	0	0	0	0	0	0	0	0	0	
N65	9.32972e-104	7.12655e-100	6.08617e-096	4.7368e-092	3.34607e-088	2.13916e-084	1.23394e-080	6.40164e-077	2.97683e-073	1.23625e-069	4.56744e-066	1.49507e-062	4.31674e-059	1.09423e-055	2.42282e-052	4.66038e-049	7.7421e-046	1.10376e-042	1.34114e-039	1.3785e-036	1.18886e-033	8.52643e-031	5.03578e-028	2.42296e-025	9.38501e-023	2.88798e-020	6.95727e-018	1.2907e-015	1.81028e-013	1.88007e-011	1.41228e-009	7.47251e-008	2.70272e-006	6.46152e-005	0.000983967	0.00917602	0.0504211	0.158169	0.278719	0.277091	0.158659	0.0538864	0.011215	0.00147762	0.000127151	7.35795e-006	2.94183e-007	8.33097e-009	1.70944e-010	2.59468e-012	2.96867e-014	2.60449e-016	1.77961e-018	9.60532e-021	4.14847e-023	1.45088e-025	4.17836e-028	1.29469e-030	
Carex_aquatilis_var_minor	0	0	0	0	0	0	0	0	0	0	0	0	0	0	0	0	0	0	0	0	0	0	0	0	0	0	0	0	0	0	0	0	0	0	0	0	0	1	0	0	0	0	0	0	0	0	0	0	0	0	0	0	0	0	0	0	0	0	
N66	3.07534e-107	3.04543e-103	3.29941e-099	3.26303e-095	2.93581e-091	2.39625e-087	1.76902e-083	1.17748e-079	7.04246e-076	3.77124e-072	1.80121e-068	7.64145e-065	2.86686e-061	9.46669e-058	2.73738e-054	6.89323e-051	1.50269e-047	2.8175e-044	4.51166e-041	6.12264e-038	6.98223e-035	6.62913e-032	5.18625e-029	3.30536e-026	1.69439e-023	6.8869e-021	2.18401e-018	5.30607e-016	9.67256e-014	1.2918e-011	1.22966e-009	8.08116e-008	3.53329e-006	9.84575e-005	0.00166445	0.0161593	0.0851591	0.232427	0.322265	0.231077	0.0891103	0.0193519	0.00247815	0.000195419	9.87509e-006	3.31532e-007	7.63868e-009	1.24346e-010	1.46762e-012	1.28526e-014	8.52523e-017	4.36249e-019	1.75071e-021	5.59174e-024	1.44043e-026	3.02879e-029	5.27113e-032	9.57422e-035	
Carex_aquatilis_var_aquatilis	0	0	0	0	0	0	0	0	0	0	0	0	0	0	0	0	0	0	0	0	0	0	0	0	0	0	0	0	0	0	0	0	0	0	0	0	0	1	0	0	0	0	0	0	0	0	0	0	0	0	0	0	0	0	0	0	0	0	
N67	3.16119e-131	2.3089e-126	1.71852e-121	1.15445e-116	6.9786e-112	3.78499e-107	1.83615e-102	7.94054e-098	3.05027e-093	1.03684e-088	3.10581e-084	8.16215e-080	1.87292e-075	3.73304e-071	6.42673e-067	9.49814e-063	1.19702e-058	1.27699e-054	1.14391e-050	8.52803e-047	5.23913e-043	2.62325e-039	1.05736e-035	3.38352e-032	8.46079e-029	1.62371e-025	2.3422e-022	2.47878e-019	1.87065e-016	9.73129e-014	3.3499e-011	7.25848e-009	9.30178e-007	6.51664e-005	0.00225829	0.0342072	0.198435	0.405584	0.279156	0.0719294	0.00793259	0.000420075	1.17207e-005	1.85749e-007	1.77849e-009	1.08298e-011	4.37897e-014	1.21958e-016	2.41398e-019	3.48861e-022	3.76816e-025	3.10482e-028	1.98687e-031	1.00327e-034	4.05413e-038	1.32765e-041	3.56825e-045	9.24251e-049	
Carex_paleacea	0	0	0	0	0	0	0	0	0	0	0	0	0	0	0	0	0	0	0	0	0	0	0	0	0	0	0	0	0	0	0	0	0	0	0	1	0	0	0	0	0	0	0	0	0	0	0	0	0	0	0	0	0	0	0	0	0	0	
N68	1.04275e-132	7.9349e-128	6.13374e-123	4.29229e-118	2.71131e-113	1.54154e-108	7.86471e-104	3.58877e-099	1.45956e-094	5.27076e-090	1.68323e-085	4.73301e-081	1.16628e-076	2.50566e-072	4.66744e-068	7.49278e-064	1.02976e-059	1.20283e-055	1.18459e-051	9.74948e-048	6.64002e-044	3.70132e-040	1.66795e-036	5.99228e-033	1.68924e-029	3.66929e-026	6.01368e-023	7.25629e-020	6.26251e-017	3.73474e-014	1.47616e-011	3.67413e-009	5.40333e-007	4.33292e-005	0.00171144	0.0293666	0.190429	0.41606	0.28533	0.0696865	0.0070316	0.0003322	8.12543e-006	1.11586e-007	9.19226e-010	4.79735e-012	1.66003e-014	3.95729e-017	6.71383e-020	8.33522e-023	7.75637e-026	5.52397e-029	3.06629e-032	1.34809e-035	4.76146e-039	1.36828e-042	3.23788e-046	7.29152e-050	
Carex_aquatilis	0	0	0	0	0	0	0	0	0	0	0	0	0	0	0	0	0	0	0	0	0	0	0	0	0	0	0	0	0	0	0	0	0	0	0	0	0	1	0	0	0	0	0	0	0	0	0	0	0	0	0	0	0	0	0	0	0	0	
Carex_recta	0	0	0	0	0	0	0	0	0	0	0	0	0	0	0	0	0	0	0	0	0	0	0	0	0	0	0	0	0	0	0	0	0	0	0	0	0	1	0	0	0	0	0	0	0	0	0	0	0	0	0	0	0	0	0	0	0	0	
N69	1.90835e-078	1.79461e-075	2.27945e-072	2.66665e-069	2.84138e-066	2.74995e-063	2.41091e-060	1.9093e-057	1.36178e-054	8.71996e-052	4.99635e-049	2.55267e-046	1.15858e-043	4.653e-041	1.64663e-038	5.11189e-036	1.38559e-033	3.26259e-031	6.63787e-029	1.16021e-026	1.7315e-024	2.19193e-022	2.33719e-020	2.08328e-018	1.53986e-016	9.35683e-015	4.63094e-013	1.84841e-011	5.88756e-010	1.47984e-008	2.90074e-007	4.37993e-006	5.03e-005	0.000433735	0.00277285	0.0129849	0.0440607	0.107371	0.186726	0.231039	0.203508	0.128148	0.0581131	0.0191668	0.00465122	0.000840975	0.000114773	1.19775e-005	9.67969e-007	6.13201e-008	3.08038e-009	1.2405e-010	4.04595e-012	1.07904e-013	2.3747e-015	4.35716e-017	6.88576e-019	1.35332e-020	
Carex_kiotensis	0	0	0	0	0	0	0	0	0	0	0	0	0	0	0	0	0	0	0	0	0	0	0	0	0	0	0	0	0	0	0	0	0	0	0	0	1	0	0	0	0	0	0	0	0	0	0	0	0	0	0	0	0	0	0	0	0	0	
Carex_heterolepis	0	0	0	0	0	0	0	0	0	0	0	0	0	0	0	0	0	0	0	0	0	0	0	0	0	0	0	0	0	0	0	0	0	0	0	0	0	0	0	1	0	0	0	0	0	0	0	0	0	0	0	0	0	0	0	0	0	0	
