NODE	1	2	3	4	5	6	7	8	9	10	11	12	13	14	15	16	17	18	19	20	21	22	23	24	25	26	27	28	29	30	31	32	33	34	35	36	37	38	39	40	41	42	43	44	45	46	47	48	49	50	51	52	53	54	55	56	57	58	59	60	61	62	
N1	7.85452e-22	1.11723e-21	2.0135e-21	4.01301e-21	8.2873e-21	1.73481e-20	3.65677e-20	7.74284e-20	1.64413e-19	3.49475e-19	7.42045e-19	1.5704e-18	3.30517e-18	6.90371e-18	1.42849e-17	2.92342e-17	5.90947e-17	1.17864e-16	3.13243e-13	1.1752e-12	4.27411e-12	1.50556e-11	5.13305e-11	1.69293e-10	5.39889e-10	1.66427e-09	4.95775e-09	1.42689e-08	3.96708e-08	1.06528e-07	2.76264e-07	6.91852e-07	1.67303e-06	3.90633e-06	8.80634e-06	1.91677e-05	4.02799e-05	8.17237e-05	0.000160086	0.000302769	0.000552895	0.00097492	0.00166005	0.00272989	0.00433604	0.00665333	0.00986445	0.0141355	0.0195839	0.0262437	0.0340348	0.0427459	0.0520376	0.0614709	0.0705587	0.0788335	0.0859166	0.0915744	0.0957487	0.0985491	0.100205	0.10097	
N2	2.03542e-06	1.89354e-06	2.13427e-06	2.84686e-06	4.31278e-06	7.11894e-06	1.23788e-05	2.21159e-05	3.98881e-05	7.17483e-05	0.000127648	0.000223368	0.000383002	0.000641882	0.00104965	0.00167288	0.00259648	0.00392253	0.00576569	0.0082438	0.0114635	0.015501	0.0203806	0.0260529	0.0323784	0.0391198	0.0459478	0.0524623	0.0582284	0.0628232	0.0658862	0.0671663	0.0665556	0.0641045	0.0600145	0.0546111	0.048301	0.0415216	0.0346916	0.0281707	0.0222321	0.0170513	0.0127091	0.009205	0.00647833	0.00442996	0.00294303	0.00189935	0.00119061	0.000724808	0.000428435	0.000245842	0.000136908	7.39755e-05	3.87742e-05	1.97158e-05	9.73323e-06	4.67886e-06	2.2084e-06	1.04565e-06	5.22223e-07	3.03698e-07	
Blysmus_compressus	0	0	0	0	0	0	0	0	0	0	0	0	0	0	0	0	0	0	0	0	0	1	0	0	0	0	0	0	0	0	0	0	0	0	0	0	0	0	0	0	0	0	0	0	0	0	0	0	0	0	0	0	0	0	0	0	0	0	0	0	0	0	
Dulichium_arundinaceum	0	0	0	0	0	0	0	0	0	0	0	0	0	0	0	1	0	0	0	0	0	0	0	0	0	0	0	0	0	0	0	0	0	0	0	0	0	0	0	0	0	0	0	0	0	0	0	0	0	0	0	0	0	0	0	0	0	0	0	0	0	0	
N3	1.92241e-22	3.74821e-22	1.33653e-21	6.19614e-21	3.13651e-20	1.61145e-19	8.16368e-19	4.03224e-18	1.93317e-17	8.98008e-17	4.0388e-16	1.75808e-15	7.40554e-15	3.01827e-14	1.19014e-13	4.53989e-13	1.67518e-12	5.97881e-12	2.06382e-11	6.88977e-11	2.22424e-10	6.94347e-10	2.09585e-09	6.11662e-09	1.72585e-08	4.7078e-08	1.24147e-07	3.16474e-07	7.79851e-07	1.85757e-06	4.2769e-06	9.51828e-06	2.04753e-05	4.2574e-05	8.55672e-05	0.000166236	0.000312186	0.00056674	0.000994619	0.00168754	0.00276818	0.00439036	0.0067327	0.0099833	0.0143139	0.0198441	0.0265994	0.0344696	0.0431779	0.0522718	0.0611444	0.0690911	0.0753973	0.079445	0.0808166	0.0793716	0.0752766	0.0689768	0.061113	0.0524046	0.0435238	0.0349949	
N4	7.16099e-19	1.13499e-18	3.0534e-18	1.08023e-17	4.28415e-17	1.75934e-16	7.21384e-16	2.90602e-15	1.14199e-14	4.36404e-14	1.61943e-13	5.83165e-13	2.03718e-12	6.90226e-12	2.26791e-11	7.22586e-11	2.23228e-10	6.68607e-10	1.94145e-09	5.46497e-09	1.49117e-08	3.94381e-08	1.01096e-07	2.51159e-07	6.04701e-07	1.41087e-06	3.18978e-06	6.98783e-06	1.48323e-05	3.05028e-05	6.07733e-05	0.000117303	0.000219335	0.000397276	0.000697015	0.00118451	0.0019497	0.00310823	0.0047991	0.0071762	0.0103921	0.0145741	0.0197933	0.0260319	0.0331544	0.0408904	0.0488367	0.0564828	0.0632604	0.0686111	0.072062	0.0732945	0.0721939	0.0688687	0.0636359	0.0569755	0.0494629	0.0416917	0.0342001	0.0274098	0.0215868	0.0168237	
N5	7.95218e-18	1.22941e-17	3.2341e-17	1.12818e-16	4.41804e-16	1.78739e-15	7.19975e-15	2.84257e-14	1.09277e-13	4.07891e-13	1.47644e-12	5.17945e-12	1.76041e-11	5.79585e-11	1.84812e-10	5.70686e-10	1.70635e-09	4.93964e-09	1.38431e-08	3.75527e-08	9.85992e-08	2.50548e-07	6.16102e-07	1.46596e-06	3.37493e-06	7.51697e-06	1.61967e-05	3.37583e-05	6.80583e-05	0.000132708	0.000250268	0.000456439	0.000805022	0.00137297	0.00226427	0.00361073	0.00556738	0.00830015	0.0119646	0.0166756	0.0224719	0.0292803	0.0368893	0.044939	0.0529372	0.060302	0.0664293	0.0707736	0.0729281	0.072688	0.0700825	0.0653689	0.0589913	0.0515128	0.0435352	0.0356238	0.0282477	0.0217456	0.0163144	0.0120195	0.00881566	0.00657239	
Trichophorum_cespitosum	0	0	0	0	0	0	0	0	0	0	0	0	0	0	0	0	0	0	0	0	0	0	0	0	0	0	0	0	0	0	0	0	0	0	0	0	0	0	0	0	0	0	0	0	0	0	0	0	0	0	0	1	0	0	0	0	0	0	0	0	0	0	
N6	1.30648e-51	1.52972e-49	2.44583e-47	4.06772e-45	6.61835e-43	1.02005e-40	1.46628e-38	1.95025e-36	2.38843e-34	2.68295e-32	2.75439e-30	2.57487e-28	2.18323e-26	1.67191e-24	1.151e-22	7.08704e-21	3.88088e-19	1.8782e-17	7.97734e-16	2.9503e-14	9.41725e-13	2.56856e-11	5.9189e-10	1.13765e-08	1.7977e-07	2.29831e-06	2.33672e-05	0.000185703	0.00113628	0.00530063	0.0188022	0.0508345	0.105179	0.167082	0.20402	0.191257	0.137194	0.0749986	0.0311678	0.00987213	0.00240663	0.000458383	6.93949e-05	8.49446e-06	8.54215e-07	7.15883e-08	5.06373e-09	3.05704e-10	1.59072e-11	7.19608e-13	2.85171e-14	9.96623e-16	3.08986e-17	8.54257e-19	2.11575e-20	4.71292e-22	9.47403e-24	1.72352e-25	2.84362e-27	4.2612e-29	5.8152e-31	8.54671e-33	
Trichophorum_pumilum	0	0	0	0	0	0	0	0	0	0	0	0	0	0	0	0	0	0	0	0	0	0	0	0	0	0	0	0	0	0	0	0	0	0	0	0	0	0	1	0	0	0	0	0	0	0	0	0	0	0	0	0	0	0	0	0	0	0	0	0	0	0	
Trichophorum_alpinum	0	0	0	0	0	0	0	0	0	0	0	0	0	0	0	0	0	0	0	0	0	0	0	0	0	0	0	0	1	0	0	0	0	0	0	0	0	0	0	0	0	0	0	0	0	0	0	0	0	0	0	0	0	0	0	0	0	0	0	0	0	0	
N7	2.11037e-25	1.25621e-24	1.11398e-23	1.13641e-22	1.22333e-21	1.32047e-20	1.3885e-19	1.39982e-18	1.3411e-17	1.21482e-16	1.0373e-15	8.33246e-15	6.28783e-14	4.45246e-13	2.95564e-12	1.83771e-11	1.06935e-10	5.8189e-10	2.95872e-09	1.40471e-08	6.22263e-08	2.57017e-07	9.89134e-07	3.54461e-06	1.18203e-05	3.66591e-05	0.000105677	0.00028301	0.000703775	0.00162438	0.00347854	0.00690891	0.0127233	0.0217203	0.0343658	0.0503874	0.0684573	0.0861806	0.100532	0.108676	0.108882	0.101123	0.0870766	0.0695385	0.0515164	0.0354161	0.0226015	0.0133941	0.00737371	0.00377242	0.00179423	0.000793633	0.000326594	0.000125089	4.46132e-05	1.48273e-05	4.59797e-06	1.3337e-06	3.6368e-07	9.42456e-08	2.39667e-08	7.17465e-09	
Scirpus_radicans	0	0	0	0	0	0	0	0	0	0	0	0	0	0	0	0	0	0	0	0	0	0	0	0	0	0	0	1	0	0	0	0	0	0	0	0	0	0	0	0	0	0	0	0	0	0	0	0	0	0	0	0	0	0	0	0	0	0	0	0	0	0	
N8	1.75033e-28	1.25488e-27	1.61335e-26	2.50628e-25	4.0783e-24	6.51467e-23	9.92408e-22	1.42269e-20	1.90699e-19	2.3818e-18	2.7662e-17	2.98312e-16	2.98395e-15	2.76594e-14	2.37389e-13	1.88495e-12	1.38368e-11	9.3831e-11	5.87393e-10	3.39222e-09	1.80602e-08	8.85868e-08	4.0009e-07	1.66279e-06	6.35576e-06	2.23319e-05	7.20952e-05	0.000213757	0.000581827	0.00145338	0.00333075	0.00700121	0.0134953	0.023851	0.0386452	0.0574022	0.0781632	0.097575	0.11168	0.117214	0.112829	0.0996339	0.0807322	0.0600441	0.0410035	0.0257189	0.0148227	0.0078527	0.00382564	0.0017146	0.000707273	0.000268642	9.40041e-05	3.0324e-05	9.02599e-06	2.48279e-06	6.32902e-07	1.50319e-07	3.3612e-08	7.22271e-09	1.56497e-09	4.20326e-10	
N9	5.48759e-21	2.35851e-20	2.04991e-19	2.06778e-18	2.07827e-17	1.99589e-16	1.80768e-15	1.53665e-14	1.22326e-13	9.10615e-13	6.33169e-12	4.1078e-11	2.48399e-10	1.3986e-09	7.32481e-09	3.56463e-08	1.61032e-07	6.74621e-07	2.6184e-06	9.40657e-06	3.12501e-05	9.59218e-05	0.000271813	0.000710517	0.00171205	0.00380027	0.00776629	0.0146048	0.0252623	0.0401792	0.0587448	0.0789422	0.0974972	0.11067	0.115472	0.110771	0.0977261	0.0793227	0.0592643	0.0407788	0.0258577	0.0151202	0.00815939	0.00406665	0.00187352	0.000798557	0.000315194	0.000115315	3.91429e-05	1.23401e-05	3.61693e-06	9.86712e-07	2.50831e-07	5.94952e-08	1.31872e-08	2.73666e-09	5.3308e-10	9.78357e-11	1.70278e-11	2.85605e-12	4.92095e-13	1.17719e-13	
Scirpus_mitsukurianus	0	0	0	0	0	0	0	0	0	0	0	0	0	0	0	0	0	0	0	0	0	0	0	0	0	0	0	0	0	0	0	0	0	1	0	0	0	0	0	0	0	0	0	0	0	0	0	0	0	0	0	0	0	0	0	0	0	0	0	0	0	0	
Scirpus_polystachyus	0	0	0	0	0	0	0	0	0	0	0	0	0	0	0	0	0	0	0	0	0	0	0	0	0	0	0	0	0	1	0	0	0	0	0	0	0	0	0	0	0	0	0	0	0	0	0	0	0	0	0	0	0	0	0	0	0	0	0	0	0	0	
N10	3.20872e-30	3.03984e-29	6.08745e-28	1.34965e-26	2.90011e-25	5.84844e-24	1.09622e-22	1.90269e-21	3.05228e-20	4.51975e-19	6.17156e-18	7.76381e-17	8.99063e-16	9.57619e-15	9.37447e-14	8.42801e-13	6.95359e-12	5.26126e-11	3.64809e-10	2.31658e-09	1.34633e-08	7.15674e-08	3.4776e-07	1.54385e-06	6.25842e-06	2.31552e-05	7.81564e-05	0.000240567	0.00067501	0.00172603	0.00402102	0.00853253	0.0164893	0.0290171	0.046495	0.0678344	0.090115	0.109014	0.120105	0.120532	0.110205	0.0918271	0.0697482	0.0483093	0.0305224	0.017598	0.00926282	0.00445292	0.00195598	0.000785422	0.000288455	9.69439e-05	2.98326e-05	8.41224e-06	2.17585e-06	5.17064e-07	1.13214e-07	2.29688e-08	4.37028e-09	8.02754e-10	1.54369e-10	4.10507e-11	
N11	2.91566e-22	1.44499e-21	1.53524e-20	1.84092e-19	2.13296e-18	2.31803e-17	2.34907e-16	2.21629e-15	1.94516e-14	1.58705e-13	1.20299e-12	8.46629e-12	5.52879e-11	3.34823e-10	1.87932e-09	9.77125e-09	4.7036e-08	2.09518e-07	8.63199e-07	3.28774e-06	1.15716e-05	3.76198e-05	0.000112929	0.000312897	0.00079996	0.0018866	0.0041032	0.00822814	0.0152101	0.0259148	0.040691	0.0588769	0.0784997	0.0964413	0.109179	0.113901	0.109513	0.0970537	0.0792937	0.0597356	0.0415046	0.0266038	0.0157363	0.00859247	0.00433254	0.0020181	0.000868754	0.000345775	0.000127301	4.33735e-05	1.36832e-05	3.999e-06	1.08333e-06	2.72193e-07	6.3476e-08	1.37517e-08	2.77185e-09	5.21397e-10	9.22462e-11	1.57266e-11	2.81975e-12	7.30839e-13	
N12	1.30809e-19	5.0944e-19	4.06011e-18	3.7966e-17	3.5196e-16	3.09597e-15	2.55444e-14	1.97008e-13	1.41821e-12	9.5209e-12	5.9561e-11	3.46963e-10	1.88079e-09	9.48078e-09	4.44127e-08	1.93221e-07	7.80222e-07	2.92243e-06	1.01482e-05	3.26525e-05	9.72999e-05	0.000268393	0.000685019	0.00161709	0.00352948	0.00712017	0.0132726	0.022856	0.0363533	0.0533976	0.0724254	0.0907038	0.104887	0.111995	0.11043	0.100564	0.084594	0.0657465	0.0472227	0.0313547	0.0192519	0.0109352	0.00574825	0.00279765	0.00126126	0.000526971	0.00020416	7.33832e-05	2.44859e-05	7.5891e-06	2.18619e-06	5.85713e-07	1.46038e-07	3.39098e-08	7.33776e-09	1.48087e-09	2.79021e-10	4.91849e-11	8.165e-12	1.3091e-12	2.23982e-13	5.75832e-14	
Eriophorum_brachyantherum	0	0	0	0	0	0	0	0	0	0	0	0	0	0	0	0	0	0	0	0	0	0	0	0	0	0	0	0	1	0	0	0	0	0	0	0	0	0	0	0	0	0	0	0	0	0	0	0	0	0	0	0	0	0	0	0	0	0	0	0	0	0	
Eriophorum_chamissonis	0	0	0	0	0	0	0	0	0	0	0	0	0	0	0	0	0	0	0	0	0	0	0	0	0	0	0	0	0	1	0	0	0	0	0	0	0	0	0	0	0	0	0	0	0	0	0	0	0	0	0	0	0	0	0	0	0	0	0	0	0	0	
N13	1.22042e-19	4.78606e-19	3.67892e-18	3.33634e-17	3.03535e-16	2.63686e-15	2.15463e-14	1.64797e-13	1.17757e-12	7.85302e-12	4.88395e-11	2.83071e-10	1.52802e-09	7.67725e-09	3.58808e-08	1.559e-07	6.29384e-07	2.35958e-06	8.21071e-06	2.65058e-05	7.93442e-05	0.000220148	0.000565936	0.00134744	0.00297028	0.00606038	0.011442	0.019985	0.0322868	0.048239	0.0666465	0.0851393	0.100564	0.10983	0.110913	0.103578	0.0894614	0.071475	0.052834	0.0361425	0.022887	0.0134203	0.00728928	0.00366879	0.0017118	0.000740736	0.000297411	0.000110852	3.83753e-05	1.23455e-05	3.69281e-06	1.02766e-06	2.6622e-07	6.42393e-08	1.44481e-08	3.03103e-09	5.93722e-10	1.08827e-10	1.8795e-11	3.13937e-12	5.60812e-13	1.49731e-13	
Eriophorum_angustifolium	0	0	0	0	0	0	0	0	0	0	0	0	0	0	0	0	0	0	0	0	0	0	0	0	0	0	0	0	1	0	0	0	0	0	0	0	0	0	0	0	0	0	0	0	0	0	0	0	0	0	0	0	0	0	0	0	0	0	0	0	0	0	
Eriophorum_vaginatum	0	0	0	0	0	0	0	0	0	0	0	0	0	0	0	0	0	0	0	0	0	0	0	0	0	0	0	0	1	0	0	0	0	0	0	0	0	0	0	0	0	0	0	0	0	0	0	0	0	0	0	0	0	0	0	0	0	0	0	0	0	0	
N14	4.37474e-31	6.54482e-30	1.77002e-28	5.02089e-27	1.35788e-25	3.40852e-24	7.87079e-23	1.66606e-21	3.22675e-20	5.71012e-19	9.22166e-18	1.35756e-16	1.81977e-15	2.21874e-14	2.45793e-13	2.47146e-12	2.25332e-11	1.86103e-10	1.39102e-09	9.40085e-09	5.7396e-08	3.16314e-07	1.57231e-06	7.04417e-06	2.84248e-05	0.000103246	0.000337374	0.000991286	0.00261785	0.00621134	0.0132369	0.0253307	0.04352	0.0671221	0.0929309	0.115501	0.128879	0.129127	0.116196	0.0939353	0.068246	0.0445772	0.02619	0.0138474	0.00659257	0.00282788	0.00109364	0.000381586	0.00012021	3.4218e-05	8.80827e-06	2.0522e-06	4.33143e-07	8.28995e-08	1.44032e-08	2.27483e-09	3.27289e-10	4.30657e-11	5.23116e-12	6.01241e-13	7.02721e-14	1.11802e-14	
N15	1.5606e-18	4.70697e-18	2.93407e-17	2.22558e-16	1.70158e-15	1.2465e-14	8.63633e-14	5.63873e-13	3.4647e-12	2.00189e-11	1.08699e-10	5.54327e-10	2.65342e-09	1.19152e-08	5.01659e-08	1.97924e-07	7.3138e-07	2.53001e-06	8.18896e-06	2.4789e-05	7.01496e-05	0.000185501	0.000458196	0.00105679	0.00227514	0.00457074	0.00856652	0.0149748	0.0244101	0.0370985	0.0525616	0.0694169	0.0854519	0.0980462	0.104858	0.104533	0.0971481	0.0841772	0.0680152	0.0512572	0.0360365	0.0236419	0.0144778	0.00827835	0.00442141	0.00220656	0.00102941	0.000449117	0.000183328	7.00487e-05	2.50661e-05	8.40444e-06	2.6418e-06	7.78942e-07	2.15577e-07	5.60476e-08	1.37085e-08	3.16493e-09	6.96433e-10	1.50612e-10	3.53012e-11	1.17966e-11	
Scirpus_sylvaticus	0	0	0	0	0	0	0	0	0	0	0	0	0	0	0	0	0	0	0	0	0	0	0	0	0	0	0	0	0	0	1	0	0	0	0	0	0	0	0	0	0	0	0	0	0	0	0	0	0	0	0	0	0	0	0	0	0	0	0	0	0	0	
Scirpus_microcarpus	0	0	0	0	0	0	0	0	0	0	0	0	0	0	0	0	0	0	0	0	0	0	0	0	0	0	0	0	0	0	0	1	0	0	0	0	0	0	0	0	0	0	0	0	0	0	0	0	0	0	0	0	0	0	0	0	0	0	0	0	0	0	
N16	6.2354e-31	5.98564e-30	1.29946e-28	3.60985e-27	1.05688e-25	3.00323e-24	7.97846e-23	1.94649e-21	4.32161e-20	8.68874e-19	1.57729e-17	2.58034e-16	3.79888e-15	5.02776e-14	5.97635e-13	6.37515e-12	6.09842e-11	5.22783e-10	4.01352e-09	2.75784e-08	1.69514e-07	9.31544e-07	4.57455e-06	2.00649e-05	7.85749e-05	0.00027461	0.000856204	0.00238082	0.00590257	0.013044	0.0256889	0.0450787	0.0704743	0.0981489	0.121762	0.134558	0.132461	0.116167	0.0907708	0.0632035	0.0392244	0.0217018	0.0107072	0.00471241	0.00185074	0.00064887	0.000203173	5.68431e-05	1.42171e-05	3.18053e-06	6.36797e-07	1.14179e-07	1.83468e-08	2.64402e-09	3.42087e-10	3.97924e-11	4.17199e-12	3.96312e-13	3.45501e-14	2.86541e-15	2.53612e-16	3.64346e-17	
Scirpus_expansus	0	0	0	0	0	0	0	0	0	0	0	0	0	0	0	0	0	0	0	0	0	0	0	0	0	0	0	0	0	0	0	1	0	0	0	0	0	0	0	0	0	0	0	0	0	0	0	0	0	0	0	0	0	0	0	0	0	0	0	0	0	0	
N17	9.67621e-31	9.31063e-30	1.94504e-28	5.25261e-27	1.50655e-25	4.21151e-24	1.10357e-22	2.65995e-21	5.84001e-20	1.16165e-18	2.08673e-17	3.37818e-16	4.92145e-15	6.44478e-14	7.57926e-13	7.99834e-12	7.56853e-11	6.41758e-10	4.87314e-09	3.31182e-08	2.01329e-07	1.09421e-06	5.31415e-06	2.3052e-05	8.9277e-05	0.00030857	0.000951472	0.00261651	0.00641517	0.0140197	0.0273039	0.0473785	0.07324	0.100851	0.123694	0.135127	0.131483	0.113959	0.0879881	0.0605276	0.0371033	0.0202719	0.00987436	0.00428926	0.0016621	0.000574772	0.000177448	4.89299e-05	1.20563e-05	2.65589e-06	5.23367e-07	9.23121e-08	1.45832e-08	2.065e-09	2.62342e-10	2.99434e-11	3.07814e-12	2.86538e-13	2.44989e-14	2.00773e-15	1.81598e-16	2.88433e-17	
N18	3.55347e-16	9.7298e-16	5.2518e-15	3.47237e-14	2.3399e-13	1.5167e-12	9.2917e-12	5.34977e-11	2.88869e-10	1.46127e-09	6.92002e-09	3.06587e-08	1.27003e-07	4.91642e-07	1.77755e-06	5.99938e-06	1.88925e-05	5.54841e-05	0.000151897	0.000387479	0.000920663	0.00203681	0.00419429	0.00803704	0.014327	0.023754	0.0366238	0.0525016	0.0699709	0.0866897	0.0998414	0.106893	0.106391	0.0984505	0.0847105	0.0677852	0.0504541	0.0349399	0.022518	0.0135097	0.00754778	0.00392829	0.00190533	0.000861591	0.000363403	0.000143033	5.25601e-05	1.80415e-05	5.78781e-06	1.73628e-06	4.87345e-07	1.2806e-07	3.15217e-08	7.27263e-09	1.57376e-09	3.19649e-10	6.10046e-11	1.0965e-11	1.86942e-12	3.10292e-13	5.53313e-14	1.47358e-14	
Scirpus_ancistrochaetus	0	0	0	0	0	0	0	0	0	0	0	0	0	0	0	0	0	0	0	0	0	0	0	0	0	0	1	0	0	0	0	0	0	0	0	0	0	0	0	0	0	0	0	0	0	0	0	0	0	0	0	0	0	0	0	0	0	0	0	0	0	0	
N19	1.58291e-96	5.40149e-92	2.05743e-87	7.73638e-83	2.68708e-78	8.36861e-74	2.30687e-69	5.58911e-65	1.18388e-60	2.18106e-56	3.47521e-52	4.75843e-48	5.55786e-44	5.49007e-40	4.54031e-36	3.10621e-32	1.73292e-28	7.74732e-25	2.71632e-21	7.26826e-18	1.43261e-14	1.9832e-11	1.80229e-08	9.70109e-06	0.00259222	0.234418	0.647224	0.11432	0.0014292	6.84916e-06	1.73807e-08	2.7194e-11	2.87103e-14	2.17188e-17	1.22883e-20	5.36987e-24	1.85814e-27	5.19353e-31	1.19158e-34	2.27437e-38	3.65196e-42	4.97994e-46	5.81387e-50	5.85145e-54	5.10772e-58	3.88704e-62	2.59065e-66	1.51814e-70	7.84923e-75	3.59131e-79	1.45787e-83	5.2626e-88	1.69252e-92	4.85787e-97	1.24618e-101	2.86135e-106	5.89086e-111	1.09048e-115	1.82491e-120	2.7925e-125	4.00705e-130	8.81921e-131	
Scirpus_georgianus	0	0	0	0	0	0	0	0	0	0	0	0	0	0	0	0	0	0	0	0	0	0	0	0	0	1	0	0	0	0	0	0	0	0	0	0	0	0	0	0	0	0	0	0	0	0	0	0	0	0	0	0	0	0	0	0	0	0	0	0	0	0	
N20	3.09579e-142	1.90248e-135	1.02057e-128	4.66711e-122	1.81248e-115	5.9517e-109	1.64446e-102	3.80205e-96	7.30966e-90	1.1603e-83	1.50841e-77	1.5912e-71	1.34763e-65	9.0515e-60	4.75298e-54	1.91871e-48	5.83688e-43	1.30628e-37	2.0883e-32	2.29861e-27	1.66171e-22	7.41031e-18	1.86832e-13	2.33931e-09	1.17362e-05	0.0152575	0.79133	0.193114	0.00028656	1.06627e-07	1.57672e-11	1.15373e-15	4.76235e-20	1.21056e-24	2.01793e-29	2.3127e-34	1.8907e-39	1.13557e-44	5.13258e-50	1.78102e-55	4.82523e-61	1.03539e-66	1.78145e-72	2.48404e-78	2.83336e-84	2.66527e-90	2.08255e-96	1.36025e-102	7.46866e-109	3.46443e-115	1.36364e-121	4.57234e-128	1.31054e-134	3.22073e-141	6.80495e-148	1.92657e-154	1.30705e-157	2.08287e-160	2.77638e-163	3.08517e-166	2.84713e-169	2.18206e-172	
Scirpus_hattorianus	0	0	0	0	0	0	0	0	0	0	0	0	0	0	0	0	0	0	0	0	0	0	0	0	0	0	0	1	0	0	0	0	0	0	0	0	0	0	0	0	0	0	0	0	0	0	0	0	0	0	0	0	0	0	0	0	0	0	0	0	0	0	
Scirpus_flaccidifolius	0	0	0	0	0	0	0	0	0	0	0	0	0	0	0	0	0	0	0	0	0	0	0	0	0	0	1	0	0	0	0	0	0	0	0	0	0	0	0	0	0	0	0	0	0	0	0	0	0	0	0	0	0	0	0	0	0	0	0	0	0	0	
N21	3.96839e-26	2.49798e-26	2.06772e-26	3.42882e-26	4.68562e-25	1.1817e-23	2.88125e-22	6.48697e-21	1.33504e-19	2.49796e-18	4.23508e-17	6.49162e-16	8.98164e-15	1.12027e-13	1.25832e-12	1.27162e-11	1.1552e-10	9.42647e-10	6.9042e-09	4.53574e-08	2.67097e-07	1.40898e-06	6.65427e-06	2.81202e-05	0.000106276	0.000359038	0.00108379	0.00292198	0.00703356	0.0151113	0.028969	0.0495415	0.0755655	0.102785	0.124665	0.134816	0.12999	0.111754	0.0856706	0.0585693	0.0357148	0.0194293	0.00943206	0.00408719	0.00158146	0.000546609	0.000168834	4.66243e-05	1.15173e-05	2.54634e-06	5.04151e-07	8.94461e-08	1.42306e-08	2.03181e-09	2.60595e-10	3.00643e-11	3.12702e-12	2.9466e-13	2.54789e-14	2.10261e-15	1.89398e-16	2.95313e-17	
N22	4.18829e-15	2.7722e-14	3.45861e-13	4.58454e-12	5.69538e-11	6.39187e-10	6.38737e-09	5.63935e-08	4.37394e-07	2.96508e-06	1.74811e-05	8.91953e-05	0.000391973	0.00147669	0.00474838	0.0129816	0.0300751	0.0588971	0.0973412	0.135696	0.159628	0.158698	0.133659	0.0956696	0.0584191	0.0305626	0.0137613	0.00535809	0.00181265	0.000535335	0.000138663	3.16421e-05	6.38882e-06	1.14609e-06	1.83389e-07	2.62728e-08	3.38185e-09	3.9244e-10	4.11852e-11	3.92065e-12	3.39511e-13	2.68158e-14	1.93673e-15	1.28211e-16	7.79743e-18	4.36594e-19	2.25524e-20	1.07681e-21	4.7612e-23	1.95298e-24	7.44412e-26	2.64107e-27	8.7357e-29	2.69823e-30	7.79632e-32	2.11164e-33	5.3757e-35	1.29133e-36	2.94536e-38	6.44566e-40	1.38303e-41	3.71033e-43	
Scirpus_pendulus	0	0	0	0	0	0	0	0	0	0	0	0	0	0	0	0	0	0	0	1	0	0	0	0	0	0	0	0	0	0	0	0	0	0	0	0	0	0	0	0	0	0	0	0	0	0	0	0	0	0	0	0	0	0	0	0	0	0	0	0	0	0	
Scirpus_fontinalis	0	0	0	0	0	0	0	0	0	0	0	0	0	0	0	0	0	1	0	0	0	0	0	0	0	0	0	0	0	0	0	0	0	0	0	0	0	0	0	0	0	0	0	0	0	0	0	0	0	0	0	0	0	0	0	0	0	0	0	0	0	0	
N23	4.13237e-19	1.80977e-18	1.2278e-17	9.2877e-17	7.19507e-16	5.5068e-15	4.08493e-14	2.90158e-13	1.95732e-12	1.24671e-11	7.46768e-11	4.19432e-10	2.20429e-09	1.08217e-08	4.95653e-08	2.11559e-07	8.40691e-07	3.10749e-06	1.06757e-05	3.40606e-05	0.000100846	0.000276889	0.000704517	0.00166008	0.00362028	0.00730248	0.0136165	0.0234581	0.0373199	0.0548038	0.0742551	0.0927967	0.106929	0.113583	0.111197	0.10032	0.0833996	0.063888	0.0451003	0.0293427	0.0175979	0.00973136	0.00496333	0.00233573	0.00101463	0.000407046	0.00015089	5.17148e-05	1.63976e-05	4.81335e-06	1.30896e-06	3.30021e-07	7.72029e-08	1.67712e-08	3.38636e-09	6.36242e-10	1.11415e-10	1.8241e-11	2.81395e-12	4.18765e-13	6.53809e-14	1.48277e-14	
Scirpus_orientalis	0	0	0	0	0	0	0	0	0	0	0	0	0	1	0	0	0	0	0	0	0	0	0	0	0	0	0	0	0	0	0	0	0	0	0	0	0	0	0	0	0	0	0	0	0	0	0	0	0	0	0	0	0	0	0	0	0	0	0	0	0	0	
N24	4.66617e-37	1.45301e-35	7.16422e-34	3.68852e-32	1.84478e-30	8.68917e-29	3.80185e-27	1.53507e-25	5.69721e-24	1.93762e-22	6.02171e-21	1.70522e-19	4.38692e-18	1.02209e-16	2.14941e-15	4.06532e-14	6.88908e-13	1.04172e-11	1.39947e-10	1.66258e-09	1.73797e-08	1.59013e-07	1.26621e-06	8.72285e-06	5.16601e-05	0.000261303	0.0011212	0.00405328	0.0122626	0.0308482	0.0641572	0.109787	0.154048	0.176916	0.166297	0.128172	0.0812796	0.0426115	0.018575	0.00677583	0.00208236	0.000542842	0.000120852	2.31282e-05	3.82891e-06	5.5163e-07	6.95522e-08	7.71557e-09	7.56798e-10	6.59431e-11	5.1266e-12	3.57055e-13	2.23643e-14	1.26437e-15	6.47481e-17	3.01417e-18	1.28061e-19	4.99096e-21	1.79831e-22	6.07523e-24	1.99201e-25	8.53922e-27	
Scirpus_cyperinus	0	0	0	0	0	0	0	0	0	0	0	0	0	0	0	0	0	0	0	0	0	0	0	0	0	0	0	0	0	0	0	0	1	0	0	0	0	0	0	0	0	0	0	0	0	0	0	0	0	0	0	0	0	0	0	0	0	0	0	0	0	0	
Scirpus_atrocinctus	0	0	0	0	0	0	0	0	0	0	0	0	0	0	0	0	0	0	0	0	0	0	0	0	0	0	0	0	0	0	0	0	0	1	0	0	0	0	0	0	0	0	0	0	0	0	0	0	0	0	0	0	0	0	0	0	0	0	0	0	0	0	
N25	2.50428e-23	8.24244e-23	5.41996e-22	4.34235e-21	3.57927e-20	2.87836e-19	2.22012e-18	1.63298e-17	1.14295e-16	7.60523e-16	4.80846e-15	2.88768e-14	1.64667e-13	8.91353e-13	4.57892e-12	2.23167e-11	1.03167e-10	4.52254e-10	1.87955e-09	7.40377e-09	2.76362e-08	9.77322e-08	3.27369e-07	1.03846e-06	3.11897e-06	8.86791e-06	2.3864e-05	6.07723e-05	0.000146433	0.000333796	0.000719732	0.00146775	0.00283059	0.00516171	0.00889943	0.0145058	0.022351	0.0325533	0.0448136	0.058306	0.071694	0.0833102	0.0914827	0.0949264	0.0930729	0.0862239	0.0754707	0.0624092	0.0487537	0.0359762	0.0250739	0.0165032	0.010256	0.00601683	0.00333166	0.00174117	0.000859274	0.000401326	0.000178706	7.75597e-05	3.48411e-05	1.85731e-05	
N26	1.78486e-24	7.16845e-24	6.08154e-23	6.08413e-22	6.06484e-21	5.78862e-20	5.24044e-19	4.48867e-18	3.63453e-17	2.78071e-16	2.00944e-15	1.37107e-14	8.83003e-14	5.36593e-13	3.07588e-12	1.66266e-11	8.47253e-11	4.06888e-10	1.84104e-09	7.84626e-09	3.14887e-08	1.18968e-07	4.23043e-07	1.41551e-06	4.45577e-06	1.31923e-05	3.67297e-05	9.61471e-05	0.000236592	0.000547188	0.00118928	0.00242873	0.00465985	0.00839874	0.0142188	0.022609	0.0337628	0.0473491	0.0623563	0.0771134	0.0895474	0.0976442	0.0999796	0.0961291	0.0867937	0.0735914	0.0585992	0.0438234	0.0307822	0.0203099	0.0125885	0.00733087	0.00401185	0.00206393	0.000998836	0.000455331	0.000196084	8.02796e-05	3.17011e-05	1.24769e-05	5.2614e-06	2.73396e-06	
N27	2.74626e-19	7.87679e-19	4.32234e-18	2.87171e-17	1.97371e-16	1.33041e-15	8.61811e-15	5.31979e-14	3.11754e-13	1.73138e-12	9.10382e-12	4.52953e-11	2.13154e-10	9.4841e-10	3.98862e-09	1.58507e-08	5.95048e-08	2.10971e-07	7.06235e-07	2.23167e-06	6.65527e-06	1.87269e-05	4.97095e-05	0.000124454	0.000293828	0.000654076	0.00137261	0.00271514	0.0050619	0.00889335	0.0147235	0.0229675	0.0337563	0.0467424	0.0609778	0.0749433	0.0867748	0.0946594	0.0972873	0.0942092	0.0859611	0.0739122	0.0598931	0.0457436	0.0329329	0.022353	0.014306	0.00863467	0.00491595	0.00264057	0.00133854	0.000640539	0.000289488	0.00012364	4.99534e-05	1.91246e-05	6.95988e-06	2.42221e-06	8.16061e-07	2.73376e-07	9.72477e-08	4.35775e-08	
N28	3.25281e-18	1.0648e-17	6.89335e-17	5.32485e-16	4.17013e-15	3.14963e-14	2.25564e-13	1.52179e-12	9.64379e-12	5.73115e-11	3.19031e-10	1.66188e-09	8.09372e-09	3.68215e-08	1.56348e-07	6.19094e-07	2.28427e-06	7.8473e-06	2.50812e-05	7.45271e-05	0.000205741	0.000527333	0.00125414	0.00276609	0.00565498	0.0107115	0.0187916	0.0305238	0.0458959	0.0638704	0.0822579	0.0980397	0.108143	0.110415	0.104371	0.0913636	0.0740899	0.0556818	0.0388009	0.0250825	0.0150505	0.00838788	0.00434475	0.00209312	0.000938555	0.000392009	0.000152633	5.54462e-05	1.88078e-05	5.96246e-06	1.76822e-06	4.91013e-07	1.27808e-07	3.12212e-08	7.1678e-09	1.54929e-09	3.1602e-10	6.10376e-11	1.1229e-11	1.99808e-12	3.66386e-13	9.28691e-14	
Carex_pulicaris	0	0	0	0	0	0	0	0	0	0	0	0	0	0	0	0	0	0	0	0	0	0	0	0	0	0	0	0	0	1	0	0	0	0	0	0	0	0	0	0	0	0	0	0	0	0	0	0	0	0	0	0	0	0	0	0	0	0	0	0	0	0	
Carex_peregrina	0	0	0	0	0	0	0	0	0	0	0	0	0	0	0	0	0	0	0	0	0	0	0	0	0	0	0	0	0	0	1	0	0	0	0	0	0	0	0	0	0	0	0	0	0	0	0	0	0	0	0	0	0	0	0	0	0	0	0	0	0	0	
N29	1.14103e-17	3.31179e-17	1.77921e-16	1.13401e-15	7.45212e-15	4.80954e-14	2.98465e-13	1.76267e-12	9.85525e-12	5.20218e-11	2.58857e-10	1.21307e-09	5.35049e-09	2.2201e-08	8.66266e-08	3.17747e-07	1.09528e-06	3.54697e-06	1.07884e-05	3.08119e-05	8.26106e-05	0.000207882	0.000490878	0.0010875	0.00226003	0.00440523	0.00805263	0.0138032	0.0221849	0.0334307	0.0472311	0.0625597	0.0776867	0.0904467	0.0987305	0.101053	0.0969882	0.0872984	0.0736991	0.0583642	0.0433637	0.0302327	0.0197825	0.0121515	0.00700838	0.00379624	0.00193174	0.000923685	0.000415154	0.000175448	6.97423e-05	2.60877e-05	9.18719e-06	3.04808e-06	9.53644e-07	2.81803e-07	7.88765e-08	2.10296e-08	5.40402e-09	1.37476e-09	3.71321e-10	1.32216e-10	
Carex_microglochin	0	0	0	0	0	0	0	0	0	0	0	0	0	0	0	0	0	0	0	0	0	0	0	0	0	0	0	1	0	0	0	0	0	0	0	0	0	0	0	0	0	0	0	0	0	0	0	0	0	0	0	0	0	0	0	0	0	0	0	0	0	0	
N30	7.37784e-17	2.60781e-16	1.62873e-15	1.13576e-14	7.96887e-14	5.44978e-13	3.57117e-12	2.21764e-11	1.29575e-10	7.09153e-10	3.62504e-09	1.72759e-08	7.6664e-08	3.16507e-07	1.21488e-06	4.33329e-06	1.43564e-05	4.41626e-05	0.000126096	0.000334087	0.000821135	0.00187183	0.00395667	0.00775399	0.0140861	0.0237179	0.0370119	0.0535255	0.0717331	0.0890873	0.102532	0.109365	0.108118	0.0990769	0.0841701	0.0663017	0.0484344	0.03282	0.0206339	0.0120392	0.00652087	0.00327977	0.00153233	0.000665248	0.000268471	0.000100754	3.51766e-05	1.14303e-05	3.45835e-06	9.74733e-07	2.56047e-07	6.27186e-08	1.43337e-08	3.05828e-09	6.09664e-10	1.13674e-10	1.98593e-11	3.26242e-12	5.08237e-13	7.68699e-14	1.22042e-14	2.76387e-15	
Schoenoxiphium_ludwigii	0	0	0	0	0	0	0	0	0	0	0	0	0	0	0	0	1	0	0	0	0	0	0	0	0	0	0	0	0	0	0	0	0	0	0	0	0	0	0	0	0	0	0	0	0	0	0	0	0	0	0	0	0	0	0	0	0	0	0	0	0	0	
N31	4.25106e-17	1.45342e-16	9.80354e-16	7.8233e-15	6.26115e-14	4.77767e-13	3.41847e-12	2.2795e-11	1.41287e-10	8.12899e-10	4.33774e-09	2.14537e-08	9.82918e-08	4.16966e-07	1.63706e-06	5.94615e-06	1.99737e-05	6.20276e-05	0.000178026	0.0004721	0.00115645	0.0026162	0.00546484	0.0105385	0.0187593	0.030821	0.0467344	0.0653983	0.0844559	0.100655	0.110713	0.112396	0.105328	0.0911229	0.0727901	0.0536983	0.0365917	0.023038	0.0134048	0.00721037	0.0035865	0.00165024	0.000702658	0.000276965	0.000101104	3.41941e-05	1.07194e-05	3.1162e-06	8.40465e-07	2.10412e-07	4.89213e-08	1.0569e-08	2.12281e-09	3.96633e-10	6.89834e-11	1.11769e-11	1.68906e-12	2.38662e-13	3.17423e-14	4.0633e-15	5.45829e-16	1.09688e-16	
N32	1.49615e-29	1.79656e-28	3.96586e-27	9.37841e-26	2.15571e-24	4.6736e-23	9.45042e-22	1.7738e-20	3.08214e-19	4.94808e-18	7.32627e-17	9.98672e-16	1.25106e-14	1.43762e-13	1.51249e-12	1.45402e-11	1.27465e-10	1.01683e-09	7.36562e-09	4.83411e-08	2.86809e-07	1.53478e-06	7.39042e-06	3.19485e-05	0.000123703	0.000428013	0.00132039	0.00362389	0.00883025	0.0190662	0.036416	0.0614325	0.0914184	0.119889	0.138467	0.1408	0.126055	0.0993998	0.0690861	0.0423667	0.0229543	0.0110052	0.0046774	0.00176583	0.00059341	0.000177907	4.76942e-05	1.14604e-05	2.47417e-06	4.81049e-07	8.44323e-08	1.34092e-08	1.9314e-09	2.5287e-10	3.01607e-11	3.28456e-12	3.27371e-13	2.99548e-14	2.53055e-15	2.00588e-16	1.59926e-17	1.90701e-18	
Schoenoxiphium_burkei	0	0	0	0	0	0	0	0	0	0	0	0	0	0	0	0	0	0	0	0	0	0	0	0	0	0	0	0	0	0	0	0	0	0	1	0	0	0	0	0	0	0	0	0	0	0	0	0	0	0	0	0	0	0	0	0	0	0	0	0	0	0	
Schoenoxiphium_filiforme	0	0	0	0	0	0	0	0	0	0	0	0	0	0	0	0	0	0	0	0	0	0	0	0	0	0	0	0	0	0	0	0	0	0	0	1	0	0	0	0	0	0	0	0	0	0	0	0	0	0	0	0	0	0	0	0	0	0	0	0	0	0	
N33	2.97582e-11	6.72553e-11	2.65417e-10	1.26793e-09	6.2737e-09	3.00977e-08	1.36161e-07	5.74125e-07	2.24484e-06	8.11997e-06	2.71368e-05	8.37239e-05	0.000238327	0.000625644	0.00151407	0.00337663	0.00693794	0.0131309	0.0228878	0.0367385	0.0543031	0.0739124	0.0926461	0.106955	0.113741	0.111444	0.100633	0.083772	0.0643102	0.0455462	0.0297713	0.0179686	0.0100188	0.00516332	0.00246086	0.00108527	0.000443141	0.000167634	5.87861e-05	1.91232e-05	5.77437e-06	1.61958e-06	4.22232e-07	1.02389e-07	2.31105e-08	4.85883e-09	9.52204e-10	1.74067e-10	2.97031e-11	4.73483e-12	7.05564e-13	9.8359e-14	1.28367e-14	1.56953e-15	1.79923e-16	1.9353e-17	1.95515e-18	1.85825e-19	1.66879e-20	1.43889e-21	1.2849e-22	1.7716e-23	
Schoenoxiphium_ecklonii	0	0	0	0	0	0	0	0	0	0	0	0	0	0	0	0	0	1	0	0	0	0	0	0	0	0	0	0	0	0	0	0	0	0	0	0	0	0	0	0	0	0	0	0	0	0	0	0	0	0	0	0	0	0	0	0	0	0	0	0	0	0	
Schoenoxiphium_sparteum	0	0	0	0	0	0	0	0	0	0	0	0	0	0	0	1	0	0	0	0	0	0	0	0	0	0	0	0	0	0	0	0	0	0	0	0	0	0	0	0	0	0	0	0	0	0	0	0	0	0	0	0	0	0	0	0	0	0	0	0	0	0	
N34	6.74683e-25	3.46869e-24	3.09917e-23	3.11751e-22	3.20365e-21	3.24309e-20	3.17192e-19	2.96386e-18	2.6287e-17	2.20459e-16	1.74432e-15	1.30015e-14	9.11985e-14	6.01534e-13	3.72838e-12	2.17024e-11	1.1857e-10	6.0771e-10	2.92039e-09	1.3152e-08	5.54798e-08	2.19111e-07	8.09801e-07	2.79952e-06	9.04883e-06	2.73355e-05	7.71464e-05	0.000203329	0.000500291	0.00114881	0.0024612	0.0049181	0.00916424	0.0159203	0.0257797	0.0389059	0.0547152	0.0716998	0.0875432	0.099589	0.105558	0.104251	0.0959424	0.0822876	0.065783	0.0490257	0.0340688	0.022081	0.0133514	0.00753399	0.00396891	0.00195281	0.000897924	0.000386142	0.000155487	5.87379e-05	2.08885e-05	7.0379e-06	2.27512e-06	7.24914e-07	2.43229e-07	1.03179e-07	
Kobresia_fragilis	0	0	0	0	0	0	0	0	0	0	0	0	0	0	0	0	0	0	0	0	0	0	0	0	0	0	0	0	1	0	0	0	0	0	0	0	0	0	0	0	0	0	0	0	0	0	0	0	0	0	0	0	0	0	0	0	0	0	0	0	0	0	
N35	8.16461e-27	5.00725e-26	5.72372e-25	7.35905e-24	9.55115e-23	1.20378e-21	1.44688e-20	1.64389e-19	1.75772e-18	1.76452e-17	1.66067e-16	1.46381e-15	1.20748e-14	9.31449e-14	6.71484e-13	4.52097e-12	2.84102e-11	1.66532e-10	9.10005e-10	4.63289e-09	2.1962e-08	9.68857e-08	3.97535e-07	1.51631e-06	5.37376e-06	1.7686e-05	5.40306e-05	0.00015315	0.000402608	0.000981223	0.00221626	0.00463769	0.00898853	0.0161315	0.0268019	0.0412186	0.0586676	0.077276	0.0941917	0.106243	0.110899	0.107134	0.095797	0.0793005	0.0607836	0.043151	0.0283799	0.0172978	0.00977437	0.00512258	0.00249115	0.0011248	0.000471877	0.000184112	6.69035e-05	2.26928e-05	7.21139e-06	2.16147e-06	6.18991e-07	1.74117e-07	5.16036e-08	1.9805e-08	
Kobresia_simpliciuscula	0	0	0	0	0	0	0	0	0	0	0	0	0	0	0	0	0	0	0	0	0	0	0	0	0	0	0	0	0	0	0	0	0	0	1	0	0	0	0	0	0	0	0	0	0	0	0	0	0	0	0	0	0	0	0	0	0	0	0	0	0	0	
N36	1.2759e-33	2.01645e-32	5.97879e-31	1.87175e-29	5.5593e-28	1.53075e-26	3.88412e-25	9.06167e-24	1.9412e-22	3.8142e-21	6.86712e-20	1.13179e-18	1.70595e-17	2.34948e-16	2.95382e-15	3.38695e-14	3.53882e-13	3.36628e-12	2.91279e-11	2.29071e-10	1.63596e-09	1.06016e-08	6.22912e-08	3.31601e-07	1.59818e-06	6.96882e-06	2.74749e-05	9.78794e-05	0.000314903	0.000914464	0.0023958	0.00566036	0.0120554	0.0231377	0.0400075	0.0623094	0.0873949	0.110381	0.125535	0.128558	0.118559	0.0984756	0.0736833	0.049678	0.0301892	0.0165421	0.00817644	0.0036474	0.0014692	0.0005347	0.000175937	5.23763e-05	1.41185e-05	3.4492e-06	7.64545e-07	1.53985e-07	2.8243e-08	4.7368e-09	7.33098e-10	1.07277e-10	1.60641e-11	3.38089e-12	
N37	9.57878e-22	4.25779e-21	3.10452e-20	2.65713e-19	2.38405e-18	2.11838e-17	1.81347e-16	1.47638e-15	1.13598e-14	8.23484e-14	5.61402e-13	3.59513e-12	2.16066e-11	1.21774e-10	6.4315e-10	3.18098e-09	1.47236e-08	6.37358e-08	2.57865e-07	9.74453e-07	3.43731e-06	1.13109e-05	3.47002e-05	9.91904e-05	0.000264035	0.000654133	0.00150748	0.00322998	0.00643128	0.0118946	0.0204255	0.0325535	0.0481361	0.066017	0.0839529	0.0989714	0.108143	0.109507	0.102755	0.0893442	0.0719836	0.0537446	0.0371893	0.0238538	0.0141855	0.0078234	0.00400264	0.00190044	0.000837709	0.000342972	0.000130486	4.61569e-05	1.51891e-05	4.65297e-06	1.32789e-06	3.53406e-07	8.78672e-08	2.04861e-08	4.52337e-09	9.73881e-10	2.24087e-10	7.24346e-11	
Carex_pauciflora	0	0	0	0	0	0	0	0	0	0	0	0	0	0	0	0	0	0	0	0	0	0	1	0	0	0	0	0	0	0	0	0	0	0	0	0	0	0	0	0	0	0	0	0	0	0	0	0	0	0	0	0	0	0	0	0	0	0	0	0	0	0	
Carex_backii	0	0	0	0	0	0	0	0	0	0	0	0	0	0	0	0	0	0	0	0	0	0	0	0	0	0	0	0	0	0	0	0	1	0	0	0	0	0	0	0	0	0	0	0	0	0	0	0	0	0	0	0	0	0	0	0	0	0	0	0	0	0	
N38	6.19889e-35	1.23926e-33	4.35541e-32	1.58232e-30	5.44893e-29	1.73599e-27	5.07726e-26	1.35918e-24	3.32519e-23	7.42604e-22	1.51239e-20	2.80615e-19	4.73906e-18	7.27781e-17	1.0154e-15	1.2859e-14	1.4768e-13	1.53676e-12	1.44773e-11	1.23368e-10	9.50172e-10	6.60914e-09	4.1486e-08	2.34832e-07	1.19787e-06	5.50268e-06	2.27497e-05	8.45986e-05	0.000282812	0.000849495	0.00229168	0.00555006	0.0120624	0.0235193	0.0411296	0.0644962	0.0906759	0.114284	0.129118	0.130769	0.11873	0.0966508	0.070553	0.0461941	0.0271357	0.0143062	0.00677177	0.00287916	0.00110009	0.000377943	0.000116819	3.25071e-05	8.14941e-06	1.84206e-06	3.75752e-07	6.92467e-08	1.15469e-08	1.74701e-09	2.41517e-10	3.1262e-11	4.18839e-12	8.58924e-13	
N39	4.43622e-18	1.44769e-17	8.63242e-17	6.1951e-16	4.59796e-15	3.32445e-14	2.28828e-13	1.48625e-12	9.07638e-12	5.2029e-11	2.79682e-10	1.40884e-09	6.64606e-09	2.93444e-08	1.21201e-07	4.68034e-07	1.68894e-06	5.69251e-06	1.79117e-05	5.25913e-05	0.000144028	0.000367753	0.000875128	0.00194014	0.00400585	0.0077005	0.0137779	0.022939	0.0355301	0.0511876	0.0685817	0.0854421	0.0989721	0.106587	0.106718	0.0993368	0.0859696	0.069179	0.0517664	0.0360271	0.0233238	0.0140491	0.0078757	0.00411001	0.00199731	0.000904166	0.000381429	0.00015001	5.50237e-05	1.88324e-05	6.01723e-06	1.79573e-06	5.00807e-07	1.30595e-07	3.18618e-08	7.27814e-09	1.55836e-09	3.13572e-10	5.97735e-11	1.1103e-11	2.22162e-12	6.52706e-13	
Carex_rupestris	0	0	0	0	0	0	0	0	0	0	0	0	0	0	0	0	0	0	0	0	0	0	0	0	1	0	0	0	0	0	0	0	0	0	0	0	0	0	0	0	0	0	0	0	0	0	0	0	0	0	0	0	0	0	0	0	0	0	0	0	0	0	
Carex_obtusata	0	0	0	0	0	0	0	0	0	0	0	0	0	0	0	0	0	0	0	0	0	0	0	0	0	1	0	0	0	0	0	0	0	0	0	0	0	0	0	0	0	0	0	0	0	0	0	0	0	0	0	0	0	0	0	0	0	0	0	0	0	0	
N40	1.48494e-34	2.61856e-33	7.91684e-32	2.51395e-30	7.71171e-29	2.21822e-27	5.91347e-26	1.45395e-24	3.28911e-23	6.83535e-22	1.30336e-20	2.2777e-19	3.6441e-18	5.33192e-17	7.12718e-16	8.69444e-15	9.66959e-14	9.79436e-13	9.02638e-12	7.56129e-11	5.75187e-10	3.96963e-09	2.48329e-08	1.40691e-07	7.21279e-07	3.34346e-06	1.40028e-05	5.29487e-05	0.000180646	0.000555737	0.00154076	0.00384776	0.00865157	0.0175077	0.0318762	0.0522034	0.0768845	0.101819	0.121239	0.129802	0.124961	0.108188	0.0842525	0.0590338	0.0372285	0.0211385	0.0108117	0.00498374	0.00207158	0.000776971	0.000263121	8.05146e-05	2.22798e-05	5.58034e-06	1.26644e-06	2.60793e-07	4.88329e-08	8.34671e-09	1.31341e-09	1.94721e-10	2.94856e-11	6.36523e-12	
Carex_nardina	0	0	0	0	0	0	0	0	0	0	0	0	0	0	0	0	0	0	0	0	0	0	0	0	0	0	0	0	0	0	0	0	0	1	0	0	0	0	0	0	0	0	0	0	0	0	0	0	0	0	0	0	0	0	0	0	0	0	0	0	0	0	
N41	9.2791e-34	1.36048e-32	3.83888e-31	1.13514e-29	3.18072e-28	8.28555e-27	1.99738e-25	4.44821e-24	9.14089e-23	1.73146e-21	3.02004e-20	4.84553e-19	7.14426e-18	9.66982e-17	1.20029e-15	1.36497e-14	1.42068e-13	1.35202e-12	1.17533e-11	9.32425e-11	6.74437e-10	4.44373e-09	2.66471e-08	1.45303e-07	7.19897e-07	3.23811e-06	1.32134e-05	4.88799e-05	0.000163815	0.00049707	0.00136482	0.00338926	0.00760868	0.0154353	0.0282863	0.0468137	0.0699541	0.0943695	0.11492	0.126326	0.125357	0.112309	0.0908584	0.0663909	0.0438308	0.0261539	0.0141113	0.00688781	0.0030431	0.00121768	0.000441584	0.000145236	4.33572e-05	1.1759e-05	2.90062e-06	6.51727e-07	1.33686e-07	2.51362e-08	4.36845e-09	7.1706e-10	1.19792e-10	2.7858e-11	
N42	1.15056e-21	5.41073e-21	5.07033e-20	5.50404e-19	5.9243e-18	6.05699e-17	5.81104e-16	5.21119e-15	4.36105e-14	3.40223e-13	2.47219e-12	1.67184e-11	1.05138e-10	6.14396e-10	3.33374e-09	1.67839e-08	7.8347e-08	3.38862e-07	1.35707e-06	5.02911e-06	1.72353e-05	5.45935e-05	0.000159743	0.000431558	0.00107596	0.00247459	0.00524806	0.0102597	0.0184834	0.0306785	0.0469034	0.066043	0.085636	0.102252	0.112426	0.113831	0.106144	0.0911656	0.0721353	0.0525954	0.0353468	0.0219025	0.0125181	0.00660171	0.00321397	0.00144511	0.000600426	0.000230649	8.19657e-05	2.69626e-05	8.2152e-06	2.31999e-06	6.07668e-07	1.4773e-07	3.33599e-08	7.00367e-09	1.36873e-09	2.4964e-10	4.28049e-11	7.07876e-12	1.24279e-12	3.22665e-13	
Carex_capillacea	0	0	0	0	0	0	0	0	0	0	0	0	0	0	0	0	0	0	0	0	0	0	0	0	0	0	0	0	0	1	0	0	0	0	0	0	0	0	0	0	0	0	0	0	0	0	0	0	0	0	0	0	0	0	0	0	0	0	0	0	0	0	
Carex_leptalea	0	0	0	0	0	0	0	0	0	0	0	0	0	0	0	0	0	0	0	0	0	0	0	0	0	1	0	0	0	0	0	0	0	0	0	0	0	0	0	0	0	0	0	0	0	0	0	0	0	0	0	0	0	0	0	0	0	0	0	0	0	0	
N43	1.27796e-36	5.34906e-36	3.65303e-35	2.62628e-34	1.84266e-33	1.24589e-32	8.09725e-32	5.05396e-31	3.02759e-30	1.7397e-29	9.58304e-29	5.05992e-28	2.57322e-27	1.31433e-26	8.56884e-26	1.16349e-24	2.7231e-23	6.85209e-22	1.6087e-20	3.43775e-19	6.65352e-18	1.16394e-16	1.83752e-15	2.61395e-14	3.34561e-13	3.847e-12	3.96817e-11	3.66642e-10	3.03003e-09	2.23657e-08	1.47246e-07	8.63455e-07	4.50399e-06	2.08723e-05	8.58294e-05	0.000312827	0.00100952	0.00288172	0.00727	0.0161968	0.0318455	0.0552279	0.0844457	0.113809	0.135173	0.141482	0.130513	0.106135	0.0761157	0.0481632	0.0269063	0.0132806	0.00579679	0.00223982	0.000767093	0.00023327	6.31771e-05	1.53384e-05	3.39412e-06	7.16522e-07	1.63438e-07	5.42604e-08	
Uncinia_phleoides	0	0	0	0	0	0	0	0	0	0	0	0	0	0	0	0	0	0	0	0	0	0	0	0	0	0	0	0	0	0	0	0	0	0	0	0	0	0	0	0	0	0	0	0	0	0	0	1	0	0	0	0	0	0	0	0	0	0	0	0	0	0	
N44	6.08e-45	4.47823e-44	5.33575e-43	6.48156e-42	7.6217e-41	8.72295e-40	1.03596e-38	1.66329e-37	5.08532e-36	2.31857e-34	1.11013e-32	5.00095e-31	2.07197e-29	7.85388e-28	2.71796e-26	8.57425e-25	2.46217e-23	6.42668e-22	1.52255e-20	3.26919e-19	6.35258e-18	1.11547e-16	1.76732e-15	2.52274e-14	3.23951e-13	3.73669e-12	3.86591e-11	3.58204e-10	2.96821e-09	2.19645e-08	1.44945e-07	8.51824e-07	4.45234e-06	2.06715e-05	8.51488e-05	0.000310825	0.00100445	0.00287077	0.0072501	0.0161672	0.0318115	0.0552026	0.084446	0.113846	0.13524	0.141557	0.13057	0.106157	0.0761044	0.0481329	0.0268732	0.0132547	0.00578069	0.00223149	0.000763431	0.000231885	6.27212e-05	1.52061e-05	3.35972e-06	7.08278e-07	1.61524e-07	5.37379e-08	
Uncinia_filiformis	0	0	0	0	0	0	0	0	0	0	0	0	0	0	0	0	0	0	0	0	0	0	0	0	0	0	0	0	0	0	0	0	0	0	0	0	0	0	0	0	0	0	0	1	0	0	0	0	0	0	0	0	0	0	0	0	0	0	0	0	0	0	
Uncinia_uncinata	0	0	0	0	0	0	0	0	0	0	0	0	0	0	0	0	0	0	0	0	0	0	0	0	0	0	0	0	0	0	0	0	0	0	0	0	0	0	0	0	0	0	0	1	0	0	0	0	0	0	0	0	0	0	0	0	0	0	0	0	0	0	
N45	1.66132e-19	4.39376e-19	1.9998e-18	1.11079e-17	6.61451e-17	3.96949e-16	2.33019e-15	1.31951e-14	7.16144e-14	3.71394e-13	1.83765e-12	8.66819e-12	3.89594e-11	1.66785e-10	6.79875e-10	2.63827e-09	9.74357e-09	3.42395e-08	1.14459e-07	3.63907e-07	1.10018e-06	3.16214e-06	8.63897e-06	2.24298e-05	5.53349e-05	0.000129691	0.000288728	0.000610484	0.00122576	0.00233684	0.00422951	0.0072668	0.0118507	0.0183424	0.0269428	0.0375555	0.0496732	0.0623399	0.0742314	0.0838632	0.0898892	0.091409	0.0881885	0.0807191	0.0700949	0.0577493	0.0451407	0.0334783	0.0235586	0.0157308	0.00996784	0.00599462	0.00342243	0.00185572	0.000956462	0.000469402	0.000220114	9.93231e-05	4.37625e-05	1.94031e-05	9.19418e-06	5.18804e-06	
N46	3.50995e-35	1.29964e-33	7.0293e-32	3.8897e-30	2.06998e-28	1.02518e-26	4.64238e-25	1.90391e-23	7.03159e-22	2.32931e-20	6.89819e-19	1.82078e-17	4.2707e-16	8.87489e-15	1.62903e-13	2.633e-12	3.73562e-11	4.63738e-10	5.02081e-09	4.72551e-08	3.85371e-07	2.71425e-06	1.64577e-05	8.56404e-05	0.000381301	0.00144842	0.00468175	0.0128458	0.029857	0.0586819	0.0973981	0.136393	0.16108	0.160443	0.134854	0.0957453	0.0575076	0.0292761	0.0126611	0.00466376	0.00146743	0.000395623	9.16919e-05	1.83307e-05	3.172e-06	4.76786e-07	6.24714e-08	7.16043e-09	7.20469e-10	6.3858e-11	5.00297e-12	3.47635e-13	2.14963e-14	1.18685e-15	5.8705e-17	2.61008e-18	1.04665e-19	3.79848e-21	1.25191e-22	3.76078e-24	1.04009e-25	3.32473e-27	
N47	2.64645e-31	6.45535e-30	2.80192e-28	1.22929e-26	4.97755e-25	1.82674e-23	6.04492e-22	1.79872e-20	4.80167e-19	1.14736e-17	2.44852e-16	4.65585e-15	7.87005e-14	1.17981e-12	1.56485e-11	1.83195e-10	1.88839e-09	1.70988e-08	1.35672e-07	9.41106e-07	5.69369e-06	2.99752e-05	0.000137018	0.000542644	0.00185819	0.00549133	0.0139804	0.0306152	0.057589	0.092948	0.128607	0.152461	0.154811	0.134651	0.100354	0.0641312	0.0351753	0.0165805	0.00672694	0.00235332	0.000711318	0.000186174	4.22932e-05	8.35974e-06	1.44147e-06	2.17395e-07	2.87537e-08	3.34433e-09	3.42984e-10	3.10997e-11	2.49988e-12	1.7861e-13	1.13723e-14	6.46921e-16	3.29611e-17	1.50787e-18	6.20855e-20	2.30665e-21	7.75897e-23	2.38361e-24	7.00933e-26	2.99275e-27	
Carex_maritima	0	0	0	0	0	0	0	0	0	0	0	0	0	0	0	0	0	0	0	0	0	0	0	0	0	0	0	0	0	1	0	0	0	0	0	0	0	0	0	0	0	0	0	0	0	0	0	0	0	0	0	0	0	0	0	0	0	0	0	0	0	0	
N48	1.93646e-24	2.18898e-23	4.71323e-22	1.07484e-20	2.30112e-19	4.50716e-18	8.02326e-17	1.29428e-15	1.88799e-14	2.48533e-13	2.94651e-12	3.13975e-11	3.00101e-10	2.56775e-09	1.96282e-08	1.33781e-07	8.11427e-07	4.37142e-06	2.08793e-05	8.8259e-05	0.000329624	0.00108594	0.00315118	0.00804324	0.0180363	0.0354941	0.061243	0.092582	0.122552	0.141995	0.143983	0.127774	0.0992579	0.0675249	0.0402545	0.0210463	0.00966026	0.00389736	0.00138392	0.00043318	0.000119717	2.92642e-05	6.33905e-06	1.21917e-06	2.08611e-07	3.18229e-08	4.33697e-09	5.29184e-10	5.79336e-11	5.70282e-12	5.05838e-13	4.05151e-14	2.93641e-15	1.92977e-16	1.15231e-17	6.26423e-19	3.10637e-20	1.40791e-21	5.84576e-23	2.23805e-24	8.30279e-26	4.73296e-27	
Carex_conferta	0	0	0	0	0	0	0	0	0	0	0	0	0	0	0	0	0	0	0	0	0	0	0	0	0	1	0	0	0	0	0	0	0	0	0	0	0	0	0	0	0	0	0	0	0	0	0	0	0	0	0	0	0	0	0	0	0	0	0	0	0	0	
Carex_cephalophora	0	0	0	0	0	0	0	0	0	0	0	0	0	0	0	0	0	0	0	0	0	0	0	1	0	0	0	0	0	0	0	0	0	0	0	0	0	0	0	0	0	0	0	0	0	0	0	0	0	0	0	0	0	0	0	0	0	0	0	0	0	0	
N49	6.60643e-44	9.14287e-42	1.87467e-39	3.4676e-37	5.64794e-35	8.06663e-33	1.00698e-30	1.09514e-28	1.03424e-26	8.45342e-25	5.95981e-23	3.61187e-21	1.87509e-19	8.30944e-18	3.13215e-16	1.00066e-14	2.69997e-13	6.13086e-12	1.16749e-10	1.85805e-09	2.46311e-08	2.71097e-07	2.46965e-06	1.85674e-05	0.000114892	0.000583691	0.00242922	0.00826629	0.0229629	0.0520083	0.0959553	0.144144	0.176281	0.175555	0.142464	0.0943025	0.0509882	0.0225575	0.00818217	0.00243896	0.000598986	0.000121538	2.04357e-05	2.85634e-06	3.3296e-07	3.24792e-08	2.6604e-09	1.83628e-10	1.07181e-11	5.30915e-13	2.23978e-14	8.0759e-16	2.49752e-17	6.64765e-19	1.52813e-20	3.04411e-22	5.27253e-24	7.96655e-26	1.05353e-27	1.22452e-29	1.27879e-31	1.77632e-33	
N50	1.15608e-32	3.38154e-31	1.73366e-29	8.88453e-28	4.19574e-26	1.79621e-24	6.93491e-23	2.40729e-21	7.49271e-20	2.08542e-18	5.17593e-17	1.14233e-15	2.23529e-14	3.86658e-13	5.8945e-12	7.89503e-11	9.26158e-10	9.48565e-09	8.4551e-08	6.53824e-07	4.37244e-06	2.52093e-05	0.000124927	0.000530565	0.00192576	0.00595822	0.0156763	0.0349988	0.0661836	0.105847	0.142999	0.163078	0.156931	0.127442	0.0873838	0.0506371	0.0248319	0.0103229	0.00364547	0.00109622	0.000281443	6.18708e-05	1.1682e-05	1.90053e-06	2.673e-07	3.26101e-08	3.46269e-09	3.21118e-10	2.60962e-11	1.86468e-12	1.17538e-13	6.55696e-15	3.24748e-16	1.43232e-17	5.64267e-19	1.99127e-20	6.31241e-22	1.80249e-23	4.65006e-25	1.09031e-26	2.41499e-28	7.76572e-30	
Carex_echinata	0	0	0	0	0	0	0	0	0	0	0	0	0	0	0	0	0	0	0	0	0	0	0	0	0	1	0	0	0	0	0	0	0	0	0	0	0	0	0	0	0	0	0	0	0	0	0	0	0	0	0	0	0	0	0	0	0	0	0	0	0	0	
N51	1.9842e-38	1.38877e-37	1.24637e-36	9.90962e-36	1.21645e-34	1.26445e-32	2.23499e-30	3.4927e-28	4.68196e-26	5.3537e-24	5.19506e-22	4.25486e-20	2.92463e-18	1.67713e-16	7.97397e-15	3.12313e-13	1.00092e-11	2.6067e-10	5.47752e-09	9.22014e-08	1.23423e-06	1.30444e-05	0.000108089	0.000697551	0.00348456	0.0134019	0.0395113	0.0890008	0.152875	0.200124	0.199825	0.152522	0.0892921	0.0402731	0.0140676	0.00382819	0.000816756	0.000137532	1.84027e-05	1.97015e-06	1.69906e-07	1.18829e-08	6.78393e-10	3.18159e-11	1.23334e-12	3.97531e-14	1.07148e-15	2.42831e-17	4.65162e-19	7.56951e-21	1.05144e-22	1.25242e-24	1.28493e-26	1.14025e-28	8.78792e-31	5.91793e-33	3.73447e-35	5.84094e-37	5.25143e-38	5.52387e-39	5.05736e-40	5.17477e-41	
N52	5.15434e-43	8.54804e-41	2.05785e-38	4.48225e-36	8.69073e-34	1.49341e-31	2.26445e-29	3.01559e-27	3.50945e-25	3.55005e-23	3.10358e-21	2.33047e-19	1.49309e-17	8.1037e-16	3.69724e-14	1.4062e-12	4.41855e-11	1.13592e-09	2.36429e-08	3.93953e-07	5.19214e-06	5.34403e-05	0.000423866	0.0025558	0.0115601	0.0387386	0.0951777	0.170191	0.220755	0.207961	0.143043	0.0724564	0.0273186	0.00775829	0.00168018	0.000280918	3.66983e-05	3.78928e-06	3.12654e-07	2.08283e-08	1.13122e-09	5.05488e-11	1.87436e-12	5.81369e-14	1.51973e-15	3.37166e-17	6.3906e-19	1.0412e-20	1.46666e-22	1.79592e-24	1.92137e-26	1.80461e-28	1.49472e-30	1.09643e-32	7.15122e-35	4.16291e-37	2.1706e-39	1.01716e-41	4.29743e-44	1.64216e-46	5.72877e-49	2.49266e-51	
Carex_pairae	0	0	0	0	0	0	0	0	0	0	0	0	0	0	0	0	0	0	0	0	0	0	0	0	0	0	0	1	0	0	0	0	0	0	0	0	0	0	0	0	0	0	0	0	0	0	0	0	0	0	0	0	0	0	0	0	0	0	0	0	0	0	
Carex_divulsa	0	0	0	0	0	0	0	0	0	0	0	0	0	0	0	0	0	0	0	0	0	0	0	0	0	0	0	1	0	0	0	0	0	0	0	0	0	0	0	0	0	0	0	0	0	0	0	0	0	0	0	0	0	0	0	0	0	0	0	0	0	0	
N53	2.79755e-39	1.68729e-38	1.36658e-37	1.26903e-36	8.26283e-35	1.58497e-32	2.81178e-30	4.30852e-28	5.66663e-26	6.36506e-24	6.07437e-22	4.89833e-20	3.31862e-18	1.87771e-16	8.8175e-15	3.41412e-13	1.08267e-11	2.79232e-10	5.81545e-09	9.70933e-08	1.29005e-06	1.35421e-05	0.000111523	0.000715687	0.00355706	0.0136181	0.0399814	0.0897177	0.153568	0.200378	0.199465	0.151798	0.0886139	0.0398543	0.0138823	0.0037672	0.00080151	0.000134594	1.79611e-05	1.91789e-06	1.64994e-07	1.15132e-08	6.55956e-10	3.07106e-11	1.18887e-12	3.82833e-14	1.03138e-15	2.33756e-17	4.48072e-19	7.30091e-21	1.01616e-22	1.21375e-24	1.2497e-26	1.1141e-28	8.70289e-31	7.77931e-33	4.65745e-34	8.00405e-35	1.23899e-35	1.61717e-36	1.81151e-37	2.31943e-38	
Carex_lamprocarpa	0	0	0	0	0	0	0	0	0	0	0	0	0	0	0	0	0	0	0	0	0	0	0	0	0	0	0	0	1	0	0	0	0	0	0	0	0	0	0	0	0	0	0	0	0	0	0	0	0	0	0	0	0	0	0	0	0	0	0	0	0	0	
Carex_otrubae	0	0	0	0	0	0	0	0	0	0	0	0	0	0	0	0	0	0	0	0	0	0	0	0	0	0	0	0	1	0	0	0	0	0	0	0	0	0	0	0	0	0	0	0	0	0	0	0	0	0	0	0	0	0	0	0	0	0	0	0	0	0	
N54	1.1973e-43	1.46354e-41	2.70157e-39	4.58065e-37	6.88922e-35	9.13861e-33	1.06564e-30	1.08886e-28	9.71746e-27	7.54912e-25	5.08763e-23	2.96408e-21	1.48753e-19	6.40716e-18	2.35989e-16	7.40502e-15	1.97219e-13	4.44155e-12	8.42696e-11	1.34204e-09	1.78755e-08	1.98444e-07	1.82999e-06	1.39739e-05	8.80967e-05	0.000457299	0.00194979	0.00681414	0.0194853	0.0455278	0.086835	0.135118	0.1715	0.177608	0.150175	0.103785	0.0587081	0.0272312	0.010379	0.00325847	0.000844869	0.000181441	3.23729e-05	4.81426e-06	5.9873e-07	6.24854e-08	5.49157e-09	4.07874e-10	2.56932e-11	1.37761e-12	6.30947e-14	2.47716e-15	8.36612e-17	2.43892e-18	6.15804e-20	1.35113e-21	2.5845e-23	4.32396e-25	6.34969e-27	8.23784e-29	9.75907e-31	1.53532e-32	
N55	5.62345e-36	1.80465e-34	1.06273e-32	6.05082e-31	3.16634e-29	1.51435e-27	6.60289e-26	2.61849e-24	9.42147e-23	3.06784e-21	9.01666e-20	2.38541e-18	5.66429e-17	1.20366e-15	2.28192e-14	3.84724e-13	5.74932e-12	7.58966e-11	8.81944e-10	8.98894e-09	8.00616e-08	6.20816e-07	4.17524e-06	2.42623e-05	0.000121361	0.000520626	0.00190865	0.00595969	0.0158008	0.0354733	0.0672806	0.107612	0.144968	0.164384	0.156901	0.126141	0.0855277	0.0489975	0.0237724	0.00979502	0.00343813	0.00103155	0.000265501	5.88371e-05	1.12691e-05	1.87254e-06	2.70973e-07	3.4277e-08	3.80418e-09	3.71765e-10	3.21032e-11	2.458e-12	1.67418e-13	1.01763e-14	5.53715e-16	2.70503e-17	1.18984e-18	4.72544e-20	1.69952e-21	5.56982e-23	1.73872e-24	8.17399e-26	
Carex_ovalis	0	0	0	0	0	0	0	0	0	0	0	0	0	0	0	0	0	0	0	0	0	0	0	0	0	0	0	0	0	0	0	0	1	0	0	0	0	0	0	0	0	0	0	0	0	0	0	0	0	0	0	0	0	0	0	0	0	0	0	0	0	0	
Carex_xerantica	0	0	0	0	0	0	0	0	0	0	0	0	0	0	0	0	0	0	0	0	0	0	0	0	0	0	0	0	0	0	0	0	0	1	0	0	0	0	0	0	0	0	0	0	0	0	0	0	0	0	0	0	0	0	0	0	0	0	0	0	0	0	
N56	5.02987e-38	2.4719e-36	2.05822e-34	1.69539e-32	1.27769e-30	8.68929e-29	5.30943e-27	2.90606e-25	1.42069e-23	6.18514e-22	2.39074e-20	8.1787e-19	2.46829e-17	6.54966e-16	1.52288e-14	3.09179e-13	5.46133e-12	8.36274e-11	1.10601e-09	1.25867e-08	1.22798e-07	1.02329e-06	7.25689e-06	4.36423e-05	0.000221816	0.00094974	0.00341543	0.0102882	0.0258971	0.0543647	0.0950281	0.138157	0.166956	0.167683	0.140019	0.0972924	0.0563302	0.0272238	0.0110065	0.00373203	0.00106433	0.00025609	5.21598e-05	9.02443e-06	1.33109e-06	1.67996e-07	1.821e-08	1.70162e-09	1.37585e-10	9.66147e-12	5.91359e-13	3.16625e-14	1.48812e-15	6.1604e-17	2.25367e-18	7.30937e-20	2.10831e-21	5.42525e-23	1.2502e-24	2.60291e-26	5.13252e-28	1.41244e-29	
Carex_chordorrhiza	0	0	0	0	0	0	0	0	0	0	0	0	0	0	0	0	0	0	0	0	0	0	0	0	0	0	0	0	0	0	1	0	0	0	0	0	0	0	0	0	0	0	0	0	0	0	0	0	0	0	0	0	0	0	0	0	0	0	0	0	0	0	
N57	3.22859e-44	4.5275e-42	9.70942e-40	1.93358e-37	3.43863e-35	5.42629e-33	7.56839e-31	9.29358e-29	1.00058e-26	9.40409e-25	7.6805e-23	5.42453e-21	3.29618e-19	1.71392e-17	7.58266e-16	2.83726e-14	8.92236e-13	2.34255e-11	5.09946e-10	9.13831e-09	1.33813e-07	1.58906e-06	1.51872e-05	0.00011594	0.00070182	0.00334556	0.0124815	0.0362518	0.0816336	0.142134	0.191115	0.198527	0.159627	0.0996799	0.0485623	0.0185605	0.00560025	0.00134307	0.000257834	3.99087e-05	5.01669e-06	5.15799e-07	4.36793e-08	3.06708e-09	1.7974e-10	8.84571e-12	3.67766e-13	1.29904e-14	3.91952e-16	1.0154e-17	2.26962e-19	4.39753e-21	7.41859e-23	1.09426e-24	1.41692e-26	1.61679e-28	1.63164e-30	1.46144e-32	1.16609e-34	8.34158e-37	5.52483e-39	4.77405e-41	
Carex_marina	0	0	0	0	0	0	0	0	0	0	0	0	0	0	0	0	0	0	0	0	0	0	0	0	0	0	0	0	0	0	1	0	0	0	0	0	0	0	0	0	0	0	0	0	0	0	0	0	0	0	0	0	0	0	0	0	0	0	0	0	0	0	
N58	2.69244e-45	4.75162e-43	1.22726e-40	2.8778e-38	5.98731e-36	1.10022e-33	1.77865e-31	2.5193e-29	3.11287e-27	3.33999e-25	3.09695e-23	2.46894e-21	1.68319e-19	9.75739e-18	4.78092e-16	1.96755e-14	6.75617e-13	1.92231e-11	4.49937e-10	8.59868e-09	1.33141e-07	1.65723e-06	1.6452e-05	0.000129252	0.000797592	0.00383895	0.0143224	0.0412011	0.0910214	0.154028	0.199449	0.19774	0.150423	0.0881114	0.0399319	0.0140822	0.00388959	0.000847328	0.000146651	2.03158e-05	2.2695e-06	2.05954e-07	1.52924e-08	9.3556e-10	4.7477e-11	2.01148e-12	7.15906e-14	2.15312e-15	5.50302e-17	1.20167e-18	2.25341e-20	3.6465e-22	5.1157e-24	6.24936e-26	6.67559e-28	6.26033e-30	5.1738e-32	3.78181e-34	2.45344e-36	1.41793e-38	7.40501e-41	4.94926e-43	
Carex_canescens	0	0	0	0	0	0	0	0	0	0	0	0	0	0	0	0	0	0	0	0	0	0	0	0	0	0	0	1	0	0	0	0	0	0	0	0	0	0	0	0	0	0	0	0	0	0	0	0	0	0	0	0	0	0	0	0	0	0	0	0	0	0	
Carex_lachenalii	0	0	0	0	0	0	0	0	0	0	0	0	0	0	0	0	0	0	0	0	0	0	0	0	0	0	0	0	0	0	1	0	0	0	0	0	0	0	0	0	0	0	0	0	0	0	0	0	0	0	0	0	0	0	0	0	0	0	0	0	0	0	
N59	1.15575e-24	1.2077e-23	1.86431e-22	3.26039e-21	5.81573e-20	1.00201e-18	1.62358e-17	2.44132e-16	3.38234e-15	4.2988e-14	4.99625e-13	5.29619e-12	5.108e-11	4.47167e-10	3.54469e-09	2.53811e-08	1.63747e-07	9.49396e-07	4.93382e-06	2.29199e-05	9.49193e-05	0.000349478	0.00114084	0.00329315	0.0083841	0.0187799	0.0369267	0.0636086	0.0958225	0.126065	0.144701	0.144831	0.126395	0.0962169	0.0639435	0.0371481	0.018898	0.00843598	0.00331226	0.00114688	0.000351176	9.53709e-05	2.30404e-05	4.96664e-06	9.58182e-07	1.65939e-07	2.5873e-08	3.6425e-09	4.6434e-10	5.37476e-11	5.66426e-12	5.44938e-13	4.79864e-14	3.87796e-15	2.88382e-16	1.97885e-17	1.25659e-18	7.40811e-20	4.0719e-21	2.10576e-22	1.06016e-23	6.44408e-25	
N60	2.43507e-09	4.60037e-09	1.52096e-08	6.22281e-08	2.64289e-07	1.08329e-06	4.16452e-06	1.4847e-05	4.88565e-05	0.000148071	0.000412821	0.00105794	0.00249065	0.00538419	0.0106837	0.019453	0.0324957	0.0497937	0.0699846	0.0902219	0.106693	0.115754	0.115241	0.10531	0.0883637	0.0681068	0.0482413	0.0314181	0.0188241	0.0103821	0.0052743	0.00246974	0.00106672	0.00042529	0.000156633	5.33324e-05	1.68017e-05	4.90153e-06	1.32521e-06	3.32342e-07	7.73753e-08	1.67383e-08	3.36736e-09	6.30546e-10	1.09995e-10	1.7891e-11	2.71572e-12	3.85034e-13	5.10335e-14	6.32889e-15	7.35001e-16	8.0003e-17	8.16862e-18	7.83034e-19	7.05289e-20	5.97431e-21	4.76413e-22	3.58209e-23	2.54923e-24	1.74112e-25	1.22206e-26	1.32661e-27	
Carex_livida	0	0	0	0	0	0	0	0	0	0	0	0	0	0	0	1	0	0	0	0	0	0	0	0	0	0	0	0	0	0	0	0	0	0	0	0	0	0	0	0	0	0	0	0	0	0	0	0	0	0	0	0	0	0	0	0	0	0	0	0	0	0	
Carex_panicea	0	0	0	0	0	0	0	0	0	0	0	0	0	0	0	1	0	0	0	0	0	0	0	0	0	0	0	0	0	0	0	0	0	0	0	0	0	0	0	0	0	0	0	0	0	0	0	0	0	0	0	0	0	0	0	0	0	0	0	0	0	0	
N61	4.29947e-32	1.05983e-30	4.85985e-29	2.5256e-27	1.27247e-25	5.89816e-24	2.46414e-22	9.18694e-21	3.03863e-19	8.88e-18	2.28547e-16	5.16588e-15	1.02278e-13	1.76922e-12	2.66717e-11	3.49527e-10	3.97151e-09	3.90245e-08	3.30724e-07	2.41084e-06	1.50749e-05	8.0635e-05	0.000367941	0.00142833	0.00470434	0.0131116	0.0308475	0.061119	0.101767	0.142139	0.166274	0.162718	0.133112	0.0909971	0.0519907	0.0248413	0.00993658	0.00333247	0.00093884	0.000222691	4.45888e-05	7.55784e-06	1.0878e-06	1.33377e-07	1.39776e-08	1.25628e-09	9.71692e-11	6.4901e-12	3.75611e-13	1.88997e-14	8.29561e-16	3.18672e-17	1.07484e-18	3.19324e-20	8.38257e-22	1.9505e-23	4.03575e-25	7.4509e-27	1.23312e-28	1.84837e-30	2.61671e-32	4.9519e-34	
N62	7.15561e-23	7.14613e-22	1.04535e-20	1.73571e-19	2.95069e-18	4.84798e-17	7.46472e-16	1.05946e-14	1.37317e-13	1.61614e-12	1.72067e-11	1.65248e-10	1.42807e-09	1.10812e-08	7.70446e-08	4.78985e-07	2.65723e-06	1.31268e-05	5.76222e-05	0.00022428	0.000772355	0.00234809	0.00628826	0.0148016	0.0305572	0.0552113	0.0871312	0.119874	0.143525	0.149317	0.134806	0.105508	0.0715383	0.042007	0.0213623	0.00941236	0.00359596	0.00119261	0.000343875	8.63564e-05	1.89267e-05	3.6285e-06	6.09979e-07	9.01481e-08	1.17438e-08	1.35226e-09	1.38007e-10	1.25177e-11	1.01185e-12	7.30886e-14	4.73008e-15	2.74975e-16	1.43951e-17	6.80295e-19	2.90918e-20	1.12836e-21	3.97885e-23	1.27907e-24	3.76532e-26	1.0271e-27	2.72396e-29	1.00978e-30	
Carex_fuliginosa	0	0	0	0	0	0	0	0	0	0	0	0	0	0	0	0	0	0	0	1	0	0	0	0	0	0	0	0	0	0	0	0	0	0	0	0	0	0	0	0	0	0	0	0	0	0	0	0	0	0	0	0	0	0	0	0	0	0	0	0	0	0	
N63	3.82558e-15	1.64276e-14	1.04492e-13	7.53112e-13	5.63577e-12	4.14275e-11	2.89548e-10	1.88992e-09	1.14072e-08	6.33126e-08	3.22012e-07	1.49727e-06	6.35319e-06	2.45636e-05	8.64204e-05	0.000276323	0.000801993	0.00211044	0.00502957	0.0108434	0.0211256	0.0371547	0.0589313	0.0842166	0.108339	0.125358	0.130373	0.121789	0.102138	0.0768683	0.0518995	0.0314321	0.0170758	0.00832258	0.00364031	0.00142965	0.000504434	0.000160029	4.5689e-05	1.17516e-05	2.72618e-06	5.71133e-07	1.082e-07	1.85629e-08	2.88826e-09	4.08189e-10	5.24807e-11	6.14807e-12	6.57314e-13	6.42385e-14	5.74777e-15	4.71599e-16	3.55382e-17	2.46343e-18	1.57314e-19	9.26894e-21	5.04646e-22	2.54318e-23	1.18969e-24	5.21625e-26	2.26883e-27	1.50464e-28	
Carex_glacialis	0	0	0	0	0	0	0	0	0	0	0	0	0	0	0	0	1	0	0	0	0	0	0	0	0	0	0	0	0	0	0	0	0	0	0	0	0	0	0	0	0	0	0	0	0	0	0	0	0	0	0	0	0	0	0	0	0	0	0	0	0	0	
N64	6.81379e-09	1.42638e-08	4.72939e-08	1.80393e-07	7.05183e-07	2.6874e-06	9.73003e-06	3.29839e-05	0.000103782	0.000301481	0.000805844	0.00197764	0.00444947	0.00916827	0.0172887	0.0298194	0.0470238	0.0677783	0.089274	0.107439	0.118134	0.118677	0.108933	0.0913705	0.070047	0.0490921	0.031463	0.0184462	0.00989705	0.00486175	0.00218769	0.000902245	0.000341245	0.000118437	3.7747e-05	1.10552e-05	2.97755e-06	7.38089e-07	1.68526e-07	3.54733e-08	6.88951e-09	1.23571e-09	2.0487e-10	3.14253e-11	4.46404e-12	5.87809e-13	7.18161e-14	8.14901e-15	8.5962e-16	8.4382e-17	7.71536e-18	6.57731e-19	5.23292e-20	3.88922e-21	2.70282e-22	1.75801e-23	1.07124e-24	6.12151e-26	3.28633e-27	1.67085e-28	8.55105e-30	6.97735e-31	
Carex_pilulifera	0	0	0	0	0	0	0	0	1	0	0	0	0	0	0	0	0	0	0	0	0	0	0	0	0	0	0	0	0	0	0	0	0	0	0	0	0	0	0	0	0	0	0	0	0	0	0	0	0	0	0	0	0	0	0	0	0	0	0	0	0	0	
Carex_humilis	0	0	0	0	0	0	0	0	0	0	0	0	0	0	0	0	0	1	0	0	0	0	0	0	0	0	0	0	0	0	0	0	0	0	0	0	0	0	0	0	0	0	0	0	0	0	0	0	0	0	0	0	0	0	0	0	0	0	0	0	0	0	
N65	1.81412e-37	1.2552e-35	1.14071e-33	1.02318e-31	8.67865e-30	6.77006e-28	4.76175e-26	2.97982e-24	1.64433e-22	7.95114e-21	3.35287e-19	1.22798e-17	3.89192e-16	1.06373e-14	2.49873e-13	5.02763e-12	8.63565e-11	1.26195e-09	1.56361e-08	1.63709e-07	1.44345e-06	1.06821e-05	6.61297e-05	0.000341372	0.00146488	0.00521002	0.0153158	0.0371197	0.0740045	0.121131	0.162521	0.178523	0.160423	0.117889	0.0708528	0.0348461	0.0140378	0.00463889	0.0012598	0.000281798	5.20529e-05	7.96313e-06	1.01212e-06	1.07244e-07	9.50743e-09	7.07818e-10	4.44238e-11	2.35962e-12	1.0649e-13	4.09952e-15	1.35151e-16	3.83047e-18	9.36918e-20	1.98519e-21	3.65727e-23	5.87961e-25	8.27883e-27	1.0251e-28	1.12259e-30	1.10088e-32	1.00609e-34	1.13744e-36	
Carex_atrofusca	0	0	0	0	0	0	0	0	0	0	0	0	0	0	0	0	0	0	1	0	0	0	0	0	0	0	0	0	0	0	0	0	0	0	0	0	0	0	0	0	0	0	0	0	0	0	0	0	0	0	0	0	0	0	0	0	0	0	0	0	0	0	
N66	1.39891e-43	2.31154e-41	5.61756e-39	1.22983e-36	2.36181e-34	3.94097e-32	5.67431e-30	7.01127e-28	7.40044e-26	6.64558e-24	5.05822e-22	3.25171e-20	1.7595e-18	7.98695e-17	3.03154e-15	9.59046e-14	2.52083e-12	5.48828e-11	9.86777e-10	1.46093e-08	1.77607e-07	1.7683e-06	1.43821e-05	9.53331e-05	0.000513897	0.00224836	0.00796997	0.0228555	0.0529571	0.0990433	0.149412	0.181728	0.17819	0.140878	0.0898491	0.046263	0.0192517	0.00648353	0.00176999	0.000392433	7.08146e-05	1.04247e-05	1.25514e-06	1.23936e-07	1.00654e-08	6.74378e-10	3.73914e-11	1.72123e-12	6.59982e-14	2.11499e-15	5.68378e-17	1.28528e-18	2.454e-20	3.96957e-22	5.4586e-24	6.40249e-26	6.42682e-28	5.53938e-30	4.11334e-32	2.64202e-34	1.49235e-36	1.04636e-38	
N67	3.69649e-39	2.68719e-37	2.93955e-35	3.26147e-33	3.37571e-31	3.15096e-29	2.61272e-27	1.90899e-25	1.22248e-23	6.83229e-22	3.32008e-20	1.39781e-18	5.08109e-17	1.58916e-15	4.26149e-14	9.76356e-13	1.90441e-11	3.15109e-10	4.40704e-09	5.19116e-08	5.13179e-07	4.24275e-06	2.92366e-05	0.000167374	0.000793567	0.00310714	0.01002	0.0265507	0.0576901	0.102615	0.149224	0.177255	0.171904	0.136111	0.0880227	0.0465323	0.0201334	0.00714166	0.00208102	0.000499306	9.89061e-05	1.62221e-05	2.20991e-06	2.50882e-07	2.38169e-08	1.89747e-09	1.27326e-10	7.22297e-12	3.47679e-13	1.42533e-14	4.99486e-16	1.50172e-17	3.88747e-19	8.69544e-21	1.6864e-22	2.84539e-24	4.19048e-26	5.40425e-28	6.12385e-30	6.12993e-32	5.57472e-34	6.66863e-36	
N68	7.38373e-22	5.7765e-21	6.34097e-20	7.88139e-19	1.0189e-17	1.29585e-16	1.57066e-15	1.78357e-14	1.87997e-13	1.82949e-12	1.63797e-11	1.34569e-10	1.01222e-09	6.9567e-09	4.35954e-08	2.48598e-07	1.28725e-06	6.03949e-06	2.5618e-05	9.80181e-05	0.000337496	0.00104327	0.00288827	0.00714401	0.0157493	0.0308719	0.053686	0.0826445	0.112399	0.134817	0.142403	0.132308	0.108048	0.0775248	0.0488751	0.0270872	0.0132087	0.00567449	0.00215117	0.000721011	0.000214127	5.64798e-05	1.32648e-05	2.78118e-06	5.21961e-07	8.7922e-08	1.33283e-08	1.82314e-09	2.25615e-10	2.53234e-11	2.58441e-12	2.40393e-13	2.04274e-14	1.58929e-15	1.13457e-16	7.44744e-18	4.50479e-19	2.5177e-20	1.30712e-21	6.41344e-23	3.18824e-24	2.27565e-25	
N69	8.75945e-25	2.03225e-22	5.68944e-20	1.44197e-17	3.01467e-15	4.87951e-13	5.74288e-11	4.50852e-09	2.04411e-07	4.15633e-06	4.84612e-05	0.000371293	0.00201688	0.00813108	0.0250391	0.0599763	0.112955	0.1681	0.197668	0.182717	0.13133	0.0720675	0.0293325	0.00845805	0.00160116	0.000173623	8.43211e-06	2.36069e-07	4.39508e-09	5.91176e-11	6.05781e-13	4.90545e-15	3.22446e-17	1.75614e-19	8.05431e-22	3.15203e-24	1.06413e-26	3.12789e-29	8.06868e-32	1.83922e-34	3.72707e-37	6.75033e-40	1.09794e-42	1.61062e-45	2.13924e-48	2.58174e-51	2.84026e-54	2.85687e-57	2.63452e-60	2.23305e-63	1.74386e-66	1.25748e-69	8.39013e-73	5.19011e-76	2.98234e-79	1.59502e-82	7.958e-86	3.71627e-89	1.63429e-92	6.85833e-96	2.82896e-99	1.26422e-102	
Carex_capillaris	0	0	0	0	0	0	0	0	1	0	0	0	0	0	0	0	0	0	0	0	0	0	0	0	0	0	0	0	0	0	0	0	0	0	0	0	0	0	0	0	0	0	0	0	0	0	0	0	0	0	0	0	0	0	0	0	0	0	0	0	0	0	
Carex_halleriana	0	0	0	0	0	0	0	0	0	0	0	0	0	0	0	0	0	0	0	0	0	0	0	0	0	1	0	0	0	0	0	0	0	0	0	0	0	0	0	0	0	0	0	0	0	0	0	0	0	0	0	0	0	0	0	0	0	0	0	0	0	0	
Carex_baccans	0	0	0	0	0	0	0	0	0	0	0	0	0	0	0	0	0	0	0	0	0	0	1	0	0	0	0	0	0	0	0	0	0	0	0	0	0	0	0	0	0	0	0	0	0	0	0	0	0	0	0	0	0	0	0	0	0	0	0	0	0	0	
N70	1.92722e-35	8.62493e-34	5.33841e-32	3.32329e-30	1.97982e-28	1.09426e-26	5.50897e-25	2.49957e-23	1.01547e-21	3.67688e-20	1.18215e-18	3.36338e-17	8.44041e-16	1.86214e-14	3.59981e-13	6.07708e-12	8.92818e-11	1.13753e-09	1.25242e-08	1.18735e-07	9.65829e-07	6.71693e-06	3.97999e-05	0.000200246	0.000852732	0.00306411	0.00926449	0.0235111	0.0499705	0.0887913	0.13172	0.162991	0.168161	0.144663	0.103824	0.0622268	0.0311908	0.0130992	0.00461944	0.00137137	0.000343676	7.2926e-05	1.31442e-05	2.01906e-06	2.6522e-07	2.98961e-08	2.902e-09	2.43432e-10	1.77083e-11	1.12097e-12	6.19607e-14	3.00051e-15	1.2772e-16	4.79397e-18	1.59173e-19	4.68929e-21	1.22953e-22	2.87879e-24	6.04773e-26	1.15307e-27	2.08822e-29	5.0727e-31	
Carex_echinochloe	0	0	0	0	0	0	0	0	0	0	0	0	0	0	0	0	0	0	0	0	1	0	0	0	0	0	0	0	0	0	0	0	0	0	0	0	0	0	0	0	0	0	0	0	0	0	0	0	0	0	0	0	0	0	0	0	0	0	0	0	0	0	
N71	1.7008e-37	8.7744e-36	7.70812e-34	6.34716e-32	4.69914e-30	3.1105e-28	1.8357e-26	9.63498e-25	4.48657e-23	1.84889e-21	6.72583e-20	2.15425e-18	6.05936e-17	1.49273e-15	3.21211e-14	6.0211e-13	9.80508e-12	1.38334e-10	1.68626e-09	1.7712e-08	1.59886e-07	1.23717e-06	8.18533e-06	4.61959e-05	0.0002219	0.000905317	0.00313127	0.00916654	0.0226804	0.0473772	0.0834849	0.124034	0.155339	0.164013	0.146057	0.10978	0.0697156	0.0374536	0.0170481	0.0065862	0.00216376	0.000605771	0.000144846	2.96499e-05	5.20861e-06	7.87221e-07	1.02627e-07	1.15705e-08	1.13112e-09	9.61331e-11	7.12181e-12	4.61102e-13	2.6159e-14	1.30371e-15	5.72235e-17	2.21765e-18	7.60706e-20	2.31559e-21	6.27423e-23	1.52344e-24	3.45391e-26	1.1291e-27	
N72	1.32083e-29	2.02276e-28	5.38054e-27	1.57507e-25	4.45381e-24	1.17116e-22	2.83155e-21	6.26736e-20	1.26677e-18	2.33323e-17	3.90821e-16	5.94118e-15	8.17956e-14	1.01769e-12	1.14177e-11	1.15249e-10	1.04423e-09	8.47306e-09	6.14254e-08	3.96901e-07	2.28038e-06	1.16222e-05	5.24214e-05	0.00020877	0.000732489	0.00225938	0.0061147	0.0144934	0.0300382	0.0543613	0.0858095	0.118046	0.141454	0.147618	0.134179	0.106278	0.0734086	0.0442647	0.0233318	0.010767	0.00435787	0.00154998	0.000485469	0.000134196	3.28135e-05	7.11419e-06	1.37086e-06	2.35344e-07	3.60826e-08	4.9524e-09	6.09939e-10	6.7565e-11	6.7471e-12	6.08764e-13	4.97365e-14	3.68767e-15	2.48712e-16	1.53057e-17	8.64869e-19	4.57485e-20	2.43199e-21	1.80205e-22	
Carex_pendula	0	0	0	0	0	0	0	0	0	0	0	0	0	0	0	0	0	0	0	0	0	0	0	0	0	0	0	0	0	1	0	0	0	0	0	0	0	0	0	0	0	0	0	0	0	0	0	0	0	0	0	0	0	0	0	0	0	0	0	0	0	0	
N73	3.30708e-38	1.55337e-36	1.19915e-34	9.30688e-33	6.75352e-31	4.49774e-29	2.73164e-27	1.50736e-25	7.53321e-24	3.39863e-22	1.37942e-20	5.01843e-19	1.63009e-17	4.70758e-16	1.20326e-14	2.70882e-13	5.34294e-12	9.18131e-11	1.36619e-09	1.7489e-08	1.91266e-07	1.77382e-06	1.38421e-05	9.01613e-05	0.000486222	0.00215373	0.00777777	0.0227498	0.0536077	0.101363	0.153396	0.185562	0.179428	0.138848	0.0862053	0.0431097	0.017457	0.00576168	0.00156143	0.000350205	6.55332e-05	1.03136e-05	1.37574e-06	1.56687e-07	1.53431e-08	1.30017e-09	9.59215e-11	6.19589e-12	3.52231e-13	1.7709e-14	7.90966e-16	3.15165e-17	1.12469e-18	3.60762e-20	1.04375e-21	2.73258e-23	6.49479e-25	1.40663e-26	2.79193e-28	5.14515e-30	9.17613e-32	2.17289e-33	
Carex_hostiana	0	0	0	0	0	0	0	0	0	0	0	0	0	0	0	0	0	0	0	0	0	0	0	0	0	0	0	1	0	0	0	0	0	0	0	0	0	0	0	0	0	0	0	0	0	0	0	0	0	0	0	0	0	0	0	0	0	0	0	0	0	0	
Carex_viridula	0	0	0	0	0	0	0	0	0	0	0	0	0	0	0	0	0	0	0	0	0	0	0	0	0	0	0	0	0	0	0	0	0	0	1	0	0	0	0	0	0	0	0	0	0	0	0	0	0	0	0	0	0	0	0	0	0	0	0	0	0	0	
N74	5.196e-36	2.03065e-34	1.39717e-32	9.09441e-31	5.35465e-29	2.83799e-27	1.35084e-25	5.76172e-24	2.1973e-22	7.47532e-21	2.26345e-19	6.08546e-18	1.44935e-16	3.05048e-15	5.66025e-14	9.23695e-13	1.32251e-11	1.65733e-10	1.81353e-09	1.72877e-08	1.43237e-07	1.02924e-06	6.40035e-06	3.43747e-05	0.000159148	0.000634064	0.00217042	0.00637421	0.016042	0.0345633	0.0637038	0.100389	0.135227	0.155699	0.153269	0.129056	0.093017	0.0574403	0.0304256	0.0138424	0.00541745	0.00182691	0.000531822	0.000133901	2.92182e-05	5.53732e-06	9.13423e-07	1.31445e-07	1.6539e-08	1.82377e-09	1.76659e-10	1.50667e-11	1.13404e-12	7.55037e-14	4.45698e-15	2.33795e-16	1.09228e-17	4.55575e-19	1.70142e-20	5.73401e-22	1.82819e-23	8.50866e-25	
N75	4.37473e-30	5.93255e-29	1.60453e-27	4.48901e-26	1.17834e-24	2.85944e-23	6.39271e-22	1.31424e-20	2.48045e-19	4.2907e-18	6.791e-17	9.81757e-16	1.29415e-14	1.55278e-13	1.69281e-12	1.67379e-11	1.49834e-10	1.21216e-09	8.84643e-09	5.81394e-08	3.43487e-07	1.82116e-06	8.65101e-06	3.67598e-05	0.000139512	0.000472236	0.00142378	0.0038189	0.00910286	0.0192643	0.0361683	0.0602046	0.0888104	0.116068	0.134379	0.137834	0.125286	0.100961	0.0721721	0.045801	0.0258262	0.0129531	0.00578519	0.00230378	0.000819099	0.000260395	7.41289e-05	1.89274e-05	4.34158e-06	8.96156e-07	1.66738e-07	2.80124e-08	4.25675e-09	5.86103e-10	7.32476e-11	8.32345e-12	8.61627e-13	8.14514e-14	7.06672e-15	5.72396e-16	4.67282e-17	5.69531e-18	
Carex_punctata	0	0	0	0	0	0	0	0	0	0	0	0	0	0	0	0	0	0	0	0	0	0	0	0	0	0	0	0	0	0	0	0	0	1	0	0	0	0	0	0	0	0	0	0	0	0	0	0	0	0	0	0	0	0	0	0	0	0	0	0	0	0	
Carex_hochstetteriana	0	0	0	0	0	0	0	0	0	0	0	0	0	0	0	0	0	0	0	0	0	0	0	0	0	0	0	0	0	0	0	0	0	0	0	0	0	1	0	0	0	0	0	0	0	0	0	0	0	0	0	0	0	0	0	0	0	0	0	0	0	0	
N76	2.35008e-30	5.24627e-29	1.95645e-27	7.44418e-26	2.66039e-24	8.6898e-23	2.56789e-21	6.83389e-20	1.63339e-18	3.49858e-17	6.70194e-16	1.14594e-14	1.74555e-13	2.36411e-12	2.84138e-11	3.02473e-10	2.84654e-09	2.3638e-08	1.72892e-07	1.11182e-06	6.27536e-06	3.10361e-05	0.000134287	0.000507553	0.00167343	0.00480671	0.0120142	0.0261037	0.049258	0.0806682	0.114586	0.141119	0.150652	0.139406	0.111834	0.0778037	0.0469664	0.0246176	0.011214	0.00444413	0.00153409	0.000461897	0.000121482	2.79547e-05	5.63784e-06	9.98327e-07	1.55507e-07	2.13497e-08	2.5886e-09	2.77748e-10	2.64269e-11	2.23437e-12	1.68222e-13	1.13016e-14	6.78927e-16	3.65456e-17	1.76631e-18	7.68107e-20	3.01273e-21	1.07253e-22	3.63181e-24	1.8547e-25	
Carex_comans	0	0	0	0	0	0	0	0	0	0	0	0	0	0	0	0	0	0	0	1	0	0	0	0	0	0	0	0	0	0	0	0	0	0	0	0	0	0	0	0	0	0	0	0	0	0	0	0	0	0	0	0	0	0	0	0	0	0	0	0	0	0	
N77	1.85275e-29	3.24196e-28	1.06928e-26	3.60303e-25	1.12561e-23	3.20637e-22	8.29328e-21	1.9433e-19	4.11711e-18	7.87109e-17	1.35522e-15	2.09726e-14	2.91137e-13	3.61801e-12	4.01698e-11	3.97664e-10	3.50315e-09	2.74078e-08	1.90076e-07	1.16627e-06	6.31976e-06	3.01902e-05	0.000126932	0.000468955	0.00152022	0.00431835	0.0107359	0.0233349	0.044303	0.0734184	0.106141	0.133818	0.147105	0.141005	0.117879	0.0859837	0.0547573	0.0304692	0.0148283	0.00631877	0.0023607	0.000774344	0.000223351	5.67444e-05	1.27205e-05	2.52072e-06	4.42399e-07	6.89005e-08	9.54153e-09	1.17728e-09	1.29688e-10	1.27811e-11	1.12922e-12	8.96233e-14	6.40298e-15	4.12612e-16	2.4032e-17	1.26797e-18	6.08279e-20	2.68517e-21	1.16079e-22	7.36172e-24	
Carex_extensa	0	0	0	0	0	0	0	0	0	0	0	0	0	0	0	0	0	0	0	0	0	0	0	0	0	0	0	0	0	1	0	0	0	0	0	0	0	0	0	0	0	0	0	0	0	0	0	0	0	0	0	0	0	0	0	0	0	0	0	0	0	0	
Carex_distans	0	0	0	0	0	0	0	0	0	0	0	0	0	0	0	0	0	0	0	0	0	0	0	0	0	0	0	0	0	0	0	0	0	0	1	0	0	0	0	0	0	0	0	0	0	0	0	0	0	0	0	0	0	0	0	0	0	0	0	0	0	0	
N78	6.30957e-38	3.43998e-36	3.11449e-34	2.69595e-32	2.10999e-30	1.47911e-28	9.25383e-27	5.15288e-25	2.547e-23	1.11451e-21	4.30535e-20	1.46408e-18	4.37e-17	1.14144e-15	2.60106e-14	5.15478e-13	8.85624e-12	1.31483e-10	1.68136e-09	1.84592e-08	1.73433e-07	1.39007e-06	9.47546e-06	5.47695e-05	0.000267701	0.00110364	0.0038289	0.0111568	0.0272593	0.0557791	0.0955117	0.136806	0.163926	0.164398	0.138117	0.0973332	0.0576299	0.0287247	0.0120793	0.00429596	0.00129552	0.000332188	7.26298e-05	1.35801e-05	2.17788e-06	3.00468e-07	3.5768e-08	3.68475e-09	3.29471e-10	2.56437e-11	1.74238e-12	1.03638e-13	5.41137e-15	2.48701e-16	1.00873e-17	3.62007e-19	1.15242e-20	3.26274e-22	8.2425e-24	1.87347e-25	4.0161e-27	1.20862e-28	
N79	2.57546e-24	2.09429e-23	2.94731e-22	4.74768e-21	7.63491e-20	1.16538e-18	1.65875e-17	2.18703e-16	2.66272e-15	2.98752e-14	3.08365e-13	2.92332e-12	2.54118e-11	2.02217e-10	1.47057e-09	9.75637e-09	5.8947e-08	3.23766e-07	1.61367e-06	7.28487e-06	2.97348e-05	0.000109537	0.000363526	0.00108501	0.00290751	0.00698409	0.0150158	0.0288565	0.0495078	0.0757512	0.103284	0.125413	0.135569	0.130447	0.111745	0.0852518	0.0579615	0.0351483	0.019031	0.00921196	0.00399198	0.0015511	0.000541287	0.000169945	4.80911e-05	1.22886e-05	2.84079e-06	5.95244e-07	1.13264e-07	1.96087e-08	3.09438e-09	4.45926e-10	5.87896e-11	7.10327e-12	7.87951e-13	8.03893e-14	7.5584e-15	6.56879e-16	5.31201e-17	4.08039e-18	3.20624e-19	3.61023e-20	
Carex_scirpoidea	0	0	0	0	0	0	0	0	0	0	0	0	0	0	0	0	0	0	0	0	0	0	0	0	0	0	0	0	0	0	1	0	0	0	0	0	0	0	0	0	0	0	0	0	0	0	0	0	0	0	0	0	0	0	0	0	0	0	0	0	0	0	
Carex_debilis	0	0	0	0	0	0	0	0	0	0	0	0	0	0	0	0	0	0	0	0	0	0	0	0	0	0	1	0	0	0	0	0	0	0	0	0	0	0	0	0	0	0	0	0	0	0	0	0	0	0	0	0	0	0	0	0	0	0	0	0	0	0	
N80	9.53608e-34	2.48365e-32	1.18861e-30	5.6428e-29	2.46704e-27	9.82589e-26	3.55395e-24	1.16476e-22	3.45156e-21	9.22807e-20	2.22103e-18	4.80131e-17	9.30063e-16	1.61058e-14	2.48722e-13	3.41701e-12	4.16577e-11	4.49545e-10	4.2834e-09	3.59462e-08	2.65026e-07	1.71251e-06	9.67518e-06	4.7684e-05	0.000204566	0.000762369	0.00246359	0.00689185	0.016667	0.0348048	0.0627062	0.0974155	0.130461	0.150624	0.149976	0.128868	0.0956452	0.0613878	0.03412	0.0164488	0.00689013	0.00251255	0.000799237	0.000222245	5.41425e-05	1.15816e-05	2.18031e-06	3.62066e-07	5.31595e-08	6.91678e-09	7.99387e-10	8.22493e-11	7.55111e-12	6.19956e-13	4.56181e-14	3.01497e-15	1.79371e-16	9.62989e-18	4.68441e-19	2.09119e-20	9.11793e-22	5.76798e-23	
N81	3.1318e-30	4.7283e-29	1.37746e-27	4.1599e-26	1.17737e-24	3.06913e-23	7.33785e-22	1.60574e-20	3.21051e-19	5.85492e-18	9.72216e-17	1.46737e-15	2.00948e-14	2.49241e-13	2.79496e-12	2.82859e-11	2.57886e-10	2.11435e-09	1.55616e-08	1.02638e-07	6.05611e-07	3.1915e-06	1.49973e-05	6.27444e-05	0.000233367	0.000770544	0.0022557	0.00584744	0.0134082	0.0271688	0.0486062	0.0767226	0.106787	0.131006	0.141624	0.134901	0.113231	0.0837723	0.0546527	0.0314606	0.0159922	0.00718533	0.00285671	0.00100626	0.000314469	8.73216e-05	2.15794e-05	4.75408e-06	9.3534e-07	1.64642e-07	2.59771e-08	3.68084e-09	4.69292e-10	5.39408e-11	5.60028e-12	5.2621e-13	4.48344e-14	3.47128e-15	2.45038e-16	1.59502e-17	1.02491e-18	1.01663e-19	
Carex_grayi	0	0	0	0	0	0	0	0	0	0	0	0	0	0	0	0	0	0	0	0	0	0	0	0	0	1	0	0	0	0	0	0	0	0	0	0	0	0	0	0	0	0	0	0	0	0	0	0	0	0	0	0	0	0	0	0	0	0	0	0	0	0	
N82	1.31612e-39	4.7073e-38	3.05426e-36	1.91578e-34	1.10764e-32	5.87357e-31	2.85073e-29	1.26395e-27	5.1095e-26	1.87945e-24	6.27748e-23	1.89986e-21	5.19855e-20	1.28319e-18	2.85059e-17	5.68567e-16	1.0157e-14	1.62103e-13	2.30536e-12	2.91385e-11	3.26438e-10	3.23257e-09	2.82159e-08	2.16476e-07	1.45563e-06	8.55399e-06	4.38044e-05	0.000194922	0.000751594	0.00250442	0.00719294	0.0177632	0.0376343	0.068271	0.105865	0.140139	0.15822	0.152279	0.124935	0.0874134	0.0522048	0.0266476	0.0116458	0.00436674	0.00140819	0.000391596	9.41736e-05	1.96446e-05	3.56561e-06	5.64918e-07	7.83777e-08	9.55324e-09	1.02623e-09	9.74633e-11	8.20881e-12	6.14996e-13	4.11052e-14	2.45821e-15	1.31972e-16	6.41262e-18	2.9831e-19	2.12285e-20	
Carex_saxatilis	0	0	0	0	0	0	0	0	0	0	0	0	0	0	0	0	0	0	0	0	0	0	0	0	0	0	0	0	0	0	0	0	0	0	0	0	0	0	1	0	0	0	0	0	0	0	0	0	0	0	0	0	0	0	0	0	0	0	0	0	0	0	
N83	1.76955e-140	1.1113e-135	8.39365e-131	5.95567e-126	3.85394e-121	2.26379e-116	1.20428e-111	5.78933e-107	2.50926e-102	9.78167e-98	3.42054e-93	1.06997e-88	2.98496e-84	7.40258e-80	1.62626e-75	3.15289e-71	5.37225e-67	8.00901e-63	1.03954e-58	1.1684e-54	1.1304e-50	9.35101e-47	6.56492e-43	3.87861e-39	1.90995e-35	7.75273e-32	2.56081e-28	6.77922e-25	1.41234e-21	2.26445e-18	2.71725e-15	2.35399e-12	1.40298e-09	5.37449e-07	0.000119325	0.0128572	0.457325	0.511499	0.0179892	0.000208858	1.1769e-06	3.84386e-09	8.06999e-12	1.16574e-14	1.2159e-17	9.493e-21	5.70493e-24	2.69858e-27	1.02328e-30	3.15819e-34	8.03667e-38	1.705e-41	3.04486e-45	4.61613e-49	5.98561e-53	6.68288e-57	6.46345e-61	5.44555e-65	4.02034e-69	2.62696e-73	1.57112e-77	1.00677e-81	
Carex_membranacea	0	0	0	0	0	0	0	0	0	0	0	0	0	0	0	0	0	0	0	0	0	0	0	0	0	0	0	0	0	0	0	0	0	0	0	0	0	1	0	0	0	0	0	0	0	0	0	0	0	0	0	0	0	0	0	0	0	0	0	0	0	0	
Carex_rostrata	0	0	0	0	0	0	0	0	0	0	0	0	0	0	0	0	0	0	0	0	0	0	0	0	0	0	0	0	0	0	0	0	0	0	0	0	1	0	0	0	0	0	0	0	0	0	0	0	0	0	0	0	0	0	0	0	0	0	0	0	0	0	
N84	2.06355e-34	5.98639e-33	3.18928e-31	1.63622e-29	7.65159e-28	3.24213e-26	1.24196e-24	4.29264e-23	1.33607e-21	3.73728e-20	9.37612e-19	2.10545e-17	4.22307e-16	7.55045e-15	1.20082e-13	1.69528e-12	2.12014e-11	2.34401e-10	2.28637e-09	1.96362e-08	1.48201e-07	9.81075e-07	5.68616e-06	2.88033e-05	0.000127307	0.000490194	0.00164197	0.00477829	0.0120662	0.0264129	0.0500756	0.0821661	0.116624	0.14314	0.151896	0.139367	0.110588	0.0759241	0.0451283	0.023242	0.0103822	0.00402723	0.00135835	0.000398983	0.000102221	2.28839e-05	4.48468e-06	7.70887e-07	1.16463e-07	1.54962e-08	1.81982e-09	1.89033e-10	1.74061e-11	1.42388e-12	1.03707e-13	6.73989e-15	3.91702e-16	2.04027e-17	9.55131e-19	4.05036e-20	1.64115e-21	9.98926e-23	
N85	4.54434e-29	7.22552e-28	2.14421e-26	6.64962e-25	1.93114e-23	5.13869e-22	1.24606e-20	2.74654e-19	5.49185e-18	9.94265e-17	1.62666e-15	2.40026e-14	3.1881e-13	3.80421e-12	4.07004e-11	3.89659e-10	3.33175e-09	2.53937e-08	1.72196e-07	1.03695e-06	5.53546e-06	2.61489e-05	0.000109129	0.000401725	0.00130252	0.00371466	0.00930668	0.0204614	0.0394392	0.0665925	0.098435	0.127321	0.144062	0.142577	0.123434	0.093501	0.061999	0.036009	0.0183333	0.00819014	0.00321406	0.00110938	0.000337276	9.04556e-05	2.14362e-05	4.49659e-06	8.3644e-07	1.38239e-07	2.03385e-08	2.66913e-09	3.13088e-10	3.28928e-11	3.10147e-12	2.63005e-13	2.00993e-14	1.3871e-15	8.66215e-17	4.90499e-18	2.52533e-19	1.19185e-20	5.45783e-22	3.83424e-23	
Carex_rariflora	0	0	0	0	0	0	0	0	0	0	0	0	0	0	0	0	0	0	0	0	0	0	0	0	0	1	0	0	0	0	0	0	0	0	0	0	0	0	0	0	0	0	0	0	0	0	0	0	0	0	0	0	0	0	0	0	0	0	0	0	0	0	
Carex_magellanica	0	0	0	0	0	0	0	0	0	0	0	0	0	0	0	0	0	0	0	0	0	0	0	0	0	0	0	0	1	0	0	0	0	0	0	0	0	0	0	0	0	0	0	0	0	0	0	0	0	0	0	0	0	0	0	0	0	0	0	0	0	0	
N86	1.61587e-40	6.66245e-39	4.87989e-37	3.45882e-35	2.25595e-33	1.34617e-31	7.33245e-30	3.6381e-28	1.64082e-26	6.71228e-25	2.485e-23	8.30672e-22	2.50121e-20	6.76747e-19	1.64123e-17	3.55847e-16	6.87951e-15	1.18271e-13	1.80315e-12	2.43102e-11	2.89004e-10	3.02077e-09	2.76788e-08	2.21668e-07	1.54701e-06	9.38028e-06	4.92705e-05	0.000223529	0.000873397	0.00293096	0.00842506	0.0206923	0.0433222	0.0771573	0.116689	0.149636	0.162532	0.149439	0.116293	0.0766236	0.0427826	0.0202704	0.00816484	0.00280225	0.000821642	0.000206418	4.45733e-05	8.3007e-06	1.33772e-06	1.87222e-07	2.28359e-08	2.43605e-09	2.28072e-10	1.88044e-11	1.36996e-12	8.84766e-14	5.0816e-15	2.60361e-16	1.19414e-17	4.94027e-19	1.94027e-20	1.14925e-21	
Carex_shimidzensis	0	0	0	0	0	0	0	0	0	0	0	0	0	0	0	0	0	0	0	0	0	0	0	0	0	0	0	0	0	0	0	0	0	1	0	0	0	0	0	0	0	0	0	0	0	0	0	0	0	0	0	0	0	0	0	0	0	0	0	0	0	0	
N87	1.29396e-79	1.74652e-76	2.99606e-73	4.7297e-70	6.73815e-67	8.62981e-64	9.90673e-61	1.01628e-57	9.28678e-55	7.53419e-52	5.40748e-49	3.4208e-46	1.8999e-43	9.22575e-41	3.89974e-38	1.42827e-35	4.51004e-33	1.22141e-30	2.82112e-28	5.52416e-26	9.11212e-24	1.2575e-21	1.44127e-19	1.36112e-17	1.0502e-15	6.55972e-14	3.28429e-12	1.30405e-10	4.05913e-09	9.78253e-08	1.80113e-06	2.49756e-05	0.000256929	0.00193026	0.010423	0.0398272	0.10616	0.195084	0.245225	0.210298	0.123405	0.0499579	0.0141223	0.0028288	0.000407965	4.30581e-05	3.37968e-06	2.00346e-07	9.10125e-09	3.2119e-10	8.91807e-12	1.97122e-13	3.50652e-15	5.07062e-17	6.01627e-19	5.90761e-21	4.83924e-23	3.33155e-25	1.94128e-27	9.65398e-30	4.2035e-32	2.19083e-34	
N88	2.30355e-93	8.13962e-90	3.29621e-86	1.21865e-82	4.09532e-79	1.24747e-75	3.43429e-72	8.51848e-69	1.89751e-65	3.78258e-62	6.72312e-59	1.06126e-55	1.48155e-52	1.82098e-49	1.96112e-46	1.84111e-43	1.4984e-40	1.05089e-37	6.31071e-35	3.22232e-32	1.38852e-29	5.00798e-27	1.49835e-24	3.68262e-22	7.35582e-20	1.18007e-17	1.50081e-15	1.49149e-13	1.13982e-11	6.57983e-10	2.8126e-08	8.70649e-07	1.9038e-05	0.000286066	0.00286612	0.018549	0.0751743	0.185928	0.276596	0.247633	0.135256	0.0460655	0.0100392	0.00143857	0.000139244	9.34222e-06	4.45106e-07	1.54007e-08	3.95001e-10	7.65195e-12	1.13885e-13	1.32254e-15	1.21541e-17	8.95323e-20	5.34882e-22	2.61938e-24	1.06181e-26	3.59497e-29	1.02502e-31	2.4806e-34	5.16799e-37	1.22893e-39	
Carex_nigra	0	0	0	0	0	0	0	0	0	0	0	0	0	0	0	0	0	0	0	0	0	0	0	0	0	0	0	0	0	0	0	0	0	0	0	0	0	0	0	0	1	0	0	0	0	0	0	0	0	0	0	0	0	0	0	0	0	0	0	0	0	0	
N89	2.76701e-104	2.5081e-100	2.463e-96	2.19889e-92	1.77799e-88	1.29828e-84	8.53434e-81	5.03387e-77	2.65486e-73	1.24729e-69	5.1993e-66	1.91482e-62	6.20207e-59	1.7581e-55	4.33869e-52	9.26873e-49	1.70358e-45	2.67607e-42	3.56688e-39	4.00234e-36	3.74833e-33	2.90241e-30	1.83891e-27	9.42445e-25	3.85754e-22	1.24325e-19	3.10528e-17	5.90449e-15	8.37616e-13	8.66472e-11	6.36789e-09	3.22733e-07	1.09025e-05	0.000236175	0.00314135	0.0244789	0.106668	0.25036	0.311576	0.208061	0.0768764	0.0163384	0.00207944	0.000164771	8.42871e-06	2.87754e-07	6.75728e-09	1.12163e-10	1.34865e-12	1.20084e-14	8.07597e-17	4.17589e-19	1.68692e-21	5.40127e-24	1.38874e-26	2.90137e-29	4.97863e-32	7.08594e-35	8.44021e-38	8.48323e-41	7.26938e-44	6.62175e-47	
Carex_aquatilis_var_minor	0	0	0	0	0	0	0	0	0	0	0	0	0	0	0	0	0	0	0	0	0	0	0	0	0	0	0	0	0	0	0	0	0	0	0	0	0	1	0	0	0	0	0	0	0	0	0	0	0	0	0	0	0	0	0	0	0	0	0	0	0	0	
N90	2.82075e-108	3.34633e-104	4.22251e-100	4.85482e-96	5.06964e-92	4.79445e-88	4.09393e-84	3.14616e-80	2.16852e-76	1.33567e-72	7.32284e-69	3.5586e-65	1.52594e-61	5.74568e-58	1.88979e-54	5.39868e-51	1.33134e-47	2.81516e-44	5.06704e-41	7.70116e-38	9.79663e-35	1.03296e-31	8.93072e-29	6.25536e-26	3.50206e-23	1.5435e-20	5.26414e-18	1.36231e-15	2.61567e-13	3.63051e-11	3.53436e-09	2.32946e-07	9.97107e-06	0.000263936	0.00408002	0.0345121	0.149208	0.31154	0.308401	0.149243	0.037242	0.00507913	0.000400281	1.91807e-05	5.84848e-07	1.18131e-08	1.63746e-10	1.60665e-12	1.14659e-14	6.09533e-17	2.46496e-19	7.72523e-22	1.90747e-24	3.76554e-27	6.02173e-30	7.89337e-33	8.57178e-36	7.78627e-39	5.96812e-42	3.89104e-45	2.17679e-48	1.2642e-51	
Carex_aquatilis_var_aquatilis	0	0	0	0	0	0	0	0	0	0	0	0	0	0	0	0	0	0	0	0	0	0	0	0	0	0	0	0	0	0	0	0	0	0	0	0	0	1	0	0	0	0	0	0	0	0	0	0	0	0	0	0	0	0	0	0	0	0	0	0	0	0	
N91	9.83636e-133	8.52166e-128	7.39114e-123	5.78205e-118	4.0677e-113	2.56581e-108	1.44654e-103	7.26444e-99	3.23786e-94	1.27588e-89	4.42624e-85	1.34578e-80	3.56867e-76	8.20985e-72	1.62917e-67	2.77129e-63	4.01338e-59	4.91125e-55	5.0366e-51	4.28923e-47	3.00268e-43	1.70847e-39	7.80098e-36	2.81773e-32	7.92072e-29	1.70066e-25	2.72942e-22	3.19272e-19	2.64215e-16	1.49281e-13	5.51519e-11	1.26331e-08	1.67807e-06	0.000118645	0.00399486	0.0555598	0.272345	0.428565	0.203418	0.0336405	0.00228322	7.26464e-05	1.20237e-06	1.12402e-08	6.34173e-11	2.27959e-13	5.46008e-16	9.04782e-19	1.07075e-21	9.29875e-25	6.06599e-28	3.03346e-31	1.18371e-34	3.66115e-38	9.10055e-42	1.84058e-45	3.06253e-49	4.23411e-53	4.90796e-57	4.80884e-61	4.01458e-65	3.24881e-69	
Carex_paleacea	0	0	0	0	0	0	0	0	0	0	0	0	0	0	0	0	0	0	0	0	0	0	0	0	0	0	0	0	0	0	0	0	0	0	0	1	0	0	0	0	0	0	0	0	0	0	0	0	0	0	0	0	0	0	0	0	0	0	0	0	0	0	
N92	2.21372e-134	2.00402e-129	1.8116e-124	1.48187e-119	1.09371e-114	7.26237e-110	4.32513e-105	2.30263e-100	1.09198e-95	4.59529e-91	1.70898e-86	5.59194e-82	1.60218e-77	3.99879e-73	8.64487e-69	1.6089e-64	2.56039e-60	3.45843e-56	3.93276e-52	3.73107e-48	2.92358e-44	1.8709e-40	9.65482e-37	3.96065e-33	1.27063e-29	3.12859e-26	5.78496e-23	7.83081e-20	7.52949e-17	4.95978e-14	2.1418e-11	5.74214e-09	8.92481e-07	7.36679e-05	0.00288317	0.0463177	0.259154	0.443903	0.212011	0.0334981	0.00209772	6.01541e-05	8.83785e-07	7.26649e-09	3.58752e-11	1.126e-13	2.3545e-16	3.41022e-19	3.5351e-22	2.69662e-25	1.55018e-28	6.85533e-32	2.3744e-35	6.54328e-39	1.45477e-42	2.64193e-46	3.96249e-50	4.95729e-54	5.21956e-58	4.6629e-62	3.56185e-66	2.62133e-70	
Carex_aquatilis	0	0	0	0	0	0	0	0	0	0	0	0	0	0	0	0	0	0	0	0	0	0	0	0	0	0	0	0	0	0	0	0	0	0	0	0	0	1	0	0	0	0	0	0	0	0	0	0	0	0	0	0	0	0	0	0	0	0	0	0	0	0	
Carex_recta	0	0	0	0	0	0	0	0	0	0	0	0	0	0	0	0	0	0	0	0	0	0	0	0	0	0	0	0	0	0	0	0	0	0	0	0	0	1	0	0	0	0	0	0	0	0	0	0	0	0	0	0	0	0	0	0	0	0	0	0	0	0	
N93	5.90546e-78	6.47032e-75	9.02904e-72	1.15469e-68	1.34142e-65	1.41162e-62	1.34182e-59	1.14866e-56	8.82768e-54	6.07028e-51	3.72175e-48	2.02693e-45	9.76712e-43	4.14668e-40	1.54418e-37	5.0198e-35	1.4173e-32	3.45673e-30	7.2406e-28	1.29446e-25	1.96204e-23	2.50336e-21	2.668e-19	2.35557e-17	1.70754e-15	1.00654e-13	4.77497e-12	1.80277e-10	5.35218e-09	1.23359e-07	2.17734e-06	2.90099e-05	0.000287424	0.00208554	0.0109158	0.0406251	0.106147	0.192768	0.241788	0.209096	0.12506	0.0521248	0.0153101	0.00321247	0.000488842	5.47964e-05	4.5957e-06	2.92773e-07	1.43729e-08	5.51181e-10	1.67221e-11	4.06128e-13	7.98313e-15	1.28302e-16	1.70185e-18	1.87943e-20	1.742e-22	1.36535e-24	9.11261e-27	5.21628e-29	2.61467e-31	1.61824e-33	
Carex_kiotensis	0	0	0	0	0	0	0	0	0	0	0	0	0	0	0	0	0	0	0	0	0	0	0	0	0	0	0	0	0	0	0	0	0	0	0	0	1	0	0	0	0	0	0	0	0	0	0	0	0	0	0	0	0	0	0	0	0	0	0	0	0	0	
Carex_heterolepis	0	0	0	0	0	0	0	0	0	0	0	0	0	0	0	0	0	0	0	0	0	0	0	0	0	0	0	0	0	0	0	0	0	0	0	0	0	0	0	1	0	0	0	0	0	0	0	0	0	0	0	0	0	0	0	0	0	0	0	0	0	0	
