NODE	1	2	3	4	5	6	7	8	9	10	11	12	13	14	15	16	17	18	19	20	21	22	23	24	25	26	27	28	29	30	31	32	33	34	35	36	37	38	39	40	41	42	43	44	45	46	47	48	49	50	51	52	53	54	55	56	57	58	59	60	61	62	
N1	0.281234	0.293095	0.23105	0.127238	0.0496643	0.0141647	0.00301307	0.000479433	5.67876e-005	4.99221e-006	3.26602e-007	1.6034e-008	5.96782e-010	1.6949e-011	3.6652e-013	1.80592e-017	1.98136e-018	1.85329e-019	1.4683e-020	9.81988e-022	5.54131e-023	2.64323e-024	1.06948e-025	3.68707e-027	1.0886e-028	2.76737e-030	6.09059e-032	1.16681e-033	1.9561e-035	2.8844e-037	3.75946e-039	4.35146e-041	4.49278e-043	4.1553e-045	3.45646e-047	2.59566e-049	1.76605e-051	1.09236e-053	6.16209e-056	3.17981e-058	1.50532e-060	6.55527e-063	2.63268e-065	9.77487e-068	3.36303e-070	1.07451e-072	3.19486e-075	8.85767e-078	2.29419e-080	5.56114e-083	1.26376e-085	2.69675e-088	5.41214e-091	1.02305e-093	1.82409e-096	3.0719e-099	4.89265e-102	7.37911e-105	1.05513e-107	1.43206e-110	1.84823e-113	2.56784e-116	
N2	0.262165	0.292037	0.223736	0.135227	0.0585489	0.021176	0.00548665	0.00134737	0.000222818	4.56409e-005	5.5102e-006	1.16364e-006	1.07946e-007	1.97612e-008	1.42323e-009	2.30802e-010	1.18815e-011	1.3626e-012	5.59248e-014	6.78316e-015	1.97257e-016	1.50332e-017	3.99427e-019	4.14242e-020	7.47778e-022	3.82029e-023	6.59137e-025	4.89946e-026	5.68173e-028	1.997e-029	2.38255e-031	1.33434e-032	1.02482e-034	2.43023e-036	1.84734e-038	7.22854e-040	3.82709e-042	7.40568e-044	4.9338e-046	1.87917e-047	7.718e-050	1.10047e-051	4.89623e-054	1.40067e-055	4.61557e-058	7.32456e-060	4.20677e-062	1.47672e-063	4.46016e-066	4.84492e-068	1.59516e-070	3.58411e-072	8.35665e-075	9.96725e-077	4.20008e-079	1.09505e-080	2.22629e-083	1.66339e-085	3.83611e-088	6.51367e-090	3.61573e-092	1.34918e-093	
N3	0.290472	0.300009	0.21139	0.120437	0.0518381	0.0189915	0.00528034	0.00129838	0.000236215	4.12888e-005	5.18457e-006	7.2177e-007	6.60866e-008	7.56871e-009	5.23399e-010	5.02179e-011	2.56957e-012	1.90789e-013	7.51752e-015	4.76779e-016	1.42483e-017	6.98956e-019	1.72971e-020	8.02756e-022	1.55315e-023	5.41801e-025	9.18265e-027	3.25458e-028	4.34534e-030	1.12458e-031	1.38557e-033	3.88288e-035	3.71896e-037	7.16467e-039	6.38194e-041	1.37358e-042	9.64637e-045	1.4638e-046	1.02287e-048	1.86028e-050	1.00623e-052	1.19119e-054	6.29274e-057	9.04029e-059	3.80394e-061	3.84501e-063	1.76432e-065	2.34094e-067	8.12193e-070	6.51916e-072	2.28257e-074	2.3517e-076	6.55055e-079	4.72745e-081	1.53376e-083	1.54504e-085	3.68426e-088	2.13926e-090	5.85492e-093	5.48064e-095	3.71011e-097	7.12302e-099	
N4	0.276909	0.29439	0.215748	0.128036	0.0567104	0.0209417	0.00568844	0.00131997	0.000219248	3.3436e-005	3.58179e-006	4.00229e-007	2.95319e-008	2.55366e-009	1.37588e-010	9.62367e-012	3.78417e-013	2.02093e-014	6.04281e-016	2.68551e-017	6.05794e-019	2.08498e-020	3.83986e-022	1.21039e-023	1.75053e-025	4.25571e-027	5.34053e-029	1.27262e-030	1.27841e-032	2.313e-034	2.12152e-036	3.96881e-038	2.89056e-040	3.91329e-042	2.62298e-044	3.76308e-046	2.02437e-048	2.14764e-050	1.121e-052	1.3397e-054	5.54577e-057	4.61927e-059	1.83858e-061	1.75112e-063	5.65232e-066	3.97582e-068	1.34571e-070	1.16358e-072	3.08807e-075	1.75686e-077	4.65096e-080	3.19915e-082	6.88587e-085	3.47565e-087	8.33971e-090	5.48158e-092	1.01543e-094	4.25096e-097	9.18722e-100	5.99151e-102	3.15331e-104	4.03149e-106	
N5	0.209752	0.264225	0.236915	0.16703	0.0817773	0.0308592	0.00768321	0.00153654	0.000196765	2.31578e-005	1.69924e-006	1.42038e-007	6.63352e-009	4.15606e-010	1.34126e-011	6.66032e-013	1.47923e-014	5.25988e-016	8.66653e-018	2.6275e-019	3.13581e-021	6.90212e-023	6.8004e-025	1.50565e-026	1.11434e-028	1.70262e-030	1.12443e-032	1.91229e-034	9.60453e-037	1.08081e-038	5.20136e-041	7.02466e-043	2.51074e-045	2.06138e-047	7.031e-050	7.11505e-052	1.84975e-054	1.19823e-056	3.24946e-059	2.82926e-061	5.61894e-064	2.77991e-066	5.50738e-069	3.69892e-071	5.63838e-074	2.44827e-076	4.41334e-079	2.89127e-081	3.63333e-084	1.21145e-086	1.5717e-089	7.66941e-092	7.64191e-095	2.41007e-097	3.13619e-100	1.59629e-102	1.38185e-105	3.33333e-108	3.32601e-111	1.42454e-113	3.6189e-116	2.99097e-118	
N6	0.0953618	0.17847	0.244651	0.245057	0.153259	0.0644716	0.0156501	0.00276505	0.000286543	2.68204e-005	1.47654e-006	9.67288e-008	3.30212e-009	1.57191e-010	3.61639e-012	1.32904e-013	2.05791e-015	5.31418e-017	6.11433e-019	1.4037e-020	1.17643e-022	1.94814e-024	1.39456e-026	2.47721e-028	1.33676e-030	1.56624e-032	7.69258e-035	1.04002e-036	3.85169e-039	3.32119e-041	1.19351e-043	1.28097e-045	3.38334e-048	2.13274e-050	5.3974e-053	4.37325e-055	8.39081e-058	4.28868e-060	8.9201e-063	6.54881e-065	9.79646e-068	3.85123e-070	5.83023e-073	3.29927e-075	3.81854e-078	1.37891e-080	2.02897e-083	1.17024e-085	1.15488e-088	3.13898e-091	3.23423e-094	1.33829e-096	1.05006e-099	2.76279e-102	2.95435e-105	1.30447e-107	9.00173e-111	1.78407e-113	1.41463e-116	5.05392e-119	9.87864e-122	6.79521e-124	
Fimbristylis_autumnalis	0	0	0	0	1	0	0	0	0	0	0	0	0	0	0	0	0	0	0	0	0	0	0	0	0	0	0	0	0	0	0	0	0	0	0	0	0	0	0	0	0	0	0	0	0	0	0	0	0	0	0	0	0	0	0	0	0	0	0	0	0	0	
Fimbristylis_complanata	0	0	0	0	1	0	0	0	0	0	0	0	0	0	0	0	0	0	0	0	0	0	0	0	0	0	0	0	0	0	0	0	0	0	0	0	0	0	0	0	0	0	0	0	0	0	0	0	0	0	0	0	0	0	0	0	0	0	0	0	0	0	
N7	0.000777958	0.0103278	0.0695333	0.312084	0.484769	0.114032	0.00817812	0.000292513	5.35963e-006	7.00207e-008	5.54878e-010	3.91264e-012	1.73098e-014	7.88948e-017	2.24594e-019	7.36484e-022	1.42339e-024	3.37761e-027	4.74786e-030	8.97765e-033	9.37963e-036	1.3696e-038	1.15071e-041	1.47783e-044	9.80184e-048	9.87131e-051	5.58789e-054	5.21899e-057	2.38545e-060	1.7509e-063	7.12784e-067	5.10264e-070	1.68234e-073	9.25703e-077	2.76044e-080	1.52673e-083	3.73378e-087	1.61817e-090	3.75802e-094	1.73325e-097	3.30229e-101	1.14583e-104	2.08049e-108	7.77221e-112	1.17774e-115	3.44089e-119	5.28695e-123	1.75211e-126	2.20876e-130	5.31369e-134	6.59312e-138	1.76697e-141	1.8368e-145	3.83321e-149	4.17974e-153	1.02828e-156	9.17888e-161	1.64152e-164	1.72812e-168	4.58432e-172	1.10035e-175	4.67146e-179	
Fimbristylis_aestivalis	0	0	0	0	1	0	0	0	0	0	0	0	0	0	0	0	0	0	0	0	0	0	0	0	0	0	0	0	0	0	0	0	0	0	0	0	0	0	0	0	0	0	0	0	0	0	0	0	0	0	0	0	0	0	0	0	0	0	0	0	0	0	
Fimbristylis_squarrosa	0	0	0	0	1	0	0	0	0	0	0	0	0	0	0	0	0	0	0	0	0	0	0	0	0	0	0	0	0	0	0	0	0	0	0	0	0	0	0	0	0	0	0	0	0	0	0	0	0	0	0	0	0	0	0	0	0	0	0	0	0	0	
Fimbristylis_ovata	0	0	0	0	1	0	0	0	0	0	0	0	0	0	0	0	0	0	0	0	0	0	0	0	0	0	0	0	0	0	0	0	0	0	0	0	0	0	0	0	0	0	0	0	0	0	0	0	0	0	0	0	0	0	0	0	0	0	0	0	0	0	
N8	0.0518091	0.106292	0.167818	0.20844	0.190968	0.146421	0.0808251	0.0348362	0.0099166	0.00226987	0.000349697	4.91957e-005	4.78887e-006	4.94005e-007	3.75987e-008	3.55457e-009	2.38197e-010	1.94783e-011	1.01427e-012	6.38259e-014	2.3204e-015	1.03847e-016	2.745e-018	9.60254e-020	1.85026e-021	4.78788e-023	7.26102e-025	1.58843e-026	1.8617e-028	3.14256e-030	3.11446e-032	4.79339e-034	3.83116e-036	4.6596e-038	3.32933e-040	3.95393e-042	2.43938e-044	2.5242e-046	1.64039e-048	2.06289e-050	1.40301e-052	1.71421e-054	1.25005e-056	1.65481e-058	1.02894e-060	1.07587e-062	6.23438e-065	6.5602e-067	3.03161e-069	2.3526e-071	9.95287e-074	7.73509e-076	2.66405e-078	1.60351e-080	5.31926e-083	3.38031e-085	9.18118e-088	4.47506e-090	1.41903e-092	9.77894e-095	6.48917e-097	7.66978e-099	
Bulbostylis_barbata	0	0	0	0	1	0	0	0	0	0	0	0	0	0	0	0	0	0	0	0	0	0	0	0	0	0	0	0	0	0	0	0	0	0	0	0	0	0	0	0	0	0	0	0	0	0	0	0	0	0	0	0	0	0	0	0	0	0	0	0	0	0	
N9	0.000656601	0.00544053	0.0284678	0.108078	0.156976	0.194278	0.226094	0.199442	0.0624742	0.0146021	0.0027421	0.000587031	9.44163e-005	4.65728e-005	1.48055e-005	5.92515e-006	7.35223e-007	1.08734e-007	5.4664e-009	3.97826e-010	9.59515e-012	7.23089e-013	4.53398e-014	6.99266e-015	2.96665e-016	2.30289e-017	6.44569e-019	4.97432e-020	2.75356e-021	9.90329e-022	1.51657e-022	5.66961e-023	4.20674e-024	5.87996e-025	2.63714e-026	2.95735e-027	6.37459e-029	2.83786e-030	4.11216e-032	1.62413e-033	1.08534e-035	1.49853e-037	6.44564e-040	8.24337e-042	1.83636e-044	1.04312e-046	2.06756e-049	1.40224e-051	1.47694e-054	3.86865e-057	3.46368e-060	1.15796e-062	6.68267e-066	1.21438e-068	8.33032e-072	2.2332e-074	8.72826e-078	9.32611e-081	3.77927e-084	6.70797e-087	6.32688e-090	1.89141e-092	
N10	0.000194818	0.00159235	0.00972451	0.0416398	0.0919032	0.119526	0.184321	0.219726	0.0759347	0.0585789	0.0135665	0.0264135	0.00335861	0.021037	0.0101865	0.0753774	0.0131582	0.0262791	0.00219605	0.00374728	0.000117958	0.000116264	2.69415e-005	0.000314351	2.23186e-005	1.91505e-005	2.51697e-006	1.65517e-005	1.1169e-006	5.23562e-006	5.58267e-006	0.000282619	5.36e-005	0.000108135	2.68148e-005	0.000372586	2.12424e-005	1.46356e-005	1.56926e-006	8.55708e-006	1.38426e-007	2.49729e-008	4.02775e-010	5.03146e-010	2.4605e-012	2.76779e-013	6.71556e-015	5.40534e-015	9.97612e-018	2.54786e-019	4.84517e-022	1.2129e-022	1.13295e-025	6.25618e-027	6.07885e-029	1.64466e-029	1.02228e-032	9.5752e-035	6.65413e-038	6.92954e-039	1.79025e-041	3.61707e-042	
Bulbostylis_juncoides	0	0	0	0	0	0	0	0	0	0	0	0	0	0	0	0	0	0	0	0	0	0	0	0	0	0	0	0	0	0	0	0	0	0	0	0	0	0	0	0	0	1	0	0	0	0	0	0	0	0	0	0	0	0	0	0	0	0	0	0	0	0	
Bulbostylis_densa	0	0	0	0	0	0	0	0	0	0	0	0	0	0	0	0	0	0	0	0	0	0	0	0	0	0	0	0	0	0	0	1	0	0	0	0	0	0	0	0	0	0	0	0	0	0	0	0	0	0	0	0	0	0	0	0	0	0	0	0	0	0	
Bulbostylis_hispidula	0	0	0	0	1	0	0	0	0	0	0	0	0	0	0	0	0	0	0	0	0	0	0	0	0	0	0	0	0	0	0	0	0	0	0	0	0	0	0	0	0	0	0	0	0	0	0	0	0	0	0	0	0	0	0	0	0	0	0	0	0	0	
N11	0.013025	0.0305004	0.0618712	0.105987	0.138602	0.170519	0.171109	0.145775	0.0835772	0.0425259	0.0182754	0.0101663	0.00457114	0.00234199	0.000782676	0.00029172	6.1835e-005	1.46077e-005	1.90133e-006	2.97189e-007	2.4566e-008	2.69393e-009	1.89894e-010	2.68687e-011	3.24543e-012	7.72014e-013	1.16198e-013	2.7791e-014	3.33001e-015	6.01899e-016	6.01173e-017	9.77678e-018	7.38589e-019	8.64928e-020	5.41911e-021	5.74751e-022	2.71197e-023	2.07701e-024	8.39431e-026	6.06903e-027	1.84e-028	9.26941e-030	2.42184e-031	1.16669e-032	2.34147e-034	8.21593e-036	1.51132e-037	5.3785e-039	7.59545e-041	1.8813e-042	2.41617e-044	6.06759e-046	6.17662e-048	1.15805e-049	1.14253e-051	2.31732e-053	1.80507e-055	2.64039e-057	2.3456e-059	4.86365e-061	9.59563e-063	4.35552e-064	
Eleocharis_dulcis	0	0	0	0	0	0	0	0	0	0	0	0	0	0	0	0	0	0	0	0	0	0	0	0	0	0	0	0	0	0	0	0	0	0	0	0	0	1	0	0	0	0	0	0	0	0	0	0	0	0	0	0	0	0	0	0	0	0	0	0	0	0	
N12	0.00149447	0.00550369	0.0179227	0.0465992	0.0888861	0.142245	0.19008	0.210642	0.16296	0.0903271	0.0326506	0.00881162	0.00161155	0.000238566	2.44663e-005	2.09447e-006	1.26981e-007	6.97719e-009	3.02924e-010	1.36484e-011	4.84283e-013	1.79625e-014	4.72851e-016	1.43318e-017	2.86168e-019	7.40602e-021	1.22993e-022	2.67972e-024	3.56376e-026	5.80476e-028	6.07818e-030	7.4447e-032	5.88375e-034	5.24137e-036	3.15312e-038	2.14624e-040	9.70328e-043	5.00915e-045	1.74495e-047	7.36211e-050	1.96854e-052	6.7165e-055	1.44594e-057	4.5311e-060	7.83386e-063	2.13745e-065	3.30924e-068	9.65918e-071	1.28643e-073	3.20106e-076	4.24537e-079	1.15334e-081	1.34398e-084	2.94647e-087	3.49621e-090	7.93975e-093	8.20661e-096	1.54666e-098	2.09007e-101	5.56533e-104	1.42419e-106	5.0188e-109	
N13	8.31356e-005	0.00042077	0.00197632	0.0075813	0.0215378	0.040512	0.0618324	0.123344	0.214672	0.261994	0.178154	0.0713423	0.013934	0.00219995	0.000263708	8.75744e-005	3.42797e-005	2.06167e-005	6.27775e-006	2.4925e-006	4.47527e-007	1.05124e-007	1.08628e-008	1.55992e-009	8.84954e-011	7.32393e-012	2.55927e-013	1.58287e-014	3.51146e-016	1.40005e-017	2.42702e-019	9.09781e-021	1.09489e-022	2.55904e-024	2.62665e-026	6.19688e-028	4.5267e-030	6.67204e-032	4.34253e-034	6.85953e-036	3.25124e-038	3.21908e-040	1.38874e-042	1.54957e-044	5.03762e-047	3.65408e-049	1.14489e-051	1.0071e-053	2.37051e-056	1.29108e-058	2.93344e-061	2.02585e-063	3.57119e-066	1.64058e-068	3.20361e-071	2.0575e-073	2.95289e-076	1.078e-078	1.79794e-081	1.13717e-083	5.36171e-086	6.34451e-088	
Eleocharis_uniglumis	0	0	0	0	0	0	0	0	0	0	0	0	0	0	0	0	0	0	0	0	0	0	0	1	0	0	0	0	0	0	0	0	0	0	0	0	0	0	0	0	0	0	0	0	0	0	0	0	0	0	0	0	0	0	0	0	0	0	0	0	0	0	
Eleocharis_acicularis	0	0	0	0	0	0	0	0	0	1	0	0	0	0	0	0	0	0	0	0	0	0	0	0	0	0	0	0	0	0	0	0	0	0	0	0	0	0	0	0	0	0	0	0	0	0	0	0	0	0	0	0	0	0	0	0	0	0	0	0	0	0	
N14	0.000631054	0.00253033	0.00972246	0.0295666	0.067604	0.130328	0.202426	0.23742	0.185465	0.0957265	0.0308257	0.00671499	0.000930819	0.000100785	7.05379e-006	5.41431e-007	2.42341e-008	1.7786e-009	5.78196e-011	3.52706e-012	7.96956e-014	3.45001e-015	5.50744e-017	1.75369e-018	2.00045e-020	4.65337e-022	4.02807e-024	7.7981e-026	5.04143e-028	7.43205e-030	4.09444e-032	6.54282e-034	2.73176e-036	3.11027e-038	1.3472e-040	2.23688e-042	6.90797e-045	6.41339e-047	2.247e-049	3.22255e-051	7.53689e-054	5.3015e-056	1.38521e-058	1.53702e-060	2.74519e-063	1.49687e-065	2.99793e-068	2.65449e-070	3.68826e-073	1.5737e-075	2.40429e-078	1.70186e-080	1.87214e-083	6.60502e-086	8.30061e-089	5.10975e-091	4.51515e-094	1.29149e-096	1.30462e-099	7.23115e-102	1.68666e-104	1.91145e-106	
N15	5.31134e-006	6.14943e-005	0.000559827	0.00333771	0.0109821	0.0518757	0.201623	0.385313	0.268269	0.0695843	0.00788706	0.000483994	1.68301e-005	4.11723e-007	6.55629e-009	9.84453e-011	9.98713e-013	1.19563e-014	8.68726e-017	7.82117e-019	3.92178e-021	2.49087e-023	8.73233e-026	4.06628e-028	1.01765e-030	3.55953e-033	6.70297e-036	1.94187e-038	2.81129e-041	6.6902e-044	8.27602e-047	1.95529e-049	2.03502e-052	3.97827e-055	3.961e-058	8.19683e-061	6.72348e-064	1.03982e-066	8.09403e-070	1.31232e-072	8.14881e-076	9.53753e-079	5.56224e-082	6.94058e-085	3.25192e-088	2.95121e-091	1.31314e-094	1.31316e-097	4.71036e-101	3.38824e-104	1.16075e-107	9.52149e-111	2.6578e-114	1.58719e-117	4.41518e-121	3.20076e-124	7.1992e-128	3.65058e-131	9.44376e-135	7.80598e-138	5.62928e-141	8.12901e-144	
Eleocharis_mamillata_subsp_mamillata	0	0	0	0	0	0	0	1	0	0	0	0	0	0	0	0	0	0	0	0	0	0	0	0	0	0	0	0	0	0	0	0	0	0	0	0	0	0	0	0	0	0	0	0	0	0	0	0	0	0	0	0	0	0	0	0	0	0	0	0	0	0	
Eleocharis_compressa_var_compressa	0	0	0	0	0	0	0	0	1	0	0	0	0	0	0	0	0	0	0	0	0	0	0	0	0	0	0	0	0	0	0	0	0	0	0	0	0	0	0	0	0	0	0	0	0	0	0	0	0	0	0	0	0	0	0	0	0	0	0	0	0	0	
Eleocharis_flavescens_var_olivacea	0	0	0	0	0	0	0	0	0	1	0	0	0	0	0	0	0	0	0	0	0	0	0	0	0	0	0	0	0	0	0	0	0	0	0	0	0	0	0	0	0	0	0	0	0	0	0	0	0	0	0	0	0	0	0	0	0	0	0	0	0	0	
N16	0.0401535	0.0878669	0.144769	0.188818	0.172609	0.144504	0.0879992	0.0633214	0.0297436	0.0211737	0.00834189	0.0063368	0.00208888	0.00142302	0.000423088	0.000315302	6.99507e-005	3.34202e-005	5.6273e-006	2.6946e-006	2.85013e-007	7.04306e-008	5.9759e-009	1.66416e-009	8.48393e-011	1.06368e-011	4.41102e-013	6.7034e-014	1.75417e-015	1.3279e-016	3.48221e-018	3.84093e-019	6.01375e-021	2.65086e-022	3.78727e-024	2.41655e-025	2.28306e-027	7.52583e-029	8.85817e-031	4.98876e-032	3.33851e-034	6.78673e-036	4.50181e-038	1.47411e-039	6.68312e-042	1.18206e-043	7.66225e-046	2.49184e-047	8.6013e-050	9.39944e-052	3.31431e-054	6.16702e-056	1.50371e-058	1.48361e-060	5.27329e-063	1.07255e-064	2.05348e-067	1.38013e-069	3.09648e-072	4.42555e-074	2.64295e-076	9.00711e-078	
N17	0.014909	0.040382	0.0855761	0.141364	0.16734	0.172865	0.133597	0.101777	0.0570039	0.0390364	0.0191889	0.0143072	0.00610593	0.0041558	0.00135365	0.000790754	0.000171841	6.36246e-005	9.40997e-006	2.66233e-006	2.41387e-007	3.86436e-008	2.40586e-009	3.42024e-010	1.27832e-011	1.0204e-012	2.78582e-014	2.46644e-015	4.20447e-017	2.20815e-018	3.43226e-020	2.38731e-021	2.33056e-023	8.00967e-025	7.44449e-027	3.29992e-028	2.06317e-030	4.93054e-032	3.31091e-034	1.10658e-035	4.72717e-038	7.36698e-040	3.12901e-042	6.73229e-044	2.00136e-046	2.3895e-048	8.30494e-051	1.60619e-052	3.42954e-055	2.78026e-057	6.18785e-060	8.23107e-062	1.25399e-064	8.4684e-067	1.72998e-069	2.51973e-071	2.82843e-074	1.36991e-076	1.91963e-079	2.2916e-081	7.98224e-084	2.10367e-085	
N18	0.00469737	0.015821	0.0433988	0.0912845	0.135637	0.170742	0.162381	0.139327	0.089003	0.0620463	0.0338615	0.0254978	0.012575	0.00857321	0.00306194	0.00160358	0.000351906	0.000117224	1.53522e-005	3.71309e-006	2.6616e-007	3.9496e-008	1.72669e-009	2.2269e-010	5.45659e-012	4.05236e-013	7.12221e-015	4.98168e-016	5.26299e-018	1.9574e-019	1.70889e-021	6.72627e-023	3.59431e-025	7.00579e-027	3.27875e-029	7.50851e-031	2.27228e-033	2.70287e-035	8.24895e-038	1.43306e-039	2.77494e-042	2.20116e-044	4.59267e-047	6.35781e-049	8.64167e-052	5.42673e-054	9.74512e-057	1.36623e-058	1.30658e-061	5.68193e-064	6.79395e-067	7.24748e-069	4.97865e-072	1.80771e-074	1.99375e-077	1.94481e-079	9.86813e-083	2.41463e-085	1.69319e-088	1.19146e-090	1.52024e-093	1.70068e-095	
N19	0.00306133	0.0106409	0.0314644	0.0719385	0.116311	0.157902	0.162981	0.150938	0.101736	0.0740685	0.0409735	0.0345098	0.0171426	0.0152131	0.00504655	0.00448568	0.000795486	0.000662534	6.35778e-005	6.01535e-005	3.07467e-006	2.08734e-006	7.30473e-008	4.66802e-008	9.46396e-010	3.00962e-010	4.8742e-012	1.67734e-012	1.55681e-014	2.28509e-015	2.03885e-017	4.71596e-018	2.23065e-020	1.64434e-021	9.89803e-024	2.07137e-024	6.57207e-027	3.35681e-028	2.26017e-030	6.42873e-031	1.57207e-033	5.2577e-035	2.95677e-037	7.3917e-038	1.24385e-040	2.98317e-042	1.56258e-044	3.19421e-045	3.7177e-048	5.63265e-050	1.68047e-052	2.36887e-053	2.03522e-056	2.59503e-058	7.82237e-061	9.21886e-062	5.80209e-065	4.78502e-067	7.41313e-070	6.03908e-071	6.96465e-074	6.29654e-075	
N20	1.27974e-005	5.56014e-005	0.000226894	0.000792362	0.00187784	0.00433177	0.0112617	0.0247931	0.0332998	0.0254645	0.0121249	0.00794086	0.0107282	0.0248491	0.0530504	0.107777	0.155032	0.199771	0.159791	0.108594	0.0412093	0.0137291	0.00268355	0.000526416	6.45435e-005	9.4364e-006	1.44839e-006	6.56229e-007	2.91256e-007	1.6633e-007	6.06353e-008	2.73764e-008	7.36742e-009	2.4627e-009	5.02963e-010	1.32209e-010	1.9661e-011	3.71895e-012	4.15793e-013	6.11866e-014	4.85966e-015	4.98607e-016	2.96721e-017	2.39174e-018	1.02424e-019	5.88605e-021	1.97506e-022	9.42369e-024	2.37005e-025	8.32996e-027	1.72007e-028	5.28066e-030	8.53076e-032	2.01562e-033	2.81836e-035	6.15549e-037	7.05833e-039	1.26416e-040	1.65174e-042	4.00965e-044	1.00597e-045	4.66173e-047	
N21	4.0344e-015	4.57132e-013	1.66677e-011	1.31509e-009	2.32021e-008	2.92608e-009	9.10765e-008	4.78024e-006	0.000110186	0.000166099	4.79947e-006	6.24623e-008	8.98612e-009	3.65442e-007	1.82082e-005	0.000661328	0.0144079	0.160881	0.558499	0.246617	0.0181179	0.000503954	6.87424e-006	5.79061e-008	2.99713e-010	1.19558e-012	6.44255e-015	7.16108e-016	1.1623e-016	2.17084e-017	2.91618e-018	4.18708e-019	4.03396e-020	3.70166e-021	2.22931e-022	1.1494e-023	3.66422e-025	8.68562e-027	1.09243e-028	7.98632e-031	3.10756e-033	8.95066e-036	1.62874e-038	2.51528e-041	2.60835e-044	2.52924e-047	1.68272e-050	1.16209e-053	5.36197e-057	2.85233e-060	9.86986e-064	4.49118e-067	1.22507e-070	4.8238e-074	1.16642e-077	4.72884e-081	1.34704e-084	7.18029e-088	3.93932e-091	2.50054e-094	1.41875e-097	7.99233e-101	
Schoenoplectus_pungens	0	0	0	0	0	0	0	0	0	0	0	0	0	0	0	0	0	0	0	0	0	0	0	0	0	0	0	0	0	0	0	0	0	0	0	0	0	0	1	0	0	0	0	0	0	0	0	0	0	0	0	0	0	0	0	0	0	0	0	0	0	0	
N22	4.8413e-019	1.79587e-016	2.10084e-014	3.8316e-012	1.00799e-010	2.22497e-011	1.44465e-009	1.83196e-007	7.17798e-006	1.32795e-005	2.49451e-007	1.31488e-009	7.7609e-011	4.96323e-009	9.65165e-007	0.00011177	0.0061635	0.126118	0.585406	0.264821	0.0171146	0.000242858	1.2031e-006	2.74409e-009	3.30826e-012	2.92479e-015	2.09964e-018	2.81404e-020	7.21011e-023	1.11484e-024	5.44974e-027	4.37301e-029	2.12607e-031	9.10288e-034	2.62479e-036	5.71317e-039	7.99107e-042	7.66688e-045	4.20002e-048	1.37687e-051	2.65439e-055	3.49946e-059	3.16839e-063	2.21419e-067	1.1176e-071	5.64123e-076	1.75505e-080	1.46229e-084	3.24513e-089	5.8311e-093	1.04789e-097	2.4027e-101	3.57073e-106	8.6505e-110	4.67649e-114	8.18791e-117	3.94206e-121	9.73909e-124	2.49275e-126	5.59939e-129	9.16285e-132	1.05208e-134	
Schoenoplectus_acutus_var_acutus	0	0	0	0	0	0	0	0	0	0	0	0	0	0	0	0	0	0	1	0	0	0	0	0	0	0	0	0	0	0	0	0	0	0	0	0	0	0	0	0	0	0	0	0	0	0	0	0	0	0	0	0	0	0	0	0	0	0	0	0	0	0	
N23	3.23967e-021	1.41864e-018	2.24315e-016	3.74293e-014	1.28043e-012	1.83029e-012	1.13382e-010	1.67166e-008	7.42779e-007	1.48276e-006	6.63473e-008	3.97244e-010	3.58546e-011	4.64261e-010	9.92038e-008	2.12175e-005	0.0020639	0.0701776	0.526269	0.359846	0.0409105	0.000705412	3.78686e-006	8.71326e-009	1.02772e-011	7.83724e-015	7.48523e-018	3.54132e-019	1.30759e-021	5.89101e-023	1.3012e-025	3.5245e-027	4.55274e-030	7.74367e-032	5.5148e-035	5.9142e-037	2.09991e-040	1.27834e-042	2.31325e-046	5.61975e-049	6.67913e-053	7.50495e-056	6.14311e-060	4.2956e-063	2.45278e-067	1.27315e-070	5.16354e-075	2.19165e-078	6.47223e-083	2.34992e-086	5.22574e-091	1.92477e-094	3.65394e-099	2.49396e-102	4.37928e-106	2.14435e-108	5.90888e-113	1.05965e-115	7.8772e-119	4.0847e-121	1.4746e-123	5.07289e-126	
Schoenoplectus_lacustris	0	0	0	0	0	0	0	0	0	0	0	0	0	0	0	0	0	0	0	0	1	0	0	0	0	0	0	0	0	0	0	0	0	0	0	0	0	0	0	0	0	0	0	0	0	0	0	0	0	0	0	0	0	0	0	0	0	0	0	0	0	0	
Schoenoplectus_heterochaetus	0	0	0	0	0	0	0	0	0	0	0	0	0	0	0	0	0	0	1	0	0	0	0	0	0	0	0	0	0	0	0	0	0	0	0	0	0	0	0	0	0	0	0	0	0	0	0	0	0	0	0	0	0	0	0	0	0	0	0	0	0	0	
Actinoscirpus_grossus	0	0	0	0	0	0	0	0	0	0	0	0	0	0	0	0	0	0	0	0	0	0	0	0	0	0	0	0	0	0	0	0	0	0	0	0	0	0	0	0	1	0	0	0	0	0	0	0	0	0	0	0	0	0	0	0	0	0	0	0	0	0	
N24	0.000242803	0.00118849	0.0051003	0.0168378	0.0398819	0.0724093	0.103406	0.136312	0.146466	0.140497	0.105342	0.0850794	0.0548448	0.0431471	0.0230419	0.0155836	0.00612002	0.00322334	0.000872275	0.000335215	5.45261e-005	1.32104e-005	1.31582e-006	2.25617e-007	1.3498e-008	1.40306e-009	5.70231e-011	4.57272e-012	1.1671e-013	5.55784e-015	1.04668e-016	4.30427e-018	5.24989e-020	1.27018e-021	1.21557e-023	2.86884e-025	1.86009e-027	2.64559e-029	1.48382e-031	2.37366e-033	9.15355e-036	8.34735e-038	2.9275e-040	3.30258e-042	8.22039e-045	5.44138e-047	1.40439e-049	1.28004e-051	2.25827e-054	1.06381e-056	1.90985e-059	1.26595e-061	1.64335e-064	6.26276e-067	9.43644e-070	5.30977e-072	5.32838e-075	1.4699e-077	1.64241e-080	7.5688e-083	1.89076e-085	1.5819e-087	
N25	2.83987e-005	0.000169242	0.000931938	0.00392262	0.0132511	0.0301591	0.0448955	0.0708374	0.114898	0.159207	0.161757	0.144112	0.101444	0.0715771	0.0377786	0.0230372	0.011167	0.00678708	0.00256159	0.00113994	0.000249714	7.60693e-005	9.94746e-006	2.32684e-006	1.89015e-007	3.05197e-008	1.68366e-009	2.02834e-010	7.25831e-012	5.54242e-013	1.44172e-014	8.64065e-016	1.50471e-017	5.74907e-019	7.70687e-021	2.56693e-022	2.42e-024	5.42406e-026	4.63362e-028	1.34853e-029	1.34088e-031	4.7321e-033	7.15321e-035	4.11081e-036	4.84242e-038	1.67759e-039	2.04707e-041	1.07256e-042	8.55829e-045	2.13022e-046	1.82849e-048	7.25725e-050	3.98027e-052	7.29393e-054	4.72277e-056	1.40591e-057	5.40972e-060	6.72545e-062	3.08014e-064	6.92868e-066	6.36817e-068	2.59368e-069	
N26	6.71232e-006	4.23248e-005	0.000263271	0.0012543	0.00495854	0.013252	0.0216008	0.0331923	0.0626644	0.125904	0.192439	0.216449	0.155187	0.0879644	0.0378314	0.0207565	0.0122248	0.00819771	0.00370473	0.00157984	0.000400126	0.00010812	1.54159e-005	3.06582e-006	2.41553e-007	3.79081e-008	1.79131e-009	2.5259e-010	7.8303e-012	8.56805e-013	2.10935e-014	2.04564e-015	4.10901e-017	3.94263e-018	1.52869e-019	4.29634e-020	3.09056e-021	8.99199e-022	6.33663e-023	1.85882e-023	1.05486e-024	2.22963e-025	1.14572e-026	2.58739e-027	1.00009e-028	1.43848e-029	5.06873e-031	9.07343e-032	2.11462e-033	1.92302e-034	4.44243e-036	6.52984e-037	8.69432e-039	5.18738e-040	8.67939e-042	1.09738e-042	8.78107e-045	3.38893e-046	4.0258e-048	4.10668e-049	1.06038e-050	2.11381e-051	
Scirpus_ficinioides	0	0	0	0	0	0	0	0	0	0	0	0	0	0	0	0	0	0	0	0	0	0	0	0	0	0	0	0	0	0	0	0	0	0	0	0	0	0	0	0	0	0	0	0	0	0	0	0	0	0	0	1	0	0	0	0	0	0	0	0	0	0	
N27	4.78671e-008	5.78893e-007	6.34345e-006	4.26249e-005	0.000269233	0.00140894	0.00355837	0.00404011	0.00536139	0.0165962	0.0594829	0.158888	0.263305	0.26534	0.151368	0.0553879	0.0124905	0.00218793	0.00024347	2.09852e-005	1.17806e-006	6.20841e-008	3.21777e-009	2.23284e-010	1.54229e-011	1.40813e-012	1.14008e-013	9.90696e-015	5.42387e-016	3.16817e-017	1.05475e-018	4.58317e-020	1.02614e-021	3.50654e-023	5.98181e-025	1.62512e-026	2.0016e-028	3.72897e-030	3.37861e-032	4.524e-034	2.89162e-036	2.6382e-038	1.26201e-040	8.53882e-043	2.99326e-045	1.43698e-047	3.86645e-050	1.44649e-052	2.91876e-055	8.04068e-058	1.25787e-060	2.89228e-063	3.47631e-066	6.22974e-069	6.03881e-072	1.0001e-074	7.68708e-078	1.04748e-080	8.68716e-084	1.95978e-086	5.01718e-089	1.91116e-091	
N28	1.84474e-008	2.04387e-007	2.26624e-006	1.72296e-005	0.00010912	0.000539893	0.00142128	0.00196027	0.00269313	0.00747843	0.0302756	0.103273	0.229462	0.302524	0.216892	0.0835966	0.0172767	0.00226755	0.000190424	1.77998e-005	1.70127e-006	1.03829e-006	2.93398e-007	3.06398e-007	6.20155e-008	4.21399e-008	5.35488e-009	2.21404e-009	1.73132e-010	4.25873e-011	2.05394e-012	3.10061e-013	9.22025e-015	8.57363e-016	1.64739e-017	1.05285e-018	1.3402e-020	5.69122e-022	5.33206e-024	2.07173e-025	1.29959e-027	3.28832e-029	2.28882e-031	1.14372e-032	4.32523e-035	8.62495e-037	5.35524e-039	2.45771e-040	6.38986e-043	8.58517e-045	3.60757e-047	1.17259e-048	2.18467e-051	2.02216e-053	5.78961e-056	1.36712e-057	1.89248e-060	1.25926e-062	2.54262e-065	4.5891e-067	9.98545e-070	2.31276e-071	
Isolepis_crassiuscula	0	0	0	0	0	0	0	0	0	0	0	0	0	0	0	0	0	0	0	0	0	0	0	0	0	0	0	0	0	0	0	1	0	0	0	0	0	0	0	0	0	0	0	0	0	0	0	0	0	0	0	0	0	0	0	0	0	0	0	0	0	0	
N29	1.64693e-010	3.26982e-009	5.68344e-008	5.02051e-007	4.5436e-006	4.11655e-005	0.00016457	0.000171154	0.000119335	0.000490908	0.00481251	0.035591	0.151754	0.329945	0.322081	0.129261	0.0232964	0.00215116	0.000111587	3.76566e-006	8.71174e-008	2.11552e-009	4.38626e-011	1.28839e-012	2.37171e-014	5.01067e-016	6.35621e-018	8.52501e-020	7.19848e-022	6.23409e-024	3.50682e-026	2.04066e-028	7.76269e-031	3.2064e-033	8.49299e-036	2.68495e-038	5.15172e-041	1.34856e-043	1.97684e-046	4.71136e-049	5.581e-052	1.27277e-054	1.4532e-057	4.03405e-060	4.73606e-063	1.28268e-065	1.7771e-068	5.25548e-071	6.19002e-074	1.40245e-076	1.66125e-079	3.63202e-082	3.52292e-085	5.91949e-088	5.43459e-091	8.6059e-094	6.57117e-097	8.27328e-100	6.238e-103	8.77297e-106	1.06912e-108	2.49128e-111	
Ficinia_spiralis	0	0	0	0	0	0	0	0	0	0	0	0	0	0	1	0	0	0	0	0	0	0	0	0	0	0	0	0	0	0	0	0	0	0	0	0	0	0	0	0	0	0	0	0	0	0	0	0	0	0	0	0	0	0	0	0	0	0	0	0	0	0	
Ficinia_nodosa	0	0	0	0	0	0	0	0	0	0	0	0	0	0	1	0	0	0	0	0	0	0	0	0	0	0	0	0	0	0	0	0	0	0	0	0	0	0	0	0	0	0	0	0	0	0	0	0	0	0	0	0	0	0	0	0	0	0	0	0	0	0	
N30	2.07706e-008	2.05461e-007	2.06507e-006	1.45928e-005	7.62529e-005	0.00036834	0.00113704	0.00215416	0.00289385	0.00536817	0.0191706	0.0712053	0.183312	0.291829	0.26298	0.1253	0.0298801	0.0039631	0.000320353	2.31238e-005	1.41048e-006	3.2425e-007	1.29221e-007	1.31381e-007	5.41092e-008	3.76794e-008	9.9796e-009	4.33071e-009	7.08833e-010	1.86739e-010	1.82935e-011	2.89e-012	1.64098e-013	1.53662e-014	5.1088e-016	3.03091e-017	6.19557e-019	2.45387e-020	3.47099e-022	1.17593e-023	1.19668e-025	3.18647e-027	3.34968e-029	1.21561e-030	8.95129e-033	1.92699e-034	1.6244e-036	4.51287e-038	2.31946e-040	3.32409e-042	1.88707e-044	3.58736e-046	1.30128e-048	1.28338e-050	5.02151e-053	6.82689e-055	1.80486e-057	1.28687e-059	3.68656e-062	3.99588e-064	1.71347e-066	3.26243e-068	
Isolepis_prolifera	0	0	0	0	0	0	0	0	0	0	0	0	0	0	0	0	0	0	0	0	0	0	0	0	0	0	0	0	0	0	0	0	1	0	0	0	0	0	0	0	0	0	0	0	0	0	0	0	0	0	0	0	0	0	0	0	0	0	0	0	0	0	
Isolepis_setacea	0	0	0	0	0	0	0	0	0	0	0	0	0	1	0	0	0	0	0	0	0	0	0	0	0	0	0	0	0	0	0	0	0	0	0	0	0	0	0	0	0	0	0	0	0	0	0	0	0	0	0	0	0	0	0	0	0	0	0	0	0	0	
Scirpoides_holoschoenus	0	0	0	0	0	0	0	0	0	0	0	0	0	0	0	0	0	0	0	0	1	0	0	0	0	0	0	0	0	0	0	0	0	0	0	0	0	0	0	0	0	0	0	0	0	0	0	0	0	0	0	0	0	0	0	0	0	0	0	0	0	0	
N31	5.70581e-005	0.000239526	0.000998153	0.00352803	0.00926165	0.0196266	0.0389658	0.0710655	0.106683	0.131405	0.12013	0.0888569	0.0630431	0.0614526	0.0647708	0.0702762	0.0564029	0.0458658	0.0245453	0.0148196	0.0051916	0.00217071	0.000486637	0.000135066	1.9087e-005	3.42997e-006	3.16174e-007	3.90578e-008	2.3974e-009	2.04146e-010	8.90957e-012	5.84866e-013	1.82748e-014	8.82536e-016	2.16338e-017	9.20758e-019	1.70949e-020	5.47713e-022	8.74983e-024	2.74851e-025	3.38816e-027	7.70779e-029	8.56975e-031	2.00171e-032	1.72626e-034	2.8575e-036	2.29441e-038	4.01951e-040	2.5122e-042	3.06383e-044	1.79771e-046	2.37395e-048	1.10355e-050	1.03495e-052	4.65679e-055	4.89406e-057	1.75389e-059	1.29648e-061	4.96129e-064	5.10327e-066	4.27188e-068	9.1138e-070	
N32	4.12287e-006	2.0188e-005	0.000100277	0.000431828	0.00134148	0.0031042	0.00744823	0.0203499	0.0460175	0.0707838	0.0651762	0.0408664	0.0240134	0.0184564	0.0192008	0.0321804	0.0575272	0.0967112	0.115326	0.133534	0.09798	0.0822172	0.0375832	0.0214007	0.00581135	0.00201346	0.000324536	6.90285e-005	6.79149e-006	9.11663e-007	5.83604e-008	5.38119e-009	2.32312e-010	1.49819e-011	4.67201e-013	2.3585e-014	5.37333e-016	2.04427e-017	3.73734e-019	1.30197e-020	1.83679e-022	4.92194e-024	6.24035e-026	1.7787e-027	1.76363e-029	3.64391e-031	3.49675e-033	8.13799e-035	5.97183e-037	9.36392e-039	6.75003e-041	1.21002e-042	6.68819e-045	8.0048e-047	4.39693e-049	6.13274e-051	2.60715e-053	2.43026e-055	1.11008e-057	1.43613e-059	1.31049e-061	3.40928e-063	
Cyperus_fuscus	0	0	0	0	0	0	0	0	0	0	0	0	0	0	0	0	0	0	0	0	0	0	0	1	0	0	0	0	0	0	0	0	0	0	0	0	0	0	0	0	0	0	0	0	0	0	0	0	0	0	0	0	0	0	0	0	0	0	0	0	0	0	
Cyperus_eragrostis	0	0	0	0	0	0	0	0	0	0	0	0	0	0	0	0	0	0	0	0	1	0	0	0	0	0	0	0	0	0	0	0	0	0	0	0	0	0	0	0	0	0	0	0	0	0	0	0	0	0	0	0	0	0	0	0	0	0	0	0	0	0	
N33	1.28423e-013	1.94398e-011	8.6234e-010	6.1364e-008	5.63488e-009	3.25511e-007	2.52079e-005	0.000638314	1.55733e-005	1.4096e-007	1.17918e-008	1.09177e-006	0.000103674	0.0055257	0.128224	0.814906	0.0497077	0.000845404	6.2811e-006	2.73051e-008	7.17289e-011	1.34087e-013	1.701e-016	1.69849e-019	1.21918e-022	7.44691e-026	3.38662e-029	1.4202e-032	4.51181e-036	1.43632e-039	3.49367e-043	9.11554e-047	1.79127e-050	3.8769e-054	6.27105e-058	1.12133e-061	1.48093e-065	2.15125e-069	2.32859e-073	2.77822e-077	2.45684e-081	2.40032e-085	1.75381e-089	1.43216e-093	8.64051e-098	5.88346e-102	2.97237e-106	1.73137e-110	7.31346e-115	3.62145e-119	1.30268e-123	5.67945e-128	1.73644e-132	6.58544e-137	1.76998e-141	6.23678e-146	1.57178e-150	5.78028e-155	2.10095e-159	1.14607e-163	6.4273e-168	3.82033e-172	
Cyperus_involucratus	0	0	0	0	0	0	0	0	0	0	0	0	0	0	0	1	0	0	0	0	0	0	0	0	0	0	0	0	0	0	0	0	0	0	0	0	0	0	0	0	0	0	0	0	0	0	0	0	0	0	0	0	0	0	0	0	0	0	0	0	0	0	
Cyperus_alternifolius	0	0	0	0	0	0	0	0	0	0	0	0	0	0	0	1	0	0	0	0	0	0	0	0	0	0	0	0	0	0	0	0	0	0	0	0	0	0	0	0	0	0	0	0	0	0	0	0	0	0	0	0	0	0	0	0	0	0	0	0	0	0	
N34	1.67257e-005	0.000119266	0.000686603	0.00299317	0.00841124	0.0221343	0.0568943	0.115046	0.149169	0.15212	0.126812	0.108353	0.0981809	0.082672	0.0484672	0.0208783	0.0057117	0.00116716	0.000150972	1.54479e-005	1.0124e-006	5.6441e-008	2.07382e-009	6.98206e-011	1.57357e-012	3.44276e-014	5.15548e-016	7.88197e-018	8.25612e-020	9.14269e-022	7.06099e-024	5.9841e-026	3.49588e-028	2.29381e-030	1.05576e-032	5.64766e-035	2.06904e-037	8.96524e-040	2.71589e-042	1.007e-044	2.51513e-047	7.76322e-050	1.66116e-052	4.53613e-055	8.20277e-058	1.89659e-060	3.01942e-063	6.32996e-066	8.64633e-069	1.54469e-071	1.88971e-074	3.10984e-077	3.30385e-080	4.68061e-083	4.54377e-086	6.08408e-089	5.38353e-092	6.81423e-095	7.5486e-098	1.32486e-100	2.45855e-103	5.95417e-106	
Schoenoplectus_hallii	0	0	0	0	0	0	0	0	0	0	1	0	0	0	0	0	0	0	0	0	0	0	0	0	0	0	0	0	0	0	0	0	0	0	0	0	0	0	0	0	0	0	0	0	0	0	0	0	0	0	0	0	0	0	0	0	0	0	0	0	0	0	
N35	2.06987e-006	1.77908e-005	0.000138473	0.000805205	0.00298939	0.00936155	0.0294742	0.0653458	0.107293	0.144684	0.120714	0.0786163	0.076732	0.106045	0.0998453	0.0863795	0.0351122	0.0273507	0.00546126	0.00323551	0.000303336	8.96302e-005	4.17389e-006	6.4391e-007	1.63299e-008	1.40305e-009	2.179e-011	1.22142e-012	1.20541e-014	4.29325e-016	3.09154e-018	1.00057e-019	4.73535e-022	9.32025e-024	4.46625e-026	1.60684e-027	4.36748e-030	6.0846e-032	2.46548e-034	8.85713e-036	1.62079e-038	1.5623e-040	4.44589e-043	1.17964e-044	1.5461e-047	1.05997e-049	2.1208e-052	4.16354e-054	4.05767e-057	2.03021e-059	2.87012e-062	4.24097e-064	3.16752e-067	1.22662e-069	1.31904e-072	1.55963e-074	9.08741e-078	2.72928e-080	2.17936e-083	2.06335e-085	2.17457e-088	3.02247e-090	
Schoenoplectus_articulatus	0	0	0	0	0	0	0	0	0	0	0	0	0	0	1	0	0	0	0	0	0	0	0	0	0	0	0	0	0	0	0	0	0	0	0	0	0	0	0	0	0	0	0	0	0	0	0	0	0	0	0	0	0	0	0	0	0	0	0	0	0	0	
N36	1.08699e-014	1.91924e-012	1.06064e-010	1.14556e-008	2.89643e-007	3.93576e-008	3.70424e-007	2.54164e-005	0.000874177	0.00347344	0.000370408	6.56996e-006	4.08245e-007	2.48854e-007	6.06687e-006	0.000268514	0.00648171	0.0853862	0.39802	0.41941	0.078815	0.0067252	0.000133898	1.97991e-006	1.10577e-008	6.04185e-011	1.47344e-013	3.99022e-016	5.15485e-019	8.05224e-022	6.23091e-025	6.37209e-028	3.18199e-031	2.26757e-034	7.97126e-038	4.53426e-041	1.17665e-044	5.31229e-048	1.17637e-051	5.33138e-055	9.6685e-059	3.43946e-062	6.00291e-066	2.23083e-069	3.02182e-073	7.88402e-077	1.00812e-080	2.69764e-084	2.62091e-088	4.82975e-092	4.37014e-096	8.38394e-100	5.86677e-104	7.86188e-108	5.13488e-112	7.34441e-116	3.76761e-120	3.79943e-124	1.94148e-128	2.48538e-132	2.33532e-136	5.02572e-140	
N37	2.55202e-020	3.24022e-017	9.41607e-015	3.09014e-012	6.00672e-010	1.19343e-010	1.7575e-010	6.0834e-008	1.24029e-005	0.000425153	0.000113548	3.72511e-007	1.11767e-009	6.36767e-011	1.885e-010	2.53195e-008	8.34381e-006	0.00125364	0.0613262	0.647134	0.267196	0.0224374	9.25955e-005	1.37265e-007	8.67613e-011	1.23713e-013	1.01921e-016	9.85891e-019	5.91409e-022	3.40193e-024	1.12506e-027	3.81701e-030	7.19992e-034	1.49316e-036	1.73488e-040	2.25971e-043	1.55198e-047	1.1295e-050	4.77713e-055	1.7197e-058	4.86582e-063	9.91085e-067	1.98521e-071	3.07672e-075	4.62429e-080	5.07637e-084	5.72696e-089	5.54122e-093	4.79576e-098	3.45356e-102	2.89752e-107	6.68647e-111	4.52617e-116	7.03921e-120	2.48172e-124	1.3131e-127	7.51852e-133	9.55532e-137	3.05211e-141	1.3384e-144	1.67231e-148	6.78224e-152	
Schoenoplectus_smithii_var_smithii	0	0	0	0	0	0	0	0	0	0	0	0	0	0	0	0	0	0	0	1	0	0	0	0	0	0	0	0	0	0	0	0	0	0	0	0	0	0	0	0	0	0	0	0	0	0	0	0	0	0	0	0	0	0	0	0	0	0	0	0	0	0	
Schoenoplectiella_hotarui	0	0	0	0	0	0	0	0	0	0	0	0	0	0	0	0	0	0	0	0	0	1	0	0	0	0	0	0	0	0	0	0	0	0	0	0	0	0	0	0	0	0	0	0	0	0	0	0	0	0	0	0	0	0	0	0	0	0	0	0	0	0	
Schoenoplectus_purshianus_var_purshianus	0	0	0	0	0	0	0	0	0	0	0	0	0	0	0	0	0	0	1	0	0	0	0	0	0	0	0	0	0	0	0	0	0	0	0	0	0	0	0	0	0	0	0	0	0	0	0	0	0	0	0	0	0	0	0	0	0	0	0	0	0	0	
Fuirena_ciliaris	0	0	0	0	0	0	0	0	0	0	0	0	0	0	0	0	0	0	1	0	0	0	0	0	0	0	0	0	0	0	0	0	0	0	0	0	0	0	0	0	0	0	0	0	0	0	0	0	0	0	0	0	0	0	0	0	0	0	0	0	0	0	
N38	4.56016e-012	2.7088e-010	1.08847e-008	4.39218e-008	1.34196e-006	2.72364e-005	1.09076e-005	2.20776e-006	3.79246e-006	7.40163e-005	0.00196662	0.0150632	0.00729371	0.00146836	3.89633e-005	1.28232e-006	8.74007e-007	8.21217e-007	6.20185e-007	5.73859e-006	0.000222138	0.0070923	0.112468	0.399793	0.291637	0.130452	0.0286497	0.00360185	0.000120439	2.42239e-006	2.5678e-008	2.2498e-010	1.72809e-012	7.79174e-013	7.5337e-013	7.25998e-013	4.64466e-013	2.98591e-013	1.29017e-013	5.65787e-014	1.60253e-014	4.50962e-015	8.0262e-016	1.36422e-016	1.30719e-017	1.0373e-018	3.60824e-020	5.51293e-022	3.58118e-024	1.97116e-026	6.25848e-029	1.99464e-031	3.89129e-034	8.12773e-037	1.13139e-039	1.80281e-042	2.00369e-045	2.78271e-048	3.54263e-051	5.83505e-054	9.45578e-057	1.71916e-059	
Bolboschoenus_planiculmis	0	0	0	0	0	0	0	0	0	0	0	0	0	0	0	0	0	0	0	0	0	0	0	0	0	0	0	1	0	0	0	0	0	0	0	0	0	0	0	0	0	0	0	0	0	0	0	0	0	0	0	0	0	0	0	0	0	0	0	0	0	0	
Bolboschoenus_fluviatilis	0	0	0	0	0	0	0	0	0	0	0	0	0	0	0	0	0	0	0	0	0	0	0	0	0	0	0	0	0	0	0	0	0	0	0	0	0	0	0	0	0	0	0	0	0	0	1	0	0	0	0	0	0	0	0	0	0	0	0	0	0	0	
