NODE	1	2	3	4	5	6	7	8	9	10	11	12	13	14	15	16	17	18	19	20	21	22	23	24	25	26	27	28	29	30	31	32	33	34	35	36	37	38	39	40	41	42	43	44	45	46	47	48	49	50	51	52	53	54	55	56	57	58	
N1	1.43035e-018	1.56506e-018	1.83298e-018	2.25493e-018	2.88436e-018	3.83139e-018	5.33693e-018	8.02402e-018	1.3159e-017	2.31972e-017	4.2608e-017	7.89559e-017	2.54723e-013	8.02514e-013	2.3769e-012	6.73083e-012	1.90573e-011	5.8369e-011	2.15731e-010	4.99279e-010	8.59853e-010	1.17223e-009	1.25283e-009	9.25587e-010	6.83294e-010	5.27308e-010	4.41227e-010	4.08874e-010	4.21501e-010	4.79824e-010	5.96002e-010	7.99238e-010	1.14969e-009	1.77073e-009	2.92383e-009	5.18579e-009	9.87446e-009	2.00751e-008	4.30736e-008	9.57903e-008	2.15044e-007	5.80799e-007	1.86073e-006	6.70013e-006	2.52589e-005	9.36865e-005	0.000327241	0.00104716	0.00301937	0.00776874	0.0177391	0.0358539	0.064129	0.101724	0.14385	0.183036	0.212528	0.228849	
N2	1.13092e-018	2.04377e-018	5.50322e-018	1.62784e-017	5.08177e-017	1.64479e-016	5.42054e-016	1.78741e-015	5.76854e-015	1.78133e-014	5.16069e-014	1.38138e-013	3.37951e-013	7.50601e-013	1.50981e-012	2.7589e-012	4.63363e-012	7.34164e-012	1.15207e-011	1.53854e-011	1.81573e-011	1.95048e-011	1.95268e-011	1.82741e-011	1.89214e-011	2.29249e-011	3.3439e-011	5.83647e-011	1.18449e-010	2.69906e-010	6.69162e-010	1.7613e-009	4.83709e-009	1.37043e-008	3.97616e-008	1.17491e-007	3.51796e-007	1.0622e-006	3.21811e-006	9.71812e-006	2.89267e-005	8.64031e-005	0.000252837	0.000707531	0.0018565	0.00450338	0.0100021	0.0202064	0.036951	0.0609169	0.0901802	0.119374	0.140635	0.146706	0.134827	0.108709	0.0767235	0.0473185	
N3	1.93361e-015	1.92828e-015	2.93608e-015	5.07917e-015	8.98007e-015	1.56944e-014	2.67712e-014	4.44238e-014	7.20414e-014	1.15698e-013	1.88047e-013	3.17079e-013	5.63739e-013	1.05489e-012	2.04428e-012	4.03341e-012	8.04784e-012	1.63793e-011	3.49079e-011	7.6e-011	1.7017e-010	3.91039e-010	9.13282e-010	2.13374e-009	5.14598e-009	1.28122e-008	3.30675e-008	8.87542e-008	2.473e-007	7.09699e-007	2.07156e-006	6.06169e-006	1.75266e-005	4.94163e-005	0.000134296	0.000348295	0.000854864	0.00197209	0.00425221	0.00853141	0.0158697	0.0272777	0.0432192	0.0629883	0.0842937	0.103429	0.11621	0.119426	0.112132	0.0960885	0.0750635	0.0533926	0.0345369	0.0202939	0.0108325	0.00527627	0.00239712	0.00110431	
N4	6.96066e-009	6.65743e-009	9.1023e-009	1.31318e-008	1.8083e-008	2.31936e-008	2.76368e-008	3.09079e-008	3.33156e-008	3.63512e-008	4.30516e-008	5.91415e-008	9.63647e-008	1.79041e-007	3.5228e-007	6.85444e-007	1.26111e-006	2.14606e-006	3.36265e-006	4.92635e-006	6.99023e-006	1.02531e-005	1.69658e-005	3.39393e-005	8.18997e-005	0.000222607	0.000623848	0.00168466	0.00421288	0.0095595	0.0194918	0.0355559	0.0579214	0.084225	0.109359	0.126889	0.131718	0.122503	0.102256	0.0767717	0.0519905	0.0317668	0.0175647	0.00881674	0.00403177	0.00168617	0.0006478	0.000229752	7.56367e-005	2.32495e-005	6.71298e-006	1.83123e-006	4.74317e-007	1.17098e-007	2.76247e-008	6.24955e-009	1.39012e-009	3.75293e-010	
Carex_pulicaris	0	0	0	0	0	0	0	0	0	0	0	0	0	0	0	0	0	0	0	0	0	0	0	0	0	0	0	0	0	1	0	0	0	0	0	0	0	0	0	0	0	0	0	0	0	0	0	0	0	0	0	0	0	0	0	0	0	0	
Carex_peregrina	0	0	0	0	0	0	0	0	0	0	0	0	0	0	0	0	0	0	0	0	0	0	0	0	0	0	0	0	0	0	1	0	0	0	0	0	0	0	0	0	0	0	0	0	0	0	0	0	0	0	0	0	0	0	0	0	0	0	
N5	3.58746e-015	3.84856e-015	6.61549e-015	1.32112e-014	2.74718e-014	5.74032e-014	1.18452e-013	2.38997e-013	4.69553e-013	8.99562e-013	1.69258e-012	3.16874e-012	6.00846e-012	1.1765e-011	2.41689e-011	5.25164e-011	1.20766e-010	2.9306e-010	7.49344e-010	1.99921e-009	5.54786e-009	1.59416e-008	4.70945e-008	1.41604e-007	4.30679e-007	1.30964e-006	3.93674e-006	1.15747e-005	3.29702e-005	9.02172e-005	0.000235419	0.000582222	0.00135757	0.00297126	0.00608058	0.0115955	0.0205414	0.0337091	0.0511167	0.0714784	0.0920279	0.108695	0.117635	0.116522	0.10554	0.0873435	0.0660103	0.0455404	0.0286746	0.016478	0.00864369	0.00414081	0.00181324	0.000727035	0.000267907	9.1608e-005	3.00517e-005	1.09026e-005	
Carex_microglochin	0	0	0	0	0	0	0	0	0	0	0	0	0	0	0	0	0	0	0	0	0	0	0	0	0	0	0	1	0	0	0	0	0	0	0	0	0	0	0	0	0	0	0	0	0	0	0	0	0	0	0	0	0	0	0	0	0	0	
N6	1.9369e-014	2.60215e-014	5.28848e-014	1.15211e-013	2.50544e-013	5.37231e-013	1.13715e-012	2.39284e-012	5.06531e-012	1.09628e-011	2.47289e-011	5.92837e-011	1.53452e-010	4.32162e-010	1.31925e-009	4.29764e-009	1.45849e-008	5.02139e-008	1.71299e-007	5.70291e-007	1.83162e-006	5.63883e-006	1.65797e-005	4.64277e-005	0.000123091	0.000307719	0.000722236	0.00158678	0.00326163	0.00628479	0.0113908	0.0194752	0.0314236	0.0477025	0.0677108	0.0891708	0.108105	0.119845	0.120868	0.110513	0.0914435	0.0682332	0.0458923	0.0278168	0.0151967	0.00748565	0.00332672	0.00133505	0.00048442	0.000159214	4.75324e-005	1.29468e-005	3.24021e-006	7.53382e-007	1.65396e-007	3.50835e-008	7.52835e-009	2.01292e-009	
Schoenoxiphium_ludwigii	0	0	0	0	0	0	0	0	0	0	0	0	0	0	0	0	1	0	0	0	0	0	0	0	0	0	0	0	0	0	0	0	0	0	0	0	0	0	0	0	0	0	0	0	0	0	0	0	0	0	0	0	0	0	0	0	0	0	
N7	2.39516e-014	3.33222e-014	7.18433e-014	1.7801e-013	4.87628e-013	1.45925e-012	4.65624e-012	1.53334e-011	5.05123e-011	1.62652e-010	5.05794e-010	1.51966e-009	4.47001e-009	1.31545e-008	3.94416e-008	1.20586e-007	3.69279e-007	1.10767e-006	3.22157e-006	8.90202e-006	2.34229e-005	5.90303e-005	0.000142808	0.000328935	0.0007289	0.00152983	0.00300476	0.0054976	0.00940469	0.0152025	0.0235337	0.0352194	0.0509353	0.0704111	0.0915056	0.109995	0.120757	0.120048	0.107511	0.0864957	0.0624535	0.0403736	0.0233723	0.0121242	0.00564214	0.00235966	0.000889547	0.000303882	9.49903e-005	2.76587e-005	7.73898e-006	2.18658e-006	6.67714e-007	2.35981e-007	9.84042e-008	4.54791e-008	2.15063e-008	1.12977e-008	
N8	1.13439e-007	1.2869e-007	2.14797e-007	3.73745e-007	6.09124e-007	8.93207e-007	1.15377e-006	1.29758e-006	1.26409e-006	1.06752e-006	7.89449e-007	5.29345e-007	3.56422e-007	3.00975e-007	4.07419e-007	8.81643e-007	2.36302e-006	6.19785e-006	1.42308e-005	2.75826e-005	4.46054e-005	6.01141e-005	6.78222e-005	6.49035e-005	5.44764e-005	4.44765e-005	4.47129e-005	7.34016e-005	0.000201886	0.000713425	0.00250656	0.007768	0.0203693	0.0445745	0.0810382	0.122344	0.153741	0.161648	0.143413	0.108673	0.0714871	0.0414859	0.0216553	0.0103404	0.00456778	0.00187527	0.000715011	0.000252251	8.19332e-005	2.43725e-005	6.60658e-006	1.62485e-006	3.6139e-007	7.25333e-008	1.3124e-008	2.14264e-009	3.20709e-010	5.47129e-011	
Schoenoxiphium_burkei	0	0	0	0	0	0	0	0	0	0	0	0	0	0	0	0	0	0	0	0	0	0	0	0	0	0	0	0	0	0	0	0	0	0	1	0	0	0	0	0	0	0	0	0	0	0	0	0	0	0	0	0	0	0	0	0	0	0	
Schoenoxiphium_filiforme	0	0	0	0	0	0	0	0	0	0	0	0	0	0	0	0	0	0	0	0	0	0	0	0	0	0	0	0	0	0	0	0	0	0	0	1	0	0	0	0	0	0	0	0	0	0	0	0	0	0	0	0	0	0	0	0	0	0	
N9	5.9189e-011	7.82559e-011	1.49886e-010	3.01573e-010	6.01777e-010	1.17626e-009	2.24552e-009	4.21797e-009	7.99119e-009	1.6025e-008	3.63377e-008	9.82283e-008	3.16189e-007	1.144e-006	4.31432e-006	1.59674e-005	5.58478e-005	0.000180776	0.000535599	0.00144774	0.00355805	0.00793637	0.0160488	0.0294023	0.0486419	0.0726099	0.0977002	0.118383	0.12907	0.126548	0.11154	0.0883722	0.0629461	0.040322	0.0232416	0.0120625	0.00564177	0.00238018	0.000906758	0.000312337	9.74725e-005	2.75528e-005	7.06889e-006	1.64992e-006	3.51427e-007	6.86094e-008	1.23609e-008	2.07722e-009	3.31058e-010	5.1234e-011	7.91489e-012	1.2479e-012	2.01874e-013	3.30681e-014	5.36742e-015	8.47968e-016	1.31101e-016	2.45283e-017	
Schoenoxiphium_ecklonii	0	0	0	0	0	0	0	0	0	0	0	0	0	0	0	0	0	1	0	0	0	0	0	0	0	0	0	0	0	0	0	0	0	0	0	0	0	0	0	0	0	0	0	0	0	0	0	0	0	0	0	0	0	0	0	0	0	0	
Schoenoxiphium_sparteum	0	0	0	0	0	0	0	0	0	0	0	0	0	0	0	0	0	1	0	0	0	0	0	0	0	0	0	0	0	0	0	0	0	0	0	0	0	0	0	0	0	0	0	0	0	0	0	0	0	0	0	0	0	0	0	0	0	0	
N10	8.80808e-017	8.76257e-017	1.46016e-016	3.04371e-016	6.81468e-016	1.54254e-015	3.47241e-015	7.85771e-015	1.83522e-014	4.54849e-014	1.20413e-013	3.32722e-013	9.24715e-013	2.50319e-012	6.46587e-012	1.578e-011	3.63951e-011	8.07118e-011	1.82359e-010	3.75221e-010	7.20202e-010	1.31316e-009	2.28335e-009	3.56571e-009	6.33179e-009	1.28573e-008	2.86374e-008	6.65723e-008	1.55851e-007	3.59542e-007	8.07619e-007	1.76009e-006	3.74747e-006	7.96035e-006	1.74614e-005	4.08725e-005	0.000102571	0.000267506	0.00069306	0.0017188	0.00398431	0.00853929	0.0167584	0.0299699	0.0487037	0.0717877	0.09584	0.115764	0.126394	0.124641	0.110931	0.0890487	0.0644478	0.0420623	0.0248106	0.0133358	0.00670879	0.00341784	
Kobresia_fragilis	0	0	0	0	0	0	0	0	0	0	0	0	0	0	0	0	0	0	0	0	0	0	0	0	0	0	0	0	1	0	0	0	0	0	0	0	0	0	0	0	0	0	0	0	0	0	0	0	0	0	0	0	0	0	0	0	0	0	
N11	6.97695e-017	6.70731e-017	1.10947e-016	2.39636e-016	5.82616e-016	1.52371e-015	4.213e-015	1.20482e-014	3.46578e-014	9.77838e-014	2.65738e-013	6.87762e-013	1.68398e-012	3.88603e-012	8.43596e-012	1.72285e-011	3.32137e-011	6.11059e-011	1.10618e-010	1.9259e-010	3.31985e-010	5.8854e-010	1.10753e-009	2.19783e-009	4.81768e-009	1.10227e-008	2.52444e-008	5.6681e-008	1.24087e-007	2.66487e-007	5.71819e-007	1.26616e-006	3.01009e-006	7.86871e-006	2.23004e-005	6.55849e-005	0.000191092	0.000533128	0.00139377	0.00336897	0.00746328	0.0150914	0.0277378	0.0461992	0.0695755	0.0945871	0.115937	0.127995	0.127173	0.113639	0.0912798	0.0658957	0.0427736	0.025011	0.0132394	0.00642441	0.00295739	0.00143206	
Kobresia_simpliciuscula	0	0	0	0	0	0	0	0	0	0	0	0	0	0	0	0	0	0	0	0	0	0	0	0	0	0	0	0	0	0	0	0	0	0	1	0	0	0	0	0	0	0	0	0	0	0	0	0	0	0	0	0	0	0	0	0	0	0	
N12	3.66817e-018	7.39841e-018	2.53852e-017	9.2654e-017	3.24445e-016	1.06257e-015	3.22762e-015	9.07542e-015	2.36703e-014	5.75172e-014	1.30935e-013	2.8094e-013	5.71883e-013	1.11241e-012	2.08397e-012	3.78961e-012	6.7413e-012	1.18733e-011	2.14814e-011	3.98408e-011	7.97973e-011	1.8055e-010	4.59993e-010	1.24538e-009	3.58579e-009	1.03589e-008	2.95589e-008	8.36184e-008	2.37688e-007	6.92455e-007	2.10955e-006	6.77819e-006	2.26641e-005	7.63403e-005	0.000249337	0.000764122	0.00214512	0.00542915	0.0122688	0.0246336	0.0438908	0.0693005	0.0972081	0.12143	0.135288	0.134408	0.118837	0.0931843	0.0645406	0.0393323	0.0210271	0.00984303	0.0040328	0.00144788	0.000457263	0.000128454	3.3512e-005	9.9068e-006	
N13	2.12723e-015	3.11673e-015	6.36464e-015	1.32375e-014	2.69553e-014	5.35859e-014	1.041e-013	1.98026e-013	3.70261e-013	6.85222e-013	1.2698e-012	2.39633e-012	4.7008e-012	9.77351e-012	2.18023e-011	5.22662e-011	1.33707e-010	3.61463e-010	1.02627e-009	3.01138e-009	9.06894e-009	2.78269e-008	8.61799e-008	2.66104e-007	8.18398e-007	2.48305e-006	7.37957e-006	2.13803e-005	6.014e-005	0.000163404	0.000425819	0.00105489	0.00246091	0.00535825	0.0108074	0.0200743	0.0341894	0.0532297	0.0756034	0.0978388	0.115304	0.123433	0.11998	0.105837	0.0846774	0.0614085	0.0403429	0.0239973	0.0129199	0.00629574	0.00277848	0.00111305	0.000407234	0.000138219	4.51177e-005	1.51844e-005	5.83177e-006	2.95539e-006	
Carex_pauciflora	0	0	0	0	0	0	0	0	0	0	0	0	0	0	0	0	0	0	1	0	0	0	0	0	0	0	0	0	0	0	0	0	0	0	0	0	0	0	0	0	0	0	0	0	0	0	0	0	0	0	0	0	0	0	0	0	0	0	
Carex_backii	0	0	0	0	0	0	0	0	0	0	0	0	0	0	0	0	0	0	0	0	0	0	0	0	0	0	0	0	0	0	0	0	1	0	0	0	0	0	0	0	0	0	0	0	0	0	0	0	0	0	0	0	0	0	0	0	0	0	
N14	4.28063e-019	7.68975e-019	2.26874e-018	7.24685e-018	2.25976e-017	6.66125e-017	1.8382e-016	4.75673e-016	1.16369e-015	2.72494e-015	6.19595e-015	1.3885e-014	3.11217e-014	7.07429e-014	1.64847e-013	3.95519e-013	9.74849e-013	2.47007e-012	6.64088e-012	1.70572e-011	4.26562e-011	1.0609e-010	2.66114e-010	6.47114e-010	1.84412e-009	6.03493e-009	2.15434e-008	7.997e-008	2.99104e-007	1.10719e-006	4.01807e-006	1.42201e-005	4.87985e-005	0.000160748	0.000500355	0.00144409	0.00379524	0.00895348	0.018783	0.0348837	0.0573523	0.0837109	0.10902	0.127338	0.133751	0.126176	0.106369	0.0795596	0.0524061	0.0302099	0.0151727	0.00662399	0.00251479	0.000835268	0.000249043	7.38759e-005	2.88056e-005	1.93435e-005	
N15	9.86258e-016	1.45438e-015	3.04592e-015	6.58022e-015	1.41145e-014	3.02254e-014	6.55525e-014	1.46605e-013	3.44263e-013	8.59748e-013	2.2891e-012	6.43596e-012	1.87618e-011	5.55645e-011	1.64542e-010	4.83797e-010	1.41767e-009	4.19733e-009	1.28039e-008	4.10486e-008	1.39159e-007	4.93841e-007	1.79169e-006	6.45584e-006	2.24378e-005	7.36896e-005	0.000225356	0.000635567	0.00164289	0.00387741	0.00833578	0.0163011	0.0289739	0.0467885	0.0686342	0.0914557	0.110712	0.121777	0.121742	0.110665	0.0915522	0.0688029	0.0469947	0.0291832	0.0164812	0.00846779	0.00396026	0.00168754	0.000656238	0.000233556	7.64642e-005	2.32357e-005	6.65307e-006	1.83661e-006	5.03432e-007	1.41279e-007	4.23284e-008	1.6053e-008	
Carex_rupestris	0	0	0	0	0	0	0	0	0	0	0	0	0	0	0	0	0	0	0	0	0	0	0	0	1	0	0	0	0	0	0	0	0	0	0	0	0	0	0	0	0	0	0	0	0	0	0	0	0	0	0	0	0	0	0	0	0	0	
Carex_obtusata	0	0	0	0	0	0	0	0	0	0	0	0	0	0	0	0	0	0	0	0	0	0	0	0	0	1	0	0	0	0	0	0	0	0	0	0	0	0	0	0	0	0	0	0	0	0	0	0	0	0	0	0	0	0	0	0	0	0	
N16	6.03583e-019	9.0395e-019	2.05635e-018	4.89797e-018	1.13478e-017	2.53933e-017	5.56456e-017	1.22756e-016	2.82166e-016	6.95985e-016	1.8646e-015	5.37529e-015	1.62856e-014	5.05157e-014	1.57151e-013	4.84551e-013	1.47913e-012	4.53923e-012	1.4667e-011	4.55373e-011	1.39216e-010	4.24425e-010	1.29134e-009	3.85965e-009	1.23074e-008	4.10887e-008	1.41639e-007	4.97359e-007	1.75327e-006	6.11662e-006	2.08389e-005	6.84347e-005	0.000213715	0.000625797	0.00169434	0.00418689	0.00933679	0.0186189	0.0329934	0.0518473	0.0725915	0.091626	0.106145	0.114575	0.115764	0.108581	0.0930117	0.0715109	0.0486708	0.0290754	0.0152125	0.00703422	0.00298931	0.00131536	0.000741032	0.000569395	0.000501364	0.000470788	
Carex_nardina	0	0	0	0	0	0	0	0	0	0	0	0	0	0	0	0	0	0	0	0	0	0	0	0	0	0	0	0	0	0	0	0	0	1	0	0	0	0	0	0	0	0	0	0	0	0	0	0	0	0	0	0	0	0	0	0	0	0	
N17	1.86149e-019	2.47244e-019	5.08236e-019	1.16234e-018	2.77103e-018	6.82369e-018	1.74327e-017	4.70119e-017	1.36319e-016	4.29129e-016	1.45428e-015	5.189e-015	1.90964e-014	7.19623e-014	2.79441e-013	1.12994e-012	4.77405e-012	2.09498e-011	9.47097e-011	3.82481e-010	1.41708e-009	4.88758e-009	1.58702e-008	4.86054e-008	1.50904e-007	4.80246e-007	1.55706e-006	5.05058e-006	1.60642e-005	4.93158e-005	0.000144518	0.000400902	0.00104449	0.00253369	0.0056685	0.0115838	0.0214299	0.0356181	0.0528628	0.0696969	0.081145	0.0888282	0.0939536	0.0974403	0.0982034	0.0935832	0.0818015	0.0640854	0.044377	0.0270066	0.0144874	0.00697751	0.0031807	0.0015341	0.000887776	0.00061686	0.000463786	0.000371205	
N18	9.27448e-015	1.78115e-014	4.48932e-014	1.10229e-013	2.57505e-013	5.75594e-013	1.24951e-012	2.68767e-012	5.8393e-012	1.29693e-011	2.95777e-011	6.93962e-011	1.6781e-010	4.17153e-010	1.05436e-009	2.66822e-009	6.69306e-009	1.66847e-008	4.19603e-008	1.088e-007	2.94577e-007	8.35093e-007	2.47389e-006	7.62172e-006	2.40248e-005	7.55048e-005	0.000229283	0.000654553	0.00172308	0.00413362	0.00897929	0.0176112	0.0311667	0.0498065	0.0719947	0.0943314	0.112279	0.121626	0.120056	0.108053	0.0887024	0.0662262	0.0449425	0.0277083	0.0155239	0.00791555	0.00368513	0.0015747	0.000622079	0.000229066	7.91918e-005	2.57956e-005	7.90059e-006	2.25823e-006	5.96258e-007	1.44467e-007	3.28392e-008	8.51065e-009	
Carex_capillacea	0	0	0	0	0	0	0	0	0	0	0	0	0	0	0	0	0	0	0	0	0	0	0	0	0	0	0	0	0	1	0	0	0	0	0	0	0	0	0	0	0	0	0	0	0	0	0	0	0	0	0	0	0	0	0	0	0	0	
Carex_leptalea	0	0	0	0	0	0	0	0	0	0	0	0	0	0	0	0	0	0	0	0	0	0	0	0	0	1	0	0	0	0	0	0	0	0	0	0	0	0	0	0	0	0	0	0	0	0	0	0	0	0	0	0	0	0	0	0	0	0	
N19	4.66628e-019	9.63288e-019	3.40752e-018	1.63032e-017	9.74086e-017	6.60715e-016	4.83132e-015	3.70895e-014	2.83129e-013	2.01213e-012	1.26599e-011	6.85174e-011	3.14522e-010	1.21727e-009	3.96618e-009	1.09011e-008	2.54473e-008	5.13375e-008	9.66871e-008	1.46394e-007	1.89134e-007	2.15028e-007	2.22204e-007	1.81057e-007	1.98418e-007	2.58978e-007	3.95513e-007	6.7217e-007	1.20088e-006	2.1491e-006	3.69898e-006	5.92301e-006	8.64278e-006	1.14887e-005	1.43548e-005	1.82137e-005	2.63761e-005	4.73772e-005	0.000102597	0.000245629	0.000611754	0.00161433	0.00425027	0.0104073	0.0225026	0.0418449	0.0664577	0.0908094	0.108862	0.117804	0.118308	0.111621	0.0979947	0.0783695	0.0561444	0.0360917	0.021717	0.014099	
Uncinia_phleoides	0	0	0	0	0	0	0	0	0	0	0	0	0	0	0	0	0	0	0	0	0	0	0	0	0	0	0	0	0	0	0	0	0	0	0	0	0	0	0	0	0	0	0	0	0	0	0	1	0	0	0	0	0	0	0	0	0	0	
N20	2.75864e-019	5.92453e-019	2.27717e-018	1.17165e-017	7.31801e-017	5.1174e-016	3.84181e-015	3.00242e-014	2.30828e-013	1.63789e-012	1.02389e-011	5.49328e-011	2.49746e-010	9.57094e-010	3.08853e-009	8.41394e-009	1.95061e-008	3.92422e-008	7.13006e-008	1.07182e-007	1.37149e-007	1.5369e-007	1.54988e-007	1.41128e-007	1.47153e-007	1.86984e-007	2.85372e-007	4.89881e-007	8.84258e-007	1.59384e-006	2.75503e-006	4.42679e-006	6.50178e-006	8.78387e-006	1.13708e-005	1.53242e-005	2.38188e-005	4.50506e-005	0.000100052	0.000242494	0.000610575	0.00162116	0.00428152	0.0104926	0.0226808	0.0421482	0.0668952	0.0913671	0.109507	0.118461	0.118827	0.111807	0.0977326	0.0777309	0.0553531	0.0353793	0.0211922	0.0134466	
Uncinia_filiformis	0	0	0	0	0	0	0	0	0	0	0	0	0	0	0	0	0	0	0	0	0	0	0	0	0	0	0	0	0	0	0	0	0	0	0	0	0	0	0	0	0	0	0	1	0	0	0	0	0	0	0	0	0	0	0	0	0	0	
Uncinia_uncinata	0	0	0	0	0	0	0	0	0	0	0	0	0	0	0	0	0	0	0	0	0	0	0	0	0	0	0	0	0	0	0	0	0	0	0	0	0	0	0	0	0	0	0	1	0	0	0	0	0	0	0	0	0	0	0	0	0	0	
N21	7.20804e-016	1.35652e-015	3.43323e-015	8.72703e-015	2.1761e-014	5.31081e-014	1.26517e-013	2.92881e-013	6.54798e-013	1.40346e-012	2.86102e-012	5.50351e-012	9.91713e-012	1.66375e-011	2.58729e-011	3.72307e-011	4.96937e-011	6.21069e-011	7.42923e-011	8.23054e-011	8.56221e-011	8.51202e-011	8.24782e-011	7.92092e-011	8.13317e-011	9.24737e-011	1.19832e-010	1.80664e-010	3.21211e-010	6.76892e-010	1.67461e-009	4.73657e-009	1.477e-008	4.89771e-008	1.67545e-007	5.77356e-007	1.96707e-006	6.52799e-006	2.08453e-005	6.3392e-005	0.000181966	0.000491452	0.001241	0.00291463	0.00633981	0.0127271	0.0235077	0.0398349	0.0617434	0.0872461	0.111957	0.129874	0.135478	0.126336	0.104692	0.0767421	0.0497635	0.0288357	
N22	2.33848e-010	2.59104e-010	4.00024e-010	5.79305e-010	6.89384e-010	6.56675e-010	5.02741e-010	3.16658e-010	1.75974e-010	1.02131e-010	7.44266e-011	6.53358e-011	7.0968e-011	1.67642e-010	7.19794e-010	2.93651e-009	9.62788e-009	2.48203e-008	5.03992e-008	8.2141e-008	1.13022e-007	1.4855e-007	2.2153e-007	3.84526e-007	6.70241e-007	1.06854e-006	1.82319e-006	6.262e-006	4.07459e-005	0.000263491	0.00139687	0.00587273	0.0193984	0.050107	0.100956	0.158536	0.194218	0.186085	0.140002	0.083157	0.0392651	0.0148136	0.00450018	0.00110961	0.000223866	3.72597e-005	5.15842e-006	5.99038e-007	5.88505e-008	4.93394e-009	3.56196e-010	2.23494e-011	1.23039e-012	5.9996e-014	2.61459e-015	1.02649e-016	3.66495e-018	1.39302e-019	
N23	1.18868e-011	1.03485e-011	1.11724e-011	1.11159e-011	9.50668e-012	7.21008e-012	5.3746e-012	4.448e-012	4.13868e-012	4.09724e-012	4.72025e-012	8.25669e-012	2.18801e-011	6.53212e-011	1.82484e-010	4.45532e-010	9.37787e-010	1.76334e-009	3.27768e-009	6.82665e-009	1.6066e-008	3.90975e-008	9.44688e-008	2.43284e-007	8.2671e-007	4.27578e-006	2.67359e-005	0.000157242	0.000787101	0.00324819	0.0109188	0.0297174	0.0652395	0.115236	0.163518	0.18627	0.170374	0.125266	0.0741861	0.0354981	0.0137848	0.00435409	0.00112424	0.000238571	4.18482e-005	6.10897e-006	7.5076e-007	8.06784e-008	8.86878e-009	1.4404e-009	3.65684e-010	1e-010	2.44166e-011	5.23599e-012	1.05351e-012	2.22637e-013	5.19625e-014	1.45975e-014	
Carex_maritima	0	0	0	0	0	0	0	0	0	0	0	0	0	0	0	0	0	0	0	0	0	0	0	0	0	0	0	0	0	1	0	0	0	0	0	0	0	0	0	0	0	0	0	0	0	0	0	0	0	0	0	0	0	0	0	0	0	0	
N24	1.17061e-013	7.45659e-014	6.03677e-014	5.68655e-014	6.04959e-014	7.37243e-014	1.06056e-013	1.8985e-013	4.39268e-013	1.20602e-012	3.35557e-012	8.52714e-012	1.90559e-011	3.76351e-011	6.86686e-011	1.2742e-010	2.78663e-010	8.39513e-010	3.78722e-009	2.39803e-008	1.78506e-007	1.32949e-006	9.01219e-006	5.31301e-005	0.000266254	0.00112369	0.00397384	0.0117401	0.0289172	0.0592995	0.101143	0.1434	0.168959	0.165452	0.134716	0.0912802	0.051531	0.0242774	0.00956481	0.00315958	0.000878308	0.000205741	4.07635e-005	6.86193e-006	9.88251e-007	1.23793e-007	1.4214e-008	1.74325e-009	2.87471e-010	6.3037e-011	1.46803e-011	3.19817e-012	6.39917e-013	1.21524e-013	2.29743e-014	4.40625e-015	8.41111e-016	1.87717e-016	
Carex_conferta	0	0	0	0	0	0	0	0	0	0	0	0	0	0	0	0	0	0	0	0	0	0	0	0	0	1	0	0	0	0	0	0	0	0	0	0	0	0	0	0	0	0	0	0	0	0	0	0	0	0	0	0	0	0	0	0	0	0	
Carex_cephalophora	0	0	0	0	0	0	0	0	0	0	0	0	0	0	0	0	0	0	0	0	0	0	0	1	0	0	0	0	0	0	0	0	0	0	0	0	0	0	0	0	0	0	0	0	0	0	0	0	0	0	0	0	0	0	0	0	0	0	
N25	6.16582e-013	6.37843e-013	8.40914e-013	1.00256e-012	9.55801e-013	7.17287e-013	4.42275e-013	2.50366e-013	1.56108e-013	1.3024e-013	1.5664e-013	2.23186e-013	3.07523e-013	4.8433e-013	1.40415e-012	5.59881e-012	1.94554e-011	5.35392e-011	1.21051e-010	2.48425e-010	5.17743e-010	1.19001e-009	3.37014e-009	1.22339e-008	4.67678e-008	1.57947e-007	4.93913e-007	2.20272e-006	1.74109e-005	0.000146766	0.000997264	0.00513294	0.0197113	0.0561813	0.118651	0.185751	0.215987	0.187145	0.121369	0.0592394	0.0219115	0.00616954	0.00133214	0.000222511	2.91222e-005	3.06694e-006	2.78385e-007	2.5332e-008	2.69219e-009	3.15648e-010	3.44711e-011	3.18743e-012	2.44473e-013	1.62214e-014	1.08636e-015	9.03801e-017	8.63999e-018	8.54584e-019	
N26	1.52572e-014	1.07401e-014	9.10491e-015	7.53074e-015	5.71864e-015	4.13117e-015	3.03227e-015	2.41619e-015	2.32072e-015	3.27993e-015	7.81369e-015	2.72482e-014	1.07077e-013	3.98686e-013	1.31705e-012	3.83755e-012	1.01317e-011	2.55616e-011	6.60032e-011	1.85279e-010	5.9252e-010	2.35355e-009	1.33511e-008	1.09034e-007	1.01933e-006	8.85972e-006	6.51821e-005	0.000391989	0.00189919	0.00735627	0.0226609	0.0552991	0.106579	0.161882	0.193531	0.182046	0.134823	0.0787429	0.036366	0.0133313	0.00390013	0.000913697	0.00017246	2.64087e-005	3.31076e-006	3.46627e-007	3.28063e-008	3.79156e-009	7.74215e-010	2.11226e-010	5.42576e-011	1.19559e-011	2.25996e-012	3.81502e-013	6.2044e-014	1.04307e-014	1.81205e-015	3.68811e-016	
Carex_echinata	0	0	0	0	0	0	0	0	0	0	0	0	0	0	0	0	0	0	0	0	0	0	0	0	0	1	0	0	0	0	0	0	0	0	0	0	0	0	0	0	0	0	0	0	0	0	0	0	0	0	0	0	0	0	0	0	0	0	
N27	4.66529e-019	3.1216e-019	2.7685e-019	2.17544e-019	1.45221e-019	1.15154e-019	2.59791e-019	3.13571e-018	7.11293e-017	1.32468e-015	1.74789e-014	1.58902e-013	9.88325e-013	4.20981e-012	1.23568e-011	2.52458e-011	3.63882e-011	3.78091e-011	3.0288e-011	2.62509e-011	6.90913e-011	1.01168e-009	2.91372e-008	7.47006e-007	1.4042e-005	0.000184456	0.00165784	0.0100614	0.0409017	0.111041	0.201733	0.246881	0.205593	0.117974	0.0473015	0.0134461	0.00274983	0.000410432	4.53427e-005	3.76007e-006	2.37725e-007	1.16478e-008	4.55148e-010	1.49929e-011	4.60094e-013	1.4676e-014	4.92139e-016	1.58779e-017	4.55583e-019	1.13001e-020	2.44088e-022	4.71589e-024	8.4048e-026	1.41448e-027	2.65073e-029	1.91844e-030	4.53506e-031	1.10156e-031	
N28	8.71765e-022	1.15381e-021	1.24835e-021	1.37674e-021	5.75717e-021	1.1335e-019	2.67118e-018	4.75269e-017	5.93963e-016	5.2013e-015	3.31116e-014	1.63372e-013	6.49078e-013	2.02817e-012	4.77286e-012	8.27898e-012	1.06309e-011	1.06501e-011	1.23642e-011	7.46464e-011	2.29989e-009	8.05006e-008	2.14601e-006	4.07067e-005	0.000530238	0.00459497	0.0256683	0.0900575	0.195874	0.265395	0.228132	0.127507	0.0475664	0.0121484	0.00217536	0.000279179	2.62054e-005	1.83326e-006	9.73281e-008	4.00622e-009	1.34366e-010	4.45219e-012	2.29312e-013	1.84701e-014	1.49517e-015	1.01512e-016	5.58872e-018	2.48516e-019	8.94108e-021	2.61639e-022	6.3268e-024	1.3393e-025	2.98064e-027	9.13779e-029	3.63676e-030	1.42702e-031	4.82395e-033	1.52837e-034	
Carex_pairae	0	0	0	0	0	0	0	0	0	0	0	0	0	0	0	0	0	0	0	0	0	0	0	0	0	0	0	1	0	0	0	0	0	0	0	0	0	0	0	0	0	0	0	0	0	0	0	0	0	0	0	0	0	0	0	0	0	0	
Carex_divulsa	0	0	0	0	0	0	0	0	0	0	0	0	0	0	0	0	0	0	0	0	0	0	0	0	0	0	0	1	0	0	0	0	0	0	0	0	0	0	0	0	0	0	0	0	0	0	0	0	0	0	0	0	0	0	0	0	0	0	
N29	2.78058e-020	2.37611e-020	2.50579e-020	2.28613e-020	1.92081e-020	2.64059e-020	1.25462e-019	1.72491e-018	3.35594e-017	5.69587e-016	7.09588e-015	6.17229e-014	3.69708e-013	1.52286e-012	4.33547e-012	8.61238e-012	1.21175e-011	1.24747e-011	1.06478e-011	1.2948e-011	6.31921e-011	1.18573e-009	3.37588e-008	8.42423e-007	1.54902e-005	0.000199638	0.00176432	0.0105489	0.0423158	0.113503	0.203916	0.246912	0.20349	0.115558	0.0458462	0.0128925	0.00260762	0.000384828	4.20265e-005	3.44444e-006	2.15259e-007	1.0501e-008	4.67038e-010	4.75434e-011	1.36668e-011	3.78234e-012	7.95356e-013	1.25114e-013	1.47909e-014	1.3241e-015	9.05372e-017	4.77133e-018	1.95574e-019	6.29179e-021	1.61086e-022	5.71051e-024	5.86708e-024	1.07175e-023	
Carex_lamprocarpa	0	0	0	0	0	0	0	0	0	0	0	0	0	0	0	0	0	0	0	0	0	0	0	0	0	0	0	0	1	0	0	0	0	0	0	0	0	0	0	0	0	0	0	0	0	0	0	0	0	0	0	0	0	0	0	0	0	0	
Carex_otrubae	0	0	0	0	0	0	0	0	0	0	0	0	0	0	0	0	0	0	0	0	0	0	0	0	0	0	0	0	1	0	0	0	0	0	0	0	0	0	0	0	0	0	0	0	0	0	0	0	0	0	0	0	0	0	0	0	0	0	
N30	1.16399e-014	9.03227e-015	8.7035e-015	8.22578e-015	6.70402e-015	4.56907e-015	2.75553e-015	1.77168e-015	1.54965e-015	1.76615e-015	2.12352e-015	2.71333e-015	4.67525e-015	1.11428e-014	2.9582e-014	8.03894e-014	2.19893e-013	5.99342e-013	1.74763e-012	6.21244e-012	2.63509e-011	1.12651e-010	4.32355e-010	1.51179e-009	5.86092e-009	3.30513e-008	2.58829e-007	2.32822e-006	2.10535e-005	0.00016887	0.00109529	0.00547023	0.0205781	0.0577594	0.120525	0.186858	0.215526	0.18547	0.119567	0.058053	0.0213732	0.00599276	0.00128919	0.000215242	2.90419e-005	3.96746e-006	9.95614e-007	4.15061e-007	1.63295e-007	5.14046e-008	1.26562e-008	2.43524e-009	3.68002e-010	4.46955e-011	5.0008e-012	8.20217e-013	2.28717e-013	7.47971e-014	
N31	9.18822e-016	1.82874e-015	5.57477e-015	1.62149e-014	4.09786e-014	8.79051e-014	1.59031e-013	2.433e-013	3.20822e-013	3.918e-013	5.50461e-013	1.28007e-012	5.71336e-012	3.69987e-011	2.42546e-010	1.35342e-009	6.08753e-009	2.17431e-008	6.14728e-008	1.38093e-007	2.47714e-007	3.59268e-007	4.37643e-007	5.10025e-007	7.92588e-007	2.38875e-006	1.31352e-005	8.72986e-005	0.000525084	0.00257802	0.0100084	0.0303482	0.0714243	0.130037	0.182991	0.199334	0.168685	0.111492	0.0579541	0.0238943	0.00790285	0.00212484	0.000477592	9.50624e-005	1.85818e-005	3.9587e-006	9.15816e-007	2.09366e-007	4.38722e-008	8.2076e-009	1.37674e-009	2.10838e-010	3.00628e-011	4.03477e-012	5.08466e-013	5.94862e-014	6.43466e-015	7.80177e-016	
Carex_ovalis	0	0	0	0	0	0	0	0	0	0	0	0	0	0	0	0	0	0	0	0	0	0	0	0	0	0	0	0	0	0	0	0	1	0	0	0	0	0	0	0	0	0	0	0	0	0	0	0	0	0	0	0	0	0	0	0	0	0	
Carex_xerantica	0	0	0	0	0	0	0	0	0	0	0	0	0	0	0	0	0	0	0	0	0	0	0	0	0	0	0	0	0	0	0	0	0	1	0	0	0	0	0	0	0	0	0	0	0	0	0	0	0	0	0	0	0	0	0	0	0	0	
N32	1.41846e-015	9.01981e-016	6.82629e-016	5.28292e-016	3.7703e-016	2.47402e-016	1.67071e-016	1.37303e-016	1.39106e-016	1.56685e-016	1.97889e-016	3.14506e-016	6.63169e-016	1.74806e-015	5.45361e-015	2.01887e-014	8.87238e-014	4.29126e-013	2.03557e-012	8.7932e-012	3.40427e-011	1.236e-010	4.75045e-010	2.33073e-009	1.63798e-008	1.49723e-007	1.46306e-006	1.31915e-005	0.00010102	0.000628641	0.00310199	0.0119626	0.0357249	0.0821248	0.144776	0.195343	0.201678	0.159535	0.0969696	0.0454899	0.0165729	0.00470865	0.0010512	0.000186467	2.70296e-005	3.57933e-006	6.18364e-007	1.8835e-007	7.46783e-008	2.92538e-008	1.03065e-008	3.11371e-009	7.82865e-010	1.62919e-010	3.00335e-011	6.56698e-012	2.31831e-012	1.15809e-012	
Carex_chordorrhiza	0	0	0	0	0	0	0	0	0	0	0	0	0	0	0	0	0	0	0	0	0	0	0	0	0	0	0	0	0	0	1	0	0	0	0	0	0	0	0	0	0	0	0	0	0	0	0	0	0	0	0	0	0	0	0	0	0	0	
N33	7.37958e-018	1.12557e-017	1.60387e-017	1.73561e-017	1.44459e-017	9.65139e-018	6.79265e-018	1.69498e-017	1.66367e-016	2.59194e-015	3.91206e-014	4.50898e-013	3.69959e-012	2.12189e-011	8.48448e-011	2.37607e-010	4.70487e-010	6.67746e-010	6.93576e-010	5.55988e-010	4.22001e-010	6.42591e-010	4.36141e-009	7.48099e-008	1.45562e-006	2.27128e-005	0.000257861	0.0020628	0.011434	0.043452	0.11261	0.199029	0.241165	0.202276	0.118942	0.0497529	0.0150344	0.00333334	0.00055058	6.87733e-005	6.59899e-006	4.93734e-007	2.94453e-008	1.45232e-009	6.34085e-011	2.71349e-012	1.22686e-013	5.70729e-015	2.52118e-016	1.00275e-017	3.53948e-019	1.11674e-020	3.19214e-022	8.34588e-024	1.9976e-025	4.35011e-027	8.5676e-029	1.70963e-030	
Carex_marina	0	0	0	0	0	0	0	0	0	0	0	0	0	0	0	0	0	0	0	0	0	0	0	0	0	0	0	0	0	0	1	0	0	0	0	0	0	0	0	0	0	0	0	0	0	0	0	0	0	0	0	0	0	0	0	0	0	0	
N34	1.12482e-019	1.63814e-019	2.23326e-019	2.39087e-019	2.56403e-019	4.18892e-019	1.12762e-018	5.08848e-018	4.56091e-017	6.3641e-016	8.31545e-015	8.11563e-014	5.58124e-013	2.66742e-012	8.85117e-012	2.05105e-011	3.36516e-011	4.06714e-011	4.2374e-011	5.91888e-011	1.47595e-010	6.41089e-010	6.24116e-009	1.17971e-007	2.35071e-006	3.63376e-005	0.000400948	0.00307071	0.0160791	0.0570359	0.136488	0.220559	0.242093	0.182294	0.0953828	0.0351908	0.0092974	0.00178668	0.000253612	2.69966e-005	2.1894e-006	1.37222e-007	6.79098e-009	2.8109e-010	1.2793e-011	1.19866e-012	1.85234e-013	2.6638e-014	3.07203e-015	2.78306e-016	1.98084e-017	1.11258e-018	4.96138e-020	1.77437e-021	5.48223e-023	3.0234e-024	6.16203e-025	1.51275e-025	
Carex_canescens	0	0	0	0	0	0	0	0	0	0	0	0	0	0	0	0	0	0	0	0	0	0	0	0	0	0	0	1	0	0	0	0	0	0	0	0	0	0	0	0	0	0	0	0	0	0	0	0	0	0	0	0	0	0	0	0	0	0	
Carex_lachenalii	0	0	0	0	0	0	0	0	0	0	0	0	0	0	0	0	0	0	0	0	0	0	0	0	0	0	0	0	0	0	1	0	0	0	0	0	0	0	0	0	0	0	0	0	0	0	0	0	0	0	0	0	0	0	0	0	0	0	
N35	9.81808e-013	1.48809e-012	3.37696e-012	7.45516e-012	1.45955e-011	2.50337e-011	3.76476e-011	4.97974e-011	5.83703e-011	6.17395e-011	6.14557e-011	6.37495e-011	8.82109e-011	2.23456e-010	9.24094e-010	4.37535e-009	1.97163e-008	7.89701e-008	2.74487e-007	8.30604e-007	2.24124e-006	5.63678e-006	1.37794e-005	3.2935e-005	7.43746e-005	0.000153149	0.000283554	0.000480736	0.000797459	0.00146591	0.00327704	0.00829151	0.0204884	0.0448949	0.083478	0.129228	0.165136	0.173577	0.149994	0.106735	0.0627794	0.0305927	0.0124178	0.00422269	0.00121014	0.000294041	6.09397e-005	1.08356e-005	1.66236e-006	2.2126e-007	2.5687e-008	2.6151e-009	2.34767e-010	1.86979e-011	1.33072e-012	8.55097e-014	5.09013e-015	3.34551e-016	
N36	2.58136e-010	3.0962e-010	5.51888e-010	1.05513e-009	2.02048e-009	3.87887e-009	7.72741e-009	1.70957e-008	4.55615e-008	1.51893e-007	6.04732e-007	2.61319e-006	1.1242e-005	4.55488e-005	0.000168603	0.000561301	0.00166707	0.00439797	0.0102798	0.0213134	0.0391639	0.0637789	0.0921008	0.118079	0.134234	0.135495	0.121584	0.0971079	0.0691223	0.0439084	0.0249256	0.0126629	0.00576554	0.00235622	0.000865618	0.000286325	8.54174e-005	2.30244e-005	5.61977e-006	1.24547e-006	2.51707e-007	4.65548e-008	7.947e-009	1.26884e-009	1.93375e-010	2.89118e-011	4.36384e-012	6.76838e-013	1.07608e-013	1.72139e-014	2.70987e-015	4.12744e-016	6.02228e-017	8.3786e-018	1.10976e-018	1.39996e-019	1.70376e-020	2.47226e-021	
Carex_livida	0	0	0	0	0	0	0	0	0	0	0	0	0	0	0	1	0	0	0	0	0	0	0	0	0	0	0	0	0	0	0	0	0	0	0	0	0	0	0	0	0	0	0	0	0	0	0	0	0	0	0	0	0	0	0	0	0	0	
Carex_panicea	0	0	0	0	0	0	0	0	0	0	0	0	0	0	0	1	0	0	0	0	0	0	0	0	0	0	0	0	0	0	0	0	0	0	0	0	0	0	0	0	0	0	0	0	0	0	0	0	0	0	0	0	0	0	0	0	0	0	
N37	2.583e-015	4.71003e-015	1.24733e-014	3.19607e-014	8.01329e-014	2.09073e-013	5.52943e-013	1.36086e-012	2.92466e-012	5.34881e-012	8.29417e-012	1.09819e-011	1.26443e-011	1.33816e-011	1.64843e-011	4.72511e-011	3.41022e-010	3.09239e-009	2.61813e-008	1.88145e-007	1.10123e-006	5.16068e-006	1.92695e-005	5.75104e-005	0.000138279	0.000273076	0.000456194	0.000672576	0.000935755	0.00140547	0.00278244	0.00733003	0.0203681	0.0498432	0.0995424	0.157518	0.195014	0.18779	0.140335	0.0813989	0.0367337	0.01291	0.00354967	0.000767899	0.000131577	1.79983e-005	1.98439e-006	1.78579e-007	1.33553e-008	8.52626e-010	4.82659e-011	2.53188e-012	1.27749e-013	6.45352e-015	3.66087e-016	2.73451e-017	2.40734e-018	2.18928e-019	
N38	1.34095e-015	2.32747e-015	5.41968e-015	1.28595e-014	2.98183e-014	6.52448e-014	1.31038e-013	2.38405e-013	3.94279e-013	6.11082e-013	9.7974e-013	2.05962e-012	7.20776e-012	3.80379e-011	2.39176e-010	1.55579e-009	9.72461e-009	5.58968e-008	2.86861e-007	1.28985e-006	5.00496e-006	1.66076e-005	4.6996e-005	0.000114067	0.00024167	0.00046923	0.000916002	0.0019967	0.00490655	0.0123072	0.028503	0.0576116	0.0989411	0.142418	0.170414	0.168538	0.13717	0.0915788	0.0500491	0.0223715	0.00818592	0.00245037	0.0006016	0.000121572	2.03114e-005	2.82052e-006	3.27732e-007	3.22961e-008	2.86714e-009	3.12503e-010	7.15343e-011	2.50109e-011	8.45033e-012	2.51887e-012	6.85306e-013	1.84786e-013	5.2891e-014	1.82364e-014	
Carex_fuliginosa	0	0	0	0	0	0	0	0	0	0	0	0	0	0	0	0	0	0	0	1	0	0	0	0	0	0	0	0	0	0	0	0	0	0	0	0	0	0	0	0	0	0	0	0	0	0	0	0	0	0	0	0	0	0	0	0	0	0	
N39	3.55688e-015	3.95181e-015	6.70409e-015	1.34488e-014	3.17833e-014	9.11686e-014	3.08332e-013	1.15604e-012	4.61163e-012	1.93296e-011	8.50826e-011	3.91605e-010	1.85603e-009	8.83175e-009	4.09746e-008	1.80528e-007	7.41342e-007	2.81266e-006	9.87465e-006	3.25058e-005	0.000101849	0.000307099	0.000889731	0.00244076	0.00619295	0.0142487	0.0292772	0.0531636	0.0847229	0.11793	0.142885	0.150292	0.136938	0.107882	0.0733733	0.0430276	0.0217355	0.00945284	0.00353895	0.00114107	0.00031736	7.60918e-005	1.57573e-005	2.82581e-006	4.4094e-007	6.06078e-008	7.64644e-009	1.00889e-009	1.76888e-010	4.34889e-011	1.20235e-011	3.2059e-012	7.98652e-013	1.90497e-013	4.52518e-014	1.08855e-014	2.6301e-015	7.48988e-016	
Carex_glacialis	0	0	0	0	0	0	0	0	0	0	0	0	0	0	0	0	1	0	0	0	0	0	0	0	0	0	0	0	0	0	0	0	0	0	0	0	0	0	0	0	0	0	0	0	0	0	0	0	0	0	0	0	0	0	0	0	0	0	
N40	1.69085e-011	3.39e-011	1.03103e-010	3.54914e-010	1.3058e-009	4.89257e-009	1.79709e-008	6.34254e-008	2.14858e-007	7.10719e-007	2.36434e-006	8.09823e-006	2.84293e-005	9.89737e-005	0.000328156	0.00100408	0.00278012	0.00688895	0.0151811	0.0297208	0.0515865	0.0793153	0.108004	0.130323	0.139094	0.131397	0.109915	0.0814592	0.0535155	0.0311851	0.0161305	0.00741152	0.00302754	0.00110049	0.000356306	0.000102869	2.65171e-005	6.11275e-006	1.26294e-006	2.34713e-007	3.95173e-008	6.09276e-009	8.81818e-010	1.25233e-010	1.85273e-011	2.97931e-012	5.15117e-013	9.13238e-014	1.59548e-014	2.71077e-015	4.51803e-016	7.5137e-017	1.25817e-017	2.10278e-018	3.43083e-019	5.3406e-020	7.90371e-021	1.362e-021	
Carex_pilulifera	0	0	0	0	0	0	0	0	1	0	0	0	0	0	0	0	0	0	0	0	0	0	0	0	0	0	0	0	0	0	0	0	0	0	0	0	0	0	0	0	0	0	0	0	0	0	0	0	0	0	0	0	0	0	0	0	0	0	
Carex_humilis	0	0	0	0	0	0	0	0	0	0	0	0	0	0	0	0	0	1	0	0	0	0	0	0	0	0	0	0	0	0	0	0	0	0	0	0	0	0	0	0	0	0	0	0	0	0	0	0	0	0	0	0	0	0	0	0	0	0	
N41	5.16871e-017	1.20418e-016	4.41679e-016	1.74842e-015	6.79876e-015	2.428e-014	7.54392e-014	1.98222e-013	4.38132e-013	8.24011e-013	1.35481e-012	2.03082e-012	2.91085e-012	4.14709e-012	6.31633e-012	1.57153e-011	1.1665e-010	1.34188e-009	1.41647e-008	1.21927e-007	8.26057e-007	4.33982e-006	1.75962e-005	5.53052e-005	0.000136447	0.000271784	0.000454353	0.000664456	0.000888375	0.00118212	0.00188886	0.00432567	0.0124751	0.0347052	0.0800061	0.143959	0.197626	0.205108	0.160402	0.0945218	0.0421139	0.014265	0.0037712	0.000852927	0.000207689	6.5164e-005	2.20773e-005	6.49469e-006	1.53172e-006	2.8501e-007	4.18963e-008	4.8958e-009	4.61333e-010	3.7687e-011	3.8422e-012	7.7589e-013	1.93793e-013	4.36825e-014	
Carex_atrofusca	0	0	0	0	0	0	0	0	0	0	0	0	0	0	0	0	0	0	1	0	0	0	0	0	0	0	0	0	0	0	0	0	0	0	0	0	0	0	0	0	0	0	0	0	0	0	0	0	0	0	0	0	0	0	0	0	0	0	
N42	2.52064e-019	5.48756e-019	2.34902e-018	1.11155e-017	4.83358e-017	1.81621e-016	5.82106e-016	1.62889e-015	4.21698e-015	1.09401e-014	3.03347e-014	9.09674e-014	2.86683e-013	9.32194e-013	3.18114e-012	1.15172e-011	4.27303e-011	1.603e-010	6.89295e-010	4.12561e-009	3.17121e-008	2.4335e-007	1.60419e-006	8.51366e-006	3.52144e-005	0.000111815	0.000271466	0.000509555	0.000771239	0.00104432	0.00152778	0.0029988	0.0081857	0.0244409	0.063147	0.127071	0.192061	0.215447	0.178761	0.109768	0.0501137	0.0171916	0.00466315	0.00120005	0.000402731	0.000171276	6.77478e-005	2.14534e-005	5.24435e-006	9.83826e-007	1.418e-007	1.57547e-008	1.35699e-009	9.2738e-011	6.26819e-012	1.04999e-012	3.49861e-013	1.08287e-013	
N43	2.51648e-020	1.12346e-019	6.99315e-019	4.17471e-018	2.31347e-017	1.1899e-016	5.68481e-016	2.51758e-015	1.02793e-014	3.83127e-014	1.28719e-013	3.86085e-013	1.03654e-012	2.56687e-012	6.38468e-012	1.90287e-011	8.51042e-011	5.83083e-010	4.79349e-009	3.8133e-008	2.64934e-007	1.54032e-006	7.34068e-006	2.83034e-005	8.71797e-005	0.000212948	0.000412121	0.000642929	0.000862516	0.00117278	0.00207654	0.00522946	0.0153123	0.041395	0.0913686	0.156527	0.203968	0.200478	0.148167	0.0823853	0.0346594	0.0111838	0.00290233	0.00068272	0.000172823	4.81257e-005	1.25987e-005	2.73373e-006	4.69158e-007	6.34204e-008	6.93655e-009	6.61237e-010	6.24486e-011	6.40657e-012	7.08345e-013	9.12241e-014	1.59584e-014	3.79136e-015	
N44	2.06099e-017	4.78654e-017	1.43314e-016	4.32445e-016	1.31976e-015	4.14894e-015	1.38222e-014	5.12554e-014	2.23283e-013	1.14621e-012	6.49073e-012	3.73835e-011	2.07237e-010	1.07548e-009	5.17139e-009	2.30269e-008	9.52956e-008	3.67577e-007	1.31861e-006	4.37331e-006	1.32529e-005	3.63296e-005	8.99309e-005	0.000204082	0.000441063	0.000965844	0.00223819	0.00538351	0.0126242	0.0272551	0.0522914	0.0874196	0.125854	0.154756	0.161489	0.14224	0.105287	0.0652809	0.0338489	0.0146882	0.00535915	0.00165591	0.000440788	0.000103873	2.24394e-005	4.57892e-006	8.90271e-007	1.63156e-007	2.83164e-008	5.11484e-009	1.20563e-009	4.00429e-010	1.50937e-010	5.53003e-011	1.93942e-011	6.77115e-012	2.44324e-012	1.06666e-012	
N45	1.67333e-016	1.2333e-014	3.95893e-012	1.03998e-009	1.90925e-007	2.23756e-005	0.00148761	0.0460649	0.443681	0.388555	0.105784	0.013399	0.000960788	4.37577e-005	1.36475e-006	3.07887e-008	6.9324e-010	4.26302e-010	7.93889e-010	1.17049e-009	1.32843e-009	1.13738e-009	7.1135e-010	3.08285e-010	8.41862e-011	1.18891e-011	4.71101e-013	9.71532e-015	1.2792e-016	1.18926e-018	8.2887e-021	4.50721e-023	1.96795e-025	7.05214e-028	2.11088e-030	5.35651e-033	1.16768e-035	2.21435e-038	3.70002e-041	5.52309e-044	7.47912e-047	9.33261e-050	1.09137e-052	1.21342e-055	1.29432e-058	1.32767e-061	1.30553e-064	1.22354e-067	1.08645e-070	9.09762e-074	7.16097e-077	5.28722e-080	3.65654e-083	2.366e-086	1.43091e-089	8.08027e-093	4.25601e-096	2.13654e-099	
Carex_capillaris	0	0	0	0	0	0	0	0	1	0	0	0	0	0	0	0	0	0	0	0	0	0	0	0	0	0	0	0	0	0	0	0	0	0	0	0	0	0	0	0	0	0	0	0	0	0	0	0	0	0	0	0	0	0	0	0	0	0	
Carex_halleriana	0	0	0	0	0	0	0	0	0	0	0	0	0	0	0	0	0	0	0	0	0	0	0	0	0	1	0	0	0	0	0	0	0	0	0	0	0	0	0	0	0	0	0	0	0	0	0	0	0	0	0	0	0	0	0	0	0	0	
Carex_baccans	0	0	0	0	0	0	0	0	0	0	0	0	0	0	0	0	0	0	0	0	0	0	1	0	0	0	0	0	0	0	0	0	0	0	0	0	0	0	0	0	0	0	0	0	0	0	0	0	0	0	0	0	0	0	0	0	0	0	
N46	2.81971e-020	1.34964e-019	9.55201e-019	6.7008e-018	4.3625e-017	2.59961e-016	1.41757e-015	7.11226e-015	3.31586e-014	1.45429e-013	6.05945e-013	2.40211e-012	8.98615e-012	3.13333e-011	1.01065e-010	3.05195e-010	9.30535e-010	3.51812e-009	1.91787e-008	1.2399e-007	7.48513e-007	3.81037e-006	1.5795e-005	5.26018e-005	0.000139726	0.000296774	0.000510351	0.000732384	0.000935342	0.00122211	0.00209648	0.0052822	0.0152961	0.0400468	0.0857947	0.145182	0.191353	0.195257	0.153951	0.0939102	0.0445507	0.0165702	0.00495507	0.0012748	0.000334938	0.000116463	5.6573e-005	3.16111e-005	1.7116e-005	8.1531e-006	3.24277e-006	1.04941e-006	2.7481e-007	6.05777e-008	1.38591e-008	4.90581e-009	2.40548e-009	1.29502e-009	
Carex_echinochloe	0	0	0	0	0	0	0	0	0	0	0	0	0	0	0	0	0	0	0	0	1	0	0	0	0	0	0	0	0	0	0	0	0	0	0	0	0	0	0	0	0	0	0	0	0	0	0	0	0	0	0	0	0	0	0	0	0	0	
N47	1.57705e-019	8.76128e-019	7.13383e-018	5.75159e-017	4.17179e-016	2.62611e-015	1.41322e-014	6.45049e-014	2.48676e-013	8.08308e-013	2.21743e-012	5.16279e-012	1.03587e-011	1.85625e-011	3.1973e-011	5.9988e-011	1.4464e-010	4.97046e-010	2.15312e-009	9.41953e-009	3.65183e-008	1.19902e-007	3.32172e-007	7.93275e-007	1.70549e-006	3.53193e-006	7.54903e-006	1.74428e-005	4.55417e-005	0.00014269	0.000529717	0.00205216	0.00727228	0.0218071	0.0532187	0.103631	0.159364	0.192554	0.182499	0.135849	0.079812	0.0373297	0.014367	0.00504541	0.00203605	0.00109976	0.000667712	0.0003723	0.000175572	6.82397e-005	2.1725e-005	5.72967e-006	1.32171e-006	3.08901e-007	8.68404e-008	2.77124e-008	8.36181e-009	2.64518e-009	
N48	4.20618e-017	1.45463e-016	5.85493e-016	2.20538e-015	7.63329e-015	2.40171e-014	6.81906e-014	1.74273e-013	4.02774e-013	8.54866e-013	1.71873e-012	3.44306e-012	7.3322e-012	1.7524e-011	4.76185e-011	1.42887e-010	4.51977e-010	1.43887e-009	4.43199e-009	1.28664e-008	3.48671e-008	8.88919e-008	2.17848e-007	5.29059e-007	1.31985e-006	3.54066e-006	1.06878e-005	3.68661e-005	0.000139463	0.000534359	0.00192115	0.00614418	0.0169182	0.0393311	0.0762683	0.122403	0.161779	0.17559	0.15637	0.114419	0.0691228	0.0347272	0.01484	0.00567942	0.00214549	0.000888039	0.000404467	0.000185487	8.01361e-005	3.2659e-005	1.32179e-005	5.55747e-006	2.38785e-006	1.00588e-006	4.29591e-007	2.15154e-007	1.36277e-007	1.08069e-007	
Carex_pendula	0	0	0	0	0	0	0	0	0	0	0	0	0	0	0	0	0	0	0	0	0	0	0	0	0	0	0	0	1	0	0	0	0	0	0	0	0	0	0	0	0	0	0	0	0	0	0	0	0	0	0	0	0	0	0	0	0	0	
N49	2.56104e-011	2.30319e-011	2.33732e-011	2.25403e-011	3.27453e-011	9.14206e-011	2.74447e-010	6.69699e-010	1.26303e-009	1.83274e-009	2.15762e-009	2.93254e-009	8.19826e-009	3.01047e-008	9.06693e-008	2.0411e-007	3.40177e-007	4.2931e-007	4.92477e-007	9.8422e-007	3.61941e-006	1.27282e-005	3.5005e-005	7.35624e-005	0.000120121	0.00018172	0.000480835	0.00231293	0.0103768	0.0352234	0.0878956	0.160669	0.215043	0.210804	0.151687	0.0806252	0.0320324	0.00966995	0.00226096	0.000418088	6.25717e-005	7.75932e-006	8.20842e-007	7.65482e-008	6.50162e-009	5.15426e-010	3.85068e-011	2.69951e-012	1.75764e-013	1.05313e-014	5.7761e-016	2.89428e-017	1.32488e-018	5.54394e-020	2.12189e-021	7.4309e-023	2.38636e-024	8.10137e-026	
Carex_hostiana	0	0	0	0	0	0	0	0	0	0	0	0	0	0	0	0	0	0	0	0	0	0	0	0	0	0	0	1	0	0	0	0	0	0	0	0	0	0	0	0	0	0	0	0	0	0	0	0	0	0	0	0	0	0	0	0	0	0	
Carex_viridula	0	0	0	0	0	0	0	0	0	0	0	0	0	0	0	0	0	0	0	0	0	0	0	0	0	0	0	0	0	0	0	0	0	0	1	0	0	0	0	0	0	0	0	0	0	0	0	0	0	0	0	0	0	0	0	0	0	0	
N50	1.18792e-017	3.42429e-017	1.415e-016	5.86691e-016	2.25139e-015	7.7537e-015	2.37842e-014	6.51853e-014	1.61136e-013	3.66334e-013	8.00452e-013	1.82343e-012	4.67853e-012	1.32886e-011	3.80108e-011	1.0156e-010	2.47959e-010	5.67799e-010	1.31061e-009	3.31121e-009	9.62134e-009	3.12371e-008	1.06211e-007	3.60606e-007	1.20645e-006	3.97798e-006	1.29266e-005	4.07988e-005	0.000123008	0.000356916	0.00103386	0.00305986	0.00890522	0.0236106	0.0535084	0.0999126	0.150969	0.183136	0.177891	0.138484	0.0867699	0.0440073	0.0183718	0.00654188	0.0021322	0.000707148	0.000258034	0.000101406	3.96942e-005	1.44979e-005	4.75279e-006	1.37783e-006	3.59198e-007	8.94985e-008	2.31101e-008	6.26937e-009	1.67834e-009	4.9759e-010	
N51	8.81261e-016	1.60986e-015	4.55006e-015	1.4348e-014	4.72808e-014	1.56178e-013	4.99404e-013	1.50723e-012	4.22797e-012	1.09483e-011	2.61817e-011	5.82584e-011	1.22622e-010	2.51186e-010	5.21469e-010	1.14257e-009	2.69465e-009	6.80929e-009	1.83051e-008	5.19192e-008	1.52774e-007	4.48884e-007	1.26113e-006	3.29624e-006	8.02229e-006	1.86421e-005	4.31069e-005	0.000102167	0.000248433	0.000614475	0.00154783	0.00394877	0.00985175	0.0227946	0.0467263	0.0824436	0.123296	0.155167	0.163889	0.145287	0.10835	0.0680541	0.0362728	0.0167155	0.0070195	0.00305935	0.0016479	0.00109652	0.000759841	0.000486121	0.000276735	0.000141489	6.75826e-005	3.18601e-005	1.53164e-005	7.37844e-006	3.48671e-006	1.86339e-006	
Carex_punctata	0	0	0	0	0	0	0	0	0	0	0	0	0	0	0	0	0	0	0	0	0	0	0	0	0	0	0	0	0	0	0	0	0	1	0	0	0	0	0	0	0	0	0	0	0	0	0	0	0	0	0	0	0	0	0	0	0	0	
Carex_hochstetteriana	0	0	0	0	0	0	0	0	0	0	0	0	0	0	0	0	0	0	0	0	0	0	0	0	0	0	0	0	0	0	0	0	0	0	0	0	0	1	0	0	0	0	0	0	0	0	0	0	0	0	0	0	0	0	0	0	0	0	
N52	6.23407e-016	1.45074e-015	4.6755e-015	1.46006e-014	4.18779e-014	1.08221e-013	2.49021e-013	5.07588e-013	9.21292e-013	1.5198e-012	2.37767e-012	3.78913e-012	6.81698e-012	1.5723e-011	5.17055e-011	2.34336e-010	1.22633e-009	6.31057e-009	2.9325e-008	1.18964e-007	4.16525e-007	1.26332e-006	3.37496e-006	8.20835e-006	1.91694e-005	4.65889e-005	0.000127311	0.000395855	0.00130522	0.00415551	0.0119058	0.0294151	0.0611755	0.10566	0.150413	0.175765	0.168278	0.131964	0.0848604	0.0448718	0.01961	0.00711815	0.00217065	0.000566156	0.000129762	2.70894e-005	5.34317e-006	1.01833e-006	1.8761e-007	3.30318e-008	5.51957e-009	8.79969e-010	1.35928e-010	2.07335e-011	3.1646e-012	4.81498e-013	7.20378e-014	1.26291e-014	
Carex_comans	0	0	0	0	0	0	0	0	0	0	0	0	0	0	0	0	0	0	0	1	0	0	0	0	0	0	0	0	0	0	0	0	0	0	0	0	0	0	0	0	0	0	0	0	0	0	0	0	0	0	0	0	0	0	0	0	0	0	
N53	1.1367e-015	2.02372e-015	4.82032e-015	1.11875e-014	2.43347e-014	4.94666e-014	9.54544e-014	1.81711e-013	3.62408e-013	8.07163e-013	2.08291e-012	6.15405e-012	1.97347e-011	6.48408e-011	2.12589e-010	7.02149e-010	2.37568e-009	8.13451e-009	2.7086e-008	8.49275e-008	2.4994e-007	7.12592e-007	2.06493e-006	6.22872e-006	1.91401e-005	5.82107e-005	0.000175051	0.000532133	0.00163989	0.00491269	0.0134549	0.0320911	0.06476	0.108924	0.151575	0.17392	0.164364	0.127983	0.0822374	0.0437337	0.0193425	0.00714576	0.00223524	0.000614771	0.000166604	5.61145e-005	2.6128e-005	1.37243e-005	6.73222e-006	2.87382e-006	1.04688e-006	3.24417e-007	8.65681e-008	2.1433e-008	6.50572e-009	3.22347e-009	1.97285e-009	1.29802e-009	
Carex_extensa	0	0	0	0	0	0	0	0	0	0	0	0	0	0	0	0	0	0	0	0	0	0	0	0	0	0	0	0	0	1	0	0	0	0	0	0	0	0	0	0	0	0	0	0	0	0	0	0	0	0	0	0	0	0	0	0	0	0	
Carex_distans	0	0	0	0	0	0	0	0	0	0	0	0	0	0	0	0	0	0	0	0	0	0	0	0	0	0	0	0	0	0	0	0	0	0	1	0	0	0	0	0	0	0	0	0	0	0	0	0	0	0	0	0	0	0	0	0	0	0	
N54	8.81885e-021	2.14951e-020	9.51841e-020	4.83687e-019	2.69493e-018	1.66383e-017	1.0853e-016	6.90092e-016	4.02319e-015	2.07989e-014	9.3946e-014	3.69764e-013	1.27878e-012	3.96887e-012	1.14314e-011	3.16599e-011	8.60711e-011	2.32527e-010	6.58385e-010	2.15671e-009	8.41586e-009	3.47601e-008	1.35042e-007	4.73411e-007	1.51284e-006	4.51168e-006	1.27627e-005	3.43209e-005	8.77748e-005	0.000217542	0.000553765	0.00156199	0.00483264	0.0145868	0.0383088	0.0821433	0.139693	0.186043	0.1931	0.15614	0.0986933	0.0490189	0.019552	0.00677292	0.00263757	0.00163842	0.0013993	0.00118302	0.000864235	0.000520481	0.000253023	9.86434e-005	3.14234e-005	8.99594e-006	2.94684e-006	1.28129e-006	6.04523e-007	3.06079e-007	
N55	5.45552e-017	1.62323e-016	5.84667e-016	2.01033e-015	6.50093e-015	1.97085e-014	5.61301e-014	1.51428e-013	3.92943e-013	1.00195e-012	2.57051e-012	6.76676e-012	1.84615e-011	5.21579e-011	1.5135e-010	4.45938e-010	1.31743e-009	3.85539e-009	1.10814e-008	3.12345e-008	8.67968e-008	2.40136e-007	6.68613e-007	1.89455e-006	5.52281e-006	1.67366e-005	5.27722e-005	0.000170484	0.000547174	0.00168016	0.00476477	0.012136	0.0272083	0.0529522	0.0886111	0.126676	0.154034	0.158897	0.138917	0.103026	0.0650775	0.035222	0.0166601	0.00720225	0.00309759	0.00146148	0.000769841	0.000418324	0.0002161	0.000102275	4.43495e-005	1.80558e-005	7.18601e-006	2.9335e-006	1.28258e-006	6.10843e-007	3.15051e-007	1.94143e-007	
Carex_scirpoidea	0	0	0	0	0	0	0	0	0	0	0	0	0	0	0	0	0	0	0	0	0	0	0	0	0	0	0	0	0	0	1	0	0	0	0	0	0	0	0	0	0	0	0	0	0	0	0	0	0	0	0	0	0	0	0	0	0	0	
Carex_debilis	0	0	0	0	0	0	0	0	0	0	0	0	0	0	0	0	0	0	0	0	0	0	0	0	0	0	1	0	0	0	0	0	0	0	0	0	0	0	0	0	0	0	0	0	0	0	0	0	0	0	0	0	0	0	0	0	0	0	
N56	1.69102e-019	6.33851e-019	3.34995e-018	1.9009e-017	1.08308e-016	5.91098e-016	2.99727e-015	1.38628e-014	5.78133e-014	2.15632e-013	7.14756e-013	2.09627e-012	5.4332e-012	1.25042e-011	2.5976e-011	5.06257e-011	9.96702e-011	2.19889e-010	5.8859e-010	1.8899e-009	6.81315e-009	2.56005e-008	9.46284e-008	3.31301e-007	1.07801e-006	3.23777e-006	9.06119e-006	2.42908e-005	6.51803e-005	0.000182757	0.000541698	0.0016451	0.0048509	0.0131693	0.0315265	0.0644512	0.110037	0.154646	0.177416	0.165542	0.12568	0.0777455	0.0396459	0.0172211	0.0069839	0.00319922	0.00191775	0.00135244	0.000943669	0.000596919	0.00033065	0.00015842	6.64252e-005	2.59466e-005	1.07672e-005	5.19246e-006	2.71748e-006	1.60988e-006	
N57	4.9712e-014	1.11502e-013	4.00155e-013	1.48123e-012	5.35047e-012	1.94249e-011	7.19827e-011	2.63077e-010	8.9636e-010	2.72572e-009	7.22334e-009	1.65116e-008	3.24699e-008	5.5072e-008	8.13327e-008	1.07244e-007	1.3462e-007	1.86799e-007	3.66761e-007	1.1542e-006	4.77506e-006	2.02101e-005	7.69831e-005	0.000251337	0.000689736	0.00158186	0.00302819	0.00484926	0.0065578	0.0077453	0.00888012	0.0121569	0.0217376	0.0423977	0.0758472	0.116251	0.149683	0.161118	0.14494	0.109172	0.0691316	0.0369402	0.0168282	0.00664839	0.00234203	0.000765707	0.000242809	7.67099e-005	2.40128e-005	7.25171e-006	2.0579e-006	5.40055e-007	1.30125e-007	2.87089e-008	5.79247e-009	1.06887e-009	1.83241e-010	3.62561e-011	
Carex_grayi	0	0	0	0	0	0	0	0	0	0	0	0	0	0	0	0	0	0	0	0	0	0	0	0	0	1	0	0	0	0	0	0	0	0	0	0	0	0	0	0	0	0	0	0	0	0	0	0	0	0	0	0	0	0	0	0	0	0	
N58	1.73412e-013	3.86877e-013	1.46828e-012	6.09007e-012	2.37319e-011	8.09876e-011	2.3544e-010	5.80541e-010	1.22342e-009	2.22938e-009	3.54703e-009	4.94988e-009	6.07139e-009	6.63147e-009	6.85815e-009	8.01585e-009	1.37592e-008	3.88366e-008	1.5633e-007	6.78509e-007	2.61287e-006	8.26629e-006	2.09806e-005	4.24892e-005	6.85842e-005	8.8821e-005	9.39347e-005	8.57025e-005	7.91166e-005	9.91121e-005	0.000207045	0.000672378	0.00255308	0.00890221	0.0257447	0.0597454	0.110051	0.160307	0.184679	0.168979	0.124216	0.0750393	0.0393087	0.0195398	0.0100015	0.00522176	0.00256282	0.00110328	0.00040403	0.000125714	3.41215e-005	8.63242e-006	2.25378e-006	6.41778e-007	1.8719e-007	5.04784e-008	1.19965e-008	3.04724e-009	
Carex_saxatilis	0	0	0	0	0	0	0	0	0	0	0	0	0	0	0	0	0	0	0	0	0	0	0	0	0	0	0	0	0	0	0	0	0	0	0	0	0	0	1	0	0	0	0	0	0	0	0	0	0	0	0	0	0	0	0	0	0	0	
N59	9.63795e-019	3.99494e-016	9.26486e-014	3.54217e-013	2.09495e-014	4.21127e-016	4.23442e-018	2.52428e-020	9.80814e-023	2.63761e-025	5.1176e-028	8.59195e-031	4.23259e-031	3.66716e-028	1.61194e-024	4.83184e-021	9.21864e-018	1.01147e-014	5.35523e-012	9.27544e-010	2.37829e-009	9.11351e-011	1.17349e-012	7.59697e-015	2.9643e-017	7.708e-020	1.41693e-022	2.54998e-025	2.38818e-025	3.48473e-022	1.49665e-018	4.58016e-015	9.48683e-012	1.2411e-008	9.24091e-006	0.00327439	0.372281	0.609899	0.0144259	0.000110159	4.04756e-007	8.59779e-010	1.1798e-012	1.12949e-015	8.0017e-019	4.40387e-022	1.9656e-025	7.40302e-029	2.43872e-032	7.22613e-036	1.95534e-039	4.83938e-043	1.08706e-046	2.19074e-050	3.91494e-054	6.14299e-058	8.40535e-062	1.00944e-065	
Carex_membranacea	0	0	0	0	0	0	0	0	0	0	0	0	0	0	0	0	0	0	0	0	0	0	0	0	0	0	0	0	0	0	0	0	0	0	0	0	0	1	0	0	0	0	0	0	0	0	0	0	0	0	0	0	0	0	0	0	0	0	
Carex_rostrata	0	0	0	0	0	0	0	0	0	0	0	0	0	0	0	0	0	0	0	0	0	0	0	0	0	0	0	0	0	0	0	0	0	0	0	0	1	0	0	0	0	0	0	0	0	0	0	0	0	0	0	0	0	0	0	0	0	0	
N60	8.39817e-016	1.94364e-015	6.97002e-015	2.49459e-014	8.03851e-014	2.26739e-013	5.60671e-013	1.25764e-012	2.81728e-012	7.28437e-012	2.24489e-011	7.2091e-011	2.12276e-010	5.41033e-010	1.17319e-009	2.17016e-009	3.51217e-009	5.36351e-009	9.03669e-009	1.94564e-008	5.39223e-008	1.88915e-007	8.08096e-007	3.66974e-006	1.53818e-005	5.54423e-005	0.000167214	0.00041892	0.000878283	0.00159566	0.0027659	0.00534897	0.0121675	0.0284567	0.0595453	0.104524	0.150526	0.17664	0.168705	0.131344	0.0837008	0.043839	0.0190823	0.00703362	0.0022636	0.000664634	0.000186633	5.14668e-005	1.3829e-005	3.52564e-006	8.34364e-007	1.81682e-007	3.64086e-008	6.72677e-009	1.14354e-009	1.77842e-010	2.54378e-011	4.08086e-012	
N61	2.01842e-015	4.218e-015	1.03774e-014	2.33324e-014	4.89455e-014	1.01003e-013	2.15038e-013	4.81984e-013	1.14267e-012	2.86896e-012	7.4681e-012	1.92457e-011	4.73429e-011	1.11157e-010	2.5737e-010	6.09861e-010	1.50689e-009	3.94398e-009	1.1265e-008	3.58806e-008	1.26718e-007	4.90662e-007	2.01837e-006	8.24346e-006	3.11289e-005	0.000104801	0.000314659	0.000868731	0.00230067	0.00595334	0.014668	0.0327815	0.0637748	0.105346	0.145896	0.168432	0.161747	0.129188	0.0859265	0.0477169	0.0222249	0.00871511	0.00290215	0.000830751	0.00020786	4.64227e-005	9.46602e-006	1.79576e-006	3.2016e-007	5.37565e-008	8.51315e-009	1.28585e-009	1.90928e-010	2.94598e-011	5.07931e-012	1.01912e-012	2.29173e-013	6.39394e-014	
Carex_rariflora	0	0	0	0	0	0	0	0	0	0	0	0	0	0	0	0	0	0	0	0	0	0	0	0	0	1	0	0	0	0	0	0	0	0	0	0	0	0	0	0	0	0	0	0	0	0	0	0	0	0	0	0	0	0	0	0	0	0	
Carex_magellanica	0	0	0	0	0	0	0	0	0	0	0	0	0	0	0	0	0	0	0	0	0	0	0	0	0	0	0	0	1	0	0	0	0	0	0	0	0	0	0	0	0	0	0	0	0	0	0	0	0	0	0	0	0	0	0	0	0	0	
N62	1.65684e-015	4.76037e-015	2.36127e-014	1.16262e-013	5.00735e-013	1.82436e-012	5.57696e-012	1.43517e-011	3.14387e-011	5.96341e-011	1.00329e-010	1.55831e-010	2.40296e-010	4.02868e-010	7.49802e-010	1.43089e-009	2.63896e-009	5.29676e-009	1.58271e-008	6.69371e-008	2.80178e-007	9.84485e-007	2.80583e-006	6.56365e-006	1.32423e-005	2.5525e-005	5.17674e-005	0.00010801	0.000208389	0.000346107	0.00050719	0.000825644	0.00210065	0.00695181	0.0211604	0.0524431	0.102903	0.158682	0.191845	0.181899	0.13577	0.0802679	0.0383752	0.0155748	0.00591395	0.00236095	0.00100961	0.000420439	0.000155933	4.97352e-005	1.37286e-005	3.40064e-006	7.98677e-007	1.85406e-007	4.21947e-008	8.98671e-009	1.73645e-009	3.67624e-010	
Carex_shimidzensis	0	0	0	0	0	0	0	0	0	0	0	0	0	0	0	0	0	0	0	0	0	0	0	0	0	0	0	0	0	0	0	0	0	1	0	0	0	0	0	0	0	0	0	0	0	0	0	0	0	0	0	0	0	0	0	0	0	0	
N63	2.57404e-019	3.67689e-018	8.01352e-017	1.25627e-015	1.26074e-014	7.76645e-014	2.8889e-013	6.51792e-013	9.11057e-013	8.12505e-013	4.77441e-013	1.90887e-013	5.35887e-014	1.09317e-014	1.75005e-015	4.43734e-016	2.60628e-015	9.02711e-014	2.62538e-012	5.10225e-011	6.28008e-010	4.70011e-009	2.07911e-008	5.39056e-008	8.26355e-008	7.68026e-008	4.46694e-008	1.68671e-008	4.38925e-009	9.80134e-010	5.52538e-010	5.38217e-009	2.03289e-007	6.30275e-006	0.000130925	0.00173168	0.0140365	0.0673248	0.185664	0.289871	0.257395	0.132791	0.0414598	0.00829502	0.00115502	0.000125801	1.20364e-005	1.04177e-006	7.69928e-008	4.59384e-009	2.18179e-010	8.43468e-012	2.77788e-013	8.15622e-015	2.16532e-016	5.07515e-018	1.01428e-019	1.86931e-021	
N64	3.1877e-021	6.87018e-020	1.85367e-018	2.85624e-017	2.20659e-016	8.3733e-016	1.60552e-015	1.62484e-015	9.1099e-016	2.97408e-016	5.99371e-017	8.44049e-018	1.22634e-018	2.97175e-019	3.85618e-019	4.69302e-018	5.26046e-017	7.0006e-016	1.80071e-014	4.15897e-013	5.3513e-012	3.38942e-011	1.03519e-010	1.56917e-010	1.23477e-010	5.37962e-011	1.47542e-011	3.63782e-012	1.24111e-012	9.90374e-013	1.22648e-011	2.33124e-010	8.01349e-009	4.69113e-007	2.10336e-005	0.000564096	0.00825025	0.06062	0.209338	0.335952	0.259555	0.101557	0.0213716	0.00257329	0.000188527	8.93315e-006	2.91091e-007	6.969e-009	1.40066e-010	3.9931e-012	2.51736e-013	1.77543e-014	9.77505e-016	4.04244e-017	1.30506e-018	3.61487e-020	9.57504e-022	2.69836e-023	
Carex_nigra	0	0	0	0	0	0	0	0	0	0	0	0	0	0	0	0	0	0	0	0	0	0	0	0	0	0	0	0	0	0	0	0	0	0	0	0	0	0	0	0	1	0	0	0	0	0	0	0	0	0	0	0	0	0	0	0	0	0	
N65	8.77262e-023	2.04233e-021	4.5979e-020	4.93621e-019	2.1672e-018	3.99188e-018	3.34045e-018	1.37201e-018	2.95858e-019	3.57701e-020	2.65698e-021	1.4698e-022	8.49963e-024	9.57079e-025	7.2499e-024	6.55426e-022	7.38806e-020	5.9803e-018	2.74234e-016	6.16759e-015	5.99283e-014	2.31153e-013	3.67612e-013	2.62639e-013	9.23616e-014	1.80295e-014	2.41856e-015	3.09731e-016	6.11361e-017	4.07435e-016	9.6218e-014	2.52704e-011	4.65788e-009	5.34031e-007	3.50281e-005	0.00120128	0.0193387	0.129587	0.33186	0.336898	0.147502	0.0302524	0.00314175	0.000177333	5.80195e-006	1.16605e-007	1.51642e-009	1.33878e-011	8.48411e-014	4.4824e-016	4.02515e-018	1.337e-019	6.16469e-021	2.31272e-022	6.51898e-024	1.43843e-025	2.81244e-027	5.77421e-029	
Carex_aquatilis_var_minor	0	0	0	0	0	0	0	0	0	0	0	0	0	0	0	0	0	0	0	0	0	0	0	0	0	0	0	0	0	0	0	0	0	0	0	0	0	1	0	0	0	0	0	0	0	0	0	0	0	0	0	0	0	0	0	0	0	0	
N66	2.00418e-024	3.86204e-023	6.95038e-022	5.08779e-021	1.2667e-020	1.18431e-020	4.6842e-021	8.63253e-022	8.02902e-023	4.05964e-024	1.21917e-025	2.77871e-027	1.92226e-028	3.53851e-028	3.43719e-026	7.6836e-024	1.15062e-021	9.65411e-020	4.06463e-018	7.49701e-017	5.146e-016	1.17357e-015	9.91576e-016	3.52868e-016	6.03779e-017	7.57533e-018	2.78687e-018	1.88349e-018	2.4539e-018	2.53332e-016	1.16316e-013	4.02542e-011	8.8804e-009	1.16439e-006	8.34407e-005	0.00293048	0.0437921	0.235331	0.403916	0.246294	0.0605801	0.00669562	0.00036582	1.07391e-005	1.82082e-007	1.89656e-009	1.27865e-011	5.83433e-014	1.92253e-016	1.18069e-018	7.44231e-020	5.20568e-021	2.59847e-022	9.02908e-024	2.16805e-025	3.7514e-027	5.66846e-029	1.04238e-030	
Carex_aquatilis_var_aquatilis	0	0	0	0	0	0	0	0	0	0	0	0	0	0	0	0	0	0	0	0	0	0	0	0	0	0	0	0	0	0	0	0	0	0	0	0	0	1	0	0	0	0	0	0	0	0	0	0	0	0	0	0	0	0	0	0	0	0	
N67	8.5677e-028	3.24492e-026	5.51159e-025	2.29768e-024	1.61231e-024	2.88266e-025	1.74485e-026	4.28497e-028	4.8794e-030	3.03477e-032	2.88469e-034	3.36262e-035	6.1391e-035	4.84199e-034	5.4399e-031	4.62776e-028	2.04421e-025	4.03905e-023	2.84281e-021	5.06165e-020	2.1347e-019	1.90826e-019	1.25096e-019	8.40626e-020	3.42001e-020	8.05491e-021	1.53228e-021	2.51147e-021	1.02639e-020	7.85377e-019	1.71352e-015	2.39498e-012	1.91407e-009	7.87326e-007	0.000143284	0.00915548	0.144628	0.512183	0.291331	0.0406527	0.0018715	3.45533e-005	2.9572e-007	1.3119e-009	3.29405e-012	5.02093e-015	4.91757e-018	3.30019e-021	2.82942e-024	2.05952e-026	2.14391e-028	1.61377e-030	8.49622e-033	3.09444e-035	8.424e-038	8.61735e-040	7.54934e-041	9.18553e-042	
Carex_paleacea	0	0	0	0	0	0	0	0	0	0	0	0	0	0	0	0	0	0	0	0	0	0	0	0	0	0	0	0	0	0	0	0	0	0	0	1	0	0	0	0	0	0	0	0	0	0	0	0	0	0	0	0	0	0	0	0	0	0	
N68	9.38016e-030	2.95857e-028	5.9845e-027	2.78688e-026	1.86158e-026	2.93966e-027	1.49389e-028	2.98271e-030	2.71163e-032	1.30868e-034	2.10838e-036	1.40594e-036	9.09352e-037	3.69721e-036	2.91644e-033	2.74933e-030	1.37009e-027	3.08287e-025	2.51991e-023	5.48706e-022	2.65601e-021	2.48115e-021	1.53249e-021	7.74703e-022	2.80895e-022	2.66164e-022	4.82406e-022	6.43631e-022	1.0051e-021	2.59859e-019	6.1644e-016	9.77397e-013	8.93497e-010	4.23675e-007	8.9732e-005	0.00678749	0.13214	0.530468	0.292121	0.0368935	0.00147715	2.32134e-005	1.67521e-007	6.25365e-010	1.32403e-012	1.709e-015	1.45339e-018	1.24965e-020	3.16183e-021	5.57924e-022	6.16329e-023	3.97641e-024	1.3379e-025	1.99859e-027	1.40455e-029	5.02234e-032	1.89059e-034	8.70218e-036	
Carex_aquatilis	0	0	0	0	0	0	0	0	0	0	0	0	0	0	0	0	0	0	0	0	0	0	0	0	0	0	0	0	0	0	0	0	0	0	0	0	0	1	0	0	0	0	0	0	0	0	0	0	0	0	0	0	0	0	0	0	0	0	
Carex_recta	0	0	0	0	0	0	0	0	0	0	0	0	0	0	0	0	0	0	0	0	0	0	0	0	0	0	0	0	0	0	0	0	0	0	0	0	0	1	0	0	0	0	0	0	0	0	0	0	0	0	0	0	0	0	0	0	0	0	
N69	2.14573e-019	1.90872e-018	2.35751e-017	2.34702e-016	1.59796e-015	6.99361e-015	1.92415e-014	3.3213e-014	3.63728e-014	2.57706e-014	1.21077e-014	3.893e-015	9.17229e-016	2.09505e-016	1.0602e-016	2.95799e-016	2.24527e-015	3.03053e-014	5.37857e-013	7.45821e-012	6.74805e-011	3.79253e-010	1.29742e-009	2.68429e-009	3.37126e-009	2.62121e-009	1.32327e-009	5.22464e-010	2.80591e-010	2.80448e-010	8.99728e-010	1.37801e-008	4.09907e-007	1.09776e-005	0.000202616	0.00239989	0.0175504	0.0767936	0.196255	0.28929	0.246868	0.124086	0.0380197	0.00743503	0.000984561	9.52701e-005	7.34217e-006	4.79743e-007	2.68355e-008	1.3204e-009	9.79381e-011	2.36511e-011	6.89765e-012	1.50931e-012	2.35401e-013	2.73102e-014	3.12727e-015	6.36457e-016	
Carex_kiotensis	0	0	0	0	0	0	0	0	0	0	0	0	0	0	0	0	0	0	0	0	0	0	0	0	0	0	0	0	0	0	0	0	0	0	0	0	1	0	0	0	0	0	0	0	0	0	0	0	0	0	0	0	0	0	0	0	0	0	
Carex_heterolepis	0	0	0	0	0	0	0	0	0	0	0	0	0	0	0	0	0	0	0	0	0	0	0	0	0	0	0	0	0	0	0	0	0	0	0	0	0	0	0	1	0	0	0	0	0	0	0	0	0	0	0	0	0	0	0	0	0	0	
