NODE	1	2	3	4	5	6	7	8	9	10	11	12	13	14	15	16	17	18	19	20	21	22	23	24	25	26	27	28	29	30	31	32	33	34	35	36	37	38	39	40	41	42	43	44	45	46	47	48	49	50	51	52	53	54	55	56	57	58	
N1	0.215346	0.202506	0.178324	0.144794	0.106877	0.070972	0.0420972	0.0221953	0.0103666	0.00427879	0.00155799	0.000499827	0.000141156	3.50696e-05	7.66182e-06	1.47161e-06	2.48461e-07	3.6875e-08	4.81122e-09	5.51967e-10	5.56967e-11	4.94495e-12	3.86455e-13	4.75571e-17	1.17121e-17	2.70849e-18	5.88365e-19	1.20103e-19	2.30472e-20	4.15937e-21	7.0627e-22	1.12888e-22	1.6993e-23	2.41017e-24	3.2226e-25	4.06417e-26	4.837e-27	5.43572e-28	5.77104e-29	5.79177e-30	5.49764e-31	4.93852e-32	4.20073e-33	3.38542e-34	2.58649e-35	1.87446e-36	1.28932e-37	8.42205e-39	5.22758e-40	3.08504e-41	1.73201e-42	9.25593e-44	4.71104e-45	2.28505e-46	1.05706e-47	4.68018e-49	2.06936e-50	1.53285e-51	
N2	0.0364261	0.0577831	0.0845359	0.111531	0.131203	0.137562	0.128619	0.107763	0.0810202	0.0549498	0.0335984	0.0186314	0.00933635	0.00426736	0.0017641	0.000672011	0.000231555	7.52844e-05	2.21225e-05	6.47586e-06	1.6997e-06	4.88743e-07	1.20993e-07	3.61052e-08	8.46906e-09	2.5163e-09	5.37209e-10	1.49309e-10	2.81083e-11	7.06248e-12	1.16123e-12	2.62865e-13	3.76794e-14	7.65109e-15	9.63723e-16	1.78628e-16	1.9861e-17	3.33034e-18	3.33522e-19	5.26015e-20	4.76519e-21	6.82813e-22	5.78076e-23	8.07367e-24	6.27582e-25	7.81758e-26	5.78596e-27	7.16449e-28	4.78388e-29	5.10608e-30	3.23104e-31	3.4618e-32	1.93704e-33	1.76238e-34	9.82709e-36	1.03215e-36	9.49888e-38	3.37382e-38	
N3	0.00523333	0.00931289	0.0164733	0.027719	0.0433698	0.0625965	0.0830107	0.101141	0.113115	0.116235	0.109657	0.0950805	0.0756983	0.0554124	0.0372501	0.0230405	0.0130915	0.006854	0.00329829	0.00146637	0.000599818	0.000227828	7.97513e-05	2.61835e-05	7.94443e-06	2.30571e-06	6.2068e-07	1.65474e-07	4.09072e-08	1.04908e-08	2.45297e-09	6.18635e-10	1.36783e-10	3.3285e-11	6.79844e-12	1.546e-12	2.85459e-13	5.93886e-14	9.81017e-15	1.85299e-15	2.7295e-16	4.67226e-17	6.14528e-18	9.56361e-19	1.12574e-19	1.59582e-20	1.68973e-21	2.19693e-22	2.10186e-23	2.51067e-24	2.19222e-25	2.44001e-26	1.97894e-27	2.11307e-28	1.80968e-29	2.41626e-30	4.03388e-31	1.69879e-31	
N4	3.34032e-09	9.5043e-09	3.0765e-08	9.69994e-08	2.87805e-07	8.04795e-07	2.13721e-06	5.44024e-06	1.33656e-05	3.19832e-05	7.53592e-05	0.00017705	0.000417061	0.000979617	0.00225275	0.00496018	0.0102389	0.0195335	0.0341007	0.0542077	0.0781471	0.102015	0.120293	0.128069	0.122842	0.106182	0.0825372	0.0577588	0.0363091	0.0205511	0.0104476	0.0047897	0.00197407	0.000736296	0.000247414	7.56978e-05	2.09357e-05	5.32244e-06	1.22855e-06	2.64211e-07	5.18175e-08	9.62851e-09	1.6349e-09	2.6757e-10	3.98908e-11	5.81274e-12	7.64992e-13	9.9362e-14	1.15312e-14	1.3312e-15	1.36267e-16	1.40436e-17	1.29289e-18	1.24215e-19	1.14049e-20	1.21706e-21	1.55766e-22	4.47518e-23	
Carex_pulicaris	0	0	0	0	0	0	0	0	0	0	0	0	0	0	0	0	0	0	0	0	0	0	0	0	0	0	0	0	0	1	0	0	0	0	0	0	0	0	0	0	0	0	0	0	0	0	0	0	0	0	0	0	0	0	0	0	0	0	
Carex_peregrina	0	0	0	0	0	0	0	0	0	0	0	0	0	0	0	0	0	0	0	0	0	0	0	0	0	0	0	0	0	0	1	0	0	0	0	0	0	0	0	0	0	0	0	0	0	0	0	0	0	0	0	0	0	0	0	0	0	0	
N5	0.00149294	0.00284805	0.00560227	0.0106829	0.0191436	0.0318385	0.0488297	0.0689192	0.0893452	0.106352	0.116106	0.116254	0.106651	0.0896622	0.0690112	0.0486504	0.0313818	0.0185381	0.0100178	0.00495969	0.00224644	0.00093335	0.000354939	0.000124133	3.97719e-05	1.17801e-05	3.20149e-06	8.13101e-07	1.89969e-07	4.24267e-08	8.74584e-09	1.79851e-09	3.40851e-10	6.83959e-11	1.236e-11	2.48289e-12	4.27178e-13	8.34552e-14	1.32781e-14	2.42019e-15	3.47632e-16	5.76806e-17	7.40077e-18	1.10825e-18	1.26635e-19	1.70836e-20	1.73991e-21	2.1195e-22	1.92732e-23	2.12497e-24	1.73189e-25	1.74041e-26	1.28406e-27	1.20459e-28	8.76547e-30	9.50594e-31	1.22713e-31	4.23564e-32	
Carex_microglochin	0	0	0	0	0	0	0	0	0	0	0	0	0	0	0	0	0	0	0	0	0	0	0	0	0	0	0	1	0	0	0	0	0	0	0	0	0	0	0	0	0	0	0	0	0	0	0	0	0	0	0	0	0	0	0	0	0	0	
N6	0.000308055	0.00067396	0.00156728	0.00352507	0.00740976	0.014384	0.0256313	0.0418342	0.0624169	0.0850662	0.105735	0.11975	0.123346	0.115409	0.09789	0.0751802	0.0521803	0.0327052	0.0184825	0.00941728	0.00432103	0.00178691	0.000665266	0.000223401	6.75687e-05	1.84728e-05	4.55354e-06	1.01904e-06	2.05989e-07	3.81477e-08	6.40123e-09	1.00364e-09	1.43347e-10	1.9916e-11	2.53254e-12	3.33574e-13	3.96762e-14	5.16428e-15	5.78987e-16	7.24926e-17	7.40991e-18	8.49098e-19	7.68173e-20	7.82842e-21	6.18952e-22	5.55675e-23	3.8302e-24	3.02862e-25	1.8224e-26	1.2725e-27	6.70623e-29	4.15696e-30	1.93255e-31	1.08067e-32	4.68928e-34	2.7335e-35	1.75254e-36	2.98647e-37	
Schoenoxiphium_ludwigii	0	0	0	0	0	0	0	0	0	0	0	0	0	0	0	0	1	0	0	0	0	0	0	0	0	0	0	0	0	0	0	0	0	0	0	0	0	0	0	0	0	0	0	0	0	0	0	0	0	0	0	0	0	0	0	0	0	0	
N7	8.51082e-05	0.000196674	0.000497156	0.00122979	0.00285558	0.00613859	0.0121401	0.022039	0.0366452	0.0557811	0.0776735	0.0989882	0.115344	0.122768	0.118956	0.104639	0.0831856	0.0596494	0.0384363	0.0222691	0.0115618	0.00540005	0.00225743	0.000853133	0.000288284	8.93735e-05	2.47243e-05	6.54785e-06	1.53813e-06	3.8499e-07	8.29537e-08	2.24108e-08	4.68604e-09	1.3521e-09	2.63203e-10	7.21173e-11	1.23847e-11	3.0125e-12	4.47198e-13	9.48662e-14	1.2121e-14	2.23686e-15	2.46313e-16	3.9697e-17	3.77307e-18	5.3213e-19	4.38145e-20	5.44831e-21	3.89226e-22	4.26934e-23	2.66257e-24	2.61513e-25	1.42653e-26	1.25389e-27	6.27521e-29	5.80705e-30	5.0868e-31	1.84939e-31	
N8	2.37802e-12	1.22515e-11	7.56739e-11	4.42937e-10	2.36738e-09	1.14625e-08	5.00805e-08	1.98197e-07	7.15211e-07	2.34751e-06	6.8827e-06	1.76404e-05	3.84657e-05	6.89341e-05	9.75753e-05	0.00010649	9.25362e-05	7.6112e-05	8.39423e-05	0.000159534	0.000447103	0.00137663	0.00397448	0.0102285	0.0230332	0.0451988	0.07669	0.112646	0.141964	0.154503	0.143459	0.115551	0.0792324	0.0478795	0.0246481	0.0114873	0.0045453	0.00167302	0.000514626	0.000149769	3.56011e-05	8.09263e-06	1.47612e-06	2.60656e-07	3.65794e-08	5.04776e-09	5.51096e-10	6.02367e-11	5.19347e-12	4.56957e-13	3.1646e-14	2.28476e-15	1.3024e-16	8.01261e-18	4.10507e-19	2.54156e-20	1.71425e-21	2.69821e-22	
Schoenoxiphium_burkei	0	0	0	0	0	0	0	0	0	0	0	0	0	0	0	0	0	0	0	0	0	0	0	0	0	0	0	0	0	0	0	0	0	0	1	0	0	0	0	0	0	0	0	0	0	0	0	0	0	0	0	0	0	0	0	0	0	0	
Schoenoxiphium_filiforme	0	0	0	0	0	0	0	0	0	0	0	0	0	0	0	0	0	0	0	0	0	0	0	0	0	0	0	0	0	0	0	0	0	0	0	1	0	0	0	0	0	0	0	0	0	0	0	0	0	0	0	0	0	0	0	0	0	0	
N9	3.33138e-05	8.37196e-05	0.000240243	0.00068259	0.0018129	0.00440846	0.00973032	0.0194252	0.0349839	0.0567396	0.0827134	0.108218	0.126872	0.133137	0.124906	0.10469	0.0783287	0.0522977	0.0311462	0.0165469	0.00784137	0.00331628	0.00125205	0.000422404	0.000127416	3.44172e-05	8.33132e-06	1.81149e-06	3.54062e-07	6.24334e-08	9.93725e-09	1.43691e-09	1.88673e-10	2.27951e-11	2.52555e-12	2.64201e-13	2.57526e-14	2.48624e-15	2.27003e-16	2.17554e-17	1.94238e-18	1.87468e-19	1.60522e-20	1.48787e-21	1.17148e-22	9.98182e-24	7.05138e-25	5.41702e-26	3.40478e-27	2.3466e-28	1.31174e-29	8.13286e-31	4.0774e-32	2.32234e-33	1.11412e-34	6.72357e-36	4.50306e-37	7.59599e-38	
Schoenoxiphium_ecklonii	0	0	0	0	0	0	0	0	0	0	0	0	0	0	0	0	0	1	0	0	0	0	0	0	0	0	0	0	0	0	0	0	0	0	0	0	0	0	0	0	0	0	0	0	0	0	0	0	0	0	0	0	0	0	0	0	0	0	
Schoenoxiphium_sparteum	0	0	0	0	0	0	0	0	0	0	0	0	0	0	0	1	0	0	0	0	0	0	0	0	0	0	0	0	0	0	0	0	0	0	0	0	0	0	0	0	0	0	0	0	0	0	0	0	0	0	0	0	0	0	0	0	0	0	
N10	0.000208763	0.000514108	0.00133007	0.0032199	0.00709696	0.0141851	0.0256932	0.0422711	0.0631938	0.0859915	0.106413	0.119863	0.122693	0.114261	0.0966199	0.0743326	0.0518954	0.0329912	0.0190278	0.0100176	0.00478592	0.00209882	0.000836113	0.000309355	0.000104192	3.3342e-05	9.73089e-06	2.80145e-06	7.3189e-07	1.97297e-07	4.71517e-08	1.20379e-08	2.61562e-09	6.18797e-10	1.19716e-10	2.55615e-11	4.33286e-12	8.22109e-13	1.21356e-13	2.03864e-14	2.61963e-15	3.89762e-16	4.37602e-17	5.79817e-18	5.71184e-19	6.76e-20	5.88665e-21	6.28103e-22	4.86514e-23	4.69102e-24	3.27551e-25	2.90955e-26	1.87552e-27	1.59718e-28	1.10656e-29	1.21238e-30	1.62751e-31	4.74948e-32	
Kobresia_fragilis	0	0	0	0	0	0	0	0	0	0	0	0	0	0	0	0	0	0	0	0	0	0	0	0	0	0	0	0	1	0	0	0	0	0	0	0	0	0	0	0	0	0	0	0	0	0	0	0	0	0	0	0	0	0	0	0	0	0	
N11	3.41912e-05	9.11703e-05	0.000267581	0.00075136	0.00194008	0.00456043	0.00972346	0.0188093	0.0329951	0.0525244	0.0758005	0.0991897	0.117515	0.126088	0.122303	0.107327	0.0850215	0.0609036	0.0393299	0.0229831	0.0120941	0.00577831	0.00248352	0.000978174	0.000345974	0.000114738	3.39848e-05	9.95015e-06	2.55232e-06	7.1515e-07	1.65778e-07	4.76609e-08	1.01452e-08	2.95378e-09	5.65615e-10	1.56787e-10	2.63982e-11	6.65086e-12	9.75937e-13	2.19284e-13	2.79961e-14	5.56439e-15	6.19994e-16	1.09264e-16	1.06473e-17	1.66184e-18	1.42503e-19	1.99136e-20	1.50626e-21	1.88024e-22	1.27114e-23	1.45977e-24	8.95566e-26	9.64795e-27	5.98589e-28	7.76407e-29	9.38372e-30	3.87196e-30	
Kobresia_simpliciuscula	0	0	0	0	0	0	0	0	0	0	0	0	0	0	0	0	0	0	0	0	0	0	0	0	0	0	0	0	0	0	0	0	0	0	1	0	0	0	0	0	0	0	0	0	0	0	0	0	0	0	0	0	0	0	0	0	0	0	
N12	8.01049e-08	3.59476e-07	1.85832e-06	9.0027e-06	3.90917e-05	0.000150311	0.000509627	0.00152428	0.00402676	0.00942217	0.0195709	0.0361768	0.059576	0.0874941	0.114531	0.13355	0.138382	0.127128	0.103126	0.073662	0.0461265	0.0252788	0.0120767	0.00503301	0.0018229	0.000576372	0.000158297	3.82011e-05	8.02419e-06	1.50692e-06	2.47557e-07	3.77805e-08	5.07043e-09	6.7484e-10	7.80714e-11	9.5714e-12	9.70837e-13	1.07843e-13	9.31665e-15	8.92092e-16	6.37366e-17	5.09926e-18	2.97838e-19	1.9724e-20	9.41191e-22	5.16244e-23	2.02082e-24	9.2291e-26	2.9796e-27	1.13981e-28	3.0555e-30	9.87498e-32	2.21846e-33	6.15373e-35	1.22136e-36	3.30815e-38	8.88521e-40	5.99706e-41	
N13	3.06552e-07	8.98499e-07	3.17694e-06	1.13528e-05	3.84889e-05	0.000121213	0.000351767	0.000937725	0.00229207	0.0051322	0.010518	0.0197158	0.0337703	0.0528043	0.0752793	0.0977332	0.1154	0.123796	0.120523	0.106412	0.0851346	0.0617024	0.0404878	0.024061	0.0129438	0.00631239	0.00278868	0.00112094	0.000409235	0.000137693	4.24801e-05	1.26698e-05	3.57833e-06	1.12058e-06	3.41681e-07	1.31387e-07	4.38502e-08	1.80429e-08	5.74576e-09	2.20028e-09	6.28363e-10	2.15691e-10	5.45069e-11	1.66915e-11	3.72459e-12	1.01924e-12	2.00833e-13	4.9269e-14	8.57674e-15	1.89312e-15	2.91501e-16	5.82025e-17	7.96605e-18	1.46401e-18	1.88469e-19	3.82737e-20	8.90192e-21	7.28141e-21	
Carex_pauciflora	0	0	0	0	0	0	0	0	0	0	0	0	0	0	0	0	0	0	0	0	0	0	1	0	0	0	0	0	0	0	0	0	0	0	0	0	0	0	0	0	0	0	0	0	0	0	0	0	0	0	0	0	0	0	0	0	0	0	
Carex_backii	0	0	0	0	0	0	0	0	0	0	0	0	0	0	0	0	0	0	0	0	0	0	0	0	0	0	0	0	0	0	0	0	1	0	0	0	0	0	0	0	0	0	0	0	0	0	0	0	0	0	0	0	0	0	0	0	0	0	
N14	1.47353e-08	7.00298e-08	4.08599e-07	2.28165e-06	1.14459e-05	5.06346e-05	0.000196334	0.000666321	0.00197797	0.00513842	0.0117053	0.0234903	0.0417658	0.0661579	0.0936799	0.11877	0.134683	0.136251	0.122345	0.0970146	0.0674953	0.041046	0.021694	0.00997221	0.00396064	0.00137362	0.000409602	0.000109711	2.49783e-05	5.75168e-06	1.07307e-06	2.8153e-07	4.86887e-08	1.6274e-08	2.54799e-09	8.33787e-10	1.09183e-10	3.01864e-11	3.23115e-12	7.33213e-13	6.40447e-14	1.19108e-14	8.51637e-16	1.30427e-16	7.6607e-18	9.70473e-19	4.70529e-20	4.96846e-21	1.99561e-22	1.76284e-23	5.90403e-25	4.41898e-26	1.23656e-27	7.8299e-29	1.86534e-30	1.07295e-31	3.35796e-33	6.72081e-34	
N15	6.75165e-08	2.08134e-07	7.92342e-07	3.07079e-06	1.13079e-05	3.87024e-05	0.000122161	0.000354664	0.000945709	0.00231417	0.00519094	0.0106614	0.0200193	0.0343195	0.0536353	0.0763228	0.0987765	0.116166	0.124042	0.120191	0.105615	0.0841345	0.0607337	0.0397238	0.023535	0.0126336	0.00614364	0.00270854	0.0010825	0.00039285	0.000129442	3.88728e-05	1.06349e-05	2.67706e-06	6.19219e-07	1.35306e-07	2.77822e-08	5.74513e-09	1.15475e-09	2.53412e-10	5.31052e-11	1.22775e-11	2.52032e-12	5.56291e-13	1.04106e-13	2.07503e-14	3.4448e-15	6.10917e-16	8.94521e-17	1.41085e-17	1.82393e-18	2.57075e-19	2.95724e-20	3.80231e-21	4.14441e-22	5.73652e-23	9.83528e-24	4.71106e-24	
Carex_rupestris	0	0	0	0	0	0	0	0	0	0	0	0	0	0	0	0	0	0	0	0	0	0	0	0	1	0	0	0	0	0	0	0	0	0	0	0	0	0	0	0	0	0	0	0	0	0	0	0	0	0	0	0	0	0	0	0	0	0	
Carex_obtusata	0	0	0	0	0	0	0	0	0	0	0	0	0	0	0	0	0	0	0	0	0	0	0	0	0	1	0	0	0	0	0	0	0	0	0	0	0	0	0	0	0	0	0	0	0	0	0	0	0	0	0	0	0	0	0	0	0	0	
N16	1.04354e-09	5.25783e-09	3.34649e-08	2.07324e-07	1.17064e-06	5.90569e-06	2.64357e-05	0.00010484	0.000367831	0.00113808	0.00309092	0.00734648	0.0152813	0.0279303	0.0452032	0.0655606	0.0864519	0.105079	0.118429	0.123307	0.117062	0.0999879	0.0757697	0.0507272	0.0297254	0.0154553	0.00702596	0.00298532	0.00112479	0.000476769	0.000177185	9.3041e-05	3.51219e-05	1.90768e-05	6.3271e-06	2.97624e-06	8.17096e-07	3.19291e-07	7.17901e-08	2.32191e-08	4.27214e-09	1.14672e-09	1.72898e-10	3.87027e-11	4.79028e-12	8.98348e-13	9.15532e-14	1.44932e-14	1.21935e-15	1.63719e-16	1.14446e-17	1.32476e-18	7.75676e-20	7.85407e-21	4.15322e-22	4.63143e-23	5.06299e-24	2.26985e-24	
Carex_nardina	0	0	0	0	0	0	0	0	0	0	0	0	0	0	0	0	0	0	0	0	0	0	0	0	0	0	0	0	0	0	0	0	0	1	0	0	0	0	0	0	0	0	0	0	0	0	0	0	0	0	0	0	0	0	0	0	0	0	
N17	2.33479e-10	1.18273e-09	7.95361e-09	5.25925e-08	3.1743e-07	1.71672e-06	8.27105e-06	3.5449e-05	0.000135147	0.000458037	0.0013754	0.00363826	0.00842169	0.0169622	0.0296445	0.0451228	0.0607074	0.0743662	0.0862711	0.0975465	0.107182	0.111213	0.105494	0.0895637	0.0672444	0.0445516	0.0259756	0.0134743	0.00620006	0.0026501	0.0010308	0.00042727	0.000162303	7.9518e-05	3.03822e-05	1.62081e-05	5.53409e-06	2.77317e-06	8.00427e-07	3.55504e-07	8.58919e-08	3.30305e-08	6.67326e-09	2.19441e-09	3.70694e-10	1.03614e-10	1.46454e-11	3.47739e-12	4.11832e-13	8.32324e-14	8.28322e-15	1.43341e-15	1.20466e-16	1.80477e-17	1.32863e-18	1.95011e-19	2.28166e-20	1.29989e-20	
N18	2.20075e-10	7.83598e-10	3.60553e-09	1.71858e-08	7.9103e-08	3.44355e-07	1.40632e-06	5.36435e-06	1.90458e-05	6.27812e-05	0.000191669	0.000540543	0.00140348	0.00334271	0.00727751	0.0144456	0.0261029	0.0429177	0.0642095	0.0874313	0.108327	0.122032	0.124802	0.115649	0.0968815	0.0732132	0.0498093	0.0304655	0.0167352	0.00825543	0.00365799	0.0014582	0.000523891	0.000170286	5.02653e-05	1.35705e-05	3.37009e-06	7.78295e-07	1.67973e-07	3.43182e-08	6.61817e-09	1.22064e-09	2.11758e-10	3.52394e-11	5.45166e-12	8.15373e-13	1.12135e-13	1.52372e-14	1.88605e-15	2.3867e-16	2.71542e-17	3.27706e-18	3.52062e-19	4.2164e-20	4.77493e-21	6.82294e-22	1.21038e-22	5.04376e-23	
Carex_capillacea	0	0	0	0	0	0	0	0	0	0	0	0	0	0	0	0	0	0	0	0	0	0	0	0	0	0	0	0	0	1	0	0	0	0	0	0	0	0	0	0	0	0	0	0	0	0	0	0	0	0	0	0	0	0	0	0	0	0	
Carex_leptalea	0	0	0	0	0	0	0	0	0	0	0	0	0	0	0	0	0	0	0	0	0	0	0	0	0	1	0	0	0	0	0	0	0	0	0	0	0	0	0	0	0	0	0	0	0	0	0	0	0	0	0	0	0	0	0	0	0	0	
N19	8.55586e-18	5.41371e-17	4.92225e-16	4.60736e-15	4.07627e-14	3.32357e-13	2.46496e-12	1.64937e-11	9.92986e-11	5.41212e-10	2.69638e-09	1.22465e-08	5.00524e-08	1.81728e-07	5.80896e-07	1.61929e-06	3.84309e-06	7.40902e-06	1.09494e-05	1.19319e-05	9.79815e-06	7.0705e-06	6.18924e-06	8.19193e-06	1.50943e-05	3.58233e-05	0.000107208	0.000360666	0.00118404	0.00351282	0.00913004	0.0206013	0.0401098	0.0675389	0.0979318	0.123677	0.135229	0.131973	0.113279	0.0909267	0.0648741	0.0448925	0.0268071	0.0154443	0.00730793	0.00328448	0.00117479	0.000397476	0.000105486	2.66291e-05	5.24119e-06	9.95065e-07	1.48299e-07	2.22787e-08	2.88076e-09	4.73128e-10	1.13887e-10	7.57815e-11	
Uncinia_phleoides	0	0	0	0	0	0	0	0	0	0	0	0	0	0	0	0	0	0	0	0	0	0	0	0	0	0	0	0	0	0	0	0	0	0	0	0	0	0	0	0	0	0	0	0	0	0	0	1	0	0	0	0	0	0	0	0	0	0	
N20	8.25458e-18	5.16553e-17	4.6864e-16	4.38596e-15	3.87823e-14	3.15785e-13	2.33971e-12	1.56795e-11	9.49385e-11	5.2166e-10	2.61332e-09	1.19037e-08	4.8671e-08	1.75514e-07	5.47581e-07	1.44623e-06	3.15077e-06	5.50737e-06	7.55014e-06	8.09676e-06	7.10906e-06	5.86317e-06	5.71214e-06	7.74644e-06	1.42587e-05	3.38652e-05	0.000101453	0.000342249	0.00112935	0.00337161	0.00882191	0.0200366	0.0392671	0.0665194	0.0970515	0.123189	0.135462	0.132614	0.114369	0.0917404	0.0656864	0.0452303	0.0271028	0.0155012	0.00736699	0.00328297	0.00118019	0.00039538	0.000105497	2.63234e-05	5.21009e-06	9.75632e-07	1.46181e-07	2.16116e-08	2.8e-09	4.54172e-10	1.10578e-10	8.76442e-11	
Uncinia_filiformis	0	0	0	0	0	0	0	0	0	0	0	0	0	0	0	0	0	0	0	0	0	0	0	0	0	0	0	0	0	0	0	0	0	0	0	0	0	0	0	0	0	0	0	1	0	0	0	0	0	0	0	0	0	0	0	0	0	0	
Uncinia_uncinata	0	0	0	0	0	0	0	0	0	0	0	0	0	0	0	0	0	0	0	0	0	0	0	0	0	0	0	0	0	0	0	0	0	0	0	0	0	0	0	0	0	0	0	1	0	0	0	0	0	0	0	0	0	0	0	0	0	0	
N21	0.0711111	0.100547	0.124873	0.138477	0.138077	0.124671	0.102268	0.0766207	0.0524887	0.03302	0.0190539	0.0101324	0.00494771	0.00223527	0.000927533	0.000359009	0.000127669	4.32182e-05	1.34525e-05	4.18825e-06	1.19599e-06	3.75412e-07	1.04851e-07	3.5655e-08	9.88067e-09	3.51009e-09	9.23237e-10	3.19122e-10	7.67019e-11	2.48097e-11	5.37999e-12	1.61878e-12	3.15751e-13	8.80378e-14	1.55425e-14	4.0758e-15	6.5397e-16	1.60237e-16	2.37987e-17	5.64043e-18	7.80407e-19	1.73857e-19	2.31428e-20	5.1707e-21	6.53737e-22	1.34932e-22	1.67672e-23	3.53658e-24	4.09776e-25	7.68834e-26	8.68588e-27	1.67747e-27	1.72847e-28	2.9422e-29	3.18668e-30	6.95984e-31	1.53863e-31	1.26232e-31	
N22	1.64442e-15	3.1771e-14	6.40485e-13	1.0881e-11	1.50815e-10	1.72682e-09	1.73077e-08	1.42771e-07	9.00932e-07	4.17649e-06	1.38229e-05	3.46226e-05	9.03581e-05	0.000337813	0.00141939	0.00527644	0.0162776	0.0410359	0.0837838	0.137714	0.181012	0.189436	0.157022	0.102851	0.0530597	0.0215697	0.00690265	0.00174538	0.00034913	5.5631e-05	7.07971e-06	7.26714e-07	6.03378e-08	4.10379e-09	2.2901e-10	1.06532e-11	4.12611e-13	1.35776e-14	3.77301e-16	9.093e-18	1.87442e-19	3.42508e-21	5.40806e-23	7.73774e-25	9.62426e-27	1.10686e-28	1.10787e-30	1.04285e-32	8.52203e-35	6.64513e-37	4.49117e-39	2.94768e-41	1.69841e-43	9.90432e-46	5.44153e-48	3.32568e-50	2.14932e-52	1.89695e-54	
N23	3.58259e-15	3.76467e-14	5.09211e-13	6.3468e-12	6.89218e-11	6.39973e-10	5.01829e-09	3.29851e-08	1.82069e-07	8.60498e-07	3.66891e-06	1.54224e-05	6.81744e-05	0.000305828	0.00127325	0.00460521	0.0139982	0.0351974	0.0725755	0.122016	0.166551	0.183991	0.164117	0.118035	0.0684133	0.0319677	0.0120576	0.00367875	0.000910383	0.000183403	3.01921e-05	4.0888e-06	4.57544e-07	4.39526e-08	3.66987e-09	3.94015e-10	4.29797e-11	1.05431e-11	1.36074e-12	3.28842e-13	3.47342e-14	6.6512e-15	5.59442e-16	8.4598e-17	5.686e-18	6.84596e-19	3.69486e-20	3.5743e-21	1.55672e-22	1.22144e-23	4.31377e-25	2.7728e-26	7.97946e-28	4.24792e-29	1.00739e-30	4.64529e-32	1.24142e-33	1.546e-34	
Carex_maritima	0	0	0	0	0	0	0	0	0	0	0	0	0	0	0	0	0	0	0	0	0	0	0	0	0	0	0	0	0	1	0	0	0	0	0	0	0	0	0	0	0	0	0	0	0	0	0	0	0	0	0	0	0	0	0	0	0	0	
N24	9.53586e-15	5.88142e-14	4.90449e-13	4.10532e-12	3.2718e-11	2.47689e-10	1.79327e-09	1.24996e-08	8.40535e-08	5.42012e-07	3.30014e-06	1.85509e-05	9.39203e-05	0.000418747	0.00161519	0.00532111	0.0148386	0.0348045	0.0683391	0.111918	0.152434	0.172293	0.16136	0.125112	0.0802971	0.0426778	0.0188057	0.00688196	0.00209626	0.000532969	0.00011346	2.03022e-05	3.06495e-06	3.93063e-07	4.30302e-08	4.14605e-09	3.57505e-10	3.4084e-11	3.43775e-12	5.5826e-13	7.17684e-14	1.27484e-14	1.44878e-15	2.15847e-16	2.03015e-17	2.48698e-18	1.93433e-19	1.96237e-20	1.26782e-21	1.07502e-22	5.79703e-24	4.14779e-25	1.8773e-26	1.14807e-27	4.47645e-29	2.53608e-30	1.23433e-31	2.00112e-32	
Carex_conferta	0	0	0	0	0	0	0	0	0	0	0	0	0	0	0	0	0	0	0	0	0	0	0	0	0	1	0	0	0	0	0	0	0	0	0	0	0	0	0	0	0	0	0	0	0	0	0	0	0	0	0	0	0	0	0	0	0	0	
Carex_cephalophora	0	0	0	0	0	0	0	0	0	0	0	0	0	0	0	0	0	0	0	0	0	0	0	1	0	0	0	0	0	0	0	0	0	0	0	0	0	0	0	0	0	0	0	0	0	0	0	0	0	0	0	0	0	0	0	0	0	0	
N25	6.31325e-21	2.70792e-19	1.39672e-17	6.00639e-16	1.98751e-14	4.75264e-13	9.72228e-12	1.87836e-10	2.8396e-09	3.13748e-08	2.4776e-07	1.36748e-06	5.3836e-06	1.91287e-05	9.12275e-05	0.000516305	0.00257006	0.0102133	0.0316621	0.0758153	0.139255	0.195146	0.207709	0.167342	0.101763	0.0466453	0.0160957	0.00418891	0.000821674	0.000122918	1.39389e-05	1.2849e-06	9.15098e-08	7.4563e-09	4.50363e-10	5.06402e-11	2.65794e-12	2.62871e-13	9.84407e-15	6.87463e-16	1.79724e-17	8.81408e-19	1.6363e-20	5.75145e-22	7.73336e-24	1.99013e-25	1.97464e-27	3.79689e-29	2.82801e-31	4.14007e-33	2.35118e-35	2.66757e-37	1.1714e-39	1.04699e-41	3.61753e-44	2.6472e-46	9.41817e-49	1.31591e-50	
N26	4.70799e-18	6.22767e-17	1.04739e-15	1.60729e-14	2.14638e-13	2.47022e-12	2.44312e-11	2.07187e-10	1.51299e-09	9.75646e-09	5.88214e-08	3.58142e-07	2.30034e-06	1.50343e-05	9.19832e-05	0.000490562	0.00218788	0.00798911	0.0236096	0.056044	0.106261	0.160218	0.191462	0.180928	0.135048	0.0796226	0.0371242	0.0137192	0.00403152	0.000946001	0.000178126	2.70759e-05	3.34315e-06	3.39719e-07	2.87656e-08	2.26901e-09	1.79568e-10	2.58916e-11	3.3624e-12	7.09194e-13	8.39388e-14	1.43078e-14	1.34154e-15	1.77881e-16	1.31992e-17	1.37641e-18	8.13167e-20	6.75571e-21	3.19739e-22	2.14409e-23	8.1781e-25	4.48532e-26	1.38702e-27	6.31259e-29	1.60645e-30	6.39951e-32	1.80456e-33	1.89022e-34	
Carex_echinata	0	0	0	0	0	0	0	0	0	0	0	0	0	0	0	0	0	0	0	0	0	0	0	0	0	1	0	0	0	0	0	0	0	0	0	0	0	0	0	0	0	0	0	0	0	0	0	0	0	0	0	0	0	0	0	0	0	0	
N27	1.64793e-25	6.45964e-24	3.50539e-22	1.66836e-20	6.5475e-19	2.07293e-17	5.28033e-16	1.14397e-14	2.05852e-13	3.08293e-12	3.58335e-11	2.5228e-10	8.55622e-10	1.55456e-09	3.80764e-09	3.30827e-08	4.94542e-07	6.8617e-06	7.53896e-05	0.000627118	0.00387039	0.0174602	0.0567864	0.131392	0.213595	0.241268	0.187695	0.0999887	0.0363998	0.00907377	0.00155791	0.000185962	1.5612e-05	9.35047e-07	4.05259e-08	1.29609e-09	3.10844e-11	5.83189e-13	8.78563e-15	1.22356e-16	1.55972e-18	2.24279e-20	2.69428e-22	3.38549e-24	3.10469e-26	2.86255e-28	2.19121e-30	1.0579e-31	1.93377e-32	3.86603e-33	5.39577e-34	7.53393e-35	7.54714e-36	8.04545e-37	6.65385e-38	6.71372e-39	6.81071e-40	1.1202e-40	
N28	3.48403e-26	1.09763e-24	4.47699e-23	1.62632e-21	5.04605e-20	1.31175e-18	2.89792e-17	5.69189e-16	9.75865e-15	1.41837e-13	1.68972e-12	1.48878e-11	8.11357e-11	2.31985e-10	3.82386e-10	8.59486e-10	8.11353e-09	1.54527e-07	2.72495e-06	3.73252e-05	0.000381806	0.00285104	0.015198	0.0564757	0.142676	0.238948	0.259243	0.179173	0.0784717	0.0219826	0.00402082	0.00049305	4.16832e-05	2.49649e-06	1.08632e-07	3.51541e-09	8.63967e-11	1.65618e-12	2.54824e-14	3.78121e-16	6.22382e-18	2.14752e-19	5.73206e-21	2.25953e-22	4.94935e-24	1.46847e-25	2.48062e-27	5.54942e-29	7.29688e-31	1.25423e-32	1.29634e-34	1.74282e-36	1.43046e-38	1.53805e-40	1.04339e-42	9.95976e-45	7.95736e-47	1.3725e-48	
Carex_pairae	0	0	0	0	0	0	0	0	0	0	0	0	0	0	0	0	0	0	0	0	0	0	0	0	0	0	0	1	0	0	0	0	0	0	0	0	0	0	0	0	0	0	0	0	0	0	0	0	0	0	0	0	0	0	0	0	0	0	
Carex_divulsa	0	0	0	0	0	0	0	0	0	0	0	0	0	0	0	0	0	0	0	0	0	0	0	0	0	0	0	1	0	0	0	0	0	0	0	0	0	0	0	0	0	0	0	0	0	0	0	0	0	0	0	0	0	0	0	0	0	0	
N29	2.06537e-25	7.4339e-24	3.94062e-22	1.83242e-20	7.01441e-19	2.189e-17	5.64266e-16	1.19682e-14	1.97604e-13	2.36876e-12	1.90126e-11	9.40429e-11	2.84439e-10	6.98018e-10	2.93689e-09	3.00855e-08	4.46918e-07	6.21935e-06	6.90436e-05	0.000581326	0.00363278	0.0165955	0.0546615	0.12811	0.211019	0.241642	0.190716	0.103171	0.0381841	0.00968969	0.00169599	0.000206679	1.77419e-05	1.08816e-06	4.83601e-08	1.61235e-09	3.94705e-11	2.67389e-12	3.45187e-14	6.78823e-14	5.72465e-16	1.20898e-15	7.30387e-18	1.14401e-17	5.0774e-20	5.9421e-20	1.98168e-22	1.74504e-22	4.46624e-25	2.97243e-25	5.9556e-28	3.00361e-28	4.80056e-31	1.83796e-31	2.38512e-34	6.94983e-35	8.97822e-38	4.63236e-38	
Carex_lamprocarpa	0	0	0	0	0	0	0	0	0	0	0	0	0	0	0	0	0	0	0	0	0	0	0	0	0	0	0	0	1	0	0	0	0	0	0	0	0	0	0	0	0	0	0	0	0	0	0	0	0	0	0	0	0	0	0	0	0	0	
Carex_otrubae	0	0	0	0	0	0	0	0	0	0	0	0	0	0	0	0	0	0	0	0	0	0	0	0	0	0	0	0	1	0	0	0	0	0	0	0	0	0	0	0	0	0	0	0	0	0	0	0	0	0	0	0	0	0	0	0	0	0	
N30	1.3334e-21	3.42663e-20	1.12764e-18	3.31629e-17	8.4539e-16	1.86937e-14	3.68611e-13	6.4352e-12	9.32312e-11	1.0575e-09	9.18962e-09	6.40339e-08	4.07474e-07	2.68205e-06	1.8253e-05	0.000118912	0.000684055	0.00326221	0.0123962	0.0367483	0.0840755	0.147577	0.198036	0.20273	0.158146	0.0939981	0.0425984	0.0147492	0.00390965	0.000801522	0.000127226	1.7998e-05	2.16389e-06	6.69877e-07	1.06965e-07	5.43962e-08	6.8128e-09	2.54579e-09	2.26981e-10	5.96843e-11	3.81553e-12	7.13291e-13	3.30878e-14	4.45583e-15	1.51858e-16	1.494e-17	3.7871e-19	2.7622e-20	5.26928e-22	2.89273e-23	4.19844e-25	1.76202e-26	1.96519e-28	6.40527e-30	5.54651e-32	1.44078e-33	1.1918e-35	7.13724e-37	
N31	1.37503e-19	1.63487e-18	2.69626e-17	4.22553e-16	5.94512e-15	7.39441e-14	8.08193e-13	7.79735e-12	6.67906e-11	5.00686e-10	3.19489e-09	1.68356e-08	7.04054e-08	2.21914e-07	5.02193e-07	8.13788e-07	1.08598e-06	1.76767e-06	5.22181e-06	2.50639e-05	0.000133644	0.000642956	0.00261749	0.0088463	0.0246081	0.0559852	0.10356	0.154876	0.186248	0.179228	0.137427	0.0837153	0.0404347	0.0154978	0.00472083	0.00115328	0.000227675	3.77597e-05	5.39458e-06	7.62801e-07	1.04579e-07	1.63355e-08	2.21349e-09	3.10837e-10	3.38283e-11	3.67137e-12	3.04532e-13	2.52654e-14	1.60997e-15	1.0389e-16	5.16959e-18	2.64928e-19	1.05028e-20	4.41166e-22	1.48173e-23	5.8298e-25	2.33776e-26	2.11723e-27	
Carex_ovalis	0	0	0	0	0	0	0	0	0	0	0	0	0	0	0	0	0	0	0	0	0	0	0	0	0	0	0	0	0	0	0	0	1	0	0	0	0	0	0	0	0	0	0	0	0	0	0	0	0	0	0	0	0	0	0	0	0	0	
Carex_xerantica	0	0	0	0	0	0	0	0	0	0	0	0	0	0	0	0	0	0	0	0	0	0	0	0	0	0	0	0	0	0	0	0	0	1	0	0	0	0	0	0	0	0	0	0	0	0	0	0	0	0	0	0	0	0	0	0	0	0	
N32	2.67526e-20	4.65943e-19	1.00129e-17	1.95172e-16	3.30837e-15	4.85636e-14	6.19356e-13	6.87883e-12	6.65679e-11	5.65347e-10	4.32174e-09	3.11976e-08	2.24214e-07	1.63463e-06	1.16817e-05	7.68478e-05	0.000438699	0.00208362	0.00801931	0.0246196	0.0597232	0.11381	0.169755	0.197784	0.179875	0.127748	0.0709564	0.0309003	0.0105865	0.0028667	0.000617333	0.00010711	1.53176e-05	2.00718e-06	2.67523e-07	5.91687e-08	1.10433e-08	4.25131e-09	6.79589e-10	2.83191e-10	3.5411e-11	1.29064e-11	1.26116e-12	3.65198e-13	2.79615e-14	6.30147e-15	3.8056e-16	6.69873e-17	3.21655e-18	4.46368e-19	1.71761e-20	1.89961e-21	5.90042e-23	5.26209e-24	1.33135e-25	9.86301e-27	2.63353e-28	5.30939e-29	
Carex_chordorrhiza	0	0	0	0	0	0	0	0	0	0	0	0	0	0	0	0	0	0	0	0	0	0	0	0	0	0	0	0	0	0	1	0	0	0	0	0	0	0	0	0	0	0	0	0	0	0	0	0	0	0	0	0	0	0	0	0	0	0	
N33	4.07443e-25	1.37883e-23	6.18056e-22	2.55063e-20	9.44746e-19	2.79001e-17	4.61555e-16	6.98809e-15	1.39277e-13	2.7766e-12	4.53832e-11	4.76338e-10	2.58609e-09	6.20803e-09	6.61588e-09	5.97511e-09	2.10225e-08	2.10216e-07	2.59828e-06	2.82247e-05	0.000243062	0.00160688	0.00801776	0.0297662	0.081092	0.159949	0.225588	0.225085	0.157616	0.0771192	0.0263566	0.00631745	0.00107042	0.00012969	1.13871e-05	7.36228e-07	3.55976e-08	1.31501e-09	3.77739e-11	8.84443e-13	1.73913e-14	3.30548e-16	5.95315e-18	1.19753e-19	2.06536e-21	3.6582e-23	4.98745e-25	6.73314e-27	6.90893e-29	7.04158e-31	5.49443e-33	4.31509e-35	2.62768e-37	1.6591e-39	8.59616e-42	5.11889e-44	3.07716e-46	2.94476e-48	
Carex_marina	0	0	0	0	0	0	0	0	0	0	0	0	0	0	0	0	0	0	0	0	0	0	0	0	0	0	0	0	0	0	1	0	0	0	0	0	0	0	0	0	0	0	0	0	0	0	0	0	0	0	0	0	0	0	0	0	0	0	
N34	2.5872e-25	8.46404e-24	3.61318e-22	1.36495e-20	4.3612e-19	1.1627e-17	2.58484e-16	4.8217e-15	7.40558e-14	8.8958e-13	7.85307e-12	4.7267e-11	1.80888e-10	4.49634e-10	9.34086e-10	2.36703e-09	1.02146e-08	9.33547e-08	1.22797e-06	1.49983e-05	0.00014572	0.00107837	0.00596128	0.0242452	0.0715059	0.15081	0.224543	0.233452	0.168118	0.0834921	0.0285893	0.00677789	0.00112166	0.000131071	1.09656e-05	6.67043e-07	2.99786e-08	1.01348e-09	2.61909e-11	5.57636e-13	9.63623e-15	5.4157e-16	1.29458e-17	3.08672e-18	6.18767e-20	1.2192e-20	1.85198e-22	2.78775e-23	3.26337e-25	3.79595e-26	3.48153e-28	3.16249e-29	2.30625e-31	1.64983e-32	9.73574e-35	5.61426e-36	4.94524e-38	6.24973e-39	
Carex_canescens	0	0	0	0	0	0	0	0	0	0	0	0	0	0	0	0	0	0	0	0	0	0	0	0	0	0	0	1	0	0	0	0	0	0	0	0	0	0	0	0	0	0	0	0	0	0	0	0	0	0	0	0	0	0	0	0	0	0	
Carex_lachenalii	0	0	0	0	0	0	0	0	0	0	0	0	0	0	0	0	0	0	0	0	0	0	0	0	0	0	0	0	0	0	1	0	0	0	0	0	0	0	0	0	0	0	0	0	0	0	0	0	0	0	0	0	0	0	0	0	0	0	
N35	0.000105591	0.000392141	0.00142074	0.00444091	0.0118642	0.0271772	0.0534974	0.0904889	0.130737	0.160253	0.165309	0.142694	0.102489	0.0610801	0.030118	0.0122887	0.00414844	0.00116212	0.000270737	5.27355e-05	8.61968e-06	1.19056e-06	1.39522e-07	1.39855e-08	1.20336e-09	8.96871e-11	5.80312e-12	3.29404e-13	1.64058e-14	7.26307e-16	2.84921e-17	1.00808e-18	3.18957e-20	9.26e-22	2.42388e-23	5.9444e-25	1.32201e-26	2.81999e-28	5.45769e-30	1.036e-31	1.77151e-33	3.02298e-35	4.58642e-37	7.02906e-39	9.4402e-41	1.293e-42	1.53319e-44	1.87137e-46	1.95903e-48	2.13219e-50	1.97877e-52	1.93478e-54	1.61992e-56	1.47434e-58	1.22116e-60	1.22209e-62	1.38352e-64	2.83348e-66	
N36	0.000155532	0.000377016	0.00101287	0.00263741	0.00632606	0.0137381	0.0268033	0.0468249	0.073024	0.101472	0.125356	0.137503	0.133715	0.115212	0.0878778	0.0593392	0.0354587	0.0187629	0.00879197	0.0036528	0.00134605	0.000440809	0.000128351	3.33273e-05	7.71998e-06	1.60274e-06	2.98189e-07	5.01125e-08	7.59665e-09	1.05437e-09	1.33365e-10	1.58265e-11	1.7372e-12	1.85872e-13	1.8608e-14	1.88757e-15	1.77196e-16	1.71511e-17	1.48702e-18	1.33215e-19	1.03653e-20	8.36525e-22	5.74679e-23	4.1347e-24	2.49768e-25	1.60189e-26	8.52609e-28	4.8958e-29	2.30563e-30	1.19205e-31	4.99644e-33	2.34539e-34	8.86774e-36	3.87915e-37	1.42895e-38	6.80559e-40	3.59257e-41	4.63962e-42	
Carex_livida	0	0	0	0	0	0	0	0	0	0	0	0	0	0	0	1	0	0	0	0	0	0	0	0	0	0	0	0	0	0	0	0	0	0	0	0	0	0	0	0	0	0	0	0	0	0	0	0	0	0	0	0	0	0	0	0	0	0	
Carex_panicea	0	0	0	0	0	0	0	0	0	0	0	0	0	0	0	1	0	0	0	0	0	0	0	0	0	0	0	0	0	0	0	0	0	0	0	0	0	0	0	0	0	0	0	0	0	0	0	0	0	0	0	0	0	0	0	0	0	0	
N37	5.85651e-06	3.4074e-05	0.00019001	0.000887461	0.0033898	0.0105112	0.0266476	0.0564252	0.100735	0.149992	0.182503	0.178934	0.139697	0.0862975	0.0418431	0.0158953	0.00470091	0.00108611	0.00019472	2.74162e-05	2.99489e-06	2.61532e-07	1.76903e-08	1.00044e-09	4.31363e-11	1.74444e-12	5.05002e-14	1.76584e-15	3.7166e-17	1.29953e-18	2.08978e-20	6.68648e-22	8.17249e-24	2.10606e-25	1.95415e-27	3.90924e-29	2.77986e-31	4.31686e-33	2.39133e-35	2.93635e-37	1.28183e-39	1.2532e-41	4.38636e-44	3.50785e-46	9.89562e-49	6.42935e-51	1.4941e-53	8.30111e-56	1.57684e-58	7.16276e-61	1.1593e-63	4.91752e-66	6.51167e-69	2.19774e-71	2.67639e-74	1.07979e-76	2.05873e-79	1.89995e-81	
N38	5.50952e-05	0.000192365	0.000722787	0.00246021	0.00729199	0.0185747	0.0404342	0.074931	0.117606	0.155304	0.171335	0.156939	0.11877	0.0740149	0.037902	0.0159399	0.0055073	0.00156638	0.000367527	7.15237e-05	1.15718e-05	1.58688e-06	1.83969e-07	2.07224e-08	2.13823e-09	3.87399e-10	5.26962e-11	1.45356e-11	1.87576e-12	4.57351e-13	4.86864e-14	9.7467e-15	8.46384e-16	1.39396e-16	9.87517e-18	1.34948e-18	7.80659e-20	8.93568e-21	4.22807e-22	4.10325e-23	1.59076e-24	1.32286e-25	4.22385e-27	3.08136e-28	8.14297e-30	5.24531e-31	1.19479e-32	7.80156e-34	1.60113e-35	9.75136e-37	2.2948e-38	2.1416e-39	4.62332e-41	2.94922e-42	8.13498e-44	8.76365e-45	5.17464e-46	1.4134e-46	
Carex_fuliginosa	0	0	0	0	0	0	0	0	0	0	0	0	0	0	0	0	0	0	0	1	0	0	0	0	0	0	0	0	0	0	0	0	0	0	0	0	0	0	0	0	0	0	0	0	0	0	0	0	0	0	0	0	0	0	0	0	0	0	
N39	0.0004226	0.00105413	0.00285748	0.00732369	0.0168999	0.0344555	0.0614881	0.0955415	0.128757	0.150068	0.15089	0.13065	0.097272	0.0622279	0.0341909	0.0161415	0.0065509	0.00228916	0.000689531	0.00017961	4.05036e-05	7.96655e-06	1.36635e-06	2.09672e-07	2.86212e-08	3.88161e-09	4.96197e-10	8.15137e-11	1.18896e-11	2.4081e-12	3.45119e-13	6.59115e-14	8.16574e-15	1.34937e-15	1.41052e-16	2.00156e-17	1.76295e-18	2.15968e-19	1.60645e-20	1.71254e-21	1.07875e-22	1.00859e-23	5.40205e-25	4.47711e-26	2.04769e-27	1.51629e-28	5.98282e-30	4.04842e-31	1.39703e-32	8.70345e-34	2.74589e-35	1.70554e-36	5.1585e-38	3.11908e-39	1.10902e-40	9.47415e-42	8.26294e-43	2.17856e-43	
Carex_glacialis	0	0	0	0	0	0	0	0	0	0	0	0	0	0	0	0	1	0	0	0	0	0	0	0	0	0	0	0	0	0	0	0	0	0	0	0	0	0	0	0	0	0	0	0	0	0	0	0	0	0	0	0	0	0	0	0	0	0	
N40	0.00104078	0.00225336	0.00519912	0.0115017	0.0232946	0.0423894	0.0686736	0.098633	0.125212	0.140265	0.138423	0.120249	0.0918688	0.0617192	0.0364502	0.0189338	0.00865141	0.00348138	0.00123424	0.000386256	0.000106749	2.61372e-05	5.67018e-06	1.09641e-06	1.88767e-07	2.93279e-08	4.09435e-09	5.3166e-10	6.32569e-11	7.50769e-12	8.36512e-13	1.02032e-13	1.13472e-14	1.42461e-15	1.50276e-16	1.77269e-17	1.66385e-18	1.74887e-19	1.42652e-20	1.31973e-21	9.32433e-23	7.60822e-24	4.66954e-25	3.38145e-26	1.81026e-27	1.17103e-28	5.49562e-30	3.20067e-31	1.32347e-32	6.9856e-34	2.56465e-35	1.24098e-36	4.10028e-38	1.85915e-39	6.04885e-41	3.10278e-42	1.71974e-43	2.73776e-44	
Carex_pilulifera	0	0	0	0	0	0	0	0	1	0	0	0	0	0	0	0	0	0	0	0	0	0	0	0	0	0	0	0	0	0	0	0	0	0	0	0	0	0	0	0	0	0	0	0	0	0	0	0	0	0	0	0	0	0	0	0	0	0	
Carex_humilis	0	0	0	0	0	0	0	0	0	0	0	0	0	0	0	0	0	1	0	0	0	0	0	0	0	0	0	0	0	0	0	0	0	0	0	0	0	0	0	0	0	0	0	0	0	0	0	0	0	0	0	0	0	0	0	0	0	0	
N41	1.33002e-07	1.229e-06	1.07664e-05	7.83689e-05	0.000455978	0.00206615	0.00715506	0.0194644	0.0441755	0.0858051	0.138973	0.182737	0.190457	0.156	0.0984986	0.0486754	0.0181763	0.00562523	0.00126473	0.000314718	4.83893e-05	1.48247e-05	1.737e-06	5.18688e-07	4.2496e-08	9.11889e-09	5.08643e-10	7.54384e-11	2.90215e-12	3.01543e-13	8.21077e-15	6.22097e-16	1.21967e-17	6.78017e-19	9.92361e-21	4.44561e-22	4.84911e-24	1.62318e-25	1.44709e-27	5.23434e-29	3.53935e-31	8.47077e-33	5.86125e-35	2.54248e-36	1.22556e-38	2.31108e-40	1.32743e-42	5.34042e-44	1.89792e-46	2.68028e-48	1.14896e-50	3.55922e-52	9.47524e-55	1.01221e-56	3.27524e-59	8.13004e-61	3.03621e-63	1.18204e-64	
Carex_atrofusca	0	0	0	0	0	0	0	0	0	0	0	0	0	0	0	0	0	0	1	0	0	0	0	0	0	0	0	0	0	0	0	0	0	0	0	0	0	0	0	0	0	0	0	0	0	0	0	0	0	0	0	0	0	0	0	0	0	0	
N42	5.40025e-09	6.25177e-08	7.84242e-07	8.05074e-06	6.47244e-05	0.000402009	0.00191585	0.00704073	0.020359	0.0478167	0.092979	0.149057	0.191318	0.192658	0.148328	0.0885563	0.0394648	0.0146511	0.00384125	0.00122276	0.00020792	9.18207e-05	1.05674e-05	4.74922e-06	3.48315e-07	1.14435e-07	5.36398e-09	1.20434e-09	3.68291e-11	5.55012e-12	1.1371e-13	1.17448e-14	1.63502e-16	1.14329e-17	1.12339e-19	5.90353e-21	4.0572e-23	1.43619e-24	7.74541e-27	2.92369e-28	1.08391e-30	2.25551e-32	8.56277e-35	3.55959e-36	7.71477e-39	1.02237e-40	2.86665e-43	1.05843e-44	1.41728e-47	1.1939e-49	2.26548e-52	6.3061e-54	5.53857e-57	3.1035e-59	4.03128e-62	8.38673e-64	7.94559e-67	1.37865e-68	
N43	4.54276e-09	4.73383e-08	5.55422e-07	5.43851e-06	4.23529e-05	0.000258138	0.00122329	0.00454044	0.0135383	0.0334764	0.0697395	0.121249	0.171743	0.19374	0.171314	0.117954	0.0630567	0.0263921	0.00870936	0.0023534	0.000530657	0.000109469	1.99079e-05	3.59082e-06	5.16634e-07	8.01134e-08	8.20187e-09	1.24612e-09	9.25374e-11	1.50178e-11	8.38689e-13	1.20435e-13	4.99108e-15	5.48473e-16	1.68442e-17	1.39538e-18	3.20304e-20	2.00271e-21	3.53901e-23	1.79348e-24	2.51284e-26	1.00386e-27	1.17377e-29	4.31805e-31	4.29949e-33	1.21639e-34	1.03891e-36	2.87685e-38	2.04502e-40	4.0376e-42	2.42522e-44	5.08018e-46	2.42323e-48	3.42333e-50	1.50734e-52	3.03098e-54	1.95677e-56	9.29169e-58	
N44	1.44494e-06	6.21162e-06	2.93977e-05	0.000127636	0.000491029	0.00165642	0.0048786	0.0125163	0.0279058	0.0538904	0.0897244	0.128078	0.155852	0.160859	0.140302	0.103205	0.0640069	0.0335197	0.0148671	0.00561107	0.00181234	0.000504934	0.000122262	2.60932e-05	4.94277e-06	8.72856e-07	1.43247e-07	2.79157e-08	5.34161e-09	1.66591e-09	3.73654e-10	1.29049e-10	2.61474e-11	7.92327e-12	1.36058e-12	3.51557e-13	5.08181e-14	1.12574e-14	1.37214e-15	2.63387e-16	2.71843e-17	4.5746e-18	4.02283e-19	6.00831e-20	4.53742e-21	6.07819e-22	3.9806e-23	4.84119e-24	2.77637e-25	3.08468e-26	1.5776e-27	1.65951e-28	7.72664e-30	7.75691e-31	3.9221e-32	5.83389e-33	1.01529e-33	6.71467e-34	
N45	8.52359e-14	8.33756e-12	7.17213e-10	4.52455e-08	2.11824e-06	6.25411e-05	0.000335658	0.00415252	0.0547686	0.202311	0.340652	0.291977	0.101581	0.00407771	7.99289e-05	1.01848e-06	1.93283e-08	7.53649e-09	4.17895e-09	1.81703e-09	6.07846e-10	1.53437e-10	2.83149e-11	3.62812e-12	2.94514e-13	1.25402e-14	1.63279e-16	1.1228e-18	4.95844e-21	1.55291e-23	3.65771e-26	6.74851e-29	1.00275e-31	1.22843e-34	1.26057e-37	1.10247e-40	8.29766e-44	5.46454e-47	3.16556e-50	1.64666e-53	7.69195e-57	3.32342e-60	1.31467e-63	4.96388e-67	1.73468e-70	5.92046e-74	1.8603e-77	5.75798e-81	1.61584e-84	4.47791e-88	1.11188e-91	2.7496e-95	6.12917e-99	1.40926e-102	3.11464e-106	7.80754e-110	2.11795e-113	6.8604e-117	
Carex_capillaris	0	0	0	0	0	0	0	0	1	0	0	0	0	0	0	0	0	0	0	0	0	0	0	0	0	0	0	0	0	0	0	0	0	0	0	0	0	0	0	0	0	0	0	0	0	0	0	0	0	0	0	0	0	0	0	0	0	0	
Carex_halleriana	0	0	0	0	0	0	0	0	0	0	0	0	0	0	0	0	0	0	0	0	0	0	0	0	0	1	0	0	0	0	0	0	0	0	0	0	0	0	0	0	0	0	0	0	0	0	0	0	0	0	0	0	0	0	0	0	0	0	
Carex_baccans	0	0	0	0	0	0	0	0	0	0	0	0	0	0	0	0	0	0	0	0	0	0	1	0	0	0	0	0	0	0	0	0	0	0	0	0	0	0	0	0	0	0	0	0	0	0	0	0	0	0	0	0	0	0	0	0	0	0	
N46	1.12302e-09	1.15011e-08	1.35281e-07	1.36088e-06	1.11146e-05	7.26478e-05	0.000376125	0.00152651	0.00489206	0.0128304	0.0290211	0.0582964	0.102085	0.15	0.179833	0.173833	0.134757	0.0840919	0.0421388	0.017462	0.00587345	0.00195023	0.000534947	0.000265007	7.66019e-05	5.01793e-05	1.20949e-05	6.4701e-06	1.174e-06	4.71927e-07	6.38749e-08	1.93119e-08	1.95597e-09	4.49743e-10	3.43327e-11	6.1117e-12	3.54405e-13	4.95548e-14	2.21553e-15	2.52833e-16	8.80617e-18	8.19086e-19	2.34681e-20	2.14303e-21	5.09485e-23	3.79528e-24	9.46798e-26	1.11259e-26	2.20782e-28	1.47425e-29	3.48605e-31	4.05287e-32	6.29912e-34	3.26373e-35	6.07233e-37	5.86885e-38	1.58992e-39	3.24405e-40	
Carex_echinochloe	0	0	0	0	0	0	0	0	0	0	0	0	0	0	0	0	0	0	0	0	1	0	0	0	0	0	0	0	0	0	0	0	0	0	0	0	0	0	0	0	0	0	0	0	0	0	0	0	0	0	0	0	0	0	0	0	0	0	
N47	1.20245e-12	1.33689e-11	1.93653e-10	2.54934e-09	2.85689e-08	2.67497e-07	2.06835e-06	1.30227e-05	6.63116e-05	0.000276885	0.000983278	0.0031034	0.00887621	0.0226065	0.0495527	0.0910394	0.137926	0.171216	0.173159	0.143377	0.0966819	0.0548894	0.0257976	0.0117589	0.00462876	0.00239683	0.00091724	0.000493149	0.000152543	6.49744e-05	1.47125e-05	4.64646e-06	7.59112e-07	1.7722e-07	2.09432e-08	3.64834e-09	3.13721e-10	4.12524e-11	2.605e-12	2.6315e-13	1.23252e-14	9.69081e-16	3.43025e-17	2.17987e-18	5.95308e-20	3.07541e-21	6.88973e-23	3.28343e-24	6.27832e-26	2.50824e-27	4.57277e-29	1.95603e-30	3.0277e-32	9.55788e-34	1.48821e-35	5.74943e-37	1.50914e-38	1.26707e-39	
N48	9.29904e-12	6.22549e-11	5.2713e-10	4.28918e-09	3.16557e-08	2.08446e-07	1.21662e-06	6.28008e-06	2.87224e-05	0.000117087	0.000428615	0.00141477	0.00419673	0.0110676	0.0255745	0.0510705	0.0871913	0.126375	0.154895	0.16036	0.140353	0.10424	0.0661033	0.036249	0.0174828	0.00766569	0.00313058	0.00125862	0.000479562	0.000193672	6.76072e-05	3.02744e-05	9.77596e-06	5.35384e-06	1.60251e-06	9.0686e-07	2.34766e-07	1.16321e-07	2.50939e-08	1.04025e-08	1.85525e-09	6.41681e-10	9.47486e-11	2.7575e-11	3.38781e-12	8.38571e-13	8.65867e-14	1.85712e-14	1.63902e-15	3.09453e-16	2.3961e-17	4.10873e-18	2.87872e-19	4.49339e-20	2.96981e-21	4.79667e-22	6.03655e-23	4.62158e-23	
Carex_pendula	0	0	0	0	0	0	0	0	0	0	0	0	0	0	0	0	0	0	0	0	0	0	0	0	0	0	0	0	0	1	0	0	0	0	0	0	0	0	0	0	0	0	0	0	0	0	0	0	0	0	0	0	0	0	0	0	0	0	
N49	9.81808e-18	1.11155e-16	1.5514e-15	2.00645e-14	2.31078e-13	2.33134e-12	2.02832e-11	1.53716e-10	1.08173e-09	7.57343e-09	4.64482e-08	2.20794e-07	7.45235e-07	1.68273e-06	2.74683e-06	4.91848e-06	1.22124e-05	2.68987e-05	4.22147e-05	5.12919e-05	7.55385e-05	0.000264314	0.00131496	0.00573342	0.0199643	0.0542623	0.113351	0.179687	0.214046	0.190631	0.12661	0.0627378	0.0231929	0.00641685	0.00133185	0.000209619	2.52525e-05	2.38538e-06	1.79034e-07	1.11032e-08	5.73265e-10	2.612e-11	1.03214e-12	3.80822e-14	1.22789e-15	3.77319e-17	9.92942e-19	2.49532e-20	5.2827e-22	1.07452e-23	1.83351e-25	3.05105e-27	4.30365e-29	6.14196e-31	7.91821e-33	1.14695e-34	1.76223e-36	4.32602e-38	
Carex_hostiana	0	0	0	0	0	0	0	0	0	0	0	0	0	0	0	0	0	0	0	0	0	0	0	0	0	0	0	1	0	0	0	0	0	0	0	0	0	0	0	0	0	0	0	0	0	0	0	0	0	0	0	0	0	0	0	0	0	0	
Carex_viridula	0	0	0	0	0	0	0	0	0	0	0	0	0	0	0	0	0	0	0	0	0	0	0	0	0	0	0	0	0	0	0	0	0	0	1	0	0	0	0	0	0	0	0	0	0	0	0	0	0	0	0	0	0	0	0	0	0	0	
N50	2.60319e-14	2.80219e-13	4.05355e-12	5.42698e-11	6.34736e-10	6.39257e-09	5.51251e-08	4.06288e-07	2.54802e-06	1.3523e-05	6.0649e-05	0.000230347	0.000746799	0.00211539	0.00544678	0.013141	0.0294101	0.0586259	0.100113	0.143136	0.169535	0.165823	0.133895	0.0896355	0.0499605	0.0235668	0.00949093	0.00343259	0.00110653	0.000360744	0.000104013	3.41584e-05	8.71525e-06	2.71027e-06	5.66822e-07	1.49461e-07	2.43403e-08	5.08929e-09	6.31685e-10	1.02387e-10	9.64932e-12	1.21297e-12	8.72097e-14	8.58769e-15	4.75097e-16	3.71407e-17	1.5995e-18	1.00883e-19	3.4322e-21	1.77538e-22	4.87047e-24	2.11153e-25	4.79518e-27	1.77709e-28	3.59173e-30	1.32844e-31	4.4715e-33	4.99481e-34	
N51	2.28283e-13	1.31722e-12	1.0031e-11	7.39839e-11	4.95313e-10	2.97367e-09	1.59884e-08	7.71095e-08	3.33969e-07	1.29753e-06	4.51e-06	1.40203e-05	3.92426e-05	0.000100483	0.000240711	0.000552624	0.00124698	0.00282898	0.00645273	0.0143017	0.0293716	0.0538898	0.0865404	0.120499	0.144893	0.15032	0.134492	0.104023	0.0695729	0.040698	0.0208503	0.00991518	0.00437567	0.00222082	0.00109625	0.000708775	0.00036036	0.000221063	9.48148e-05	4.78154e-05	1.64838e-05	6.70077e-06	1.84742e-06	6.07539e-07	1.34284e-07	3.6009e-08	6.40905e-09	1.41474e-09	2.03867e-10	3.74288e-11	4.3939e-12	6.78411e-13	6.53619e-14	8.61063e-15	7.02054e-16	8.77646e-17	1.02162e-17	4.8939e-18	
Carex_punctata	0	0	0	0	0	0	0	0	0	0	0	0	0	0	0	0	0	0	0	0	0	0	0	0	0	0	0	0	0	0	0	0	0	1	0	0	0	0	0	0	0	0	0	0	0	0	0	0	0	0	0	0	0	0	0	0	0	0	
Carex_hochstetteriana	0	0	0	0	0	0	0	0	0	0	0	0	0	0	0	0	0	0	0	0	0	0	0	0	0	0	0	0	0	0	0	0	0	0	0	0	0	1	0	0	0	0	0	0	0	0	0	0	0	0	0	0	0	0	0	0	0	0	
N52	2.66868e-14	2.25425e-13	2.54512e-12	2.74126e-11	2.66566e-10	2.31622e-09	1.80943e-08	1.28563e-07	8.134e-07	4.38517e-06	1.94414e-05	7.03865e-05	0.000215806	0.00060696	0.00169021	0.00468043	0.0122038	0.0284007	0.0571019	0.0974127	0.139544	0.166847	0.165957	0.137124	0.0941047	0.0536978	0.0255308	0.0101498	0.00338995	0.000957891	0.0002309	4.80693e-05	8.73799e-06	1.41297e-06	2.04174e-07	2.7108e-08	3.23288e-09	3.69797e-10	3.73239e-11	3.94524e-12	3.51056e-13	3.64141e-14	2.88239e-15	2.78521e-16	1.86626e-17	1.5362e-18	8.37792e-20	5.64434e-21	2.47903e-22	1.36062e-23	4.82853e-25	2.17675e-26	6.3019e-28	2.37478e-29	5.86135e-31	2.06068e-32	6.53663e-34	5.75154e-35	
Carex_comans	0	0	0	0	0	0	0	0	0	0	0	0	0	0	0	0	0	0	0	1	0	0	0	0	0	0	0	0	0	0	0	0	0	0	0	0	0	0	0	0	0	0	0	0	0	0	0	0	0	0	0	0	0	0	0	0	0	0	
N53	4.46974e-14	3.25606e-13	3.09227e-12	2.78169e-11	2.23366e-10	1.58606e-09	9.97341e-09	5.57719e-08	2.78487e-07	1.24645e-06	5.02596e-06	1.83869e-05	6.15574e-05	0.000190814	0.000557663	0.00156758	0.00425256	0.0108607	0.0251037	0.0507651	0.0879127	0.128894	0.159076	0.164826	0.143204	0.104349	0.0637763	0.0327988	0.0141854	0.00524687	0.00164269	0.000491036	0.000127137	5.29984e-05	1.56284e-05	1.05303e-05	2.94307e-06	1.81649e-06	4.12379e-07	2.04209e-07	3.70535e-08	1.46178e-08	2.12534e-09	6.71868e-10	7.86626e-11	2.00835e-11	1.90444e-12	3.96185e-13	3.06149e-14	5.23823e-15	3.3197e-16	4.7184e-17	2.46794e-18	2.94376e-19	1.28627e-20	1.34745e-21	7.10999e-23	2.61081e-23	
Carex_extensa	0	0	0	0	0	0	0	0	0	0	0	0	0	0	0	0	0	0	0	0	0	0	0	0	0	0	0	0	0	1	0	0	0	0	0	0	0	0	0	0	0	0	0	0	0	0	0	0	0	0	0	0	0	0	0	0	0	0	
Carex_distans	0	0	0	0	0	0	0	0	0	0	0	0	0	0	0	0	0	0	0	0	0	0	0	0	0	0	0	0	0	0	0	0	0	0	1	0	0	0	0	0	0	0	0	0	0	0	0	0	0	0	0	0	0	0	0	0	0	0	
N54	1.71425e-10	1.54461e-09	1.80066e-08	1.89336e-07	1.6806e-06	1.23729e-05	7.47982e-05	0.000367611	0.00146354	0.00477179	0.0130384	0.0305357	0.0615481	0.105238	0.149488	0.174201	0.165086	0.128057	0.080874	0.0439154	0.0200015	0.0102546	0.00454739	0.00333644	0.00147975	0.00105956	0.00036679	0.000202205	5.14836e-05	2.12402e-05	3.94749e-06	1.2261e-06	1.66293e-07	3.92651e-08	3.90322e-09	7.14118e-10	5.23642e-11	7.50484e-12	4.14483e-13	4.93479e-14	2.1081e-15	2.06015e-16	7.56375e-18	7.79751e-19	2.52133e-20	2.03274e-21	6.70761e-23	6.61794e-24	1.7008e-25	1.02636e-26	2.55269e-28	1.85904e-29	3.35486e-31	1.41969e-32	2.50734e-34	1.38484e-35	3.31114e-37	3.94067e-38	
N55	2.10314e-09	9.82801e-09	5.85753e-08	3.42933e-07	1.84659e-06	8.97372e-06	3.90655e-05	0.000151814	0.000525677	0.00162042	0.00444209	0.0108092	0.0232713	0.0441352	0.0733795	0.106487	0.134426	0.147363	0.14025	0.116125	0.083972	0.0534685	0.0303129	0.0156279	0.00747546	0.00344005	0.00152416	0.000674178	0.000279196	0.00011751	4.36204e-05	1.77944e-05	5.99256e-06	2.49574e-06	7.74508e-07	3.18534e-07	8.79694e-08	3.30184e-08	7.82967e-09	2.57632e-09	5.1821e-10	1.48597e-10	2.54407e-11	6.41815e-12	9.47785e-13	2.13452e-13	2.78065e-14	5.69374e-15	6.7265e-16	1.26458e-16	1.38604e-17	2.40883e-18	2.46206e-19	3.92976e-20	3.90023e-21	6.77407e-22	1.29599e-22	9.42036e-23	
Carex_scirpoidea	0	0	0	0	0	0	0	0	0	0	0	0	0	0	0	0	0	0	0	0	0	0	0	0	0	0	0	0	0	0	1	0	0	0	0	0	0	0	0	0	0	0	0	0	0	0	0	0	0	0	0	0	0	0	0	0	0	0	
Carex_debilis	0	0	0	0	0	0	0	0	0	0	0	0	0	0	0	0	0	0	0	0	0	0	0	0	0	0	1	0	0	0	0	0	0	0	0	0	0	0	0	0	0	0	0	0	0	0	0	0	0	0	0	0	0	0	0	0	0	0	
N56	6.09157e-11	4.31635e-10	3.94738e-09	3.30537e-08	2.38461e-07	1.46975e-06	7.74631e-06	3.50175e-05	0.000136519	0.000464278	0.00140147	0.00382254	0.00950226	0.0214084	0.0429928	0.0754948	0.114031	0.146606	0.159385	0.146478	0.113798	0.0757776	0.0434973	0.0228696	0.0109492	0.00571548	0.00269435	0.00159299	0.000693663	0.000399361	0.000142859	7.13708e-05	2.02083e-05	8.32647e-06	1.84444e-06	6.12993e-07	1.05827e-07	2.8236e-08	3.80772e-09	8.21373e-10	8.71029e-11	1.53618e-11	1.29851e-12	1.91235e-13	1.31511e-14	1.64346e-15	9.55903e-17	1.06332e-17	5.43561e-19	5.32825e-20	2.52703e-21	2.38638e-22	1.01955e-23	8.21892e-25	3.46566e-26	3.30365e-27	2.67519e-28	8.49975e-29	
N57	6.75383e-14	4.61911e-13	4.00665e-12	3.37483e-11	2.62948e-10	1.87177e-09	1.2053e-08	7.11668e-08	4.05124e-07	2.26604e-06	1.18101e-05	5.45147e-05	0.000215507	0.000706738	0.00185921	0.00380466	0.00593795	0.00714574	0.00734223	0.00864185	0.0147195	0.0293732	0.0548232	0.0892173	0.124619	0.148881	0.151814	0.132121	0.0980069	0.0621106	0.0335962	0.0156303	0.00624839	0.0021919	0.000671984	0.00018916	4.76856e-05	1.17326e-05	2.5736e-06	5.65382e-07	1.05371e-07	1.95158e-08	2.93307e-09	4.36877e-10	5.16884e-11	6.1117e-12	5.68597e-13	5.36475e-14	3.95771e-15	3.01516e-16	1.785e-17	1.11469e-18	5.38806e-20	2.83642e-21	1.19451e-22	6.09331e-24	3.25631e-25	4.229e-26	
Carex_grayi	0	0	0	0	0	0	0	0	0	0	0	0	0	0	0	0	0	0	0	0	0	0	0	0	0	1	0	0	0	0	0	0	0	0	0	0	0	0	0	0	0	0	0	0	0	0	0	0	0	0	0	0	0	0	0	0	0	0	
N58	2.41734e-17	1.98615e-16	2.27129e-15	2.57375e-14	2.72222e-13	2.64436e-12	2.33164e-11	1.86051e-10	1.35853e-09	9.19847e-09	5.67735e-08	3.0795e-07	1.42561e-06	5.48491e-06	1.69291e-05	3.99816e-05	6.86067e-05	8.23751e-05	7.00008e-05	4.84177e-05	3.99103e-05	6.07254e-05	0.00017534	0.000656979	0.00236673	0.00741342	0.0196676	0.0438176	0.0815368	0.126249	0.161857	0.171597	0.149607	0.108335	0.0646832	0.0338656	0.0151908	0.00722593	0.00298774	0.00149072	0.00053733	0.000222268	5.9708e-05	1.80992e-05	3.50831e-06	7.73845e-07	1.09495e-07	1.79032e-08	1.88507e-09	2.33579e-10	1.86632e-11	1.79107e-12	1.10755e-13	8.44237e-15	4.22884e-16	2.84761e-17	1.72979e-18	3.17893e-19	
Carex_saxatilis	0	0	0	0	0	0	0	0	0	0	0	0	0	0	0	0	0	0	0	0	0	0	0	0	0	0	0	0	0	0	0	0	0	0	0	0	0	0	1	0	0	0	0	0	0	0	0	0	0	0	0	0	0	0	0	0	0	0	
N59	1.10585e-42	2.91651e-39	6.30445e-36	1.01783e-32	3.92763e-31	3.31144e-29	4.83229e-26	4.76695e-23	2.60464e-20	1.84909e-21	3.77741e-24	1.75685e-26	2.8506e-24	3.96362e-21	3.87816e-18	2.52063e-15	1.00871e-12	2.0633e-10	1.29341e-09	6.14086e-12	1.33694e-14	1.78501e-17	1.63329e-20	1.34134e-23	3.64793e-25	3.86361e-27	2.73797e-27	2.79857e-24	5.34521e-21	7.83143e-18	8.52876e-15	6.65095e-12	3.53639e-09	1.19724e-06	0.000232555	0.0216649	0.652613	0.322854	0.0026272	6.94911e-06	8.8918e-09	6.61315e-12	3.18422e-15	1.06877e-18	2.63395e-22	4.98203e-26	7.44735e-30	9.14442e-34	9.35617e-38	8.497e-42	6.85425e-46	5.68211e-50	4.69099e-54	4.67453e-58	4.81856e-62	5.40732e-66	5.67108e-70	5.72411e-74	
Carex_membranacea	0	0	0	0	0	0	0	0	0	0	0	0	0	0	0	0	0	0	0	0	0	0	0	0	0	0	0	0	0	0	0	0	0	0	0	0	0	1	0	0	0	0	0	0	0	0	0	0	0	0	0	0	0	0	0	0	0	0	
Carex_rostrata	0	0	0	0	0	0	0	0	0	0	0	0	0	0	0	0	0	0	0	0	0	0	0	0	0	0	0	0	0	0	0	0	0	0	0	0	1	0	0	0	0	0	0	0	0	0	0	0	0	0	0	0	0	0	0	0	0	0	
N60	3.38868e-15	3.373e-14	4.50971e-13	5.79653e-12	6.72016e-11	6.85759e-10	6.07743e-09	4.6853e-08	3.17174e-07	1.88406e-06	9.7568e-06	4.34816e-05	0.000162196	0.000489447	0.00116787	0.00223284	0.00375101	0.00667769	0.0139297	0.0301838	0.0592411	0.0994116	0.140122	0.165078	0.162172	0.132889	0.0907802	0.0518961	0.0248417	0.010071	0.00346028	0.00103716	0.000269181	6.43846e-05	1.35303e-05	2.78039e-06	4.87626e-07	8.59884e-08	1.21829e-08	1.75088e-09	1.92771e-10	2.17515e-11	1.83042e-12	1.6022e-13	1.03006e-14	7.01649e-16	3.47285e-17	1.86071e-18	7.17154e-20	3.06454e-21	9.32155e-23	3.22782e-24	7.88489e-26	2.26938e-27	4.73394e-29	1.29167e-30	3.41908e-32	2.15677e-33	
N61	1.02423e-14	7.07233e-14	6.47586e-13	5.79963e-12	4.8068e-11	3.65308e-10	2.53885e-09	1.60777e-08	9.2373e-08	4.80128e-07	2.25428e-06	9.53194e-06	3.603e-05	0.000120603	0.000356737	0.000948402	0.00235434	0.00566455	0.0132223	0.0288268	0.056077	0.0942704	0.134582	0.161779	0.163096	0.137659	0.0972355	0.0575115	0.0285246	0.0118926	0.00418219	0.00124633	0.000316576	6.9044e-05	1.30349e-05	2.1507e-06	3.12703e-07	4.04795e-08	4.67896e-09	4.91324e-10	4.63319e-11	4.25336e-12	3.552e-13	3.7566e-14	3.40091e-15	4.97379e-16	4.63232e-17	6.84156e-18	5.59261e-19	7.10276e-20	4.90894e-21	5.25121e-22	3.07302e-23	2.80485e-24	1.47662e-25	1.3362e-26	1.1168e-27	2.94028e-28	
Carex_rariflora	0	0	0	0	0	0	0	0	0	0	0	0	0	0	0	0	0	0	0	0	0	0	0	0	0	1	0	0	0	0	0	0	0	0	0	0	0	0	0	0	0	0	0	0	0	0	0	0	0	0	0	0	0	0	0	0	0	0	
Carex_magellanica	0	0	0	0	0	0	0	0	0	0	0	0	0	0	0	0	0	0	0	0	0	0	0	0	0	0	0	0	1	0	0	0	0	0	0	0	0	0	0	0	0	0	0	0	0	0	0	0	0	0	0	0	0	0	0	0	0	0	
N62	1.1968e-17	1.23936e-16	1.70467e-15	2.18697e-14	2.49445e-13	2.51271e-12	2.21185e-11	1.70623e-10	1.20798e-09	8.33608e-09	5.33818e-08	2.92711e-07	1.31974e-06	4.78479e-06	1.38373e-05	3.26341e-05	6.62265e-05	0.000118249	0.000176329	0.000213081	0.000248302	0.000469739	0.0015053	0.00503762	0.0145952	0.0353532	0.0709899	0.117641	0.16017	0.178595	0.162374	0.120415	0.0725521	0.0361491	0.0148745	0.00555466	0.00184122	0.000684485	0.000217675	7.84895e-05	2.02376e-05	5.58735e-06	1.04518e-06	2.0869e-07	2.81859e-08	4.12012e-09	4.09202e-10	4.48157e-11	3.34121e-12	2.80622e-13	1.6012e-14	1.05418e-15	4.69056e-17	2.48121e-18	8.97267e-20	4.20928e-21	1.78765e-22	2.16656e-23	
Carex_shimidzensis	0	0	0	0	0	0	0	0	0	0	0	0	0	0	0	0	0	0	0	0	0	0	0	0	0	0	0	0	0	0	0	0	0	1	0	0	0	0	0	0	0	0	0	0	0	0	0	0	0	0	0	0	0	0	0	0	0	0	
N63	4.48838e-32	5.146e-30	7.62685e-28	9.87928e-26	7.06888e-24	6.83666e-22	5.51111e-20	2.74697e-18	3.79265e-17	1.88971e-17	3.07839e-17	1.00084e-15	4.16547e-14	1.64302e-12	5.6653e-11	1.36304e-09	1.68026e-08	7.42481e-08	8.40428e-08	2.27223e-08	2.0008e-09	8.99205e-11	5.64785e-12	4.7136e-12	9.53995e-11	3.29722e-09	9.14612e-08	1.92485e-06	3.01186e-05	0.000343815	0.0028043	0.0159662	0.0618166	0.15815	0.259253	0.26414	0.162789	0.0597596	0.0130508	0.00173955	0.000145819	8.44978e-06	3.51868e-07	1.33952e-08	3.98901e-10	1.23853e-11	2.55863e-13	5.29227e-15	6.87251e-17	8.98898e-19	7.49967e-21	6.44791e-23	3.65106e-25	2.21747e-27	9.74744e-30	5.14318e-32	2.51836e-34	1.7271e-36	
N64	1.65076e-37	3.33054e-35	6.63002e-33	9.51869e-31	7.76498e-29	7.11599e-27	5.21751e-25	2.92844e-23	8.99712e-22	1.85006e-21	2.99434e-21	1.55014e-19	1.6497e-17	1.279e-15	6.50318e-14	1.97944e-12	3.02511e-11	1.63285e-10	1.8312e-10	4.37629e-11	3.43024e-12	1.24909e-13	4.13779e-15	6.97607e-16	5.12879e-15	1.00247e-13	6.1243e-12	4.3967e-10	2.3823e-08	9.1359e-07	2.40346e-05	0.000419727	0.00468531	0.0319987	0.127112	0.277635	0.315699	0.180852	0.0527119	0.00812976	0.00069504	3.44993e-05	1.041e-06	1.99717e-08	2.54147e-10	2.23063e-12	1.39902e-14	6.52404e-17	2.38184e-19	1.2681e-21	1.08548e-23	3.93933e-25	7.3169e-27	3.0824e-28	1.01204e-29	3.15081e-31	7.33734e-33	1.66397e-34	
Carex_nigra	0	0	0	0	0	0	0	0	0	0	0	0	0	0	0	0	0	0	0	0	0	0	0	0	0	0	0	0	0	0	0	0	0	0	0	0	0	0	0	0	1	0	0	0	0	0	0	0	0	0	0	0	0	0	0	0	0	0	
N65	7.69226e-44	2.93708e-41	1.10435e-38	3.14533e-36	4.84287e-34	1.07265e-31	1.99572e-29	2.54704e-27	1.43482e-25	3.71627e-25	9.42645e-25	6.50316e-23	1.10499e-20	1.28732e-18	9.4834e-17	4.0213e-15	8.03697e-14	4.9214e-13	4.4552e-13	6.09248e-14	2.54727e-15	4.92679e-17	5.96122e-19	1.70494e-20	3.09243e-19	7.58286e-17	1.79178e-14	3.14159e-12	3.88704e-10	3.27942e-08	1.81771e-06	6.33897e-05	0.00132164	0.0155026	0.0951435	0.28066	0.363868	0.194969	0.0437987	0.00444363	0.000222102	5.92801e-06	9.06311e-08	8.42739e-10	5.01527e-12	1.99483e-14	5.50279e-17	1.08663e-19	1.57856e-22	1.72821e-25	1.46528e-28	1.78101e-31	5.51033e-33	3.1738e-34	1.38294e-35	4.45388e-37	1.02695e-38	1.97266e-40	
Carex_aquatilis_var_minor	0	0	0	0	0	0	0	0	0	0	0	0	0	0	0	0	0	0	0	0	0	0	0	0	0	0	0	0	0	0	0	0	0	0	0	0	0	1	0	0	0	0	0	0	0	0	0	0	0	0	0	0	0	0	0	0	0	0	
N66	9.36961e-48	5.0189e-45	2.67026e-42	1.10886e-39	3.25491e-37	9.48308e-35	2.13097e-32	3.0643e-30	1.7488e-28	5.21634e-28	2.32316e-27	2.69326e-25	4.68458e-23	5.46578e-21	3.94237e-19	1.60788e-17	3.09406e-16	1.84597e-15	1.54696e-15	1.83596e-16	6.70037e-18	1.13628e-19	1.42653e-21	1.6379e-22	2.03044e-21	7.55346e-19	2.98989e-16	8.72393e-14	1.79774e-11	2.52419e-09	2.31505e-07	1.31813e-05	0.00043795	0.00786808	0.0695525	0.269456	0.401386	0.209212	0.0390247	0.00294585	0.000102445	1.83343e-06	1.84718e-08	1.12599e-10	4.40169e-13	1.15716e-15	2.12753e-18	2.82676e-21	2.79026e-24	2.09566e-27	1.28532e-30	7.62769e-33	5.98068e-34	3.90515e-35	1.91777e-36	6.93245e-38	1.78682e-39	3.72804e-41	
Carex_aquatilis_var_aquatilis	0	0	0	0	0	0	0	0	0	0	0	0	0	0	0	0	0	0	0	0	0	0	0	0	0	0	0	0	0	0	0	0	0	0	0	0	0	1	0	0	0	0	0	0	0	0	0	0	0	0	0	0	0	0	0	0	0	0	
N67	3.48709e-57	1.79824e-53	7.66797e-50	2.4498e-46	8.94315e-44	1.6047e-41	3.04021e-38	3.44227e-35	1.47026e-32	1.08945e-32	2.30237e-33	6.26002e-33	3.22124e-30	1.50597e-27	5.07056e-25	1.15915e-22	1.34269e-20	3.82782e-19	4.98846e-19	9.45178e-21	4.32248e-23	3.55787e-25	1.42245e-26	1.19042e-27	4.37192e-27	6.00617e-25	1.12511e-21	1.74054e-18	1.84244e-15	1.27773e-12	5.50574e-10	1.37903e-07	1.84226e-05	0.00117055	0.0301867	0.251403	0.493266	0.208095	0.015538	0.000319523	2.45833e-06	8.61505e-09	1.57314e-11	1.64954e-14	1.06857e-17	4.52683e-21	1.31229e-24	2.70115e-28	4.0704e-32	4.61409e-36	4.75145e-40	6.57023e-43	4.03309e-45	1.95338e-47	7.08948e-50	1.95088e-52	2.16113e-53	3.51455e-53	
Carex_paleacea	0	0	0	0	0	0	0	0	0	0	0	0	0	0	0	0	0	0	0	0	0	0	0	0	0	0	0	0	0	0	0	0	0	0	0	1	0	0	0	0	0	0	0	0	0	0	0	0	0	0	0	0	0	0	0	0	0	0	
N68	1.64021e-58	8.41559e-56	1.82457e-52	2.78952e-49	2.56837e-46	1.99672e-43	1.05088e-40	2.73556e-38	2.13673e-36	7.06565e-36	1.24297e-35	1.34192e-33	8.7002e-31	3.79988e-28	9.38526e-26	1.16667e-23	5.95027e-22	7.68448e-21	8.48392e-21	3.7758e-22	3.94855e-24	3.53065e-26	3.99844e-27	2.95921e-27	2.15773e-27	5.74436e-26	1.20203e-22	2.29183e-19	3.01809e-16	2.62113e-13	1.42231e-10	4.50346e-08	7.61352e-06	0.000610377	0.0197062	0.203565	0.499187	0.255528	0.0209439	0.000448409	3.47955e-06	1.20691e-08	2.15763e-11	2.20154e-14	1.3836e-17	5.68018e-21	1.59598e-24	3.18973e-28	5.32448e-32	5.095e-35	1.67035e-36	1.27176e-38	4.96752e-40	1.01909e-40	1.66509e-41	1.95971e-42	1.57052e-43	8.86888e-45	
Carex_aquatilis	0	0	0	0	0	0	0	0	0	0	0	0	0	0	0	0	0	0	0	0	0	0	0	0	0	0	0	0	0	0	0	0	0	0	0	0	0	1	0	0	0	0	0	0	0	0	0	0	0	0	0	0	0	0	0	0	0	0	
Carex_recta	0	0	0	0	0	0	0	0	0	0	0	0	0	0	0	0	0	0	0	0	0	0	0	0	0	0	0	0	0	0	0	0	0	0	0	0	0	1	0	0	0	0	0	0	0	0	0	0	0	0	0	0	0	0	0	0	0	0	
N69	1.66012e-31	1.00417e-29	6.91307e-28	3.89331e-26	1.72615e-24	5.84972e-23	1.40884e-21	2.18048e-20	2.04335e-19	1.62233e-18	3.66546e-17	1.33976e-15	4.19111e-14	9.85619e-13	1.63339e-11	1.73811e-10	1.02939e-09	2.81419e-09	2.97169e-09	1.16889e-09	2.07609e-10	2.7381e-11	6.18044e-12	4.01413e-12	3.1767e-11	9.39039e-10	2.90052e-08	7.00774e-07	1.25935e-05	0.000164577	0.00153072	0.00990023	0.0434222	0.125779	0.234289	0.273848	0.197054	0.0864887	0.0232076	0.00386479	0.000408751	2.83816e-05	1.34245e-06	4.53769e-08	1.1506e-09	2.31295e-11	3.80663e-13	5.4358e-15	6.69806e-17	3.62661e-18	1.19727e-19	3.87807e-20	1.12635e-21	3.05478e-22	2.93001e-23	1.12413e-23	3.1636e-24	9.98717e-25	
Carex_kiotensis	0	0	0	0	0	0	0	0	0	0	0	0	0	0	0	0	0	0	0	0	0	0	0	0	0	0	0	0	0	0	0	0	0	0	0	0	1	0	0	0	0	0	0	0	0	0	0	0	0	0	0	0	0	0	0	0	0	0	
Carex_heterolepis	0	0	0	0	0	0	0	0	0	0	0	0	0	0	0	0	0	0	0	0	0	0	0	0	0	0	0	0	0	0	0	0	0	0	0	0	0	0	0	1	0	0	0	0	0	0	0	0	0	0	0	0	0	0	0	0	0	0	
